20140206;120003;danfoss;My Plant;+0100
[wr_def_start]
909402N262;Inverter Type;Inverter Group;Hanzl
[wr_def_end]
[wr]
INTERVAL;TIMESTAMP;SERIAL;P_AC;E_DAY;T_WR;U_AC;U_AC_1;U_AC_2;U_AC_3;I_AC;F_AC;U_DC_1;I_DC_1;U_DC_2;I_DC_2;U_DC_3;I_DC_3;S;E_WR;M_WR;I_AC_1;I_AC_2;I_AC_3;P_AC_1;P_AC_2;P_AC_3;F_AC_1;F_AC_2;F_AC_3;R_DC;PC;PCS;PCS_LL;COS_PHI;COS_PHI_LL;S_COS_PHI;Current_Day_Energy;current_Day_Offset;ccEnergyOfDay_WithoutOffset
60;2014-02-06 11:01:00;909402N262;810;0.694;24;231;233;231;231;1.308;49.97;494.9;0.125;661.1;0.551;793.9;0.500;60;0;0;1.314;1.324;1.287;271;274;263;49.97;49.97;49.97;5901;1000;0.0;0;0.0000;0;0;694;694;694
60;2014-02-06 11:02:00;909402N262;823;0.708;24;232;233;231;231;1.327;49.98;447.4;0.141;680.9;0.546;795.1;0.500;60;0;0;1.320;1.350;1.313;274;279;268;49.98;49.98;49.98;5901;1000;0.0;0;0.0000;0;0;708;708;708
60;2014-02-06 11:03:00;909402N262;774;0.721;24;232;232;232;231;1.278;49.98;447.3;0.134;678.8;0.515;795.0;0.468;60;0;0;1.279;1.309;1.247;256;265;251;49.98;49.98;49.98;5901;1000;0.0;0;0.0000;0;0;721;721;721
60;2014-02-06 11:04:00;909402N262;734;0.733;24;232;232;232;231;1.222;49.97;446.1;0.127;679.1;0.488;795.2;0.443;60;0;0;1.215;1.221;1.231;241;244;247;49.97;49.97;49.97;5901;1000;0.0;0;0.0000;0;0;733;733;733
60;2014-02-06 11:05:00;909402N262;740;0.746;24;232;232;232;232;1.231;49.98;446.5;0.128;675.5;0.495;795.1;0.450;60;0;0;1.227;1.235;1.231;244;247;247;49.98;49.98;49.98;5901;1000;0.0;0;0.0000;0;0;746;746;746
60;2014-02-06 11:06:00;909402N262;755;0.758;24;232;232;232;232;1.250;49.98;446.9;0.131;674.5;0.505;795.2;0.458;60;0;0;1.236;1.271;1.244;247;256;251;49.98;49.98;49.98;5901;1000;0.0;0;0.0000;0;0;758;758;758
60;2014-02-06 11:07:00;909402N262;764;0.771;24;232;232;231;232;1.263;49.98;446.8;0.132;673.8;0.511;795.1;0.463;60;0;0;1.247;1.299;1.243;249;261;252;49.98;49.98;49.98;5901;1000;0.0;0;0.0000;0;0;771;771;771
60;2014-02-06 11:08:00;909402N262;783;0.784;24;232;232;231;232;1.292;49.99;447.3;0.135;674.0;0.524;795.1;0.475;60;0;0;1.296;1.326;1.254;260;268;253;49.99;49.99;49.99;5901;1000;0.0;0;0.0000;0;0;784;784;784
60;2014-02-06 11:09:00;909402N262;802;0.797;24;232;232;231;232;1.313;49.99;449.1;0.138;675.7;0.536;795.1;0.489;60;0;0;1.313;1.332;1.296;267;271;263;49.99;49.99;49.99;5901;1000;0.0;0;0.0000;0;0;797;797;797
60;2014-02-06 11:10:00;909402N262;829;0.811;24;232;232;231;231;1.332;49.98;449.6;0.142;676.2;0.553;795.0;0.503;60;0;0;1.331;1.342;1.323;276;279;271;49.98;49.98;49.98;5901;1000;0.0;0;0.0000;0;0;811;811;811
60;2014-02-06 11:11:00;909402N262;853;0.826;24;231;232;231;231;1.352;49.98;450.2;0.147;677.2;0.569;794.9;0.517;60;0;0;1.318;1.382;1.357;278;292;282;49.98;49.98;49.98;5901;1000;0.0;0;0.0000;0;0;826;826;826
60;2014-02-06 11:12:00;909402N262;858;0.840;24;231;233;231;231;1.356;49.99;450.6;0.149;676.9;0.575;794.9;0.519;60;0;0;1.315;1.391;1.362;278;293;284;49.99;49.99;49.99;5901;1000;0.0;0;0.0000;0;0;840;840;840
60;2014-02-06 11:13:00;909402N262;861;0.855;24;231;232;231;231;1.353;49.98;451.1;0.150;675.1;0.578;794.9;0.519;60;0;0;1.316;1.386;1.359;279;294;285;49.98;49.98;49.98;5901;1000;0.0;0;0.0000;0;0;855;855;855
60;2014-02-06 11:14:00;909402N262;872;0.869;25;232;232;231;232;1.366;49.98;450.9;0.152;675.6;0.585;794.9;0.526;60;0;0;1.335;1.397;1.368;283;298;290;49.98;49.98;49.98;5901;1000;0.0;0;0.0000;0;0;869;869;869
60;2014-02-06 11:15:00;909402N262;894;0.884;25;232;232;231;232;1.384;49.97;451.2;0.156;676.9;0.598;795.1;0.538;60;0;0;1.354;1.408;1.392;290;303;299;49.97;49.97;49.97;5901;1000;0.0;0;0.0000;0;0;884;884;884
60;2014-02-06 11:16:00;909402N262;923;0.900;25;232;232;231;232;1.414;49.97;449.9;0.163;665.9;0.617;785.9;0.562;60;0;0;1.374;1.445;1.425;297;314;310;49.97;49.97;49.97;5901;1000;0.0;0;0.0000;0;0;900;900;900
60;2014-02-06 11:17:00;909402N262;963;0.915;25;232;232;231;232;1.490;49.97;453.0;0.167;682.3;0.637;795.0;0.580;60;0;0;1.452;1.527;1.493;310;328;322;49.97;49.97;49.97;5901;1000;0.0;0;0.0000;0;0;915;915;915
60;2014-02-06 11:18:00;909402N262;988;0.932;25;232;232;231;232;1.526;49.97;451.8;0.172;684.3;0.652;795.2;0.595;60;0;0;1.489;1.558;1.531;320;336;332;49.97;49.97;49.97;5901;1000;0.0;0;0.0000;0;0;932;932;932
60;2014-02-06 11:19:00;909402N262;1027;0.949;25;232;232;231;232;1.579;49.98;455.4;0.177;684.2;0.676;795.1;0.619;60;0;0;1.540;1.609;1.589;333;348;345;49.98;49.98;49.98;5901;1000;0.0;0;0.0000;0;0;949;949;949
60;2014-02-06 11:20:00;909402N262;1065;0.966;25;232;233;232;232;1.631;49.97;455.3;0.183;685.8;0.700;794.7;0.642;60;0;0;1.588;1.665;1.641;345;361;356;49.97;49.97;49.97;5901;1000;0.0;0;0.0000;0;0;966;966;966
60;2014-02-06 11:21:00;909402N262;1079;0.984;25;232;232;232;231;1.650;49.97;457.3;0.184;685.8;0.708;794.7;0.652;60;0;0;1.615;1.680;1.657;351;366;360;49.97;49.97;49.97;5901;1000;0.0;0;0.0000;0;0;984;984;984
60;2014-02-06 11:22:00;909402N262;1090;1.002;25;232;232;232;232;1.665;49.97;458.6;0.186;684.7;0.717;794.8;0.659;60;0;0;1.630;1.700;1.667;355;371;362;49.97;49.97;49.97;5901;1000;0.0;0;0.0000;0;0;1002;1002;1002
60;2014-02-06 11:23:00;909402N262;1119;1.020;25;232;233;232;232;1.698;49.98;460.1;0.190;686.4;0.734;795.1;0.674;60;0;0;1.677;1.735;1.683;368;382;366;49.98;49.98;49.98;5901;1000;0.0;0;0.0000;0;0;1020;1020;1020
60;2014-02-06 11:24:00;909402N262;1153;1.041;25;232;233;232;232;1.744;49.99;461.2;0.195;691.8;0.751;794.9;0.695;60;0;0;1.714;1.782;1.738;377;394;381;49.99;49.99;49.99;5901;1000;0.0;0;0.0000;0;0;1041;1041;1041
60;2014-02-06 11:25:00;909402N262;1181;1.060;25;232;233;232;232;1.776;50.00;461.5;0.199;696.2;0.763;795.1;0.711;60;0;0;1.728;1.811;1.789;383;401;395;50.00;50.00;50.00;5901;1000;0.0;0;0.0000;0;0;1060;1060;1060
60;2014-02-06 11:26:00;909402N262;1166;1.079;25;232;233;233;232;1.751;50.00;462.5;0.263;637.9;0.760;795.1;0.713;60;0;0;1.714;1.780;1.761;380;395;389;50.00;50.00;50.00;5901;1000;0.0;0;0.0000;0;0;1079;1079;1079
60;2014-02-06 11:27:00;909402N262;1171;1.099;25;233;233;233;232;1.761;50.00;462.3;0.264;666.5;0.758;795.1;0.697;60;0;0;1.724;1.795;1.766;382;398;389;50.00;50.00;50.00;5901;1000;0.0;0;0.0000;0;0;1099;1099;1099
60;2014-02-06 11:28:00;909402N262;1128;1.118;25;233;233;233;232;1.707;50.01;461.6;0.254;665.6;0.731;795.0;0.672;60;0;0;1.685;1.746;1.692;371;386;369;50.01;50.01;50.01;5901;1000;0.0;0;0.0000;0;0;1118;1118;1118
60;2014-02-06 11:29:00;909402N262;1074;1.137;25;233;233;233;232;1.641;50.00;460.2;0.243;670.3;0.693;794.8;0.639;60;0;0;1.602;1.676;1.647;349;365;358;50.00;50.00;50.00;5901;1000;0.0;0;0.0000;0;0;1137;1137;1137
60;2014-02-06 11:30:00;909402N262;1030;1.152;26;233;233;233;233;1.582;50.00;459.2;0.234;671.6;0.663;794.8;0.612;60;0;0;1.536;1.619;1.591;331;352;345;50.00;50.00;50.00;5901;1000;0.0;0;0.0000;0;0;1152;1152;1152
60;2014-02-06 11:31:00;909402N262;984;1.170;26;232;232;232;232;1.513;50.00;423.4;0.261;655.9;0.648;787.0;0.596;60;0;0;1.466;1.559;1.514;316;337;328;50.00;50.00;50.00;5901;1000;0.0;0;0.0000;0;0;1170;1170;1170
60;2014-02-06 11:32:00;909402N262;974;1.186;26;232;232;232;232;1.483;49.99;254.8;0.374;675.3;0.630;795.0;0.582;60;0;0;1.449;1.516;1.485;315;332;324;49.99;49.99;49.99;5901;1000;0.0;0;0.0000;0;0;1186;1186;1186
60;2014-02-06 11:33:00;909402N262;984;1.202;26;232;232;232;232;1.498;49.98;254.8;0.377;676.5;0.636;795.1;0.588;60;0;0;1.460;1.539;1.496;317;338;327;49.98;49.98;49.98;5901;1000;0.0;0;0.0000;0;0;1202;1202;1202
60;2014-02-06 11:34:00;909402N262;1018;1.219;26;232;232;233;231;1.542;49.99;284.2;0.366;677.9;0.653;795.1;0.607;60;0;0;1.493;1.591;1.543;326;352;339;49.99;49.99;49.99;5901;1000;0.0;0;0.0000;0;0;1219;1219;1219
60;2014-02-06 11:35:00;909402N262;1062;1.236;26;232;232;233;232;1.601;49.98;294.5;0.372;689.4;0.668;795.0;0.633;60;0;0;1.549;1.652;1.604;340;367;353;49.98;49.98;49.98;5901;1000;0.0;0;0.0000;0;0;1236;1236;1236
60;2014-02-06 11:36:00;909402N262;1115;1.255;26;232;233;233;232;1.668;50.00;294.9;0.388;696.7;0.694;795.0;0.662;60;0;0;1.629;1.717;1.660;361;383;369;50.00;50.00;50.00;5901;1000;0.0;0;0.0000;0;0;1255;1255;1255
60;2014-02-06 11:37:00;909402N262;1172;1.275;26;232;232;233;232;1.746;50.00;295.2;0.409;699.3;0.728;795.1;0.695;60;0;0;1.704;1.785;1.749;380;400;390;50.00;50.00;50.00;5901;1000;0.0;0;0.0000;0;0;1275;1275;1275
60;2014-02-06 11:38:00;909402N262;1232;1.295;26;232;232;232;232;1.831;49.99;295.2;0.433;698.9;0.765;795.0;0.730;60;0;0;1.779;1.872;1.843;397;419;413;49.99;49.99;49.99;5901;1000;0.0;0;0.0000;0;0;1295;1295;1295
60;2014-02-06 11:39:00;909402N262;1294;1.317;26;232;232;233;232;1.916;49.99;294.7;0.459;700.2;0.801;795.0;0.768;60;0;0;1.864;1.960;1.926;418;440;433;49.99;49.99;49.99;5901;1000;0.0;0;0.0000;0;0;1317;1317;1317
60;2014-02-06 11:40:00;909402N262;1360;1.340;26;232;232;232;233;2.011;49.99;295.0;0.483;699.7;0.842;795.3;0.806;60;0;0;1.964;2.043;2.026;442;459;457;49.99;49.99;49.99;5901;1000;0.0;0;0.0000;0;0;1340;1340;1340
60;2014-02-06 11:41:00;909402N262;1418;1.363;26;232;232;232;232;2.096;49.99;295.6;0.504;698.8;0.879;795.1;0.841;60;0;0;2.046;2.124;2.119;461;478;477;49.99;49.99;49.99;5901;1000;0.0;0;0.0000;0;0;1363;1363;1363
60;2014-02-06 11:42:00;909402N262;1462;1.388;26;232;233;232;232;2.158;50.00;295.7;0.521;696.7;0.908;794.7;0.867;60;0;0;2.117;2.193;2.165;478;494;488;50.00;50.00;50.00;5901;1000;0.0;0;0.0000;0;0;1388;1388;1388
60;2014-02-06 11:43:00;909402N262;1494;1.413;26;232;232;233;232;2.203;50.00;296.0;0.533;696.7;0.928;794.9;0.886;60;0;0;2.154;2.242;2.213;486;506;500;50.00;50.00;50.00;5901;1000;0.0;0;0.0000;0;0;1413;1413;1413
60;2014-02-06 11:44:00;909402N262;1529;1.439;26;232;233;232;232;2.252;50.01;296.2;0.547;697.4;0.947;794.9;0.908;60;0;0;2.209;2.289;2.260;500;516;511;50.01;50.01;50.01;5901;1000;0.0;0;0.0000;0;0;1439;1439;1439
60;2014-02-06 11:45:00;909402N262;1580;1.465;27;232;233;233;232;2.323;50.00;296.5;0.565;696.5;0.978;795.0;0.938;60;0;0;2.280;2.360;2.331;516;534;528;50.00;50.00;50.00;5901;1000;0.0;0;0.0000;0;0;1465;1465;1465
60;2014-02-06 11:46:00;909402N262;1616;1.492;27;232;233;233;232;2.373;50.01;293.6;0.604;681.2;1.010;793.9;0.975;60;0;0;2.323;2.420;2.377;527;548;539;50.01;50.01;50.01;5901;1000;0.0;0;0.0000;0;0;1492;1492;1492
60;2014-02-06 11:47:00;909402N262;1707;1.520;27;233;232;233;232;2.504;50.03;297.1;0.613;695.7;1.055;794.9;1.016;60;0;0;2.453;2.558;2.503;556;581;568;50.03;50.03;50.03;5901;1000;0.0;0;0.0000;0;0;1520;1520;1520
60;2014-02-06 11:48:00;909402N262;1775;1.550;27;233;232;233;233;2.605;50.02;297.6;0.639;694.2;1.098;794.7;1.056;60;0;0;2.556;2.653;2.606;579;601;593;50.02;50.02;50.02;5901;1000;0.0;0;0.0000;0;0;1550;1550;1550
60;2014-02-06 11:49:00;909402N262;1826;1.580;27;233;233;233;233;2.675;50.01;297.3;0.659;691.8;1.132;794.7;1.086;60;0;0;2.618;2.731;2.678;594;619;610;50.01;50.01;50.01;5901;1000;0.0;0;0.0000;0;0;1580;1580;1580
60;2014-02-06 11:50:00;909402N262;1871;1.611;27;232;233;234;231;2.740;50.01;296.7;0.680;692.4;1.157;794.9;1.114;60;0;0;2.693;2.802;2.726;612;640;617;50.01;50.01;50.01;5901;1000;0.0;0;0.0000;0;0;1611;1611;1611
60;2014-02-06 11:51:00;909402N262;1904;1.643;27;232;232;234;231;2.786;50.01;296.7;0.696;693.4;1.174;795.0;1.134;60;0;0;2.746;2.848;2.766;624;652;627;50.01;50.01;50.01;5901;1000;0.0;0;0.0000;0;0;1643;1643;1643
60;2014-02-06 11:52:00;909402N262;1936;1.676;27;233;233;234;231;2.828;50.00;296.9;0.711;692.5;1.192;794.9;1.154;60;0;0;2.786;2.881;2.818;635;660;638;50.00;50.00;50.00;5901;1000;0.0;0;0.0000;0;0;1676;1676;1676
60;2014-02-06 11:53:00;909402N262;1976;1.709;27;232;233;234;231;2.883;50.02;297.2;0.730;693.0;1.213;795.1;1.179;60;0;0;2.828;2.944;2.878;646;676;652;50.02;50.02;50.02;5901;1000;0.0;0;0.0000;0;0;1709;1709;1709
60;2014-02-06 11:54:00;909402N262;2005;1.742;27;232;233;234;230;2.923;50.01;297.5;0.744;692.5;1.228;794.9;1.200;60;0;0;2.866;2.980;2.925;655;686;662;50.01;50.01;50.01;5901;1000;0.0;0;0.0000;0;0;1742;1742;1742
60;2014-02-06 11:55:00;909402N262;2026;1.776;27;232;233;234;231;2.948;50.02;297.7;0.754;692.6;1.236;795.1;1.212;60;0;0;2.896;3.002;2.948;662;691;670;50.02;50.02;50.02;5901;1000;0.0;0;0.0000;0;0;1776;1776;1776
60;2014-02-06 11:56:00;909402N262;2086;1.811;27;232;233;233;231;3.036;50.00;295.3;1.008;691.9;1.232;795.0;1.209;60;0;0;2.998;3.076;3.035;686;707;691;50.00;50.00;50.00;5901;1000;0.0;0;0.0000;0;0;1811;1811;1811
60;2014-02-06 11:57:00;909402N262;2316;1.850;27;233;233;234;231;3.356;49.99;307.5;1.875;691.0;1.207;794.5;1.185;60;0;0;3.316;3.396;3.356;763;784;767;49.99;49.99;49.99;5901;1000;0.0;0;0.0000;0;0;1850;1850;1850
60;2014-02-06 11:58:00;909402N262;2190;1.886;28;233;234;234;231;3.173;50.01;339.2;1.563;689.1;1.154;794.9;1.121;60;0;0;3.142;3.207;3.170;725;740;724;50.01;50.01;50.01;5901;1000;0.0;0;0.0000;0;0;1886;1886;1886
60;2014-02-06 11:59:00;909402N262;2075;1.921;28;233;234;233;232;3.011;50.01;338.4;1.494;687.6;1.096;795.2;1.057;60;0;0;2.979;3.045;3.011;687;699;687;50.01;50.01;50.01;5901;1000;0.0;0;0.0000;0;0;1921;1921;1921
60;2014-02-06 12:00:00;909402N262;2151;1.957;28;234;234;234;233;3.115;50.02;341.0;1.820;686.3;1.075;795.0;1.033;60;0;0;3.074;3.148;3.124;708;724;717;50.02;50.02;50.02;5901;1000;0.0;0;0.0000;0;0;1957;1957;1957
[wr_ende]
