20150212;090001;danfoss;My Plant;+0100
[wr_def_start]
909402N262;Inverter Type;Inverter Group;Hanzl
[wr_def_end]
[wr]
INTERVAL;TIMESTAMP;SERIAL;P_AC;E_DAY;T_WR;U_AC;U_AC_1;U_AC_2;U_AC_3;I_AC;F_AC;U_DC_1;I_DC_1;U_DC_2;I_DC_2;U_DC_3;I_DC_3;S;E_WR;M_WR;I_AC_1;I_AC_2;I_AC_3;P_AC_1;P_AC_2;P_AC_3;F_AC_1;F_AC_2;F_AC_3;R_DC;PC;PCS;PCS_LL;COS_PHI;COS_PHI_LL;S_COS_PHI;Current_Day_Energy;current_Day_Offset;ccEnergyOfDay_WithoutOffset
60;2015-02-12 08:01:00;909402N262;602;0.203;26;233;233;231;234;1.405;50.02;535.4;0.448;624.4;0.270;778.6;0.255;60;0;0;1.378;1.417;1.420;190;204;206;50.02;50.02;50.02;16676;1000;0.0;0;1.0000;0;2;203;203;203
60;2015-02-12 08:02:00;909402N262;660;0.214;27;233;233;232;234;1.467;50.02;575.1;0.451;651.0;0.288;781.8;0.274;60;0;0;1.434;1.480;1.487;208;224;227;50.02;50.02;50.02;16676;1000;0.0;0;1.0000;0;2;214;214;214
60;2015-02-12 08:03:00;909402N262;665;0.226;27;233;233;231;234;1.471;50.01;567.9;0.455;651.9;0.292;782.0;0.278;60;0;0;1.438;1.483;1.494;209;225;229;50.01;50.01;50.01;16676;1000;0.0;0;1.0000;0;2;226;226;226
60;2015-02-12 08:04:00;909402N262;622;0.236;27;233;233;232;234;1.435;50.01;534.9;0.451;650.9;0.276;779.3;0.259;60;0;0;1.408;1.446;1.453;196;211;213;50.01;50.01;50.01;16676;1000;0.0;0;1.0000;0;2;236;236;236
60;2015-02-12 08:05:00;909402N262;557;0.245;27;233;233;232;234;1.379;50.01;535.2;0.411;645.5;0.249;775.5;0.228;60;0;0;1.358;1.387;1.394;176;188;191;50.01;50.01;50.01;16676;1000;0.0;0;1.0000;0;2;245;245;245
60;2015-02-12 08:06:00;909402N262;518;0.254;27;233;233;232;234;1.351;50.01;535.7;0.391;639.7;0.228;777.8;0.210;60;0;0;1.329;1.360;1.365;163;176;178;50.01;50.01;50.01;16676;1000;0.0;0;1.0000;0;2;254;254;254
60;2015-02-12 08:07:00;909402N262;517;0.263;27;233;233;232;234;1.349;50.02;540.9;0.394;638.4;0.221;779.9;0.209;60;0;0;1.327;1.360;1.360;162;176;177;50.02;50.02;50.02;16676;1000;0.0;0;1.0000;0;2;263;263;263
60;2015-02-12 08:08:00;909402N262;541;0.271;27;232;232;232;234;1.362;50.01;538.9;0.415;637.8;0.229;781.5;0.219;60;0;0;1.339;1.375;1.374;170;184;186;50.01;50.01;50.01;16676;1000;0.0;0;1.0000;0;2;271;271;271
60;2015-02-12 08:09:00;909402N262;567;0.282;28;232;232;231;233;1.386;50.01;534.4;0.431;639.7;0.241;781.3;0.233;60;0;0;1.363;1.395;1.400;179;192;194;50.01;50.01;50.01;16676;1000;0.0;0;1.0000;0;2;282;282;282
60;2015-02-12 08:10:00;909402N262;566;0.291;28;232;233;231;233;1.385;50.01;538.2;0.423;640.8;0.246;781.2;0.232;60;0;0;1.365;1.389;1.401;179;191;194;50.01;50.01;50.01;16676;1000;0.0;0;1.0000;0;2;291;291;291
60;2015-02-12 08:11:00;909402N262;553;0.300;28;232;233;231;233;1.372;50.02;538.5;0.412;639.4;0.240;783.0;0.226;60;0;0;1.349;1.379;1.389;173;187;190;50.02;50.02;50.02;16676;1000;0.0;0;1.0000;0;2;300;300;300
60;2015-02-12 08:12:00;909402N262;537;0.309;28;232;233;231;234;1.364;50.02;536.3;0.404;639.8;0.231;780.2;0.220;60;0;0;1.344;1.371;1.378;169;182;183;50.02;50.02;50.02;16676;1000;0.0;0;1.0000;0;2;309;309;309
60;2015-02-12 08:13:00;909402N262;533;0.318;28;232;233;231;234;1.359;50.02;538.1;0.401;640.2;0.228;780.7;0.218;60;0;0;1.340;1.362;1.375;168;179;183;50.02;50.02;50.02;16676;1000;0.0;0;1.0000;0;2;318;318;318
60;2015-02-12 08:14:00;909402N262;539;0.327;28;232;233;231;233;1.367;50.01;536.9;0.407;642.5;0.230;778.8;0.222;60;0;0;1.349;1.372;1.381;171;182;184;50.01;50.01;50.01;16676;1000;0.0;0;1.0000;0;2;327;327;327
60;2015-02-12 08:15:00;909402N262;545;0.336;28;233;232;232;233;1.368;50.02;535.3;0.409;641.0;0.235;781.3;0.224;60;0;0;1.345;1.384;1.377;171;186;186;50.02;50.02;50.02;16676;1000;0.0;0;1.0000;0;2;336;336;336
60;2015-02-12 08:16:00;909402N262;521;0.344;28;233;232;233;233;1.322;50.01;535.7;0.393;624.2;0.227;786.5;0.214;60;0;0;1.302;1.335;1.331;163;179;177;50.01;50.01;50.01;16676;1000;0.0;0;1.0000;0;2;344;344;344
60;2015-02-12 08:17:00;909402N262;504;0.353;29;232;232;232;233;1.328;50.00;574.0;0.351;639.4;0.217;785.9;0.206;60;0;0;1.309;1.330;1.345;158;170;173;50.00;50.00;50.00;16676;1000;0.0;0;1.0000;0;2;353;353;353
60;2015-02-12 08:18:00;909402N262;494;0.362;29;232;232;231;234;1.334;50.01;573.6;0.345;644.1;0.211;780.7;0.203;60;0;0;1.315;1.338;1.351;155;166;170;50.01;50.01;50.01;16676;1000;0.0;0;1.0000;0;2;362;362;362
60;2015-02-12 08:19:00;909402N262;492;0.369;29;232;232;231;234;1.331;50.00;572.9;0.346;646.4;0.208;781.1;0.203;60;0;0;1.314;1.335;1.346;155;166;169;50.00;50.00;50.00;16676;1000;0.0;0;1.0000;0;2;369;369;369
60;2015-02-12 08:20:00;909402N262;496;0.377;29;232;232;232;234;1.334;50.00;572.8;0.349;648.4;0.211;782.6;0.204;60;0;0;1.319;1.336;1.347;158;167;170;50.00;50.00;50.00;16676;1000;0.0;0;1.0000;0;2;377;377;377
60;2015-02-12 08:21:00;909402N262;500;0.386;29;233;233;232;233;1.332;50.00;572.8;0.350;648.7;0.213;784.5;0.204;60;0;0;1.320;1.332;1.345;159;168;171;50.00;50.00;50.00;16676;1000;0.0;0;1.0000;0;2;386;386;386
60;2015-02-12 08:22:00;909402N262;506;0.394;29;233;232;233;233;1.315;50.01;574.1;0.354;653.5;0.215;789.3;0.204;60;0;0;1.294;1.325;1.326;158;173;173;50.01;50.01;50.01;16676;1000;0.0;0;1.0000;0;2;394;394;394
60;2015-02-12 08:23:00;909402N262;516;0.403;29;232;232;232;233;1.304;50.02;576.0;0.356;662.1;0.218;792.9;0.208;60;0;0;1.285;1.312;1.317;162;176;177;50.02;50.02;50.02;16676;1000;0.0;0;1.0000;0;2;403;403;403
60;2015-02-12 08:24:00;909402N262;527;0.412;29;232;232;232;233;1.306;50.01;577.4;0.362;664.5;0.223;793.8;0.211;60;0;0;1.277;1.320;1.321;164;181;181;50.01;50.01;50.01;16676;1000;0.0;0;1.0000;0;2;412;412;412
60;2015-02-12 08:25:00;909402N262;528;0.421;29;232;233;231;233;1.309;50.01;577.8;0.361;665.3;0.224;793.9;0.212;60;0;0;1.285;1.322;1.320;165;181;180;50.01;50.01;50.01;16676;1000;0.0;0;1.0000;0;2;421;421;421
60;2015-02-12 08:26:00;909402N262;530;0.429;29;232;233;232;233;1.305;50.01;577.2;0.364;667.6;0.225;793.9;0.211;60;0;0;1.284;1.309;1.322;165;181;183;50.01;50.01;50.01;16676;1000;0.0;0;1.0000;0;2;429;429;429
60;2015-02-12 08:27:00;909402N262;538;0.438;30;232;233;231;232;1.322;50.01;576.8;0.368;670.3;0.229;793.3;0.214;60;0;0;1.300;1.330;1.336;168;184;183;50.01;50.01;50.01;16676;1000;0.0;0;1.0000;0;2;438;438;438
60;2015-02-12 08:28:00;909402N262;544;0.447;30;232;233;231;232;1.335;50.01;577.9;0.372;666.5;0.236;792.6;0.214;60;0;0;1.312;1.352;1.341;172;187;183;50.01;50.01;50.01;16676;1000;0.0;0;1.0000;0;2;447;447;447
60;2015-02-12 08:29:00;909402N262;549;0.456;30;232;232;231;231;1.346;50.00;578.6;0.374;667.8;0.238;790.8;0.217;60;0;0;1.326;1.355;1.358;173;187;187;50.00;50.00;50.00;16676;1000;0.0;0;1.0000;0;2;456;456;456
60;2015-02-12 08:30:00;909402N262;559;0.467;30;231;232;231;231;1.373;49.99;578.3;0.381;673.7;0.241;784.4;0.222;60;0;0;1.352;1.389;1.379;177;192;188;49.99;49.99;49.99;16676;1000;0.0;0;1.0000;0;2;467;467;467
60;2015-02-12 08:31:00;909402N262;564;0.476;30;231;232;231;231;1.344;49.99;567.4;0.393;668.3;0.246;773.0;0.224;60;0;0;1.317;1.356;1.361;176;195;192;49.99;49.99;49.99;16676;1000;0.0;0;1.0000;0;2;476;476;476
60;2015-02-12 08:32:00;909402N262;582;0.485;30;232;232;231;232;1.380;49.99;549.6;0.423;674.6;0.250;788.8;0.229;60;0;0;1.358;1.394;1.390;184;198;197;49.99;49.99;49.99;16676;1000;0.0;0;1.0000;0;2;485;485;485
60;2015-02-12 08:33:00;909402N262;599;0.495;30;232;232;232;232;1.401;49.99;551.2;0.434;672.3;0.261;787.9;0.234;60;0;0;1.376;1.414;1.414;189;204;204;49.99;49.99;49.99;16676;1000;0.0;0;1.0000;0;2;495;495;495
60;2015-02-12 08:34:00;909402N262;621;0.505;30;232;232;232;232;1.416;49.99;554.7;0.444;673.0;0.277;788.4;0.240;60;0;0;1.394;1.431;1.425;197;212;210;49.99;49.99;49.99;16676;1000;0.0;0;1.0000;0;2;505;505;505
60;2015-02-12 08:35:00;909402N262;643;0.517;30;232;232;232;231;1.425;49.99;557.8;0.449;676.7;0.294;792.2;0.243;60;0;0;1.402;1.438;1.436;203;220;218;49.99;49.99;49.99;16676;1000;0.0;0;1.0000;0;2;517;517;517
60;2015-02-12 08:36:00;909402N262;657;0.527;30;232;232;232;231;1.435;50.01;558.2;0.455;681.8;0.307;792.8;0.245;60;0;0;1.412;1.455;1.438;209;225;221;50.01;50.01;50.01;16676;1000;0.0;0;1.0000;0;2;527;527;527
60;2015-02-12 08:37:00;909402N262;663;0.538;31;232;233;231;232;1.446;50.01;558.9;0.458;687.3;0.310;792.2;0.245;60;0;0;1.423;1.460;1.456;211;226;224;50.01;50.01;50.01;16676;1000;0.0;0;1.0000;0;2;538;538;538
60;2015-02-12 08:38:00;909402N262;677;0.549;31;232;231;232;232;1.456;50.02;561.9;0.462;696.5;0.317;791.9;0.247;60;0;0;1.423;1.476;1.470;213;232;230;50.02;50.02;50.02;16676;1000;0.0;0;1.0000;0;2;549;549;549
60;2015-02-12 08:39:00;909402N262;703;0.561;31;232;231;232;232;1.499;50.01;567.0;0.466;686.7;0.351;786.7;0.250;60;0;0;1.463;1.516;1.519;221;240;240;50.01;50.01;50.01;16676;1000;0.0;0;1.0000;0;2;561;561;561
60;2015-02-12 08:40:00;909402N262;718;0.573;31;232;231;232;232;1.510;50.01;570.5;0.472;695.9;0.356;788.1;0.252;60;0;0;1.478;1.524;1.528;227;244;245;50.01;50.01;50.01;16676;1000;0.0;0;1.0000;0;2;573;573;573
60;2015-02-12 08:41:00;909402N262;733;0.586;31;231;231;232;231;1.508;50.00;572.9;0.484;699.3;0.357;792.2;0.257;60;0;0;1.472;1.530;1.523;231;251;248;50.00;50.00;50.00;16676;1000;0.0;0;1.0000;0;2;586;586;586
60;2015-02-12 08:42:00;909402N262;759;0.598;31;231;231;232;231;1.525;50.01;574.3;0.503;719.1;0.354;794.1;0.270;60;0;0;1.481;1.552;1.543;238;262;258;50.01;50.01;50.01;16676;1000;0.0;0;1.0000;0;2;598;598;598
60;2015-02-12 08:43:00;909402N262;790;0.611;31;231;231;232;232;1.557;50.00;576.2;0.518;724.9;0.367;794.1;0.281;60;0;0;1.519;1.582;1.572;249;271;267;50.00;50.00;50.00;16676;1000;0.0;0;1.0000;0;2;611;611;611
60;2015-02-12 08:44:00;909402N262;815;0.624;31;231;231;232;232;1.585;50.01;577.6;0.531;730.4;0.379;794.1;0.288;60;0;0;1.547;1.608;1.601;258;279;277;50.01;50.01;50.01;16676;1000;0.0;0;1.0000;0;2;624;624;624
60;2015-02-12 08:45:00;909402N262;837;0.639;31;231;230;232;232;1.614;49.99;548.1;0.585;733.8;0.383;793.9;0.295;60;0;0;1.568;1.647;1.627;264;289;283;49.99;49.99;49.99;16676;1000;0.0;0;1.0000;0;2;639;639;639
60;2015-02-12 08:46:00;909402N262;847;0.653;31;231;230;232;232;1.620;50.00;537.2;0.602;686.2;0.436;791.6;0.296;60;0;0;1.577;1.647;1.636;267;292;286;50.00;50.00;50.00;16676;1000;0.0;0;1.0000;0;2;653;653;653
60;2015-02-12 08:47:00;909402N262;896;0.668;31;232;230;233;232;1.658;50.01;543.5;0.592;600.6;0.572;795.1;0.292;60;0;0;1.614;1.689;1.673;283;308;303;50.01;50.01;50.01;16676;1000;0.0;0;1.0000;0;2;668;668;668
60;2015-02-12 08:48:00;909402N262;925;0.683;32;231;230;232;232;1.703;50.01;544.5;0.584;692.9;0.543;793.1;0.289;60;0;0;1.658;1.733;1.719;293;317;313;50.01;50.01;50.01;16676;1000;0.0;0;1.0000;0;2;683;683;683
60;2015-02-12 08:49:00;909402N262;961;0.700;32;231;230;233;232;1.737;50.01;543.2;0.580;729.0;0.574;794.7;0.285;60;0;0;1.688;1.772;1.752;304;330;324;50.01;50.01;50.01;16676;1000;0.0;0;1.0000;0;2;700;700;700
60;2015-02-12 08:50:00;909402N262;999;0.715;32;231;230;232;232;1.778;50.01;539.1;0.585;712.5;0.642;795.0;0.284;60;0;0;1.727;1.813;1.796;316;343;338;50.01;50.01;50.01;16676;1000;0.0;0;1.0000;0;2;715;715;715
60;2015-02-12 08:51:00;909402N262;1042;0.733;32;231;230;232;232;1.836;50.00;540.2;0.589;721.1;0.688;794.1;0.287;60;0;0;1.791;1.865;1.854;333;356;352;50.00;50.00;50.00;16676;1000;0.0;0;1.0000;0;2;733;733;733
60;2015-02-12 08:52:00;909402N262;1085;0.751;32;231;230;232;232;1.885;50.01;541.3;0.594;716.6;0.745;794.4;0.289;60;0;0;1.832;1.910;1.914;345;368;370;50.01;50.01;50.01;16676;1000;0.0;0;1.0000;0;2;751;751;751
60;2015-02-12 08:53:00;909402N262;1107;0.770;32;231;230;231;232;1.911;50.01;542.2;0.599;712.7;0.774;794.5;0.291;60;0;0;1.862;1.939;1.933;354;377;375;50.01;50.01;50.01;16676;1000;0.0;0;1.0000;0;2;770;770;770
60;2015-02-12 08:54:00;909402N262;1127;0.788;32;231;230;231;232;1.934;49.99;542.8;0.604;719.8;0.787;794.5;0.292;60;0;0;1.878;1.960;1.964;359;383;383;49.99;49.99;49.99;16676;1000;0.0;0;1.0000;0;2;788;788;788
60;2015-02-12 08:55:00;909402N262;1162;0.809;32;231;230;231;233;1.978;49.99;544.5;0.612;718.0;0.827;794.3;0.297;60;0;0;1.923;2.007;2.005;370;396;394;49.99;49.99;49.99;16676;1000;0.0;0;1.0000;0;2;809;809;809
60;2015-02-12 08:56:00;909402N262;1198;0.829;32;231;231;231;232;2.022;49.99;546.0;0.620;706.2;0.879;794.4;0.303;60;0;0;1.972;2.045;2.050;385;405;407;49.99;49.99;49.99;16676;1000;0.0;0;1.0000;0;2;829;829;829
60;2015-02-12 08:57:00;909402N262;1217;0.848;32;232;231;231;232;2.046;50.00;547.3;0.623;702.5;0.904;794.2;0.304;60;0;0;1.997;2.069;2.073;391;411;412;50.00;50.00;50.00;16676;1000;0.0;0;1.0000;0;2;848;848;848
60;2015-02-12 08:58:00;909402N262;1197;0.868;32;232;232;231;232;2.021;50.00;547.4;0.615;695.7;0.895;794.3;0.301;60;0;0;1.979;2.042;2.044;388;404;404;50.00;50.00;50.00;16676;1000;0.0;0;1.0000;0;2;868;868;868
60;2015-02-12 08:59:00;909402N262;1197;0.888;32;231;232;231;232;2.020;50.02;548.5;0.615;694.2;0.898;794.2;0.300;60;0;0;1.977;2.041;2.044;387;404;404;50.02;50.02;50.02;16676;1000;0.0;0;1.0000;0;2;888;888;888
60;2015-02-12 09:00:00;909402N262;1187;0.909;33;232;232;232;232;2.003;50.02;550.1;0.621;683.2;0.887;794.4;0.303;60;0;0;1.956;2.033;2.022;382;403;400;50.02;50.02;50.02;16676;1000;0.0;0;1.0000;0;2;909;909;909
[wr_ende]
