20140924;080001;danfoss;My Plant;+0100
[wr_def_start]
909402N262;Inverter Type;Inverter Group;Hanzl
[wr_def_end]
[wr]
INTERVAL;TIMESTAMP;SERIAL;P_AC;E_DAY;T_WR;U_AC;U_AC_1;U_AC_2;U_AC_3;I_AC;F_AC;U_DC_1;I_DC_1;U_DC_2;I_DC_2;U_DC_3;I_DC_3;S;E_WR;M_WR;I_AC_1;I_AC_2;I_AC_3;P_AC_1;P_AC_2;P_AC_3;F_AC_1;F_AC_2;F_AC_3;R_DC;PC;PCS;PCS_LL;COS_PHI;COS_PHI_LL;S_COS_PHI;Current_Day_Energy;current_Day_Offset;ccEnergyOfDay_WithoutOffset
60;2014-09-24 07:01:00;909402N262;59;0.009;27;235;235;234;235;0.552;50.04;502.4;0.070;506.3;0.034;605.5;0.030;60;0;0;0.559;0.599;0.499;6;48;18;50.04;50.04;50.04;5559;1000;0.0;0;0.0000;0;0;9;9;9
60;2014-09-24 07:02:00;909402N262;67;0.011;27;235;235;234;235;0.507;50.03;507.4;0.074;519.4;0.035;640.0;0.031;60;0;0;0.538;0.578;0.405;12;49;12;50.03;50.03;50.03;5559;1000;0.0;0;0.0000;0;0;11;11;11
60;2014-09-24 07:03:00;909402N262;69;0.012;27;234;234;234;234;0.500;50.03;509.0;0.078;508.6;0.038;641.9;0.031;60;0;0;0.541;0.608;0.353;11;57;6;50.03;50.03;50.03;5559;1000;0.0;0;0.0000;0;0;12;12;12
60;2014-09-24 07:04:00;909402N262;71;0.013;27;234;234;234;234;0.591;50.00;514.4;0.079;512.3;0.039;607.7;0.034;60;0;0;0.633;0.721;0.419;17;60;11;50.00;50.00;50.00;5559;1000;0.0;0;0.0000;0;0;13;13;13
60;2014-09-24 07:05:00;909402N262;78;0.014;27;234;234;233;234;0.572;50.00;514.3;0.085;516.1;0.042;631.9;0.035;60;0;0;0.560;0.704;0.452;8;62;14;50.00;50.00;50.00;5559;1000;0.0;0;0.0000;0;0;14;14;14
60;2014-09-24 07:06:00;909402N262;87;0.015;27;234;234;233;234;0.510;49.99;519.0;0.091;534.2;0.042;645.7;0.037;60;0;0;0.540;0.499;0.492;18;43;26;49.99;49.99;49.99;5559;1000;0.0;0;0.0000;0;0;15;15;15
60;2014-09-24 07:07:00;909402N262;94;0.017;27;234;234;233;234;0.604;49.99;523.7;0.098;531.7;0.048;633.1;0.042;60;0;0;0.578;0.594;0.642;13;52;36;49.99;49.99;49.99;5559;1000;0.0;0;0.0000;0;0;17;17;17
60;2014-09-24 07:08:00;909402N262;101;0.018;27;233;233;233;234;0.524;49.98;525.3;0.104;536.4;0.050;630.8;0.045;60;0;0;0.514;0.373;0.687;47;10;48;49.98;49.98;49.98;5559;1000;0.0;0;0.0000;0;0;18;18;18
60;2014-09-24 07:09:00;909402N262;111;0.018;27;233;232;233;235;0.361;49.98;528.7;0.111;549.6;0.054;664.8;0.046;60;0;0;0.335;0.321;0.427;45;29;35;49.98;49.98;49.98;5559;1000;0.0;0;0.0000;0;0;18;18;18
60;2014-09-24 07:10:00;909402N262;121;0.020;27;233;232;232;235;0.392;49.99;531.9;0.119;545.4;0.059;665.8;0.050;60;0;0;0.368;0.333;0.477;50;35;34;49.99;49.99;49.99;5559;1000;0.0;0;0.0000;0;0;20;20;20
60;2014-09-24 07:11:00;909402N262;130;0.023;27;233;233;232;235;0.240;49.98;534.7;0.126;556.7;0.062;689.3;0.050;60;0;0;0.236;0.242;0.242;43;44;41;49.98;49.98;49.98;5559;1000;0.0;0;0.0000;0;0;23;23;23
60;2014-09-24 07:12:00;909402N262;139;0.024;27;233;233;232;235;0.285;49.97;537.6;0.133;556.5;0.067;689.4;0.053;60;0;0;0.271;0.293;0.292;45;49;43;49.97;49.97;49.97;5559;1000;0.0;0;0.0000;0;0;24;24;24
60;2014-09-24 07:13:00;909402N262;149;0.026;28;233;233;232;235;0.368;49.98;541.3;0.141;561.1;0.070;680.4;0.058;60;0;0;0.356;0.339;0.411;52;49;46;49.98;49.98;49.98;5559;1000;0.0;0;0.0000;0;0;26;26;26
60;2014-09-24 07:14:00;909402N262;160;0.029;28;233;232;232;235;0.367;49.98;544.6;0.151;567.0;0.076;681.9;0.063;60;0;0;0.344;0.390;0.369;54;59;45;49.98;49.98;49.98;5559;1000;0.0;0;0.0000;0;0;29;29;29
60;2014-09-24 07:15:00;909402N262;171;0.032;28;233;232;232;235;0.508;49.99;547.7;0.161;568.9;0.081;670.9;0.069;60;0;0;0.439;0.481;0.604;59;57;54;49.99;49.99;49.99;5559;1000;0.0;0;0.0000;0;0;32;32;32
60;2014-09-24 07:16:00;909402N262;183;0.036;28;233;232;232;235;0.387;49.98;545.5;0.171;565.8;0.086;681.1;0.072;60;0;0;0.354;0.470;0.338;56;74;51;49.98;49.98;49.98;5559;1000;0.0;0;0.0000;0;0;36;36;36
60;2014-09-24 07:17:00;909402N262;201;0.039;28;233;232;231;235;0.395;49.97;555.1;0.183;580.9;0.091;697.1;0.077;60;0;0;0.362;0.499;0.324;61;83;55;49.97;49.97;49.97;5559;1000;0.0;0;0.0000;0;0;39;39;39
60;2014-09-24 07:18:00;909402N262;213;0.042;28;233;233;231;235;0.409;49.98;555.4;0.192;578.7;0.099;703.2;0.082;60;0;0;0.400;0.499;0.329;69;85;57;49.98;49.98;49.98;5559;1000;0.0;0;0.0000;0;0;42;42;42
60;2014-09-24 07:19:00;909402N262;216;0.047;28;233;233;231;234;0.417;49.98;557.0;0.195;582.6;0.101;704.6;0.082;60;0;0;0.392;0.506;0.353;68;86;61;49.98;49.98;49.98;5559;1000;0.0;0;0.0000;0;0;47;47;47
60;2014-09-24 07:20:00;909402N262;217;0.050;28;233;233;231;234;0.417;49.98;557.8;0.194;585.2;0.101;703.3;0.082;60;0;0;0.395;0.501;0.356;68;85;62;49.98;49.98;49.98;5559;1000;0.0;0;0.0000;0;0;50;50;50
60;2014-09-24 07:21:00;909402N262;212;0.054;28;233;232;232;234;0.419;49.98;559.8;0.190;582.2;0.100;698.1;0.080;60;0;0;0.383;0.506;0.370;65;83;63;49.98;49.98;49.98;5559;1000;0.0;0;0.0000;0;0;54;54;54
60;2014-09-24 07:22:00;909402N262;205;0.057;28;233;232;232;234;0.450;49.98;559.6;0.185;580.9;0.096;689.9;0.076;60;0;0;0.421;0.538;0.393;63;84;54;49.98;49.98;49.98;5559;1000;0.0;0;0.0000;0;0;57;57;57
60;2014-09-24 07:23:00;909402N262;196;0.061;28;233;233;232;234;0.401;50.00;549.5;0.182;583.7;0.091;687.9;0.071;60;0;0;0.383;0.501;0.319;61;80;53;50.00;50.00;50.00;5559;1000;0.0;0;0.0000;0;0;61;61;61
60;2014-09-24 07:24:00;909402N262;184;0.063;29;233;233;232;234;0.508;49.99;550.2;0.175;575.9;0.088;667.7;0.069;60;0;0;0.507;0.559;0.458;52;80;51;49.99;49.99;49.99;5559;1000;0.0;0;0.0000;0;0;63;63;63
60;2014-09-24 07:25:00;909402N262;177;0.066;29;233;233;232;234;0.379;49.99;548.5;0.169;577.5;0.083;682.0;0.063;60;0;0;0.374;0.431;0.333;56;69;50;49.99;49.99;49.99;5559;1000;0.0;0;0.0000;0;0;66;66;66
60;2014-09-24 07:26:00;909402N262;164;0.068;29;233;233;232;234;0.547;49.98;548.8;0.163;569.2;0.080;660.4;0.059;60;0;0;0.537;0.553;0.551;44;73;45;49.98;49.98;49.98;5559;1000;0.0;0;0.0000;0;0;68;68;68
60;2014-09-24 07:27:00;909402N262;161;0.071;29;233;233;232;234;0.385;49.99;550.1;0.159;564.5;0.078;672.8;0.055;60;0;0;0.348;0.455;0.353;47;68;43;49.99;49.99;49.99;5559;1000;0.0;0;0.0000;0;0;71;71;71
60;2014-09-24 07:28:00;909402N262;159;0.074;29;233;232;232;233;0.419;50.00;550.8;0.159;571.3;0.074;667.7;0.055;60;0;0;0.395;0.485;0.378;49;67;41;50.00;50.00;50.00;5559;1000;0.0;0;0.0000;0;0;74;74;74
60;2014-09-24 07:29:00;909402N262;157;0.077;29;233;232;232;234;0.488;50.01;551.6;0.160;568.3;0.072;661.1;0.054;60;0;0;0.440;0.519;0.506;46;62;47;50.01;50.01;50.01;5559;1000;0.0;0;0.0000;0;0;77;77;77
60;2014-09-24 07:30:00;909402N262;154;0.080;29;233;232;233;234;0.609;50.01;553.6;0.160;563.5;0.070;653.1;0.054;60;0;0;0.479;0.674;0.676;42;58;52;50.01;50.01;50.01;5559;1000;0.0;0;0.0000;0;0;80;80;80
60;2014-09-24 07:31:00;909402N262;155;0.081;29;233;232;232;234;0.561;50.01;547.9;0.163;558.1;0.070;645.3;0.056;60;0;0;0.498;0.501;0.685;57;47;50;50.01;50.01;50.01;5559;1000;0.0;0;0.0000;0;0;81;81;81
60;2014-09-24 07:32:00;909402N262;163;0.085;30;232;231;232;233;0.380;49.99;555.4;0.166;568.4;0.070;674.1;0.054;60;0;0;0.340;0.439;0.363;52;65;43;49.99;49.99;49.99;5559;1000;0.0;0;0.0000;0;0;85;85;85
60;2014-09-24 07:33:00;909402N262;167;0.088;30;232;232;231;233;0.512;50.00;555.2;0.171;577.8;0.073;667.2;0.057;60;0;0;0.456;0.508;0.573;54;62;50;50.00;50.00;50.00;5559;1000;0.0;0;0.0000;0;0;88;88;88
60;2014-09-24 07:34:00;909402N262;171;0.090;30;232;231;231;234;0.644;49.98;556.5;0.175;577.5;0.075;653.3;0.061;60;0;0;0.545;0.606;0.782;58;62;49;49.98;49.98;49.98;5559;1000;0.0;0;0.0000;0;0;90;90;90
60;2014-09-24 07:35:00;909402N262;179;0.093;30;232;232;231;234;0.410;50.00;557.7;0.180;574.6;0.078;677.7;0.061;60;0;0;0.369;0.463;0.399;55;70;52;50.00;50.00;50.00;5559;1000;0.0;0;0.0000;0;0;93;93;93
60;2014-09-24 07:36:00;909402N262;186;0.096;30;232;232;232;233;0.394;49.99;558.7;0.186;578.0;0.082;687.9;0.063;60;0;0;0.360;0.493;0.330;56;77;52;49.99;49.99;49.99;5559;1000;0.0;0;0.0000;0;0;96;96;96
60;2014-09-24 07:37:00;909402N262;192;0.099;30;232;232;232;232;0.406;50.00;558.9;0.191;585.6;0.082;683.7;0.065;60;0;0;0.367;0.515;0.338;56;81;53;50.00;50.00;50.00;5559;1000;0.0;0;0.0000;0;0;99;99;99
60;2014-09-24 07:38:00;909402N262;198;0.103;30;232;232;232;232;0.448;49.98;560.9;0.196;581.6;0.085;685.4;0.067;60;0;0;0.430;0.541;0.373;60;80;56;49.98;49.98;49.98;5559;1000;0.0;0;0.0000;0;0;103;103;103
60;2014-09-24 07:39:00;909402N262;205;0.106;30;234;233;234;234;0.510;49.98;563.2;0.203;583.1;0.088;675.9;0.070;60;0;0;0.455;0.621;0.456;63;80;61;49.98;49.98;49.98;5559;1000;0.0;0;0.0000;0;0;106;106;106
60;2014-09-24 07:40:00;909402N262;213;0.110;30;235;234;235;235;0.440;49.98;565.1;0.209;587.1;0.090;694.4;0.070;60;0;0;0.399;0.533;0.390;64;84;63;49.98;49.98;49.98;5559;1000;0.0;0;0.0000;0;0;110;110;110
60;2014-09-24 07:41:00;909402N262;220;0.113;30;235;234;235;237;0.458;49.98;566.3;0.215;592.2;0.093;700.6;0.071;60;0;0;0.416;0.550;0.410;66;87;64;49.98;49.98;49.98;5559;1000;0.0;0;0.0000;0;0;113;113;113
60;2014-09-24 07:42:00;909402N262;225;0.117;30;234;233;233;235;0.471;49.97;567.3;0.221;587.7;0.096;696.7;0.074;60;0;0;0.409;0.574;0.430;66;91;68;49.97;49.97;49.97;5559;1000;0.0;0;0.0000;0;0;117;117;117
60;2014-09-24 07:43:00;909402N262;228;0.121;30;233;232;232;234;0.458;49.98;568.3;0.224;587.4;0.097;703.5;0.074;60;0;0;0.422;0.557;0.396;70;90;65;49.98;49.98;49.98;5559;1000;0.0;0;0.0000;0;0;121;121;121
60;2014-09-24 07:44:00;909402N262;231;0.126;31;232;232;232;234;0.457;50.01;568.9;0.226;588.7;0.097;708.5;0.074;60;0;0;0.420;0.560;0.392;70;93;66;50.01;50.01;50.01;5559;1000;0.0;0;0.0000;0;0;126;126;126
60;2014-09-24 07:45:00;909402N262;235;0.129;31;233;232;232;234;0.506;50.00;569.0;0.229;589.0;0.100;689.9;0.078;60;0;0;0.469;0.588;0.462;72;92;68;50.00;50.00;50.00;5559;1000;0.0;0;0.0000;0;0;129;129;129
60;2014-09-24 07:46:00;909402N262;235;0.133;31;233;232;232;234;0.494;49.99;561.9;0.234;576.8;0.102;693.4;0.079;60;0;0;0.466;0.567;0.451;74;91;68;49.99;49.99;49.99;5559;1000;0.0;0;0.0000;0;0;133;133;133
60;2014-09-24 07:47:00;909402N262;241;0.137;31;233;232;232;234;0.478;49.99;569.8;0.236;595.6;0.101;709.3;0.078;60;0;0;0.435;0.572;0.429;73;95;71;49.99;49.99;49.99;5559;1000;0.0;0;0.0000;0;0;137;137;137
60;2014-09-24 07:48:00;909402N262;246;0.141;31;233;232;232;234;0.494;50.00;570.1;0.239;598.7;0.101;705.2;0.081;60;0;0;0.435;0.588;0.461;72;95;77;50.00;50.00;50.00;5559;1000;0.0;0;0.0000;0;0;141;141;141
60;2014-09-24 07:49:00;909402N262;248;0.146;31;233;232;232;234;0.490;49.99;570.6;0.242;599.1;0.103;708.3;0.081;60;0;0;0.443;0.562;0.467;75;93;78;49.99;49.99;49.99;5559;1000;0.0;0;0.0000;0;0;146;146;146
60;2014-09-24 07:50:00;909402N262;250;0.149;31;233;232;233;234;0.495;49.99;571.6;0.244;596.2;0.104;711.2;0.081;60;0;0;0.439;0.588;0.459;74;98;77;49.99;49.99;49.99;5559;1000;0.0;0;0.0000;0;0;149;149;149
60;2014-09-24 07:51:00;909402N262;252;0.154;31;233;232;233;235;0.501;49.99;572.0;0.246;594.4;0.105;708.9;0.082;60;0;0;0.452;0.591;0.462;76;97;77;49.99;49.99;49.99;5559;1000;0.0;0;0.0000;0;0;154;154;154
60;2014-09-24 07:52:00;909402N262;255;0.158;31;233;232;232;235;0.506;50.00;572.6;0.248;594.8;0.105;709.5;0.082;60;0;0;0.470;0.576;0.472;79;96;78;50.00;50.00;50.00;5559;1000;0.0;0;0.0000;0;0;158;158;158
60;2014-09-24 07:53:00;909402N262;257;0.162;31;233;233;232;235;0.512;50.00;572.6;0.250;595.0;0.107;710.7;0.083;60;0;0;0.482;0.598;0.457;81;99;75;50.00;50.00;50.00;5559;1000;0.0;0;0.0000;0;0;162;162;162
60;2014-09-24 07:54:00;909402N262;259;0.167;31;233;233;232;235;0.521;49.97;573.2;0.252;596.8;0.108;706.0;0.084;60;0;0;0.492;0.598;0.475;80;98;78;49.97;49.97;49.97;5559;1000;0.0;0;0.0000;0;0;167;167;167
60;2014-09-24 07:55:00;909402N262;261;0.170;31;233;233;232;235;0.520;49.97;573.4;0.254;596.8;0.109;706.4;0.084;60;0;0;0.487;0.607;0.467;82;100;77;49.97;49.98;49.98;5559;1000;0.0;0;0.0000;0;0;170;170;170
60;2014-09-24 07:56:00;909402N262;263;0.175;31;233;233;232;235;0.515;49.99;573.9;0.256;597.3;0.109;709.4;0.085;60;0;0;0.461;0.631;0.453;78;106;77;49.99;49.99;49.99;5559;1000;0.0;0;0.0000;0;0;175;175;175
60;2014-09-24 07:57:00;909402N262;266;0.180;31;233;233;233;235;0.516;49.98;574.0;0.259;599.3;0.109;713.7;0.085;60;0;0;0.459;0.630;0.461;78;107;79;49.98;49.98;49.98;5559;1000;0.0;0;0.0000;0;0;180;180;180
60;2014-09-24 07:58:00;909402N262;269;0.184;31;233;233;233;234;0.518;49.98;574.8;0.261;601.2;0.110;719.1;0.085;60;0;0;0.451;0.644;0.459;78;109;80;49.98;49.98;49.98;5559;1000;0.0;0;0.0000;0;0;184;184;184
60;2014-09-24 07:59:00;909402N262;271;0.189;31;234;234;233;234;0.516;49.97;575.8;0.263;602.4;0.111;722.7;0.085;60;0;0;0.467;0.623;0.460;82;106;81;49.97;49.97;49.97;5559;1000;0.0;0;0.0000;0;0;189;189;189
60;2014-09-24 08:00:00;909402N262;274;0.194;32;234;233;234;234;0.516;50.00;576.2;0.265;603.0;0.112;725.0;0.085;60;0;0;0.452;0.634;0.463;80;109;82;50.00;50.00;50.00;5559;1000;0.0;0;0.0000;0;0;194;194;194
[wr_ende]
