20140312;130004;danfoss;My Plant;+0100
[wr_def_start]
909402N262;Inverter Type;Inverter Group;Hanzl
[wr_def_end]
[wr]
INTERVAL;TIMESTAMP;SERIAL;P_AC;E_DAY;T_WR;U_AC;U_AC_1;U_AC_2;U_AC_3;I_AC;F_AC;U_DC_1;I_DC_1;U_DC_2;I_DC_2;U_DC_3;I_DC_3;S;E_WR;M_WR;I_AC_1;I_AC_2;I_AC_3;P_AC_1;P_AC_2;P_AC_3;F_AC_1;F_AC_2;F_AC_3;R_DC;PC;PCS;PCS_LL;COS_PHI;COS_PHI_LL;S_COS_PHI;Current_Day_Energy;current_Day_Offset;ccEnergyOfDay_WithoutOffset
60;2014-03-12 12:01:00;909402N262;8839;20.840;45;234;233;234;235;12.606;49.98;519.9;6.781;612.2;3.870;765.2;4.064;60;0;0;12.526;12.584;12.708;2913;2946;2979;49.98;49.98;49.98;22311;1000;0.0;0;0.0000;0;0;20840;20840;20840
60;2014-03-12 12:02:00;909402N262;9017;20.991;45;234;232;234;235;12.864;49.99;522.2;6.869;628.0;3.896;766.2;4.100;60;0;0;12.727;12.909;12.957;2955;3021;3040;49.99;49.99;49.99;22311;1000;0.0;0;0.0000;0;0;20991;20991;20991
60;2014-03-12 12:03:00;909402N262;8918;21.140;45;233;232;234;235;12.736;49.99;523.4;6.785;628.1;3.849;766.7;4.049;60;0;0;12.599;12.780;12.830;2921;2985;3010;49.99;49.99;49.99;22311;1000;0.0;0;0.0000;0;0;21140;21140;21140
60;2014-03-12 12:04:00;909402N262;8858;21.286;45;233;232;234;234;12.652;50.00;523.8;6.733;627.8;3.815;767.9;4.023;60;0;0;12.544;12.698;12.716;2913;2971;2972;50.00;50.00;50.00;22311;1000;0.0;0;0.0000;0;0;21286;21286;21286
60;2014-03-12 12:05:00;909402N262;8965;21.435;45;233;232;234;234;12.809;50.01;522.6;6.831;627.4;3.865;768.3;4.074;60;0;0;12.703;12.844;12.881;2950;3003;3011;50.01;50.01;50.01;22311;1000;0.0;0;0.0000;0;0;21435;21435;21435
60;2014-03-12 12:06:00;909402N262;8961;21.583;45;233;232;234;234;12.796;50.03;521.8;6.837;627.1;3.865;767.4;4.074;60;0;0;12.689;12.804;12.897;2945;2992;3022;50.03;50.03;50.03;22311;1000;0.0;0;0.0000;0;0;21583;21583;21583
60;2014-03-12 12:07:00;909402N262;8940;21.732;45;234;233;234;234;12.736;50.04;521.2;6.827;626.6;3.857;767.4;4.069;60;0;0;12.649;12.746;12.814;2950;2984;3003;50.04;50.04;50.04;22311;1000;0.0;0;0.0000;0;0;21732;21732;21732
60;2014-03-12 12:08:00;909402N262;9004;21.881;45;234;234;235;234;12.812;50.03;521.4;6.877;627.1;3.880;767.9;4.093;60;0;0;12.730;12.829;12.878;2974;3010;3019;50.03;50.03;50.03;22311;1000;0.0;0;0.0000;0;0;21881;21881;21881
60;2014-03-12 12:09:00;909402N262;8991;22.032;45;234;234;235;235;12.796;50.02;521.9;6.868;626.9;3.873;767.9;4.086;60;0;0;12.699;12.818;12.872;2966;3005;3018;50.02;50.02;50.02;22311;1000;0.0;0;0.0000;0;0;22032;22032;22032
60;2014-03-12 12:10:00;909402N262;9003;22.181;45;234;234;234;235;12.811;50.01;521.7;6.877;626.7;3.877;767.7;4.092;60;0;0;12.715;12.834;12.884;2970;3008;3022;50.01;50.01;50.01;22311;1000;0.0;0;0.0000;0;0;22181;22181;22181
60;2014-03-12 12:11:00;909402N262;8907;22.331;45;234;234;235;234;12.684;50.01;521.7;6.808;625.8;3.841;766.9;4.050;60;0;0;12.621;12.726;12.706;2950;2984;2971;50.01;50.01;50.01;22311;1000;0.0;0;0.0000;0;0;22331;22331;22331
60;2014-03-12 12:12:00;909402N262;8928;22.479;45;234;234;235;234;12.708;50.01;521.5;6.828;626.5;3.844;766.2;4.064;60;0;0;12.662;12.753;12.710;2962;2991;2972;50.01;50.01;50.01;22311;1000;0.0;0;0.0000;0;0;22479;22479;22479
60;2014-03-12 12:13:00;909402N262;8960;22.629;45;235;234;235;235;12.735;50.01;521.0;6.863;626.1;3.862;765.5;4.079;60;0;0;12.675;12.764;12.768;2968;2996;2995;50.01;50.01;50.01;22311;1000;0.0;0;0.0000;0;0;22629;22629;22629
60;2014-03-12 12:14:00;909402N262;8922;22.778;45;235;234;235;235;12.663;50.01;521.4;6.833;625.6;3.844;765.6;4.062;60;0;0;12.581;12.699;12.709;2948;2985;2988;50.01;50.01;50.01;22311;1000;0.0;0;0.0000;0;0;22778;22778;22778
60;2014-03-12 12:15:00;909402N262;8970;22.927;45;235;234;235;235;12.726;50.01;521.3;6.873;625.6;3.862;766.2;4.082;60;0;0;12.642;12.755;12.783;2963;2998;3007;50.01;50.01;50.01;22311;1000;0.0;0;0.0000;0;0;22927;22927;22927
60;2014-03-12 12:16:00;909402N262;8860;23.075;45;235;234;235;235;12.575;50.01;518.1;6.851;611.7;3.851;765.9;4.073;60;0;0;12.481;12.588;12.656;2917;2966;2974;50.01;50.01;50.01;22311;1000;0.0;0;0.0000;0;0;23075;23075;23075
60;2014-03-12 12:17:00;909402N262;8945;23.224;45;235;234;235;235;12.724;50.01;521.3;6.861;625.8;3.845;765.9;4.071;60;0;0;12.613;12.769;12.790;2943;3002;2998;50.01;50.01;50.01;22311;1000;0.0;0;0.0000;0;0;23224;23224;23224
60;2014-03-12 12:18:00;909402N262;8944;23.373;45;235;234;236;235;12.721;50.01;521.8;6.858;626.1;3.841;766.2;4.068;60;0;0;12.609;12.786;12.770;2942;3009;2992;50.01;50.01;50.01;22311;1000;0.0;0;0.0000;0;0;23373;23373;23373
60;2014-03-12 12:19:00;909402N262;9069;23.524;45;234;233;235;234;12.953;50.01;522.4;6.949;627.5;3.882;766.6;4.125;60;0;0;12.828;13.033;12.999;2980;3054;3034;50.01;50.01;50.01;22311;1000;0.0;0;0.0000;0;0;23524;23524;23524
60;2014-03-12 12:20:00;909402N262;9145;23.676;46;233;233;233;234;13.084;50.02;523.0;7.005;628.3;3.915;766.3;4.152;60;0;0;12.979;13.126;13.148;3015;3060;3068;50.02;50.02;50.02;22311;1000;0.0;0;0.0000;0;0;23676;23676;23676
60;2014-03-12 12:21:00;909402N262;9116;23.828;46;233;232;234;234;13.045;50.01;523.8;6.980;628.5;3.898;767.1;4.132;60;0;0;12.935;13.093;13.108;3000;3056;3058;50.01;50.01;50.01;22311;1000;0.0;0;0.0000;0;0;23828;23828;23828
60;2014-03-12 12:22:00;909402N262;9105;23.980;46;233;232;234;233;13.044;50.01;523.6;6.977;628.2;3.889;767.1;4.132;60;0;0;12.927;13.100;13.107;2995;3054;3055;50.01;50.01;50.01;22311;1000;0.0;0;0.0000;0;0;23980;23980;23980
60;2014-03-12 12:23:00;909402N262;9161;24.133;46;235;234;235;235;13.034;50.01;523.3;7.018;628.8;3.913;767.6;4.155;60;0;0;12.915;13.098;13.089;3014;3079;3066;50.01;50.01;50.01;22311;1000;0.0;0;0.0000;0;0;24133;24133;24133
60;2014-03-12 12:24:00;909402N262;9095;24.285;46;235;235;236;235;12.911;50.01;522.7;6.971;629.2;3.885;767.1;4.127;60;0;0;12.812;12.977;12.944;3000;3058;3036;50.01;50.01;50.01;22311;1000;0.0;0;0.0000;0;0;24285;24285;24285
60;2014-03-12 12:25:00;909402N262;9073;24.435;46;235;235;236;235;12.869;50.01;521.6;6.964;628.2;3.881;766.1;4.124;60;0;0;12.792;12.938;12.879;3002;3049;3020;50.01;50.01;50.01;22311;1000;0.0;0;0.0000;0;0;24435;24435;24435
60;2014-03-12 12:26:00;909402N262;9096;24.587;46;235;235;236;235;12.908;50.00;520.7;6.997;627.7;3.892;765.3;4.138;60;0;0;12.834;12.985;12.905;3009;3058;3026;50.00;50.00;50.00;22311;1000;0.0;0;0.0000;0;0;24587;24587;24587
60;2014-03-12 12:27:00;909402N262;9156;24.741;46;235;235;236;235;12.985;50.01;520.3;7.044;627.8;3.916;765.2;4.172;60;0;0;12.895;13.052;13.010;3026;3075;3054;50.01;50.01;50.01;22311;1000;0.0;0;0.0000;0;0;24741;24741;24741
60;2014-03-12 12:28:00;909402N262;9132;24.893;46;236;235;236;236;12.941;50.01;519.4;7.035;627.4;3.907;765.1;4.164;60;0;0;12.841;13.000;12.983;3012;3064;3054;50.01;50.01;50.01;22311;1000;0.0;0;0.0000;0;0;24893;24893;24893
60;2014-03-12 12:29:00;909402N262;9128;25.044;46;235;235;235;236;12.944;50.01;519.4;7.037;627.3;3.902;765.4;4.161;60;0;0;12.873;12.953;13.008;3022;3039;3065;50.01;50.01;50.01;22311;1000;0.0;0;0.0000;0;0;25044;25044;25044
60;2014-03-12 12:30:00;909402N262;9087;25.197;46;235;235;235;236;12.880;50.01;518.5;7.016;626.4;3.885;765.8;4.145;60;0;0;12.819;12.893;12.928;3011;3029;3045;50.01;50.01;50.01;22311;1000;0.0;0;0.0000;0;0;25197;25197;25197
60;2014-03-12 12:31:00;909402N262;9097;25.348;46;235;235;236;235;12.893;49.99;514.8;7.071;621.4;3.915;759.1;4.182;60;0;0;12.832;12.947;12.901;3010;3050;3034;49.99;49.99;49.99;22311;1000;0.0;0;0.0000;0;0;25348;25348;25348
60;2014-03-12 12:32:00;909402N262;9101;25.499;46;235;235;236;235;12.884;49.99;518.7;7.033;625.6;3.894;765.6;4.149;60;0;0;12.813;12.940;12.900;3014;3050;3035;49.99;49.99;49.99;22311;1000;0.0;0;0.0000;0;0;25499;25499;25499
60;2014-03-12 12:33:00;909402N262;9174;25.650;46;235;235;236;235;12.992;49.99;518.5;7.090;625.3;3.924;765.4;4.189;60;0;0;12.931;13.047;12.998;3040;3076;3055;49.99;49.99;49.99;22311;1000;0.0;0;0.0000;0;0;25650;25650;25650
60;2014-03-12 12:34:00;909402N262;9106;25.801;46;235;235;236;235;12.906;49.99;517.8;7.046;625.1;3.897;764.6;4.161;60;0;0;12.833;12.966;12.920;3013;3055;3036;49.99;49.99;49.99;22311;1000;0.0;0;0.0000;0;0;25801;25801;25801
60;2014-03-12 12:35:00;909402N262;9164;25.953;46;235;235;236;235;12.987;50.00;517.3;7.102;625.3;3.917;764.0;4.190;60;0;0;12.908;13.038;13.015;3029;3072;3061;50.00;50.00;50.00;22311;1000;0.0;0;0.0000;0;0;25953;25953;25953
60;2014-03-12 12:36:00;909402N262;9356;26.109;46;235;235;236;235;13.256;50.00;516.9;7.254;625.0;3.998;764.7;4.282;60;0;0;13.171;13.309;13.289;3090;3138;3127;50.00;50.00;50.00;22311;1000;0.0;0;0.0000;0;0;26109;26109;26109
60;2014-03-12 12:37:00;909402N262;9402;26.267;46;235;235;236;235;13.327;50.00;517.2;7.290;625.2;4.024;764.7;4.295;60;0;0;13.244;13.393;13.345;3106;3157;3137;50.00;50.00;50.00;22311;1000;0.0;0;0.0000;0;0;26267;26267;26267
60;2014-03-12 12:38:00;909402N262;9296;26.421;46;235;235;236;235;13.185;50.00;518.5;7.200;625.8;3.968;764.9;4.244;60;0;0;13.136;13.252;13.167;3085;3120;3088;50.00;50.00;50.00;22311;1000;0.0;0;0.0000;0;0;26421;26421;26421
60;2014-03-12 12:39:00;909402N262;9352;26.577;46;235;235;235;235;13.263;49.99;518.8;7.245;625.0;3.991;765.7;4.264;60;0;0;13.232;13.295;13.264;3108;3125;3116;49.99;49.99;49.99;22311;1000;0.0;0;0.0000;0;0;26577;26577;26577
60;2014-03-12 12:40:00;909402N262;9313;26.733;46;235;235;235;235;13.214;49.99;518.2;7.222;624.9;3.978;764.8;4.249;60;0;0;13.201;13.241;13.202;3104;3108;3100;49.99;49.99;49.99;22311;1000;0.0;0;0.0000;0;0;26733;26733;26733
60;2014-03-12 12:41:00;909402N262;9344;26.889;46;235;235;235;235;13.257;50.00;517.5;7.252;624.6;3.989;764.0;4.273;60;0;0;13.222;13.275;13.275;3105;3114;3122;50.00;50.00;50.00;22311;1000;0.0;0;0.0000;0;0;26889;26889;26889
60;2014-03-12 12:42:00;909402N262;9413;27.046;46;235;235;234;236;13.355;50.00;516.4;7.316;624.4;4.026;763.8;4.303;60;0;0;13.290;13.336;13.440;3118;3122;3171;50.00;50.00;50.00;22311;1000;0.0;0;0.0000;0;0;27046;27046;27046
60;2014-03-12 12:43:00;909402N262;9304;27.201;46;235;235;235;236;13.190;50.00;516.2;7.240;624.2;3.978;763.0;4.255;60;0;0;13.127;13.185;13.260;3081;3094;3128;50.00;50.00;50.00;22311;1000;0.0;0;0.0000;0;0;27201;27201;27201
60;2014-03-12 12:44:00;909402N262;9307;27.355;46;235;235;235;236;13.184;50.00;516.5;7.243;624.3;3.978;762.2;4.258;60;0;0;13.123;13.194;13.237;3081;3102;3121;50.00;50.00;50.00;22311;1000;0.0;0;0.0000;0;0;27355;27355;27355
60;2014-03-12 12:45:00;909402N262;9192;27.509;47;235;234;236;236;13.019;50.00;517.7;7.142;624.7;3.921;762.6;4.201;60;0;0;12.903;13.093;13.061;3020;3092;3076;50.00;50.00;50.00;22311;1000;0.0;0;0.0000;0;0;27509;27509;27509
60;2014-03-12 12:46:00;909402N262;9125;27.661;47;235;234;237;236;12.928;49.99;516.4;7.152;611.3;3.936;755.4;4.229;60;0;0;12.782;13.046;12.956;2986;3083;3054;49.99;49.99;49.99;22311;1000;0.0;0;0.0000;0;0;27661;27661;27661
60;2014-03-12 12:47:00;909402N262;9220;27.815;47;235;234;237;236;13.067;50.00;520.6;7.142;626.6;3.908;765.0;4.200;60;0;0;12.921;13.147;13.133;3016;3107;3095;50.00;50.00;50.00;22311;1000;0.0;0;0.0000;0;0;27815;27815;27815
60;2014-03-12 12:48:00;909402N262;9257;27.969;47;235;233;236;236;13.142;49.99;523.4;7.149;627.9;3.908;766.7;4.204;60;0;0;12.974;13.268;13.185;3020;3132;3103;49.99;49.99;49.99;22311;1000;0.0;0;0.0000;0;0;27969;27969;27969
60;2014-03-12 12:49:00;909402N262;9230;28.122;47;235;233;236;236;13.102;50.00;523.8;7.127;628.1;3.895;767.3;4.185;60;0;0;12.941;13.198;13.167;3013;3115;3099;50.00;50.00;50.00;22311;1000;0.0;0;0.0000;0;0;28122;28122;28122
60;2014-03-12 12:50:00;909402N262;9170;28.276;47;235;233;236;236;13.024;50.01;522.8;7.093;627.1;3.874;766.9;4.163;60;0;0;12.872;13.085;13.116;2994;3086;3087;50.01;50.01;50.01;22311;1000;0.0;0;0.0000;0;0;28276;28276;28276
60;2014-03-12 12:51:00;909402N262;9238;28.432;47;235;233;236;236;13.122;50.02;521.8;7.156;627.0;3.898;766.4;4.204;60;0;0;12.973;13.171;13.222;3019;3103;3113;50.02;50.02;50.02;22311;1000;0.0;0;0.0000;0;0;28432;28432;28432
60;2014-03-12 12:52:00;909402N262;9313;28.586;47;235;233;236;236;13.218;50.02;520.6;7.225;626.8;3.944;765.2;4.238;60;0;0;13.073;13.263;13.320;3047;3125;3138;50.02;50.02;50.02;22311;1000;0.0;0;0.0000;0;0;28586;28586;28586
60;2014-03-12 12:53:00;909402N262;9194;28.739;47;235;233;236;236;13.052;50.02;520.6;7.132;626.9;3.890;764.5;4.188;60;0;0;12.902;13.109;13.147;3003;3092;3096;50.02;50.02;50.02;22311;1000;0.0;0;0.0000;0;0;28739;28739;28739
60;2014-03-12 12:54:00;909402N262;9299;28.894;47;235;234;236;236;13.186;50.01;519.8;7.221;626.6;3.934;764.9;4.240;60;0;0;13.069;13.245;13.244;3054;3123;3120;50.01;50.01;50.01;22311;1000;0.0;0;0.0000;0;0;28894;28894;28894
60;2014-03-12 12:55:00;909402N262;9275;29.049;47;235;234;236;236;13.147;50.01;518.8;7.213;625.9;3.926;764.3;4.234;60;0;0;13.040;13.193;13.208;3053;3109;3111;50.01;50.01;50.01;22311;1000;0.0;0;0.0000;0;0;29049;29049;29049
60;2014-03-12 12:56:00;909402N262;9257;29.205;47;235;234;236;236;13.130;50.03;517.9;7.211;625.4;3.923;763.6;4.230;60;0;0;13.025;13.173;13.192;3045;3102;3108;50.03;50.03;50.03;22311;1000;0.0;0;0.0000;0;0;29205;29205;29205
60;2014-03-12 12:57:00;909402N262;9346;29.360;47;235;234;236;235;13.268;50.04;519.1;7.274;625.5;3.959;764.4;4.263;60;0;0;13.128;13.344;13.333;3064;3148;3132;50.04;50.04;50.04;22311;1000;0.0;0;0.0000;0;0;29360;29360;29360
60;2014-03-12 12:58:00;909402N262;9229;29.515;47;235;234;236;235;13.108;50.03;520.6;7.170;626.7;3.901;765.0;4.199;60;0;0;12.993;13.185;13.147;3033;3110;3083;50.03;50.03;50.03;22311;1000;0.0;0;0.0000;0;0;29515;29515;29515
60;2014-03-12 12:59:00;909402N262;9206;29.668;47;235;234;236;235;13.076;50.04;520.1;7.154;626.8;3.889;764.7;4.194;60;0;0;12.952;13.168;13.108;3027;3107;3070;50.04;50.04;50.04;22311;1000;0.0;0;0.0000;0;0;29668;29668;29668
60;2014-03-12 13:00:00;909402N262;9140;29.820;47;235;234;236;235;12.980;50.03;519.9;7.109;626.3;3.866;763.5;4.167;60;0;0;12.868;13.065;13.007;3008;3083;3047;50.03;50.03;50.03;22311;1000;0.0;0;0.0000;0;0;29820;29820;29820
[wr_ende]
