20141005;080002;danfoss;My Plant;+0100
[wr_def_start]
909402N262;Inverter Type;Inverter Group;Hanzl
[wr_def_end]
[wr]
INTERVAL;TIMESTAMP;SERIAL;P_AC;E_DAY;T_WR;U_AC;U_AC_1;U_AC_2;U_AC_3;I_AC;F_AC;U_DC_1;I_DC_1;U_DC_2;I_DC_2;U_DC_3;I_DC_3;S;E_WR;M_WR;I_AC_1;I_AC_2;I_AC_3;P_AC_1;P_AC_2;P_AC_3;F_AC_1;F_AC_2;F_AC_3;R_DC;PC;PCS;PCS_LL;COS_PHI;COS_PHI_LL;S_COS_PHI;Current_Day_Energy;current_Day_Offset;ccEnergyOfDay_WithoutOffset
60;2014-10-05 07:01:00;909402N262;0;0.000;24;233;235;234;232;0.000;50.02;261.4;0.000;261.0;0.000;261.5;0.000;50;0;0;0.000;0.000;0.000;0;0;0;50.02;50.02;50.02;0;1000;0.0;0;0.0000;0;0;0;0;0
60;2014-10-05 07:02:00;909402N262;0;0.000;24;233;234;234;231;0.000;50.01;254.8;0.000;254.6;0.000;254.7;0.000;50;0;0;0.000;0.000;0.000;0;0;0;50.01;50.01;50.01;0;1000;0.0;0;0.0000;0;0;0;0;0
60;2014-10-05 07:03:00;909402N262;0;0.000;24;233;234;235;231;0.002;50.03;265.3;0.000;264.8;0.000;264.9;0.000;50;0;0;0.003;0.002;0.003;0;0;0;50.02;50.03;50.03;0;1000;0.0;0;0.0000;0;0;0;0;0
60;2014-10-05 07:04:00;909402N262;0;0.000;24;233;234;235;232;0.002;50.03;433.2;0.000;422.4;0.000;462.9;0.000;51;0;0;0.003;0.003;0.002;0;0;0;50.03;50.03;50.03;141;1000;0.0;0;0.0000;0;0;0;0;0
60;2014-10-05 07:05:00;909402N262;0;0.000;24;234;234;234;232;0.009;50.01;442.9;0.013;428.7;0.002;466.9;0.003;60;0;0;0.017;0.006;0.005;0;0;0;50.01;50.01;50.01;4033;1000;0.0;0;0.0000;0;0;0;0;0
60;2014-10-05 07:06:00;909402N262;3;0.000;25;234;235;234;234;0.028;50.01;440.9;0.023;376.7;0.006;333.8;0.007;60;0;0;0.040;0.029;0.016;0;3;1;50.01;50.01;50.01;4033;1000;0.0;0;0.0000;0;0;0;0;0
60;2014-10-05 07:07:00;909402N262;8;0.000;25;234;234;234;235;0.034;50.01;446.3;0.027;398.7;0.007;425.8;0.007;60;0;0;0.047;0.024;0.032;5;1;2;50.01;50.01;50.01;4033;1000;0.0;0;0.0000;0;0;0;0;0
60;2014-10-05 07:08:00;909402N262;13;0.000;25;234;234;233;235;0.056;50.01;459.7;0.031;456.4;0.008;517.7;0.007;60;0;0;0.066;0.041;0.061;5;4;4;50.01;50.01;50.01;4033;1000;0.0;0;0.0000;0;0;0;0;0
60;2014-10-05 07:09:00;909402N262;17;0.000;25;234;234;233;235;0.075;50.02;462.9;0.034;453.3;0.011;537.2;0.010;60;0;0;0.081;0.061;0.083;6;6;4;50.02;50.02;50.02;4033;1000;0.0;0;0.0000;0;0;0;0;0
60;2014-10-05 07:10:00;909402N262;23;0.000;25;234;234;234;235;0.082;50.02;464.5;0.039;456.2;0.015;522.5;0.013;60;0;0;0.076;0.052;0.120;7;5;10;50.02;50.02;50.02;4033;1000;0.0;0;0.0000;0;0;0;0;0
60;2014-10-05 07:11:00;909402N262;29;0.000;25;234;234;234;235;0.096;50.00;478.0;0.044;452.9;0.018;530.8;0.016;60;0;0;0.092;0.093;0.105;9;11;8;50.00;50.00;50.00;4033;1000;0.0;0;0.0000;0;0;0;0;0
60;2014-10-05 07:12:00;909402N262;38;0.000;25;234;234;234;235;0.116;50.00;482.0;0.052;467.3;0.022;581.8;0.019;60;0;0;0.113;0.112;0.125;12;12;12;50.00;50.00;50.00;4033;1000;0.0;0;0.0000;0;0;0;0;0
60;2014-10-05 07:13:00;909402N262;47;0.003;25;234;234;234;235;0.153;50.01;490.9;0.059;480.4;0.027;577.5;0.024;60;0;0;0.133;0.147;0.179;17;13;16;50.01;50.01;50.01;4033;1000;0.0;0;0.0000;0;0;3;3;3
60;2014-10-05 07:14:00;909402N262;56;0.003;25;234;234;234;235;0.180;50.00;498.1;0.066;489.7;0.032;600.4;0.028;60;0;0;0.178;0.137;0.225;24;11;20;50.00;50.00;50.00;4033;1000;0.0;0;0.0000;0;0;3;3;3
60;2014-10-05 07:15:00;909402N262;65;0.003;25;234;234;234;235;0.215;50.00;501.4;0.074;503.6;0.036;618.3;0.031;60;0;0;0.199;0.188;0.259;24;16;22;50.00;50.00;50.00;4033;1000;0.0;0;0.0000;0;0;3;3;3
60;2014-10-05 07:16:00;909402N262;70;0.005;25;234;234;233;236;0.230;50.00;499.7;0.081;493.8;0.041;592.8;0.035;60;0;0;0.243;0.189;0.260;28;22;19;50.00;50.00;50.00;4033;1000;0.0;0;0.0000;0;0;5;5;5
60;2014-10-05 07:17:00;909402N262;79;0.007;25;234;234;233;236;0.246;50.00;504.4;0.086;513.9;0.042;626.9;0.037;60;0;0;0.268;0.178;0.294;34;21;22;50.00;50.00;50.00;4033;1000;0.0;0;0.0000;0;0;7;7;7
60;2014-10-05 07:18:00;909402N262;85;0.008;25;234;234;233;236;0.258;50.00;505.7;0.091;521.6;0.043;625.5;0.040;60;0;0;0.287;0.152;0.336;38;18;28;50.00;50.00;50.00;4033;1000;0.0;0;0.0000;0;0;8;8;8
60;2014-10-05 07:19:00;909402N262;91;0.010;25;235;234;234;236;0.278;50.01;508.0;0.096;516.5;0.049;635.1;0.042;60;0;0;0.268;0.232;0.336;34;27;28;50.01;50.01;50.01;4033;1000;0.0;0;0.0000;0;0;10;10;10
60;2014-10-05 07:20:00;909402N262;95;0.010;25;234;234;233;236;0.279;49.99;510.1;0.100;518.3;0.050;614.9;0.045;60;0;0;0.245;0.278;0.315;31;35;28;49.99;49.99;49.99;4033;1000;0.0;0;0.0000;0;0;10;10;10
60;2014-10-05 07:21:00;909402N262;102;0.013;25;234;234;234;236;0.300;49.99;515.1;0.105;534.8;0.051;628.8;0.046;60;0;0;0.240;0.304;0.356;32;36;31;49.99;49.99;49.99;4033;1000;0.0;0;0.0000;0;0;13;13;13
60;2014-10-05 07:22:00;909402N262;109;0.013;25;234;233;234;236;0.297;49.99;520.3;0.111;538.9;0.056;640.9;0.049;60;0;0;0.245;0.349;0.297;34;45;29;49.99;49.99;49.99;4033;1000;0.0;0;0.0000;0;0;13;13;13
60;2014-10-05 07:23:00;909402N262;118;0.016;26;234;233;234;236;0.304;50.00;523.2;0.118;539.2;0.060;658.4;0.050;60;0;0;0.253;0.372;0.288;36;50;30;50.00;50.00;50.00;4033;1000;0.0;0;0.0000;0;0;16;16;16
60;2014-10-05 07:24:00;909402N262;126;0.019;26;234;233;234;236;0.303;50.01;527.6;0.124;553.3;0.062;665.0;0.053;60;0;0;0.275;0.339;0.297;42;46;36;50.01;50.01;50.01;4033;1000;0.0;0;0.0000;0;0;19;19;19
60;2014-10-05 07:25:00;909402N262;135;0.021;26;234;233;234;236;0.315;50.01;530.6;0.131;547.6;0.067;668.4;0.056;60;0;0;0.316;0.326;0.304;47;47;39;50.01;50.01;50.01;4033;1000;0.0;0;0.0000;0;0;21;21;21
60;2014-10-05 07:26:00;909402N262;143;0.024;26;234;233;234;236;0.370;50.00;533.0;0.139;553.0;0.070;650.3;0.061;60;0;0;0.411;0.345;0.356;58;43;40;50.00;50.00;50.00;4033;1000;0.0;0;0.0000;0;0;24;24;24
60;2014-10-05 07:27:00;909402N262;152;0.026;26;234;234;234;236;0.364;50.02;534.5;0.148;561.8;0.074;662.4;0.063;60;0;0;0.347;0.392;0.353;49;54;47;50.02;50.02;50.02;4033;1000;0.0;0;0.0000;0;0;26;26;26
60;2014-10-05 07:28:00;909402N262;164;0.028;26;234;234;234;236;0.376;50.01;535.1;0.158;558.2;0.080;667.6;0.068;60;0;0;0.380;0.365;0.383;56;54;52;50.01;50.01;50.01;4033;1000;0.0;0;0.0000;0;0;28;28;28
60;2014-10-05 07:29:00;909402N262;176;0.032;26;235;234;234;236;0.400;50.00;539.7;0.167;568.5;0.082;671.2;0.074;60;0;0;0.378;0.418;0.405;56;60;58;50.00;50.00;50.00;4033;1000;0.0;0;0.0000;0;0;32;32;32
60;2014-10-05 07:30:00;909402N262;189;0.035;26;235;234;234;236;0.433;50.02;542.2;0.178;566.2;0.088;669.7;0.079;60;0;0;0.416;0.482;0.401;61;69;57;50.02;50.02;50.02;4033;1000;0.0;0;0.0000;0;0;35;35;35
60;2014-10-05 07:31:00;909402N262;201;0.038;26;235;234;235;236;0.442;50.01;543.6;0.189;563.5;0.094;670.4;0.084;60;0;0;0.397;0.501;0.429;60;74;64;50.01;50.01;50.01;4033;1000;0.0;0;0.0000;0;0;38;38;38
60;2014-10-05 07:32:00;909402N262;217;0.041;26;234;234;234;235;0.471;50.01;545.8;0.200;575.7;0.100;680.0;0.088;60;0;0;0.441;0.517;0.456;68;78;69;50.01;50.01;50.01;4033;1000;0.0;0;0.0000;0;0;41;41;41
60;2014-10-05 07:33:00;909402N262;229;0.046;26;234;234;234;235;0.472;50.00;548.9;0.209;579.8;0.105;686.7;0.093;60;0;0;0.437;0.550;0.431;71;87;68;50.00;50.00;50.00;4033;1000;0.0;0;0.0000;0;0;46;46;46
60;2014-10-05 07:34:00;909402N262;240;0.049;26;234;234;234;234;0.477;50.00;549.9;0.217;582.1;0.109;698.2;0.096;60;0;0;0.437;0.577;0.418;73;95;70;50.00;50.00;50.00;4033;1000;0.0;0;0.0000;0;0;49;49;49
60;2014-10-05 07:35:00;909402N262;249;0.053;26;234;234;234;235;0.505;50.00;541.3;0.229;590.4;0.112;693.0;0.100;60;0;0;0.473;0.596;0.448;77;96;73;50.00;50.00;50.00;4033;1000;0.0;0;0.0000;0;0;53;53;53
60;2014-10-05 07:36:00;909402N262;255;0.058;26;234;234;234;235;0.516;50.01;538.1;0.237;580.7;0.116;694.6;0.103;60;0;0;0.462;0.607;0.480;76;97;79;50.01;50.01;50.01;4033;1000;0.0;0;0.0000;0;0;58;58;58
60;2014-10-05 07:37:00;909402N262;258;0.062;26;234;233;234;235;0.522;49.99;538.4;0.239;579.8;0.118;696.5;0.104;60;0;0;0.495;0.613;0.458;81;99;75;49.99;49.99;49.99;4033;1000;0.0;0;0.0000;0;0;62;62;62
60;2014-10-05 07:38:00;909402N262;258;0.066;26;234;233;235;235;0.526;50.00;539.0;0.239;579.7;0.117;693.2;0.105;60;0;0;0.494;0.616;0.470;80;100;76;50.00;50.00;50.00;4033;1000;0.0;0;0.0000;0;0;66;66;66
60;2014-10-05 07:39:00;909402N262;253;0.072;26;234;233;234;236;0.516;50.00;537.6;0.237;583.3;0.115;692.4;0.102;60;0;0;0.477;0.589;0.483;78;95;78;50.00;50.00;50.00;4033;1000;0.0;0;0.0000;0;0;72;72;72
60;2014-10-05 07:40:00;909402N262;246;0.075;27;234;233;234;236;0.493;50.00;538.9;0.230;583.8;0.111;697.8;0.098;60;0;0;0.447;0.567;0.467;74;93;77;50.00;50.00;50.00;4033;1000;0.0;0;0.0000;0;0;75;75;75
60;2014-10-05 07:41:00;909402N262;241;0.079;27;234;232;234;235;0.487;50.00;538.9;0.225;577.8;0.109;691.7;0.096;60;0;0;0.436;0.570;0.456;73;91;73;50.00;50.00;50.00;4033;1000;0.0;0;0.0000;0;0;79;79;79
60;2014-10-05 07:42:00;909402N262;240;0.082;27;234;232;235;235;0.492;49.99;539.9;0.225;577.0;0.109;689.0;0.096;60;0;0;0.422;0.576;0.479;70;92;76;49.99;49.99;49.99;4033;1000;0.0;0;0.0000;0;0;82;82;82
60;2014-10-05 07:43:00;909402N262;244;0.087;27;234;232;234;236;0.490;50.01;541.2;0.228;584.6;0.111;695.8;0.096;60;0;0;0.442;0.569;0.461;75;93;75;50.01;50.01;50.01;4033;1000;0.0;0;0.0000;0;0;87;87;87
60;2014-10-05 07:44:00;909402N262;251;0.091;27;234;232;234;236;0.517;50.00;541.9;0.233;579.4;0.116;691.0;0.099;60;0;0;0.472;0.573;0.507;77;91;80;50.00;50.00;50.00;4033;1000;0.0;0;0.0000;0;0;91;91;91
60;2014-10-05 07:45:00;909402N262;256;0.095;27;234;232;234;236;0.529;49.99;542.8;0.238;578.4;0.119;688.5;0.101;60;0;0;0.506;0.587;0.495;82;93;78;49.99;49.99;49.99;4033;1000;0.0;0;0.0000;0;0;95;95;95
60;2014-10-05 07:46:00;909402N262;260;0.100;27;234;232;234;236;0.532;49.98;533.5;0.246;580.5;0.121;683.6;0.105;60;0;0;0.489;0.615;0.493;80;100;78;49.98;49.98;49.98;4033;1000;0.0;0;0.0000;0;0;100;100;100
60;2014-10-05 07:47:00;909402N262;271;0.104;27;234;233;233;236;0.531;49.99;543.4;0.251;591.6;0.122;703.4;0.105;60;0;0;0.503;0.613;0.479;84;104;81;49.99;49.99;49.99;4033;1000;0.0;0;0.0000;0;0;104;104;104
60;2014-10-05 07:48:00;909402N262;283;0.108;28;234;233;233;235;0.556;50.01;543.4;0.260;586.3;0.127;704.5;0.110;60;0;0;0.514;0.647;0.507;87;109;85;50.01;50.01;50.01;4033;1000;0.0;0;0.0000;0;0;108;108;108
60;2014-10-05 07:49:00;909402N262;294;0.114;28;234;232;233;235;0.567;49.99;544.1;0.270;597.3;0.131;711.4;0.116;60;0;0;0.542;0.654;0.505;93;112;87;49.99;49.99;49.99;4033;1000;0.0;0;0.0000;0;0;114;114;114
60;2014-10-05 07:50:00;909402N262;305;0.119;28;234;232;234;235;0.591;49.99;544.2;0.277;589.5;0.138;708.2;0.121;60;0;0;0.568;0.682;0.523;98;116;89;49.99;49.99;49.99;4033;1000;0.0;0;0.0000;0;0;119;119;119
60;2014-10-05 07:51:00;909402N262;310;0.124;28;234;232;234;235;0.600;50.00;543.9;0.281;595.8;0.140;706.0;0.124;60;0;0;0.562;0.659;0.579;97;113;98;50.00;50.00;50.00;4033;1000;0.0;0;0.0000;0;0;124;124;124
60;2014-10-05 07:52:00;909402N262;310;0.130;28;234;232;234;235;0.598;49.99;543.5;0.281;598.5;0.140;707.3;0.123;60;0;0;0.563;0.666;0.567;97;113;98;49.99;49.99;49.99;4033;1000;0.0;0;0.0000;0;0;130;130;130
60;2014-10-05 07:53:00;909402N262;309;0.134;28;234;232;234;235;0.599;49.99;543.4;0.281;598.8;0.140;705.5;0.121;60;0;0;0.546;0.688;0.565;94;117;96;49.99;49.99;49.99;4033;1000;0.0;0;0.0000;0;0;134;134;134
60;2014-10-05 07:54:00;909402N262;308;0.140;28;233;232;234;235;0.586;50.00;543.0;0.281;595.0;0.139;712.4;0.119;60;0;0;0.556;0.679;0.525;98;117;91;50.00;50.00;50.00;4033;1000;0.0;0;0.0000;0;0;140;140;140
60;2014-10-05 07:55:00;909402N262;306;0.145;28;234;232;234;235;0.572;50.01;542.1;0.282;593.2;0.139;720.4;0.117;60;0;0;0.559;0.655;0.504;98;117;90;50.01;50.01;50.01;4033;1000;0.0;0;0.0000;0;0;145;145;145
60;2014-10-05 07:56:00;909402N262;306;0.150;28;234;232;234;235;0.580;50.00;542.2;0.283;592.2;0.137;718.5;0.117;60;0;0;0.562;0.674;0.505;99;117;88;50.00;50.00;50.00;4033;1000;0.0;0;0.0000;0;0;150;150;150
60;2014-10-05 07:57:00;909402N262;304;0.155;28;234;233;234;235;0.572;50.00;542.7;0.283;591.2;0.136;720.1;0.116;60;0;0;0.540;0.659;0.518;95;116;91;50.00;50.00;50.00;4033;1000;0.0;0;0.0000;0;0;155;155;155
60;2014-10-05 07:58:00;909402N262;304;0.161;29;234;233;234;236;0.576;50.02;542.4;0.283;590.5;0.136;716.7;0.116;60;0;0;0.553;0.680;0.497;97;118;87;50.02;50.02;50.02;4033;1000;0.0;0;0.0000;0;0;161;161;161
60;2014-10-05 07:59:00;909402N262;303;0.165;29;235;233;234;236;0.583;50.03;541.1;0.285;589.2;0.136;711.1;0.116;60;0;0;0.568;0.661;0.521;98;113;91;50.03;50.03;50.03;4033;1000;0.0;0;0.0000;0;0;165;165;165
60;2014-10-05 08:00:00;909402N262;306;0.170;29;234;233;234;236;0.581;50.03;542.5;0.287;588.5;0.137;714.0;0.116;60;0;0;0.561;0.666;0.517;98;115;91;50.03;50.03;50.03;4033;1000;0.0;0;0.0000;0;0;170;170;170
[wr_ende]
