20141211;090001;danfoss;My Plant;+0100
[wr_def_start]
909402N262;Inverter Type;Inverter Group;Hanzl
[wr_def_end]
[wr]
INTERVAL;TIMESTAMP;SERIAL;P_AC;E_DAY;T_WR;U_AC;U_AC_1;U_AC_2;U_AC_3;I_AC;F_AC;U_DC_1;I_DC_1;U_DC_2;I_DC_2;U_DC_3;I_DC_3;S;E_WR;M_WR;I_AC_1;I_AC_2;I_AC_3;P_AC_1;P_AC_2;P_AC_3;F_AC_1;F_AC_2;F_AC_3;R_DC;PC;PCS;PCS_LL;COS_PHI;COS_PHI_LL;S_COS_PHI;Current_Day_Energy;current_Day_Offset;ccEnergyOfDay_WithoutOffset
60;2014-12-11 08:01:00;909402N262;76;0.015;24;232;231;231;233;0.567;49.98;536.0;0.079;494.0;0.033;630.6;0.031;60;0;0;0.563;0.305;0.835;42;12;25;49.98;49.98;49.98;8521;1000;0.0;0;1.0000;0;2;15;15;15
60;2014-12-11 08:02:00;909402N262;82;0.016;24;232;231;231;233;0.535;49.97;545.8;0.083;519.1;0.035;614.7;0.034;60;0;0;0.532;0.254;0.820;48;13;21;49.97;49.97;49.97;8521;1000;0.0;0;1.0000;0;2;16;16;16
60;2014-12-11 08:03:00;909402N262;87;0.017;24;232;231;231;233;0.519;49.97;544.7;0.087;541.2;0.035;638.9;0.035;60;0;0;0.485;0.335;0.737;48;16;30;49.97;49.97;49.97;8521;1000;0.0;0;1.0000;0;2;17;17;17
60;2014-12-11 08:04:00;909402N262;92;0.018;24;231;230;231;233;0.499;49.97;549.1;0.090;533.0;0.037;647.8;0.038;60;0;0;0.436;0.383;0.679;47;13;36;49.97;49.97;49.97;8521;1000;0.0;0;1.0000;0;2;18;18;18
60;2014-12-11 08:05:00;909402N262;96;0.019;24;232;230;232;233;0.326;49.97;547.0;0.094;520.0;0.039;662.8;0.039;60;0;0;0.282;0.342;0.354;37;35;23;49.97;49.97;49.97;8521;1000;0.0;0;1.0000;0;2;19;19;19
60;2014-12-11 08:06:00;909402N262;99;0.021;24;231;230;231;233;0.308;49.96;548.8;0.097;529.1;0.039;667.3;0.039;60;0;0;0.297;0.279;0.350;40;30;30;49.96;49.96;49.96;8521;1000;0.0;0;1.0000;0;2;21;21;21
60;2014-12-11 08:07:00;909402N262;101;0.023;25;232;231;231;233;0.449;49.97;551.4;0.099;534.0;0.040;658.2;0.040;60;0;0;0.456;0.255;0.637;52;17;37;49.97;49.97;49.97;8521;1000;0.0;0;1.0000;0;2;23;23;23
60;2014-12-11 08:08:00;909402N262;102;0.024;25;231;231;231;233;0.644;49.98;552.6;0.101;530.8;0.041;643.3;0.042;60;0;0;0.647;0.310;0.976;65;3;48;49.98;49.98;49.98;8521;1000;0.0;0;1.0000;0;2;24;24;24
60;2014-12-11 08:09:00;909402N262;105;0.026;25;231;230;231;233;0.611;49.98;550.7;0.105;530.4;0.042;646.1;0.042;60;0;0;0.596;0.372;0.865;57;14;43;49.98;49.98;49.98;8521;1000;0.0;0;1.0000;0;2;26;26;26
60;2014-12-11 08:10:00;909402N262;109;0.029;25;231;231;231;232;0.467;49.99;551.1;0.109;535.7;0.042;652.5;0.042;60;0;0;0.452;0.402;0.547;42;32;36;49.99;49.99;49.99;8521;1000;0.0;0;1.0000;0;2;29;29;29
60;2014-12-11 08:11:00;909402N262;112;0.029;25;231;231;231;232;0.409;50.00;554.0;0.110;542.7;0.042;656.8;0.042;60;0;0;0.386;0.380;0.462;37;41;32;50.00;50.00;50.00;8521;1000;0.0;0;1.0000;0;2;29;29;29
60;2014-12-11 08:12:00;909402N262;115;0.032;25;231;231;231;232;0.289;49.99;553.1;0.113;549.4;0.042;670.7;0.042;60;0;0;0.286;0.277;0.304;40;40;34;49.99;49.99;49.99;8521;1000;0.0;0;1.0000;0;2;32;32;32
60;2014-12-11 08:13:00;909402N262;117;0.035;25;231;231;232;232;0.269;49.99;553.7;0.115;553.7;0.042;674.1;0.042;60;0;0;0.247;0.317;0.243;36;45;33;49.99;49.99;49.99;8521;1000;0.0;0;1.0000;0;2;35;35;35
60;2014-12-11 08:14:00;909402N262;118;0.035;25;231;230;231;232;0.401;49.99;554.4;0.117;560.6;0.042;663.9;0.044;60;0;0;0.369;0.413;0.423;37;43;36;49.99;49.99;49.99;8521;1000;0.0;0;1.0000;0;2;35;35;35
60;2014-12-11 08:15:00;909402N262;119;0.038;26;231;231;231;231;0.534;50.01;555.5;0.119;566.4;0.042;649.7;0.045;60;0;0;0.463;0.654;0.485;24;59;34;50.01;50.01;50.01;8521;1000;0.0;0;1.0000;0;2;38;38;38
60;2014-12-11 08:16:00;909402N262;121;0.039;26;231;230;231;232;0.460;50.01;548.4;0.122;561.2;0.043;642.5;0.046;60;0;0;0.413;0.442;0.525;41;43;35;50.01;50.01;50.01;8521;1000;0.0;0;1.0000;0;2;39;39;39
60;2014-12-11 08:17:00;909402N262;125;0.042;26;231;230;230;233;0.364;50.00;554.9;0.125;547.6;0.047;665.5;0.046;60;0;0;0.328;0.344;0.421;46;46;31;50.00;50.00;50.00;8521;1000;0.0;0;1.0000;0;2;42;42;42
60;2014-12-11 08:18:00;909402N262;128;0.044;26;231;230;230;233;0.321;50.01;558.1;0.127;545.7;0.049;670.9;0.046;60;0;0;0.275;0.318;0.370;43;49;34;50.01;50.01;50.01;8521;1000;0.0;0;1.0000;0;2;44;44;44
60;2014-12-11 08:19:00;909402N262;131;0.047;26;231;230;230;233;0.286;49.99;561.4;0.128;547.7;0.050;676.0;0.046;60;0;0;0.268;0.291;0.301;44;47;37;49.99;49.99;49.99;8521;1000;0.0;0;1.0000;0;2;47;47;47
60;2014-12-11 08:20:00;909402N262;133;0.048;26;231;230;231;233;0.250;49.99;563.4;0.131;550.0;0.050;686.8;0.046;60;0;0;0.247;0.248;0.255;44;44;43;49.99;49.99;49.99;8521;1000;0.0;0;1.0000;0;2;48;48;48
60;2014-12-11 08:21:00;909402N262;136;0.051;26;231;230;231;233;0.238;50.00;563.7;0.134;548.5;0.050;697.5;0.046;60;0;0;0.238;0.243;0.235;44;45;45;50.00;50.00;50.00;8521;1000;0.0;0;1.0000;0;2;51;51;51
60;2014-12-11 08:22:00;909402N262;139;0.053;26;231;231;230;233;0.239;50.00;565.8;0.136;550.6;0.051;703.8;0.046;60;0;0;0.232;0.248;0.237;45;47;45;50.00;50.00;50.00;8521;1000;0.0;0;1.0000;0;2;53;53;53
60;2014-12-11 08:23:00;909402N262;142;0.056;26;231;231;230;233;0.391;50.01;568.8;0.139;557.6;0.053;672.0;0.050;60;0;0;0.368;0.370;0.437;49;53;38;50.01;50.01;50.01;8521;1000;0.0;0;1.0000;0;2;56;56;56
60;2014-12-11 08:24:00;909402N262;147;0.058;26;231;231;230;233;0.325;50.00;568.9;0.144;564.2;0.054;677.9;0.052;60;0;0;0.306;0.351;0.318;47;55;41;50.00;50.00;50.00;8521;1000;0.0;0;1.0000;0;2;58;58;58
60;2014-12-11 08:25:00;909402N262;151;0.060;26;231;231;230;233;0.282;49.98;569.4;0.149;573.7;0.054;702.2;0.052;60;0;0;0.284;0.336;0.228;50;59;42;49.98;49.98;49.98;8521;1000;0.0;0;1.0000;0;2;60;60;60
60;2014-12-11 08:26:00;909402N262;157;0.063;27;231;231;231;232;0.337;49.99;570.5;0.154;564.9;0.056;695.5;0.054;60;0;0;0.306;0.397;0.310;48;62;46;49.99;49.99;49.99;8521;1000;0.0;0;1.0000;0;2;63;63;63
60;2014-12-11 08:27:00;909402N262;163;0.066;27;231;231;231;233;0.330;49.99;573.0;0.160;562.7;0.059;684.4;0.058;60;0;0;0.301;0.380;0.309;49;62;50;49.99;49.99;49.99;8521;1000;0.0;0;1.0000;0;2;66;66;66
60;2014-12-11 08:28:00;909402N262;172;0.069;27;231;231;230;233;0.426;50.00;577.1;0.167;568.6;0.062;677.9;0.060;60;0;0;0.389;0.448;0.442;54;68;49;50.00;50.00;50.00;8521;1000;0.0;0;1.0000;0;2;69;69;69
60;2014-12-11 08:29:00;909402N262;181;0.072;27;231;230;231;232;0.351;50.00;578.5;0.173;578.8;0.064;694.6;0.062;60;0;0;0.325;0.432;0.296;56;72;51;50.00;50.00;50.00;8521;1000;0.0;0;1.0000;0;2;72;72;72
60;2014-12-11 08:30:00;909402N262;192;0.075;27;231;230;231;232;0.362;50.00;577.1;0.183;573.1;0.070;708.5;0.065;60;0;0;0.350;0.430;0.307;62;73;54;50.00;50.00;50.00;8521;1000;0.0;0;1.0000;0;2;75;75;75
60;2014-12-11 08:31:00;909402N262;200;0.079;27;231;230;231;232;0.396;50.01;571.4;0.194;574.4;0.074;695.1;0.071;60;0;0;0.359;0.472;0.357;61;79;59;50.01;50.01;50.01;8521;1000;0.0;0;1.0000;0;2;79;79;79
60;2014-12-11 08:32:00;909402N262;216;0.082;27;231;230;231;232;0.400;50.01;580.2;0.204;584.3;0.078;717.7;0.075;60;0;0;0.371;0.515;0.315;66;91;58;50.01;50.01;50.01;8521;1000;0.0;0;1.0000;0;2;82;82;82
60;2014-12-11 08:33:00;909402N262;236;0.086;27;231;230;231;232;0.444;50.01;583.5;0.218;594.2;0.085;717.3;0.082;60;0;0;0.406;0.533;0.394;72;92;70;50.01;50.01;50.01;8521;1000;0.0;0;1.0000;0;2;86;86;86
60;2014-12-11 08:34:00;909402N262;256;0.091;27;231;230;231;232;0.472;50.00;587.7;0.234;599.7;0.093;732.6;0.087;60;0;0;0.441;0.570;0.407;79;100;73;50.00;50.00;50.00;8521;1000;0.0;0;1.0000;0;2;91;91;91
60;2014-12-11 08:35:00;909402N262;279;0.094;27;231;230;231;232;0.510;49.98;595.1;0.250;605.2;0.103;734.5;0.094;60;0;0;0.470;0.596;0.465;85;107;84;49.98;49.98;49.98;8521;1000;0.0;0;1.0000;0;2;94;94;94
60;2014-12-11 08:36:00;909402N262;306;0.100;27;231;230;231;231;0.556;49.99;597.3;0.271;615.2;0.113;743.9;0.102;60;0;0;0.554;0.639;0.476;101;115;88;49.99;49.99;49.99;8521;1000;0.0;0;1.0000;0;2;100;100;100
60;2014-12-11 08:37:00;909402N262;333;0.105;28;230;229;231;231;0.599;49.99;603.5;0.291;621.8;0.123;752.9;0.110;60;0;0;0.595;0.676;0.527;109;123;98;49.99;49.99;49.99;8521;1000;0.0;0;1.0000;0;2;105;105;105
60;2014-12-11 08:38:00;909402N262;357;0.111;28;230;229;231;231;0.640;50.01;602.4;0.311;628.2;0.130;758.5;0.120;60;0;0;0.617;0.727;0.577;113;134;108;50.01;50.01;50.01;8521;1000;0.0;0;1.0000;0;2;111;111;111
60;2014-12-11 08:39:00;909402N262;376;0.117;28;232;231;233;233;0.673;50.00;598.6;0.327;629.1;0.137;764.6;0.127;60;0;0;0.648;0.747;0.624;120;137;117;50.00;50.00;50.00;8521;1000;0.0;0;1.0000;0;2;117;117;117
60;2014-12-11 08:40:00;909402N262;405;0.125;28;233;232;234;234;0.717;50.00;597.4;0.350;632.6;0.148;766.0;0.139;60;0;0;0.680;0.782;0.689;128;145;130;50.00;50.00;50.00;8521;1000;0.0;0;1.0000;0;2;125;125;125
60;2014-12-11 08:41:00;909402N262;435;0.132;28;233;232;234;234;1.068;49.99;600.8;0.370;634.7;0.159;773.6;0.148;60;0;0;1.029;1.104;1.071;134;153;146;49.99;49.99;49.99;8521;1000;0.0;0;1.0000;0;2;132;132;132
60;2014-12-11 08:42:00;909402N262;461;0.140;28;234;233;234;234;1.304;49.99;596.8;0.394;642.2;0.166;776.8;0.158;60;0;0;1.282;1.316;1.315;144;157;157;49.99;49.99;49.99;8521;1000;0.0;0;1.0000;0;2;140;140;140
60;2014-12-11 08:43:00;909402N262;484;0.147;28;234;233;234;234;1.322;50.00;584.8;0.422;641.6;0.174;780.6;0.165;60;0;0;1.303;1.331;1.332;153;165;165;50.00;50.00;50.00;8521;1000;0.0;0;1.0000;0;2;147;147;147
60;2014-12-11 08:44:00;909402N262;494;0.155;28;234;233;235;235;1.323;50.01;576.1;0.436;635.7;0.178;780.6;0.169;60;0;0;1.303;1.337;1.330;155;169;167;50.01;50.01;50.01;8521;1000;0.0;0;1.0000;0;2;155;155;155
60;2014-12-11 08:45:00;909402N262;501;0.164;28;234;233;234;235;1.335;50.02;573.3;0.446;637.3;0.179;777.9;0.173;60;0;0;1.312;1.350;1.343;157;171;171;50.02;50.02;50.02;8521;1000;0.0;0;1.0000;0;2;164;164;164
60;2014-12-11 08:46:00;909402N262;510;0.173;28;234;233;234;235;1.328;50.00;563.8;0.466;626.3;0.183;778.3;0.177;60;0;0;1.301;1.343;1.342;158;175;175;50.00;50.00;50.00;8521;1000;0.0;0;1.0000;0;2;173;173;173
60;2014-12-11 08:47:00;909402N262;529;0.181;28;234;233;234;236;1.360;50.00;567.5;0.479;635.6;0.186;778.8;0.184;60;0;0;1.334;1.376;1.372;165;181;181;50.00;50.00;50.00;8521;1000;0.0;0;1.0000;0;2;181;181;181
60;2014-12-11 08:48:00;909402N262;540;0.190;29;234;233;234;236;1.358;50.01;568.9;0.488;638.6;0.187;782.0;0.187;60;0;0;1.335;1.375;1.365;168;187;182;50.01;50.01;50.01;8521;1000;0.0;0;1.0000;0;2;190;190;190
60;2014-12-11 08:49:00;909402N262;562;0.199;29;232;231;232;233;1.366;50.01;571.3;0.505;645.5;0.193;781.1;0.195;60;0;0;1.329;1.382;1.387;174;192;195;50.01;50.01;50.01;8521;1000;0.0;0;1.0000;0;2;199;199;199
60;2014-12-11 08:50:00;909402N262;581;0.210;29;232;231;231;234;1.376;50.01;575.1;0.519;647.3;0.199;785.7;0.200;60;0;0;1.344;1.386;1.398;181;197;201;50.01;50.01;50.01;8521;1000;0.0;0;1.0000;0;2;210;210;210
60;2014-12-11 08:51:00;909402N262;588;0.219;29;231;231;230;234;1.400;50.02;566.7;0.537;648.1;0.200;781.3;0.202;60;0;0;1.371;1.405;1.425;185;198;203;50.02;50.02;50.02;8521;1000;0.0;0;1.0000;0;2;219;219;219
60;2014-12-11 08:52:00;909402N262;587;0.229;29;232;231;230;234;1.390;50.00;552.7;0.555;644.7;0.199;784.6;0.199;60;0;0;1.359;1.394;1.417;183;199;204;50.00;50.00;50.00;8521;1000;0.0;0;1.0000;0;2;229;229;229
60;2014-12-11 08:53:00;909402N262;579;0.239;29;232;230;231;234;1.386;49.99;553.1;0.550;638.8;0.197;785.1;0.195;60;0;0;1.354;1.396;1.408;180;198;200;49.99;49.99;49.99;8521;1000;0.0;0;1.0000;0;2;239;239;239
60;2014-12-11 08:54:00;909402N262;568;0.248;29;232;230;231;234;1.377;49.99;552.0;0.542;643.4;0.191;759.8;0.198;60;0;0;1.343;1.388;1.402;177;193;196;49.99;49.99;49.99;8521;1000;0.0;0;1.0000;0;2;248;248;248
60;2014-12-11 08:55:00;909402N262;568;0.257;29;232;230;231;233;1.384;49.99;551.7;0.540;640.9;0.190;770.9;0.198;60;0;0;1.357;1.392;1.403;178;194;194;49.99;49.99;49.99;8521;1000;0.0;0;1.0000;0;2;257;257;257
60;2014-12-11 08:56:00;909402N262;567;0.267;30;232;231;231;233;1.385;50.00;551.1;0.538;632.5;0.188;772.2;0.202;60;0;0;1.357;1.395;1.404;178;192;194;50.00;50.00;50.00;8521;1000;0.0;0;1.0000;0;2;267;267;267
60;2014-12-11 08:57:00;909402N262;539;0.276;30;232;231;231;233;1.363;50.01;549.8;0.515;629.3;0.176;777.3;0.193;60;0;0;1.336;1.376;1.377;168;184;185;50.01;50.01;50.01;8521;1000;0.0;0;1.0000;0;2;276;276;276
60;2014-12-11 08:58:00;909402N262;464;0.284;30;232;231;231;233;1.300;50.01;534.2;0.463;621.4;0.155;771.7;0.162;60;0;0;1.280;1.305;1.317;145;157;160;50.01;50.01;50.01;8521;1000;0.0;0;1.0000;0;2;284;284;284
60;2014-12-11 08:59:00;909402N262;445;0.292;30;232;230;232;233;1.282;50.02;526.5;0.454;621.3;0.149;768.9;0.155;60;0;0;1.259;1.288;1.301;138;151;154;50.02;50.02;50.02;8521;1000;0.0;0;1.0000;0;2;292;292;292
60;2014-12-11 09:00:00;909402N262;486;0.299;30;232;230;232;233;1.319;50.02;537.9;0.483;628.1;0.156;774.0;0.174;60;0;0;1.299;1.326;1.333;153;165;167;50.02;50.02;50.02;8521;1000;0.0;0;1.0000;0;2;299;299;299
[wr_ende]
