20140425;110001;danfoss;My Plant;+0100
[wr_def_start]
909402N262;Inverter Type;Inverter Group;Hanzl
[wr_def_end]
[wr]
INTERVAL;TIMESTAMP;SERIAL;P_AC;E_DAY;T_WR;U_AC;U_AC_1;U_AC_2;U_AC_3;I_AC;F_AC;U_DC_1;I_DC_1;U_DC_2;I_DC_2;U_DC_3;I_DC_3;S;E_WR;M_WR;I_AC_1;I_AC_2;I_AC_3;P_AC_1;P_AC_2;P_AC_3;F_AC_1;F_AC_2;F_AC_3;R_DC;PC;PCS;PCS_LL;COS_PHI;COS_PHI_LL;S_COS_PHI;Current_Day_Energy;current_Day_Offset;ccEnergyOfDay_WithoutOffset
60;2014-04-25 10:01:00;909402N262;822;2.465;35;234;235;233;234;1.364;49.97;562.2;0.648;621.4;0.343;775.5;0.327;60;0;0;1.346;1.405;1.341;271;281;268;49.97;49.97;49.97;8213;1000;0.0;0;0.0000;0;0;2465;2465;2465
60;2014-04-25 10:02:00;909402N262;797;2.479;35;234;235;232;234;1.338;49.96;566.8;0.623;634.9;0.329;777.6;0.312;60;0;0;1.306;1.380;1.329;260;274;261;49.96;49.96;49.96;8213;1000;0.0;0;0.0000;0;0;2479;2479;2479
60;2014-04-25 10:03:00;909402N262;774;2.492;35;234;235;232;234;1.316;49.96;568.2;0.603;632.1;0.322;773.1;0.304;60;0;0;1.308;1.343;1.297;255;264;252;49.96;49.96;49.96;8213;1000;0.0;0;0.0000;0;0;2492;2492;2492
60;2014-04-25 10:04:00;909402N262;774;2.505;35;234;235;233;234;1.312;49.97;553.3;0.618;632.9;0.325;772.9;0.304;60;0;0;1.306;1.348;1.284;256;267;249;49.97;49.97;49.97;8213;1000;0.0;0;0.0000;0;0;2505;2505;2505
60;2014-04-25 10:05:00;909402N262;799;2.518;35;234;235;234;233;1.342;49.96;550.4;0.636;635.0;0.334;775.6;0.315;60;0;0;1.309;1.385;1.332;260;277;260;49.96;49.96;49.96;8213;1000;0.0;0;0.0000;0;0;2518;2518;2518
60;2014-04-25 10:06:00;909402N262;828;2.532;35;234;235;235;233;1.387;49.97;570.8;0.635;635.1;0.346;777.2;0.327;60;0;0;1.361;1.443;1.357;271;287;268;49.97;49.97;49.97;8213;1000;0.0;0;0.0000;0;0;2532;2532;2532
60;2014-04-25 10:07:00;909402N262;847;2.546;35;234;235;234;233;1.416;49.97;569.4;0.653;636.2;0.353;776.5;0.333;60;0;0;1.412;1.440;1.396;282;287;276;49.97;49.97;49.97;8213;1000;0.0;0;0.0000;0;0;2546;2546;2546
60;2014-04-25 10:08:00;909402N262;863;2.561;35;234;235;234;233;1.436;49.97;567.8;0.667;636.7;0.358;776.2;0.341;60;0;0;1.436;1.449;1.423;287;291;282;49.97;49.97;49.97;8213;1000;0.0;0;0.0000;0;0;2561;2561;2561
60;2014-04-25 10:09:00;909402N262;877;2.576;35;234;235;234;233;1.454;49.97;566.0;0.680;636.9;0.363;777.6;0.347;60;0;0;1.445;1.483;1.434;290;298;286;49.97;49.97;49.97;8213;1000;0.0;0;0.0000;0;0;2576;2576;2576
60;2014-04-25 10:10:00;909402N262;879;2.591;35;234;235;233;233;1.455;49.97;563.9;0.684;636.8;0.362;777.3;0.348;60;0;0;1.453;1.480;1.433;292;298;286;49.97;49.97;49.97;8213;1000;0.0;0;0.0000;0;0;2591;2591;2591
60;2014-04-25 10:11:00;909402N262;849;2.603;35;234;235;233;234;1.419;49.97;560.6;0.669;635.8;0.349;776.7;0.335;60;0;0;1.409;1.437;1.413;282;286;279;49.97;49.97;49.97;8213;1000;0.0;0;0.0000;0;0;2603;2603;2603
60;2014-04-25 10:12:00;909402N262;810;2.618;35;234;235;234;234;1.361;49.98;559.4;0.641;634.5;0.335;773.9;0.320;60;0;0;1.327;1.404;1.352;264;278;266;49.98;49.98;49.98;8213;1000;0.0;0;0.0000;0;0;2618;2618;2618
60;2014-04-25 10:13:00;909402N262;784;2.631;35;234;235;234;234;1.326;49.98;558.0;0.618;633.3;0.327;772.1;0.311;60;0;0;1.301;1.366;1.312;255;270;256;49.98;49.98;49.98;8213;1000;0.0;0;0.0000;0;0;2631;2631;2631
60;2014-04-25 10:14:00;909402N262;777;2.643;35;234;235;234;235;1.315;49.98;558.3;0.609;633.3;0.326;773.1;0.309;60;0;0;1.290;1.362;1.293;253;268;252;49.98;49.98;49.98;8213;1000;0.0;0;0.0000;0;0;2643;2643;2643
60;2014-04-25 10:15:00;909402N262;778;2.656;35;235;235;234;235;1.323;49.96;557.9;0.609;634.0;0.325;769.6;0.312;60;0;0;1.309;1.363;1.299;257;268;252;49.96;49.96;49.96;8213;1000;0.0;0;0.0000;0;0;2656;2656;2656
60;2014-04-25 10:16:00;909402N262;758;2.670;35;235;235;234;235;1.283;49.97;551.6;0.605;622.9;0.324;758.8;0.310;60;0;0;1.268;1.326;1.256;249;262;246;49.97;49.97;49.97;8213;1000;0.0;0;0.0000;0;0;2670;2670;2670
60;2014-04-25 10:17:00;909402N262;755;2.682;35;235;235;234;235;1.261;49.96;556.2;0.591;631.6;0.320;766.3;0.304;60;0;0;1.240;1.286;1.258;246;257;250;49.96;49.96;49.96;8213;1000;0.0;0;0.0000;0;0;2682;2682;2682
60;2014-04-25 10:18:00;909402N262;776;2.695;35;235;235;234;235;1.288;49.97;556.2;0.604;634.1;0.328;769.3;0.313;60;0;0;1.285;1.315;1.265;257;264;253;49.97;49.97;49.97;8213;1000;0.0;0;0.0000;0;0;2695;2695;2695
60;2014-04-25 10:19:00;909402N262;813;2.708;35;234;235;234;235;1.332;49.98;557.1;0.630;635.4;0.341;770.9;0.330;60;0;0;1.323;1.348;1.325;268;275;268;49.98;49.98;49.98;8213;1000;0.0;0;0.0000;0;0;2708;2708;2708
60;2014-04-25 10:20:00;909402N262;876;2.722;35;235;235;234;235;1.408;49.99;558.2;0.678;637.5;0.364;775.8;0.353;60;0;0;1.394;1.423;1.407;287;296;290;49.99;49.99;49.99;8213;1000;0.0;0;0.0000;0;0;2722;2722;2722
60;2014-04-25 10:21:00;909402N262;866;2.737;35;235;235;234;235;1.394;49.98;558.3;0.677;636.8;0.357;774.4;0.347;60;0;0;1.381;1.406;1.396;284;291;288;49.98;49.98;49.98;8213;1000;0.0;0;0.0000;0;0;2737;2737;2737
60;2014-04-25 10:22:00;909402N262;846;2.752;35;235;235;234;235;1.371;49.98;559.1;0.659;635.6;0.352;773.0;0.340;60;0;0;1.364;1.383;1.367;278;285;280;49.98;49.98;49.98;8213;1000;0.0;0;0.0000;0;0;2752;2752;2752
60;2014-04-25 10:23:00;909402N262;895;2.767;35;235;235;234;235;1.429;49.98;560.9;0.695;637.5;0.370;777.3;0.359;60;0;0;1.412;1.448;1.429;293;304;296;49.98;49.97;49.98;8213;1000;0.0;0;0.0000;0;0;2767;2767;2767
60;2014-04-25 10:24:00;909402N262;896;2.782;35;234;235;234;235;1.431;49.98;560.6;0.699;637.1;0.369;777.1;0.358;60;0;0;1.421;1.447;1.425;295;303;296;49.98;49.98;49.98;8213;1000;0.0;0;0.0000;0;0;2782;2782;2782
60;2014-04-25 10:25:00;909402N262;884;2.796;35;234;235;234;235;1.418;49.98;559.6;0.691;636.5;0.364;775.5;0.354;60;0;0;1.400;1.431;1.423;290;297;295;49.98;49.98;49.98;8213;1000;0.0;0;0.0000;0;0;2796;2796;2796
60;2014-04-25 10:26:00;909402N262;889;2.811;35;234;234;234;235;1.424;49.99;560.4;0.694;637.1;0.364;776.3;0.356;60;0;0;1.415;1.439;1.420;293;300;294;49.99;49.99;49.99;8213;1000;0.0;0;0.0000;0;0;2811;2811;2811
60;2014-04-25 10:27:00;909402N262;853;2.825;35;234;234;234;235;1.385;50.00;561.2;0.668;635.5;0.349;773.7;0.342;60;0;0;1.378;1.400;1.377;281;289;282;50.00;50.00;50.00;8213;1000;0.0;0;0.0000;0;0;2825;2825;2825
60;2014-04-25 10:28:00;909402N262;782;2.838;35;235;235;234;235;1.292;49.99;561.1;0.615;633.2;0.321;770.5;0.314;60;0;0;1.268;1.318;1.291;255;266;259;49.99;49.99;49.99;8213;1000;0.0;0;0.0000;0;0;2838;2838;2838
60;2014-04-25 10:29:00;909402N262;728;2.850;35;235;235;234;235;1.229;50.00;559.7;0.572;630.1;0.301;768.7;0.292;60;0;0;1.213;1.250;1.224;237;248;241;50.00;50.00;50.00;8213;1000;0.0;0;0.0000;0;0;2850;2850;2850
60;2014-04-25 10:30:00;909402N262;678;2.861;35;235;235;234;235;1.165;49.99;556.5;0.536;628.7;0.282;764.5;0.273;60;0;0;1.133;1.199;1.164;218;231;226;49.99;49.99;49.99;8213;1000;0.0;0;0.0000;0;0;2861;2861;2861
60;2014-04-25 10:31:00;909402N262;646;2.872;35;234;235;234;235;1.121;49.97;550.3;0.521;607.4;0.278;752.1;0.267;60;0;0;1.088;1.155;1.120;209;219;216;49.97;49.97;49.97;8213;1000;0.0;0;0.0000;0;0;2872;2872;2872
60;2014-04-25 10:32:00;909402N262;641;2.884;35;234;234;234;234;1.107;49.99;553.9;0.507;626.2;0.269;763.2;0.259;60;0;0;1.089;1.112;1.122;210;213;216;49.99;49.99;49.99;8213;1000;0.0;0;0.0000;0;0;2884;2884;2884
60;2014-04-25 10:33:00;909402N262;638;2.893;35;234;234;234;235;1.103;50.00;552.7;0.504;626.9;0.268;762.8;0.258;60;0;0;1.093;1.115;1.102;210;213;212;50.00;50.00;50.00;8213;1000;0.0;0;0.0000;0;0;2893;2893;2893
60;2014-04-25 10:34:00;909402N262;641;2.905;35;234;234;234;234;1.110;50.00;552.4;0.506;626.3;0.272;762.8;0.260;60;0;0;1.097;1.130;1.105;210;216;213;50.00;50.00;50.00;8213;1000;0.0;0;0.0000;0;0;2905;2905;2905
60;2014-04-25 10:35:00;909402N262;654;2.914;35;234;235;234;234;1.135;50.00;552.4;0.513;627.3;0.278;758.5;0.267;60;0;0;1.095;1.168;1.144;209;223;220;50.00;50.00;50.00;8213;1000;0.0;0;0.0000;0;0;2914;2914;2914
60;2014-04-25 10:36:00;909402N262;704;2.926;35;234;235;234;234;1.209;50.01;555.4;0.548;629.6;0.298;764.4;0.287;60;0;0;1.196;1.229;1.203;230;238;234;50.01;50.01;50.01;8213;1000;0.0;0;0.0000;0;0;2926;2926;2926
60;2014-04-25 10:37:00;909402N262;754;2.940;35;234;234;234;234;1.270;50.00;557.8;0.585;631.8;0.318;766.7;0.307;60;0;0;1.253;1.298;1.259;246;258;248;50.00;50.00;50.00;8213;1000;0.0;0;0.0000;0;0;2940;2940;2940
60;2014-04-25 10:38:00;909402N262;792;2.953;35;234;234;234;234;1.311;50.01;558.2;0.616;635.2;0.330;768.3;0.321;60;0;0;1.307;1.335;1.292;261;271;258;50.01;50.01;50.01;8213;1000;0.0;0;0.0000;0;0;2953;2953;2953
60;2014-04-25 10:39:00;909402N262;785;2.966;35;234;235;235;234;1.301;50.02;556.3;0.616;633.8;0.325;770.3;0.317;60;0;0;1.299;1.331;1.274;260;268;254;50.02;50.02;50.02;8213;1000;0.0;0;0.0000;0;0;2966;2966;2966
60;2014-04-25 10:40:00;909402N262;770;2.978;35;234;234;235;234;1.283;50.00;555.7;0.608;632.0;0.320;767.4;0.311;60;0;0;1.278;1.313;1.259;254;264;251;50.00;50.00;50.00;8213;1000;0.0;0;0.0000;0;0;2978;2978;2978
60;2014-04-25 10:41:00;909402N262;747;2.990;35;234;234;235;234;1.261;50.01;556.0;0.589;630.9;0.311;766.6;0.301;60;0;0;1.246;1.279;1.259;244;254;247;50.01;50.01;50.01;8213;1000;0.0;0;0.0000;0;0;2990;2990;2990
60;2014-04-25 10:42:00;909402N262;727;3.003;35;235;234;235;234;1.242;50.02;556.7;0.572;630.0;0.305;763.3;0.294;60;0;0;1.233;1.255;1.238;239;246;241;50.02;50.02;50.02;8213;1000;0.0;0;0.0000;0;0;3003;3003;3003
60;2014-04-25 10:43:00;909402N262;736;3.017;35;234;234;235;235;1.254;50.02;557.8;0.576;631.5;0.310;765.5;0.296;60;0;0;1.244;1.266;1.252;241;248;245;50.02;50.02;50.02;8213;1000;0.0;0;0.0000;0;0;3017;3017;3017
60;2014-04-25 10:44:00;909402N262;771;3.029;35;234;234;235;234;1.289;50.02;562.2;0.598;632.9;0.325;767.3;0.311;60;0;0;1.274;1.311;1.284;252;264;255;50.02;50.02;50.02;8213;1000;0.0;0;0.0000;0;0;3029;3029;3029
60;2014-04-25 10:45:00;909402N262;815;3.042;35;234;234;234;234;1.337;50.00;564.4;0.629;633.8;0.341;769.9;0.328;60;0;0;1.325;1.354;1.332;268;278;268;50.00;50.00;50.00;8213;1000;0.0;0;0.0000;0;0;3042;3042;3042
60;2014-04-25 10:46:00;909402N262;841;3.057;35;234;234;235;234;1.374;50.00;562.5;0.652;627.2;0.357;764.7;0.342;60;0;0;1.365;1.393;1.366;276;286;277;50.00;50.00;50.00;8213;1000;0.0;0;0.0000;0;0;3057;3057;3057
60;2014-04-25 10:47:00;909402N262;887;3.072;35;234;234;235;234;1.480;50.00;570.7;0.678;635.9;0.370;774.7;0.355;60;0;0;1.478;1.507;1.455;294;302;289;50.00;50.00;50.00;8213;1000;0.0;0;0.0000;0;0;3072;3072;3072
60;2014-04-25 10:48:00;909402N262;933;3.087;35;234;234;234;234;1.516;50.00;572.7;0.710;636.9;0.387;779.1;0.371;60;0;0;1.512;1.536;1.502;308;316;306;50.00;50.00;50.00;8213;1000;0.0;0;0.0000;0;0;3087;3087;3087
60;2014-04-25 10:49:00;909402N262;984;3.103;35;234;234;234;234;1.569;50.00;571.6;0.752;638.1;0.406;778.0;0.391;60;0;0;1.544;1.606;1.559;321;338;324;50.00;50.00;50.00;8213;1000;0.0;0;0.0000;0;0;3103;3103;3103
60;2014-04-25 10:50:00;909402N262;1010;3.120;35;234;234;234;234;1.604;50.00;569.7;0.778;638.9;0.413;778.5;0.401;60;0;0;1.573;1.651;1.588;329;348;331;50.00;50.00;50.00;8213;1000;0.0;0;0.0000;0;0;3120;3120;3120
60;2014-04-25 10:51:00;909402N262;1007;3.136;35;234;234;234;233;1.601;50.00;568.8;0.779;638.9;0.410;778.4;0.400;60;0;0;1.570;1.649;1.586;328;347;330;50.00;50.00;50.00;8213;1000;0.0;0;0.0000;0;0;3136;3136;3136
60;2014-04-25 10:52:00;909402N262;991;3.154;35;234;234;234;233;1.578;50.00;569.4;0.767;638.3;0.403;777.8;0.392;60;0;0;1.552;1.619;1.565;323;341;325;50.00;50.00;50.00;8213;1000;0.0;0;0.0000;0;0;3154;3154;3154
60;2014-04-25 10:53:00;909402N262;967;3.169;35;234;235;234;233;1.546;50.00;571.5;0.747;637.7;0.394;777.8;0.382;60;0;0;1.529;1.574;1.537;316;330;318;50.00;50.00;50.00;8213;1000;0.0;0;0.0000;0;0;3169;3169;3169
60;2014-04-25 10:54:00;909402N262;957;3.185;35;234;235;234;234;1.529;50.00;572.8;0.737;637.5;0.390;781.4;0.376;60;0;0;1.511;1.555;1.522;315;326;315;50.00;50.00;50.00;8213;1000;0.0;0;0.0000;0;0;3185;3185;3185
60;2014-04-25 10:55:00;909402N262;964;3.202;35;234;234;234;234;1.539;50.01;572.2;0.742;637.8;0.393;778.7;0.381;60;0;0;1.524;1.563;1.530;316;328;318;50.01;50.01;50.01;8213;1000;0.0;0;0.0000;0;0;3202;3202;3202
60;2014-04-25 10:56:00;909402N262;984;3.218;35;234;234;234;233;1.568;50.01;566.5;0.766;638.4;0.400;778.2;0.391;60;0;0;1.547;1.608;1.550;322;339;322;50.01;50.01;50.01;8213;1000;0.0;0;0.0000;0;0;3218;3218;3218
60;2014-04-25 10:57:00;909402N262;993;3.235;35;234;235;235;232;1.581;50.01;568.8;0.773;638.7;0.400;778.5;0.394;60;0;0;1.559;1.624;1.562;325;342;324;50.01;50.01;50.01;8213;1000;0.0;0;0.0000;0;0;3235;3235;3235
60;2014-04-25 10:58:00;909402N262;982;3.251;35;234;234;234;232;1.567;49.99;573.3;0.760;638.6;0.395;778.4;0.388;60;0;0;1.543;1.609;1.551;321;338;320;49.99;49.99;49.99;8213;1000;0.0;0;0.0000;0;0;3251;3251;3251
60;2014-04-25 10:59:00;909402N262;960;3.267;35;234;234;234;232;1.536;50.00;572.0;0.748;637.5;0.386;780.4;0.377;60;0;0;1.517;1.565;1.526;315;328;315;50.00;50.00;50.00;8213;1000;0.0;0;0.0000;0;0;3267;3267;3267
60;2014-04-25 11:00:00;909402N262;935;3.282;35;234;235;234;232;1.509;49.98;568.2;0.731;636.9;0.378;778.1;0.368;60;0;0;1.507;1.536;1.484;310;320;304;49.98;49.98;49.98;8213;1000;0.0;0;0.0000;0;0;3282;3282;3282
[wr_ende]
