20140604;120002;danfoss;My Plant;+0100
[wr_def_start]
909402N262;Inverter Type;Inverter Group;Hanzl
[wr_def_end]
[wr]
INTERVAL;TIMESTAMP;SERIAL;P_AC;E_DAY;T_WR;U_AC;U_AC_1;U_AC_2;U_AC_3;I_AC;F_AC;U_DC_1;I_DC_1;U_DC_2;I_DC_2;U_DC_3;I_DC_3;S;E_WR;M_WR;I_AC_1;I_AC_2;I_AC_3;P_AC_1;P_AC_2;P_AC_3;F_AC_1;F_AC_2;F_AC_3;R_DC;PC;PCS;PCS_LL;COS_PHI;COS_PHI_LL;S_COS_PHI;Current_Day_Energy;current_Day_Offset;ccEnergyOfDay_WithoutOffset
60;2014-06-04 11:01:00;909402N262;7142;10.646;44;234;234;235;235;10.150;49.99;534.3;5.186;627.9;3.309;777.2;3.101;60;0;0;10.094;10.158;10.199;2352;2390;2392;49.99;49.99;49.99;11144;1000;0.0;0;0.0000;0;0;10646;10646;10646
60;2014-06-04 11:02:00;909402N262;7230;10.766;44;234;233;235;235;10.311;49.98;537.2;5.229;637.5;3.304;783.0;3.102;60;0;0;10.215;10.371;10.347;2376;2429;2423;49.98;49.98;49.98;11144;1000;0.0;0;0.0000;0;0;10766;10766;10766
60;2014-06-04 11:03:00;909402N262;7281;10.888;45;235;234;235;235;10.378;49.98;537.0;5.276;636.9;3.329;782.4;3.126;60;0;0;10.288;10.443;10.405;2396;2448;2436;49.98;49.98;49.98;11144;1000;0.0;0;0.0000;0;0;10888;10888;10888
60;2014-06-04 11:04:00;909402N262;7300;11.010;45;234;234;235;235;10.406;49.99;536.6;5.297;636.5;3.335;782.3;3.134;60;0;0;10.340;10.447;10.433;2410;2449;2439;49.99;49.99;49.99;11144;1000;0.0;0;0.0000;0;0;11010;11010;11010
60;2014-06-04 11:05:00;909402N262;7313;11.131;45;235;234;235;235;10.415;50.01;535.6;5.318;635.8;3.344;781.4;3.144;60;0;0;10.362;10.453;10.431;2421;2450;2439;50.01;50.01;50.01;11144;1000;0.0;0;0.0000;0;0;11131;11131;11131
60;2014-06-04 11:06:00;909402N262;7310;11.254;45;235;235;235;234;10.408;50.00;534.6;5.330;635.1;3.344;780.2;3.147;60;0;0;10.362;10.454;10.410;2423;2453;2432;50.00;50.00;50.00;11144;1000;0.0;0;0.0000;0;0;11254;11254;11254
60;2014-06-04 11:07:00;909402N262;7311;11.375;45;235;235;235;235;10.409;49.99;533.9;5.344;634.6;3.347;779.7;3.146;60;0;0;10.364;10.450;10.414;2424;2451;2434;49.99;49.99;49.99;11144;1000;0.0;0;0.0000;0;0;11375;11375;11375
60;2014-06-04 11:08:00;909402N262;7377;11.498;45;235;235;235;234;10.512;49.99;533.4;5.396;634.9;3.375;779.9;3.173;60;0;0;10.484;10.536;10.517;2451;2466;2458;49.99;49.99;49.99;11144;1000;0.0;0;0.0000;0;0;11498;11498;11498
60;2014-06-04 11:09:00;909402N262;7426;11.621;45;234;234;235;234;10.588;49.99;533.9;5.432;635.1;3.392;780.2;3.194;60;0;0;10.546;10.633;10.587;2464;2489;2471;49.99;49.99;49.99;11144;1000;0.0;0;0.0000;0;0;11621;11621;11621
60;2014-06-04 11:10:00;909402N262;7472;11.746;45;235;234;235;235;10.646;49.99;534.7;5.468;635.5;3.408;780.5;3.209;60;0;0;10.561;10.710;10.669;2462;2512;2497;49.99;49.99;49.99;11144;1000;0.0;0;0.0000;0;0;11746;11746;11746
60;2014-06-04 11:11:00;909402N262;7498;11.871;45;235;234;235;235;10.679;49.99;534.2;5.492;635.2;3.416;780.2;3.223;60;0;0;10.592;10.747;10.700;2468;2523;2506;49.99;49.99;49.99;11144;1000;0.0;0;0.0000;0;0;11871;11871;11871
60;2014-06-04 11:12:00;909402N262;7515;11.996;45;235;233;236;235;10.699;49.99;533.8;5.514;634.9;3.425;779.6;3.231;60;0;0;10.588;10.793;10.718;2463;2537;2513;49.99;49.99;49.99;11144;1000;0.0;0;0.0000;0;0;11996;11996;11996
60;2014-06-04 11:13:00;909402N262;7542;12.122;45;235;234;235;235;10.732;49.99;533.2;5.544;635.1;3.432;780.1;3.241;60;0;0;10.635;10.806;10.755;2479;2537;2524;49.99;49.99;49.99;11144;1000;0.0;0;0.0000;0;0;12122;12122;12122
60;2014-06-04 11:14:00;909402N262;7570;12.248;45;235;234;235;236;10.780;49.99;532.7;5.574;634.9;3.444;779.8;3.255;60;0;0;10.700;10.813;10.828;2498;2528;2543;49.99;49.99;49.99;11144;1000;0.0;0;0.0000;0;0;12248;12248;12248
60;2014-06-04 11:15:00;909402N262;7557;12.375;46;235;234;235;236;10.753;49.98;532.0;5.575;634.1;3.439;779.5;3.250;60;0;0;10.678;10.781;10.801;2495;2523;2538;49.98;49.98;49.98;11144;1000;0.0;0;0.0000;0;0;12375;12375;12375
60;2014-06-04 11:16:00;909402N262;7542;12.500;46;235;234;235;235;10.734;49.98;528.6;5.614;620.1;3.495;779.2;3.275;60;0;0;10.668;10.761;10.774;2492;2518;2530;49.98;49.98;49.98;11144;1000;0.0;0;0.0000;0;0;12500;12500;12500
60;2014-06-04 11:17:00;909402N262;7634;12.627;46;235;234;235;235;10.872;49.98;532.1;5.638;634.6;3.465;779.8;3.282;60;0;0;10.772;10.955;10.891;2510;2570;2552;49.98;49.98;49.98;11144;1000;0.0;0;0.0000;0;0;12627;12627;12627
60;2014-06-04 11:18:00;909402N262;7632;12.755;46;235;234;236;235;10.869;49.99;531.5;5.647;634.2;3.464;779.1;3.282;60;0;0;10.767;10.952;10.890;2508;2572;2550;49.99;49.99;49.99;11144;1000;0.0;0;0.0000;0;0;12755;12755;12755
60;2014-06-04 11:19:00;909402N262;7700;12.884;46;235;234;235;235;10.958;49.98;530.0;5.714;633.6;3.500;779.0;3.313;60;0;0;10.857;11.043;10.974;2531;2594;2574;49.98;49.98;49.98;11144;1000;0.0;0;0.0000;0;0;12884;12884;12884
60;2014-06-04 11:20:00;909402N262;7707;13.013;46;234;233;235;235;10.980;49.97;529.0;5.730;633.3;3.502;778.8;3.320;60;0;0;10.864;11.082;10.996;2526;2603;2576;49.97;49.97;49.97;11144;1000;0.0;0;0.0000;0;0;13013;13013;13013
60;2014-06-04 11:21:00;909402N262;7736;13.143;46;234;232;236;235;11.037;49.97;529.7;5.753;633.4;3.512;778.9;3.330;60;0;0;10.904;11.166;11.042;2528;2624;2583;49.97;49.97;49.97;11144;1000;0.0;0;0.0000;0;0;13143;13143;13143
60;2014-06-04 11:22:00;909402N262;7770;13.273;46;234;233;235;235;11.082;49.97;529.2;5.786;633.2;3.526;778.8;3.345;60;0;0;10.944;11.192;11.110;2539;2628;2602;49.97;49.97;49.97;11144;1000;0.0;0;0.0000;0;0;13273;13273;13273
60;2014-06-04 11:23:00;909402N262;7806;13.402;46;234;234;235;235;11.120;49.97;528.7;5.822;633.1;3.542;778.2;3.360;60;0;0;11.039;11.164;11.158;2574;2614;2616;49.97;49.97;49.97;11144;1000;0.0;0;0.0000;0;0;13402;13402;13402
60;2014-06-04 11:24:00;909402N262;7840;13.533;46;234;233;234;235;11.184;49.98;528.4;5.855;632.8;3.557;777.8;3.376;60;0;0;11.082;11.202;11.268;2574;2618;2646;49.98;49.98;49.98;11144;1000;0.0;0;0.0000;0;0;13533;13533;13533
60;2014-06-04 11:25:00;909402N262;7906;13.665;46;234;233;234;236;11.267;49.99;528.7;5.910;633.7;3.578;778.5;3.400;60;0;0;11.180;11.279;11.343;2602;2636;2666;49.99;49.99;49.99;11144;1000;0.0;0;0.0000;0;0;13665;13665;13665
60;2014-06-04 11:26:00;909402N262;7953;13.797;46;234;232;235;236;11.343;49.98;527.9;5.952;633.7;3.594;778.8;3.424;60;0;0;11.212;11.381;11.438;2596;2665;2690;49.98;49.98;49.98;11144;1000;0.0;0;0.0000;0;0;13797;13797;13797
60;2014-06-04 11:27:00;909402N262;7984;13.931;46;234;232;235;236;11.387;49.98;527.0;5.990;633.1;3.611;778.4;3.438;60;0;0;11.268;11.420;11.474;2614;2672;2697;49.98;49.98;49.98;11144;1000;0.0;0;0.0000;0;0;13931;13931;13931
60;2014-06-04 11:28:00;909402N262;8061;14.065;47;234;233;235;235;11.499;49.97;525.8;6.065;632.6;3.646;778.1;3.470;60;0;0;11.380;11.533;11.584;2640;2698;2720;49.97;49.97;49.97;11144;1000;0.0;0;0.0000;0;0;14065;14065;14065
60;2014-06-04 11:29:00;909402N262;8136;14.200;47;234;233;234;236;11.598;49.98;525.0;6.140;632.2;3.678;777.6;3.504;60;0;0;11.509;11.607;11.678;2679;2711;2744;49.98;49.98;49.98;11144;1000;0.0;0;0.0000;0;0;14200;14200;14200
60;2014-06-04 11:30:00;909402N262;8222;14.336;47;234;233;234;235;11.728;49.97;523.5;6.226;631.6;3.719;777.2;3.542;60;0;0;11.643;11.712;11.831;2708;2732;2781;49.97;49.97;49.97;11144;1000;0.0;0;0.0000;0;0;14336;14336;14336
60;2014-06-04 11:31:00;909402N262;8205;14.475;47;234;233;234;235;11.697;49.97;518.3;6.297;614.8;3.792;776.3;3.579;60;0;0;11.609;11.691;11.791;2698;2739;2767;49.97;49.97;49.97;11144;1000;0.0;0;0.0000;0;0;14475;14475;14475
60;2014-06-04 11:32:00;909402N262;8443;14.615;47;234;234;234;235;12.022;49.97;521.7;6.416;629.9;3.828;777.1;3.638;60;0;0;11.960;12.002;12.106;2793;2803;2845;49.97;49.97;49.97;11144;1000;0.0;0;0.0000;0;0;14615;14615;14615
60;2014-06-04 11:33:00;909402N262;8499;14.757;47;234;234;234;235;12.099;49.97;521.6;6.454;630.3;3.852;777.6;3.663;60;0;0;12.032;12.083;12.183;2811;2822;2864;49.97;49.97;49.97;11144;1000;0.0;0;0.0000;0;0;14757;14757;14757
60;2014-06-04 11:34:00;909402N262;8480;14.899;47;234;234;233;235;12.072;49.97;521.0;6.449;629.3;3.847;777.3;3.655;60;0;0;12.008;12.031;12.179;2806;2806;2866;49.97;49.97;49.97;11144;1000;0.0;0;0.0000;0;0;14899;14899;14899
60;2014-06-04 11:35:00;909402N262;8453;15.039;47;234;234;234;235;12.033;49.98;519.8;6.447;627.8;3.842;776.3;3.649;60;0;0;11.967;11.999;12.133;2796;2801;2853;49.98;49.98;49.98;11144;1000;0.0;0;0.0000;0;0;15039;15039;15039
60;2014-06-04 11:36:00;909402N262;8470;15.180;47;234;235;234;235;12.052;49.99;518.9;6.475;627.7;3.848;776.1;3.657;60;0;0;12.021;12.024;12.112;2819;2807;2843;49.99;49.99;49.99;11144;1000;0.0;0;0.0000;0;0;15180;15180;15180
60;2014-06-04 11:37:00;909402N262;8507;15.321;47;234;235;233;235;12.096;50.01;517.8;6.525;627.0;3.868;775.5;3.672;60;0;0;12.029;12.062;12.198;2825;2812;2868;50.01;50.01;50.01;11144;1000;0.0;0;0.0000;0;0;15321;15321;15321
60;2014-06-04 11:38:00;909402N262;8554;15.465;47;234;234;233;235;12.170;50.01;517.1;6.575;626.4;3.888;774.8;3.697;60;0;0;12.076;12.146;12.289;2827;2833;2892;50.01;50.01;50.01;11144;1000;0.0;0;0.0000;0;0;15465;15465;15465
60;2014-06-04 11:39:00;909402N262;8537;15.607;47;234;234;232;235;12.163;49.99;516.1;6.570;624.7;3.890;773.8;3.700;60;0;0;12.121;12.086;12.284;2839;2808;2890;49.99;49.99;49.99;11144;1000;0.0;0;0.0000;0;0;15607;15607;15607
60;2014-06-04 11:40:00;909402N262;8448;15.748;47;234;234;233;235;12.030;49.99;516.9;6.525;624.2;3.851;774.0;3.651;60;0;0;11.996;11.966;12.128;2811;2785;2850;49.99;49.99;49.99;11144;1000;0.0;0;0.0000;0;0;15748;15748;15748
60;2014-06-04 11:41:00;909402N262;8725;15.893;48;235;235;234;235;12.403;50.01;515.4;6.747;624.9;3.971;774.8;3.766;60;0;0;12.319;12.398;12.492;2889;2896;2938;50.01;50.01;50.01;11144;1000;0.0;0;0.0000;0;0;15893;15893;15893
60;2014-06-04 11:42:00;909402N262;8843;16.041;48;235;234;234;236;12.565;49.99;514.4;6.846;624.3;4.026;774.2;3.823;60;0;0;12.529;12.521;12.646;2936;2926;2979;49.99;49.99;49.99;11144;1000;0.0;0;0.0000;0;0;16041;16041;16041
60;2014-06-04 11:43:00;909402N262;8780;16.187;48;235;235;234;236;12.458;49.99;514.2;6.821;622.4;4.000;771.4;3.791;60;0;0;12.453;12.385;12.538;2926;2894;2956;49.99;49.99;49.99;11144;1000;0.0;0;0.0000;0;0;16187;16187;16187
60;2014-06-04 11:44:00;909402N262;8383;16.323;48;235;235;234;235;11.896;49.99;514.4;6.443;621.4;3.791;769.3;3.697;60;0;0;11.874;11.874;11.941;2792;2779;2810;49.99;49.99;49.99;11144;1000;0.0;0;0.0000;0;0;16323;16323;16323
60;2014-06-04 11:45:00;909402N262;9002;16.474;48;235;235;235;236;12.767;50.01;511.3;7.066;620.7;4.176;770.8;3.837;60;0;0;12.686;12.760;12.857;2977;2996;3029;50.01;50.01;50.01;11144;1000;0.0;0;0.0000;0;0;16474;16474;16474
60;2014-06-04 11:46:00;909402N262;9150;16.627;48;235;235;235;236;12.952;50.00;510.5;7.162;616.9;4.254;759.0;4.068;60;0;0;12.903;12.925;13.029;3034;3040;3073;50.00;50.00;50.00;11144;1000;0.0;0;0.0000;0;0;16627;16627;16627
60;2014-06-04 11:47:00;909402N262;9268;16.782;48;235;235;235;236;13.130;50.00;509.8;7.196;619.5;4.257;769.4;4.058;60;0;0;13.058;13.149;13.184;3068;3092;3107;50.00;50.00;50.00;11144;1000;0.0;0;0.0000;0;0;16782;16782;16782
60;2014-06-04 11:48:00;909402N262;8493;16.924;48;235;235;235;236;12.080;50.00;509.5;6.599;614.8;3.782;764.4;3.831;60;0;0;11.962;12.203;12.075;2810;2834;2846;50.00;50.00;50.00;11144;1000;0.0;0;0.0000;0;0;16924;16924;16924
60;2014-06-04 11:49:00;909402N262;1944;16.955;48;234;234;234;235;2.835;50.01;503.7;1.709;592.1;0.869;721.3;0.817;60;0;0;2.770;2.869;2.868;630;655;656;50.01;50.01;50.01;11144;1000;0.0;0;0.0000;0;0;16955;16955;16955
60;2014-06-04 11:50:00;909402N262;2153;16.992;48;234;234;234;235;3.128;50.00;511.5;1.858;602.9;0.958;734.9;0.882;60;0;0;3.068;3.159;3.157;702;725;726;50.00;50.00;50.00;11144;1000;0.0;0;0.0000;0;0;16992;16992;16992
60;2014-06-04 11:51:00;909402N262;6793;17.106;48;235;235;235;235;9.652;50.00;532.5;5.507;625.8;3.144;760.3;2.678;60;0;0;9.615;9.652;9.690;2255;2276;2277;50.00;50.00;50.00;11144;1000;0.0;0;0.0000;0;0;17106;17106;17106
60;2014-06-04 11:52:00;909402N262;3013;17.155;48;234;234;234;235;4.342;50.00;529.4;2.397;616.5;1.292;751.1;1.305;60;0;0;4.284;4.368;4.375;990;1008;1014;50.00;50.00;50.00;11144;1000;0.0;0;0.0000;0;0;17155;17155;17155
60;2014-06-04 11:53:00;909402N262;3014;17.206;48;234;234;233;235;4.355;50.01;533.2;2.344;619.8;1.295;758.8;1.306;60;0;0;4.294;4.389;4.384;994;1002;1017;50.01;50.01;50.01;11144;1000;0.0;0;0.0000;0;0;17206;17206;17206
60;2014-06-04 11:54:00;909402N262;3855;17.270;48;234;235;233;235;5.530;50.00;548.4;3.047;626.6;1.824;757.1;1.448;60;0;0;5.506;5.507;5.577;1279;1278;1296;50.00;50.00;50.00;11144;1000;0.0;0;0.0000;0;0;17270;17270;17270
60;2014-06-04 11:55:00;909402N262;9429;17.428;47;236;236;234;236;13.330;50.01;532.6;7.230;639.0;4.088;793.4;3.956;60;0;0;13.326;13.298;13.368;3152;3122;3154;50.01;50.01;50.01;11144;1000;0.0;0;0.0000;0;0;17428;17428;17428
60;2014-06-04 11:56:00;909402N262;9996;17.593;47;236;236;235;236;14.123;50.01;522.9;7.603;637.4;4.453;790.2;4.250;60;0;0;14.101;14.117;14.151;3333;3319;3342;50.01;50.01;50.01;11144;1000;0.0;0;0.0000;0;0;17593;17593;17593
60;2014-06-04 11:57:00;909402N262;9831;17.758;47;236;236;235;236;13.897;50.01;518.3;7.546;633.7;4.415;781.7;4.217;60;0;0;13.870;13.904;13.919;3275;3269;3285;50.01;50.01;50.01;11144;1000;0.0;0;0.0000;0;0;17758;17758;17758
60;2014-06-04 11:58:00;909402N262;9660;17.918;48;236;236;235;236;13.652;50.02;516.0;7.450;631.0;4.356;779.5;4.155;60;0;0;13.618;13.665;13.673;3217;3216;3226;50.02;50.02;50.02;11144;1000;0.0;0;0.0000;0;0;17918;17918;17918
60;2014-06-04 11:59:00;909402N262;9475;18.077;48;236;237;236;236;13.369;50.03;513.7;7.344;628.1;4.290;777.6;4.081;60;0;0;13.323;13.387;13.398;3150;3158;3166;50.03;50.03;50.03;11144;1000;0.0;0;0.0000;0;0;18077;18077;18077
60;2014-06-04 12:00:00;909402N262;9432;18.233;48;236;237;236;237;13.305;49.99;511.9;7.342;625.4;4.289;775.8;4.068;60;0;0;13.274;13.296;13.346;3139;3131;3159;49.99;49.99;49.99;11144;1000;0.0;0;0.0000;0;0;18233;18233;18233
[wr_ende]
