20140709;150000;danfoss;My Plant;+0100
[wr_def_start]
909402N262;Inverter Type;Inverter Group;Hanzl
[wr_def_end]
[wr]
INTERVAL;TIMESTAMP;SERIAL;P_AC;E_DAY;T_WR;U_AC;U_AC_1;U_AC_2;U_AC_3;I_AC;F_AC;U_DC_1;I_DC_1;U_DC_2;I_DC_2;U_DC_3;I_DC_3;S;E_WR;M_WR;I_AC_1;I_AC_2;I_AC_3;P_AC_1;P_AC_2;P_AC_3;F_AC_1;F_AC_2;F_AC_3;R_DC;PC;PCS;PCS_LL;COS_PHI;COS_PHI_LL;S_COS_PHI;Current_Day_Energy;current_Day_Offset;ccEnergyOfDay_WithoutOffset
60;2014-07-09 14:01:00;909402N262;3853;21.161;48;234;234;234;234;5.547;49.97;543.9;3.153;601.7;1.699;772.0;1.523;60;0;0;5.505;5.567;5.571;1273;1287;1291;49.97;49.97;49.97;5430;1000;0.0;0;0.0000;0;0;21161;21161;21161
60;2014-07-09 14:02:00;909402N262;3907;21.226;48;234;234;234;234;5.611;49.97;548.5;3.168;616.4;1.691;773.2;1.525;60;0;0;5.558;5.648;5.629;1288;1310;1307;49.97;49.97;49.97;5430;1000;0.0;0;0.0000;0;0;21226;21226;21226
60;2014-07-09 14:03:00;909402N262;3936;21.292;48;234;234;234;234;5.651;49.97;548.7;3.195;617.3;1.699;774.3;1.531;60;0;0;5.598;5.696;5.661;1297;1323;1313;49.97;49.97;49.97;5430;1000;0.0;0;0.0000;0;0;21292;21292;21292
60;2014-07-09 14:04:00;909402N262;3998;21.358;48;234;234;234;234;5.736;49.99;548.6;3.254;619.3;1.717;775.8;1.553;60;0;0;5.679;5.777;5.753;1317;1342;1337;49.99;49.99;49.99;5430;1000;0.0;0;0.0000;0;0;21358;21358;21358
60;2014-07-09 14:05:00;909402N262;4111;21.426;48;234;234;235;234;5.895;49.99;547.7;3.357;620.5;1.754;776.7;1.596;60;0;0;5.836;5.941;5.910;1353;1382;1374;49.99;49.99;49.99;5430;1000;0.0;0;0.0000;0;0;21426;21426;21426
60;2014-07-09 14:06:00;909402N262;4283;21.498;48;234;234;234;234;6.142;50.00;546.8;3.509;621.6;1.816;777.7;1.666;60;0;0;6.083;6.180;6.164;1410;1435;1435;50.00;50.00;50.00;5430;1000;0.0;0;0.0000;0;0;21498;21498;21498
60;2014-07-09 14:07:00;909402N262;4481;21.574;48;234;234;234;235;6.419;49.99;546.0;3.675;624.3;1.884;779.0;1.748;60;0;0;6.373;6.446;6.438;1482;1497;1500;49.99;49.99;49.99;5430;1000;0.0;0;0.0000;0;0;21574;21574;21574
60;2014-07-09 14:08:00;909402N262;4810;21.654;48;234;234;234;234;6.883;49.99;545.0;3.945;625.8;2.019;779.8;1.884;60;0;0;6.847;6.909;6.895;1596;1606;1607;49.99;49.99;49.99;5430;1000;0.0;0;0.0000;0;0;21654;21654;21654
60;2014-07-09 14:09:00;909402N262;9280;21.809;48;235;235;234;235;13.159;49.98;540.3;7.496;630.6;4.006;788.6;3.681;60;0;0;13.139;13.165;13.175;3089;3090;3099;49.98;49.98;49.98;5430;1000;0.0;0;0.0000;0;0;21809;21809;21809
60;2014-07-09 14:10:00;909402N262;13091;22.027;48;236;236;235;236;18.491;49.96;521.3;10.666;638.2;5.415;786.0;5.539;60;0;0;18.498;18.491;18.485;4367;4361;4361;49.96;49.96;49.96;5430;1000;0.0;0;0.0000;0;0;22027;22027;22027
60;2014-07-09 14:11:00;909402N262;13706;22.251;48;236;236;235;236;19.371;49.96;509.0;11.355;631.4;5.672;776.4;5.972;60;0;0;19.363;19.397;19.354;4569;4568;4568;49.96;49.96;49.96;5430;1000;0.0;0;0.0000;0;0;22251;22251;22251
60;2014-07-09 14:12:00;909402N262;12204;22.455;48;235;236;235;236;17.285;49.97;506.6;10.051;637.9;5.040;772.3;5.360;60;0;0;17.262;17.337;17.258;4066;4070;4066;49.97;49.97;49.97;5430;1000;0.0;0;0.0000;0;0;22455;22455;22455
60;2014-07-09 14:13:00;909402N262;6650;22.566;49;234;235;234;234;9.495;49.98;516.4;5.504;613.1;2.853;758.2;2.832;60;0;0;9.457;9.550;9.478;2212;2222;2213;49.98;49.98;49.98;5430;1000;0.0;0;0.0000;0;0;22566;22566;22566
60;2014-07-09 14:14:00;909402N262;6120;22.667;49;234;234;234;235;8.745;50.00;519.5;5.113;604.9;2.675;757.0;2.565;60;0;0;8.706;8.769;8.761;2031;2042;2045;50.00;50.00;50.00;5430;1000;0.0;0;0.0000;0;0;22667;22667;22667
60;2014-07-09 14:15:00;909402N262;6257;22.772;49;234;234;234;234;8.941;49.99;520.6;5.181;606.2;2.673;760.8;2.674;60;0;0;8.909;8.972;8.943;2079;2092;2084;49.99;49.99;49.99;5430;1000;0.0;0;0.0000;0;0;22772;22772;22772
60;2014-07-09 14:16:00;909402N262;4754;22.851;49;234;234;234;234;6.821;50.00;519.2;3.978;599.4;2.104;748.3;1.996;60;0;0;6.783;6.865;6.816;1575;1594;1582;50.00;50.00;50.00;5430;1000;0.0;0;0.0000;0;0;22851;22851;22851
60;2014-07-09 14:17:00;909402N262;4297;22.923;49;234;234;234;234;6.159;49.99;524.6;3.594;604.8;1.873;755.8;1.771;60;0;0;6.115;6.202;6.162;1422;1441;1432;49.99;49.99;49.99;5430;1000;0.0;0;0.0000;0;0;22923;22923;22923
60;2014-07-09 14:18:00;909402N262;4142;22.992;49;234;234;234;234;5.946;50.00;526.5;3.469;606.2;1.794;757.0;1.697;60;0;0;5.903;5.992;5.944;1371;1390;1379;50.00;50.00;50.00;5430;1000;0.0;0;0.0000;0;0;22992;22992;22992
60;2014-07-09 14:19:00;909402N262;3971;23.058;49;234;234;234;234;5.701;49.99;528.8;3.323;606.7;1.706;758.4;1.624;60;0;0;5.654;5.742;5.709;1312;1332;1325;49.99;49.99;49.99;5430;1000;0.0;0;0.0000;0;0;23058;23058;23058
60;2014-07-09 14:20:00;909402N262;3943;23.123;49;234;234;234;234;5.659;49.99;531.2;3.293;608.4;1.683;760.5;1.609;60;0;0;5.613;5.700;5.665;1303;1323;1315;49.99;49.99;49.99;5430;1000;0.0;0;0.0000;0;0;23123;23123;23123
60;2014-07-09 14:21:00;909402N262;4243;23.195;49;234;234;234;234;6.085;49.99;531.9;3.544;611.2;1.813;764.3;1.713;60;0;0;6.040;6.123;6.094;1402;1424;1415;49.99;49.99;49.99;5430;1000;0.0;0;0.0000;0;0;23195;23195;23195
60;2014-07-09 14:22:00;909402N262;4183;23.264;49;234;234;234;234;6.000;50.00;533.8;3.468;612.6;1.774;765.1;1.701;60;0;0;5.951;6.044;6.006;1381;1404;1396;50.00;50.00;50.00;5430;1000;0.0;0;0.0000;0;0;23264;23264;23264
60;2014-07-09 14:23:00;909402N262;4108;23.333;49;234;234;234;234;5.894;50.01;534.7;3.403;613.7;1.731;766.2;1.673;60;0;0;5.848;5.939;5.897;1358;1379;1370;50.01;50.01;50.01;5430;1000;0.0;0;0.0000;0;0;23333;23333;23333
60;2014-07-09 14:24:00;909402N262;4628;23.409;49;234;234;234;234;6.619;50.00;535.7;3.830;616.9;1.926;770.4;1.889;60;0;0;6.574;6.658;6.627;1530;1552;1544;50.00;50.00;50.00;5430;1000;0.0;0;0.0000;0;0;23409;23409;23409
60;2014-07-09 14:25:00;909402N262;6533;23.519;49;235;235;235;235;9.275;50.00;536.1;5.376;622.0;2.751;777.3;2.644;60;0;0;9.261;9.298;9.266;2174;2185;2172;50.00;50.00;50.00;5430;1000;0.0;0;0.0000;0;0;23519;23519;23519
60;2014-07-09 14:26:00;909402N262;8493;23.660;49;236;236;235;236;12.018;50.01;533.5;6.929;624.7;3.624;780.3;3.457;60;0;0;12.008;12.025;12.023;2828;2836;2831;50.01;50.01;50.01;5430;1000;0.0;0;0.0000;0;0;23660;23660;23660
60;2014-07-09 14:27:00;909402N262;8817;23.807;49;235;235;235;236;12.496;50.01;530.5;7.110;626.6;3.815;780.1;3.588;60;0;0;12.424;12.582;12.483;2921;2945;2943;50.01;50.01;50.01;5430;1000;0.0;0;0.0000;0;0;23807;23807;23807
60;2014-07-09 14:28:00;909402N262;7830;23.938;49;235;235;235;235;11.106;50.02;527.6;6.372;616.8;3.449;774.3;3.193;60;0;0;11.068;11.152;11.100;2602;2616;2611;50.02;50.02;50.02;5430;1000;0.0;0;0.0000;0;0;23938;23938;23938
60;2014-07-09 14:29:00;909402N262;7848;24.068;49;235;236;235;236;11.125;50.02;524.3;6.418;613.5;3.298;773.3;3.345;60;0;0;11.095;11.170;11.111;2612;2619;2615;50.02;50.02;50.02;5430;1000;0.0;0;0.0000;0;0;24068;24068;24068
60;2014-07-09 14:30:00;909402N262;8524;24.211;49;236;236;235;236;12.065;50.02;523.4;7.033;633.4;3.603;770.5;3.507;60;0;0;12.028;12.113;12.055;2834;2842;2846;50.02;50.02;50.02;5430;1000;0.0;0;0.0000;0;0;24211;24211;24211
60;2014-07-09 14:31:00;909402N262;10349;24.384;49;236;236;236;237;14.569;50.01;512.6;8.701;621.3;4.492;763.4;4.432;60;0;0;14.540;14.565;14.604;3433;3454;3462;50.02;50.02;50.02;5430;1000;0.0;0;0.0000;0;0;24384;24384;24384
60;2014-07-09 14:32:00;909402N262;11618;24.578;49;237;236;237;237;16.366;49.99;506.8;9.494;631.8;4.871;768.1;5.142;60;0;0;16.295;16.452;16.352;3853;3885;3878;49.99;49.99;49.99;5430;1000;0.0;0;0.0000;0;0;24578;24578;24578
60;2014-07-09 14:33:00;909402N262;7881;24.710;49;236;235;236;236;11.153;49.99;512.6;6.542;628.2;3.455;756.4;3.280;60;0;0;11.101;11.207;11.153;2609;2639;2630;49.99;49.99;49.99;5430;1000;0.0;0;0.0000;0;0;24710;24710;24710
60;2014-07-09 14:34:00;909402N262;7338;24.833;50;236;235;236;236;10.387;50.00;512.3;6.152;627.2;3.115;754.2;3.129;60;0;0;10.322;10.440;10.401;2424;2461;2453;50.00;50.00;50.00;5430;1000;0.0;0;0.0000;0;0;24833;24833;24833
60;2014-07-09 14:35:00;909402N262;6598;24.943;50;235;235;235;236;9.358;50.01;512.4;5.457;606.2;2.801;753.4;2.922;60;0;0;9.285;9.414;9.375;2178;2211;2207;50.01;50.01;50.01;5430;1000;0.0;0;0.0000;0;0;24943;24943;24943
60;2014-07-09 14:36:00;909402N262;6826;25.058;50;236;235;236;236;9.665;50.01;513.5;5.660;601.0;2.904;755.6;3.028;60;0;0;9.617;9.703;9.676;2261;2286;2279;50.01;50.01;50.01;5430;1000;0.0;0;0.0000;0;0;25058;25058;25058
60;2014-07-09 14:37:00;909402N262;7390;25.182;50;236;235;236;236;10.463;50.00;514.2;6.080;611.7;3.115;757.2;3.267;60;0;0;10.405;10.521;10.464;2448;2472;2467;50.00;50.00;50.00;5430;1000;0.0;0;0.0000;0;0;25182;25182;25182
60;2014-07-09 14:38:00;909402N262;8499;25.322;50;236;235;236;236;11.999;50.00;513.8;6.911;621.4;3.510;760.1;3.841;60;0;0;11.975;11.998;12.026;2818;2848;2837;50.00;50.00;50.00;5430;1000;0.0;0;0.0000;0;0;25322;25322;25322
60;2014-07-09 14:39:00;909402N262;5428;25.412;50;235;234;235;235;7.733;49.99;514.8;4.465;600.8;2.443;745.9;2.337;60;0;0;7.661;7.793;7.745;1786;1823;1816;49.99;49.99;49.99;5430;1000;0.0;0;0.0000;0;0;25412;25412;25412
60;2014-07-09 14:40:00;909402N262;4981;25.496;50;235;235;235;236;7.094;50.00;516.1;4.062;599.9;2.198;747.1;2.186;60;0;0;7.029;7.144;7.110;1642;1670;1667;50.00;50.00;50.00;5430;1000;0.0;0;0.0000;0;0;25496;25496;25496
60;2014-07-09 14:41:00;909402N262;4627;25.573;50;235;235;235;236;6.598;50.01;518.1;3.770;601.2;2.056;746.7;2.013;60;0;0;6.543;6.625;6.628;1525;1546;1554;50.01;50.01;50.01;5430;1000;0.0;0;0.0000;0;0;25573;25573;25573
60;2014-07-09 14:42:00;909402N262;5416;25.663;50;235;235;234;236;7.706;50.00;521.1;4.412;605.1;2.380;751.8;2.333;60;0;0;7.653;7.721;7.744;1790;1802;1822;50.00;50.00;50.00;5430;1000;0.0;0;0.0000;0;0;25663;25663;25663
60;2014-07-09 14:43:00;909402N262;5641;25.757;50;235;234;235;236;8.019;50.01;525.3;4.520;612.1;2.428;757.6;2.459;60;0;0;7.944;8.052;8.063;1854;1883;1900;50.01;50.01;50.01;5430;1000;0.0;0;0.0000;0;0;25757;25757;25757
60;2014-07-09 14:44:00;909402N262;3966;25.823;50;235;233;235;236;5.677;50.00;522.5;3.171;609.2;1.734;746.6;1.742;60;0;0;5.591;5.723;5.717;1294;1330;1340;50.00;50.00;50.00;5430;1000;0.0;0;0.0000;0;0;25823;25823;25823
60;2014-07-09 14:45:00;909402N262;4141;25.890;50;235;232;235;236;5.927;50.01;527.9;3.353;614.3;1.909;747.5;1.665;60;0;0;5.820;5.978;5.983;1343;1390;1405;50.01;50.01;50.01;5430;1000;0.0;0;0.0000;0;0;25890;25890;25890
60;2014-07-09 14:46:00;909402N262;3353;25.947;49;234;232;235;236;4.822;50.02;522.7;2.728;599.1;1.531;745.7;1.421;60;0;0;4.732;4.855;4.881;1086;1127;1138;50.02;50.02;50.02;5430;1000;0.0;0;0.0000;0;0;25947;25947;25947
60;2014-07-09 14:47:00;909402N262;3056;25.998;49;235;233;235;236;4.420;50.01;529.6;2.458;611.9;1.386;743.1;1.269;60;0;0;4.347;4.452;4.461;995;1025;1034;50.01;50.01;50.01;5430;1000;0.0;0;0.0000;0;0;25998;25998;25998
60;2014-07-09 14:48:00;909402N262;2891;26.046;49;234;232;234;236;4.197;50.00;534.7;2.302;613.0;1.319;744.5;1.189;60;0;0;4.115;4.237;4.239;937;972;980;50.00;50.00;50.00;5430;1000;0.0;0;0.0000;0;0;26046;26046;26046
60;2014-07-09 14:49:00;909402N262;2718;26.091;49;234;232;235;236;3.951;50.00;540.2;2.132;615.2;1.242;745.0;1.119;60;0;0;3.865;3.988;4.002;877;915;923;50.00;50.00;50.00;5430;1000;0.0;0;0.0000;0;0;26091;26091;26091
60;2014-07-09 14:50:00;909402N262;2672;26.136;49;234;232;234;235;3.888;50.01;545.9;2.067;615.1;1.223;748.1;1.096;60;0;0;3.810;3.920;3.935;866;897;906;50.01;50.01;50.01;5430;1000;0.0;0;0.0000;0;0;26136;26136;26136
60;2014-07-09 14:51:00;909402N262;2702;26.182;49;234;233;234;235;3.932;49.99;549.5;2.081;616.8;1.227;753.4;1.106;60;0;0;3.862;3.968;3.968;879;909;913;49.99;49.99;49.99;5430;1000;0.0;0;0.0000;0;0;26182;26182;26182
60;2014-07-09 14:52:00;909402N262;2772;26.227;49;234;232;234;235;4.032;49.99;551.1;2.133;618.8;1.247;757.1;1.130;60;0;0;3.962;4.062;4.073;901;930;938;49.99;49.99;49.99;5430;1000;0.0;0;0.0000;0;0;26227;26227;26227
60;2014-07-09 14:53:00;909402N262;2840;26.274;49;234;233;234;235;4.130;49.99;551.8;2.188;620.5;1.268;760.1;1.155;60;0;0;4.060;4.161;4.170;924;953;961;49.99;49.99;49.99;5430;1000;0.0;0;0.0000;0;0;26274;26274;26274
60;2014-07-09 14:54:00;909402N262;2929;26.324;49;234;233;234;235;4.252;50.00;551.5;2.260;621.7;1.298;761.6;1.193;60;0;0;4.177;4.285;4.296;952;983;991;50.00;50.00;50.00;5430;1000;0.0;0;0.0000;0;0;26324;26324;26324
60;2014-07-09 14:55:00;909402N262;3028;26.374;49;234;233;234;236;4.392;50.01;551.0;2.338;623.1;1.335;764.3;1.234;60;0;0;4.312;4.418;4.447;984;1015;1027;50.01;50.01;50.01;5430;1000;0.0;0;0.0000;0;0;26374;26374;26374
60;2014-07-09 14:56:00;909402N262;3103;26.426;48;234;233;234;236;4.497;50.02;550.2;2.405;623.4;1.366;766.0;1.261;60;0;0;4.412;4.529;4.550;1008;1041;1052;50.02;50.02;50.02;5430;1000;0.0;0;0.0000;0;0;26426;26426;26426
60;2014-07-09 14:57:00;909402N262;2995;26.476;48;234;233;233;236;4.343;50.00;550.5;2.308;623.5;1.322;765.8;1.219;60;0;0;4.264;4.369;4.398;974;1000;1019;50.00;50.00;50.00;5430;1000;0.0;0;0.0000;0;0;26476;26476;26476
60;2014-07-09 14:58:00;909402N262;2881;26.524;48;235;234;234;237;4.169;50.01;550.2;2.220;626.1;1.269;765.8;1.171;60;0;0;4.096;4.189;4.222;938;961;980;50.01;50.01;50.01;5430;1000;0.0;0;0.0000;0;0;26524;26524;26524
60;2014-07-09 14:59:00;909402N262;2783;26.570;48;235;234;234;236;4.028;50.00;550.1;2.150;626.6;1.226;764.9;1.127;60;0;0;3.962;4.054;4.070;909;930;942;50.00;50.00;50.00;5430;1000;0.0;0;0.0000;0;0;26570;26570;26570
60;2014-07-09 15:00:00;909402N262;2599;26.613;48;235;234;234;236;3.770;49.99;550.9;2.004;625.8;1.152;763.1;1.049;60;0;0;3.712;3.791;3.809;849;868;880;49.99;49.99;49.99;5430;1000;0.0;0;0.0000;0;0;26613;26613;26613
[wr_ende]
