20140916;090003;danfoss;My Plant;+0100
[wr_def_start]
909402N262;Inverter Type;Inverter Group;Hanzl
[wr_def_end]
[wr]
INTERVAL;TIMESTAMP;SERIAL;P_AC;E_DAY;T_WR;U_AC;U_AC_1;U_AC_2;U_AC_3;I_AC;F_AC;U_DC_1;I_DC_1;U_DC_2;I_DC_2;U_DC_3;I_DC_3;S;E_WR;M_WR;I_AC_1;I_AC_2;I_AC_3;P_AC_1;P_AC_2;P_AC_3;F_AC_1;F_AC_2;F_AC_3;R_DC;PC;PCS;PCS_LL;COS_PHI;COS_PHI_LL;S_COS_PHI;Current_Day_Energy;current_Day_Offset;ccEnergyOfDay_WithoutOffset
60;2014-09-16 08:01:00;909402N262;407;0.248;32;235;233;235;235;0.770;50.02;551.6;0.371;587.2;0.179;714.4;0.148;60;0;0;0.736;0.851;0.723;130;149;127;50.02;50.02;50.02;3071;1000;0.0;0;0.0000;0;0;248;248;248
60;2014-09-16 08:02:00;909402N262;488;0.256;32;234;233;234;235;0.884;50.01;552.7;0.425;614.9;0.216;728.6;0.178;60;0;0;0.866;0.927;0.861;158;171;158;50.01;50.01;50.01;3071;1000;0.0;0;0.0000;0;0;256;256;256
60;2014-09-16 08:03:00;909402N262;663;0.267;32;234;233;234;235;1.156;50.01;557.2;0.561;627.3;0.288;747.6;0.243;60;0;0;1.143;1.180;1.147;216;226;219;50.01;50.01;50.01;3071;1000;0.0;0;0.0000;0;0;267;267;267
60;2014-09-16 08:04:00;909402N262;663;0.278;32;234;233;234;235;1.153;49.99;557.4;0.573;622.1;0.282;750.8;0.240;60;0;0;1.129;1.185;1.146;214;227;221;49.99;49.99;49.99;3071;1000;0.0;0;0.0000;0;0;278;278;278
60;2014-09-16 08:05:00;909402N262;682;0.290;32;234;233;235;234;1.180;50.00;557.4;0.586;622.7;0.292;751.9;0.246;60;0;0;1.163;1.196;1.181;222;231;228;50.00;50.00;50.00;3071;1000;0.0;0;0.0000;0;0;290;290;290
60;2014-09-16 08:06:00;909402N262;733;0.302;32;234;233;234;234;1.243;50.00;557.6;0.632;624.4;0.307;758.4;0.264;60;0;0;1.224;1.267;1.240;239;249;243;50.00;50.00;50.00;3071;1000;0.0;0;0.0000;0;0;302;302;302
60;2014-09-16 08:07:00;909402N262;658;0.313;32;234;233;235;235;1.141;49.99;556.1;0.576;614.5;0.276;752.7;0.236;60;0;0;1.105;1.167;1.152;210;224;222;49.99;49.99;49.99;3071;1000;0.0;0;0.0000;0;0;313;313;313
60;2014-09-16 08:08:00;909402N262;636;0.324;32;236;235;237;238;1.107;50.00;554.9;0.558;613.5;0.266;751.1;0.229;60;0;0;1.078;1.133;1.110;204;216;213;50.00;50.00;50.00;3071;1000;0.0;0;0.0000;0;0;324;324;324
60;2014-09-16 08:09:00;909402N262;612;0.333;33;233;232;233;234;1.075;49.99;552.3;0.538;612.5;0.257;749.4;0.221;60;0;0;1.058;1.095;1.072;200;206;204;49.99;49.99;49.99;3071;1000;0.0;0;0.0000;0;0;333;333;333
60;2014-09-16 08:10:00;909402N262;602;0.344;33;232;231;231;235;1.064;49.98;548.6;0.533;612.0;0.254;743.0;0.220;60;0;0;1.041;1.081;1.071;195;202;204;49.98;49.98;49.98;3071;1000;0.0;0;0.0000;0;0;344;344;344
60;2014-09-16 08:11:00;909402N262;635;0.354;33;232;231;231;234;1.109;49.98;549.5;0.553;617.3;0.268;749.9;0.232;60;0;0;1.090;1.128;1.110;206;213;213;49.98;49.98;49.98;3071;1000;0.0;0;0.0000;0;0;354;354;354
60;2014-09-16 08:12:00;909402N262;688;0.366;33;232;231;231;234;1.187;49.99;564.5;0.581;620.5;0.291;753.1;0.253;60;0;0;1.162;1.210;1.190;222;233;231;49.99;49.99;49.99;3071;1000;0.0;0;0.0000;0;0;366;366;366
60;2014-09-16 08:13:00;909402N262;703;0.378;33;232;230;232;234;1.210;49.99;559.8;0.599;622.3;0.293;753.0;0.257;60;0;0;1.199;1.224;1.207;229;236;236;49.99;49.99;49.99;3071;1000;0.0;0;0.0000;0;0;378;378;378
60;2014-09-16 08:14:00;909402N262;660;0.389;33;232;231;232;234;1.147;50.00;555.4;0.573;619.7;0.274;751.9;0.241;60;0;0;1.120;1.167;1.154;213;222;223;50.00;50.00;50.00;3071;1000;0.0;0;0.0000;0;0;389;389;389
60;2014-09-16 08:15:00;909402N262;634;0.399;33;232;232;231;234;1.108;50.00;554.1;0.551;617.9;0.264;752.6;0.231;60;0;0;1.089;1.124;1.111;206;213;213;50.00;50.00;50.00;3071;1000;0.0;0;0.0000;0;0;399;399;399
60;2014-09-16 08:16:00;909402N262;630;0.410;33;232;231;231;234;1.105;50.00;552.2;0.555;605.9;0.268;743.7;0.236;60;0;0;1.090;1.121;1.105;205;214;210;50.00;50.00;50.00;3071;1000;0.0;0;0.0000;0;0;410;410;410
60;2014-09-16 08:17:00;909402N262;608;0.419;33;232;230;232;234;1.091;50.01;551.6;0.534;619.8;0.251;746.9;0.223;60;0;0;1.062;1.123;1.090;196;209;202;50.01;50.01;50.01;3071;1000;0.0;0;0.0000;0;0;419;419;419
60;2014-09-16 08:18:00;909402N262;595;0.431;33;232;230;232;234;1.074;49.99;551.6;0.519;619.2;0.249;742.1;0.220;60;0;0;1.046;1.106;1.071;193;204;196;49.99;49.99;49.99;3071;1000;0.0;0;0.0000;0;0;431;431;431
60;2014-09-16 08:19:00;909402N262;621;0.440;33;232;232;233;233;1.111;50.01;552.5;0.537;620.7;0.261;749.5;0.228;60;0;0;1.069;1.138;1.127;198;212;209;50.01;50.01;50.01;3071;1000;0.0;0;0.0000;0;0;440;440;440
60;2014-09-16 08:20:00;909402N262;663;0.451;33;233;232;233;234;1.178;50.01;555.3;0.568;622.9;0.279;752.1;0.245;60;0;0;1.141;1.206;1.187;213;225;224;50.01;50.01;50.01;3071;1000;0.0;0;0.0000;0;0;451;451;451
60;2014-09-16 08:21:00;909402N262;711;0.463;33;233;232;233;234;1.250;50.01;556.2;0.607;625.2;0.296;755.7;0.263;60;0;0;1.221;1.288;1.243;229;243;236;50.01;50.01;50.01;3071;1000;0.0;0;0.0000;0;0;463;463;463
60;2014-09-16 08:22:00;909402N262;739;0.475;33;233;232;233;234;1.280;49.99;557.0;0.628;626.4;0.308;758.5;0.272;60;0;0;1.263;1.302;1.277;241;250;244;49.99;49.99;49.99;3071;1000;0.0;0;0.0000;0;0;475;475;475
60;2014-09-16 08:23:00;909402N262;792;0.489;33;233;231;233;234;1.352;50.00;558.6;0.667;629.1;0.331;762.3;0.293;60;0;0;1.315;1.412;1.330;254;277;258;50.00;50.00;50.00;3071;1000;0.0;0;0.0000;0;0;489;489;489
60;2014-09-16 08:24:00;909402N262;855;0.503;33;233;231;233;234;1.443;50.01;557.4;0.719;630.9;0.357;765.8;0.315;60;0;0;1.423;1.471;1.437;278;291;284;50.01;50.01;50.01;3071;1000;0.0;0;0.0000;0;0;503;503;503
60;2014-09-16 08:25:00;909402N262;873;0.518;33;233;232;233;234;1.460;50.00;557.1;0.738;631.4;0.362;766.9;0.321;60;0;0;1.452;1.486;1.443;287;297;286;50.00;50.00;50.00;3071;1000;0.0;0;0.0000;0;0;518;518;518
60;2014-09-16 08:26:00;909402N262;845;0.532;33;233;232;233;234;1.431;50.00;556.8;0.720;629.4;0.348;766.1;0.310;60;0;0;1.419;1.456;1.419;278;287;279;50.00;50.00;50.00;3071;1000;0.0;0;0.0000;0;0;532;532;532
60;2014-09-16 08:27:00;909402N262;799;0.545;34;233;232;232;233;1.360;50.00;557.7;0.685;627.3;0.328;762.4;0.292;60;0;0;1.334;1.405;1.342;259;276;262;50.00;50.00;50.00;3071;1000;0.0;0;0.0000;0;0;545;545;545
60;2014-09-16 08:28:00;909402N262;729;0.557;34;232;232;232;233;1.270;50.00;559.9;0.629;624.1;0.297;756.7;0.268;60;0;0;1.261;1.294;1.256;239;249;239;50.00;50.00;50.00;3071;1000;0.0;0;0.0000;0;0;557;557;557
60;2014-09-16 08:29:00;909402N262;662;0.569;34;232;232;231;234;1.177;49.99;561.2;0.573;622.7;0.270;751.5;0.242;60;0;0;1.139;1.208;1.184;213;225;223;49.99;49.99;49.99;3071;1000;0.0;0;0.0000;0;0;569;569;569
60;2014-09-16 08:30:00;909402N262;670;0.579;34;232;232;232;234;1.187;49.98;562.6;0.574;623.2;0.278;752.0;0.244;60;0;0;1.154;1.198;1.210;217;224;228;49.98;49.98;49.98;3071;1000;0.0;0;0.0000;0;0;579;579;579
60;2014-09-16 08:31:00;909402N262;669;0.590;34;232;232;231;234;1.179;49.99;558.4;0.577;609.1;0.286;750.7;0.245;60;0;0;1.149;1.212;1.177;216;228;224;49.99;49.99;49.99;3071;1000;0.0;0;0.0000;0;0;590;590;590
60;2014-09-16 08:32:00;909402N262;678;0.602;34;232;232;232;234;1.179;49.99;562.2;0.580;622.9;0.284;750.7;0.249;60;0;0;1.166;1.198;1.175;222;228;226;49.99;49.99;49.99;3071;1000;0.0;0;0.0000;0;0;602;602;602
60;2014-09-16 08:33:00;909402N262;722;0.613;34;232;231;232;233;1.235;49.98;559.5;0.619;623.0;0.297;755.4;0.265;60;0;0;1.216;1.252;1.238;235;242;242;49.98;49.98;49.98;3071;1000;0.0;0;0.0000;0;0;613;613;613
60;2014-09-16 08:34:00;909402N262;743;0.626;34;232;231;232;234;1.255;49.99;557.3;0.644;624.5;0.303;759.9;0.271;60;0;0;1.231;1.269;1.267;241;249;250;49.99;49.99;49.99;3071;1000;0.0;0;0.0000;0;0;626;626;626
60;2014-09-16 08:35:00;909402N262;740;0.639;34;232;231;232;233;1.252;49.99;555.4;0.644;625.1;0.302;759.6;0.270;60;0;0;1.242;1.263;1.253;242;250;246;49.99;49.99;49.99;3071;1000;0.0;0;0.0000;0;0;639;639;639
60;2014-09-16 08:36:00;909402N262;734;0.651;34;232;231;232;233;1.244;49.98;554.4;0.639;623.2;0.301;757.1;0.269;60;0;0;1.237;1.260;1.236;241;249;243;49.98;49.98;49.98;3071;1000;0.0;0;0.0000;0;0;651;651;651
60;2014-09-16 08:37:00;909402N262;734;0.663;34;232;232;232;233;1.248;49.99;554.3;0.638;623.8;0.301;758.8;0.270;60;0;0;1.241;1.263;1.240;241;248;243;49.99;49.99;49.99;3071;1000;0.0;0;0.0000;0;0;663;663;663
60;2014-09-16 08:38:00;909402N262;740;0.676;34;232;232;232;233;1.249;49.99;554.8;0.641;623.3;0.304;759.2;0.271;60;0;0;1.241;1.258;1.250;243;249;246;49.99;49.99;49.99;3071;1000;0.0;0;0.0000;0;0;676;676;676
60;2014-09-16 08:39:00;909402N262;731;0.688;34;232;232;232;233;1.246;50.00;554.7;0.635;621.9;0.301;756.2;0.270;60;0;0;1.237;1.269;1.233;239;250;240;50.00;50.00;50.00;3071;1000;0.0;0;0.0000;0;0;688;688;688
60;2014-09-16 08:40:00;909402N262;721;0.700;34;232;232;232;233;1.224;49.99;555.6;0.626;619.9;0.296;754.8;0.266;60;0;0;1.213;1.236;1.224;235;244;241;49.99;49.99;49.99;3071;1000;0.0;0;0.0000;0;0;700;700;700
60;2014-09-16 08:41:00;909402N262;719;0.711;34;233;233;232;233;1.230;50.00;556.2;0.630;619.0;0.295;754.7;0.264;60;0;0;1.232;1.239;1.221;237;243;237;50.00;50.00;50.00;3071;1000;0.0;0;0.0000;0;0;711;711;711
60;2014-09-16 08:42:00;909402N262;724;0.725;34;232;233;231;233;1.233;50.00;557.0;0.634;619.5;0.295;753.9;0.265;60;0;0;1.239;1.242;1.219;241;243;239;50.00;50.00;50.00;3071;1000;0.0;0;0.0000;0;0;725;725;725
60;2014-09-16 08:43:00;909402N262;715;0.735;34;232;233;231;233;1.229;50.00;558.2;0.627;620.4;0.289;755.2;0.261;60;0;0;1.224;1.240;1.225;235;240;237;49.99;50.00;50.00;3071;1000;0.0;0;0.0000;0;0;735;735;735
60;2014-09-16 08:44:00;909402N262;705;0.747;34;232;232;231;233;1.219;49.98;559.6;0.619;620.3;0.286;749.9;0.257;60;0;0;1.213;1.228;1.218;231;235;236;49.98;49.98;49.98;3071;1000;0.0;0;0.0000;0;0;747;747;747
60;2014-09-16 08:45:00;909402N262;733;0.759;34;232;232;231;233;1.250;49.98;562.4;0.636;620.4;0.299;756.4;0.267;60;0;0;1.242;1.273;1.235;242;249;241;49.98;49.98;49.98;3071;1000;0.0;0;0.0000;0;0;759;759;759
60;2014-09-16 08:46:00;909402N262;783;0.773;34;232;232;230;233;1.295;50.00;560.1;0.682;605.1;0.326;756.4;0.289;60;0;0;1.289;1.301;1.297;259;263;260;50.00;50.00;50.00;3071;1000;0.0;0;0.0000;0;0;773;773;773
60;2014-09-16 08:47:00;909402N262;835;0.787;35;232;232;230;233;1.372;49.99;566.2;0.717;625.0;0.336;762.8;0.302;60;0;0;1.362;1.377;1.379;275;279;279;49.99;49.99;49.99;3071;1000;0.0;0;0.0000;0;0;787;787;787
60;2014-09-16 08:48:00;909402N262;849;0.801;35;234;235;232;236;1.379;49.99;567.0;0.730;624.9;0.342;762.7;0.305;60;0;0;1.368;1.382;1.389;279;284;284;49.99;49.99;49.99;3071;1000;0.0;0;0.0000;0;0;801;801;801
60;2014-09-16 08:49:00;909402N262;878;0.815;35;234;235;232;236;1.417;49.99;561.7;0.761;627.3;0.354;765.0;0.317;60;0;0;1.390;1.427;1.434;287;293;297;49.99;49.99;49.99;3071;1000;0.0;0;0.0000;0;0;815;815;815
60;2014-09-16 08:50:00;909402N262;914;0.831;35;234;235;233;236;1.447;49.98;559.3;0.792;629.8;0.364;767.7;0.329;60;0;0;1.426;1.465;1.451;299;307;305;49.98;49.98;49.98;3071;1000;0.0;0;0.0000;0;0;831;831;831
60;2014-09-16 08:51:00;909402N262;928;0.847;35;234;234;234;236;1.467;49.98;561.5;0.808;631.4;0.366;766.0;0.335;60;0;0;1.440;1.487;1.474;302;313;312;49.98;49.98;49.98;3071;1000;0.0;0;0.0000;0;0;847;847;847
60;2014-09-16 08:52:00;909402N262;936;0.862;35;234;233;234;236;1.477;49.98;562.7;0.820;631.2;0.366;766.4;0.336;60;0;0;1.453;1.500;1.478;305;317;313;49.98;49.99;49.98;3071;1000;0.0;0;0.0000;0;0;862;862;862
60;2014-09-16 08:53:00;909402N262;952;0.878;35;234;232;235;235;1.490;49.99;564.6;0.832;630.2;0.371;768.5;0.338;60;0;0;1.465;1.519;1.487;309;325;316;49.99;49.99;49.99;3071;1000;0.0;0;0.0000;0;0;878;878;878
60;2014-09-16 08:54:00;909402N262;974;0.894;35;234;232;235;235;1.517;49.99;560.7;0.855;629.5;0.382;768.5;0.347;60;0;0;1.481;1.558;1.514;313;334;324;49.99;49.99;49.99;3071;1000;0.0;0;0.0000;0;0;894;894;894
60;2014-09-16 08:55:00;909402N262;1065;0.911;35;234;232;234;235;1.640;50.00;551.0;0.943;633.4;0.421;772.4;0.380;60;0;0;1.602;1.680;1.638;343;366;356;50.00;50.00;50.00;3071;1000;0.0;0;0.0000;0;0;911;911;911
60;2014-09-16 08:56:00;909402N262;1282;0.934;35;234;232;235;235;1.916;50.01;566.9;1.082;639.5;0.513;778.0;0.456;60;0;0;1.862;1.955;1.933;410;437;433;50.01;50.01;50.01;3071;1000;0.0;0;0.0000;0;0;934;934;934
60;2014-09-16 08:57:00;909402N262;1776;0.963;35;234;232;235;236;2.599;50.01;583.0;1.317;645.7;0.823;783.2;0.633;60;0;0;2.526;2.636;2.636;568;603;604;50.01;50.01;50.01;3071;1000;0.0;0;0.0000;0;0;963;963;963
60;2014-09-16 08:58:00;909402N262;2093;0.998;35;235;233;235;236;3.030;50.01;575.6;1.537;642.8;0.989;790.6;0.752;60;0;0;2.951;3.062;3.077;673;706;711;50.01;50.01;50.01;3071;1000;0.0;0;0.0000;0;0;998;998;998
60;2014-09-16 08:59:00;909402N262;1965;1.031;35;235;233;236;236;2.844;50.00;575.1;1.454;640.2;0.956;792.9;0.678;60;0;0;2.771;2.895;2.867;632;669;661;50.00;50.00;50.00;3071;1000;0.0;0;0.0000;0;0;1031;1031;1031
60;2014-09-16 09:00:00;909402N262;1634;1.058;35;235;234;236;236;2.389;49.99;572.2;1.183;637.8;0.811;790.1;0.575;60;0;0;2.346;2.430;2.391;531;554;547;49.99;49.99;49.99;3071;1000;0.0;0;0.0000;0;0;1058;1058;1058
[wr_ende]
