20141216;160004;danfoss;My Plant;+0100
[wr_def_start]
909402N262;Inverter Type;Inverter Group;Hanzl
[wr_def_end]
[wr]
INTERVAL;TIMESTAMP;SERIAL;P_AC;E_DAY;T_WR;U_AC;U_AC_1;U_AC_2;U_AC_3;I_AC;F_AC;U_DC_1;I_DC_1;U_DC_2;I_DC_2;U_DC_3;I_DC_3;S;E_WR;M_WR;I_AC_1;I_AC_2;I_AC_3;P_AC_1;P_AC_2;P_AC_3;F_AC_1;F_AC_2;F_AC_3;R_DC;PC;PCS;PCS_LL;COS_PHI;COS_PHI_LL;S_COS_PHI;Current_Day_Energy;current_Day_Offset;ccEnergyOfDay_WithoutOffset
60;2014-12-16 15:01:00;909402N262;178;3.604;36;233;232;233;234;0.585;50.00;542.0;0.166;543.9;0.083;660.0;0.082;60;0;0;0.505;0.680;0.571;57;71;47;50.00;50.00;50.00;883;1000;0.0;0;1.0000;0;2;3604;3604;3604
60;2014-12-16 15:02:00;909402N262;181;3.607;36;233;232;233;234;0.473;50.01;547.6;0.165;575.8;0.079;679.6;0.080;60;0;0;0.437;0.529;0.453;61;71;47;50.01;50.01;50.01;883;1000;0.0;0;1.0000;0;2;3607;3607;3607
60;2014-12-16 15:03:00;909402N262;177;3.610;36;233;232;233;234;0.361;50.00;547.2;0.161;570.4;0.078;692.4;0.077;60;0;0;0.366;0.423;0.295;60;69;46;50.00;50.00;50.00;883;1000;0.0;0;1.0000;0;2;3610;3610;3610
60;2014-12-16 15:04:00;909402N262;172;3.613;36;233;232;234;234;0.336;50.00;544.8;0.156;575.3;0.075;694.1;0.074;60;0;0;0.326;0.376;0.307;56;62;52;50.00;50.00;50.00;883;1000;0.0;0;1.0000;0;2;3613;3613;3613
60;2014-12-16 15:05:00;909402N262;162;3.616;36;233;231;234;234;0.482;49.99;542.8;0.149;567.7;0.073;669.3;0.073;60;0;0;0.395;0.579;0.472;53;61;46;49.99;49.99;49.99;883;1000;0.0;0;1.0000;0;2;3616;3616;3616
60;2014-12-16 15:06:00;909402N262;151;3.618;36;233;231;234;234;0.432;49.99;541.3;0.140;562.4;0.068;674.7;0.067;60;0;0;0.365;0.511;0.420;52;57;41;49.99;49.99;49.99;883;1000;0.0;0;1.0000;0;2;3618;3618;3618
60;2014-12-16 15:07:00;909402N262;142;3.621;35;233;231;233;234;0.388;49.99;540.3;0.132;561.6;0.063;671.2;0.062;60;0;0;0.320;0.435;0.411;49;46;45;49.99;49.99;49.99;883;1000;0.0;0;1.0000;0;2;3621;3621;3621
60;2014-12-16 15:08:00;909402N262;130;3.623;35;233;230;234;234;0.470;50.01;537.6;0.124;548.5;0.059;661.7;0.059;60;0;0;0.339;0.509;0.564;49;32;48;50.01;50.01;50.01;883;1000;0.0;0;1.0000;0;2;3623;3623;3623
60;2014-12-16 15:09:00;909402N262;121;3.625;35;233;230;234;234;0.410;50.01;535.0;0.116;555.3;0.054;663.1;0.054;60;0;0;0.249;0.555;0.426;35;48;36;50.01;50.01;50.01;883;1000;0.0;0;1.0000;0;2;3625;3625;3625
60;2014-12-16 15:10:00;909402N262;112;3.627;35;233;231;234;234;0.378;50.01;531.7;0.110;541.0;0.051;666.1;0.050;60;0;0;0.318;0.401;0.415;44;36;30;50.01;50.01;50.01;883;1000;0.0;0;1.0000;0;2;3627;3627;3627
60;2014-12-16 15:11:00;909402N262;104;3.629;35;233;231;233;234;0.377;50.01;531.2;0.102;533.6;0.048;662.7;0.046;60;0;0;0.329;0.333;0.471;46;28;31;50.01;50.01;50.01;883;1000;0.0;0;1.0000;0;2;3629;3629;3629
60;2014-12-16 15:12:00;909402N262;96;3.630;35;233;231;234;235;0.508;50.01;527.6;0.098;538.8;0.042;636.5;0.045;60;0;0;0.427;0.372;0.725;57;9;38;50.01;50.01;50.01;883;1000;0.0;0;1.0000;0;2;3630;3630;3630
60;2014-12-16 15:13:00;909402N262;89;3.632;35;233;232;234;235;0.562;50.01;527.2;0.093;517.0;0.042;633.7;0.043;60;0;0;0.474;0.408;0.805;62;5;33;50.01;50.01;50.01;883;1000;0.0;0;1.0000;0;2;3632;3632;3632
60;2014-12-16 15:14:00;909402N262;85;3.633;35;233;232;234;235;0.547;50.01;520.9;0.089;514.2;0.040;640.1;0.041;60;0;0;0.435;0.489;0.719;54;13;23;50.01;50.01;50.01;883;1000;0.0;0;1.0000;0;2;3633;3633;3633
60;2014-12-16 15:15:00;909402N262;81;3.635;35;233;231;234;235;0.518;50.01;522.2;0.086;505.8;0.039;633.2;0.040;60;0;0;0.379;0.492;0.685;49;15;21;50.01;50.01;50.01;883;1000;0.0;0;1.0000;0;2;3635;3635;3635
60;2014-12-16 15:16:00;909402N262;77;3.636;35;233;231;234;235;0.494;50.01;518.5;0.084;512.9;0.037;627.9;0.038;60;0;0;0.324;0.514;0.644;43;25;12;50.01;50.01;50.01;883;1000;0.0;0;1.0000;0;2;3636;3636;3636
60;2014-12-16 15:17:00;909402N262;75;3.637;35;233;231;234;235;0.507;50.00;517.7;0.082;526.0;0.035;636.5;0.037;60;0;0;0.404;0.352;0.767;56;12;12;50.00;50.00;50.00;883;1000;0.0;0;1.0000;0;2;3637;3637;3637
60;2014-12-16 15:18:00;909402N262;73;3.638;35;233;231;233;234;0.448;49.99;514.7;0.081;518.1;0.035;623.0;0.037;60;0;0;0.310;0.463;0.572;42;31;10;49.99;49.99;49.99;883;1000;0.0;0;1.0000;0;2;3638;3638;3638
60;2014-12-16 15:19:00;909402N262;71;3.640;35;230;229;231;232;0.271;49.99;516.2;0.078;508.6;0.035;609.8;0.036;60;0;0;0.066;0.569;0.178;8;81;0;49.99;49.99;49.99;883;1000;0.0;0;1.0000;0;2;3640;3640;3640
60;2014-12-16 15:20:00;909402N262;68;3.640;35;230;228;231;232;0.267;49.99;519.3;0.074;498.3;0.034;611.1;0.034;60;0;0;0.116;0.509;0.177;15;69;0;49.99;49.99;49.99;883;1000;0.0;0;1.0000;0;2;3640;3640;3640
60;2014-12-16 15:21:00;909402N262;65;3.642;35;230;229;231;232;0.264;49.99;512.5;0.073;495.2;0.031;632.9;0.031;60;0;0;0.103;0.498;0.192;12;68;0;49.99;49.99;49.99;883;1000;0.0;0;1.0000;0;2;3642;3642;3642
60;2014-12-16 15:22:00;909402N262;60;3.643;35;230;229;230;232;0.342;50.00;509.0;0.069;486.1;0.030;615.3;0.031;60;0;0;0.111;0.552;0.364;13;77;0;50.00;50.00;50.00;883;1000;0.0;0;1.0000;0;2;3643;3643;3643
60;2014-12-16 15:23:00;909402N262;56;3.643;35;231;229;230;233;0.421;49.99;515.3;0.065;493.0;0.027;610.5;0.029;60;0;0;0.166;0.504;0.595;21;65;0;49.99;49.99;49.99;883;1000;0.0;0;1.0000;0;2;3643;3643;3643
60;2014-12-16 15:24:00;909402N262;53;3.645;35;230;229;230;232;0.424;49.99;508.7;0.062;499.0;0.025;612.4;0.027;60;0;0;0.198;0.452;0.622;25;54;0;49.99;49.99;49.99;883;1000;0.0;0;1.0000;0;2;3645;3645;3645
60;2014-12-16 15:25:00;909402N262;50;3.646;35;231;230;230;233;0.383;49.98;504.1;0.061;489.6;0.023;596.3;0.027;60;0;0;0.240;0.239;0.672;29;24;8;49.98;49.99;49.99;883;1000;0.0;0;1.0000;0;2;3646;3646;3646
60;2014-12-16 15:26:00;909402N262;48;3.647;35;230;229;230;232;0.372;49.98;502.4;0.058;477.9;0.023;586.6;0.027;60;0;0;0.230;0.322;0.565;32;27;1;49.98;49.98;49.98;883;1000;0.0;0;1.0000;0;2;3647;3647;3647
60;2014-12-16 15:27:00;909402N262;46;3.647;35;230;228;230;232;0.367;49.99;503.9;0.058;472.1;0.023;576.9;0.026;60;0;0;0.256;0.293;0.552;36;26;1;49.99;49.99;49.99;883;1000;0.0;0;1.0000;0;2;3647;3647;3647
60;2014-12-16 15:28:00;909402N262;45;3.648;35;230;228;230;232;0.376;49.99;509.4;0.057;470.3;0.023;572.0;0.025;60;0;0;0.277;0.285;0.568;39;22;2;49.99;49.99;49.99;883;1000;0.0;0;1.0000;0;2;3648;3648;3648
60;2014-12-16 15:29:00;909402N262;44;3.648;35;230;229;230;232;0.390;49.99;510.1;0.054;473.7;0.023;577.5;0.024;60;0;0;0.253;0.339;0.579;32;22;1;49.99;49.99;49.99;883;1000;0.0;0;1.0000;0;2;3648;3648;3648
60;2014-12-16 15:30:00;909402N262;44;3.650;35;231;229;230;232;0.383;49.99;508.4;0.054;471.9;0.023;626.3;0.023;60;0;0;0.262;0.313;0.575;33;20;0;49.99;49.99;49.99;883;1000;0.0;0;1.0000;0;2;3650;3650;3650
60;2014-12-16 15:31:00;909402N262;42;3.650;35;230;229;230;232;0.344;50.00;498.4;0.054;465.8;0.022;621.1;0.023;60;0;0;0.227;0.269;0.537;27;16;3;50.00;50.00;50.00;883;1000;0.0;0;1.0000;0;2;3650;3650;3650
60;2014-12-16 15:32:00;909402N262;41;3.651;35;230;229;230;232;0.345;49.99;499.2;0.054;466.0;0.020;617.6;0.022;60;0;0;0.221;0.247;0.569;28;18;1;49.99;49.99;49.99;883;1000;0.0;0;1.0000;0;2;3651;3651;3651
60;2014-12-16 15:33:00;909402N262;40;3.652;35;230;229;230;232;0.340;49.99;493.2;0.054;456.0;0.019;605.5;0.022;60;0;0;0.195;0.274;0.553;25;15;3;49.99;49.99;49.99;883;1000;0.0;0;1.0000;0;2;3652;3652;3652
60;2014-12-16 15:34:00;909402N262;38;3.653;34;230;229;231;232;0.322;49.99;490.5;0.051;445.5;0.019;597.2;0.020;60;0;0;0.201;0.230;0.535;25;9;5;49.99;49.99;49.99;883;1000;0.0;0;1.0000;0;2;3653;3653;3653
60;2014-12-16 15:35:00;909402N262;35;3.653;34;230;229;230;232;0.336;49.99;487.6;0.049;455.5;0.018;582.5;0.019;60;0;0;0.216;0.235;0.559;23;8;8;49.99;49.99;49.99;883;1000;0.0;0;1.0000;0;2;3653;3653;3653
60;2014-12-16 15:36:00;909402N262;34;3.654;34;230;229;230;232;0.323;49.99;495.9;0.046;472.5;0.016;565.8;0.019;60;0;0;0.213;0.224;0.533;23;10;6;49.99;49.99;49.99;883;1000;0.0;0;1.0000;0;2;3654;3654;3654
60;2014-12-16 15:37:00;909402N262;31;3.654;34;230;229;230;231;0.300;50.00;496.1;0.045;475.3;0.015;543.5;0.019;60;0;0;0.189;0.205;0.508;19;7;7;50.00;50.00;50.00;883;1000;0.0;0;1.0000;0;2;3654;3654;3654
60;2014-12-16 15:38:00;909402N262;30;3.654;34;229;228;229;231;0.228;50.00;488.5;0.043;468.9;0.015;528.5;0.019;60;0;0;0.143;0.144;0.397;18;5;9;50.00;50.00;50.00;883;1000;0.0;0;1.0000;0;2;3654;3654;3654
60;2014-12-16 15:39:00;909402N262;28;3.655;34;230;229;230;232;0.272;49.99;479.1;0.042;459.2;0.015;528.9;0.018;60;0;0;0.146;0.160;0.510;19;7;5;49.99;49.99;49.99;883;1000;0.0;0;1.0000;0;2;3655;3655;3655
60;2014-12-16 15:40:00;909402N262;27;3.655;34;231;229;231;232;0.225;49.99;472.2;0.042;451.7;0.014;527.0;0.017;60;0;0;0.100;0.186;0.390;12;11;6;49.99;49.99;49.99;883;1000;0.0;0;1.0000;0;2;3655;3655;3655
60;2014-12-16 15:41:00;909402N262;25;3.656;34;231;229;231;232;0.215;50.00;471.3;0.041;458.3;0.012;527.8;0.015;60;0;0;0.098;0.175;0.373;10;11;6;50.00;50.00;50.00;883;1000;0.0;0;1.0000;0;2;3656;3656;3656
60;2014-12-16 15:42:00;909402N262;24;3.657;34;231;229;231;232;0.233;49.99;474.5;0.039;475.9;0.011;526.7;0.015;60;0;0;0.115;0.222;0.362;11;9;7;49.99;49.99;49.99;883;1000;0.0;0;1.0000;0;2;3657;3657;3657
60;2014-12-16 15:43:00;909402N262;22;3.657;34;231;229;232;232;0.255;50.00;486.0;0.036;479.2;0.010;513.4;0.015;60;0;0;0.113;0.287;0.367;10;8;7;50.00;50.00;50.00;883;1000;0.0;0;1.0000;0;2;3657;3657;3657
60;2014-12-16 15:44:00;909402N262;19;3.658;34;231;229;231;232;0.248;50.00;480.6;0.035;462.8;0.010;512.0;0.013;60;0;0;0.107;0.303;0.336;9;10;4;50.00;50.00;50.00;883;1000;0.0;0;1.0000;0;2;3658;3658;3658
60;2014-12-16 15:45:00;909402N262;17;3.658;34;231;229;231;232;0.233;50.01;476.9;0.034;438.0;0.010;514.7;0.011;60;0;0;0.085;0.301;0.314;8;7;4;50.01;50.01;50.01;883;1000;0.0;0;1.0000;0;2;3658;3658;3658
60;2014-12-16 15:46:00;909402N262;15;3.658;34;230;228;231;232;0.226;49.99;475.6;0.031;409.7;0.008;541.1;0.010;60;0;0;0.074;0.269;0.337;7;9;4;49.99;49.99;49.99;883;1000;0.0;0;1.0000;0;2;3658;3658;3658
60;2014-12-16 15:47:00;909402N262;12;3.658;34;230;229;231;232;0.237;49.99;469.5;0.030;357.9;0.008;523.2;0.010;60;0;0;0.087;0.220;0.406;8;11;1;49.99;49.99;49.99;883;1000;0.0;0;1.0000;0;2;3658;3658;3658
60;2014-12-16 15:48:00;909402N262;9;3.658;34;230;229;231;232;0.241;49.98;464.9;0.027;307.2;0.007;509.6;0.007;60;0;0;0.069;0.262;0.394;6;13;0;49.98;49.98;49.98;883;1000;0.0;0;1.0000;0;2;3658;3658;3658
60;2014-12-16 15:49:00;909402N262;5;3.658;34;230;229;231;232;0.209;49.98;454.9;0.025;263.4;0.007;434.0;0.007;60;0;0;0.062;0.219;0.348;7;15;0;49.98;49.98;49.98;883;1000;0.0;0;1.0000;0;2;3658;3658;3658
60;2014-12-16 15:50:00;909402N262;2;3.658;34;230;229;231;232;0.198;49.98;450.5;0.022;308.9;0.005;341.6;0.007;60;0;0;0.049;0.220;0.327;5;14;0;49.98;49.98;49.98;883;1000;0.0;0;1.0000;0;2;3658;3658;3658
60;2014-12-16 15:51:00;909402N262;0;3.658;34;231;229;231;232;0.204;49.99;448.7;0.019;275.1;0.003;268.0;0.007;60;0;0;0.069;0.258;0.286;7;5;0;49.99;49.99;49.99;883;1000;0.0;0;1.0000;0;2;3658;3658;3658
60;2014-12-16 15:52:00;909402N262;0;3.659;34;231;229;232;232;0.205;49.98;456.3;0.016;262.4;0.003;285.7;0.005;60;0;0;0.050;0.279;0.288;3;7;0;49.98;49.98;49.98;883;1000;0.0;0;1.0000;0;2;3659;3659;3659
60;2014-12-16 15:53:00;909402N262;0;3.659;34;231;229;232;231;0.147;49.98;437.6;0.015;308.8;0.000;275.7;0.003;60;0;0;0.063;0.240;0.139;5;2;1;49.98;49.98;49.98;883;1000;0.0;0;1.0000;0;2;3659;3659;3658
60;2014-12-16 15:54:00;909402N262;0;3.659;34;231;230;232;230;0.093;49.98;436.5;0.012;314.8;0.000;324.6;0.002;50;0;0;0.054;0.155;0.072;2;0;0;49.98;49.98;49.98;883;1000;0.0;0;1.0000;0;2;3659;3659;3658
60;2014-12-16 15:55:00;909402N262;0;3.659;34;231;230;233;230;0.003;50.00;442.8;0.008;373.6;0.000;422.2;0.000;51;0;0;0.003;0.003;0.003;0;0;0;50.00;50.00;50.00;889;1000;0.0;0;1.0000;0;2;3659;3659;3658
60;2014-12-16 15:56:00;909402N262;0;3.659;34;231;230;233;230;0.000;50.01;350.9;0.009;311.5;0.000;324.3;0.000;51;0;0;0.000;0.000;0.000;0;0;0;50.01;50.01;50.01;891;1000;0.0;0;1.0000;0;2;3659;3659;3658
60;2014-12-16 15:57:00;909402N262;0;3.659;33;231;230;233;230;0.000;50.01;241.1;0.008;240.5;0.000;241.4;0.000;51;0;0;0.000;0.000;0.000;0;0;0;50.02;50.01;50.01;891;1000;0.0;0;1.0000;0;2;3659;3659;3658
60;2014-12-16 15:58:00;909402N262;0;3.659;33;231;229;233;229;0.000;50.02;238.7;0.007;238.1;0.000;238.8;0.000;51;0;0;0.000;0.000;0.000;0;0;0;50.02;50.02;50.02;891;1000;0.0;0;1.0000;0;2;3659;3659;3658
60;2014-12-16 15:59:00;909402N262;0;3.659;33;230;229;233;229;0.000;50.01;236.1;0.006;235.5;0.000;236.6;0.000;51;0;0;0.000;0.000;0.000;0;0;0;50.01;50.01;50.01;891;1000;0.0;0;1.0000;0;2;3659;3659;3658
60;2014-12-16 16:00:00;909402N262;0;3.659;33;230;229;233;229;0.000;49.99;233.6;0.003;233.0;0.000;233.2;0.000;51;0;0;0.000;0.000;0.000;0;0;0;49.99;49.99;49.99;891;1000;0.0;0;1.0000;0;2;3659;3659;3658
[wr_ende]
