20140804;140004;danfoss;My Plant;+0100
[wr_def_start]
909402N262;Inverter Type;Inverter Group;Hanzl
[wr_def_end]
[wr]
INTERVAL;TIMESTAMP;SERIAL;P_AC;E_DAY;T_WR;U_AC;U_AC_1;U_AC_2;U_AC_3;I_AC;F_AC;U_DC_1;I_DC_1;U_DC_2;I_DC_2;U_DC_3;I_DC_3;S;E_WR;M_WR;I_AC_1;I_AC_2;I_AC_3;P_AC_1;P_AC_2;P_AC_3;F_AC_1;F_AC_2;F_AC_3;R_DC;PC;PCS;PCS_LL;COS_PHI;COS_PHI_LL;S_COS_PHI;Current_Day_Energy;current_Day_Offset;ccEnergyOfDay_WithoutOffset
60;2014-08-04 13:01:00;909402N262;8214;18.209;51;236;237;236;237;11.587;49.97;489.2;7.384;585.5;3.719;732.8;3.551;60;0;0;11.560;11.566;11.637;2731;2732;2749;49.97;49.97;49.97;3814;1000;0.0;0;0.0000;0;0;18209;18209;18209
60;2014-08-04 13:02:00;909402N262;8326;18.348;51;237;237;237;237;11.735;49.97;490.3;7.434;602.6;3.681;731.5;3.569;60;0;0;11.720;11.722;11.765;2773;2767;2783;49.97;49.97;49.97;3814;1000;0.0;0;0.0000;0;0;18348;18348;18348
60;2014-08-04 13:03:00;909402N262;8330;18.487;51;237;237;236;237;11.754;49.96;489.4;7.449;602.0;3.690;730.8;3.575;60;0;0;11.749;11.737;11.777;2777;2768;2783;49.96;49.96;49.96;3814;1000;0.0;0;0.0000;0;0;18487;18487;18487
60;2014-08-04 13:04:00;909402N262;8358;18.626;51;236;237;236;237;11.799;49.96;488.1;7.482;600.1;3.716;729.6;3.601;60;0;0;11.799;11.788;11.812;2789;2778;2789;49.96;49.96;49.96;3814;1000;0.0;0;0.0000;0;0;18626;18626;18626
60;2014-08-04 13:05:00;909402N262;8431;18.766;51;236;237;236;237;11.899;49.98;486.3;7.564;599.1;3.757;728.3;3.644;60;0;0;11.894;11.895;11.909;2811;2805;2813;49.98;49.98;49.98;3814;1000;0.0;0;0.0000;0;0;18766;18766;18766
60;2014-08-04 13:06:00;909402N262;8474;18.908;51;236;237;236;237;11.970;49.98;485.2;7.615;598.1;3.781;727.2;3.671;60;0;0;11.958;11.968;11.985;2824;2817;2830;49.98;49.98;49.98;3814;1000;0.0;0;0.0000;0;0;18908;18908;18908
60;2014-08-04 13:07:00;909402N262;8498;19.049;51;236;237;236;237;11.996;49.98;484.4;7.643;597.3;3.797;726.1;3.692;60;0;0;11.984;11.983;12.021;2833;2822;2841;49.98;49.98;49.98;3814;1000;0.0;0;0.0000;0;0;19049;19049;19049
60;2014-08-04 13:08:00;909402N262;8384;19.190;51;236;237;236;236;11.840;49.99;483.6;7.558;596.1;3.759;724.7;3.641;60;0;0;11.821;11.842;11.858;2793;2789;2799;49.99;49.99;49.99;3814;1000;0.0;0;0.0000;0;0;19190;19190;19190
60;2014-08-04 13:09:00;909402N262;8133;19.325;51;235;236;235;235;11.536;49.98;484.6;7.343;595.6;3.649;724.5;3.516;60;0;0;11.519;11.536;11.553;2710;2707;2715;49.98;49.98;49.98;3814;1000;0.0;0;0.0000;0;0;19325;19325;19325
60;2014-08-04 13:10:00;909402N262;8257;19.463;51;235;235;235;235;11.717;49.98;483.8;7.447;595.1;3.705;723.5;3.594;60;0;0;11.691;11.719;11.742;2748;2748;2760;49.98;49.98;49.98;3814;1000;0.0;0;0.0000;0;0;19463;19463;19463
60;2014-08-04 13:11:00;909402N262;8325;19.601;51;235;235;234;235;11.833;49.98;483.7;7.506;595.4;3.739;724.4;3.616;60;0;0;11.809;11.823;11.867;2771;2764;2788;49.98;49.98;49.98;3814;1000;0.0;0;0.0000;0;0;19601;19601;19601
60;2014-08-04 13:12:00;909402N262;8295;19.739;51;234;234;233;235;11.813;49.99;485.0;7.466;595.7;3.725;724.9;3.595;60;0;0;11.787;11.769;11.884;2758;2741;2794;49.99;49.99;49.99;3814;1000;0.0;0;0.0000;0;0;19739;19739;19739
60;2014-08-04 13:13:00;909402N262;8324;19.878;52;234;235;233;235;11.860;50.00;486.2;7.465;596.3;3.735;725.7;3.607;60;0;0;11.825;11.855;11.902;2771;2763;2788;50.00;50.00;50.00;3814;1000;0.0;0;0.0000;0;0;19878;19878;19878
60;2014-08-04 13:14:00;909402N262;8387;20.021;52;234;235;233;235;11.941;49.99;486.7;7.529;596.8;3.762;726.2;3.620;60;0;0;11.928;11.919;11.976;2800;2775;2809;49.99;49.99;49.99;3814;1000;0.0;0;0.0000;0;0;20021;20021;20021
60;2014-08-04 13:15:00;909402N262;8464;20.161;52;234;235;233;235;12.050;49.99;487.2;7.589;597.4;3.789;726.7;3.657;60;0;0;12.080;12.032;12.039;2841;2800;2822;49.99;49.99;49.99;3814;1000;0.0;0;0.0000;0;0;20161;20161;20161
60;2014-08-04 13:16:00;909402N262;8532;20.305;52;234;236;233;235;12.137;49.99;484.6;7.735;580.1;3.917;726.6;3.714;60;0;0;12.159;12.125;12.129;2860;2826;2844;49.99;49.99;49.99;3814;1000;0.0;0;0.0000;0;0;20305;20305;20305
60;2014-08-04 13:17:00;909402N262;8655;20.448;52;234;236;233;235;12.316;49.99;488.5;7.754;599.5;3.867;725.9;3.727;60;0;0;12.360;12.301;12.289;2908;2866;2879;49.99;49.99;49.99;3814;1000;0.0;0;0.0000;0;0;20448;20448;20448
60;2014-08-04 13:18:00;909402N262;8659;20.593;52;234;235;234;235;12.321;49.99;487.1;7.776;598.1;3.876;726.1;3.732;60;0;0;12.323;12.317;12.324;2892;2874;2891;49.99;49.99;49.99;3814;1000;0.0;0;0.0000;0;0;20593;20593;20593
60;2014-08-04 13:19:00;909402N262;8705;20.738;52;235;235;234;235;12.383;49.99;485.9;7.835;596.7;3.904;725.2;3.759;60;0;0;12.361;12.407;12.381;2900;2902;2901;49.99;49.99;49.99;3814;1000;0.0;0;0.0000;0;0;20738;20738;20738
60;2014-08-04 13:20:00;909402N262;8677;20.882;52;234;235;234;234;12.353;50.00;485.4;7.816;595.4;3.903;723.9;3.755;60;0;0;12.364;12.374;12.323;2903;2891;2881;50.00;50.00;50.00;3814;1000;0.0;0;0.0000;0;0;20882;20882;20882
60;2014-08-04 13:21:00;909402N262;8753;21.029;52;234;235;234;234;12.457;50.00;484.0;7.877;594.7;3.943;724.4;3.805;60;0;0;12.445;12.498;12.428;2921;2925;2906;50.00;50.00;50.00;3814;1000;0.0;0;0.0000;0;0;21029;21029;21029
60;2014-08-04 13:22:00;909402N262;8837;21.176;52;234;235;234;234;12.573;50.00;482.7;7.968;593.9;3.989;724.8;3.842;60;0;0;12.553;12.613;12.555;2948;2951;2937;50.00;50.00;50.00;3814;1000;0.0;0;0.0000;0;0;21176;21176;21176
60;2014-08-04 13:23:00;909402N262;8800;21.323;52;235;235;234;234;12.518;49.99;482.1;7.947;593.1;3.969;724.1;3.832;60;0;0;12.505;12.557;12.494;2937;2939;2922;49.99;49.99;49.99;3814;1000;0.0;0;0.0000;0;0;21323;21323;21323
60;2014-08-04 13:24:00;909402N262;8097;21.457;52;234;235;234;234;11.542;49.99;487.8;7.485;588.7;3.652;725.6;3.357;60;0;0;11.527;11.586;11.513;2703;2705;2687;49.99;49.99;49.99;3814;1000;0.0;0;0.0000;0;0;21457;21457;21457
60;2014-08-04 13:25:00;909402N262;8372;21.598;52;234;235;235;234;11.916;49.99;482.8;7.581;590.5;3.780;723.9;3.632;60;0;0;11.883;11.964;11.903;2786;2800;2783;49.99;49.99;49.99;3814;1000;0.0;0;0.0000;0;0;21598;21598;21598
60;2014-08-04 13:26:00;909402N262;8067;21.731;52;234;234;234;235;11.475;49.98;489.9;7.001;594.4;3.730;723.0;3.557;60;0;0;11.433;11.482;11.511;2676;2694;2696;49.98;49.98;49.98;3814;1000;0.0;0;0.0000;0;0;21731;21731;21731
60;2014-08-04 13:27:00;909402N262;8908;21.879;52;235;235;235;235;12.661;49.99;481.9;8.054;595.0;4.013;723.2;3.876;60;0;0;12.610;12.693;12.680;2955;2977;2974;49.99;49.99;49.99;3814;1000;0.0;0;0.0000;0;0;21879;21879;21879
60;2014-08-04 13:28:00;909402N262;8998;22.029;52;235;235;235;235;12.797;49.98;481.6;8.129;595.0;4.063;722.5;3.919;60;0;0;12.753;12.822;12.817;2987;3005;3004;49.98;49.98;49.98;3814;1000;0.0;0;0.0000;0;0;22029;22029;22029
60;2014-08-04 13:29:00;909402N262;9095;22.182;52;235;235;235;234;12.933;49.98;481.9;8.203;595.3;4.111;722.8;3.961;60;0;0;12.896;12.975;12.929;3024;3042;3028;49.98;49.98;49.98;3814;1000;0.0;0;0.0000;0;0;22182;22182;22182
60;2014-08-04 13:30:00;909402N262;9206;22.335;52;235;235;235;235;13.086;49.98;481.7;8.297;595.2;4.173;722.8;4.010;60;0;0;13.039;13.127;13.092;3058;3077;3068;49.98;49.98;49.98;3814;1000;0.0;0;0.0000;0;0;22335;22335;22335
60;2014-08-04 13:31:00;909402N262;9187;22.489;52;234;235;235;234;13.061;49.97;477.8;8.369;575.8;4.276;720.1;4.069;60;0;0;13.020;13.130;13.033;3056;3081;3048;49.97;49.97;49.97;3814;1000;0.0;0;0.0000;0;0;22489;22489;22489
60;2014-08-04 13:32:00;909402N262;9313;22.644;52;235;235;235;234;13.226;49.98;478.8;8.413;591.7;4.256;719.1;4.088;60;0;0;13.203;13.309;13.166;3107;3126;3078;49.98;49.98;49.98;3814;1000;0.0;0;0.0000;0;0;22644;22644;22644
60;2014-08-04 13:33:00;909402N262;9326;22.800;52;235;236;235;234;13.228;49.97;477.7;8.434;590.3;4.281;718.1;4.098;60;0;0;13.220;13.307;13.159;3116;3130;3079;49.97;49.97;49.97;3814;1000;0.0;0;0.0000;0;0;22800;22800;22800
60;2014-08-04 13:34:00;909402N262;9381;22.955;52;235;236;236;234;13.287;49.98;476.1;8.503;589.0;4.328;717.1;4.127;60;0;0;13.314;13.362;13.185;3144;3149;3086;49.98;49.98;49.98;3814;1000;0.0;0;0.0000;0;0;22955;22955;22955
60;2014-08-04 13:35:00;909402N262;9511;23.114;52;235;236;236;234;13.465;49.98;475.3;8.621;588.0;4.411;716.0;4.189;60;0;0;13.474;13.541;13.381;3181;3193;3136;49.98;49.98;49.98;3814;1000;0.0;0;0.0000;0;0;23114;23114;23114
60;2014-08-04 13:36:00;909402N262;9656;23.275;52;236;236;236;235;13.651;49.99;473.8;8.768;587.1;4.495;716.6;4.253;60;0;0;13.652;13.733;13.570;3227;3243;3184;49.99;49.99;49.99;3814;1000;0.0;0;0.0000;0;0;23275;23275;23275
60;2014-08-04 13:37:00;909402N262;8422;23.416;53;235;236;236;235;11.908;49.99;482.9;7.917;582.8;4.169;712.0;3.276;60;0;0;11.903;11.957;11.864;2809;2829;2783;49.99;49.99;49.99;3814;1000;0.0;0;0.0000;0;0;23416;23416;23416
60;2014-08-04 13:38:00;909402N262;4804;23.495;53;235;235;235;234;6.840;49.99;487.0;4.122;577.6;2.450;700.5;2.049;60;0;0;6.775;6.924;6.823;1591;1609;1596;49.99;49.99;49.99;3814;1000;0.0;0;0.0000;0;0;23495;23495;23495
60;2014-08-04 13:39:00;909402N262;3175;23.549;53;235;235;234;234;4.548;49.99;487.6;2.896;579.3;1.536;700.1;1.317;60;0;0;4.492;4.596;4.558;1048;1066;1059;49.99;49.99;49.99;3814;1000;0.0;0;0.0000;0;0;23549;23549;23549
60;2014-08-04 13:40:00;909402N262;3291;23.603;52;235;235;235;234;4.717;49.99;493.5;3.053;584.6;1.528;708.3;1.324;60;0;0;4.655;4.772;4.725;1084;1108;1098;49.99;49.99;49.99;3814;1000;0.0;0;0.0000;0;0;23603;23603;23603
60;2014-08-04 13:41:00;909402N262;5973;23.703;52;235;235;235;235;8.475;49.99;499.3;5.321;593.3;2.539;725.0;2.638;60;0;0;8.447;8.487;8.492;1982;1999;1992;49.99;49.99;49.99;3814;1000;0.0;0;0.0000;0;0;23703;23703;23703
60;2014-08-04 13:42:00;909402N262;10388;23.875;52;236;236;236;236;14.663;49.99;486.8;9.252;599.3;4.730;735.5;4.410;60;0;0;14.632;14.710;14.649;3459;3469;3459;49.99;49.99;49.99;3814;1000;0.0;0;0.0000;0;0;23875;23875;23875
60;2014-08-04 13:43:00;909402N262;10216;24.043;52;236;236;236;236;14.420;50.00;483.9;9.116;596.6;4.635;731.2;4.424;60;0;0;14.386;14.469;14.405;3399;3414;3401;50.00;50.00;50.00;3814;1000;0.0;0;0.0000;0;0;24043;24043;24043
60;2014-08-04 13:44:00;909402N262;8044;24.178;52;236;236;235;236;11.386;50.00;495.2;7.074;590.4;3.805;722.9;3.370;60;0;0;11.333;11.456;11.369;2674;2687;2680;50.00;50.00;50.00;3814;1000;0.0;0;0.0000;0;0;24178;24178;24178
60;2014-08-04 13:45:00;909402N262;6699;24.289;52;235;236;235;235;9.493;50.00;489.6;5.987;585.4;3.285;717.1;2.727;60;0;0;9.463;9.526;9.491;2229;2241;2231;50.00;50.00;50.00;3814;1000;0.0;0;0.0000;0;0;24289;24289;24289
60;2014-08-04 13:46:00;909402N262;2622;24.333;52;235;235;234;235;3.759;49.99;487.2;2.494;573.1;1.218;693.4;1.077;60;0;0;3.688;3.806;3.783;859;884;877;49.99;49.99;49.99;3814;1000;0.0;0;0.0000;0;0;24333;24333;24333
60;2014-08-04 13:47:00;909402N262;2644;24.377;52;234;234;235;234;3.811;49.99;497.0;2.480;583.8;1.206;709.3;1.054;60;0;0;3.747;3.861;3.827;866;892;883;49.99;49.99;49.99;3814;1000;0.0;0;0.0000;0;0;24377;24377;24377
60;2014-08-04 13:48:00;909402N262;2691;24.422;52;234;235;234;234;3.882;50.01;503.9;2.482;590.2;1.217;716.3;1.066;60;0;0;3.840;3.919;3.888;888;904;897;50.01;50.01;50.01;3814;1000;0.0;0;0.0000;0;0;24422;24422;24422
60;2014-08-04 13:49:00;909402N262;2610;24.466;52;234;235;234;234;3.765;50.01;508.1;2.389;593.6;1.167;721.3;1.027;60;0;0;3.727;3.801;3.769;862;876;870;50.01;50.01;50.01;3814;1000;0.0;0;0.0000;0;0;24466;24466;24466
60;2014-08-04 13:50:00;909402N262;2509;24.508;52;235;235;234;234;3.620;50.01;510.9;2.290;596.2;1.113;725.0;0.982;60;0;0;3.576;3.655;3.629;827;842;837;50.01;50.01;50.01;3814;1000;0.0;0;0.0000;0;0;24508;24508;24508
60;2014-08-04 13:51:00;909402N262;2472;24.548;51;235;235;235;234;3.568;50.00;514.8;2.239;599.8;1.091;727.7;0.963;60;0;0;3.524;3.603;3.577;814;830;825;50.00;50.00;50.00;3814;1000;0.0;0;0.0000;0;0;24548;24548;24548
60;2014-08-04 13:52:00;909402N262;2497;24.590;51;235;235;235;234;3.603;50.01;518.5;2.233;603.9;1.102;733.0;0.966;60;0;0;3.553;3.649;3.607;820;843;831;50.01;50.01;50.01;3814;1000;0.0;0;0.0000;0;0;24590;24590;24590
60;2014-08-04 13:53:00;909402N262;2502;24.632;51;234;234;235;234;3.614;50.00;521.2;2.217;606.5;1.109;736.5;0.963;60;0;0;3.560;3.664;3.620;820;846;834;50.00;50.00;50.00;3814;1000;0.0;0;0.0000;0;0;24632;24632;24632
60;2014-08-04 13:54:00;909402N262;2508;24.673;51;234;234;234;234;3.621;50.01;524.2;2.203;606.6;1.117;739.4;0.959;60;0;0;3.569;3.661;3.634;823;845;838;50.01;50.01;50.01;3814;1000;0.0;0;0.0000;0;0;24673;24673;24673
60;2014-08-04 13:55:00;909402N262;2450;24.715;51;234;235;234;235;3.539;49.99;527.2;2.148;607.9;1.088;741.2;0.931;60;0;0;3.493;3.570;3.554;806;821;820;49.99;49.99;49.99;3814;1000;0.0;0;0.0000;0;0;24715;24715;24715
60;2014-08-04 13:56:00;909402N262;2316;24.754;51;235;235;234;235;3.350;50.00;530.9;2.024;602.3;1.040;741.8;0.871;60;0;0;3.299;3.386;3.365;761;777;776;50.00;50.00;50.00;3814;1000;0.0;0;0.0000;0;0;24754;24754;24754
60;2014-08-04 13:57:00;909402N262;2246;24.790;50;235;235;234;234;3.251;50.01;533.7;1.955;599.1;1.014;744.4;0.841;60;0;0;3.209;3.283;3.262;741;753;750;50.01;50.01;50.01;3814;1000;0.0;0;0.0000;0;0;24790;24790;24790
60;2014-08-04 13:58:00;909402N262;2206;24.827;50;234;235;234;234;3.195;50.01;536.4;1.909;604.6;0.983;745.6;0.828;60;0;0;3.150;3.229;3.207;727;741;737;50.01;50.01;50.01;3814;1000;0.0;0;0.0000;0;0;24827;24827;24827
60;2014-08-04 13:59:00;909402N262;2230;24.864;50;235;235;234;234;3.229;49.99;533.6;1.934;610.0;0.986;747.8;0.839;60;0;0;3.187;3.267;3.234;735;751;743;49.99;49.99;49.99;3814;1000;0.0;0;0.0000;0;0;24864;24864;24864
60;2014-08-04 14:00:00;909402N262;2289;24.903;50;235;236;234;235;3.311;49.97;530.1;1.999;611.8;1.005;749.8;0.862;60;0;0;3.271;3.348;3.314;755;769;762;49.97;49.97;49.97;3814;1000;0.0;0;0.0000;0;0;24903;24903;24903
[wr_ende]
