20141009;130001;danfoss;My Plant;+0100
[wr_def_start]
909402N262;Inverter Type;Inverter Group;Hanzl
[wr_def_end]
[wr]
INTERVAL;TIMESTAMP;SERIAL;P_AC;E_DAY;T_WR;U_AC;U_AC_1;U_AC_2;U_AC_3;I_AC;F_AC;U_DC_1;I_DC_1;U_DC_2;I_DC_2;U_DC_3;I_DC_3;S;E_WR;M_WR;I_AC_1;I_AC_2;I_AC_3;P_AC_1;P_AC_2;P_AC_3;F_AC_1;F_AC_2;F_AC_3;R_DC;PC;PCS;PCS_LL;COS_PHI;COS_PHI_LL;S_COS_PHI;Current_Day_Energy;current_Day_Offset;ccEnergyOfDay_WithoutOffset
60;2014-10-09 12:01:00;909402N262;6382;10.955;46;235;232;236;237;9.068;49.97;516.9;6.174;587.5;2.520;709.4;2.603;60;0;0;8.859;9.214;9.133;2056;2164;2159;49.97;49.97;49.97;4314;1000;0.0;0;0.0000;0;0;10955;10955;10955
60;2014-10-09 12:02:00;909402N262;6446;11.063;46;235;231;236;236;9.164;49.98;519.7;6.175;600.3;2.497;713.6;2.590;60;0;0;8.969;9.281;9.243;2074;2187;2183;49.98;49.98;49.98;4314;1000;0.0;0;0.0000;0;0;11063;11063;11063
60;2014-10-09 12:03:00;909402N262;6479;11.171;46;235;232;236;236;9.205;49.99;518.9;6.217;600.0;2.510;714.6;2.602;60;0;0;9.023;9.320;9.272;2090;2199;2188;49.99;49.99;49.99;4314;1000;0.0;0;0.0000;0;0;11171;11171;11171
60;2014-10-09 12:04:00;909402N262;6503;11.279;46;235;233;235;237;9.237;49.99;518.4;6.240;599.9;2.518;720.4;2.597;60;0;0;9.081;9.335;9.296;2111;2194;2196;49.99;49.99;49.99;4314;1000;0.0;0;0.0000;0;0;11279;11279;11279
60;2014-10-09 12:05:00;909402N262;6540;11.388;46;235;233;235;237;9.281;50.00;517.9;6.265;599.9;2.524;725.5;2.614;60;0;0;9.143;9.335;9.366;2131;2190;2217;50.00;50.00;50.00;4314;1000;0.0;0;0.0000;0;0;11388;11388;11388
60;2014-10-09 12:06:00;909402N262;6562;11.498;46;235;234;235;236;9.312;49.99;517.7;6.274;599.9;2.523;728.4;2.625;60;0;0;9.211;9.364;9.363;2156;2194;2210;49.99;49.99;49.99;4314;1000;0.0;0;0.0000;0;0;11498;11498;11498
60;2014-10-09 12:07:00;909402N262;6595;11.609;46;235;235;234;237;9.349;50.00;517.4;6.291;606.3;2.531;728.4;2.632;60;0;0;9.301;9.323;9.425;2185;2175;2233;50.00;50.00;50.00;4314;1000;0.0;0;0.0000;0;0;11609;11609;11609
60;2014-10-09 12:08:00;909402N262;6635;11.719;46;236;236;234;237;9.401;50.00;516.6;6.318;614.5;2.541;728.1;2.641;60;0;0;9.360;9.378;9.466;2205;2189;2239;50.00;50.00;50.00;4314;1000;0.0;0;0.0000;0;0;11719;11719;11719
60;2014-10-09 12:09:00;909402N262;6623;11.831;46;236;236;234;237;9.381;50.01;516.1;6.313;614.8;2.537;727.8;2.637;60;0;0;9.341;9.357;9.446;2204;2184;2233;50.01;50.01;50.01;4314;1000;0.0;0;0.0000;0;0;11831;11831;11831
60;2014-10-09 12:10:00;909402N262;6633;11.940;46;235;235;234;237;9.412;50.01;515.5;6.325;614.9;2.540;728.0;2.642;60;0;0;9.338;9.398;9.501;2189;2196;2246;50.01;50.01;50.01;4314;1000;0.0;0;0.0000;0;0;11940;11940;11940
60;2014-10-09 12:11:00;909402N262;6667;12.052;46;235;235;234;237;9.448;50.02;515.9;6.355;614.8;2.549;731.5;2.644;60;0;0;9.348;9.437;9.559;2191;2207;2267;50.02;50.02;50.02;4314;1000;0.0;0;0.0000;0;0;12052;12052;12052
60;2014-10-09 12:12:00;909402N262;6720;12.164;46;236;235;234;238;9.516;50.01;516.8;6.377;615.1;2.560;740.6;2.655;60;0;0;9.411;9.499;9.640;2207;2222;2289;50.01;50.01;50.01;4314;1000;0.0;0;0.0000;0;0;12164;12164;12164
60;2014-10-09 12:13:00;909402N262;6786;12.278;46;235;234;234;238;9.630;50.01;517.5;6.422;616.0;2.577;743.3;2.680;60;0;0;9.499;9.610;9.781;2217;2244;2322;50.01;50.01;50.01;4314;1000;0.0;0;0.0000;0;0;12278;12278;12278
60;2014-10-09 12:14:00;909402N262;6806;12.391;46;235;233;234;238;9.661;50.01;517.1;6.449;615.8;2.584;743.0;2.689;60;0;0;9.523;9.659;9.802;2218;2260;2326;50.01;50.01;50.01;4314;1000;0.0;0;0.0000;0;0;12391;12391;12391
60;2014-10-09 12:15:00;909402N262;6808;12.504;46;235;234;235;237;9.656;50.02;517.2;6.452;615.9;2.582;743.0;2.689;60;0;0;9.540;9.677;9.752;2228;2269;2309;50.02;50.02;50.02;4314;1000;0.0;0;0.0000;0;0;12504;12504;12504
60;2014-10-09 12:16:00;909402N262;6768;12.617;46;236;235;235;238;9.582;50.01;513.4;6.470;602.9;2.619;742.6;2.699;60;0;0;9.482;9.580;9.685;2222;2246;2297;50.01;50.01;50.01;4314;1000;0.0;0;0.0000;0;0;12617;12617;12617
60;2014-10-09 12:17:00;909402N262;6852;12.731;46;236;236;235;238;9.696;50.02;516.8;6.501;616.6;2.598;743.8;2.701;60;0;0;9.612;9.696;9.782;2260;2270;2319;50.02;50.02;50.02;4314;1000;0.0;0;0.0000;0;0;12731;12731;12731
60;2014-10-09 12:18:00;909402N262;6821;12.844;46;236;236;235;238;9.635;50.02;517.7;6.439;622.7;2.577;751.8;2.663;60;0;0;9.573;9.629;9.704;2260;2259;2301;50.02;50.02;50.02;4314;1000;0.0;0;0.0000;0;0;12844;12844;12844
60;2014-10-09 12:19:00;909402N262;6848;12.959;47;236;236;235;237;9.676;50.01;517.1;6.430;631.6;2.568;758.3;2.664;60;0;0;9.613;9.674;9.742;2269;2268;2310;50.01;50.01;50.01;4314;1000;0.0;0;0.0000;0;0;12959;12959;12959
60;2014-10-09 12:20:00;909402N262;6916;13.074;47;236;236;235;237;9.768;50.02;516.1;6.496;631.1;2.594;756.9;2.704;60;0;0;9.698;9.764;9.842;2288;2293;2333;50.02;50.02;50.02;4314;1000;0.0;0;0.0000;0;0;13074;13074;13074
60;2014-10-09 12:21:00;909402N262;6840;13.188;47;236;235;236;238;9.668;50.01;515.4;6.426;630.3;2.571;755.9;2.681;60;0;0;9.565;9.679;9.762;2247;2277;2315;50.01;50.01;50.01;4314;1000;0.0;0;0.0000;0;0;13188;13188;13188
60;2014-10-09 12:22:00;909402N262;6859;13.302;47;236;234;236;238;9.709;50.01;515.5;6.447;630.3;2.577;756.4;2.685;60;0;0;9.563;9.732;9.834;2233;2291;2334;50.01;50.01;50.01;4314;1000;0.0;0;0.0000;0;0;13302;13302;13302
60;2014-10-09 12:23:00;909402N262;6974;13.419;47;236;235;236;237;9.873;50.00;515.7;6.557;631.2;2.615;757.8;2.724;60;0;0;9.773;9.894;9.952;2292;2326;2354;50.00;50.00;50.00;4314;1000;0.0;0;0.0000;0;0;13419;13419;13419
60;2014-10-09 12:24:00;909402N262;6968;13.535;47;236;235;236;237;9.860;50.01;516.0;6.549;630.7;2.608;760.4;2.715;60;0;0;9.755;9.891;9.936;2286;2331;2349;50.01;50.01;50.01;4314;1000;0.0;0;0.0000;0;0;13535;13535;13535
60;2014-10-09 12:25:00;909402N262;6978;13.652;47;236;235;235;237;9.883;50.00;515.7;6.563;630.8;2.611;764.6;2.703;60;0;0;9.796;9.907;9.947;2297;2328;2351;50.00;50.00;50.00;4314;1000;0.0;0;0.0000;0;0;13652;13652;13652
60;2014-10-09 12:26:00;909402N262;7006;13.768;47;237;236;236;237;9.886;50.01;515.8;6.566;630.7;2.610;772.7;2.712;60;0;0;9.816;9.919;9.923;2317;2338;2349;50.01;50.01;50.01;4314;1000;0.0;0;0.0000;0;0;13768;13768;13768
60;2014-10-09 12:27:00;909402N262;7074;13.886;47;236;236;236;237;9.986;50.01;514.7;6.633;630.3;2.634;772.5;2.750;60;0;0;9.917;10.011;10.032;2339;2361;2373;50.01;50.01;50.01;4314;1000;0.0;0;0.0000;0;0;13886;13886;13886
60;2014-10-09 12:28:00;909402N262;7052;14.003;47;236;236;236;237;9.957;50.01;513.8;6.618;629.8;2.628;771.3;2.748;60;0;0;9.890;9.976;10.007;2332;2349;2369;50.01;50.01;50.01;4314;1000;0.0;0;0.0000;0;0;14003;14003;14003
60;2014-10-09 12:29:00;909402N262;7071;14.121;47;236;236;235;237;9.986;49.99;512.2;6.655;629.0;2.640;770.5;2.759;60;0;0;9.929;9.983;10.046;2344;2345;2381;49.99;49.99;49.99;4314;1000;0.0;0;0.0000;0;0;14121;14121;14121
60;2014-10-09 12:30:00;909402N262;7106;14.240;47;236;235;236;237;10.046;49.98;512.7;6.686;629.1;2.652;770.1;2.773;60;0;0;9.947;10.065;10.127;2335;2368;2401;49.98;49.98;49.98;4314;1000;0.0;0;0.0000;0;0;14240;14240;14240
60;2014-10-09 12:31:00;909402N262;7075;14.358;47;236;235;236;238;10.002;49.97;513.5;6.700;620.9;2.673;763.0;2.807;60;0;0;9.888;10.015;10.103;2316;2357;2400;49.97;49.97;49.97;4314;1000;0.0;0;0.0000;0;0;14358;14358;14358
60;2014-10-09 12:32:00;909402N262;7142;14.477;47;236;235;236;238;10.099;49.99;512.9;6.717;629.5;2.657;771.1;2.786;60;0;0;9.981;10.119;10.197;2339;2381;2421;49.99;49.99;49.99;4314;1000;0.0;0;0.0000;0;0;14477;14477;14477
60;2014-10-09 12:33:00;909402N262;7153;14.597;47;236;235;236;238;10.114;49.98;511.8;6.741;628.9;2.665;771.7;2.789;60;0;0;9.995;10.136;10.211;2341;2385;2425;49.98;49.98;49.98;4314;1000;0.0;0;0.0000;0;0;14597;14597;14597
60;2014-10-09 12:34:00;909402N262;7163;14.716;47;236;235;236;237;10.132;50.00;511.3;6.758;628.1;2.671;771.6;2.794;60;0;0;10.023;10.155;10.218;2349;2392;2421;50.00;50.00;50.00;4314;1000;0.0;0;0.0000;0;0;14716;14716;14716
60;2014-10-09 12:35:00;909402N262;7064;14.834;47;236;237;235;237;9.986;49.98;511.4;6.670;627.8;2.633;772.2;2.751;60;0;0;9.950;9.980;10.028;2350;2342;2371;49.98;49.98;49.98;4314;1000;0.0;0;0.0000;0;0;14834;14834;14834
60;2014-10-09 12:36:00;909402N262;7102;14.952;47;236;237;234;237;10.046;49.99;511.3;6.708;627.8;2.649;771.9;2.765;60;0;0;10.032;10.018;10.089;2370;2343;2387;49.99;49.99;49.99;4314;1000;0.0;0;0.0000;0;0;14952;14952;14952
60;2014-10-09 12:37:00;909402N262;7167;15.072;47;236;236;234;237;10.136;49.99;511.2;6.769;627.7;2.671;772.2;2.791;60;0;0;10.111;10.110;10.189;2388;2366;2411;49.99;49.99;49.99;4314;1000;0.0;0;0.0000;0;0;15072;15072;15072
60;2014-10-09 12:38:00;909402N262;7182;15.191;47;236;236;235;237;10.154;49.98;511.5;6.780;627.5;2.676;771.6;2.799;60;0;0;10.091;10.143;10.228;2375;2380;2425;49.98;49.98;49.98;4314;1000;0.0;0;0.0000;0;0;15191;15191;15191
60;2014-10-09 12:39:00;909402N262;7179;15.311;47;236;236;235;237;10.153;49.99;512.8;6.767;628.8;2.667;771.9;2.796;60;0;0;10.081;10.163;10.216;2372;2384;2421;49.99;49.99;49.99;4314;1000;0.0;0;0.0000;0;0;15311;15311;15311
60;2014-10-09 12:40:00;909402N262;7105;15.430;48;236;237;235;238;10.033;50.00;513.3;6.695;628.4;2.641;772.2;2.765;60;0;0;9.974;10.017;10.108;2357;2347;2400;50.00;50.00;50.00;4314;1000;0.0;0;0.0000;0;0;15430;15430;15430
60;2014-10-09 12:41:00;909402N262;7155;15.549;48;236;237;234;238;10.113;50.01;513.8;6.742;628.3;2.657;772.4;2.781;60;0;0;10.047;10.080;10.212;2373;2355;2425;50.01;50.01;50.01;4314;1000;0.0;0;0.0000;0;0;15549;15549;15549
60;2014-10-09 12:42:00;909402N262;7181;15.669;48;234;234;233;236;10.234;50.02;514.4;6.765;628.3;2.664;772.7;2.788;60;0;0;10.151;10.219;10.333;2371;2374;2434;50.02;50.02;50.02;4314;1000;0.0;0;0.0000;0;0;15669;15669;15669
60;2014-10-09 12:43:00;909402N262;7213;15.789;48;234;233;232;236;10.299;50.03;513.7;6.805;627.8;2.680;772.7;2.801;60;0;0;10.202;10.270;10.427;2371;2381;2459;50.03;50.03;50.03;4314;1000;0.0;0;0.0000;0;0;15789;15789;15789
60;2014-10-09 12:44:00;909402N262;7226;15.909;48;234;233;232;236;10.324;50.03;513.6;6.820;628.2;2.685;772.4;2.805;60;0;0;10.231;10.299;10.444;2376;2386;2462;50.03;50.03;50.03;4314;1000;0.0;0;0.0000;0;0;15909;15909;15909
60;2014-10-09 12:45:00;909402N262;7250;16.027;48;234;233;232;236;10.360;50.03;512.9;6.855;628.1;2.692;772.2;2.811;60;0;0;10.260;10.344;10.477;2381;2399;2467;50.03;50.03;50.03;4314;1000;0.0;0;0.0000;0;0;16027;16027;16027
60;2014-10-09 12:46:00;909402N262;7247;16.148;48;234;234;232;235;10.328;50.03;508.6;6.922;614.4;2.751;772.0;2.836;60;0;0;10.274;10.286;10.426;2400;2395;2450;50.03;50.03;50.03;4314;1000;0.0;0;0.0000;0;0;16148;16148;16148
60;2014-10-09 12:47:00;909402N262;7327;16.271;48;234;234;232;235;10.464;50.02;510.9;6.950;626.5;2.732;773.1;2.841;60;0;0;10.404;10.430;10.560;2432;2413;2480;50.02;50.02;50.02;4314;1000;0.0;0;0.0000;0;0;16271;16271;16271
60;2014-10-09 12:48:00;909402N262;7322;16.392;48;234;234;233;235;10.452;50.03;510.3;6.953;625.9;2.733;772.6;2.843;60;0;0;10.400;10.446;10.511;2431;2426;2464;50.03;50.03;50.03;4314;1000;0.0;0;0.0000;0;0;16392;16392;16392
60;2014-10-09 12:49:00;909402N262;7306;16.514;48;233;234;232;234;10.444;50.03;510.2;6.939;625.8;2.726;772.5;2.836;60;0;0;10.426;10.438;10.470;2439;2418;2446;50.03;50.03;50.03;4314;1000;0.0;0;0.0000;0;0;16514;16514;16514
60;2014-10-09 12:50:00;909402N262;7252;16.635;48;233;234;232;234;10.367;50.02;509.7;6.893;625.7;2.710;772.0;2.818;60;0;0;10.341;10.363;10.399;2419;2400;2431;50.02;50.02;50.02;4314;1000;0.0;0;0.0000;0;0;16635;16635;16635
60;2014-10-09 12:51:00;909402N262;7261;16.756;48;234;234;232;234;10.374;50.02;510.1;6.902;625.7;2.710;771.3;2.821;60;0;0;10.348;10.366;10.408;2423;2400;2436;50.02;50.02;50.02;4314;1000;0.0;0;0.0000;0;0;16756;16756;16756
60;2014-10-09 12:52:00;909402N262;7255;16.877;48;234;235;232;234;10.358;50.02;510.8;6.903;626.2;2.701;770.9;2.816;60;0;0;10.346;10.348;10.382;2426;2400;2427;50.02;50.02;50.02;4314;1000;0.0;0;0.0000;0;0;16877;16877;16877
60;2014-10-09 12:53:00;909402N262;7262;16.999;48;234;235;232;234;10.365;50.03;511.0;6.904;626.1;2.701;771.8;2.816;60;0;0;10.351;10.355;10.391;2429;2402;2430;50.03;50.03;50.03;4314;1000;0.0;0;0.0000;0;0;16999;16999;16999
60;2014-10-09 12:54:00;909402N262;7313;17.121;48;234;235;233;234;10.433;50.02;511.3;6.953;626.1;2.719;771.8;2.832;60;0;0;10.411;10.438;10.450;2442;2428;2441;50.02;50.02;50.02;4314;1000;0.0;0;0.0000;0;0;17121;17121;17121
60;2014-10-09 12:55:00;909402N262;7291;17.241;48;234;235;233;234;10.405;50.03;511.9;6.933;626.3;2.706;772.0;2.821;60;0;0;10.394;10.413;10.410;2437;2422;2430;50.03;50.03;50.03;4314;1000;0.0;0;0.0000;0;0;17241;17241;17241
60;2014-10-09 12:56:00;909402N262;7322;17.364;48;234;235;233;234;10.448;50.03;511.7;6.961;626.7;2.717;772.8;2.832;60;0;0;10.437;10.457;10.452;2448;2432;2440;50.03;50.03;50.03;4314;1000;0.0;0;0.0000;0;0;17364;17364;17364
60;2014-10-09 12:57:00;909402N262;7341;17.487;48;234;235;233;234;10.469;50.03;511.2;6.979;626.3;2.728;772.6;2.840;60;0;0;10.458;10.473;10.478;2455;2437;2448;50.03;50.03;50.03;4314;1000;0.0;0;0.0000;0;0;17487;17487;17487
60;2014-10-09 12:58:00;909402N262;7334;17.609;48;234;235;233;234;10.455;50.01;510.3;6.981;625.6;2.730;771.8;2.842;60;0;0;10.431;10.467;10.469;2448;2436;2447;50.01;50.01;50.01;4314;1000;0.0;0;0.0000;0;0;17609;17609;17609
60;2014-10-09 12:59:00;909402N262;7368;17.733;48;234;235;233;234;10.492;49.99;509.7;7.017;625.3;2.744;771.4;2.858;60;0;0;10.469;10.506;10.503;2459;2449;2458;49.99;49.99;49.99;4314;1000;0.0;0;0.0000;0;0;17733;17733;17733
60;2014-10-09 13:00:00;909402N262;7366;17.855;48;234;235;233;234;10.502;49.99;508.8;7.024;624.7;2.748;771.1;2.863;60;0;0;10.489;10.505;10.512;2461;2445;2457;49.99;49.99;49.99;4314;1000;0.0;0;0.0000;0;0;17855;17855;17855
[wr_ende]
