20141112;150004;danfoss;My Plant;+0100
[wr_def_start]
909402N262;Inverter Type;Inverter Group;Hanzl
[wr_def_end]
[wr]
INTERVAL;TIMESTAMP;SERIAL;P_AC;E_DAY;T_WR;U_AC;U_AC_1;U_AC_2;U_AC_3;I_AC;F_AC;U_DC_1;I_DC_1;U_DC_2;I_DC_2;U_DC_3;I_DC_3;S;E_WR;M_WR;I_AC_1;I_AC_2;I_AC_3;P_AC_1;P_AC_2;P_AC_3;F_AC_1;F_AC_2;F_AC_3;R_DC;PC;PCS;PCS_LL;COS_PHI;COS_PHI_LL;S_COS_PHI;Current_Day_Energy;current_Day_Offset;ccEnergyOfDay_WithoutOffset
60;2014-11-12 14:01:00;909402N262;3080;10.720;42;235;235;234;235;4.476;50.00;546.6;2.979;642.3;1.034;390.1;2.165;60;0;0;4.415;4.513;4.500;1012;1032;1034;50.00;50.00;50.00;6269;1000;0.0;0;1.0000;0;2;10720;10720;10720
60;2014-11-12 14:02:00;909402N262;2830;10.768;42;234;234;234;235;4.126;50.01;549.4;2.698;644.5;0.942;393.2;1.996;60;0;0;4.069;4.161;4.149;928;950;950;50.01;50.01;50.01;6269;1000;0.0;0;1.0000;0;2;10768;10768;10768
60;2014-11-12 14:03:00;909402N262;2525;10.809;42;235;235;234;235;3.706;50.00;547.5;2.380;626.1;0.867;391.4;1.830;60;0;0;3.653;3.740;3.726;829;849;846;50.00;50.00;50.00;6269;1000;0.0;0;1.0000;0;2;10809;10809;10809
60;2014-11-12 14:04:00;909402N262;2348;10.848;42;234;234;234;235;3.467;49.99;546.7;2.196;622.4;0.814;388.3;1.738;60;0;0;3.415;3.496;3.491;769;788;789;49.99;49.99;49.99;6269;1000;0.0;0;1.0000;0;2;10848;10848;10848
60;2014-11-12 14:05:00;909402N262;2207;10.885;42;234;234;234;234;3.279;49.99;546.6;2.053;628.1;0.762;385.3;1.656;60;0;0;3.225;3.316;3.298;722;744;740;49.99;49.99;49.99;6269;1000;0.0;0;1.0000;0;2;10885;10885;10885
60;2014-11-12 14:06:00;909402N262;2129;10.921;42;234;234;234;234;3.174;49.99;546.7;1.978;625.3;0.742;383.9;1.601;60;0;0;3.117;3.207;3.198;695;717;716;49.99;49.99;49.99;6269;1000;0.0;0;1.0000;0;2;10921;10921;10921
60;2014-11-12 14:07:00;909402N262;2125;10.957;42;234;234;234;234;3.168;49.99;548.3;1.973;619.0;0.749;385.6;1.582;60;0;0;3.111;3.198;3.195;694;714;715;49.99;49.99;49.99;6269;1000;0.0;0;1.0000;0;2;10957;10957;10957
60;2014-11-12 14:08:00;909402N262;2154;10.992;42;234;234;234;234;3.207;49.99;550.2;2.008;628.3;0.748;390.5;1.562;60;0;0;3.153;3.236;3.233;704;724;724;49.99;49.99;49.99;6269;1000;0.0;0;1.0000;0;2;10992;10992;10992
60;2014-11-12 14:09:00;909402N262;2185;11.029;42;234;234;234;235;3.249;50.00;551.9;2.044;627.2;0.763;393.3;1.550;60;0;0;3.194;3.277;3.276;714;734;735;50.00;50.00;50.00;6269;1000;0.0;0;1.0000;0;2;11029;11029;11029
60;2014-11-12 14:10:00;909402N262;2251;11.067;42;234;234;234;234;3.336;49.99;553.0;2.128;633.5;0.779;396.2;1.545;60;0;0;3.281;3.364;3.364;736;756;757;49.99;49.99;49.99;6269;1000;0.0;0;1.0000;0;2;11067;11067;11067
60;2014-11-12 14:11:00;909402N262;2275;11.105;42;234;234;234;234;3.370;49.99;554.3;2.161;639.1;0.781;397.8;1.534;60;0;0;3.311;3.410;3.389;743;768;762;49.99;49.99;49.99;6269;1000;0.0;0;1.0000;0;2;11105;11105;11105
60;2014-11-12 14:12:00;909402N262;2234;11.142;42;234;234;234;234;3.317;50.00;554.8;2.116;638.4;0.767;396.2;1.517;60;0;0;3.259;3.361;3.332;729;756;747;50.00;50.00;50.00;6269;1000;0.0;0;1.0000;0;2;11142;11142;11142
60;2014-11-12 14:13:00;909402N262;2216;11.179;42;234;234;234;234;3.290;49.99;555.7;2.098;630.9;0.770;393.7;1.511;60;0;0;3.237;3.329;3.306;725;748;741;49.99;49.99;49.99;6269;1000;0.0;0;1.0000;0;2;11179;11179;11179
60;2014-11-12 14:14:00;909402N262;2125;11.215;42;234;234;234;234;3.169;49.99;555.0;1.995;619.3;0.753;391.8;1.486;60;0;0;3.118;3.202;3.187;695;716;712;49.99;49.99;49.99;6269;1000;0.0;0;1.0000;0;2;11215;11215;11215
60;2014-11-12 14:15:00;909402N262;2125;11.251;42;234;234;234;235;3.167;50.00;555.7;2.001;619.8;0.755;395.3;1.457;60;0;0;3.116;3.197;3.189;695;715;713;50.00;50.00;50.00;6269;1000;0.0;0;1.0000;0;2;11251;11251;11251
60;2014-11-12 14:16:00;909402N262;2187;11.287;42;234;235;233;234;3.251;50.00;551.9;2.111;618.8;0.779;399.4;1.447;60;0;0;3.206;3.272;3.277;718;732;735;50.00;50.00;50.00;6269;1000;0.0;0;1.0000;0;2;11287;11287;11287
60;2014-11-12 14:17:00;909402N262;2285;11.325;42;234;234;233;235;3.385;50.00;559.0;2.207;641.7;0.790;402.1;1.435;60;0;0;3.328;3.404;3.423;747;763;773;50.00;50.00;50.00;6269;1000;0.0;0;1.0000;0;2;11325;11325;11325
60;2014-11-12 14:18:00;909402N262;2306;11.363;42;234;234;234;235;3.411;50.00;559.1;2.242;643.3;0.797;402.9;1.420;60;0;0;3.354;3.434;3.446;754;772;778;50.00;50.00;50.00;6269;1000;0.0;0;1.0000;0;2;11363;11363;11363
60;2014-11-12 14:19:00;909402N262;2299;11.401;42;234;234;234;235;3.401;50.00;559.4;2.241;644.7;0.793;403.2;1.404;60;0;0;3.348;3.424;3.431;752;770;775;50.00;50.00;50.00;6269;1000;0.0;0;1.0000;0;2;11401;11401;11401
60;2014-11-12 14:20:00;909402N262;2284;11.440;42;234;233;235;234;3.383;50.00;559.5;2.230;645.1;0.789;403.3;1.386;60;0;0;3.313;3.427;3.411;740;774;768;50.00;50.00;50.00;6269;1000;0.0;0;1.0000;0;2;11440;11440;11440
60;2014-11-12 14:21:00;909402N262;2272;11.477;42;234;233;235;234;3.368;50.01;560.1;2.222;645.1;0.786;403.6;1.369;60;0;0;3.301;3.409;3.394;737;769;764;50.01;50.01;50.01;6269;1000;0.0;0;1.0000;0;2;11477;11477;11477
60;2014-11-12 14:22:00;909402N262;2243;11.515;42;234;233;235;234;3.330;50.01;559.9;2.197;643.2;0.779;403.3;1.346;60;0;0;3.263;3.371;3.356;728;759;754;50.01;50.01;50.01;6269;1000;0.0;0;1.0000;0;2;11515;11515;11515
60;2014-11-12 14:23:00;909402N262;2170;11.551;42;234;233;234;234;3.231;50.01;559.1;2.113;641.2;0.755;399.9;1.333;60;0;0;3.168;3.274;3.251;706;734;728;50.01;50.01;50.01;6269;1000;0.0;0;1.0000;0;2;11551;11551;11551
60;2014-11-12 14:24:00;909402N262;2060;11.585;42;234;233;234;234;3.085;50.01;557.9;1.985;616.7;0.744;398.8;1.307;60;0;0;3.026;3.121;3.110;671;694;693;50.01;50.01;50.01;6269;1000;0.0;0;1.0000;0;2;11585;11585;11585
60;2014-11-12 14:25:00;909402N262;1969;11.619;42;234;234;233;234;2.964;50.01;557.1;1.884;615.7;0.714;397.8;1.273;60;0;0;2.911;2.995;2.988;643;662;662;50.01;50.01;50.01;6269;1000;0.0;0;1.0000;0;2;11619;11619;11619
60;2014-11-12 14:26:00;909402N262;1871;11.649;42;234;233;234;234;2.831;50.01;556.4;1.773;616.2;0.678;395.5;1.243;60;0;0;2.772;2.872;2.851;608;634;628;50.01;50.01;50.01;6269;1000;0.0;0;1.0000;0;2;11649;11649;11649
60;2014-11-12 14:27:00;909402N262;1728;11.678;42;234;233;235;234;2.637;50.01;558.3;1.598;617.6;0.628;388.8;1.212;60;0;0;2.576;2.683;2.654;559;588;579;50.01;50.01;50.01;6269;1000;0.0;0;1.0000;0;2;11678;11678;11678
60;2014-11-12 14:28:00;909402N262;1636;11.705;42;234;234;235;234;2.516;50.01;560.3;1.493;616.4;0.598;385.7;1.174;60;0;0;2.462;2.557;2.529;531;556;547;50.01;50.01;50.01;6269;1000;0.0;0;1.0000;0;2;11705;11705;11705
60;2014-11-12 14:29:00;909402N262;1530;11.730;42;234;234;234;234;2.385;50.02;563.0;1.374;616.0;0.564;386.1;1.115;60;0;0;2.333;2.421;2.403;496;519;513;50.02;50.02;50.02;6269;1000;0.0;0;1.0000;0;2;11730;11730;11730
60;2014-11-12 14:30:00;909402N262;1445;11.755;42;234;234;234;234;2.281;50.02;564.9;1.279;615.9;0.536;385.6;1.067;60;0;0;2.227;2.316;2.302;467;490;486;50.02;50.02;50.02;6269;1000;0.0;0;1.0000;0;2;11755;11755;11755
60;2014-11-12 14:31:00;909402N262;1396;11.778;42;234;234;234;234;2.222;49.99;562.4;1.245;611.4;0.526;381.7;1.039;60;0;0;2.169;2.250;2.247;451;472;471;49.99;49.99;49.99;6269;1000;0.0;0;1.0000;0;2;11778;11778;11778
60;2014-11-12 14:32:00;909402N262;1330;11.800;42;234;234;234;234;2.172;49.98;557.7;1.185;617.9;0.494;385.8;0.984;60;0;0;2.112;2.179;2.227;428;451;448;49.98;49.98;49.98;6269;1000;0.0;0;1.0000;0;2;11800;11800;11800
60;2014-11-12 14:33:00;909402N262;1215;11.820;42;234;233;234;234;2.017;49.98;544.0;1.101;624.2;0.453;386.2;0.908;60;0;0;1.960;2.030;2.062;389;413;411;49.98;49.98;49.98;6269;1000;0.0;0;1.0000;0;2;11820;11820;11820
60;2014-11-12 14:34:00;909402N262;1285;11.842;42;234;233;234;234;2.141;49.98;543.3;1.194;626.9;0.472;383.7;0.932;60;0;0;2.076;2.131;2.217;413;437;434;49.98;49.98;49.98;6269;1000;0.0;0;1.0000;0;2;11842;11842;11842
60;2014-11-12 14:35:00;909402N262;1269;11.863;42;234;234;234;234;2.122;50.00;543.3;1.184;621.2;0.472;383.2;0.911;60;0;0;2.058;2.112;2.196;408;431;428;50.00;50.00;50.00;6269;1000;0.0;0;1.0000;0;2;11863;11863;11863
60;2014-11-12 14:36:00;909402N262;1102;11.881;42;234;234;234;234;1.865;49.99;544.9;0.996;615.7;0.419;383.9;0.823;60;0;0;1.811;1.889;1.895;352;376;372;49.99;49.99;49.99;6269;1000;0.0;0;1.0000;0;2;11881;11881;11881
60;2014-11-12 14:37:00;909402N262;1020;11.898;42;234;234;234;234;1.756;50.00;545.6;0.907;615.4;0.393;384.2;0.772;60;0;0;1.708;1.784;1.777;325;348;345;50.00;50.00;50.00;6269;1000;0.0;0;1.0000;0;2;11898;11898;11898
60;2014-11-12 14:38:00;909402N262;1020;11.916;42;234;233;234;234;1.755;50.00;546.0;0.909;616.1;0.392;383.7;0.769;60;0;0;1.706;1.784;1.777;324;348;346;50.00;50.00;50.00;6269;1000;0.0;0;1.0000;0;2;11916;11916;11916
60;2014-11-12 14:39:00;909402N262;996;11.932;42;234;233;234;234;1.726;50.01;546.7;0.883;616.2;0.384;384.2;0.753;60;0;0;1.676;1.755;1.747;316;340;338;50.01;50.01;50.00;6269;1000;0.0;0;1.0000;0;2;11932;11932;11932
60;2014-11-12 14:40:00;909402N262;1016;11.948;42;234;234;233;234;1.749;50.01;547.3;0.904;616.6;0.391;384.2;0.763;60;0;0;1.701;1.775;1.771;324;346;345;50.01;50.01;50.01;6269;1000;0.0;0;1.0000;0;2;11948;11948;11948
60;2014-11-12 14:41:00;909402N262;1124;11.968;42;233;233;234;234;1.878;50.01;547.3;1.029;617.3;0.427;383.2;0.817;60;0;0;1.826;1.909;1.899;359;383;380;50.01;50.01;50.01;6269;1000;0.0;0;1.0000;0;2;11968;11968;11968
60;2014-11-12 14:42:00;909402N262;1145;11.986;42;233;233;233;233;1.898;49.99;547.7;1.049;617.0;0.432;383.6;0.833;60;0;0;1.842;1.935;1.918;365;391;387;49.99;49.99;49.99;6269;1000;0.0;0;1.0000;0;2;11986;11986;11986
60;2014-11-12 14:43:00;909402N262;1156;12.007;42;234;233;234;234;1.907;50.00;548.0;1.058;617.9;0.437;383.2;0.841;60;0;0;1.853;1.944;1.926;369;395;391;50.00;50.00;50.00;6269;1000;0.0;0;1.0000;0;2;12007;12007;12007
60;2014-11-12 14:44:00;909402N262;1185;12.025;42;234;233;234;234;1.948;50.01;548.4;1.089;617.9;0.447;382.2;0.859;60;0;0;1.893;1.982;1.970;378;404;400;50.01;50.01;50.01;6269;1000;0.0;0;1.0000;0;2;12025;12025;12025
60;2014-11-12 14:45:00;909402N262;1201;12.045;42;233;232;234;234;1.962;50.01;549.6;1.101;618.1;0.452;382.0;0.870;60;0;0;1.899;2.005;1.983;381;412;406;50.01;50.01;50.01;6269;1000;0.0;0;1.0000;0;2;12045;12045;12045
60;2014-11-12 14:46:00;909402N262;1194;12.066;42;234;233;234;234;1.961;50.02;546.0;1.110;604.7;0.459;381.5;0.868;60;0;0;1.903;1.997;1.984;381;408;403;50.02;50.02;50.02;6269;1000;0.0;0;1.0000;0;2;12066;12066;12066
60;2014-11-12 14:47:00;909402N262;1216;12.086;42;234;234;234;234;2.016;50.02;549.9;1.127;627.3;0.449;380.6;0.871;60;0;0;1.959;2.028;2.062;390;413;411;50.02;50.02;50.02;6269;1000;0.0;0;1.0000;0;2;12086;12086;12086
60;2014-11-12 14:48:00;909402N262;1213;12.107;42;234;234;234;234;2.050;50.02;549.8;1.139;622.6;0.450;381.1;0.847;60;0;0;1.989;2.039;2.124;390;412;410;50.02;50.02;50.02;6269;1000;0.0;0;1.0000;0;2;12107;12107;12107
60;2014-11-12 14:49:00;909402N262;1286;12.128;42;234;233;234;234;2.073;50.02;553.1;1.247;618.5;0.479;385.4;0.825;60;0;0;2.015;2.105;2.101;412;437;435;50.02;50.02;50.02;6269;1000;0.0;0;1.0000;0;2;12128;12128;12128
60;2014-11-12 14:50:00;909402N262;1407;12.151;42;233;233;234;234;2.222;50.01;571.2;1.380;614.7;0.521;389.2;0.817;60;0;0;2.161;2.259;2.247;452;478;475;50.01;50.01;50.01;6269;1000;0.0;0;1.0000;0;2;12151;12151;12151
60;2014-11-12 14:51:00;909402N262;1534;12.176;42;234;233;234;234;2.383;50.01;567.6;1.555;617.4;0.564;391.8;0.827;60;0;0;2.323;2.419;2.409;494;520;517;50.01;50.01;50.01;6269;1000;0.0;0;1.0000;0;2;12176;12176;12176
60;2014-11-12 14:52:00;909402N262;1532;12.203;42;234;234;234;234;2.382;50.01;568.1;1.546;614.3;0.561;390.3;0.847;60;0;0;2.323;2.418;2.407;495;519;516;50.01;50.01;50.01;6269;1000;0.0;0;1.0000;0;2;12203;12203;12203
60;2014-11-12 14:53:00;909402N262;1440;12.226;42;234;234;234;234;2.270;50.01;571.1;1.405;612.2;0.527;387.0;0.865;60;0;0;2.209;2.300;2.302;464;488;486;50.01;50.01;50.01;6269;1000;0.0;0;1.0000;0;2;12226;12226;12226
60;2014-11-12 14:54:00;909402N262;1317;12.248;42;234;233;234;234;2.126;50.01;560.4;1.258;614.2;0.480;382.8;0.873;60;0;0;2.066;2.150;2.162;423;447;444;50.01;50.01;50.01;6269;1000;0.0;0;1.0000;0;2;12248;12248;12248
60;2014-11-12 14:55:00;909402N262;1232;12.269;42;234;233;234;234;2.049;50.02;548.2;1.170;612.8;0.451;381.3;0.869;60;0;0;1.988;2.056;2.104;395;419;416;50.02;50.02;50.02;6269;1000;0.0;0;1.0000;0;2;12269;12269;12269
60;2014-11-12 14:56:00;909402N262;1161;12.288;42;234;233;234;234;1.924;50.01;549.1;1.083;615.0;0.425;382.2;0.840;60;0;0;1.869;1.953;1.950;371;395;393;50.01;50.01;50.01;6269;1000;0.0;0;1.0000;0;2;12288;12288;12288
60;2014-11-12 14:57:00;909402N262;1064;12.306;42;234;233;234;234;1.801;50.00;549.5;0.977;611.3;0.394;382.9;0.784;60;0;0;1.749;1.835;1.821;338;364;360;50.00;50.00;50.00;6269;1000;0.0;0;1.0000;0;2;12306;12306;12306
60;2014-11-12 14:58:00;909402N262;962;12.322;42;234;233;234;234;1.676;50.01;549.2;0.878;608.3;0.360;382.3;0.714;60;0;0;1.629;1.709;1.691;306;330;325;50.01;50.01;50.01;6269;1000;0.0;0;1.0000;0;2;12322;12322;12322
60;2014-11-12 14:59:00;909402N262;862;12.336;42;233;233;234;234;1.566;50.00;549.2;0.789;607.8;0.323;380.7;0.642;60;0;0;1.519;1.598;1.581;272;297;292;50.00;50.00;50.00;6269;1000;0.0;0;1.0000;0;2;12336;12336;12336
60;2014-11-12 15:00:00;909402N262;786;12.350;41;234;233;234;234;1.481;50.01;547.4;0.723;604.5;0.294;378.0;0.587;60;0;0;1.433;1.516;1.494;245;272;266;50.01;50.01;50.01;6269;1000;0.0;0;1.0000;0;2;12350;12350;12350
[wr_ende]
