20140612;070000;danfoss;My Plant;+0100
[wr_def_start]
909402N262;Inverter Type;Inverter Group;Hanzl
[wr_def_end]
[wr]
INTERVAL;TIMESTAMP;SERIAL;P_AC;E_DAY;T_WR;U_AC;U_AC_1;U_AC_2;U_AC_3;I_AC;F_AC;U_DC_1;I_DC_1;U_DC_2;I_DC_2;U_DC_3;I_DC_3;S;E_WR;M_WR;I_AC_1;I_AC_2;I_AC_3;P_AC_1;P_AC_2;P_AC_3;F_AC_1;F_AC_2;F_AC_3;R_DC;PC;PCS;PCS_LL;COS_PHI;COS_PHI_LL;S_COS_PHI;Current_Day_Energy;current_Day_Offset;ccEnergyOfDay_WithoutOffset
60;2014-06-12 06:01:00;909402N262;200;0.087;33;234;235;234;234;0.491;50.04;519.4;0.184;547.6;0.101;675.3;0.078;60;0;0;0.479;0.567;0.429;58;84;59;50.04;50.04;50.04;9687;1000;0.0;0;0.0000;0;0;87;87;87
60;2014-06-12 06:02:00;909402N262;207;0.090;33;234;234;233;234;0.458;50.04;524.0;0.187;559.1;0.101;683.7;0.078;60;0;0;0.439;0.526;0.410;64;80;61;50.04;50.04;50.04;9687;1000;0.0;0;0.0000;0;0;90;90;90
60;2014-06-12 06:03:00;909402N262;210;0.095;33;233;233;233;233;0.575;50.02;525.1;0.191;567.4;0.103;662.0;0.082;60;0;0;0.543;0.651;0.533;51;90;67;50.02;50.02;50.02;9687;1000;0.0;0;0.0000;0;0;95;95;95
60;2014-06-12 06:04:00;909402N262;215;0.098;33;233;233;233;233;0.544;50.00;522.7;0.195;562.1;0.106;668.4;0.083;60;0;0;0.507;0.622;0.504;57;89;66;50.00;50.00;50.00;9687;1000;0.0;0;0.0000;0;0;98;98;98
60;2014-06-12 06:05:00;909402N262;219;0.102;33;232;233;232;232;0.493;49.99;524.1;0.199;559.1;0.109;678.2;0.083;60;0;0;0.453;0.571;0.455;64;86;67;49.99;49.99;49.99;9687;1000;0.0;0;0.0000;0;0;102;102;102
60;2014-06-12 06:06:00;909402N262;225;0.105;33;232;233;232;232;0.504;49.98;523.5;0.203;560.3;0.111;677.5;0.084;60;0;0;0.463;0.596;0.455;63;92;66;49.98;49.98;49.98;9687;1000;0.0;0;0.0000;0;0;105;105;105
60;2014-06-12 06:07:00;909402N262;228;0.109;33;232;233;232;233;0.518;49.97;524.1;0.207;565.4;0.113;676.1;0.085;60;0;0;0.468;0.610;0.477;65;92;69;49.97;49.97;49.97;9687;1000;0.0;0;0.0000;0;0;109;109;109
60;2014-06-12 06:08:00;909402N262;234;0.112;33;232;233;232;233;0.503;49.98;525.6;0.209;570.6;0.113;681.5;0.086;60;0;0;0.462;0.591;0.456;71;92;69;49.98;49.98;49.98;9687;1000;0.0;0;0.0000;0;0;112;112;112
60;2014-06-12 06:09:00;909402N262;234;0.116;33;234;234;233;234;0.503;49.97;525.2;0.212;574.9;0.113;687.1;0.087;60;0;0;0.460;0.596;0.453;71;92;68;49.97;49.97;49.97;9687;1000;0.0;0;0.0000;0;0;116;116;116
60;2014-06-12 06:10:00;909402N262;235;0.121;33;235;236;235;236;0.516;49.99;525.6;0.214;567.5;0.116;687.9;0.088;60;0;0;0.482;0.594;0.474;72;90;70;49.99;49.99;49.99;9687;1000;0.0;0;0.0000;0;0;121;121;121
60;2014-06-12 06:11:00;909402N262;241;0.125;33;235;235;235;235;0.619;49.99;526.6;0.217;563.8;0.120;671.6;0.091;60;0;0;0.628;0.643;0.587;76;87;75;49.99;49.99;49.99;9687;1000;0.0;0;0.0000;0;0;125;125;125
60;2014-06-12 06:12:00;909402N262;242;0.129;33;235;235;235;235;0.622;50.00;526.7;0.219;562.9;0.121;672.3;0.093;60;0;0;0.594;0.663;0.609;72;91;75;50.00;50.00;50.00;9687;1000;0.0;0;0.0000;0;0;129;129;129
60;2014-06-12 06:13:00;909402N262;245;0.132;33;236;236;236;237;0.595;50.00;526.2;0.223;567.5;0.121;679.6;0.093;60;0;0;0.555;0.657;0.575;70;97;76;50.00;50.00;50.00;9687;1000;0.0;0;0.0000;0;0;132;132;132
60;2014-06-12 06:14:00;909402N262;252;0.137;33;236;236;236;237;0.565;50.00;527.3;0.226;574.2;0.122;687.1;0.093;60;0;0;0.506;0.650;0.539;71;99;78;50.00;50.00;50.00;9687;1000;0.0;0;0.0000;0;0;137;137;137
60;2014-06-12 06:15:00;909402N262;253;0.142;33;236;236;236;236;0.563;49.99;528.4;0.228;577.9;0.123;687.4;0.094;60;0;0;0.514;0.646;0.531;73;99;78;49.99;49.99;49.99;9687;1000;0.0;0;0.0000;0;0;142;142;142
60;2014-06-12 06:16:00;909402N262;251;0.145;33;236;236;236;236;0.573;49.99;521.3;0.230;569.1;0.124;678.6;0.096;60;0;0;0.529;0.653;0.537;72;99;79;49.99;49.99;49.99;9687;1000;0.0;0;0.0000;0;0;145;145;145
60;2014-06-12 06:17:00;909402N262;254;0.150;34;236;236;235;236;0.583;49.99;530.7;0.229;579.2;0.123;684.3;0.096;60;0;0;0.529;0.667;0.554;72;101;79;49.99;49.99;49.99;9687;1000;0.0;0;0.0000;0;0;150;150;150
60;2014-06-12 06:18:00;909402N262;255;0.153;34;236;236;235;236;0.582;49.98;532.6;0.229;576.0;0.124;684.2;0.096;60;0;0;0.553;0.641;0.552;78;96;78;49.98;49.98;49.98;9687;1000;0.0;0;0.0000;0;0;153;153;153
60;2014-06-12 06:19:00;909402N262;259;0.158;34;236;236;235;236;0.577;49.98;529.3;0.232;571.6;0.127;685.8;0.097;60;0;0;0.505;0.672;0.554;73;102;83;49.99;49.99;49.99;9687;1000;0.0;0;0.0000;0;0;158;158;158
60;2014-06-12 06:20:00;909402N262;260;0.163;34;236;236;235;236;0.568;49.98;531.4;0.233;571.7;0.128;689.7;0.097;60;0;0;0.506;0.654;0.546;76;100;83;49.98;49.98;49.98;9687;1000;0.0;0;0.0000;0;0;163;163;163
60;2014-06-12 06:21:00;909402N262;260;0.167;34;236;236;235;236;0.556;49.97;539.2;0.229;572.3;0.128;692.7;0.097;60;0;0;0.515;0.657;0.498;79;101;78;49.97;49.97;49.97;9687;1000;0.0;0;0.0000;0;0;167;167;167
60;2014-06-12 06:22:00;909402N262;268;0.171;34;236;235;236;236;0.594;49.97;529.1;0.240;576.7;0.131;687.8;0.100;60;0;0;0.517;0.674;0.592;76;101;89;49.97;49.97;49.97;9687;1000;0.0;0;0.0000;0;0;171;171;171
60;2014-06-12 06:23:00;909402N262;279;0.176;34;235;235;235;236;0.603;49.97;530.9;0.248;580.3;0.134;687.8;0.104;60;0;0;0.552;0.694;0.563;82;107;85;49.97;49.97;49.97;9687;1000;0.0;0;0.0000;0;0;176;176;176
60;2014-06-12 06:24:00;909402N262;281;0.181;34;235;236;235;236;0.614;49.97;539.3;0.248;572.7;0.139;687.5;0.105;60;0;0;0.561;0.715;0.568;83;110;88;49.97;49.97;49.97;9687;1000;0.0;0;0.0000;0;0;181;181;181
60;2014-06-12 06:25:00;909402N262;281;0.186;34;236;236;236;236;0.613;49.97;545.1;0.245;572.8;0.139;687.8;0.105;60;0;0;0.572;0.713;0.554;87;109;85;49.97;49.97;49.97;9687;1000;0.0;0;0.0000;0;0;186;186;186
60;2014-06-12 06:26:00;909402N262;287;0.190;34;236;236;235;236;0.608;49.96;545.0;0.248;574.5;0.140;691.5;0.106;60;0;0;0.558;0.726;0.540;85;114;85;49.96;49.96;49.96;9687;1000;0.0;0;0.0000;0;0;190;190;190
60;2014-06-12 06:27:00;909402N262;291;0.196;34;236;236;235;236;0.609;49.97;532.5;0.258;581.3;0.141;699.6;0.107;60;0;0;0.574;0.712;0.541;91;111;87;49.97;49.97;49.97;9687;1000;0.0;0;0.0000;0;0;196;196;196
60;2014-06-12 06:28:00;909402N262;292;0.199;34;236;237;236;237;0.602;49.96;546.6;0.252;584.0;0.142;703.3;0.108;60;0;0;0.595;0.701;0.511;95;113;82;49.96;49.96;49.96;9687;1000;0.0;0;0.0000;0;0;199;199;199
60;2014-06-12 06:29:00;909402N262;295;0.205;34;236;237;236;237;0.597;49.96;541.6;0.255;585.2;0.142;705.1;0.108;60;0;0;0.556;0.708;0.529;90;115;86;49.96;49.96;49.96;9687;1000;0.0;0;0.0000;0;0;205;205;205
60;2014-06-12 06:30:00;909402N262;293;0.209;34;236;237;236;237;0.602;49.97;529.7;0.262;586.6;0.142;702.0;0.109;60;0;0;0.523;0.717;0.566;81;117;92;49.97;49.97;49.97;9687;1000;0.0;0;0.0000;0;0;209;209;209
60;2014-06-12 06:31:00;909402N262;293;0.214;34;236;237;235;237;0.606;49.98;526.0;0.265;561.7;0.148;690.7;0.111;60;0;0;0.492;0.740;0.587;78;121;93;49.98;49.98;49.98;9687;1000;0.0;0;0.0000;0;0;214;214;214
60;2014-06-12 06:32:00;909402N262;305;0.219;34;236;237;235;237;0.634;49.98;533.4;0.269;580.5;0.149;693.9;0.114;60;0;0;0.587;0.725;0.591;92;117;93;49.98;49.98;49.98;9687;1000;0.0;0;0.0000;0;0;219;219;219
60;2014-06-12 06:33:00;909402N262;312;0.225;34;236;236;235;237;0.647;49.98;534.2;0.276;585.2;0.151;694.8;0.116;60;0;0;0.581;0.762;0.599;92;122;97;49.98;49.98;49.98;9687;1000;0.0;0;0.0000;0;0;225;225;225
60;2014-06-12 06:34:00;909402N262;318;0.230;34;236;237;236;237;0.649;49.98;535.1;0.281;590.6;0.152;701.7;0.117;60;0;0;0.582;0.745;0.621;93;120;102;49.98;49.98;49.98;9687;1000;0.0;0;0.0000;0;0;230;230;230
60;2014-06-12 06:35:00;909402N262;323;0.236;34;236;236;236;236;0.650;49.99;536.0;0.284;589.1;0.154;706.9;0.118;60;0;0;0.563;0.780;0.607;93;129;100;49.99;49.99;49.99;9687;1000;0.0;0;0.0000;0;0;236;236;236
60;2014-06-12 06:36:00;909402N262;320;0.241;34;236;236;235;236;0.637;49.99;535.2;0.285;589.4;0.154;708.1;0.118;60;0;0;0.576;0.750;0.585;95;126;97;49.99;49.99;49.99;9687;1000;0.0;0;0.0000;0;0;241;241;241
60;2014-06-12 06:37:00;909402N262;322;0.247;34;236;236;235;236;0.636;49.98;523.4;0.292;586.0;0.155;712.6;0.118;60;0;0;0.618;0.737;0.554;103;124;93;49.98;49.98;49.98;9687;1000;0.0;0;0.0000;0;0;247;247;247
60;2014-06-12 06:38:00;909402N262;323;0.252;35;236;236;235;236;0.643;50.00;525.4;0.288;590.5;0.153;707.2;0.119;60;0;0;0.587;0.762;0.582;97;128;96;50.00;50.00;50.00;9687;1000;0.0;0;0.0000;0;0;252;252;252
60;2014-06-12 06:39:00;909402N262;319;0.257;35;235;236;235;236;0.637;50.00;533.1;0.283;589.8;0.154;709.6;0.118;60;0;0;0.591;0.722;0.599;99;120;98;50.00;50.00;50.00;9687;1000;0.0;0;0.0000;0;0;257;257;257
60;2014-06-12 06:40:00;909402N262;326;0.263;35;235;236;235;236;0.659;49.98;533.9;0.287;585.8;0.159;697.8;0.123;60;0;0;0.585;0.719;0.674;96;118;108;49.98;49.98;49.98;9687;1000;0.0;0;0.0000;0;0;263;263;263
60;2014-06-12 06:41:00;909402N262;334;0.269;35;235;235;235;235;0.679;49.98;533.3;0.293;593.6;0.160;694.9;0.125;60;0;0;0.621;0.734;0.683;100;120;113;49.98;49.98;49.98;9687;1000;0.0;0;0.0000;0;0;269;269;269
60;2014-06-12 06:42:00;909402N262;340;0.273;35;235;235;235;235;0.677;49.98;533.2;0.299;598.6;0.163;705.2;0.127;60;0;0;0.612;0.758;0.661;102;127;110;49.98;49.98;49.98;9687;1000;0.0;0;0.0000;0;0;273;273;273
60;2014-06-12 06:43:00;909402N262;348;0.279;35;235;235;235;235;0.675;49.98;533.1;0.304;601.6;0.166;709.8;0.129;60;0;0;0.595;0.753;0.677;101;127;117;49.98;49.98;49.98;9687;1000;0.0;0;0.0000;0;0;279;279;279
60;2014-06-12 06:44:00;909402N262;359;0.286;35;235;235;235;235;0.707;49.98;532.9;0.312;605.4;0.170;703.2;0.135;60;0;0;0.588;0.837;0.696;100;141;117;49.98;49.98;49.98;9687;1000;0.0;0;0.0000;0;0;286;286;286
60;2014-06-12 06:45:00;909402N262;375;0.292;35;235;235;235;235;0.719;49.99;533.0;0.324;604.6;0.180;712.4;0.140;60;0;0;0.634;0.861;0.664;110;149;115;49.99;49.99;49.99;9687;1000;0.0;0;0.0000;0;0;292;292;292
60;2014-06-12 06:46:00;909402N262;396;0.299;35;235;235;235;235;0.753;49.99;527.3;0.341;591.2;0.196;714.8;0.153;60;0;0;0.709;0.855;0.695;123;150;120;49.99;49.99;49.99;9687;1000;0.0;0;0.0000;0;0;299;299;299
60;2014-06-12 06:47:00;909402N262;436;0.305;35;235;235;235;235;0.803;49.99;533.7;0.361;618.2;0.211;724.1;0.163;60;0;0;0.760;0.895;0.755;137;161;135;49.99;49.99;49.99;9687;1000;0.0;0;0.0000;0;0;305;305;305
60;2014-06-12 06:48:00;909402N262;468;0.314;35;235;235;235;235;0.865;49.99;534.0;0.383;625.9;0.228;727.0;0.175;60;0;0;0.840;0.931;0.825;150;168;149;49.99;49.99;49.99;9687;1000;0.0;0;0.0000;0;0;314;314;314
60;2014-06-12 06:49:00;909402N262;500;0.322;35;235;235;235;235;0.917;49.98;534.7;0.403;629.9;0.245;729.1;0.187;60;0;0;0.923;0.978;0.851;167;177;156;49.98;49.98;49.98;9687;1000;0.0;0;0.0000;0;0;322;322;322
60;2014-06-12 06:50:00;909402N262;525;0.330;35;235;235;235;234;0.956;49.98;535.9;0.419;630.9;0.259;734.8;0.196;60;0;0;0.931;1.012;0.925;168;185;168;49.98;49.98;49.98;9687;1000;0.0;0;0.0000;0;0;330;330;330
60;2014-06-12 06:51:00;909402N262;546;0.339;35;235;235;235;235;1.000;49.98;537.4;0.432;632.4;0.271;736.9;0.204;60;0;0;0.976;1.053;0.972;179;190;174;49.98;49.98;49.98;9687;1000;0.0;0;0.0000;0;0;339;339;339
60;2014-06-12 06:52:00;909402N262;566;0.349;35;235;235;235;235;1.023;49.97;539.0;0.445;633.5;0.283;746.9;0.209;60;0;0;0.977;1.068;1.026;182;196;187;49.97;49.97;49.97;9687;1000;0.0;0;0.0000;0;0;349;349;349
60;2014-06-12 06:53:00;909402N262;594;0.359;35;234;234;234;235;1.069;49.96;540.8;0.462;635.3;0.296;742.1;0.221;60;0;0;1.037;1.089;1.082;192;203;198;49.96;49.96;49.96;9687;1000;0.0;0;0.0000;0;0;359;359;359
60;2014-06-12 06:54:00;909402N262;630;0.370;35;234;234;234;234;1.129;49.96;546.2;0.481;635.7;0.315;742.6;0.236;60;0;0;1.078;1.170;1.139;199;215;213;49.96;49.96;49.96;9687;1000;0.0;0;0.0000;0;0;370;370;370
60;2014-06-12 06:55:00;909402N262;675;0.380;35;234;234;233;234;1.201;49.97;555.1;0.502;634.7;0.339;745.9;0.254;60;0;0;1.172;1.235;1.196;219;230;225;49.97;49.97;49.97;9687;1000;0.0;0;0.0000;0;0;380;380;380
60;2014-06-12 06:56:00;909402N262;729;0.393;35;233;233;232;234;1.276;49.97;557.3;0.537;634.7;0.364;749.4;0.277;60;0;0;1.251;1.299;1.280;239;248;241;49.97;49.97;49.97;9687;1000;0.0;0;0.0000;0;0;393;393;393
60;2014-06-12 06:57:00;909402N262;787;0.406;35;233;234;233;234;1.354;49.99;556.6;0.579;635.6;0.388;753.0;0.303;60;0;0;1.327;1.401;1.334;256;269;258;49.99;49.99;49.99;9687;1000;0.0;0;0.0000;0;0;406;406;406
60;2014-06-12 06:58:00;909402N262;842;0.420;35;234;234;234;234;1.432;49.99;555.7;0.621;636.3;0.412;753.3;0.328;60;0;0;1.418;1.460;1.419;277;286;278;49.99;49.99;49.99;9687;1000;0.0;0;0.0000;0;0;420;420;420
60;2014-06-12 06:59:00;909402N262;890;0.435;35;234;234;234;234;1.476;50.00;554.5;0.657;637.2;0.431;755.4;0.348;60;0;0;1.470;1.503;1.456;294;304;291;50.00;50.00;50.00;9687;1000;0.0;0;0.0000;0;0;435;435;435
60;2014-06-12 07:00:00;909402N262;935;0.450;35;234;234;234;234;1.518;50.04;552.8;0.690;637.9;0.448;760.5;0.365;60;0;0;1.506;1.547;1.503;306;319;307;50.04;50.04;50.04;9687;1000;0.0;0;0.0000;0;0;450;450;450
[wr_ende]
