20150123;120000;danfoss;My Plant;+0100
[wr_def_start]
909402N262;Inverter Type;Inverter Group;Hanzl
[wr_def_end]
[wr]
INTERVAL;TIMESTAMP;SERIAL;P_AC;E_DAY;T_WR;U_AC;U_AC_1;U_AC_2;U_AC_3;I_AC;F_AC;U_DC_1;I_DC_1;U_DC_2;I_DC_2;U_DC_3;I_DC_3;S;E_WR;M_WR;I_AC_1;I_AC_2;I_AC_3;P_AC_1;P_AC_2;P_AC_3;F_AC_1;F_AC_2;F_AC_3;R_DC;PC;PCS;PCS_LL;COS_PHI;COS_PHI_LL;S_COS_PHI;Current_Day_Energy;current_Day_Offset;ccEnergyOfDay_WithoutOffset
60;2015-01-23 11:01:00;909402N262;227;0.368;28;233;231;233;234;0.711;49.96;567.0;0.424;0.0;0.000;0.0;0.000;60;0;0;0.621;0.758;0.756;78;89;58;49.96;49.96;49.96;21708;1000;0.0;0;1.0000;0;2;368;368;368
60;2015-01-23 11:02:00;909402N262;229;0.372;28;233;231;233;234;0.704;49.97;572.9;0.427;0.0;0.000;0.0;0.000;60;0;0;0.633;0.713;0.766;77;81;69;49.97;49.97;49.97;21708;1000;0.0;0;1.0000;0;2;372;372;372
60;2015-01-23 11:03:00;909402N262;225;0.376;28;232;231;232;234;0.724;49.96;572.6;0.420;0.0;0.000;0.0;0.000;60;0;0;0.644;0.708;0.820;79;76;69;49.96;49.96;49.96;21708;1000;0.0;0;1.0000;0;2;376;376;376
60;2015-01-23 11:04:00;909402N262;215;0.379;28;233;231;233;234;0.722;49.97;573.4;0.401;0.0;0.000;0.0;0.000;60;0;0;0.588;0.769;0.811;67;79;68;49.97;49.97;49.97;21708;1000;0.0;0;1.0000;0;2;379;379;379
60;2015-01-23 11:05:00;909402N262;229;0.383;28;233;232;232;234;0.727;49.98;576.1;0.425;0.0;0.000;0.0;0.000;60;0;0;0.701;0.704;0.776;77;86;63;49.98;49.98;49.98;21708;1000;0.0;0;1.0000;0;2;383;383;383
60;2015-01-23 11:06:00;909402N262;232;0.386;28;233;232;232;235;0.758;49.99;576.9;0.429;0.0;0.000;0.0;0.000;60;0;0;0.716;0.693;0.867;82;88;60;49.99;49.99;49.99;21708;1000;0.0;0;1.0000;0;2;386;386;386
60;2015-01-23 11:07:00;909402N262;232;0.391;28;233;233;233;234;0.707;50.00;577.3;0.428;0.0;0.000;0.0;0.000;60;0;0;0.686;0.654;0.781;78;82;70;50.00;50.00;50.00;21708;1000;0.0;0;1.0000;0;2;391;391;391
60;2015-01-23 11:08:00;909402N262;248;0.395;28;233;232;233;234;0.651;49.99;576.6;0.459;0.0;0.000;0.0;0.000;60;0;0;0.712;0.582;0.659;90;76;81;49.99;49.99;49.99;21708;1000;0.0;0;1.0000;0;2;395;395;395
60;2015-01-23 11:09:00;909402N262;252;0.399;28;233;233;233;234;0.654;49.99;575.8;0.464;0.0;0.000;0.0;0.000;60;0;0;0.728;0.583;0.651;90;79;81;49.99;49.99;49.99;21708;1000;0.0;0;1.0000;0;2;399;399;399
60;2015-01-23 11:10:00;909402N262;240;0.403;28;233;233;233;234;0.648;49.99;574.8;0.445;0.0;0.000;0.0;0.000;60;0;0;0.704;0.663;0.578;80;90;68;49.99;49.99;49.99;21708;1000;0.0;0;1.0000;0;2;403;403;403
60;2015-01-23 11:11:00;909402N262;236;0.407;28;233;232;233;234;0.650;50.00;575.0;0.439;0.0;0.000;0.0;0.000;60;0;0;0.649;0.652;0.650;77;82;76;50.00;50.00;50.00;21708;1000;0.0;0;1.0000;0;2;407;407;407
60;2015-01-23 11:12:00;909402N262;241;0.412;28;233;232;233;234;0.653;50.00;574.6;0.447;0.0;0.000;0.0;0.000;60;0;0;0.656;0.636;0.669;82;82;76;50.00;50.00;50.00;21708;1000;0.0;0;1.0000;0;2;412;412;412
60;2015-01-23 11:13:00;909402N262;238;0.415;28;233;233;233;234;0.668;49.99;574.8;0.443;0.0;0.000;0.0;0.000;60;0;0;0.645;0.713;0.647;78;90;69;49.99;49.99;49.99;21708;1000;0.0;0;1.0000;0;2;415;415;415
60;2015-01-23 11:14:00;909402N262;242;0.419;28;233;233;233;234;0.655;49.99;575.0;0.448;0.0;0.000;0.0;0.000;60;0;0;0.671;0.651;0.644;81;86;73;49.99;49.99;49.99;21708;1000;0.0;0;1.0000;0;2;419;419;419
60;2015-01-23 11:15:00;909402N262;249;0.424;28;233;232;233;234;0.664;49.99;574.6;0.461;0.0;0.000;0.0;0.000;60;0;0;0.747;0.527;0.720;98;69;80;49.99;49.99;49.99;21708;1000;0.0;0;1.0000;0;2;424;424;424
60;2015-01-23 11:16:00;909402N262;252;0.428;28;233;232;232;234;0.699;50.01;574.4;0.466;0.0;0.000;0.0;0.000;60;0;0;0.765;0.572;0.762;97;72;81;50.01;50.01;50.01;21708;1000;0.0;0;1.0000;0;2;428;428;428
60;2015-01-23 11:17:00;909402N262;232;0.431;28;233;232;232;234;0.743;50.00;573.1;0.434;0.0;0.000;0.0;0.000;60;0;0;0.676;0.709;0.845;78;81;71;50.00;50.00;50.00;21708;1000;0.0;0;1.0000;0;2;431;431;431
60;2015-01-23 11:18:00;909402N262;213;0.434;28;233;232;232;234;0.764;49.99;572.9;0.400;0.0;0.000;0.0;0.000;60;0;0;0.640;0.749;0.903;68;75;68;49.99;49.99;49.99;21708;1000;0.0;0;1.0000;0;2;434;434;434
60;2015-01-23 11:19:00;909402N262;221;0.438;28;233;232;233;234;0.682;49.99;573.0;0.413;0.0;0.000;0.0;0.000;60;0;0;0.635;0.714;0.699;71;82;65;49.99;49.99;49.99;21708;1000;0.0;0;1.0000;0;2;438;438;438
60;2015-01-23 11:20:00;909402N262;223;0.442;29;233;232;233;234;0.655;49.98;572.6;0.416;0.0;0.000;0.0;0.000;60;0;0;0.586;0.736;0.643;67;87;67;49.98;49.98;49.98;21708;1000;0.0;0;1.0000;0;2;442;442;442
60;2015-01-23 11:21:00;909402N262;233;0.447;29;233;232;234;234;0.635;49.98;571.8;0.434;0.0;0.000;0.0;0.000;60;0;0;0.579;0.724;0.602;70;91;69;49.98;49.98;49.98;21708;1000;0.0;0;1.0000;0;2;447;447;447
60;2015-01-23 11:22:00;909402N262;239;0.450;29;233;233;233;234;0.633;49.98;570.6;0.447;0.0;0.000;0.0;0.000;60;0;0;0.648;0.631;0.620;80;77;80;49.98;49.98;49.98;21708;1000;0.0;0;1.0000;0;2;450;450;450
60;2015-01-23 11:23:00;909402N262;245;0.455;29;233;232;234;234;0.650;49.99;569.5;0.457;0.0;0.000;0.0;0.000;60;0;0;0.725;0.506;0.721;99;48;97;49.99;49.99;49.99;21708;1000;0.0;0;1.0000;0;2;455;455;455
60;2015-01-23 11:24:00;909402N262;245;0.459;29;233;232;234;234;0.670;49.99;569.3;0.458;0.0;0.000;0.0;0.000;60;0;0;0.773;0.478;0.760;106;38;102;49.99;49.99;49.99;21708;1000;0.0;0;1.0000;0;2;459;459;459
60;2015-01-23 11:25:00;909402N262;242;0.462;29;233;231;234;234;0.654;49.98;569.5;0.452;0.0;0.000;0.0;0.000;60;0;0;0.736;0.486;0.742;104;38;100;49.98;49.98;49.98;21708;1000;0.0;0;1.0000;0;2;462;462;462
60;2015-01-23 11:26:00;909402N262;239;0.467;29;233;231;234;234;0.651;49.98;569.4;0.447;0.0;0.000;0.0;0.000;60;0;0;0.670;0.567;0.716;97;47;94;49.98;49.98;49.98;21708;1000;0.0;0;1.0000;0;2;467;467;467
60;2015-01-23 11:27:00;909402N262;239;0.471;29;233;231;234;234;0.662;49.99;569.3;0.448;0.0;0.000;0.0;0.000;60;0;0;0.669;0.582;0.735;97;49;93;49.99;49.99;49.99;21708;1000;0.0;0;1.0000;0;2;471;471;471
60;2015-01-23 11:28:00;909402N262;236;0.475;29;233;231;234;235;0.680;49.99;569.4;0.442;0.0;0.000;0.0;0.000;60;0;0;0.625;0.692;0.724;89;64;81;49.99;49.99;49.99;21708;1000;0.0;0;1.0000;0;2;475;475;475
60;2015-01-23 11:29:00;909402N262;233;0.479;29;233;231;234;235;0.704;49.99;569.2;0.437;0.0;0.000;0.0;0.000;60;0;0;0.662;0.725;0.725;88;70;72;49.99;49.99;49.99;21708;1000;0.0;0;1.0000;0;2;479;479;479
60;2015-01-23 11:30:00;909402N262;230;0.482;29;233;231;234;235;0.700;50.00;568.8;0.433;0.0;0.000;0.0;0.000;60;0;0;0.661;0.748;0.691;87;68;74;50.00;50.00;50.00;21708;1000;0.0;0;1.0000;0;2;482;482;482
60;2015-01-23 11:31:00;909402N262;228;0.485;29;233;231;234;235;0.673;50.01;563.9;0.433;0.0;0.000;0.0;0.000;60;0;0;0.612;0.703;0.704;83;72;71;50.01;50.01;50.01;21708;1000;0.0;0;1.0000;0;2;485;485;485
60;2015-01-23 11:32:00;909402N262;235;0.491;29;233;232;234;235;0.700;50.00;569.7;0.441;0.0;0.000;0.0;0.000;60;0;0;0.675;0.694;0.731;86;73;75;50.00;50.00;50.00;21708;1000;0.0;0;1.0000;0;2;491;491;491
60;2015-01-23 11:33:00;909402N262;238;0.494;29;234;233;234;235;0.686;50.00;570.6;0.444;0.0;0.000;0.0;0.000;60;0;0;0.659;0.731;0.668;77;85;74;50.00;50.00;50.00;21708;1000;0.0;0;1.0000;0;2;494;494;494
60;2015-01-23 11:34:00;909402N262;241;0.498;29;233;232;234;234;0.684;49.99;571.8;0.451;0.0;0.000;0.0;0.000;60;0;0;0.705;0.646;0.703;87;75;78;49.99;49.99;49.99;21708;1000;0.0;0;1.0000;0;2;498;498;498
60;2015-01-23 11:35:00;909402N262;246;0.502;29;234;233;234;235;0.655;50.00;573.1;0.457;0.0;0.000;0.0;0.000;60;0;0;0.665;0.649;0.652;84;84;76;50.00;50.00;50.00;21708;1000;0.0;0;1.0000;0;2;502;502;502
60;2015-01-23 11:36:00;909402N262;253;0.507;29;233;233;233;234;0.653;50.00;574.6;0.469;0.0;0.000;0.0;0.000;60;0;0;0.722;0.558;0.681;93;72;87;50.00;50.00;50.00;21708;1000;0.0;0;1.0000;0;2;507;507;507
60;2015-01-23 11:37:00;909402N262;269;0.510;29;234;233;233;234;0.686;50.01;575.8;0.495;0.0;0.000;0.0;0.000;60;0;0;0.794;0.538;0.727;103;70;96;50.01;50.01;50.01;21708;1000;0.0;0;1.0000;0;2;510;510;510
60;2015-01-23 11:38:00;909402N262;286;0.515;29;233;233;233;234;0.708;50.00;575.9;0.524;0.0;0.000;0.0;0.000;60;0;0;0.760;0.526;0.840;103;65;116;50.00;50.00;50.00;21708;1000;0.0;0;1.0000;0;2;515;515;515
60;2015-01-23 11:39:00;909402N262;294;0.521;29;234;233;234;234;0.757;50.00;575.8;0.540;0.0;0.000;0.0;0.000;60;0;0;0.719;0.736;0.816;93;93;106;50.00;50.00;50.00;21708;1000;0.0;0;1.0000;0;2;521;521;521
60;2015-01-23 11:40:00;909402N262;295;0.526;29;233;232;234;234;0.711;50.00;575.4;0.540;0.0;0.000;0.0;0.000;60;0;0;0.839;0.403;0.891;121;46;129;50.00;50.00;50.00;21708;1000;0.0;0;1.0000;0;2;526;526;526
60;2015-01-23 11:41:00;909402N262;288;0.531;29;233;232;234;235;0.684;50.01;574.8;0.528;0.0;0.000;0.0;0.000;60;0;0;0.888;0.224;0.942;131;19;142;50.01;50.01;50.01;21708;1000;0.0;0;1.0000;0;2;531;531;531
60;2015-01-23 11:42:00;909402N262;279;0.535;29;233;231;234;235;0.675;50.00;574.6;0.513;0.0;0.000;0.0;0.000;60;0;0;0.922;0.163;0.942;137;9;139;50.00;50.00;50.00;21708;1000;0.0;0;1.0000;0;2;535;535;535
60;2015-01-23 11:43:00;909402N262;277;0.539;29;234;232;234;235;0.650;50.00;575.3;0.508;0.0;0.000;0.0;0.000;60;0;0;0.918;0.112;0.920;136;9;134;50.00;50.00;50.00;21708;1000;0.0;0;1.0000;0;2;539;539;539
60;2015-01-23 11:44:00;909402N262;270;0.544;29;234;233;234;235;0.664;50.00;576.0;0.495;0.0;0.000;0.0;0.000;60;0;0;0.849;0.296;0.848;117;36;116;50.00;50.00;50.00;21708;1000;0.0;0;1.0000;0;2;544;544;544
60;2015-01-23 11:45:00;909402N262;263;0.549;29;234;232;234;235;0.608;50.01;576.9;0.483;0.0;0.000;0.0;0.000;60;0;0;0.856;0.114;0.854;125;15;122;50.01;50.01;50.01;21708;1000;0.0;0;1.0000;0;2;549;549;549
60;2015-01-23 11:46:00;909402N262;260;0.553;29;234;233;234;235;0.610;49.99;575.7;0.480;0.0;0.000;0.0;0.000;60;0;0;0.841;0.160;0.829;122;20;116;49.99;49.99;49.99;21708;1000;0.0;0;1.0000;0;2;553;553;553
60;2015-01-23 11:47:00;909402N262;259;0.557;29;234;233;234;236;0.664;50.00;575.2;0.478;0.0;0.000;0.0;0.000;60;0;0;0.797;0.341;0.856;111;42;105;50.00;50.00;50.00;21708;1000;0.0;0;1.0000;0;2;557;557;557
60;2015-01-23 11:48:00;909402N262;262;0.562;29;234;233;234;235;0.681;50.01;576.1;0.483;0.0;0.000;0.0;0.000;60;0;0;0.764;0.427;0.854;106;48;107;50.01;50.01;50.01;21708;1000;0.0;0;1.0000;0;2;562;562;562
60;2015-01-23 11:49:00;909402N262;265;0.566;29;234;233;234;235;0.654;50.01;576.6;0.487;0.0;0.000;0.0;0.000;60;0;0;0.811;0.307;0.844;115;36;113;50.01;50.01;50.01;21708;1000;0.0;0;1.0000;0;2;566;566;566
60;2015-01-23 11:50:00;909402N262;260;0.570;29;234;233;234;235;0.680;50.01;575.2;0.481;0.0;0.000;0.0;0.000;60;0;0;0.722;0.520;0.800;97;62;100;50.01;50.01;50.01;21708;1000;0.0;0;1.0000;0;2;570;570;570
60;2015-01-23 11:51:00;909402N262;254;0.575;29;234;234;234;234;0.720;50.01;574.0;0.472;0.0;0.000;0.0;0.000;60;0;0;0.605;0.840;0.715;48;109;99;50.01;50.01;50.01;21708;1000;0.0;0;1.0000;0;2;575;575;575
60;2015-01-23 11:52:00;909402N262;248;0.579;29;234;234;234;234;0.708;50.01;573.8;0.461;0.0;0.000;0.0;0.000;60;0;0;0.647;0.786;0.691;52;96;98;50.01;50.01;50.01;21708;1000;0.0;0;1.0000;0;2;579;579;579
60;2015-01-23 11:53:00;909402N262;238;0.583;29;234;233;235;234;0.666;50.01;574.2;0.441;0.0;0.000;0.0;0.000;60;0;0;0.636;0.687;0.675;75;68;93;50.01;50.01;50.01;21708;1000;0.0;0;1.0000;0;2;583;583;583
60;2015-01-23 11:54:00;909402N262;224;0.587;29;234;233;234;234;0.655;50.00;575.0;0.417;0.0;0.000;0.0;0.000;60;0;0;0.638;0.694;0.634;66;72;85;50.00;50.00;50.00;21708;1000;0.0;0;1.0000;0;2;587;587;587
60;2015-01-23 11:55:00;909402N262;218;0.590;29;234;234;234;234;0.677;50.01;576.1;0.406;0.0;0.000;0.0;0.000;60;0;0;0.651;0.706;0.674;54;76;86;50.01;50.01;50.01;21708;1000;0.0;0;1.0000;0;2;590;590;590
60;2015-01-23 11:56:00;909402N262;217;0.594;29;234;233;235;234;0.663;50.01;577.5;0.402;0.0;0.000;0.0;0.000;60;0;0;0.622;0.744;0.623;73;64;78;50.01;50.01;50.01;21708;1000;0.0;0;1.0000;0;2;594;594;594
60;2015-01-23 11:57:00;909402N262;215;0.598;29;234;233;235;234;0.673;50.02;578.0;0.398;0.0;0.000;0.0;0.000;60;0;0;0.592;0.831;0.598;70;69;75;50.02;50.02;50.02;21708;1000;0.0;0;1.0000;0;2;598;598;598
60;2015-01-23 11:58:00;909402N262;211;0.601;29;234;233;235;234;0.676;50.01;578.9;0.392;0.0;0.000;0.0;0.000;60;0;0;0.567;0.864;0.597;61;75;73;50.01;50.01;50.01;21708;1000;0.0;0;1.0000;0;2;601;601;601
60;2015-01-23 11:59:00;909402N262;211;0.604;29;234;232;235;235;0.715;50.02;579.2;0.390;0.0;0.000;0.0;0.000;60;0;0;0.587;0.920;0.639;68;68;72;50.02;50.02;50.02;21708;1000;0.0;0;1.0000;0;2;604;604;604
60;2015-01-23 12:00:00;909402N262;211;0.608;29;232;230;233;232;0.578;49.99;580.1;0.389;0.0;0.000;0.0;0.000;60;0;0;0.542;0.676;0.516;74;70;66;49.99;49.99;49.99;21708;1000;0.0;0;1.0000;0;2;608;608;608
[wr_ende]
