20140919;180001;danfoss;My Plant;+0100
[wr_def_start]
909402N262;Inverter Type;Inverter Group;Hanzl
[wr_def_end]
[wr]
INTERVAL;TIMESTAMP;SERIAL;P_AC;E_DAY;T_WR;U_AC;U_AC_1;U_AC_2;U_AC_3;I_AC;F_AC;U_DC_1;I_DC_1;U_DC_2;I_DC_2;U_DC_3;I_DC_3;S;E_WR;M_WR;I_AC_1;I_AC_2;I_AC_3;P_AC_1;P_AC_2;P_AC_3;F_AC_1;F_AC_2;F_AC_3;R_DC;PC;PCS;PCS_LL;COS_PHI;COS_PHI_LL;S_COS_PHI;Current_Day_Energy;current_Day_Offset;ccEnergyOfDay_WithoutOffset
60;2014-09-19 17:01:00;909402N262;2488;46.060;46;234;233;234;234;3.556;50.03;505.9;2.697;615.3;1.001;428.3;1.319;60;0;0;3.492;3.605;3.571;812;839;834;50.03;50.03;50.03;3781;1000;0.0;0;0.0000;0;0;46060;46060;46060
60;2014-09-19 17:02:00;909402N262;2607;46.105;46;234;234;234;234;3.719;50.03;509.5;2.799;632.7;1.024;427.5;1.369;60;0;0;3.669;3.754;3.734;857;875;873;50.03;50.03;50.03;3781;1000;0.0;0;0.0000;0;0;46105;46105;46105
60;2014-09-19 17:03:00;909402N262;2246;46.141;46;234;234;234;234;3.204;50.02;507.5;2.430;628.5;0.894;403.9;1.225;60;0;0;3.154;3.247;3.211;737;757;750;50.02;50.02;50.02;3781;1000;0.0;0;0.0000;0;0;46141;46141;46141
60;2014-09-19 17:04:00;909402N262;2095;46.176;46;234;234;233;234;2.991;50.02;507.3;2.273;626.9;0.841;394.0;1.164;60;0;0;2.942;3.027;3.004;687;705;701;50.02;50.02;50.02;3781;1000;0.0;0;0.0000;0;0;46176;46176;46176
60;2014-09-19 17:05:00;909402N262;2138;46.212;46;234;234;234;234;3.053;50.03;508.0;2.318;628.0;0.855;393.7;1.189;60;0;0;3.004;3.095;3.062;702;720;714;50.03;50.03;50.03;3781;1000;0.0;0;0.0000;0;0;46212;46212;46212
60;2014-09-19 17:06:00;909402N262;2109;46.246;46;234;235;234;234;3.008;50.03;508.3;2.289;628.1;0.845;389.4;1.176;60;0;0;2.959;3.049;3.018;692;710;705;50.03;50.03;50.03;3781;1000;0.0;0;0.0000;0;0;46246;46246;46246
60;2014-09-19 17:07:00;909402N262;1792;46.276;46;234;235;234;234;2.559;50.03;505.9;1.959;622.7;0.732;388.9;0.983;60;0;0;2.509;2.597;2.571;586;605;599;50.03;50.03;50.03;3781;1000;0.0;0;0.0000;0;0;46276;46276;46276
60;2014-09-19 17:08:00;909402N262;1531;46.303;46;234;235;234;234;2.193;50.00;504.5;1.684;618.1;0.636;393.3;0.817;60;0;0;2.142;2.231;2.208;498;517;513;50.00;50.00;50.00;3781;1000;0.0;0;0.0000;0;0;46303;46303;46303
60;2014-09-19 17:09:00;909402N262;1400;46.326;46;234;234;234;234;2.046;50.01;505.1;1.546;615.0;0.591;375.9;0.772;60;0;0;2.006;2.069;2.065;455;475;468;50.01;50.01;50.01;3781;1000;0.0;0;0.0000;0;0;46326;46326;46326
60;2014-09-19 17:10:00;909402N262;1509;46.351;46;234;235;234;234;2.196;50.01;506.1;1.670;620.0;0.629;367.0;0.843;60;0;0;2.166;2.225;2.197;491;511;505;50.01;50.01;50.01;3781;1000;0.0;0;0.0000;0;0;46351;46351;46351
60;2014-09-19 17:11:00;909402N262;1405;46.374;46;234;234;234;233;2.063;50.00;507.5;1.551;616.8;0.592;365.0;0.785;60;0;0;2.018;2.098;2.075;454;480;468;50.00;50.00;50.00;3781;1000;0.0;0;0.0000;0;0;46374;46374;46374
60;2014-09-19 17:12:00;909402N262;1368;46.397;46;234;234;234;233;2.019;50.00;508.9;1.511;616.2;0.579;366.3;0.750;60;0;0;1.965;2.049;2.043;442;468;456;50.00;50.00;50.00;3781;1000;0.0;0;0.0000;0;0;46397;46397;46397
60;2014-09-19 17:13:00;909402N262;1245;46.418;46;234;234;234;233;1.825;50.01;510.5;1.366;613.2;0.530;367.3;0.689;60;0;0;1.781;1.860;1.835;404;425;414;50.01;50.01;50.01;3781;1000;0.0;0;0.0000;0;0;46418;46418;46418
60;2014-09-19 17:14:00;909402N262;1175;46.438;45;233;234;234;232;1.701;50.01;512.6;1.284;611.9;0.503;372.1;0.643;60;0;0;1.655;1.742;1.706;380;402;391;50.01;50.01;50.01;3781;1000;0.0;0;0.0000;0;0;46438;46438;46438
60;2014-09-19 17:15:00;909402N262;1257;46.458;45;233;234;234;232;1.836;49.99;514.0;1.386;614.7;0.535;376.3;0.657;60;0;0;1.807;1.873;1.828;412;429;415;49.99;49.99;49.99;3781;1000;0.0;0;0.0000;0;0;46458;46458;46458
60;2014-09-19 17:16:00;909402N262;1454;46.482;45;234;235;234;232;2.134;49.99;512.3;1.647;605.5;0.629;445.5;0.637;60;0;0;2.100;2.172;2.132;474;498;480;49.99;49.99;49.99;3781;1000;0.0;0;0.0000;0;0;46482;46482;46482
60;2014-09-19 17:17:00;909402N262;1745;46.512;45;234;235;234;233;2.573;49.99;516.8;1.931;626.2;0.715;767.2;0.427;60;0;0;2.538;2.616;2.566;574;592;577;49.99;49.99;49.99;3781;1000;0.0;0;0.0000;0;0;46512;46512;46512
60;2014-09-19 17:18:00;909402N262;2230;46.549;45;234;235;234;233;3.242;49.99;518.7;2.553;636.6;0.921;777.3;0.458;60;0;0;3.204;3.278;3.246;736;752;740;49.99;49.99;49.99;3781;1000;0.0;0;0.0000;0;0;46549;46549;46549
60;2014-09-19 17:19:00;909402N262;2548;46.591;45;234;235;234;233;3.686;49.98;519.8;2.944;641.3;1.055;782.9;0.486;60;0;0;3.648;3.731;3.681;843;859;845;49.98;49.98;49.98;3781;1000;0.0;0;0.0000;0;0;46591;46591;46591
60;2014-09-19 17:20:00;909402N262;2626;46.636;45;234;234;234;233;3.799;49.99;519.2;3.042;641.9;1.091;781.8;0.497;60;0;0;3.753;3.841;3.803;866;885;873;49.99;49.99;49.99;3781;1000;0.0;0;0.0000;0;0;46636;46636;46636
60;2014-09-19 17:21:00;909402N262;2814;46.682;45;234;234;234;233;4.065;49.99;519.0;3.282;643.5;1.174;781.9;0.512;60;0;0;4.018;4.112;4.066;926;951;935;49.99;49.99;49.98;3781;1000;0.0;0;0.0000;0;0;46682;46682;46682
60;2014-09-19 17:22:00;909402N262;2907;46.731;45;234;234;235;233;4.193;49.99;523.2;3.363;643.7;1.221;783.7;0.520;60;0;0;4.132;4.248;4.199;953;984;968;49.99;49.99;49.99;3781;1000;0.0;0;0.0000;0;0;46731;46731;46731
60;2014-09-19 17:23:00;909402N262;2971;46.780;45;234;234;235;233;4.279;49.99;526.5;3.407;643.7;1.262;790.5;0.521;60;0;0;4.223;4.332;4.282;976;1004;988;49.99;49.99;49.99;3781;1000;0.0;0;0.0000;0;0;46780;46780;46780
60;2014-09-19 17:24:00;909402N262;3022;46.831;45;234;234;235;233;4.358;49.99;505.6;3.612;643.1;1.291;782.3;0.530;60;0;0;4.308;4.412;4.356;995;1022;1002;49.99;49.99;49.99;3781;1000;0.0;0;0.0000;0;0;46831;46831;46831
60;2014-09-19 17:25:00;909402N262;3003;46.881;45;234;234;235;233;4.335;49.98;504.3;3.597;642.0;1.286;784.2;0.526;60;0;0;4.292;4.387;4.328;990;1016;995;49.98;49.98;49.98;3781;1000;0.0;0;0.0000;0;0;46881;46881;46881
60;2014-09-19 17:26:00;909402N262;2987;46.931;45;234;234;235;233;4.306;50.00;503.6;3.579;641.2;1.282;785.9;0.523;60;0;0;4.256;4.368;4.295;983;1012;988;50.00;50.00;50.00;3781;1000;0.0;0;0.0000;0;0;46931;46931;46931
60;2014-09-19 17:27:00;909402N262;2600;46.974;45;234;234;235;233;3.762;50.00;501.0;3.071;637.4;1.110;772.7;0.511;60;0;0;3.704;3.815;3.768;852;881;866;50.00;50.00;50.00;3781;1000;0.0;0;0.0000;0;0;46974;46974;46974
60;2014-09-19 17:28:00;909402N262;2452;47.016;45;234;234;235;233;3.551;49.99;500.0;2.886;634.9;1.048;772.6;0.494;60;0;0;3.491;3.603;3.560;802;832;817;49.99;49.99;49.99;3781;1000;0.0;0;0.0000;0;0;47016;47016;47016
60;2014-09-19 17:29:00;909402N262;2415;47.055;45;234;234;235;233;3.498;49.99;499.7;2.846;634.2;1.033;767.3;0.489;60;0;0;3.442;3.548;3.506;791;817;804;49.99;49.99;49.99;3781;1000;0.0;0;0.0000;0;0;47055;47055;47055
60;2014-09-19 17:30:00;909402N262;2109;47.090;45;234;234;235;233;3.071;49.99;497.6;2.436;629.2;0.899;762.9;0.477;60;0;0;3.017;3.121;3.077;689;716;702;49.99;49.99;49.99;3781;1000;0.0;0;0.0000;0;0;47090;47090;47090
60;2014-09-19 17:31:00;909402N262;1981;47.123;45;234;234;235;233;2.893;49.99;494.0;2.295;627.4;0.863;751.2;0.464;60;0;0;2.841;2.942;2.896;647;673;659;49.99;49.99;49.99;3781;1000;0.0;0;0.0000;0;0;47123;47123;47123
60;2014-09-19 17:32:00;909402N262;1849;47.154;45;234;234;235;232;2.752;50.00;495.8;2.102;625.7;0.789;762.7;0.451;60;0;0;2.708;2.819;2.729;606;634;607;50.00;50.00;50.00;3781;1000;0.0;0;0.0000;0;0;47154;47154;47154
60;2014-09-19 17:33:00;909402N262;1721;47.184;45;234;234;234;232;2.580;49.98;495.3;1.932;622.9;0.736;759.6;0.441;60;0;0;2.546;2.632;2.564;566;587;566;49.98;49.98;49.98;3781;1000;0.0;0;0.0000;0;0;47184;47184;47184
60;2014-09-19 17:34:00;909402N262;1605;47.210;45;234;234;235;233;2.416;49.99;494.7;1.777;620.9;0.685;757.8;0.430;60;0;0;2.375;2.462;2.412;524;547;531;49.99;49.99;49.99;3781;1000;0.0;0;0.0000;0;0;47210;47210;47210
60;2014-09-19 17:35:00;909402N262;1421;47.233;45;234;234;235;232;2.156;49.99;492.7;1.532;615.7;0.607;751.9;0.418;60;0;0;2.120;2.203;2.147;465;485;469;49.99;49.99;49.99;3781;1000;0.0;0;0.0000;0;0;47233;47233;47233
60;2014-09-19 17:36:00;909402N262;1263;47.254;45;234;235;234;232;1.935;49.98;490.3;1.329;611.7;0.542;747.5;0.404;60;0;0;1.900;1.978;1.927;413;431;417;49.98;49.98;49.98;3781;1000;0.0;0;0.0000;0;0;47254;47254;47254
60;2014-09-19 17:37:00;909402N262;1159;47.274;45;233;233;234;232;1.799;49.99;490.7;1.192;609.4;0.498;744.4;0.390;60;0;0;1.767;1.849;1.781;377;398;382;49.99;49.99;49.99;3781;1000;0.0;0;0.0000;0;0;47274;47274;47274
60;2014-09-19 17:38:00;909402N262;1100;47.292;45;233;233;234;232;1.730;49.99;492.9;1.117;610.2;0.472;744.4;0.378;60;0;0;1.704;1.779;1.707;358;379;361;49.99;49.99;49.99;3781;1000;0.0;0;0.0000;0;0;47292;47292;47292
60;2014-09-19 17:39:00;909402N262;1096;47.311;45;233;232;234;233;1.732;49.99;494.4;1.120;611.5;0.472;752.2;0.364;60;0;0;1.699;1.799;1.700;355;381;358;49.99;49.99;49.99;3781;1000;0.0;0;0.0000;0;0;47311;47311;47311
60;2014-09-19 17:40:00;909402N262;1138;47.330;45;233;232;234;232;1.775;49.99;495.3;1.188;611.4;0.492;748.8;0.360;60;0;0;1.740;1.836;1.751;369;394;374;49.99;49.99;49.99;3781;1000;0.0;0;0.0000;0;0;47330;47330;47330
60;2014-09-19 17:41:00;909402N262;1209;47.350;45;233;232;234;233;1.862;49.99;496.9;1.296;613.2;0.524;750.5;0.355;60;0;0;1.823;1.911;1.852;392;415;401;49.99;49.99;49.99;3781;1000;0.0;0;0.0000;0;0;47350;47350;47350
60;2014-09-19 17:42:00;909402N262;1175;47.369;45;233;232;234;233;1.818;49.98;497.6;1.257;612.9;0.509;750.2;0.345;60;0;0;1.777;1.871;1.806;380;404;389;49.98;49.98;49.98;3781;1000;0.0;0;0.0000;0;0;47369;47369;47369
60;2014-09-19 17:43:00;909402N262;1144;47.389;45;233;231;235;233;1.780;49.99;498.5;1.226;612.2;0.498;749.8;0.333;60;0;0;1.731;1.844;1.767;367;396;380;49.99;49.99;49.99;3781;1000;0.0;0;0.0000;0;0;47389;47389;47389
60;2014-09-19 17:44:00;909402N262;1102;47.407;45;233;231;235;233;1.735;49.98;499.7;1.181;614.0;0.478;749.0;0.319;60;0;0;1.694;1.802;1.710;355;384;362;49.98;49.98;49.98;3781;1000;0.0;0;0.0000;0;0;47407;47407;47407
60;2014-09-19 17:45:00;909402N262;1027;47.424;45;233;231;235;233;1.646;49.98;501.8;1.090;609.2;0.450;746.7;0.304;60;0;0;1.609;1.709;1.622;330;357;338;49.98;49.98;49.98;3781;1000;0.0;0;0.0000;0;0;47424;47424;47424
60;2014-09-19 17:46:00;909402N262;943;47.439;45;233;232;234;234;1.513;49.99;500.7;1.001;593.6;0.422;743.0;0.289;60;0;0;1.477;1.567;1.496;303;327;311;49.99;49.99;49.99;3781;1000;0.0;0;0.0000;0;0;47439;47439;47439
60;2014-09-19 17:47:00;909402N262;910;47.455;45;233;233;233;233;1.413;49.99;508.7;0.949;606.8;0.401;729.2;0.281;60;0;0;1.387;1.449;1.405;295;313;301;49.99;49.99;49.99;3781;1000;0.0;0;0.0000;0;0;47455;47455;47455
60;2014-09-19 17:48:00;909402N262;912;47.471;45;233;233;233;233;1.412;49.99;491.4;1.000;607.6;0.401;724.5;0.272;60;0;0;1.381;1.448;1.409;296;313;302;49.99;49.99;49.99;3781;1000;0.0;0;0.0000;0;0;47471;47471;47471
60;2014-09-19 17:49:00;909402N262;895;47.485;45;233;233;233;233;1.388;49.98;491.0;0.991;606.9;0.393;726.4;0.263;60;0;0;1.359;1.425;1.380;290;307;296;49.98;49.98;49.98;3781;1000;0.0;0;0.0000;0;0;47485;47485;47485
60;2014-09-19 17:50:00;909402N262;864;47.499;45;233;233;234;233;1.395;49.99;491.5;0.956;606.4;0.378;738.3;0.251;60;0;0;1.369;1.425;1.393;281;294;287;49.99;49.99;49.99;3781;1000;0.0;0;0.0000;0;0;47499;47499;47499
60;2014-09-19 17:51:00;909402N262;856;47.514;45;233;233;234;232;1.299;49.99;492.8;0.952;606.5;0.374;719.5;0.250;60;0;0;1.259;1.340;1.299;274;296;284;49.99;49.99;49.99;3781;1000;0.0;0;0.0000;0;0;47514;47514;47514
60;2014-09-19 17:52:00;909402N262;859;47.529;45;233;234;234;233;1.337;49.99;494.4;0.960;607.5;0.374;723.6;0.245;60;0;0;1.310;1.368;1.334;278;294;284;49.99;49.99;49.99;3781;1000;0.0;0;0.0000;0;0;47529;47529;47529
60;2014-09-19 17:53:00;909402N262;796;47.541;45;234;234;234;233;1.215;50.00;494.0;0.879;606.0;0.344;719.6;0.240;60;0;0;1.177;1.254;1.214;256;274;264;50.00;50.00;50.00;3781;1000;0.0;0;0.0000;0;0;47541;47541;47541
60;2014-09-19 17:54:00;909402N262;751;47.554;45;234;233;234;233;1.171;49.99;494.4;0.822;605.9;0.323;717.8;0.233;60;0;0;1.137;1.208;1.170;240;259;250;49.99;49.99;49.99;3781;1000;0.0;0;0.0000;0;0;47554;47554;47554
60;2014-09-19 17:55:00;909402N262;736;47.566;45;234;233;234;234;1.234;50.00;496.7;0.803;605.3;0.316;723.8;0.226;60;0;0;1.201;1.271;1.230;235;255;244;50.00;50.00;50.00;3781;1000;0.0;0;0.0000;0;0;47566;47566;47566
60;2014-09-19 17:56:00;909402N262;810;47.579;45;234;234;233;234;1.287;50.00;501.8;0.901;609.1;0.348;724.7;0.227;60;0;0;1.263;1.303;1.295;263;274;271;50.00;50.00;50.00;3781;1000;0.0;0;0.0000;0;0;47579;47579;47579
60;2014-09-19 17:57:00;909402N262;923;47.595;44;234;234;233;235;1.410;50.02;484.3;1.097;613.9;0.396;723.5;0.232;60;0;0;1.382;1.439;1.411;299;315;307;50.02;50.02;50.02;3781;1000;0.0;0;0.0000;0;0;47595;47595;47595
60;2014-09-19 17:58:00;909402N262;961;47.610;44;234;235;234;235;1.482;50.03;485.3;1.148;615.6;0.411;730.3;0.234;60;0;0;1.443;1.520;1.485;310;328;320;50.03;50.03;50.03;3781;1000;0.0;0;0.0000;0;0;47610;47610;47610
60;2014-09-19 17:59:00;909402N262;917;47.626;44;235;235;234;235;1.391;50.03;484.3;1.091;614.0;0.392;722.0;0.233;60;0;0;1.359;1.425;1.391;297;314;304;50.03;50.03;50.03;3781;1000;0.0;0;0.0000;0;0;47626;47626;47626
60;2014-09-19 18:00:00;909402N262;856;47.640;44;235;234;235;236;1.300;50.03;482.1;1.011;612.0;0.366;722.4;0.228;60;0;0;1.254;1.331;1.315;272;292;289;50.03;50.03;50.03;3781;1000;0.0;0;0.0000;0;0;47640;47640;47640
[wr_ende]
