20140712;210003;danfoss;My Plant;+0100
[wr_def_start]
909402N262;Inverter Type;Inverter Group;Hanzl
[wr_def_end]
[wr]
INTERVAL;TIMESTAMP;SERIAL;P_AC;E_DAY;T_WR;U_AC;U_AC_1;U_AC_2;U_AC_3;I_AC;F_AC;U_DC_1;I_DC_1;U_DC_2;I_DC_2;U_DC_3;I_DC_3;S;E_WR;M_WR;I_AC_1;I_AC_2;I_AC_3;P_AC_1;P_AC_2;P_AC_3;F_AC_1;F_AC_2;F_AC_3;R_DC;PC;PCS;PCS_LL;COS_PHI;COS_PHI_LL;S_COS_PHI;Current_Day_Energy;current_Day_Offset;ccEnergyOfDay_WithoutOffset
60;2014-07-12 20:01:00;909402N262;241;54.956;44;233;233;233;233;0.563;50.03;492.2;0.213;561.6;0.158;649.0;0.084;60;0;0;0.483;0.536;0.671;66;76;97;50.03;50.03;50.03;9003;1000;0.0;0;0.0000;0;0;54956;54956;54956
60;2014-07-12 20:02:00;909402N262;194;54.961;44;233;233;233;233;0.467;50.02;488.1;0.200;549.2;0.100;650.6;0.074;60;0;0;0.500;0.535;0.367;68;74;50;50.02;50.02;50.02;9003;1000;0.0;0;0.0000;0;0;54961;54961;54961
60;2014-07-12 20:03:00;909402N262;175;54.962;44;233;233;233;234;0.437;50.02;483.5;0.190;541.3;0.083;646.0;0.070;60;0;0;0.413;0.510;0.389;51;70;53;50.02;50.02;50.02;9003;1000;0.0;0;0.0000;0;0;54962;54962;54962
60;2014-07-12 20:04:00;909402N262;169;54.965;44;233;233;233;234;0.462;50.02;483.4;0.184;538.6;0.083;641.8;0.067;60;0;0;0.468;0.547;0.373;51;71;46;50.02;50.02;50.02;9003;1000;0.0;0;0.0000;0;0;54965;54965;54965
60;2014-07-12 20:05:00;909402N262;188;54.968;44;233;234;233;233;0.468;50.02;489.5;0.183;558.8;0.109;646.3;0.069;60;0;0;0.462;0.548;0.394;55;76;55;50.02;50.02;50.02;9003;1000;0.0;0;0.0000;0;0;54968;54968;54968
60;2014-07-12 20:06:00;909402N262;214;54.972;44;233;234;233;233;0.513;50.01;494.5;0.184;580.2;0.144;646.7;0.073;60;0;0;0.457;0.577;0.507;59;81;72;50.01;50.01;50.01;9003;1000;0.0;0;0.0000;0;0;54972;54972;54972
60;2014-07-12 20:07:00;909402N262;193;54.975;44;233;234;233;233;0.483;50.00;489.8;0.177;569.7;0.121;649.6;0.068;60;0;0;0.438;0.544;0.468;51;75;66;50.00;50.00;50.00;9003;1000;0.0;0;0.0000;0;0;54975;54975;54975
60;2014-07-12 20:08:00;909402N262;154;54.978;44;233;233;233;232;0.417;50.00;479.7;0.166;538.2;0.079;642.6;0.060;60;0;0;0.420;0.513;0.320;41;68;43;50.00;50.00;50.00;9003;1000;0.0;0;0.0000;0;0;54978;54978;54978
60;2014-07-12 20:09:00;909402N262;139;54.980;44;233;233;233;232;0.365;49.98;474.6;0.158;527.3;0.066;645.3;0.056;60;0;0;0.319;0.478;0.300;31;65;41;49.98;49.98;49.98;9003;1000;0.0;0;0.0000;0;0;54980;54980;54980
60;2014-07-12 20:10:00;909402N262;134;54.983;44;233;233;233;232;0.341;49.99;472.6;0.153;532.3;0.062;648.2;0.053;60;0;0;0.276;0.466;0.281;28;65;39;49.99;49.99;49.99;9003;1000;0.0;0;0.0000;0;0;54983;54983;54983
60;2014-07-12 20:11:00;909402N262;129;54.984;44;233;233;233;232;0.339;50.01;471.0;0.148;523.6;0.062;644.9;0.052;60;0;0;0.297;0.467;0.255;28;65;34;50.01;50.01;50.01;9003;1000;0.0;0;0.0000;0;0;54984;54984;54984
60;2014-07-12 20:12:00;909402N262;124;54.987;43;233;233;233;232;0.332;50.00;469.5;0.142;521.0;0.059;637.8;0.050;60;0;0;0.306;0.462;0.229;27;65;30;50.00;50.00;50.00;9003;1000;0.0;0;0.0000;0;0;54987;54987;54987
60;2014-07-12 20:13:00;909402N262;118;54.988;43;233;233;233;232;0.324;50.00;467.5;0.137;520.6;0.056;623.4;0.050;60;0;0;0.279;0.451;0.243;26;58;32;50.00;50.00;50.00;9003;1000;0.0;0;0.0000;0;0;54988;54988;54988
60;2014-07-12 20:14:00;909402N262;113;54.991;43;233;233;233;233;0.324;50.02;486.6;0.127;525.7;0.053;620.6;0.048;60;0;0;0.293;0.450;0.230;27;59;26;50.02;50.02;50.02;9003;1000;0.0;0;0.0000;0;0;54991;54991;54991
60;2014-07-12 20:15:00;909402N262;109;54.992;43;233;233;234;233;0.294;50.00;491.6;0.121;516.1;0.050;619.3;0.046;60;0;0;0.262;0.409;0.211;27;53;27;50.00;50.00;50.00;9003;1000;0.0;0;0.0000;0;0;54992;54992;54992
60;2014-07-12 20:16:00;909402N262;103;54.995;43;233;233;233;233;0.281;50.00;480.0;0.118;499.2;0.050;601.9;0.046;60;0;0;0.251;0.394;0.200;26;50;25;50.00;50.00;50.00;9003;1000;0.0;0;0.0000;0;0;54995;54995;54995
60;2014-07-12 20:17:00;909402N262;99;54.996;43;233;233;234;233;0.278;49.99;486.1;0.113;502.2;0.046;625.7;0.042;60;0;0;0.262;0.387;0.185;28;48;21;49.99;49.99;49.99;9003;1000;0.0;0;0.0000;0;0;54996;54996;54996
60;2014-07-12 20:18:00;909402N262;94;54.998;43;233;233;234;234;0.259;49.99;483.0;0.108;513.2;0.043;619.2;0.041;60;0;0;0.214;0.372;0.192;24;46;22;49.99;49.99;49.99;9003;1000;0.0;0;0.0000;0;0;54998;54998;54998
60;2014-07-12 20:19:00;909402N262;89;54.999;43;233;233;233;233;0.240;49.98;481.2;0.103;501.3;0.042;614.4;0.038;60;0;0;0.181;0.336;0.204;19;43;25;49.98;49.98;49.98;9003;1000;0.0;0;0.0000;0;0;54999;54999;54999
60;2014-07-12 20:20:00;909402N262;84;55.000;43;233;233;233;233;0.231;49.98;478.4;0.099;489.4;0.041;612.5;0.036;60;0;0;0.171;0.318;0.206;17;40;25;49.98;49.98;49.98;9003;1000;0.0;0;0.0000;0;0;55000;55000;55000
60;2014-07-12 20:21:00;909402N262;79;55.002;43;233;233;233;233;0.213;49.99;476.4;0.094;487.9;0.039;596.4;0.035;60;0;0;0.157;0.325;0.158;17;41;20;49.99;49.99;49.99;9003;1000;0.0;0;0.0000;0;0;55002;55002;55002
60;2014-07-12 20:22:00;909402N262;75;55.003;43;233;233;233;233;0.192;49.99;475.0;0.089;489.5;0.036;594.5;0.034;60;0;0;0.139;0.259;0.180;15;35;23;49.99;49.99;49.99;9003;1000;0.0;0;0.0000;0;0;55003;55003;55003
60;2014-07-12 20:23:00;909402N262;71;55.004;43;233;233;233;234;0.182;49.98;471.4;0.086;495.5;0.035;613.3;0.031;60;0;0;0.121;0.234;0.191;13;31;25;49.98;49.98;49.98;9003;1000;0.0;0;0.0000;0;0;55004;55004;55004
60;2014-07-12 20:24:00;909402N262;67;55.005;43;233;233;233;233;0.180;49.98;470.9;0.083;485.1;0.033;601.1;0.031;60;0;0;0.124;0.230;0.186;12;29;24;49.98;49.98;49.98;9003;1000;0.0;0;0.0000;0;0;55005;55005;55005
60;2014-07-12 20:25:00;909402N262;63;55.006;43;233;233;233;233;0.175;49.97;465.9;0.079;478.2;0.031;590.6;0.029;60;0;0;0.113;0.246;0.167;8;32;21;49.97;49.97;49.97;9003;1000;0.0;0;0.0000;0;0;55006;55006;55006
60;2014-07-12 20:26:00;909402N262;59;55.007;43;233;233;233;233;0.163;49.98;467.0;0.075;470.6;0.030;591.1;0.027;60;0;0;0.115;0.188;0.188;9;24;24;49.98;49.98;49.98;9003;1000;0.0;0;0.0000;0;0;55007;55007;55007
60;2014-07-12 20:27:00;909402N262;55;55.009;43;233;233;233;233;0.147;49.98;462.8;0.070;471.2;0.027;576.3;0.026;60;0;0;0.112;0.189;0.141;11;24;18;49.98;49.98;49.98;9003;1000;0.0;0;0.0000;0;0;55009;55009;55009
60;2014-07-12 20:28:00;909402N262;50;55.009;43;233;233;233;233;0.132;49.99;457.8;0.067;479.6;0.023;553.8;0.024;60;0;0;0.125;0.193;0.079;14;25;10;49.99;49.99;49.99;9003;1000;0.0;0;0.0000;0;0;55009;55009;55009
60;2014-07-12 20:29:00;909402N262;46;55.010;43;233;233;234;234;0.124;49.99;464.1;0.062;463.6;0.023;542.4;0.022;60;0;0;0.103;0.182;0.088;11;23;11;49.99;49.99;49.99;9003;1000;0.0;0;0.0000;0;0;55010;55010;55010
60;2014-07-12 20:30:00;909402N262;43;55.011;42;233;233;234;233;0.117;49.98;451.9;0.060;452.0;0.023;520.9;0.022;60;0;0;0.081;0.127;0.145;6;16;19;49.98;49.98;49.98;9003;1000;0.0;0;0.0000;0;0;55011;55011;55011
60;2014-07-12 20:31:00;909402N262;40;55.011;42;233;233;233;233;0.109;49.98;444.0;0.056;445.9;0.021;562.4;0.018;60;0;0;0.067;0.111;0.149;5;14;20;49.98;49.98;49.98;9003;1000;0.0;0;0.0000;0;0;55011;55011;55011
60;2014-07-12 20:32:00;909402N262;36;55.011;42;233;233;233;233;0.100;49.99;454.4;0.052;438.0;0.019;542.6;0.019;60;0;0;0.074;0.137;0.089;7;17;11;49.99;49.99;49.99;9003;1000;0.0;0;0.0000;0;0;55011;55011;55011
60;2014-07-12 20:33:00;909402N262;32;55.013;42;233;233;233;233;0.091;49.99;442.1;0.049;452.3;0.015;520.6;0.016;60;0;0;0.062;0.100;0.112;5;12;14;49.99;49.99;49.99;9003;1000;0.0;0;0.0000;0;0;55013;55013;55013
60;2014-07-12 20:34:00;909402N262;29;55.014;42;233;233;233;233;0.085;49.97;444.6;0.044;459.4;0.014;508.2;0.015;60;0;0;0.050;0.073;0.132;2;9;17;49.97;49.97;49.97;9003;1000;0.0;0;0.0000;0;0;55014;55014;55014
60;2014-07-12 20:35:00;909402N262;25;55.014;42;233;233;233;233;0.074;49.99;441.8;0.041;441.2;0.012;510.1;0.013;60;0;0;0.056;0.085;0.081;4;11;10;49.99;49.99;49.99;9003;1000;0.0;0;0.0000;0;0;55014;55014;55014
60;2014-07-12 20:36:00;909402N262;23;55.014;42;233;233;233;233;0.061;49.99;427.2;0.039;458.4;0.010;515.3;0.011;60;0;0;0.054;0.079;0.052;5;11;6;49.99;49.99;49.99;9003;1000;0.0;0;0.0000;0;0;55014;55014;55014
60;2014-07-12 20:37:00;909402N262;20;55.014;42;233;233;233;233;0.066;49.99;430.5;0.036;458.3;0.008;523.1;0.011;60;0;0;0.068;0.060;0.072;4;7;9;49.99;49.99;49.99;9003;1000;0.0;0;0.0000;0;0;55014;55014;55014
60;2014-07-12 20:38:00;909402N262;17;55.014;42;233;233;233;233;0.055;49.99;434.8;0.032;434.3;0.007;518.7;0.008;60;0;0;0.047;0.063;0.055;3;7;7;49.99;49.99;49.99;9003;1000;0.0;0;0.0000;0;0;55014;55014;55014
60;2014-07-12 20:39:00;909402N262;15;55.015;42;233;233;233;233;0.043;50.00;432.1;0.030;412.8;0.007;513.8;0.007;60;0;0;0.029;0.055;0.046;2;6;5;50.00;50.00;50.00;9003;1000;0.0;0;0.0000;0;0;55015;55015;55015
60;2014-07-12 20:40:00;909402N262;12;55.015;42;233;233;233;233;0.033;50.01;430.5;0.027;367.7;0.007;465.2;0.007;60;0;0;0.026;0.047;0.028;2;5;3;50.01;50.01;50.01;9003;1000;0.0;0;0.0000;0;0;55015;55015;55015
60;2014-07-12 20:41:00;909402N262;8;55.016;42;233;233;233;233;0.027;50.00;421.0;0.027;321.5;0.007;411.5;0.007;60;0;0;0.026;0.036;0.020;2;4;2;50.00;50.00;50.00;9003;1000;0.0;0;0.0000;0;0;55016;55016;55016
60;2014-07-12 20:42:00;909402N262;5;55.016;42;233;233;233;233;0.015;49.99;420.5;0.023;266.1;0.007;351.7;0.007;60;0;0;0.013;0.015;0.018;1;2;2;49.99;49.99;49.99;9003;1000;0.0;0;0.0000;0;0;55016;55016;55016
60;2014-07-12 20:43:00;909402N262;3;55.016;42;233;233;233;233;0.012;50.00;405.8;0.023;299.9;0.005;288.0;0.007;60;0;0;0.008;0.016;0.012;0;1;1;50.00;50.00;50.00;9003;1000;0.0;0;0.0000;0;0;55016;55016;55016
60;2014-07-12 20:44:00;909402N262;2;55.016;42;233;233;233;233;0.009;50.00;400.6;0.020;334.5;0.003;280.8;0.007;60;0;0;0.008;0.013;0.006;0;1;0;50.00;50.00;50.00;9003;1000;0.0;0;0.0000;0;0;55016;55016;55016
60;2014-07-12 20:45:00;909402N262;1;55.016;42;233;233;233;233;0.005;49.98;400.1;0.018;297.2;0.003;349.6;0.003;60;0;0;0.004;0.007;0.005;0;0;0;49.98;49.98;49.98;9003;1000;0.0;0;0.0000;0;0;55016;55016;55016
60;2014-07-12 20:46:00;909402N262;0;55.016;42;233;233;233;233;0.001;49.98;402.6;0.015;264.1;0.002;313.2;0.003;60;0;0;0.001;0.002;0.000;0;0;0;49.98;49.98;49.98;9003;1000;0.0;0;0.0000;0;0;55016;55016;55016
60;2014-07-12 20:47:00;909402N262;0;55.016;42;234;234;234;234;0.000;50.00;401.5;0.014;276.6;0.002;274.0;0.003;60;0;0;0.000;0.000;0.000;0;0;0;50.00;50.00;50.00;9003;1000;0.0;0;0.0000;0;0;55016;55016;55016
60;2014-07-12 20:48:00;909402N262;0;55.016;42;235;236;235;236;0.000;50.00;372.3;0.012;310.1;0.000;269.0;0.002;80;0;0;0.000;0.000;0.000;0;0;0;50.00;50.00;50.00;9003;1000;0.0;0;0.0000;0;0;55016;55016;55016
60;2014-07-12 20:49:00;909402N262;0;55.016;41;235;236;237;234;0.003;49.99;414.1;0.005;379.2;0.000;413.5;0.000;51;0;0;0.003;0.003;0.003;0;0;0;49.99;49.99;49.99;13685;1000;0.0;0;0.0000;0;0;55016;55016;55016
60;2014-07-12 20:50:00;909402N262;0;55.016;41;236;236;237;234;0.000;49.99;405.7;0.000;351.2;0.000;363.9;0.000;51;0;0;0.000;0.000;0.000;0;0;0;49.99;49.99;49.99;21712;1000;0.0;0;0.0000;0;0;55016;55016;55016
60;2014-07-12 20:51:00;909402N262;0;55.016;41;236;236;237;234;0.000;49.99;282.5;0.000;278.8;0.000;278.6;0.000;51;0;0;0.000;0.000;0.000;0;0;0;49.99;49.99;49.99;21712;1000;0.0;0;0.0000;0;0;55016;55016;55016
60;2014-07-12 20:52:00;909402N262;0;55.016;41;235;235;237;234;0.000;49.98;241.6;0.000;241.0;0.000;241.3;0.000;51;0;0;0.000;0.000;0.000;0;0;0;49.98;49.98;49.98;21712;1000;0.0;0;0.0000;0;0;55016;55016;55016
60;2014-07-12 20:53:00;909402N262;0;55.016;41;235;235;237;234;0.000;49.98;237.9;0.000;237.4;0.000;238.0;0.000;51;0;0;0.000;0.000;0.000;0;0;0;49.98;49.98;49.98;21712;1000;0.0;0;0.0000;0;0;55016;55016;55016
60;2014-07-12 20:54:00;909402N262;0;55.016;40;236;236;237;234;0.000;49.97;234.4;0.000;233.9;0.000;234.5;0.000;51;0;0;0.000;0.000;0.000;0;0;0;49.97;49.97;49.97;21712;1000;0.0;0;0.0000;0;0;55016;55016;55016
60;2014-07-12 20:55:00;909402N262;0;55.016;40;235;236;237;234;0.000;49.97;232.1;0.000;231.5;0.000;231.0;0.000;51;0;0;0.000;0.000;0.000;0;0;0;49.97;49.97;49.97;21712;1000;0.0;0;0.0000;0;0;55016;55016;55016
60;2014-07-12 20:56:00;909402N262;0;55.016;40;235;236;237;234;0.000;49.98;228.8;0.000;228.2;0.000;228.3;0.000;51;0;0;0.000;0.000;0.000;0;0;0;49.99;49.99;49.98;21712;1000;0.0;0;0.0000;0;0;55016;55016;55016
60;2014-07-12 20:57:00;909402N262;0;55.016;40;235;236;237;234;0.000;49.98;228.5;0.000;228.0;0.000;228.6;0.000;51;0;0;0.000;0.000;0.000;0;0;0;49.98;49.98;49.98;21712;1000;0.0;0;0.0000;0;0;55016;55016;55016
60;2014-07-12 20:58:00;909402N262;0;55.016;39;235;235;237;234;0.000;49.98;237.7;0.000;237.1;0.000;237.7;0.000;51;0;0;0.000;0.000;0.000;0;0;0;49.98;49.98;49.98;21712;1000;0.0;0;0.0000;0;0;55016;55016;55016
60;2014-07-12 20:59:00;909402N262;0;55.016;39;235;235;236;234;0.000;49.98;233.1;0.000;232.5;0.000;233.1;0.000;51;0;0;0.000;0.000;0.000;0;0;0;49.98;49.98;49.98;21712;1000;0.0;0;0.0000;0;0;55016;55016;55016
60;2014-07-12 21:00:00;909402N262;0;55.016;39;235;236;237;234;0.000;49.99;230.1;0.000;229.5;0.000;230.3;0.000;51;0;0;0.000;0.000;0.000;0;0;0;49.99;49.99;49.99;21712;1000;0.0;0;0.0000;0;0;55016;55016;55016
[wr_ende]
