20140719;100005;danfoss;My Plant;+0100
[wr_def_start]
909402N262;Inverter Type;Inverter Group;Hanzl
[wr_def_end]
[wr]
INTERVAL;TIMESTAMP;SERIAL;P_AC;E_DAY;T_WR;U_AC;U_AC_1;U_AC_2;U_AC_3;I_AC;F_AC;U_DC_1;I_DC_1;U_DC_2;I_DC_2;U_DC_3;I_DC_3;S;E_WR;M_WR;I_AC_1;I_AC_2;I_AC_3;P_AC_1;P_AC_2;P_AC_3;F_AC_1;F_AC_2;F_AC_3;R_DC;PC;PCS;PCS_LL;COS_PHI;COS_PHI_LL;S_COS_PHI;Current_Day_Energy;current_Day_Offset;ccEnergyOfDay_WithoutOffset
60;2014-07-19 09:01:00;909402N262;843;1.365;39;235;235;235;235;1.290;50.03;552.8;0.719;637.5;0.395;712.9;0.303;60;0;0;1.259;1.324;1.288;272;289;280;50.03;50.03;50.03;7849;1000;0.0;0;0.0000;0;0;1365;1365;1365
60;2014-07-19 09:02:00;909402N262;862;1.379;39;235;235;234;235;1.406;50.04;557.4;0.713;652.9;0.391;733.2;0.302;60;0;0;1.395;1.436;1.389;283;297;280;50.04;50.04;50.04;7849;1000;0.0;0;0.0000;0;0;1379;1379;1379
60;2014-07-19 09:03:00;909402N262;871;1.394;40;235;235;234;235;1.308;50.04;558.3;0.715;654.6;0.395;709.7;0.320;60;0;0;1.262;1.343;1.321;278;298;293;50.04;50.04;50.04;7849;1000;0.0;0;0.0000;0;0;1394;1394;1394
60;2014-07-19 09:04:00;909402N262;878;1.408;40;235;235;234;236;1.281;50.03;559.4;0.717;656.7;0.396;691.6;0.334;60;0;0;1.226;1.318;1.300;278;300;298;50.03;50.03;50.03;7849;1000;0.0;0;0.0000;0;0;1408;1408;1408
60;2014-07-19 09:05:00;909402N262;885;1.423;40;236;235;235;237;1.287;50.02;560.0;0.721;660.3;0.398;693.4;0.337;60;0;0;1.231;1.325;1.305;280;303;301;50.02;50.02;50.02;7849;1000;0.0;0;0.0000;0;0;1423;1423;1423
60;2014-07-19 09:06:00;909402N262;894;1.438;40;236;236;235;237;1.372;50.02;560.6;0.725;662.3;0.399;693.1;0.342;60;0;0;1.318;1.412;1.386;283;305;303;50.02;50.02;50.02;7849;1000;0.0;0;0.0000;0;0;1438;1438;1438
60;2014-07-19 09:07:00;909402N262;902;1.453;40;235;235;234;236;1.469;50.03;560.8;0.733;663.5;0.401;698.0;0.344;60;0;0;1.405;1.519;1.483;284;308;309;50.03;50.03;50.03;7849;1000;0.0;0;0.0000;0;0;1453;1453;1453
60;2014-07-19 09:08:00;909402N262;910;1.468;40;235;235;234;236;1.325;50.03;556.1;0.752;664.6;0.402;693.1;0.345;60;0;0;1.272;1.361;1.342;289;311;308;50.03;50.03;50.03;7849;1000;0.0;0;0.0000;0;0;1468;1468;1468
60;2014-07-19 09:09:00;909402N262;921;1.483;40;235;234;234;236;1.341;50.03;539.9;0.791;666.6;0.403;677.8;0.356;60;0;0;1.287;1.378;1.360;292;315;313;50.03;50.03;50.03;7849;1000;0.0;0;0.0000;0;0;1483;1483;1483
60;2014-07-19 09:10:00;909402N262;939;1.499;40;234;233;234;236;1.367;50.02;526.1;0.838;667.9;0.405;679.4;0.359;60;0;0;1.304;1.405;1.392;295;321;321;50.02;50.02;50.02;7849;1000;0.0;0;0.0000;0;0;1499;1499;1499
60;2014-07-19 09:11:00;909402N262;962;1.515;40;234;233;235;236;1.399;50.02;524.8;0.877;667.8;0.407;682.7;0.361;60;0;0;1.335;1.436;1.426;302;329;329;50.02;50.02;50.02;7849;1000;0.0;0;0.0000;0;0;1515;1515;1515
60;2014-07-19 09:12:00;909402N262;984;1.531;40;234;233;234;236;1.430;50.02;523.5;0.919;668.9;0.409;687.1;0.359;60;0;0;1.367;1.468;1.456;309;336;336;50.02;50.02;50.02;7849;1000;0.0;0;0.0000;0;0;1531;1531;1531
60;2014-07-19 09:13:00;909402N262;1005;1.549;40;234;233;234;236;1.460;50.02;522.5;0.960;669.3;0.411;674.1;0.364;60;0;0;1.396;1.495;1.489;316;342;345;50.02;50.02;50.02;7849;1000;0.0;0;0.0000;0;0;1549;1549;1549
60;2014-07-19 09:14:00;909402N262;1032;1.566;40;234;233;234;236;1.498;50.01;521.3;1.003;670.4;0.412;680.5;0.369;60;0;0;1.438;1.531;1.525;327;350;353;50.01;50.01;50.01;7849;1000;0.0;0;0.0000;0;0;1566;1566;1566
60;2014-07-19 09:15:00;909402N262;1061;1.584;40;234;234;233;235;1.537;49.99;517.3;1.054;671.2;0.414;692.8;0.371;60;0;0;1.485;1.567;1.559;339;358;361;49.99;49.99;49.99;7849;1000;0.0;0;0.0000;0;0;1584;1584;1584
60;2014-07-19 09:16:00;909402N262;1175;1.603;40;234;234;233;235;1.718;49.99;493.5;1.188;618.5;0.654;716.9;0.375;60;0;0;1.669;1.747;1.738;378;396;399;49.99;49.99;49.99;7849;1000;0.0;0;0.0000;0;0;1603;1603;1603
60;2014-07-19 09:17:00;909402N262;1623;1.630;40;234;234;233;236;2.395;49.99;413.6;1.516;405.6;1.849;766.4;0.367;60;0;0;2.337;2.419;2.430;525;542;553;49.99;49.99;49.99;7849;1000;0.0;0;0.0000;0;0;1630;1630;1630
60;2014-07-19 09:18:00;909402N262;1663;1.657;40;234;233;233;236;2.455;49.99;411.5;1.568;410.9;1.859;772.6;0.375;60;0;0;2.395;2.487;2.485;537;559;565;49.99;49.99;49.99;7849;1000;0.0;0;0.0000;0;0;1657;1657;1657
60;2014-07-19 09:19:00;909402N262;1699;1.686;40;234;234;234;235;2.502;50.01;408.6;1.622;416.2;1.868;773.1;0.379;60;0;0;2.446;2.536;2.526;550;572;575;50.01;50.01;50.01;7849;1000;0.0;0;0.0000;0;0;1686;1686;1686
60;2014-07-19 09:20:00;909402N262;1747;1.715;40;234;234;233;235;2.571;50.00;413.6;1.656;424.4;1.886;777.7;0.383;60;0;0;2.523;2.599;2.592;570;587;589;50.00;50.00;50.00;7849;1000;0.0;0;0.0000;0;0;1715;1715;1715
60;2014-07-19 09:21:00;909402N262;1791;1.745;40;234;234;234;235;2.631;50.00;425.9;1.680;428.6;1.891;778.9;0.386;60;0;0;2.580;2.664;2.651;583;604;604;50.00;50.00;50.00;7849;1000;0.0;0;0.0000;0;0;1745;1745;1745
60;2014-07-19 09:22:00;909402N262;1833;1.775;40;234;234;234;236;2.688;50.00;443.0;1.665;431.1;1.913;782.1;0.391;60;0;0;2.636;2.721;2.707;595;616;620;50.00;50.00;50.00;7849;1000;0.0;0;0.0000;0;0;1775;1775;1775
60;2014-07-19 09:23:00;909402N262;1878;1.807;40;234;234;232;236;2.749;49.98;441.9;1.717;441.1;1.921;782.5;0.393;60;0;0;2.709;2.776;2.762;616;627;633;49.98;49.98;49.98;7849;1000;0.0;0;0.0000;0;0;1807;1807;1807
60;2014-07-19 09:24:00;909402N262;1907;1.839;40;234;235;232;236;2.791;49.99;439.1;1.773;442.3;1.946;779.3;0.392;60;0;0;2.750;2.812;2.812;627;633;645;49.99;49.99;49.99;7849;1000;0.0;0;0.0000;0;0;1839;1839;1839
60;2014-07-19 09:25:00;909402N262;1942;1.871;40;234;234;232;236;2.839;49.99;435.9;1.830;447.8;1.958;773.9;0.395;60;0;0;2.793;2.850;2.874;635;644;661;49.99;49.99;49.99;7849;1000;0.0;0;0.0000;0;0;1871;1871;1871
60;2014-07-19 09:26:00;909402N262;1988;1.904;41;234;234;232;236;2.901;50.00;468.0;1.778;449.3;1.977;775.7;0.397;60;0;0;2.841;2.915;2.949;646;660;680;50.00;50.00;50.00;7849;1000;0.0;0;0.0000;0;0;1904;1904;1904
60;2014-07-19 09:27:00;909402N262;2055;1.938;41;234;233;232;236;2.998;49.99;510.8;1.694;459.6;1.989;777.3;0.400;60;0;0;2.942;3.008;3.045;670;681;702;49.99;49.99;49.99;7849;1000;0.0;0;0.0000;0;0;1938;1938;1938
60;2014-07-19 09:28:00;909402N262;2092;1.974;41;234;234;232;236;3.037;50.00;511.1;1.740;460.6;2.007;785.0;0.402;60;0;0;2.985;3.050;3.078;685;694;711;50.00;50.00;50.00;7849;1000;0.0;0;0.0000;0;0;1974;1974;1974
60;2014-07-19 09:29:00;909402N262;2139;2.009;41;234;234;233;236;3.087;49.99;509.1;1.795;466.9;2.013;795.4;0.406;60;0;0;3.038;3.106;3.117;701;712;723;49.99;49.99;49.99;7849;1000;0.0;0;0.0000;0;0;2009;2009;2009
60;2014-07-19 09:30:00;909402N262;2176;2.045;41;234;234;232;236;3.138;50.00;506.4;1.853;467.0;2.027;795.5;0.414;60;0;0;3.084;3.158;3.173;712;724;738;50.00;50.00;50.00;7849;1000;0.0;0;0.0000;0;0;2045;2045;2045
60;2014-07-19 09:31:00;909402N262;2180;2.081;41;234;234;233;236;3.139;50.00;500.2;1.917;460.6;2.035;788.2;0.429;60;0;0;3.084;3.161;3.172;711;727;740;50.00;50.00;50.00;7849;1000;0.0;0;0.0000;0;0;2081;2081;2081
60;2014-07-19 09:32:00;909402N262;2257;2.120;41;234;234;233;236;3.250;50.00;501.3;1.967;476.3;2.044;795.1;0.421;60;0;0;3.190;3.276;3.284;736;753;766;50.00;50.00;50.00;7849;1000;0.0;0;0.0000;0;0;2120;2120;2120
60;2014-07-19 09:33:00;909402N262;2299;2.158;41;234;233;233;236;3.310;50.00;498.9;2.022;477.9;2.073;795.1;0.426;60;0;0;3.243;3.339;3.350;747;770;780;50.00;50.00;50.00;7849;1000;0.0;0;0.0000;0;0;2158;2158;2158
60;2014-07-19 09:34:00;909402N262;2333;2.197;41;234;234;234;236;3.353;49.99;495.8;2.076;479.6;2.081;795.3;0.434;60;0;0;3.289;3.384;3.387;759;784;789;49.99;49.99;49.99;7849;1000;0.0;0;0.0000;0;0;2197;2197;2197
60;2014-07-19 09:35:00;909402N262;2374;2.237;41;234;235;233;236;3.413;49.99;492.4;2.131;483.7;2.099;795.4;0.441;60;0;0;3.368;3.433;3.440;780;791;802;49.99;49.99;49.99;7849;1000;0.0;0;0.0000;0;0;2237;2237;2237
60;2014-07-19 09:36:00;909402N262;2404;2.276;41;234;234;233;235;3.456;49.99;489.7;2.183;483.6;2.117;795.4;0.444;60;0;0;3.405;3.482;3.483;788;803;811;49.99;49.99;49.99;7849;1000;0.0;0;0.0000;0;0;2276;2276;2276
60;2014-07-19 09:37:00;909402N262;2428;2.317;41;234;234;234;235;3.489;50.00;488.2;2.222;483.7;2.128;795.3;0.446;60;0;0;3.433;3.523;3.512;795;814;817;50.00;50.00;50.00;7849;1000;0.0;0;0.0000;0;0;2317;2317;2317
60;2014-07-19 09:38:00;909402N262;2450;2.358;41;234;234;234;236;3.517;50.00;487.2;2.256;483.8;2.138;795.3;0.450;60;0;0;3.457;3.550;3.544;799;822;826;50.00;50.00;50.00;7849;1000;0.0;0;0.0000;0;0;2358;2358;2358
60;2014-07-19 09:39:00;909402N262;2474;2.399;41;234;234;234;235;3.553;50.00;486.7;2.287;486.0;2.144;795.3;0.455;60;0;0;3.487;3.591;3.581;806;832;834;50.00;50.00;50.00;7849;1000;0.0;0;0.0000;0;0;2399;2399;2399
60;2014-07-19 09:40:00;909402N262;2512;2.441;41;234;233;233;236;3.608;50.00;486.0;2.319;494.0;2.145;795.3;0.463;60;0;0;3.553;3.635;3.638;821;840;849;50.00;50.00;50.00;7849;1000;0.0;0;0.0000;0;0;2441;2441;2441
60;2014-07-19 09:41:00;909402N262;2676;2.485;42;234;233;234;235;3.838;49.99;485.7;2.353;500.4;2.173;668.7;0.880;60;0;0;3.778;3.871;3.867;873;899;902;49.99;49.99;49.99;7849;1000;0.0;0;0.0000;0;0;2485;2485;2485
60;2014-07-19 09:42:00;909402N262;2929;2.534;42;234;233;233;236;4.195;50.00;485.5;2.389;500.5;2.193;441.4;1.655;60;0;0;4.119;4.223;4.244;954;977;996;50.00;50.00;50.00;7849;1000;0.0;0;0.0000;0;0;2534;2534;2534
60;2014-07-19 09:43:00;909402N262;2951;2.583;42;234;233;233;235;4.231;50.00;485.2;2.424;500.8;2.210;444.4;1.638;60;0;0;4.160;4.268;4.266;962;990;997;50.00;50.00;50.00;7849;1000;0.0;0;0.0000;0;0;2583;2583;2583
60;2014-07-19 09:44:00;909402N262;3016;2.634;42;233;233;233;235;4.330;49.99;485.1;2.461;500.8;2.228;472.3;1.623;60;0;0;4.263;4.352;4.376;988;1004;1023;49.99;49.99;49.99;7849;1000;0.0;0;0.0000;0;0;2634;2634;2634
60;2014-07-19 09:45:00;909402N262;3084;2.686;42;234;233;233;235;4.423;49.99;485.0;2.496;500.5;2.246;493.9;1.641;60;0;0;4.355;4.454;4.461;1010;1030;1042;49.99;49.99;49.99;7849;1000;0.0;0;0.0000;0;0;2686;2686;2686
60;2014-07-19 09:46:00;909402N262;3078;2.738;42;234;233;234;234;4.402;49.99;481.6;2.531;494.7;2.251;494.2;1.659;60;0;0;4.350;4.442;4.415;1012;1035;1030;49.99;49.99;49.99;7849;1000;0.0;0;0.0000;0;0;2738;2738;2738
60;2014-07-19 09:47:00;909402N262;3159;2.790;42;233;233;234;234;4.515;49.99;484.4;2.558;507.3;2.267;494.3;1.686;60;0;0;4.468;4.562;4.515;1041;1064;1053;49.99;49.99;49.99;7849;1000;0.0;0;0.0000;0;0;2790;2790;2790
60;2014-07-19 09:48:00;909402N262;3226;2.845;42;233;233;234;233;4.613;50.00;483.8;2.590;507.2;2.281;542.6;1.619;60;0;0;4.552;4.671;4.616;1058;1090;1076;50.00;50.00;50.00;7849;1000;0.0;0;0.0000;0;0;2845;2845;2845
60;2014-07-19 09:49:00;909402N262;3306;2.899;42;234;233;234;234;4.718;50.00;483.3;2.621;508.5;2.289;558.8;1.678;60;0;0;4.659;4.779;4.718;1084;1118;1102;50.00;50.00;50.00;7849;1000;0.0;0;0.0000;0;0;2899;2899;2899
60;2014-07-19 09:50:00;909402N262;3394;2.955;42;234;233;234;234;4.844;50.01;483.0;2.651;512.9;2.302;592.5;1.680;60;0;0;4.788;4.899;4.846;1116;1144;1132;50.01;50.01;50.01;7849;1000;0.0;0;0.0000;0;0;2955;2955;2955
60;2014-07-19 09:51:00;909402N262;3486;3.014;42;234;234;234;234;4.967;50.02;494.4;2.644;513.2;2.319;617.7;1.706;60;0;0;4.917;5.020;4.964;1149;1174;1161;50.02;50.02;50.02;7849;1000;0.0;0;0.0000;0;0;3014;3014;3014
60;2014-07-19 09:52:00;909402N262;3636;3.073;42;234;234;234;234;5.184;50.01;540.6;2.503;516.7;2.329;674.2;1.691;60;0;0;5.139;5.233;5.181;1201;1222;1211;50.01;50.01;50.01;7849;1000;0.0;0;0.0000;0;0;3073;3073;3073
60;2014-07-19 09:53:00;909402N262;3750;3.136;42;234;234;234;234;5.346;50.01;540.9;2.537;518.4;2.339;677.0;1.813;60;0;0;5.298;5.391;5.350;1237;1259;1251;50.01;50.01;50.01;7849;1000;0.0;0;0.0000;0;0;3136;3136;3136
60;2014-07-19 09:54:00;909402N262;3826;3.199;42;234;234;234;235;5.451;50.01;539.3;2.582;518.5;2.349;687.3;1.859;60;0;0;5.400;5.494;5.461;1260;1284;1279;50.01;50.01;50.01;7849;1000;0.0;0;0.0000;0;0;3199;3199;3199
60;2014-07-19 09:55:00;909402N262;3846;3.264;43;234;234;234;235;5.478;50.02;537.7;2.633;521.8;2.353;675.9;1.876;60;0;0;5.423;5.521;5.492;1265;1291;1287;50.02;50.02;50.02;7849;1000;0.0;0;0.0000;0;0;3264;3264;3264
60;2014-07-19 09:56:00;909402N262;3875;3.328;43;234;234;234;235;5.523;50.01;537.0;2.674;526.0;2.359;669.8;1.888;60;0;0;5.466;5.570;5.534;1275;1302;1296;50.01;50.01;50.01;7849;1000;0.0;0;0.0000;0;0;3328;3328;3328
60;2014-07-19 09:57:00;909402N262;3916;3.394;43;234;234;234;235;5.588;50.01;534.9;2.722;523.7;2.393;671.5;1.899;60;0;0;5.541;5.625;5.599;1292;1312;1310;50.01;50.01;50.01;7849;1000;0.0;0;0.0000;0;0;3394;3394;3394
60;2014-07-19 09:58:00;909402N262;3962;3.460;43;234;234;234;235;5.650;50.01;532.6;2.776;526.3;2.407;675.3;1.904;60;0;0;5.604;5.681;5.667;1308;1324;1327;50.01;50.01;50.01;7849;1000;0.0;0;0.0000;0;0;3460;3460;3460
60;2014-07-19 09:59:00;909402N262;4008;3.527;43;234;234;232;235;5.720;50.01;531.5;2.825;533.5;2.428;667.9;1.923;60;0;0;5.678;5.721;5.761;1326;1327;1353;50.01;50.01;50.01;7849;1000;0.0;0;0.0000;0;0;3527;3527;3527
60;2014-07-19 10:00:00;909402N262;4038;3.594;43;234;233;233;235;5.764;50.01;529.8;2.870;533.3;2.443;663.4;1.939;60;0;0;5.707;5.782;5.803;1329;1346;1362;50.01;50.01;50.01;7849;1000;0.0;0;0.0000;0;0;3594;3594;3594
[wr_ende]
