20141025;150002;danfoss;My Plant;+0100
[wr_def_start]
909402N262;Inverter Type;Inverter Group;Hanzl
[wr_def_end]
[wr]
INTERVAL;TIMESTAMP;SERIAL;P_AC;E_DAY;T_WR;U_AC;U_AC_1;U_AC_2;U_AC_3;I_AC;F_AC;U_DC_1;I_DC_1;U_DC_2;I_DC_2;U_DC_3;I_DC_3;S;E_WR;M_WR;I_AC_1;I_AC_2;I_AC_3;P_AC_1;P_AC_2;P_AC_3;F_AC_1;F_AC_2;F_AC_3;R_DC;PC;PCS;PCS_LL;COS_PHI;COS_PHI_LL;S_COS_PHI;Current_Day_Energy;current_Day_Offset;ccEnergyOfDay_WithoutOffset
60;2014-10-25 14:01:00;909402N262;972;4.481;38;234;234;235;233;1.748;49.99;567.8;0.753;630.7;0.409;785.1;0.391;60;0;0;1.712;1.781;1.751;313;333;324;49.99;49.99;49.99;809;1000;0.0;0;1.0000;0;2;4481;4481;4481
60;2014-10-25 14:02:00;909402N262;959;4.497;38;234;235;234;234;1.742;49.98;571.7;0.734;636.6;0.401;794.2;0.380;60;0;0;1.710;1.771;1.746;310;328;320;49.98;49.98;49.98;809;1000;0.0;0;1.0000;0;2;4497;4497;4497
60;2014-10-25 14:03:00;909402N262;921;4.512;38;234;235;234;234;1.699;49.99;571.3;0.704;635.2;0.387;793.7;0.365;60;0;0;1.662;1.717;1.718;295;313;311;49.99;49.99;49.99;809;1000;0.0;0;1.0000;0;2;4512;4512;4512
60;2014-10-25 14:04:00;909402N262;885;4.527;38;234;235;234;234;1.675;49.99;571.4;0.679;633.4;0.373;790.2;0.352;60;0;0;1.647;1.693;1.686;286;300;297;49.99;49.99;49.99;809;1000;0.0;0;1.0000;0;2;4527;4527;4527
60;2014-10-25 14:05:00;909402N262;867;4.541;38;234;235;233;234;1.666;49.99;572.1;0.667;632.9;0.364;784.3;0.346;60;0;0;1.636;1.679;1.684;278;293;294;49.99;49.99;49.99;809;1000;0.0;0;1.0000;0;2;4541;4541;4541
60;2014-10-25 14:06:00;909402N262;867;4.556;38;234;235;233;234;1.665;49.98;572.9;0.669;633.7;0.362;783.7;0.346;60;0;0;1.629;1.685;1.683;277;294;294;49.98;49.98;49.98;809;1000;0.0;0;1.0000;0;2;4556;4556;4556
60;2014-10-25 14:07:00;909402N262;889;4.571;38;234;235;233;234;1.684;49.99;573.8;0.689;634.2;0.368;788.1;0.351;60;0;0;1.651;1.702;1.700;285;301;300;49.99;49.99;49.99;809;1000;0.0;0;1.0000;0;2;4571;4571;4571
60;2014-10-25 14:08:00;909402N262;927;4.586;38;233;234;233;234;1.711;49.98;574.6;0.718;635.7;0.382;792.6;0.364;60;0;0;1.673;1.729;1.732;297;315;314;49.98;49.98;49.98;809;1000;0.0;0;1.0000;0;2;4586;4586;4586
60;2014-10-25 14:09:00;909402N262;950;4.603;38;234;234;233;234;1.721;49.99;574.7;0.735;636.5;0.390;795.1;0.373;60;0;0;1.681;1.741;1.743;304;322;322;49.99;49.99;49.99;809;1000;0.0;0;1.0000;0;2;4603;4603;4603
60;2014-10-25 14:10:00;909402N262;948;4.618;38;234;234;234;234;1.723;49.99;574.3;0.734;636.5;0.390;794.9;0.372;60;0;0;1.690;1.740;1.740;305;321;320;49.99;49.99;49.99;809;1000;0.0;0;1.0000;0;2;4618;4618;4618
60;2014-10-25 14:11:00;909402N262;934;4.633;38;234;234;234;234;1.715;49.99;573.6;0.723;636.2;0.384;793.4;0.367;60;0;0;1.680;1.734;1.733;300;317;315;49.99;49.99;49.99;809;1000;0.0;0;1.0000;0;2;4633;4633;4633
60;2014-10-25 14:12:00;909402N262;911;4.649;38;234;234;233;234;1.710;50.00;572.4;0.705;635.4;0.377;789.3;0.360;60;0;0;1.673;1.726;1.731;292;308;309;50.00;50.00;50.00;809;1000;0.0;0;1.0000;0;2;4649;4649;4649
60;2014-10-25 14:13:00;909402N262;879;4.663;38;234;235;232;234;1.678;50.00;571.4;0.681;634.5;0.365;784.2;0.350;60;0;0;1.644;1.691;1.700;281;297;299;50.00;50.00;50.00;809;1000;0.0;0;1.0000;0;2;4663;4663;4663
60;2014-10-25 14:14:00;909402N262;849;4.677;38;234;235;232;234;1.646;50.00;570.4;0.662;633.8;0.353;782.4;0.338;60;0;0;1.619;1.658;1.661;273;286;286;50.00;50.00;50.00;809;1000;0.0;0;1.0000;0;2;4677;4677;4677
60;2014-10-25 14:15:00;909402N262;838;4.692;38;234;235;233;233;1.642;50.01;570.6;0.654;633.7;0.346;781.2;0.333;60;0;0;1.616;1.655;1.657;270;284;282;50.01;50.01;50.01;809;1000;0.0;0;1.0000;0;2;4692;4692;4692
60;2014-10-25 14:16:00;909402N262;831;4.706;38;234;236;234;233;1.625;50.00;567.4;0.654;617.9;0.350;780.5;0.335;60;0;0;1.600;1.638;1.639;268;281;280;50.00;50.00;50.00;809;1000;0.0;0;1.0000;0;2;4706;4706;4706
60;2014-10-25 14:17:00;909402N262;840;4.720;38;234;235;234;234;1.642;50.00;573.0;0.655;633.6;0.347;781.9;0.334;60;0;0;1.616;1.656;1.654;271;284;283;50.00;50.00;50.00;809;1000;0.0;0;1.0000;0;2;4720;4720;4720
60;2014-10-25 14:18:00;909402N262;842;4.733;38;234;235;234;234;1.644;50.00;575.9;0.653;633.9;0.347;781.1;0.335;60;0;0;1.617;1.663;1.654;270;287;283;50.00;50.00;50.00;809;1000;0.0;0;1.0000;0;2;4733;4733;4733
60;2014-10-25 14:19:00;909402N262;867;4.748;38;234;234;234;234;1.664;49.99;578.9;0.670;635.1;0.356;782.0;0.345;60;0;0;1.635;1.682;1.676;279;295;292;49.99;49.99;49.99;809;1000;0.0;0;1.0000;0;2;4748;4748;4748
60;2014-10-25 14:20:00;909402N262;921;4.763;38;234;234;234;234;1.709;49.99;582.0;0.706;637.0;0.377;789.6;0.363;60;0;0;1.673;1.729;1.726;295;313;311;49.99;49.99;49.99;809;1000;0.0;0;1.0000;0;2;4763;4763;4763
60;2014-10-25 14:21:00;909402N262;978;4.780;38;234;235;233;234;1.768;50.00;584.0;0.746;638.5;0.400;792.9;0.383;60;0;0;1.732;1.787;1.785;315;331;330;50.00;50.00;50.00;809;1000;0.0;0;1.0000;0;2;4780;4780;4780
60;2014-10-25 14:22:00;909402N262;1022;4.796;38;234;235;233;234;1.823;50.00;585.2;0.778;639.6;0.416;791.6;0.403;60;0;0;1.786;1.844;1.841;329;347;345;50.00;50.00;50.00;809;1000;0.0;0;1.0000;0;2;4796;4796;4796
60;2014-10-25 14:23:00;909402N262;1047;4.814;38;234;235;233;235;1.849;50.00;585.9;0.794;640.0;0.426;792.8;0.411;60;0;0;1.806;1.880;1.861;337;357;351;50.00;50.00;50.00;809;1000;0.0;0;1.0000;0;2;4814;4814;4814
60;2014-10-25 14:24:00;909402N262;1060;4.832;38;234;235;234;234;1.860;49.98;584.7;0.807;640.2;0.430;793.3;0.415;60;0;0;1.817;1.886;1.877;341;360;357;49.98;49.98;49.98;809;1000;0.0;0;1.0000;0;2;4832;4832;4832
60;2014-10-25 14:25:00;909402N262;1072;4.850;38;235;235;234;235;1.876;49.99;582.5;0.819;640.1;0.436;793.7;0.419;60;0;0;1.837;1.907;1.884;346;366;359;49.99;49.99;49.99;809;1000;0.0;0;1.0000;0;2;4850;4850;4850
60;2014-10-25 14:26:00;909402N262;1088;4.867;38;234;235;234;235;1.894;49.99;580.6;0.832;640.8;0.443;792.0;0.428;60;0;0;1.860;1.917;1.905;352;369;365;49.99;49.99;49.99;809;1000;0.0;0;1.0000;0;2;4867;4867;4867
60;2014-10-25 14:27:00;909402N262;1094;4.885;38;235;235;234;235;1.897;49.99;579.4;0.833;641.0;0.447;794.3;0.431;60;0;0;1.861;1.919;1.912;354;370;368;49.99;49.99;49.99;809;1000;0.0;0;1.0000;0;2;4885;4885;4885
60;2014-10-25 14:28:00;909402N262;1072;4.903;38;235;235;234;235;1.874;50.00;579.4;0.813;640.5;0.440;794.0;0.424;60;0;0;1.841;1.898;1.885;347;363;360;50.00;50.00;50.00;809;1000;0.0;0;1.0000;0;2;4903;4903;4903
60;2014-10-25 14:29:00;909402N262;1019;4.921;38;235;236;235;235;1.808;50.00;578.1;0.772;639.1;0.420;794.4;0.404;60;0;0;1.764;1.830;1.830;327;347;344;50.00;50.00;50.00;809;1000;0.0;0;1.0000;0;2;4921;4921;4921
60;2014-10-25 14:30:00;909402N262;938;4.936;38;235;236;235;235;1.720;50.00;576.5;0.711;636.3;0.390;794.2;0.372;60;0;0;1.684;1.746;1.730;302;320;314;50.00;50.00;50.00;809;1000;0.0;0;1.0000;0;2;4936;4936;4936
60;2014-10-25 14:31:00;909402N262;843;4.950;38;235;236;235;234;1.625;50.00;570.6;0.651;615.4;0.361;781.8;0.342;60;0;0;1.600;1.643;1.633;272;287;283;50.00;50.00;50.00;809;1000;0.0;0;1.0000;0;2;4950;4950;4950
60;2014-10-25 14:32:00;909402N262;789;4.964;38;235;236;235;234;1.580;50.00;572.7;0.609;632.0;0.330;780.1;0.318;60;0;0;1.559;1.598;1.583;255;269;264;50.00;50.00;50.00;809;1000;0.0;0;1.0000;0;2;4964;4964;4964
60;2014-10-25 14:33:00;909402N262;751;4.976;38;235;236;235;234;1.542;49.99;570.5;0.584;629.9;0.314;775.0;0.304;60;0;0;1.524;1.558;1.545;242;256;251;49.99;49.99;49.99;809;1000;0.0;0;1.0000;0;2;4976;4976;4976
60;2014-10-25 14:34:00;909402N262;724;4.988;38;233;234;233;233;1.520;50.00;568.0;0.567;628.6;0.304;773.8;0.293;60;0;0;1.497;1.532;1.532;232;246;244;50.00;50.00;50.00;809;1000;0.0;0;1.0000;0;2;4988;4988;4988
60;2014-10-25 14:35:00;909402N262;693;5.000;38;232;233;232;231;1.489;50.00;565.5;0.544;627.7;0.292;768.0;0.284;60;0;0;1.462;1.504;1.501;220;236;234;50.00;50.00;50.00;809;1000;0.0;0;1.0000;0;2;5000;5000;5000
60;2014-10-25 14:36:00;909402N262;655;5.011;38;232;233;232;231;1.452;50.01;563.2;0.515;626.6;0.277;763.5;0.269;60;0;0;1.431;1.461;1.464;209;222;221;50.01;50.01;50.01;809;1000;0.0;0;1.0000;0;2;5011;5011;5011
60;2014-10-25 14:37:00;909402N262;613;5.021;38;232;233;232;231;1.417;50.01;562.4;0.487;624.3;0.260;763.9;0.253;60;0;0;1.401;1.424;1.426;197;208;207;50.01;50.01;50.01;809;1000;0.0;0;1.0000;0;2;5021;5021;5021
60;2014-10-25 14:38:00;909402N262;588;5.030;38;232;233;232;231;1.393;50.00;560.6;0.469;622.8;0.249;760.8;0.242;60;0;0;1.372;1.403;1.406;187;199;200;50.00;50.00;50.00;809;1000;0.0;0;1.0000;0;2;5030;5030;5030
60;2014-10-25 14:39:00;909402N262;575;5.040;38;232;233;232;231;1.381;50.00;559.8;0.462;622.7;0.244;759.7;0.237;60;0;0;1.367;1.391;1.387;183;196;193;50.00;50.00;50.00;809;1000;0.0;0;1.0000;0;2;5040;5040;5040
60;2014-10-25 14:40:00;909402N262;572;5.050;38;232;233;232;231;1.379;50.02;559.9;0.460;622.2;0.242;757.2;0.236;60;0;0;1.359;1.394;1.385;181;197;193;50.02;50.02;50.02;809;1000;0.0;0;1.0000;0;2;5050;5050;5050
60;2014-10-25 14:41:00;909402N262;575;5.059;38;232;232;232;231;1.384;50.01;560.2;0.462;622.6;0.242;759.4;0.237;60;0;0;1.366;1.393;1.394;183;195;194;50.01;50.01;50.01;809;1000;0.0;0;1.0000;0;2;5059;5059;5059
60;2014-10-25 14:42:00;909402N262;589;5.069;38;232;232;232;232;1.396;50.00;561.1;0.473;623.8;0.248;763.7;0.242;60;0;0;1.376;1.405;1.407;187;200;201;50.00;50.00;50.00;809;1000;0.0;0;1.0000;0;2;5069;5069;5069
60;2014-10-25 14:43:00;909402N262;618;5.080;38;232;232;232;232;1.421;50.01;562.9;0.493;626.2;0.259;764.5;0.254;60;0;0;1.399;1.436;1.430;196;211;209;50.01;50.01;50.01;809;1000;0.0;0;1.0000;0;2;5080;5080;5080
60;2014-10-25 14:44:00;909402N262;647;5.091;38;232;232;232;232;1.445;50.00;562.7;0.512;627.9;0.271;765.0;0.266;60;0;0;1.418;1.459;1.460;204;220;220;50.00;50.00;50.00;809;1000;0.0;0;1.0000;0;2;5091;5091;5091
60;2014-10-25 14:45:00;909402N262;661;5.101;38;234;234;234;234;1.459;49.99;563.7;0.521;627.9;0.278;766.6;0.272;60;0;0;1.433;1.474;1.471;209;225;224;49.99;49.99;49.99;809;1000;0.0;0;1.0000;0;2;5101;5101;5101
60;2014-10-25 14:46:00;909402N262;653;5.112;38;234;235;234;234;1.442;49.99;557.9;0.516;618.9;0.278;759.1;0.271;60;0;0;1.425;1.446;1.457;207;221;222;49.99;49.99;49.99;809;1000;0.0;0;1.0000;0;2;5112;5112;5112
60;2014-10-25 14:47:00;909402N262;633;5.123;38;235;235;234;234;1.440;50.01;563.5;0.498;627.6;0.268;766.7;0.261;60;0;0;1.416;1.452;1.452;201;216;215;50.01;50.01;50.01;809;1000;0.0;0;1.0000;0;2;5123;5123;5123
60;2014-10-25 14:48:00;909402N262;603;5.133;38;234;235;234;234;1.412;50.00;562.0;0.476;626.0;0.255;764.5;0.250;60;0;0;1.388;1.423;1.426;191;205;206;50.00;49.99;49.99;809;1000;0.0;0;1.0000;0;2;5133;5133;5133
60;2014-10-25 14:49:00;909402N262;576;5.143;38;234;235;234;234;1.387;50.00;560.9;0.457;624.1;0.246;763.1;0.239;60;0;0;1.364;1.397;1.401;181;196;197;50.00;50.00;50.00;809;1000;0.0;0;1.0000;0;2;5143;5143;5143
60;2014-10-25 14:50:00;909402N262;559;5.153;38;234;234;235;234;1.376;50.01;560.3;0.446;621.5;0.240;762.8;0.232;60;0;0;1.357;1.382;1.390;178;190;191;50.01;50.01;50.01;809;1000;0.0;0;1.0000;0;2;5153;5153;5153
60;2014-10-25 14:51:00;909402N262;551;5.161;38;234;234;234;234;1.370;50.00;559.8;0.439;623.6;0.235;761.1;0.228;60;0;0;1.348;1.380;1.382;174;187;188;50.00;50.00;50.00;809;1000;0.0;0;1.0000;0;2;5161;5161;5161
60;2014-10-25 14:52:00;909402N262;544;5.170;38;234;233;235;235;1.359;49.97;559.7;0.434;623.1;0.232;757.5;0.226;60;0;0;1.329;1.373;1.375;171;186;186;49.97;49.97;49.97;809;1000;0.0;0;1.0000;0;2;5170;5170;5170
60;2014-10-25 14:53:00;909402N262;549;5.179;38;234;233;235;235;1.364;49.98;559.7;0.438;623.3;0.234;758.6;0.227;60;0;0;1.336;1.382;1.376;172;188;187;49.98;49.98;49.98;809;1000;0.0;0;1.0000;0;2;5179;5179;5179
60;2014-10-25 14:54:00;909402N262;554;5.188;38;234;234;234;235;1.370;49.98;560.0;0.441;623.8;0.235;763.2;0.229;60;0;0;1.349;1.376;1.385;176;187;189;49.98;49.98;49.98;809;1000;0.0;0;1.0000;0;2;5188;5188;5188
60;2014-10-25 14:55:00;909402N262;550;5.198;38;234;234;234;235;1.364;49.99;560.1;0.438;624.0;0.234;761.1;0.228;60;0;0;1.343;1.374;1.377;174;187;187;49.99;49.99;49.99;809;1000;0.0;0;1.0000;0;2;5198;5198;5198
60;2014-10-25 14:56:00;909402N262;539;5.207;38;234;234;234;234;1.357;49.99;559.6;0.429;621.5;0.230;765.5;0.222;60;0;0;1.338;1.364;1.369;171;182;184;49.99;49.99;49.99;809;1000;0.0;0;1.0000;0;2;5207;5207;5207
60;2014-10-25 14:57:00;909402N262;523;5.216;38;234;234;234;235;1.347;49.99;558.9;0.418;620.6;0.223;773.3;0.214;60;0;0;1.329;1.356;1.358;164;178;178;49.99;49.99;49.99;809;1000;0.0;0;1.0000;0;2;5216;5216;5216
60;2014-10-25 14:58:00;909402N262;513;5.224;38;234;234;234;234;1.337;49.99;558.2;0.413;617.0;0.220;767.9;0.211;60;0;0;1.321;1.353;1.338;162;177;172;49.99;49.99;49.99;809;1000;0.0;0;1.0000;0;2;5224;5224;5224
60;2014-10-25 14:59:00;909402N262;508;5.232;38;234;235;234;234;1.332;49.98;557.8;0.408;619.2;0.216;765.9;0.209;60;0;0;1.320;1.342;1.334;162;173;171;49.98;49.98;49.98;809;1000;0.0;0;1.0000;0;2;5232;5232;5232
60;2014-10-25 15:00:00;909402N262;493;5.241;38;234;235;234;234;1.316;49.98;557.3;0.396;617.6;0.211;752.3;0.208;60;0;0;1.304;1.325;1.319;157;168;166;49.98;49.98;49.98;809;1000;0.0;0;1.0000;0;2;5241;5241;5241
[wr_ende]
