20150208;110000;danfoss;My Plant;+0100
[wr_def_start]
909402N262;Inverter Type;Inverter Group;Hanzl
[wr_def_end]
[wr]
INTERVAL;TIMESTAMP;SERIAL;P_AC;E_DAY;T_WR;U_AC;U_AC_1;U_AC_2;U_AC_3;I_AC;F_AC;U_DC_1;I_DC_1;U_DC_2;I_DC_2;U_DC_3;I_DC_3;S;E_WR;M_WR;I_AC_1;I_AC_2;I_AC_3;P_AC_1;P_AC_2;P_AC_3;F_AC_1;F_AC_2;F_AC_3;R_DC;PC;PCS;PCS_LL;COS_PHI;COS_PHI_LL;S_COS_PHI;Current_Day_Energy;current_Day_Offset;ccEnergyOfDay_WithoutOffset
60;2015-02-08 10:01:00;909402N262;956;1.093;29;231;231;231;232;1.722;49.99;623.7;0.640;656.2;0.387;791.7;0.395;60;0;0;1.682;1.744;1.742;305;324;322;49.99;49.99;49.99;9912;1000;0.0;0;1.0000;0;2;1093;1093;1093
60;2015-02-08 10:02:00;909402N262;1267;1.114;29;232;231;231;232;2.100;50.00;635.4;0.828;681.4;0.502;795.1;0.518;60;0;0;2.056;2.122;2.123;409;428;428;50.00;50.00;50.00;9912;1000;0.0;0;1.0000;0;2;1114;1114;1114
60;2015-02-08 10:03:00;909402N262;1622;1.141;29;232;232;232;232;2.550;50.01;641.8;1.047;690.7;0.634;795.1;0.664;60;0;0;2.505;2.578;2.568;528;547;545;50.01;50.01;50.01;9912;1000;0.0;0;1.0000;0;2;1141;1141;1141
60;2015-02-08 10:04:00;909402N262;1949;1.173;29;232;231;231;232;2.988;50.02;648.3;1.256;698.5;0.750;795.1;0.794;60;0;0;2.930;3.027;3.007;635;658;655;50.02;50.02;50.02;9912;1000;0.0;0;1.0000;0;2;1173;1173;1173
60;2015-02-08 10:05:00;909402N262;1954;1.206;29;231;231;232;232;2.994;50.01;661.4;1.242;712.0;0.730;795.2;0.794;60;0;0;2.929;3.033;3.021;633;660;659;50.01;50.01;50.01;9912;1000;0.0;0;1.0000;0;2;1206;1206;1206
60;2015-02-08 10:06:00;909402N262;1715;1.234;29;232;231;232;232;2.671;50.02;649.0;1.119;694.8;0.658;795.1;0.688;60;0;0;2.611;2.712;2.691;555;581;578;50.02;50.02;50.02;9912;1000;0.0;0;1.0000;0;2;1234;1234;1234
60;2015-02-08 10:07:00;909402N262;1540;1.259;29;232;231;231;232;2.442;50.00;646.9;1.007;688.9;0.608;795.0;0.609;60;0;0;2.385;2.480;2.461;497;522;519;50.00;50.00;50.00;9912;1000;0.0;0;1.0000;0;2;1259;1259;1259
60;2015-02-08 10:08:00;909402N262;1486;1.284;29;231;231;230;232;2.376;50.00;645.3;0.974;689.5;0.589;795.1;0.583;60;0;0;2.326;2.400;2.402;481;499;503;50.00;50.00;50.00;9912;1000;0.0;0;1.0000;0;2;1284;1284;1284
60;2015-02-08 10:09:00;909402N262;1431;1.308;30;232;232;231;232;2.303;50.00;644.0;0.941;688.8;0.571;794.9;0.558;60;0;0;2.258;2.327;2.326;464;481;483;50.00;50.00;50.00;9912;1000;0.0;0;1.0000;0;2;1308;1308;1308
60;2015-02-08 10:10:00;909402N262;1396;1.332;30;232;232;231;232;2.261;49.99;643.7;0.919;689.7;0.556;795.1;0.544;60;0;0;2.213;2.287;2.284;452;471;472;49.99;49.99;49.99;9912;1000;0.0;0;1.0000;0;2;1332;1332;1332
60;2015-02-08 10:11:00;909402N262;1390;1.355;30;232;232;231;232;2.254;49.99;643.5;0.920;690.4;0.547;795.1;0.542;60;0;0;2.206;2.278;2.278;450;469;470;49.99;49.99;49.99;9912;1000;0.0;0;1.0000;0;2;1355;1355;1355
60;2015-02-08 10:12:00;909402N262;1423;1.379;30;232;232;231;232;2.293;49.99;643.4;0.946;692.2;0.556;795.0;0.555;60;0;0;2.244;2.323;2.312;461;480;480;49.99;49.99;49.99;9912;1000;0.0;0;1.0000;0;2;1379;1379;1379
60;2015-02-08 10:13:00;909402N262;1411;1.402;30;231;231;231;232;2.279;49.98;643.2;0.941;692.9;0.550;795.0;0.549;60;0;0;2.225;2.310;2.303;455;477;477;49.98;49.98;49.98;9912;1000;0.0;0;1.0000;0;2;1402;1402;1402
60;2015-02-08 10:14:00;909402N262;1338;1.425;30;232;232;231;233;2.184;49.99;641.5;0.901;691.9;0.521;795.3;0.517;60;0;0;2.134;2.209;2.210;432;450;454;49.99;49.99;49.99;9912;1000;0.0;0;1.0000;0;2;1425;1425;1425
60;2015-02-08 10:15:00;909402N262;1256;1.446;30;232;231;230;233;2.086;49.99;640.8;0.857;692.7;0.483;795.1;0.483;60;0;0;2.037;2.105;2.116;405;422;427;49.99;49.99;49.99;9912;1000;0.0;0;1.0000;0;2;1446;1446;1446
60;2015-02-08 10:16:00;909402N262;1217;1.466;30;231;231;231;233;2.034;49.98;634.3;0.852;679.0;0.462;790.3;0.474;60;0;0;1.975;2.062;2.066;389;412;414;49.98;49.98;49.98;9912;1000;0.0;0;1.0000;0;2;1466;1466;1466
60;2015-02-08 10:17:00;909402N262;1345;1.488;30;231;230;230;233;2.209;49.98;643.7;0.926;695.1;0.498;794.9;0.523;60;0;0;2.146;2.233;2.248;431;454;459;49.98;49.98;49.98;9912;1000;0.0;0;1.0000;0;2;1488;1488;1488
60;2015-02-08 10:18:00;909402N262;1602;1.515;30;231;230;231;233;2.544;50.00;647.8;1.090;702.5;0.591;794.8;0.626;60;0;0;2.476;2.575;2.581;515;541;545;50.00;50.00;50.00;9912;1000;0.0;0;1.0000;0;2;1515;1515;1515
60;2015-02-08 10:19:00;909402N262;1822;1.545;30;232;232;231;233;2.829;49.99;651.9;1.237;713.7;0.660;794.8;0.709;60;0;0;2.769;2.861;2.857;593;612;616;49.99;49.99;49.99;9912;1000;0.0;0;1.0000;0;2;1545;1545;1545
60;2015-02-08 10:20:00;909402N262;1980;1.577;30;232;231;231;233;3.042;50.00;653.2;1.374;728.4;0.671;795.0;0.772;60;0;0;2.978;3.071;3.077;643;664;671;50.00;50.00;50.00;9912;1000;0.0;0;1.0000;0;2;1577;1577;1577
60;2015-02-08 10:21:00;909402N262;1997;1.612;30;232;231;231;233;3.067;50.00;658.1;1.409;734.0;0.642;795.0;0.782;60;0;0;3.000;3.102;3.100;648;671;675;50.00;50.00;50.00;9912;1000;0.0;0;1.0000;0;2;1612;1612;1612
60;2015-02-08 10:22:00;909402N262;2772;1.657;30;232;232;231;233;4.144;50.01;615.4;2.395;763.7;0.638;718.3;1.226;60;0;0;4.086;4.155;4.191;906;925;937;50.01;50.01;50.01;9912;1000;0.0;0;1.0000;0;2;1657;1657;1657
60;2015-02-08 10:23:00;909402N262;2388;1.698;30;232;232;231;233;3.614;50.00;572.3;2.106;752.0;0.611;783.4;0.977;60;0;0;3.554;3.641;3.647;781;797;808;50.00;50.00;50.00;9912;1000;0.0;0;1.0000;0;2;1698;1698;1698
60;2015-02-08 10:24:00;909402N262;4088;1.766;30;232;232;231;234;5.985;49.99;553.4;4.246;775.1;0.613;747.4;1.771;60;0;0;5.922;5.987;6.048;1344;1358;1384;49.99;49.99;49.99;9912;1000;0.0;0;1.0000;0;2;1766;1766;1766
60;2015-02-08 10:25:00;909402N262;2514;1.808;30;232;232;231;234;3.772;49.99;539.7;2.287;755.2;0.553;794.1;1.120;60;0;0;3.702;3.798;3.816;820;838;854;49.99;49.99;49.99;9912;1000;0.0;0;1.0000;0;2;1808;1808;1808
60;2015-02-08 10:26:00;909402N262;2530;1.851;31;232;232;231;234;3.786;50.01;533.2;2.193;755.0;0.609;795.0;1.171;60;0;0;3.721;3.802;3.837;826;842;861;50.01;50.01;50.01;9912;1000;0.0;0;1.0000;0;2;1851;1851;1851
60;2015-02-08 10:27:00;909402N262;4001;1.918;31;232;232;232;234;5.838;50.02;536.1;3.822;769.7;0.786;742.9;1.991;60;0;0;5.781;5.824;5.910;1313;1330;1354;50.02;50.02;50.02;9912;1000;0.0;0;1.0000;0;2;1918;1918;1918
60;2015-02-08 10:28:00;909402N262;4657;1.995;31;233;232;231;234;6.781;50.01;535.2;4.533;774.5;0.852;697.1;2.451;60;0;0;6.698;6.809;6.836;1533;1543;1576;50.01;50.01;50.01;9912;1000;0.0;0;1.0000;0;2;1995;1995;1995
60;2015-02-08 10:29:00;909402N262;3649;2.056;31;232;232;231;234;5.379;49.99;533.9;3.379;764.7;0.758;725.5;1.908;60;0;0;5.289;5.444;5.404;1199;1213;1235;49.99;49.99;49.99;9912;1000;0.0;0;1.0000;0;2;2056;2056;2056
60;2015-02-08 10:30:00;909402N262;2095;2.091;31;232;232;231;234;3.191;49.99;563.1;1.594;735.1;0.623;795.1;0.954;60;0;0;3.122;3.222;3.230;681;701;711;49.99;49.99;49.99;9912;1000;0.0;0;1.0000;0;2;2091;2091;2091
60;2015-02-08 10:31:00;909402N262;1831;2.121;31;232;232;231;234;2.826;50.00;562.4;1.398;700.3;0.600;792.9;0.819;60;0;0;2.772;2.838;2.868;594;613;622;50.00;50.00;50.00;9912;1000;0.0;0;1.0000;0;2;2121;2121;2121
60;2015-02-08 10:32:00;909402N262;1773;2.151;31;232;232;231;234;2.745;50.00;599.1;1.212;710.3;0.653;794.9;0.752;60;0;0;2.679;2.776;2.780;573;595;603;50.00;50.00;50.00;9912;1000;0.0;0;1.0000;0;2;2151;2151;2151
60;2015-02-08 10:33:00;909402N262;1568;2.176;31;232;231;231;234;2.475;49.99;598.4;1.069;697.6;0.606;795.1;0.651;60;0;0;2.411;2.503;2.513;504;528;534;49.99;49.99;49.99;9912;1000;0.0;0;1.0000;0;2;2176;2176;2176
60;2015-02-08 10:34:00;909402N262;1396;2.200;31;232;231;231;234;2.259;49.99;601.8;0.948;679.1;0.559;794.8;0.575;60;0;0;2.196;2.292;2.291;447;471;475;49.99;49.99;49.99;9912;1000;0.0;0;1.0000;0;2;2200;2200;2200
60;2015-02-08 10:35:00;909402N262;1289;2.222;31;232;232;231;234;2.125;50.01;605.4;0.865;673.2;0.523;795.3;0.532;60;0;0;2.070;2.148;2.159;414;434;439;50.01;50.01;50.01;9912;1000;0.0;0;1.0000;0;2;2222;2222;2222
60;2015-02-08 10:36:00;909402N262;1289;2.244;31;232;231;231;234;2.125;50.00;603.8;0.859;674.7;0.526;795.3;0.534;60;0;0;2.067;2.147;2.161;413;433;440;50.00;50.00;50.00;9912;1000;0.0;0;1.0000;0;2;2244;2244;2244
60;2015-02-08 10:37:00;909402N262;1336;2.266;31;232;232;231;234;2.182;50.00;604.9;0.890;676.0;0.544;795.1;0.554;60;0;0;2.130;2.204;2.214;430;449;455;50.00;50.00;50.00;9912;1000;0.0;0;1.0000;0;2;2266;2266;2266
60;2015-02-08 10:38:00;909402N262;1274;2.287;31;232;232;232;234;2.105;50.01;604.6;0.854;674.9;0.516;795.2;0.527;60;0;0;2.051;2.130;2.135;409;430;433;50.01;50.01;50.01;9912;1000;0.0;0;1.0000;0;2;2287;2287;2287
60;2015-02-08 10:39:00;909402N262;1218;2.307;31;232;232;232;233;2.038;50.01;604.9;0.817;672.8;0.496;794.9;0.503;60;0;0;1.982;2.068;2.065;389;413;414;50.01;50.01;50.01;9912;1000;0.0;0;1.0000;0;2;2307;2307;2307
60;2015-02-08 10:40:00;909402N262;1202;2.328;31;232;232;232;233;2.019;49.99;606.7;0.800;675.3;0.488;794.6;0.498;60;0;0;1.968;2.046;2.044;386;407;407;49.99;49.99;49.99;9912;1000;0.0;0;1.0000;0;2;2328;2328;2328
60;2015-02-08 10:41:00;909402N262;1177;2.347;31;232;231;232;233;1.988;49.99;606.5;0.781;677.3;0.479;794.7;0.490;60;0;0;1.931;2.023;2.012;376;402;399;49.99;49.99;49.99;9912;1000;0.0;0;1.0000;0;2;2347;2347;2347
60;2015-02-08 10:42:00;909402N262;1198;2.366;32;232;231;232;233;2.013;49.99;605.3;0.794;675.0;0.490;794.8;0.498;60;0;0;1.957;2.046;2.036;383;408;405;49.99;49.99;49.99;9912;1000;0.0;0;1.0000;0;2;2366;2366;2366
60;2015-02-08 10:43:00;909402N262;1126;2.385;32;232;231;232;234;1.927;50.00;605.6;0.750;672.2;0.461;795.0;0.466;60;0;0;1.868;1.958;1.955;357;383;383;50.00;50.00;50.00;9912;1000;0.0;0;1.0000;0;2;2385;2385;2385
60;2015-02-08 10:44:00;909402N262;1165;2.405;32;232;231;232;234;1.972;49.99;607.6;0.765;680.6;0.475;794.8;0.486;60;0;0;1.914;1.997;2.007;371;395;397;49.99;49.99;49.99;9912;1000;0.0;0;1.0000;0;2;2405;2405;2405
60;2015-02-08 10:45:00;909402N262;1215;2.425;32;232;231;231;234;2.034;49.98;609.4;0.794;679.6;0.498;794.8;0.505;60;0;0;1.972;2.060;2.072;387;411;415;49.98;49.98;49.98;9912;1000;0.0;0;1.0000;0;2;2425;2425;2425
60;2015-02-08 10:46:00;909402N262;1166;2.445;32;232;231;231;234;1.970;49.98;588.7;0.800;680.8;0.482;773.6;0.490;60;0;0;1.913;1.994;2.003;371;395;398;49.98;49.98;49.98;9912;1000;0.0;0;1.0000;0;2;2445;2445;2445
60;2015-02-08 10:47:00;909402N262;1359;2.467;32;232;231;231;233;2.224;49.98;601.3;0.896;686.6;0.555;795.1;0.567;60;0;0;2.166;2.253;2.253;436;459;462;49.98;49.98;49.98;9912;1000;0.0;0;1.0000;0;2;2467;2467;2467
60;2015-02-08 10:48:00;909402N262;1452;2.492;32;232;231;232;233;2.343;49.98;605.7;0.954;681.5;0.599;795.3;0.603;60;0;0;2.287;2.366;2.376;468;488;494;49.98;49.98;49.98;9912;1000;0.0;0;1.0000;0;2;2492;2492;2492
60;2015-02-08 10:49:00;909402N262;1379;2.515;32;232;231;232;233;2.250;49.99;595.2;0.934;679.9;0.565;795.2;0.569;60;0;0;2.184;2.289;2.277;442;470;466;49.99;49.99;49.99;9912;1000;0.0;0;1.0000;0;2;2515;2515;2515
60;2015-02-08 10:50:00;909402N262;1521;2.540;32;232;231;233;233;2.431;49.99;603.6;1.011;688.3;0.615;795.3;0.630;60;0;0;2.365;2.480;2.449;489;520;511;49.99;49.99;49.99;9912;1000;0.0;0;1.0000;0;2;2540;2540;2540
60;2015-02-08 10:51:00;909402N262;1672;2.568;32;232;231;233;233;2.624;49.98;615.6;1.081;698.1;0.669;795.1;0.698;60;0;0;2.552;2.680;2.641;538;571;561;49.98;49.98;49.98;9912;1000;0.0;0;1.0000;0;2;2568;2568;2568
60;2015-02-08 10:52:00;909402N262;1640;2.594;32;232;231;233;233;2.583;49.99;612.3;1.060;700.5;0.657;795.2;0.687;60;0;0;2.508;2.641;2.601;525;561;551;49.99;49.99;49.99;9912;1000;0.0;0;1.0000;0;2;2594;2594;2594
60;2015-02-08 10:53:00;909402N262;1614;2.621;32;232;231;233;233;2.551;49.99;613.7;1.040;695.1;0.660;795.2;0.669;60;0;0;2.480;2.607;2.566;519;552;542;49.99;49.99;49.99;9912;1000;0.0;0;1.0000;0;2;2621;2621;2621
60;2015-02-08 10:54:00;909402N262;1432;2.645;32;232;231;232;233;2.319;49.98;599.8;0.953;682.8;0.598;795.1;0.585;60;0;0;2.259;2.366;2.334;461;488;482;49.98;49.98;49.98;9912;1000;0.0;0;1.0000;0;2;2645;2645;2645
60;2015-02-08 10:55:00;909402N262;1326;2.668;32;232;231;232;234;2.183;49.98;593.3;0.902;678.9;0.551;795.0;0.538;60;0;0;2.125;2.216;2.208;425;449;449;49.98;49.98;49.98;9912;1000;0.0;0;1.0000;0;2;2668;2668;2668
60;2015-02-08 10:56:00;909402N262;1253;2.689;32;232;231;232;233;2.091;49.97;592.5;0.863;674.4;0.519;795.2;0.506;60;0;0;2.027;2.128;2.119;400;427;425;49.97;49.97;49.97;9912;1000;0.0;0;1.0000;0;2;2689;2689;2689
60;2015-02-08 10:57:00;909402N262;1111;2.707;32;232;231;233;233;1.918;49.98;592.1;0.778;670.3;0.458;795.4;0.443;60;0;0;1.862;1.963;1.931;354;382;374;49.98;49.98;49.98;9912;1000;0.0;0;1.0000;0;2;2707;2707;2707
60;2015-02-08 10:58:00;909402N262;1135;2.727;32;232;231;232;233;1.945;49.99;581.1;0.795;679.9;0.465;795.3;0.462;60;0;0;1.888;1.982;1.967;362;388;383;49.99;49.99;49.99;9912;1000;0.0;0;1.0000;0;2;2727;2727;2727
60;2015-02-08 10:59:00;909402N262;1430;2.750;32;232;231;232;233;2.315;49.99;587.4;0.962;689.5;0.586;795.1;0.596;60;0;0;2.260;2.349;2.336;462;484;482;49.99;49.99;49.99;9912;1000;0.0;0;1.0000;0;2;2750;2750;2750
60;2015-02-08 11:00:00;909402N262;1758;2.780;32;232;231;232;233;2.740;49.98;602.1;1.148;701.0;0.707;795.2;0.739;60;0;0;2.680;2.784;2.758;570;595;591;49.98;49.98;49.98;9912;1000;0.0;0;1.0000;0;2;2780;2780;2780
[wr_ende]
