20140716;070002;danfoss;My Plant;+0100
[wr_def_start]
909402N262;Inverter Type;Inverter Group;Hanzl
[wr_def_end]
[wr]
INTERVAL;TIMESTAMP;SERIAL;P_AC;E_DAY;T_WR;U_AC;U_AC_1;U_AC_2;U_AC_3;I_AC;F_AC;U_DC_1;I_DC_1;U_DC_2;I_DC_2;U_DC_3;I_DC_3;S;E_WR;M_WR;I_AC_1;I_AC_2;I_AC_3;P_AC_1;P_AC_2;P_AC_3;F_AC_1;F_AC_2;F_AC_3;R_DC;PC;PCS;PCS_LL;COS_PHI;COS_PHI_LL;S_COS_PHI;Current_Day_Energy;current_Day_Offset;ccEnergyOfDay_WithoutOffset
60;2014-07-16 06:01:00;909402N262;142;0.054;32;233;233;233;233;0.438;50.02;513.0;0.154;536.3;0.063;650.3;0.050;60;0;0;0.375;0.571;0.369;28;72;40;50.02;50.02;50.02;4784;1000;0.0;0;0.0000;0;0;54;54;54
60;2014-07-16 06:02:00;909402N262;147;0.056;32;234;234;234;234;0.472;50.02;517.9;0.157;554.4;0.065;654.7;0.053;60;0;0;0.443;0.578;0.395;39;73;34;50.02;50.02;50.02;4784;1000;0.0;0;0.0000;0;0;56;56;56
60;2014-07-16 06:03:00;909402N262;151;0.059;32;235;235;234;235;0.456;50.02;519.4;0.160;558.1;0.066;662.8;0.053;60;0;0;0.462;0.532;0.374;45;69;35;50.02;50.02;50.02;4784;1000;0.0;0;0.0000;0;0;59;59;59
60;2014-07-16 06:04:00;909402N262;154;0.061;32;235;234;235;235;0.407;50.00;520.5;0.163;552.8;0.067;669.0;0.054;60;0;0;0.380;0.496;0.345;45;64;43;50.00;50.00;50.00;4784;1000;0.0;0;0.0000;0;0;61;61;61
60;2014-07-16 06:05:00;909402N262;157;0.063;32;234;234;234;235;0.379;49.99;519.5;0.165;548.3;0.069;673.4;0.054;60;0;0;0.361;0.439;0.337;48;61;45;49.99;49.99;49.99;4784;1000;0.0;0;0.0000;0;0;63;63;63
60;2014-07-16 06:06:00;909402N262;159;0.066;32;234;234;234;235;0.406;49.99;520.1;0.167;550.6;0.070;670.0;0.054;60;0;0;0.350;0.492;0.378;40;72;45;49.99;49.99;49.99;4784;1000;0.0;0;0.0000;0;0;66;66;66
60;2014-07-16 06:07:00;909402N262;161;0.070;32;234;234;234;234;0.531;49.98;522.3;0.170;552.9;0.070;654.0;0.057;60;0;0;0.432;0.617;0.544;32;74;53;49.98;49.98;49.98;4784;1000;0.0;0;0.0000;0;0;70;70;70
60;2014-07-16 06:08:00;909402N262;163;0.072;32;234;234;234;234;0.532;49.98;523.6;0.172;552.9;0.073;652.0;0.058;60;0;0;0.431;0.678;0.489;30;84;47;49.98;49.98;49.98;4784;1000;0.0;0;0.0000;0;0;72;72;72
60;2014-07-16 06:09:00;909402N262;166;0.075;32;234;234;234;234;0.589;50.00;524.8;0.174;554.9;0.074;655.6;0.058;60;0;0;0.564;0.694;0.509;37;79;47;50.00;50.00;50.00;4784;1000;0.0;0;0.0000;0;0;75;75;75
60;2014-07-16 06:10:00;909402N262;169;0.077;32;235;235;235;234;0.517;49.99;525.4;0.176;558.6;0.074;660.3;0.058;60;0;0;0.578;0.605;0.369;48;75;44;49.99;49.99;49.99;4784;1000;0.0;0;0.0000;0;0;77;77;77
60;2014-07-16 06:11:00;909402N262;172;0.080;32;235;235;235;234;0.461;49.98;525.7;0.179;562.5;0.074;668.2;0.058;60;0;0;0.442;0.554;0.387;46;71;53;49.98;49.98;49.98;4784;1000;0.0;0;0.0000;0;0;80;80;80
60;2014-07-16 06:12:00;909402N262;175;0.083;33;234;234;235;234;0.421;49.98;525.7;0.182;566.5;0.074;673.0;0.058;60;0;0;0.390;0.523;0.352;50;71;52;49.98;49.98;49.98;4784;1000;0.0;0;0.0000;0;0;83;83;83
60;2014-07-16 06:13:00;909402N262;177;0.086;33;235;235;235;234;0.466;49.97;525.0;0.186;565.1;0.076;666.0;0.059;60;0;0;0.421;0.582;0.397;46;76;54;49.97;49.97;49.97;4784;1000;0.0;0;0.0000;0;0;86;86;86
60;2014-07-16 06:14:00;909402N262;179;0.090;33;235;235;236;235;0.574;49.97;526.6;0.187;558.9;0.078;648.5;0.063;60;0;0;0.546;0.693;0.484;48;75;54;49.97;49.97;49.97;4784;1000;0.0;0;0.0000;0;0;90;90;90
60;2014-07-16 06:15:00;909402N262;182;0.093;33;235;235;235;235;0.569;49.98;528.0;0.190;559.4;0.079;650.2;0.064;60;0;0;0.521;0.710;0.478;48;83;49;49.98;49.98;49.98;4784;1000;0.0;0;0.0000;0;0;93;93;93
60;2014-07-16 06:16:00;909402N262;181;0.095;33;236;236;236;236;0.562;50.00;523.6;0.192;553.8;0.082;644.8;0.065;60;0;0;0.538;0.688;0.460;51;79;51;50.00;50.00;50.00;4784;1000;0.0;0;0.0000;0;0;95;95;95
60;2014-07-16 06:17:00;909402N262;187;0.099;33;236;236;236;236;0.545;50.00;528.2;0.196;560.4;0.082;657.0;0.064;60;0;0;0.534;0.662;0.439;53;79;52;50.00;50.00;50.00;4784;1000;0.0;0;0.0000;0;0;99;99;99
60;2014-07-16 06:18:00;909402N262;190;0.101;33;236;236;236;236;0.499;50.01;529.3;0.198;562.5;0.082;663.5;0.065;60;0;0;0.506;0.579;0.413;60;74;54;50.01;50.01;50.01;4784;1000;0.0;0;0.0000;0;0;101;101;101
60;2014-07-16 06:19:00;909402N262;193;0.104;33;236;235;236;236;0.477;50.00;530.5;0.200;566.2;0.082;669.5;0.065;60;0;0;0.446;0.561;0.424;57;75;58;50.00;50.00;50.00;4784;1000;0.0;0;0.0000;0;0;104;104;104
60;2014-07-16 06:20:00;909402N262;196;0.107;33;236;235;236;236;0.461;50.00;530.7;0.203;569.6;0.083;674.8;0.065;60;0;0;0.397;0.562;0.425;56;79;60;50.00;50.00;50.00;4784;1000;0.0;0;0.0000;0;0;107;107;107
60;2014-07-16 06:21:00;909402N262;198;0.112;33;235;234;236;236;0.506;49.99;530.6;0.206;573.2;0.084;669.2;0.066;60;0;0;0.421;0.597;0.502;57;72;67;49.99;49.99;49.99;4784;1000;0.0;0;0.0000;0;0;112;112;112
60;2014-07-16 06:22:00;909402N262;200;0.115;33;235;234;236;236;0.523;50.00;532.0;0.208;575.1;0.084;666.4;0.067;60;0;0;0.433;0.625;0.513;59;75;64;50.00;50.00;50.00;4784;1000;0.0;0;0.0000;0;0;115;115;115
60;2014-07-16 06:23:00;909402N262;203;0.118;33;235;235;235;236;0.498;49.99;532.6;0.210;570.2;0.085;669.2;0.068;60;0;0;0.456;0.572;0.468;62;78;61;49.99;49.99;49.99;4784;1000;0.0;0;0.0000;0;0;118;118;118
60;2014-07-16 06:24:00;909402N262;205;0.122;33;236;235;236;236;0.482;50.00;532.5;0.212;566.6;0.088;675.1;0.068;60;0;0;0.437;0.579;0.431;63;82;58;50.00;50.00;50.00;4784;1000;0.0;0;0.0000;0;0;122;122;122
60;2014-07-16 06:25:00;909402N262;208;0.125;33;236;235;236;237;0.477;50.00;532.4;0.215;567.4;0.089;678.5;0.068;60;0;0;0.444;0.546;0.441;65;76;64;50.00;50.00;50.00;4784;1000;0.0;0;0.0000;0;0;125;125;125
60;2014-07-16 06:26:00;909402N262;210;0.128;33;236;235;236;237;0.490;50.01;533.3;0.217;568.9;0.089;678.1;0.069;60;0;0;0.444;0.579;0.447;62;84;62;50.01;50.01;50.01;4784;1000;0.0;0;0.0000;0;0;128;128;128
60;2014-07-16 06:27:00;909402N262;211;0.133;34;236;235;236;237;0.546;50.01;534.6;0.218;570.4;0.089;666.4;0.072;60;0;0;0.513;0.629;0.496;66;83;59;50.01;50.01;50.01;4784;1000;0.0;0;0.0000;0;0;133;133;133
60;2014-07-16 06:28:00;909402N262;213;0.136;34;236;235;237;237;0.559;50.01;535.1;0.220;570.5;0.092;660.5;0.073;60;0;0;0.510;0.647;0.522;67;81;63;50.01;50.01;50.01;4784;1000;0.0;0;0.0000;0;0;136;136;136
60;2014-07-16 06:29:00;909402N262;215;0.140;34;236;236;236;237;0.582;50.01;534.6;0.223;572.3;0.093;656.3;0.074;60;0;0;0.544;0.679;0.524;66;87;60;50.01;50.01;50.01;4784;1000;0.0;0;0.0000;0;0;140;140;140
60;2014-07-16 06:30:00;909402N262;217;0.143;34;236;236;236;236;0.566;50.01;534.9;0.225;575.1;0.093;660.3;0.074;60;0;0;0.542;0.633;0.524;66;84;65;50.01;50.01;50.01;4784;1000;0.0;0;0.0000;0;0;143;143;143
60;2014-07-16 06:31:00;909402N262;216;0.146;34;236;236;236;236;0.556;50.00;528.4;0.228;551.1;0.095;664.3;0.074;60;0;0;0.535;0.609;0.524;64;82;68;50.00;50.00;50.00;4784;1000;0.0;0;0.0000;0;0;146;146;146
60;2014-07-16 06:32:00;909402N262;222;0.150;34;236;236;236;236;0.549;50.01;536.7;0.229;581.7;0.093;671.1;0.074;60;0;0;0.539;0.600;0.509;70;79;72;50.01;50.01;50.01;4784;1000;0.0;0;0.0000;0;0;150;150;150
60;2014-07-16 06:33:00;909402N262;224;0.154;34;236;236;236;236;0.522;50.01;536.8;0.231;583.3;0.093;676.7;0.074;60;0;0;0.501;0.576;0.490;70;80;72;50.01;50.01;50.01;4784;1000;0.0;0;0.0000;0;0;154;154;154
60;2014-07-16 06:34:00;909402N262;227;0.158;34;236;236;236;236;0.506;50.00;536.4;0.233;583.8;0.093;681.1;0.074;60;0;0;0.485;0.575;0.460;70;84;70;50.00;50.00;50.00;4784;1000;0.0;0;0.0000;0;0;158;158;158
60;2014-07-16 06:35:00;909402N262;229;0.162;34;236;236;236;236;0.506;50.00;537.0;0.235;578.8;0.096;681.9;0.075;60;0;0;0.477;0.582;0.461;71;87;70;50.00;50.00;50.00;4784;1000;0.0;0;0.0000;0;0;162;162;162
60;2014-07-16 06:36:00;909402N262;231;0.165;34;236;236;236;236;0.517;50.01;537.9;0.237;573.9;0.097;679.5;0.076;60;0;0;0.498;0.582;0.472;73;85;71;50.01;50.01;50.01;4784;1000;0.0;0;0.0000;0;0;165;165;165
60;2014-07-16 06:37:00;909402N262;233;0.169;34;236;235;236;236;0.547;50.00;538.4;0.239;576.6;0.098;671.9;0.078;60;0;0;0.502;0.617;0.524;70;87;73;50.00;50.00;50.00;4784;1000;0.0;0;0.0000;0;0;169;169;169
60;2014-07-16 06:38:00;909402N262;236;0.173;34;236;235;236;236;0.548;50.01;538.2;0.242;576.3;0.100;674.6;0.078;60;0;0;0.514;0.608;0.522;76;86;72;50.01;50.01;50.01;4784;1000;0.0;0;0.0000;0;0;173;173;173
60;2014-07-16 06:39:00;909402N262;238;0.178;34;236;235;235;236;0.538;50.01;537.8;0.245;576.1;0.101;677.9;0.079;60;0;0;0.495;0.619;0.500;72;93;71;50.01;50.01;50.01;4784;1000;0.0;0;0.0000;0;0;178;178;178
60;2014-07-16 06:40:00;909402N262;240;0.181;34;236;236;235;236;0.523;50.01;538.6;0.247;577.7;0.101;682.8;0.079;60;0;0;0.487;0.604;0.479;72;94;73;50.01;50.01;50.01;4784;1000;0.0;0;0.0000;0;0;181;181;181
60;2014-07-16 06:41:00;909402N262;243;0.185;34;236;236;236;236;0.524;50.02;534.5;0.251;581.2;0.101;685.4;0.079;60;0;0;0.472;0.616;0.484;72;95;74;50.02;50.02;50.02;4784;1000;0.0;0;0.0000;0;0;185;185;185
60;2014-07-16 06:42:00;909402N262;244;0.190;34;235;236;235;236;0.616;50.01;532.4;0.254;585.7;0.102;662.0;0.083;60;0;0;0.605;0.673;0.571;75;96;72;50.01;50.01;50.01;4784;1000;0.0;0;0.0000;0;0;190;190;190
60;2014-07-16 06:43:00;909402N262;247;0.194;34;235;236;234;236;0.625;50.01;536.2;0.255;589.1;0.103;661.4;0.084;60;0;0;0.615;0.675;0.586;78;97;71;50.01;50.01;50.01;4784;1000;0.0;0;0.0000;0;0;194;194;194
60;2014-07-16 06:44:00;909402N262;251;0.198;34;235;236;234;236;0.601;49.99;526.1;0.263;583.2;0.106;668.3;0.084;60;0;0;0.624;0.638;0.543;83;95;71;49.99;50.00;50.00;4784;1000;0.0;0;0.0000;0;0;198;198;198
60;2014-07-16 06:45:00;909402N262;253;0.201;34;235;235;234;236;0.574;49.99;524.1;0.267;580.3;0.108;674.9;0.084;60;0;0;0.571;0.638;0.515;82;95;74;49.99;49.99;49.99;4784;1000;0.0;0;0.0000;0;0;201;201;201
60;2014-07-16 06:46:00;909402N262;251;0.207;34;235;235;235;235;0.541;49.98;518.8;0.269;552.5;0.112;682.8;0.084;60;0;0;0.522;0.611;0.490;79;94;75;49.98;49.98;49.98;4784;1000;0.0;0;0.0000;0;0;207;207;207
60;2014-07-16 06:47:00;909402N262;258;0.211;34;235;235;235;235;0.562;49.99;523.2;0.272;580.6;0.109;684.8;0.084;60;0;0;0.504;0.644;0.539;76;98;82;49.99;49.99;49.99;4784;1000;0.0;0;0.0000;0;0;211;211;211
60;2014-07-16 06:48:00;909402N262;262;0.214;34;235;235;235;235;0.579;49.99;523.1;0.274;580.3;0.112;683.3;0.084;60;0;0;0.507;0.667;0.565;73;101;84;49.99;49.99;49.99;4784;1000;0.0;0;0.0000;0;0;214;214;214
60;2014-07-16 06:49:00;909402N262;263;0.220;35;235;235;235;235;0.593;49.99;523.8;0.276;581.4;0.113;678.1;0.085;60;0;0;0.544;0.667;0.570;77;100;84;49.99;49.99;49.99;4784;1000;0.0;0;0.0000;0;0;220;220;220
60;2014-07-16 06:50:00;909402N262;265;0.224;35;234;234;234;235;0.593;49.99;524.8;0.278;584.5;0.113;676.9;0.086;60;0;0;0.570;0.660;0.549;83;99;81;49.99;49.99;49.99;4784;1000;0.0;0;0.0000;0;0;224;224;224
60;2014-07-16 06:51:00;909402N262;267;0.228;35;234;234;234;234;0.587;49.98;524.9;0.280;587.7;0.113;680.3;0.087;60;0;0;0.553;0.675;0.534;83;102;81;49.98;49.98;49.98;4784;1000;0.0;0;0.0000;0;0;228;228;228
60;2014-07-16 06:52:00;909402N262;269;0.233;35;234;233;234;234;0.581;49.98;524.4;0.282;590.3;0.113;684.0;0.087;60;0;0;0.566;0.677;0.500;86;104;77;49.98;49.98;49.98;4784;1000;0.0;0;0.0000;0;0;233;233;233
60;2014-07-16 06:53:00;909402N262;271;0.237;35;234;233;234;234;0.574;49.98;524.9;0.284;592.5;0.113;687.1;0.087;60;0;0;0.512;0.700;0.511;78;110;81;49.98;49.98;49.98;4784;1000;0.0;0;0.0000;0;0;237;237;237
60;2014-07-16 06:54:00;909402N262;273;0.243;35;234;234;234;234;0.575;49.97;525.4;0.286;593.4;0.113;692.1;0.087;60;0;0;0.548;0.667;0.512;84;105;82;49.97;49.97;49.97;4784;1000;0.0;0;0.0000;0;0;243;243;243
60;2014-07-16 06:55:00;909402N262;275;0.247;35;234;234;234;234;0.574;49.99;526.2;0.288;589.3;0.116;692.1;0.088;60;0;0;0.474;0.700;0.549;75;111;86;49.99;49.99;49.99;4784;1000;0.0;0;0.0000;0;0;247;247;247
60;2014-07-16 06:56:00;909402N262;278;0.251;35;234;234;234;234;0.589;49.99;525.9;0.291;583.5;0.117;686.6;0.089;60;0;0;0.494;0.708;0.567;76;113;87;49.99;49.99;49.99;4784;1000;0.0;0;0.0000;0;0;251;251;251
60;2014-07-16 06:57:00;909402N262;281;0.255;35;234;233;234;234;0.620;49.98;526.0;0.293;582.9;0.120;675.4;0.092;60;0;0;0.474;0.747;0.641;69;113;97;49.97;49.97;49.97;4784;1000;0.0;0;0.0000;0;0;255;255;255
60;2014-07-16 06:58:00;909402N262;284;0.261;35;234;233;234;234;0.619;49.99;527.0;0.296;582.2;0.121;677.6;0.093;60;0;0;0.540;0.717;0.600;82;109;91;49.99;49.99;49.99;4784;1000;0.0;0;0.0000;0;0;261;261;261
60;2014-07-16 06:59:00;909402N262;288;0.265;35;234;233;234;234;0.615;50.01;527.4;0.299;586.6;0.121;683.8;0.093;60;0;0;0.544;0.708;0.593;83;110;92;50.01;50.01;50.01;4784;1000;0.0;0;0.0000;0;0;265;265;265
60;2014-07-16 07:00:00;909402N262;291;0.271;35;234;233;234;234;0.623;50.03;527.2;0.303;591.6;0.122;686.5;0.094;60;0;0;0.577;0.726;0.567;87;112;90;50.03;50.03;50.03;4784;1000;0.0;0;0.0000;0;0;271;271;271
[wr_ende]
