20140805;150002;danfoss;My Plant;+0100
[wr_def_start]
909402N262;Inverter Type;Inverter Group;Hanzl
[wr_def_end]
[wr]
INTERVAL;TIMESTAMP;SERIAL;P_AC;E_DAY;T_WR;U_AC;U_AC_1;U_AC_2;U_AC_3;I_AC;F_AC;U_DC_1;I_DC_1;U_DC_2;I_DC_2;U_DC_3;I_DC_3;S;E_WR;M_WR;I_AC_1;I_AC_2;I_AC_3;P_AC_1;P_AC_2;P_AC_3;F_AC_1;F_AC_2;F_AC_3;R_DC;PC;PCS;PCS_LL;COS_PHI;COS_PHI_LL;S_COS_PHI;Current_Day_Energy;current_Day_Offset;ccEnergyOfDay_WithoutOffset
60;2014-08-05 14:01:00;909402N262;1947;23.339;47;234;235;235;234;2.839;49.98;547.7;1.616;599.1;0.861;761.6;0.744;60;0;0;2.794;2.881;2.842;639;658;647;49.98;49.98;49.98;3771;1000;0.0;0;0.0000;0;0;23339;23339;23339
60;2014-08-05 14:02:00;909402N262;1891;23.371;47;235;235;235;234;2.796;49.99;549.7;1.568;612.9;0.817;761.4;0.716;60;0;0;2.756;2.857;2.776;621;643;624;49.99;49.99;49.99;3771;1000;0.0;0;0.0000;0;0;23371;23371;23371
60;2014-08-05 14:03:00;909402N262;1763;23.400;47;235;235;235;235;2.625;49.98;547.3;1.474;611.0;0.761;757.0;0.668;60;0;0;2.585;2.672;2.620;578;598;585;49.98;49.98;49.98;3771;1000;0.0;0;0.0000;0;0;23400;23400;23400
60;2014-08-05 14:04:00;909402N262;1654;23.428;47;235;235;235;235;2.475;49.99;545.6;1.393;608.7;0.718;753.6;0.626;60;0;0;2.431;2.506;2.489;540;557;555;49.99;49.99;49.99;3771;1000;0.0;0;0.0000;0;0;23428;23428;23428
60;2014-08-05 14:05:00;909402N262;1604;23.455;47;235;235;235;236;2.403;49.99;544.0;1.355;607.0;0.702;753.9;0.601;60;0;0;2.352;2.436;2.423;521;541;540;49.99;49.99;49.99;3771;1000;0.0;0;0.0000;0;0;23455;23455;23455
60;2014-08-05 14:06:00;909402N262;1587;23.480;47;235;235;235;236;2.380;50.00;543.0;1.340;605.8;0.707;755.4;0.588;60;0;0;2.331;2.408;2.403;516;533;535;50.00;50.00;50.00;3771;1000;0.0;0;0.0000;0;0;23480;23480;23480
60;2014-08-05 14:07:00;909402N262;1619;23.508;47;235;235;235;236;2.426;50.00;543.2;1.355;602.7;0.738;757.8;0.596;60;0;0;2.380;2.454;2.446;528;545;546;50.00;50.00;50.00;3771;1000;0.0;0;0.0000;0;0;23508;23508;23508
60;2014-08-05 14:08:00;909402N262;1716;23.535;47;236;236;235;236;2.556;50.01;544.2;1.422;604.5;0.789;760.9;0.631;60;0;0;2.508;2.593;2.569;559;579;575;50.01;50.01;50.01;3771;1000;0.0;0;0.0000;0;0;23535;23535;23535
60;2014-08-05 14:09:00;909402N262;1837;23.566;47;235;235;235;236;2.720;49.99;546.6;1.506;605.0;0.852;765.6;0.672;60;0;0;2.667;2.770;2.724;599;623;614;49.99;49.99;49.99;3771;1000;0.0;0;0.0000;0;0;23566;23566;23566
60;2014-08-05 14:10:00;909402N262;1955;23.599;46;235;235;235;236;2.876;49.99;549.7;1.584;606.3;0.908;767.4;0.718;60;0;0;2.820;2.919;2.889;637;660;655;49.99;49.99;49.99;3771;1000;0.0;0;0.0000;0;0;23599;23599;23599
60;2014-08-05 14:11:00;909402N262;2043;23.633;46;235;236;235;236;2.993;49.99;552.5;1.641;607.6;0.948;768.9;0.752;60;0;0;2.944;3.023;3.013;669;685;686;49.99;49.99;49.99;3771;1000;0.0;0;0.0000;0;0;23633;23633;23633
60;2014-08-05 14:12:00;909402N262;2135;23.669;46;236;236;235;236;3.113;50.00;554.8;1.704;608.3;0.989;771.1;0.787;60;0;0;3.061;3.149;3.131;699;719;715;50.00;50.00;50.00;3771;1000;0.0;0;0.0000;0;0;23669;23669;23669
60;2014-08-05 14:13:00;909402N262;2275;23.706;46;235;236;235;236;3.308;49.99;555.9;1.811;609.4;1.047;773.8;0.841;60;0;0;3.256;3.344;3.326;746;765;762;49.99;49.99;49.99;3771;1000;0.0;0;0.0000;0;0;23706;23706;23706
60;2014-08-05 14:14:00;909402N262;2418;23.747;46;235;236;235;236;3.511;49.99;556.2;1.928;610.8;1.102;775.4;0.896;60;0;0;3.455;3.549;3.530;793;812;810;49.99;49.99;49.99;3771;1000;0.0;0;0.0000;0;0;23747;23747;23747
60;2014-08-05 14:15:00;909402N262;2549;23.789;46;236;236;235;235;3.695;49.98;555.4;2.040;610.8;1.151;776.5;0.949;60;0;0;3.651;3.733;3.703;839;857;850;49.98;49.98;49.98;3771;1000;0.0;0;0.0000;0;0;23789;23789;23789
60;2014-08-05 14:16:00;909402N262;2623;23.834;46;236;236;235;235;3.798;49.98;551.0;2.136;595.7;1.198;772.3;0.998;60;0;0;3.759;3.829;3.808;865;883;874;49.98;49.98;49.98;3771;1000;0.0;0;0.0000;0;0;23834;23834;23834
60;2014-08-05 14:17:00;909402N262;2650;23.878;46;235;236;235;235;3.809;49.99;552.2;2.150;609.9;1.175;776.7;0.993;60;0;0;3.762;3.850;3.817;873;891;884;49.99;49.99;49.99;3771;1000;0.0;0;0.0000;0;0;23878;23878;23878
60;2014-08-05 14:18:00;909402N262;2565;23.920;46;236;236;236;235;3.686;49.99;547.9;2.105;608.9;1.132;775.3;0.963;60;0;0;3.641;3.727;3.690;845;864;854;49.99;49.99;49.99;3771;1000;0.0;0;0.0000;0;0;23920;23920;23920
60;2014-08-05 14:19:00;909402N262;2524;23.962;46;236;236;236;235;3.629;49.99;545.2;2.083;608.6;1.109;774.0;0.954;60;0;0;3.587;3.673;3.629;833;851;838;49.99;49.99;49.99;3771;1000;0.0;0;0.0000;0;0;23962;23962;23962
60;2014-08-05 14:20:00;909402N262;2648;24.006;46;235;236;235;235;3.806;49.98;545.2;2.196;609.5;1.174;775.1;0.980;60;0;0;3.762;3.850;3.808;873;892;881;49.98;49.98;49.98;3771;1000;0.0;0;0.0000;0;0;24006;24006;24006
60;2014-08-05 14:21:00;909402N262;2530;24.049;46;235;235;236;235;3.638;49.99;544.5;2.081;608.3;1.120;773.9;0.957;60;0;0;3.584;3.686;3.646;830;854;843;49.99;49.99;49.99;3771;1000;0.0;0;0.0000;0;0;24049;24049;24049
60;2014-08-05 14:22:00;909402N262;2998;24.098;46;236;236;236;235;4.295;49.99;545.7;2.462;611.6;1.298;778.1;1.151;60;0;0;4.248;4.336;4.303;987;1011;999;49.99;49.99;49.99;3771;1000;0.0;0;0.0000;0;0;24098;24098;24098
60;2014-08-05 14:23:00;909402N262;3302;24.154;46;236;236;236;236;4.716;49.99;545.6;2.716;612.9;1.420;779.1;1.264;60;0;0;4.662;4.757;4.731;1086;1110;1103;49.99;49.99;49.99;3771;1000;0.0;0;0.0000;0;0;24154;24154;24154
60;2014-08-05 14:24:00;909402N262;2950;24.202;46;236;236;236;236;4.225;49.99;543.2;2.444;609.7;1.288;776.2;1.119;60;0;0;4.174;4.267;4.235;971;992;985;49.99;49.99;49.99;3771;1000;0.0;0;0.0000;0;0;24202;24202;24202
60;2014-08-05 14:25:00;909402N262;3530;24.262;46;236;237;236;236;5.033;50.00;545.0;2.940;613.6;1.528;778.5;1.323;60;0;0;4.990;5.078;5.033;1168;1185;1175;50.00;50.00;50.00;3771;1000;0.0;0;0.0000;0;0;24262;24262;24262
60;2014-08-05 14:26:00;909402N262;2590;24.305;46;236;236;236;236;3.715;49.99;540.9;2.147;605.4;1.166;769.7;0.971;60;0;0;3.661;3.758;3.726;851;872;865;49.99;49.99;49.99;3771;1000;0.0;0;0.0000;0;0;24305;24305;24305
60;2014-08-05 14:27:00;909402N262;2591;24.348;46;236;236;236;236;3.715;49.98;540.7;2.154;605.3;1.156;770.3;0.976;60;0;0;3.659;3.757;3.730;851;872;866;49.98;49.98;49.98;3771;1000;0.0;0;0.0000;0;0;24348;24348;24348
60;2014-08-05 14:28:00;909402N262;2350;24.387;46;236;236;236;236;3.377;50.00;539.8;1.930;604.4;1.066;766.4;0.894;60;0;0;3.326;3.412;3.394;772;790;787;50.00;50.00;50.00;3771;1000;0.0;0;0.0000;0;0;24387;24387;24387
60;2014-08-05 14:29:00;909402N262;2068;24.422;46;236;236;236;236;2.990;49.98;538.3;1.704;602.3;0.953;761.4;0.779;60;0;0;2.936;3.031;3.004;677;697;692;49.98;49.98;49.98;3771;1000;0.0;0;0.0000;0;0;24422;24422;24422
60;2014-08-05 14:30:00;909402N262;1972;24.454;46;236;236;236;236;2.857;49.98;537.6;1.624;601.1;0.909;761.0;0.749;60;0;0;2.807;2.894;2.871;646;665;660;49.98;49.98;49.98;3771;1000;0.0;0;0.0000;0;0;24454;24454;24454
60;2014-08-05 14:31:00;909402N262;1927;24.487;46;236;236;236;236;2.792;49.98;535.2;1.603;584.0;0.903;759.8;0.742;60;0;0;2.743;2.825;2.808;630;651;646;49.98;49.98;49.98;3771;1000;0.0;0;0.0000;0;0;24487;24487;24487
60;2014-08-05 14:32:00;909402N262;1918;24.519;46;236;236;236;236;2.784;49.98;538.9;1.586;601.3;0.874;761.4;0.729;60;0;0;2.729;2.820;2.803;626;646;644;49.98;49.98;49.98;3771;1000;0.0;0;0.0000;0;0;24519;24519;24519
60;2014-08-05 14:33:00;909402N262;1870;24.549;46;236;236;236;236;2.715;49.98;538.6;1.551;601.4;0.847;762.3;0.710;60;0;0;2.667;2.754;2.726;610;632;625;49.98;49.98;49.98;3771;1000;0.0;0;0.0000;0;0;24549;24549;24549
60;2014-08-05 14:34:00;909402N262;1812;24.579;46;236;236;235;237;2.640;49.98;538.4;1.505;602.2;0.821;762.0;0.685;60;0;0;2.593;2.675;2.652;592;611;608;49.98;49.98;49.98;3771;1000;0.0;0;0.0000;0;0;24579;24579;24579
60;2014-08-05 14:35:00;909402N262;1652;24.608;46;233;234;233;234;2.446;49.98;537.5;1.373;601.4;0.757;758.9;0.621;60;0;0;2.400;2.471;2.468;539;554;556;49.98;49.98;49.98;3771;1000;0.0;0;0.0000;0;0;24608;24608;24608
60;2014-08-05 14:36:00;909402N262;1514;24.633;46;233;233;233;234;2.257;49.98;537.5;1.251;600.9;0.704;755.2;0.569;60;0;0;2.208;2.285;2.278;491;510;511;49.98;49.98;49.98;3771;1000;0.0;0;0.0000;0;0;24633;24633;24633
60;2014-08-05 14:37:00;909402N262;1414;24.656;46;233;232;233;234;2.118;49.99;538.9;1.157;600.6;0.669;754.2;0.530;60;0;0;2.066;2.147;2.142;457;477;479;49.99;49.99;49.99;3771;1000;0.0;0;0.0000;0;0;24656;24656;24656
60;2014-08-05 14:38:00;909402N262;1402;24.680;46;233;233;232;234;2.097;50.00;539.6;1.137;601.1;0.668;755.6;0.525;60;0;0;2.052;2.125;2.116;455;473;473;50.00;50.00;50.00;3771;1000;0.0;0;0.0000;0;0;24680;24680;24680
60;2014-08-05 14:39:00;909402N262;1398;24.704;46;233;233;232;234;2.093;50.01;540.0;1.130;600.9;0.667;756.9;0.524;60;0;0;2.049;2.121;2.109;454;471;471;50.01;50.01;50.01;3771;1000;0.0;0;0.0000;0;0;24704;24704;24704
60;2014-08-05 14:40:00;909402N262;1364;24.727;46;233;233;232;234;2.045;50.01;540.3;1.104;600.7;0.648;755.4;0.515;60;0;0;2.003;2.070;2.062;443;459;460;50.01;50.01;50.01;3771;1000;0.0;0;0.0000;0;0;24727;24727;24727
60;2014-08-05 14:41:00;909402N262;1311;24.748;46;233;233;232;234;1.970;49.99;539.5;1.063;599.7;0.620;753.3;0.499;60;0;0;1.929;1.999;1.984;426;442;442;49.99;49.99;49.99;3771;1000;0.0;0;0.0000;0;0;24748;24748;24748
60;2014-08-05 14:42:00;909402N262;1250;24.769;46;233;233;233;234;1.881;50.00;538.8;1.017;599.7;0.589;752.9;0.475;60;0;0;1.832;1.918;1.894;403;424;421;50.00;50.00;50.00;3771;1000;0.0;0;0.0000;0;0;24769;24769;24769
60;2014-08-05 14:43:00;909402N262;1186;24.789;46;233;233;233;234;1.793;50.00;539.0;0.969;599.5;0.563;748.8;0.445;60;0;0;1.747;1.823;1.809;383;401;399;50.00;50.00;50.00;3771;1000;0.0;0;0.0000;0;0;24789;24789;24789
60;2014-08-05 14:44:00;909402N262;1205;24.810;46;233;233;233;234;1.818;49.99;539.0;0.980;600.0;0.574;749.0;0.453;60;0;0;1.770;1.854;1.832;388;410;406;49.99;49.99;49.99;3771;1000;0.0;0;0.0000;0;0;24810;24810;24810
60;2014-08-05 14:45:00;909402N262;1253;24.830;46;233;232;233;234;1.884;50.00;539.1;1.016;601.0;0.595;753.6;0.471;60;0;0;1.831;1.924;1.898;402;427;422;50.00;50.00;50.00;3771;1000;0.0;0;0.0000;0;0;24830;24830;24830
60;2014-08-05 14:46:00;909402N262;1267;24.851;46;233;232;233;233;1.907;50.00;533.9;1.046;581.4;0.616;754.7;0.485;60;0;0;1.856;1.943;1.923;408;431;427;50.00;50.00;50.00;3771;1000;0.0;0;0.0000;0;0;24851;24851;24851
60;2014-08-05 14:47:00;909402N262;1318;24.873;46;233;232;233;233;2.016;49.99;539.5;1.073;602.8;0.621;755.2;0.499;60;0;0;1.970;2.052;2.026;427;447;443;49.99;49.99;49.99;3771;1000;0.0;0;0.0000;0;0;24873;24873;24873
60;2014-08-05 14:48:00;909402N262;1340;24.896;46;233;233;233;233;2.045;50.00;540.3;1.090;603.6;0.628;758.5;0.505;60;0;0;1.998;2.081;2.056;434;454;451;50.00;50.00;50.00;3771;1000;0.0;0;0.0000;0;0;24896;24896;24896
60;2014-08-05 14:49:00;909402N262;1346;24.918;46;233;232;233;233;2.054;49.99;541.4;1.095;604.6;0.629;759.1;0.507;60;0;0;2.008;2.089;2.067;436;456;453;49.99;49.99;49.99;3771;1000;0.0;0;0.0000;0;0;24918;24918;24918
60;2014-08-05 14:50:00;909402N262;1350;24.940;46;233;232;233;233;2.058;49.99;541.9;1.097;605.1;0.630;759.5;0.506;60;0;0;2.012;2.094;2.070;438;457;454;49.99;49.99;49.99;3771;1000;0.0;0;0.0000;0;0;24940;24940;24940
60;2014-08-05 14:51:00;909402N262;1365;24.964;46;233;233;233;233;2.080;49.99;542.5;1.109;605.9;0.636;759.8;0.511;60;0;0;2.035;2.114;2.091;443;462;458;49.99;49.99;49.99;3771;1000;0.0;0;0.0000;0;0;24964;24964;24964
60;2014-08-05 14:52:00;909402N262;1395;24.986;46;233;232;233;234;2.121;50.00;543.0;1.130;605.6;0.651;761.0;0.522;60;0;0;2.072;2.157;2.135;451;473;469;50.00;50.00;50.00;3771;1000;0.0;0;0.0000;0;0;24986;24986;24986
60;2014-08-05 14:53:00;909402N262;1441;25.010;46;234;233;234;234;2.188;50.00;545.6;1.161;605.9;0.672;746.7;0.549;60;0;0;2.138;2.222;2.205;466;488;485;50.00;50.00;50.00;3771;1000;0.0;0;0.0000;0;0;25010;25010;25010
60;2014-08-05 14:54:00;909402N262;1491;25.036;46;234;233;234;234;2.258;50.01;548.0;1.198;606.6;0.696;750.2;0.566;60;0;0;2.203;2.300;2.272;482;507;501;50.01;50.01;50.01;3771;1000;0.0;0;0.0000;0;0;25036;25036;25036
60;2014-08-05 14:55:00;909402N262;1544;25.060;46;234;234;233;234;2.332;50.00;549.7;1.234;607.6;0.719;747.9;0.589;60;0;0;2.288;2.368;2.342;503;522;517;50.00;50.00;50.00;3771;1000;0.0;0;0.0000;0;0;25060;25060;25060
60;2014-08-05 14:56:00;909402N262;1591;25.087;46;234;234;234;234;2.396;50.01;551.6;1.266;608.2;0.740;744.7;0.612;60;0;0;2.346;2.429;2.414;517;537;535;50.01;50.01;50.01;3771;1000;0.0;0;0.0000;0;0;25087;25087;25087
60;2014-08-05 14:57:00;909402N262;1623;25.114;46;234;234;234;234;2.439;50.00;553.8;1.287;608.9;0.751;740.8;0.627;60;0;0;2.386;2.475;2.457;527;548;545;50.00;50.00;50.00;3771;1000;0.0;0;0.0000;0;0;25114;25114;25114
60;2014-08-05 14:58:00;909402N262;1647;25.143;46;234;234;234;235;2.472;49.99;556.1;1.303;609.0;0.760;742.2;0.637;60;0;0;2.417;2.508;2.491;535;557;553;49.99;49.99;49.99;3771;1000;0.0;0;0.0000;0;0;25143;25143;25143
60;2014-08-05 14:59:00;909402N262;1670;25.170;46;235;234;234;235;2.502;49.98;557.2;1.319;609.2;0.768;752.3;0.639;60;0;0;2.453;2.535;2.519;543;563;561;49.98;49.98;49.98;3771;1000;0.0;0;0.0000;0;0;25170;25170;25170
60;2014-08-05 15:00:00;909402N262;1685;25.198;46;234;234;234;234;2.526;50.00;557.5;1.330;609.4;0.774;753.9;0.643;60;0;0;2.483;2.558;2.538;550;568;565;50.00;50.00;50.00;3771;1000;0.0;0;0.0000;0;0;25198;25198;25198
[wr_ende]
