20141114;140000;danfoss;My Plant;+0100
[wr_def_start]
909402N262;Inverter Type;Inverter Group;Hanzl
[wr_def_end]
[wr]
INTERVAL;TIMESTAMP;SERIAL;P_AC;E_DAY;T_WR;U_AC;U_AC_1;U_AC_2;U_AC_3;I_AC;F_AC;U_DC_1;I_DC_1;U_DC_2;I_DC_2;U_DC_3;I_DC_3;S;E_WR;M_WR;I_AC_1;I_AC_2;I_AC_3;P_AC_1;P_AC_2;P_AC_3;F_AC_1;F_AC_2;F_AC_3;R_DC;PC;PCS;PCS_LL;COS_PHI;COS_PHI_LL;S_COS_PHI;Current_Day_Energy;current_Day_Offset;ccEnergyOfDay_WithoutOffset
60;2014-11-14 13:01:00;909402N262;851;4.185;38;233;234;233;232;1.553;49.97;552.8;0.702;612.8;0.351;387.6;0.678;60;0;0;1.519;1.580;1.560;272;292;286;49.97;49.97;49.97;21875;1000;0.0;0;1.0000;0;2;4185;4185;4185
60;2014-11-14 13:02:00;909402N262;885;4.200;38;233;234;233;232;1.591;49.97;557.7;0.723;631.1;0.353;389.0;0.698;60;0;0;1.555;1.621;1.599;283;303;297;49.97;49.97;49.97;21875;1000;0.0;0;1.0000;0;2;4200;4200;4200
60;2014-11-14 13:03:00;909402N262;940;4.215;38;233;234;233;233;1.652;49.97;559.3;0.771;632.6;0.370;389.9;0.735;60;0;0;1.616;1.682;1.660;302;321;315;49.97;49.97;49.97;21875;1000;0.0;0;1.0000;0;2;4215;4215;4215
60;2014-11-14 13:04:00;909402N262;1063;4.233;38;233;233;234;233;1.798;49.98;561.3;0.870;636.6;0.415;392.9;0.829;60;0;0;1.755;1.832;1.807;341;364;356;49.98;49.98;49.98;21875;1000;0.0;0;1.0000;0;2;4233;4233;4233
60;2014-11-14 13:05:00;909402N262;1133;4.252;38;233;234;234;232;1.879;49.98;562.6;0.916;638.6;0.444;393.9;0.887;60;0;0;1.840;1.913;1.884;366;386;378;49.98;49.98;49.98;21875;1000;0.0;0;1.0000;0;2;4252;4252;4252
60;2014-11-14 13:06:00;909402N262;1118;4.271;38;233;234;234;232;1.862;49.98;562.5;0.906;637.0;0.440;393.4;0.874;60;0;0;1.824;1.897;1.866;362;382;373;49.98;49.98;49.98;21875;1000;0.0;0;1.0000;0;2;4271;4271;4271
60;2014-11-14 13:07:00;909402N262;1140;4.290;38;233;233;233;232;1.888;49.99;563.1;0.933;637.2;0.444;393.6;0.884;60;0;0;1.846;1.924;1.894;368;389;381;49.99;49.99;49.99;21875;1000;0.0;0;1.0000;0;2;4290;4290;4290
60;2014-11-14 13:08:00;909402N262;1264;4.311;38;233;233;234;233;2.040;49.99;564.8;1.032;639.9;0.486;395.6;0.976;60;0;0;1.992;2.076;2.052;407;431;424;49.99;49.99;49.99;21875;1000;0.0;0;1.0000;0;2;4311;4311;4311
60;2014-11-14 13:09:00;909402N262;1321;4.333;38;233;234;234;233;2.111;49.98;566.1;1.065;640.5;0.512;396.0;1.029;60;0;0;2.067;2.144;2.123;428;449;443;49.98;49.98;49.98;21875;1000;0.0;0;1.0000;0;2;4333;4333;4333
60;2014-11-14 13:10:00;909402N262;1216;4.352;38;234;234;233;233;1.979;49.99;567.5;0.967;639.0;0.479;394.7;0.956;60;0;0;1.942;2.005;1.990;395;411;408;49.99;49.99;49.99;21875;1000;0.0;0;1.0000;0;2;4352;4352;4352
60;2014-11-14 13:11:00;909402N262;1111;4.372;38;234;234;233;233;1.851;49.99;566.1;0.884;636.2;0.444;393.1;0.876;60;0;0;1.820;1.876;1.859;361;377;372;49.99;49.99;49.99;21875;1000;0.0;0;1.0000;0;2;4372;4372;4372
60;2014-11-14 13:12:00;909402N262;1064;4.390;38;234;235;233;233;1.796;49.98;561.9;0.850;634.8;0.426;392.6;0.840;60;0;0;1.765;1.817;1.806;345;360;357;49.98;49.98;49.98;21875;1000;0.0;0;1.0000;0;2;4390;4390;4390
60;2014-11-14 13:13:00;909402N262;965;4.406;38;234;234;233;233;1.681;49.99;559.3;0.773;631.6;0.389;390.0;0.768;60;0;0;1.651;1.701;1.692;311;327;324;49.99;49.99;49.99;21875;1000;0.0;0;1.0000;0;2;4406;4406;4406
60;2014-11-14 13:14:00;909402N262;864;4.420;38;234;235;233;233;1.568;49.99;557.2;0.698;627.4;0.350;388.0;0.688;60;0;0;1.541;1.589;1.575;278;294;290;49.99;49.99;49.99;21875;1000;0.0;0;1.0000;0;2;4420;4420;4420
60;2014-11-14 13:15:00;909402N262;841;4.435;38;233;234;233;233;1.544;50.00;555.1;0.685;627.6;0.338;387.8;0.669;60;0;0;1.518;1.565;1.550;270;286;282;50.00;50.00;50.00;21875;1000;0.0;0;1.0000;0;2;4435;4435;4435
60;2014-11-14 13:16:00;909402N262;854;4.448;38;234;235;234;233;1.559;50.00;549.8;0.703;616.9;0.351;388.4;0.686;60;0;0;1.533;1.581;1.565;275;291;286;50.00;50.00;50.00;21875;1000;0.0;0;1.0000;0;2;4448;4448;4448
60;2014-11-14 13:17:00;909402N262;863;4.463;38;233;235;234;232;1.569;49.99;555.2;0.698;628.7;0.350;387.8;0.689;60;0;0;1.546;1.593;1.569;279;295;287;49.99;49.99;49.99;21875;1000;0.0;0;1.0000;0;2;4463;4463;4463
60;2014-11-14 13:18:00;909402N262;804;4.476;38;234;235;234;232;1.505;50.00;554.9;0.648;626.6;0.330;386.3;0.645;60;0;0;1.483;1.530;1.504;259;276;268;50.00;50.00;50.00;21875;1000;0.0;0;1.0000;0;2;4476;4476;4476
60;2014-11-14 13:19:00;909402N262;743;4.488;38;233;234;234;232;1.440;50.00;552.4;0.602;621.7;0.307;384.0;0.598;60;0;0;1.418;1.464;1.440;238;255;248;50.00;50.00;50.00;21875;1000;0.0;0;1.0000;0;2;4488;4488;4488
60;2014-11-14 13:20:00;909402N262;685;4.500;38;234;234;234;233;1.379;50.01;549.8;0.561;617.1;0.283;381.5;0.554;60;0;0;1.348;1.402;1.387;217;236;231;50.01;50.01;50.01;21875;1000;0.0;0;1.0000;0;2;4500;4500;4500
60;2014-11-14 13:21:00;909402N262;687;4.510;38;234;234;234;233;1.382;50.00;549.8;0.570;614.9;0.281;381.9;0.552;60;0;0;1.353;1.404;1.390;218;237;231;50.00;50.00;50.00;21875;1000;0.0;0;1.0000;0;2;4510;4510;4510
60;2014-11-14 13:22:00;909402N262;783;4.525;38;233;234;234;232;1.481;50.00;553.5;0.645;626.7;0.312;385.8;0.625;60;0;0;1.449;1.507;1.488;249;269;262;50.00;50.00;50.00;21875;1000;0.0;0;1.0000;0;2;4525;4525;4525
60;2014-11-14 13:23:00;909402N262;887;4.539;38;233;234;235;232;1.597;50.00;556.7;0.722;628.8;0.355;389.1;0.704;60;0;0;1.561;1.630;1.600;284;305;296;50.00;50.00;50.00;21875;1000;0.0;0;1.0000;0;2;4539;4539;4539
60;2014-11-14 13:24:00;909402N262;948;4.554;38;234;234;234;233;1.663;50.00;558.9;0.769;631.0;0.379;390.1;0.749;60;0;0;1.627;1.693;1.669;304;325;317;50.00;50.00;50.00;21875;1000;0.0;0;1.0000;0;2;4554;4554;4554
60;2014-11-14 13:25:00;909402N262;989;4.572;38;234;234;234;233;1.710;49.99;560.8;0.801;632.6;0.393;390.8;0.780;60;0;0;1.671;1.739;1.720;317;338;332;49.99;49.99;49.99;21875;1000;0.0;0;1.0000;0;2;4572;4572;4572
60;2014-11-14 13:26:00;909402N262;987;4.588;38;234;233;234;234;1.708;49.99;560.9;0.802;632.2;0.390;390.7;0.779;60;0;0;1.664;1.740;1.720;315;338;332;49.99;49.99;49.99;21875;1000;0.0;0;1.0000;0;2;4588;4588;4588
60;2014-11-14 13:27:00;909402N262;967;4.604;38;234;233;234;234;1.686;49.99;559.6;0.789;631.5;0.382;390.4;0.763;60;0;0;1.642;1.720;1.698;308;332;326;49.99;49.99;49.99;21875;1000;0.0;0;1.0000;0;2;4604;4604;4604
60;2014-11-14 13:28:00;909402N262;962;4.620;38;233;233;234;234;1.681;50.00;558.8;0.783;631.2;0.382;390.4;0.758;60;0;0;1.633;1.712;1.698;305;329;326;50.00;50.00;50.00;21875;1000;0.0;0;1.0000;0;2;4620;4620;4620
60;2014-11-14 13:29:00;909402N262;941;4.635;38;233;233;234;234;1.654;49.99;558.4;0.766;630.5;0.376;389.7;0.739;60;0;0;1.604;1.686;1.673;297;323;319;49.99;49.99;49.99;21875;1000;0.0;0;1.0000;0;2;4635;4635;4635
60;2014-11-14 13:30:00;909402N262;936;4.651;38;234;233;234;234;1.650;49.99;560.3;0.763;630.6;0.374;389.5;0.732;60;0;0;1.597;1.685;1.668;295;322;317;49.99;49.99;49.99;21875;1000;0.0;0;1.0000;0;2;4651;4651;4651
60;2014-11-14 13:31:00;909402N262;966;4.667;38;234;233;234;234;1.682;49.98;559.8;0.786;624.0;0.390;390.5;0.762;60;0;0;1.635;1.715;1.696;307;332;326;49.98;49.98;49.98;21875;1000;0.0;0;1.0000;0;2;4667;4667;4667
60;2014-11-14 13:32:00;909402N262;1005;4.685;38;234;233;234;234;1.726;49.98;568.9;0.800;634.2;0.402;390.8;0.789;60;0;0;1.678;1.757;1.743;319;344;340;49.98;49.98;49.98;21875;1000;0.0;0;1.0000;0;2;4685;4685;4685
60;2014-11-14 13:33:00;909402N262;977;4.700;38;234;233;234;234;1.692;49.97;570.4;0.769;633.0;0.394;390.2;0.772;60;0;0;1.644;1.724;1.710;310;334;331;49.97;49.97;49.97;21875;1000;0.0;0;1.0000;0;2;4700;4700;4700
60;2014-11-14 13:34:00;909402N262;907;4.717;38;233;232;234;234;1.613;49.97;565.4;0.715;630.2;0.371;388.7;0.720;60;0;0;1.558;1.645;1.638;284;312;309;49.97;49.97;49.97;21875;1000;0.0;0;1.0000;0;2;4717;4717;4717
60;2014-11-14 13:35:00;909402N262;840;4.729;38;233;232;233;234;1.540;49.97;556.2;0.677;626.4;0.344;387.4;0.667;60;0;0;1.487;1.567;1.566;263;288;287;49.97;49.97;49.97;21875;1000;0.0;0;1.0000;0;2;4729;4729;4729
60;2014-11-14 13:36:00;909402N262;813;4.743;38;233;233;233;234;1.511;49.98;565.6;0.654;625.2;0.330;386.0;0.643;60;0;0;1.461;1.537;1.536;254;279;278;49.98;49.98;49.98;21875;1000;0.0;0;1.0000;0;2;4743;4743;4743
60;2014-11-14 13:37:00;909402N262;837;4.758;38;233;233;233;234;1.538;49.99;563.1;0.682;627.3;0.333;387.4;0.658;60;0;0;1.491;1.565;1.560;263;287;285;49.99;49.99;49.99;21875;1000;0.0;0;1.0000;0;2;4758;4758;4758
60;2014-11-14 13:38:00;909402N262;862;4.772;38;234;234;233;234;1.564;49.98;564.6;0.695;627.3;0.345;388.2;0.680;60;0;0;1.521;1.588;1.585;273;294;293;49.98;49.98;49.98;21875;1000;0.0;0;1.0000;0;2;4772;4772;4772
60;2014-11-14 13:39:00;909402N262;837;4.786;38;234;234;233;234;1.537;49.98;566.1;0.666;625.4;0.340;387.7;0.665;60;0;0;1.496;1.561;1.555;265;286;285;49.98;49.98;49.98;21875;1000;0.0;0;1.0000;0;2;4786;4786;4786
60;2014-11-14 13:40:00;909402N262;796;4.799;38;234;234;234;234;1.491;49.98;565.0;0.638;624.8;0.323;385.8;0.632;60;0;0;1.452;1.515;1.506;251;272;270;49.98;49.98;49.98;21875;1000;0.0;0;1.0000;0;2;4799;4799;4799
60;2014-11-14 13:41:00;909402N262;797;4.813;38;234;234;234;234;1.494;49.99;563.1;0.648;625.7;0.320;385.9;0.629;60;0;0;1.454;1.515;1.513;251;272;271;49.99;49.99;49.99;21875;1000;0.0;0;1.0000;0;2;4813;4813;4813
60;2014-11-14 13:42:00;909402N262;812;4.825;38;234;234;234;235;1.509;49.99;561.5;0.661;626.8;0.324;386.2;0.642;60;0;0;1.466;1.532;1.531;255;278;277;49.99;49.99;49.99;21875;1000;0.0;0;1.0000;0;2;4825;4825;4825
60;2014-11-14 13:43:00;909402N262;802;4.840;38;234;234;234;235;1.501;50.00;558.9;0.655;626.8;0.321;386.1;0.636;60;0;0;1.456;1.525;1.522;252;275;273;50.00;50.00;50.00;21875;1000;0.0;0;1.0000;0;2;4840;4840;4840
60;2014-11-14 13:44:00;909402N262;788;4.852;38;234;234;234;234;1.486;50.00;556.2;0.647;625.0;0.316;385.9;0.625;60;0;0;1.444;1.512;1.504;248;270;268;50.00;50.00;50.00;21875;1000;0.0;0;1.0000;0;2;4852;4852;4852
60;2014-11-14 13:45:00;909402N262;762;4.866;38;234;233;234;234;1.457;49.98;554.1;0.630;621.4;0.308;384.8;0.605;60;0;0;1.414;1.481;1.477;239;262;260;49.98;49.98;49.98;21875;1000;0.0;0;1.0000;0;2;4866;4866;4866
60;2014-11-14 13:46:00;909402N262;734;4.878;38;234;234;234;234;1.427;49.98;547.2;0.619;607.1;0.301;383.7;0.584;60;0;0;1.386;1.448;1.449;229;252;251;49.98;49.98;49.98;21875;1000;0.0;0;1.0000;0;2;4878;4878;4878
60;2014-11-14 13:47:00;909402N262;754;4.889;38;234;234;234;235;1.448;49.99;553.1;0.632;623.0;0.299;384.3;0.595;60;0;0;1.406;1.469;1.470;236;258;258;49.99;49.99;49.99;21875;1000;0.0;0;1.0000;0;2;4889;4889;4889
60;2014-11-14 13:48:00;909402N262;776;4.903;38;234;234;234;235;1.473;50.00;554.6;0.644;624.1;0.310;385.4;0.614;60;0;0;1.429;1.497;1.494;243;266;265;50.00;50.00;50.00;21875;1000;0.0;0;1.0000;0;2;4903;4903;4903
60;2014-11-14 13:49:00;909402N262;775;4.916;38;234;234;234;235;1.469;50.01;554.7;0.638;623.5;0.313;385.3;0.614;60;0;0;1.425;1.496;1.488;243;266;264;50.01;50.01;50.01;21875;1000;0.0;0;1.0000;0;2;4916;4916;4916
60;2014-11-14 13:50:00;909402N262;763;4.929;38;234;234;234;234;1.457;49.99;554.1;0.629;624.0;0.307;385.1;0.605;60;0;0;1.415;1.483;1.475;239;262;259;49.99;49.99;49.99;21875;1000;0.0;0;1.0000;0;2;4929;4929;4929
60;2014-11-14 13:51:00;909402N262;776;4.942;38;235;235;235;234;1.470;50.00;554.6;0.642;623.9;0.311;385.7;0.615;60;0;0;1.435;1.495;1.481;246;266;262;50.00;50.00;50.00;21875;1000;0.0;0;1.0000;0;2;4942;4942;4942
60;2014-11-14 13:52:00;909402N262;849;4.955;38;235;236;235;234;1.549;50.00;555.4;0.704;626.6;0.336;387.7;0.669;60;0;0;1.517;1.574;1.557;272;291;284;50.00;50.00;50.00;21875;1000;0.0;0;1.0000;0;2;4955;4955;4955
60;2014-11-14 13:53:00;909402N262;942;4.971;38;235;236;235;234;1.652;50.01;558.3;0.774;629.7;0.372;390.0;0.741;60;0;0;1.619;1.677;1.661;303;321;315;50.01;50.01;50.01;21875;1000;0.0;0;1.0000;0;2;4971;4971;4971
60;2014-11-14 13:54:00;909402N262;999;4.988;38;235;236;235;234;1.716;50.01;560.4;0.814;632.5;0.394;391.2;0.786;60;0;0;1.681;1.744;1.725;322;341;334;50.01;50.01;50.01;21875;1000;0.0;0;1.0000;0;2;4988;4988;4988
60;2014-11-14 13:55:00;909402N262;1027;5.005;38;235;236;235;234;1.748;50.02;560.5;0.835;634.0;0.406;391.9;0.807;60;0;0;1.713;1.775;1.758;332;350;343;50.02;50.02;50.02;21875;1000;0.0;0;1.0000;0;2;5005;5005;5005
60;2014-11-14 13:56:00;909402N262;1037;5.023;38;235;236;235;234;1.760;50.03;560.7;0.840;634.3;0.411;392.4;0.815;60;0;0;1.722;1.789;1.770;335;354;347;50.03;50.03;50.03;21875;1000;0.0;0;1.0000;0;2;5023;5023;5023
60;2014-11-14 13:57:00;909402N262;1019;5.039;38;235;236;235;234;1.740;50.02;560.4;0.824;633.6;0.405;391.7;0.804;60;0;0;1.704;1.768;1.748;329;348;341;50.02;50.02;50.02;21875;1000;0.0;0;1.0000;0;2;5039;5039;5039
60;2014-11-14 13:58:00;909402N262;999;5.056;38;235;235;235;234;1.717;50.01;560.6;0.808;633.1;0.398;391.2;0.789;60;0;0;1.681;1.745;1.727;322;341;335;50.01;50.01;50.01;21875;1000;0.0;0;1.0000;0;2;5056;5056;5056
60;2014-11-14 13:59:00;909402N262;996;5.073;38;233;234;234;233;1.716;50.01;561.1;0.803;633.1;0.396;390.9;0.787;60;0;0;1.676;1.747;1.725;319;341;334;50.01;50.01;50.01;21875;1000;0.0;0;1.0000;0;2;5073;5073;5073
60;2014-11-14 14:00:00;909402N262;961;5.088;38;232;232;232;231;1.677;50.01;558.9;0.774;632.1;0.384;390.1;0.765;60;0;0;1.637;1.707;1.689;307;329;322;50.01;50.01;50.01;21875;1000;0.0;0;1.0000;0;2;5088;5088;5088
[wr_ende]
