20140225;100000;danfoss;My Plant;+0100
[wr_def_start]
909402N262;Inverter Type;Inverter Group;Hanzl
[wr_def_end]
[wr]
INTERVAL;TIMESTAMP;SERIAL;P_AC;E_DAY;T_WR;U_AC;U_AC_1;U_AC_2;U_AC_3;I_AC;F_AC;U_DC_1;I_DC_1;U_DC_2;I_DC_2;U_DC_3;I_DC_3;S;E_WR;M_WR;I_AC_1;I_AC_2;I_AC_3;P_AC_1;P_AC_2;P_AC_3;F_AC_1;F_AC_2;F_AC_3;R_DC;PC;PCS;PCS_LL;COS_PHI;COS_PHI_LL;S_COS_PHI;Current_Day_Energy;current_Day_Offset;ccEnergyOfDay_WithoutOffset
60;2014-02-25 09:01:00;909402N262;1784;1.713;29;233;233;232;234;2.611;49.99;594.4;1.218;683.5;0.766;786.5;0.716;60;0;0;2.553;2.655;2.626;579;602;602;49.99;49.99;49.99;17808;1000;0.0;0;0.0000;0;0;1713;1713;1713
60;2014-02-25 09:02:00;909402N262;1867;1.745;29;233;233;232;234;2.746;49.98;601.4;1.241;690.2;0.794;795.3;0.750;60;0;0;2.692;2.794;2.754;608;629;629;49.98;49.98;49.98;17808;1000;0.0;0;0.0000;0;0;1745;1745;1745
60;2014-02-25 09:03:00;909402N262;1780;1.775;29;233;232;232;235;2.621;49.99;600.0;1.188;687.6;0.761;795.4;0.712;60;0;0;2.566;2.661;2.638;579;598;601;49.99;49.99;49.99;17808;1000;0.0;0;0.0000;0;0;1775;1775;1775
60;2014-02-25 09:04:00;909402N262;1872;1.805;29;233;232;232;234;2.753;49.99;603.9;1.238;688.8;0.803;795.3;0.748;60;0;0;2.699;2.792;2.770;609;629;632;49.99;49.99;49.99;17808;1000;0.0;0;0.0000;0;0;1805;1805;1805
60;2014-02-25 09:05:00;909402N262;2021;1.840;29;233;232;232;234;2.958;49.99;606.1;1.322;690.6;0.865;795.4;0.815;60;0;0;2.902;2.981;2.992;659;675;685;49.99;49.99;49.99;17808;1000;0.0;0;0.0000;0;0;1840;1840;1840
60;2014-02-25 09:06:00;909402N262;1920;1.871;29;233;232;232;234;2.822;50.00;610.1;1.243;689.2;0.837;795.3;0.764;60;0;0;2.773;2.863;2.831;627;645;646;50.00;50.00;50.00;17808;1000;0.0;0;0.0000;0;0;1871;1871;1871
60;2014-02-25 09:07:00;909402N262;2087;1.906;29;233;232;232;234;3.053;49.99;614.2;1.345;691.4;0.910;795.1;0.829;60;0;0;2.996;3.086;3.077;681;700;704;49.99;49.99;49.99;17808;1000;0.0;0;0.0000;0;0;1906;1906;1906
60;2014-02-25 09:08:00;909402N262;2011;1.939;29;233;232;232;234;2.944;49.99;611.5;1.274;691.1;0.878;795.2;0.816;60;0;0;2.889;2.979;2.965;655;675;678;49.99;49.99;49.99;17808;1000;0.0;0;0.0000;0;0;1939;1939;1939
60;2014-02-25 09:09:00;909402N262;2075;1.974;29;233;233;232;234;3.033;50.00;614.5;1.329;691.3;0.904;795.0;0.830;60;0;0;2.981;3.064;3.054;678;696;699;50.00;50.00;50.00;17808;1000;0.0;0;0.0000;0;0;1974;1974;1974
60;2014-02-25 09:10:00;909402N262;2073;2.009;29;233;233;232;234;3.028;50.00;617.8;1.302;691.9;0.911;795.1;0.834;60;0;0;2.972;3.062;3.052;677;695;699;50.00;50.00;50.00;17808;1000;0.0;0;0.0000;0;0;2009;2009;2009
60;2014-02-25 09:11:00;909402N262;2036;2.043;29;233;233;232;234;2.976;49.99;617.4;1.331;690.4;0.894;795.0;0.783;60;0;0;2.920;3.006;3.004;664;682;688;49.99;49.99;49.99;17808;1000;0.0;0;0.0000;0;0;2043;2043;2043
60;2014-02-25 09:12:00;909402N262;2153;2.079;29;233;233;232;234;3.136;49.99;617.8;1.376;693.0;0.952;795.0;0.843;60;0;0;3.082;3.155;3.172;704;718;729;49.99;49.99;49.99;17808;1000;0.0;0;0.0000;0;0;2079;2079;2079
60;2014-02-25 09:13:00;909402N262;2318;2.118;30;233;233;232;234;3.372;49.99;623.6;1.461;694.8;1.045;795.3;0.892;60;0;0;3.310;3.400;3.408;757;775;784;49.99;49.99;49.99;17808;1000;0.0;0;0.0000;0;0;2118;2118;2118
60;2014-02-25 09:14:00;909402N262;2320;2.156;30;233;233;232;234;3.375;49.98;593.6;1.520;695.5;1.047;795.3;0.903;60;0;0;3.318;3.402;3.407;759;775;784;49.98;49.98;49.98;17808;1000;0.0;0;0.0000;0;0;2156;2156;2156
60;2014-02-25 09:15:00;909402N262;2097;2.192;30;233;232;232;234;3.070;49.98;587.7;1.403;691.3;0.910;794.9;0.842;60;0;0;3.008;3.098;3.105;684;701;711;49.98;49.98;49.98;17808;1000;0.0;0;0.0000;0;0;2192;2192;2192
60;2014-02-25 09:16:00;909402N262;2015;2.225;30;233;233;232;234;2.944;49.97;583.8;1.369;685.7;0.897;787.2;0.795;60;0;0;2.887;2.965;2.980;657;673;682;49.97;49.97;49.97;17808;1000;0.0;0;0.0000;0;0;2225;2225;2225
60;2014-02-25 09:17:00;909402N262;1885;2.256;30;232;232;231;234;2.759;49.98;580.7;1.287;689.0;0.812;795.1;0.757;60;0;0;2.711;2.796;2.771;616;632;635;49.98;49.98;49.98;17808;1000;0.0;0;0.0000;0;0;2256;2256;2256
60;2014-02-25 09:18:00;909402N262;1994;2.289;30;232;232;231;234;2.905;49.99;582.6;1.392;690.6;0.860;795.1;0.772;60;0;0;2.851;2.937;2.928;651;668;673;49.99;49.99;49.99;17808;1000;0.0;0;0.0000;0;0;2289;2289;2289
60;2014-02-25 09:19:00;909402N262;2269;2.327;30;232;232;232;234;3.289;49.99;593.6;1.501;694.7;1.000;794.8;0.896;60;0;0;3.226;3.316;3.325;739;760;768;50.00;49.99;50.00;17808;1000;0.0;0;0.0000;0;0;2327;2327;2327
60;2014-02-25 09:20:00;909402N262;2213;2.363;30;233;232;232;234;3.209;49.98;586.9;1.455;694.7;0.979;794.9;0.888;60;0;0;3.153;3.239;3.237;723;740;747;49.98;49.98;49.98;17808;1000;0.0;0;0.0000;0;0;2363;2363;2363
60;2014-02-25 09:21:00;909402N262;2275;2.401;30;233;232;232;234;3.297;49.99;578.3;1.531;694.9;0.984;794.8;0.925;60;0;0;3.238;3.326;3.328;742;762;770;49.99;49.99;49.99;17808;1000;0.0;0;0.0000;0;0;2401;2401;2401
60;2014-02-25 09:22:00;909402N262;2315;2.440;30;232;232;231;234;3.360;49.99;576.8;1.572;695.0;1.010;794.5;0.927;60;0;0;3.299;3.388;3.393;756;774;783;49.99;49.99;49.99;17808;1000;0.0;0;0.0000;0;0;2440;2440;2440
60;2014-02-25 09:23:00;909402N262;2256;2.478;30;232;232;232;233;3.275;49.99;578.9;1.542;694.7;0.988;794.9;0.888;60;0;0;3.220;3.307;3.299;736;757;761;49.99;49.99;49.99;17808;1000;0.0;0;0.0000;0;0;2478;2478;2478
60;2014-02-25 09:24:00;909402N262;2137;2.514;30;232;232;231;233;3.108;49.99;601.9;1.407;693.1;0.910;795.2;0.861;60;0;0;3.053;3.136;3.137;697;715;722;49.99;49.99;49.99;17808;1000;0.0;0;0.0000;0;0;2514;2514;2514
60;2014-02-25 09:25:00;909402N262;1982;2.547;30;232;232;231;234;2.894;49.99;596.9;1.325;690.5;0.838;795.1;0.799;60;0;0;2.834;2.923;2.927;644;663;672;49.99;49.99;49.99;17808;1000;0.0;0;0.0000;0;0;2547;2547;2547
60;2014-02-25 09:26:00;909402N262;1911;2.578;30;232;232;231;234;2.796;50.00;598.0;1.272;690.4;0.810;795.2;0.772;60;0;0;2.725;2.843;2.820;618;644;646;50.00;50.00;50.00;17808;1000;0.0;0;0.0000;0;0;2578;2578;2578
60;2014-02-25 09:27:00;909402N262;1930;2.611;30;232;232;232;234;2.819;49.99;599.4;1.296;690.4;0.817;795.1;0.769;60;0;0;2.754;2.857;2.846;624;650;654;49.99;49.99;49.99;17808;1000;0.0;0;0.0000;0;0;2611;2611;2611
60;2014-02-25 09:28:00;909402N262;2090;2.646;30;232;232;232;234;3.039;49.98;602.8;1.394;692.8;0.888;795.1;0.831;60;0;0;2.970;3.071;3.076;678;701;710;49.98;49.98;49.98;17808;1000;0.0;0;0.0000;0;0;2646;2646;2646
60;2014-02-25 09:29:00;909402N262;2124;2.681;30;233;232;232;234;3.085;49.98;604.6;1.394;693.5;0.907;795.2;0.853;60;0;0;3.027;3.119;3.110;691;713;717;49.98;49.98;49.98;17808;1000;0.0;0;0.0000;0;0;2681;2681;2681
60;2014-02-25 09:30:00;909402N262;2135;2.717;30;233;231;232;234;3.099;49.99;602.9;1.422;692.1;0.906;795.1;0.851;60;0;0;3.030;3.142;3.125;691;720;721;49.99;49.99;49.99;17808;1000;0.0;0;0.0000;0;0;2717;2717;2717
60;2014-02-25 09:31:00;909402N262;2222;2.753;31;232;231;232;233;3.229;49.98;598.4;1.494;688.0;0.944;787.0;0.904;60;0;0;3.161;3.269;3.258;722;748;751;49.98;49.98;49.98;17808;1000;0.0;0;0.0000;0;0;2753;2753;2753
60;2014-02-25 09:32:00;909402N262;2325;2.792;31;232;231;232;233;3.391;49.97;609.3;1.497;695.3;1.000;795.3;0.939;60;0;0;3.331;3.423;3.419;758;781;784;49.97;49.97;49.97;17808;1000;0.0;0;0.0000;0;0;2792;2792;2792
60;2014-02-25 09:33:00;909402N262;2319;2.830;31;232;232;232;233;3.385;49.98;607.5;1.512;695.2;0.996;795.3;0.926;60;0;0;3.325;3.432;3.399;757;782;778;49.98;49.98;49.98;17808;1000;0.0;0;0.0000;0;0;2830;2830;2830
60;2014-02-25 09:34:00;909402N262;2280;2.869;31;232;231;232;233;3.325;49.99;605.5;1.496;694.9;0.977;795.2;0.909;60;0;0;3.267;3.366;3.343;744;768;766;49.99;49.99;49.99;17808;1000;0.0;0;0.0000;0;0;2869;2869;2869
60;2014-02-25 09:35:00;909402N262;2279;2.907;31;232;232;232;233;3.326;49.99;608.5;1.495;693.9;0.988;795.0;0.894;60;0;0;3.265;3.367;3.346;743;767;766;49.99;49.99;49.99;17808;1000;0.0;0;0.0000;0;0;2907;2907;2907
60;2014-02-25 09:36:00;909402N262;2193;2.943;31;232;232;232;233;3.203;50.00;608.0;1.452;693.0;0.954;794.8;0.851;60;0;0;3.144;3.241;3.224;715;738;738;50.00;50.00;50.00;17808;1000;0.0;0;0.0000;0;0;2943;2943;2943
60;2014-02-25 09:37:00;909402N262;2328;2.983;31;232;232;232;233;3.394;50.01;606.9;1.529;694.5;1.006;795.2;0.918;60;0;0;3.326;3.435;3.422;758;784;785;50.01;50.01;50.01;17808;1000;0.0;0;0.0000;0;0;2983;2983;2983
60;2014-02-25 09:38:00;909402N262;2491;3.023;31;232;232;232;233;3.626;50.00;610.8;1.615;695.3;1.083;795.7;0.985;60;0;0;3.565;3.664;3.651;813;837;839;50.00;50.00;50.00;17808;1000;0.0;0;0.0000;0;0;3023;3023;3023
60;2014-02-25 09:39:00;909402N262;2431;3.064;31;232;232;232;234;3.539;50.01;610.4;1.579;693.8;1.054;795.6;0.963;60;0;0;3.480;3.573;3.566;794;814;820;50.01;50.01;50.01;17808;1000;0.0;0;0.0000;0;0;3064;3064;3064
60;2014-02-25 09:40:00;909402N262;2369;3.103;31;232;232;232;234;3.453;50.01;610.2;1.545;692.6;1.026;795.5;0.937;60;0;0;3.396;3.489;3.475;773;795;799;50.01;50.01;50.01;17808;1000;0.0;0;0.0000;0;0;3103;3103;3103
60;2014-02-25 09:41:00;909402N262;2416;3.145;31;232;231;232;234;3.520;50.00;611.5;1.575;692.9;1.033;795.6;0.966;60;0;0;3.460;3.553;3.549;788;811;816;50.00;50.00;50.00;17808;1000;0.0;0;0.0000;0;0;3145;3145;3145
60;2014-02-25 09:42:00;909402N262;2645;3.189;31;232;231;232;234;3.846;50.00;614.9;1.720;694.8;1.125;795.6;1.057;60;0;0;3.782;3.877;3.879;862;886;894;50.00;50.00;50.00;17808;1000;0.0;0;0.0000;0;0;3189;3189;3189
60;2014-02-25 09:43:00;909402N262;2649;3.232;31;232;232;231;234;3.853;50.01;619.9;1.670;694.9;1.145;795.6;1.069;60;0;0;3.790;3.877;3.894;865;884;898;50.01;50.00;50.00;17808;1000;0.0;0;0.0000;0;0;3232;3232;3232
60;2014-02-25 09:44:00;909402N262;2682;3.277;31;232;231;232;234;3.897;50.00;620.9;1.655;696.6;1.162;795.5;1.106;60;0;0;3.841;3.916;3.936;877;894;909;50.00;50.00;50.00;17808;1000;0.0;0;0.0000;0;0;3277;3277;3277
60;2014-02-25 09:45:00;909402N262;3064;3.328;31;232;232;232;234;4.446;50.00;618.2;1.868;705.0;1.332;795.6;1.269;60;0;0;4.382;4.470;4.487;1003;1022;1036;50.00;50.00;50.00;17808;1000;0.0;0;0.0000;0;0;3328;3328;3328
60;2014-02-25 09:46:00;909402N262;2727;3.375;31;232;232;232;233;3.957;49.99;583.9;1.814;684.8;1.188;793.1;1.123;60;0;0;3.910;3.990;3.973;898;913;914;49.99;49.99;49.99;17808;1000;0.0;0;0.0000;0;0;3375;3375;3375
60;2014-02-25 09:47:00;909402N262;2891;3.423;31;232;233;232;233;4.176;50.01;522.7;2.232;697.1;1.240;795.0;1.146;60;0;0;4.134;4.195;4.201;954;964;971;50.01;50.01;50.01;17808;1000;0.0;0;0.0000;0;0;3423;3423;3423
60;2014-02-25 09:48:00;909402N262;3171;3.474;31;232;233;232;233;4.576;50.00;490.2;2.577;694.2;1.381;795.4;1.252;60;0;0;4.533;4.601;4.594;1048;1059;1062;50.00;50.00;50.00;17808;1000;0.0;0;0.0000;0;0;3474;3474;3474
60;2014-02-25 09:49:00;909402N262;3038;3.525;31;232;232;232;233;4.391;50.00;497.0;2.413;701.5;1.282;795.4;1.237;60;0;0;4.339;4.425;4.411;1001;1018;1018;50.00;50.00;50.00;17808;1000;0.0;0;0.0000;0;0;3525;3525;3525
60;2014-02-25 09:50:00;909402N262;2927;3.575;32;232;232;232;233;4.230;50.00;498.0;2.313;703.4;1.225;795.1;1.201;60;0;0;4.173;4.266;4.251;960;983;982;50.00;50.00;50.00;17808;1000;0.0;0;0.0000;0;0;3575;3575;3575
60;2014-02-25 09:51:00;909402N262;2866;3.622;32;232;231;233;233;4.144;50.01;493.4;2.301;701.2;1.197;795.0;1.172;60;0;0;4.081;4.188;4.165;937;965;962;50.01;50.01;50.01;17808;1000;0.0;0;0.0000;0;0;3622;3622;3622
60;2014-02-25 09:52:00;909402N262;3076;3.673;32;233;232;233;233;4.441;50.01;502.9;2.560;683.1;1.287;795.1;1.203;60;0;0;4.375;4.490;4.458;1006;1039;1029;50.01;50.01;50.01;17808;1000;0.0;0;0.0000;0;0;3673;3673;3673
60;2014-02-25 09:53:00;909402N262;3358;3.730;32;233;232;233;233;4.843;50.01;498.4;3.023;639.8;1.463;795.2;1.220;60;0;0;4.779;4.887;4.865;1101;1131;1124;50.01;50.01;50.01;17808;1000;0.0;0;0.0000;0;0;3730;3730;3730
60;2014-02-25 09:54:00;909402N262;3224;3.783;32;233;232;233;233;4.652;50.00;497.8;2.729;640.4;1.428;795.2;1.257;60;0;0;4.584;4.711;4.661;1056;1088;1078;50.00;50.00;50.00;17808;1000;0.0;0;0.0000;0;0;3783;3783;3783
60;2014-02-25 09:55:00;909402N262;2805;3.830;32;232;232;233;233;4.054;50.00;496.4;2.426;694.7;1.112;794.6;1.099;60;0;0;3.982;4.109;4.072;915;948;940;50.00;50.00;50.00;17808;1000;0.0;0;0.0000;0;0;3830;3830;3830
60;2014-02-25 09:56:00;909402N262;3105;3.881;32;233;232;233;234;4.474;50.01;502.1;2.756;588.3;1.512;795.2;1.108;60;0;0;4.399;4.510;4.515;1014;1041;1048;50.01;50.01;50.01;17808;1000;0.0;0;0.0000;0;0;3881;3881;3881
60;2014-02-25 09:57:00;909402N262;3164;3.935;32;233;232;233;234;4.560;50.01;498.9;3.052;574.2;1.412;779.1;1.134;60;0;0;4.487;4.591;4.603;1034;1059;1068;50.01;50.01;50.01;17808;1000;0.0;0;0.0000;0;0;3935;3935;3935
60;2014-02-25 09:58:00;909402N262;3438;3.992;32;233;233;233;234;4.963;50.01;498.8;3.110;568.9;1.627;732.5;1.389;60;0;0;4.908;4.993;4.990;1129;1152;1155;50.01;50.01;50.01;17808;1000;0.0;0;0.0000;0;0;3992;3992;3992
60;2014-02-25 09:59:00;909402N262;3335;4.048;32;233;233;233;234;4.816;50.01;506.4;2.761;567.6;1.660;776.2;1.351;60;0;0;4.758;4.858;4.834;1097;1118;1117;50.01;50.01;50.01;17808;1000;0.0;0;0.0000;0;0;4048;4048;4048
60;2014-02-25 10:00:00;909402N262;2915;4.096;32;233;233;233;234;4.198;50.00;509.7;2.426;672.0;1.189;795.2;1.168;60;0;0;4.140;4.234;4.221;957;977;979;50.00;50.00;50.00;17808;1000;0.0;0;0.0000;0;0;4096;4096;4096
[wr_ende]
