20140610;070003;danfoss;My Plant;+0100
[wr_def_start]
909402N262;Inverter Type;Inverter Group;Hanzl
[wr_def_end]
[wr]
INTERVAL;TIMESTAMP;SERIAL;P_AC;E_DAY;T_WR;U_AC;U_AC_1;U_AC_2;U_AC_3;I_AC;F_AC;U_DC_1;I_DC_1;U_DC_2;I_DC_2;U_DC_3;I_DC_3;S;E_WR;M_WR;I_AC_1;I_AC_2;I_AC_3;P_AC_1;P_AC_2;P_AC_3;F_AC_1;F_AC_2;F_AC_3;R_DC;PC;PCS;PCS_LL;COS_PHI;COS_PHI_LL;S_COS_PHI;Current_Day_Energy;current_Day_Offset;ccEnergyOfDay_WithoutOffset
60;2014-06-10 06:01:00;909402N262;191;0.104;32;233;233;233;233;0.425;50.08;522.1;0.186;552.2;0.088;665.6;0.071;60;0;0;0.401;0.513;0.363;57;77;56;50.08;50.08;50.08;7642;1000;0.0;0;0.0000;0;0;104;104;104
60;2014-06-10 06:02:00;909402N262;196;0.107;32;234;234;234;234;0.514;50.05;528.7;0.188;563.3;0.088;666.2;0.072;60;0;0;0.484;0.604;0.455;56;77;61;50.05;50.05;50.05;7642;1000;0.0;0;0.0000;0;0;107;107;107
60;2014-06-10 06:03:00;909402N262;197;0.110;32;234;234;234;234;0.597;50.04;529.2;0.190;564.6;0.089;655.1;0.074;60;0;0;0.573;0.685;0.535;54;79;63;50.04;50.04;50.04;7642;1000;0.0;0;0.0000;0;0;110;110;110
60;2014-06-10 06:04:00;909402N262;200;0.114;32;234;234;234;234;0.567;50.03;530.0;0.193;564.4;0.089;659.6;0.074;60;0;0;0.557;0.640;0.506;58;79;61;50.03;50.03;50.03;7642;1000;0.0;0;0.0000;0;0;114;114;114
60;2014-06-10 06:05:00;909402N262;203;0.117;32;234;234;234;234;0.518;50.02;531.5;0.194;565.6;0.091;664.7;0.075;60;0;0;0.500;0.592;0.462;62;79;61;50.02;50.02;50.02;7642;1000;0.0;0;0.0000;0;0;117;117;117
60;2014-06-10 06:06:00;909402N262;206;0.121;32;234;234;234;234;0.486;50.01;531.8;0.196;568.3;0.092;670.2;0.075;60;0;0;0.464;0.557;0.437;62;80;62;50.01;50.01;50.01;7642;1000;0.0;0;0.0000;0;0;121;121;121
60;2014-06-10 06:07:00;909402N262;209;0.124;32;234;234;234;234;0.475;49.99;531.3;0.199;571.7;0.092;674.5;0.075;60;0;0;0.444;0.540;0.442;63;79;64;49.99;49.99;49.99;7642;1000;0.0;0;0.0000;0;0;124;124;124
60;2014-06-10 06:08:00;909402N262;211;0.127;32;233;233;234;234;0.468;50.00;531.3;0.201;574.8;0.093;677.8;0.076;60;0;0;0.416;0.555;0.433;60;84;65;50.00;50.00;50.00;7642;1000;0.0;0;0.0000;0;0;127;127;127
60;2014-06-10 06:09:00;909402N262;213;0.131;32;233;233;233;233;0.477;49.99;532.3;0.203;578.7;0.093;675.7;0.077;60;0;0;0.450;0.552;0.431;64;83;63;49.99;49.99;49.99;7642;1000;0.0;0;0.0000;0;0;131;131;131
60;2014-06-10 06:10:00;909402N262;215;0.134;32;233;233;233;233;0.504;49.99;533.6;0.205;581.0;0.093;669.7;0.078;60;0;0;0.483;0.560;0.471;65;81;67;49.99;49.99;49.99;7642;1000;0.0;0;0.0000;0;0;134;134;134
60;2014-06-10 06:11:00;909402N262;217;0.137;32;233;233;232;233;0.499;49.99;533.6;0.207;575.6;0.095;670.6;0.079;60;0;0;0.459;0.574;0.466;63;86;66;49.99;49.99;49.99;7642;1000;0.0;0;0.0000;0;0;137;137;137
60;2014-06-10 06:12:00;909402N262;219;0.141;32;233;233;233;233;0.494;49.99;533.3;0.209;570.5;0.097;673.4;0.080;60;0;0;0.471;0.560;0.452;65;86;65;49.99;49.99;49.99;7642;1000;0.0;0;0.0000;0;0;141;141;141
60;2014-06-10 06:13:00;909402N262;222;0.145;32;233;234;232;233;0.491;49.99;533.9;0.211;571.2;0.097;677.3;0.080;60;0;0;0.466;0.556;0.451;66;87;66;49.99;49.99;49.99;7642;1000;0.0;0;0.0000;0;0;145;145;145
60;2014-06-10 06:14:00;909402N262;223;0.149;32;233;233;232;233;0.486;49.98;534.7;0.212;571.9;0.098;680.8;0.080;60;0;0;0.446;0.562;0.451;66;88;68;49.98;49.98;49.98;7642;1000;0.0;0;0.0000;0;0;149;149;149
60;2014-06-10 06:15:00;909402N262;226;0.153;32;233;234;232;234;0.481;49.97;535.0;0.214;572.4;0.100;683.5;0.080;60;0;0;0.446;0.559;0.439;69;87;67;49.97;49.97;49.97;7642;1000;0.0;0;0.0000;0;0;153;153;153
60;2014-06-10 06:16:00;909402N262;224;0.157;32;234;234;233;234;0.478;49.98;529.4;0.217;564.3;0.101;677.5;0.081;60;0;0;0.441;0.562;0.433;68;88;67;49.98;49.98;49.98;7642;1000;0.0;0;0.0000;0;0;157;157;157
60;2014-06-10 06:17:00;909402N262;229;0.160;32;234;234;233;234;0.563;49.97;534.5;0.219;574.6;0.101;673.6;0.082;60;0;0;0.538;0.617;0.534;62;91;74;49.97;49.97;49.97;7642;1000;0.0;0;0.0000;0;0;160;160;160
60;2014-06-10 06:18:00;909402N262;230;0.164;32;234;234;233;233;0.574;49.98;535.1;0.220;576.0;0.101;671.1;0.082;60;0;0;0.562;0.624;0.536;65;90;74;49.98;49.98;49.98;7642;1000;0.0;0;0.0000;0;0;164;164;164
60;2014-06-10 06:19:00;909402N262;233;0.168;33;234;234;233;234;0.587;49.99;535.9;0.222;579.0;0.101;669.5;0.083;60;0;0;0.571;0.624;0.566;63;90;78;49.99;49.99;49.99;7642;1000;0.0;0;0.0000;0;0;168;168;168
60;2014-06-10 06:20:00;909402N262;234;0.172;33;234;234;234;234;0.573;50.00;536.8;0.223;581.6;0.101;672.2;0.083;60;0;0;0.560;0.597;0.562;67;87;78;50.00;50.00;50.00;7642;1000;0.0;0;0.0000;0;0;172;172;172
60;2014-06-10 06:21:00;909402N262;237;0.175;33;234;234;234;234;0.556;50.01;537.0;0.225;584.3;0.101;675.9;0.084;60;0;0;0.511;0.628;0.529;67;93;74;50.01;50.01;50.01;7642;1000;0.0;0;0.0000;0;0;175;175;175
60;2014-06-10 06:22:00;909402N262;238;0.180;33;234;235;234;233;0.539;50.00;536.4;0.227;586.8;0.102;679.2;0.083;60;0;0;0.478;0.645;0.495;64;97;75;50.00;50.00;50.00;7642;1000;0.0;0;0.0000;0;0;180;180;180
60;2014-06-10 06:23:00;909402N262;241;0.185;33;234;235;234;233;0.530;49.99;536.3;0.229;584.5;0.104;681.8;0.084;60;0;0;0.487;0.620;0.483;69;94;74;49.99;49.99;49.99;7642;1000;0.0;0;0.0000;0;0;185;185;185
60;2014-06-10 06:24:00;909402N262;243;0.188;33;234;234;233;233;0.521;49.98;536.5;0.231;578.7;0.105;683.8;0.085;60;0;0;0.481;0.604;0.479;71;94;74;49.98;49.98;49.98;7642;1000;0.0;0;0.0000;0;0;188;188;188
60;2014-06-10 06:25:00;909402N262;244;0.192;33;234;235;234;233;0.533;49.99;537.8;0.233;578.6;0.107;682.5;0.085;60;0;0;0.511;0.603;0.487;73;94;76;49.99;49.99;49.99;7642;1000;0.0;0;0.0000;0;0;192;192;192
60;2014-06-10 06:26:00;909402N262;246;0.197;33;234;234;234;233;0.548;49.98;538.2;0.234;580.1;0.108;679.2;0.085;60;0;0;0.451;0.668;0.526;62;101;81;49.98;49.98;49.98;7642;1000;0.0;0;0.0000;0;0;197;197;197
60;2014-06-10 06:27:00;909402N262;247;0.200;33;234;235;234;233;0.563;49.98;538.5;0.236;580.4;0.109;678.4;0.086;60;0;0;0.517;0.659;0.514;69;99;77;49.98;49.98;49.98;7642;1000;0.0;0;0.0000;0;0;200;200;200
60;2014-06-10 06:28:00;909402N262;249;0.204;33;234;235;234;234;0.566;49.99;537.9;0.237;579.9;0.109;678.5;0.088;60;0;0;0.500;0.675;0.525;68;101;79;49.99;49.99;49.99;7642;1000;0.0;0;0.0000;0;0;204;204;204
60;2014-06-10 06:29:00;909402N262;250;0.210;33;234;235;234;233;0.560;49.98;537.9;0.239;578.0;0.109;680.3;0.088;60;0;0;0.523;0.667;0.490;72;102;74;49.98;49.98;49.98;7642;1000;0.0;0;0.0000;0;0;210;210;210
60;2014-06-10 06:30:00;909402N262;252;0.213;33;234;235;234;233;0.551;49.98;538.1;0.241;578.8;0.110;682.8;0.088;60;0;0;0.504;0.647;0.503;75;99;76;49.98;49.98;49.98;7642;1000;0.0;0;0.0000;0;0;213;213;213
60;2014-06-10 06:31:00;909402N262;250;0.217;33;234;235;234;234;0.539;49.98;532.9;0.243;561.6;0.113;675.9;0.089;60;0;0;0.463;0.637;0.517;70;99;80;49.98;49.98;49.98;7642;1000;0.0;0;0.0000;0;0;217;217;217
60;2014-06-10 06:32:00;909402N262;255;0.222;33;234;234;233;234;0.534;49.99;539.3;0.243;582.9;0.111;685.4;0.089;60;0;0;0.485;0.640;0.477;75;102;74;49.99;49.99;49.99;7642;1000;0.0;0;0.0000;0;0;222;222;222
60;2014-06-10 06:33:00;909402N262;256;0.226;33;234;234;233;234;0.529;49.98;539.7;0.245;584.6;0.112;687.6;0.089;60;0;0;0.501;0.612;0.475;80;98;76;49.98;49.98;49.98;7642;1000;0.0;0;0.0000;0;0;226;226;226
60;2014-06-10 06:34:00;909402N262;258;0.230;33;234;234;233;234;0.531;49.99;539.7;0.246;587.0;0.112;689.1;0.089;60;0;0;0.487;0.638;0.468;79;101;75;49.99;49.99;49.99;7642;1000;0.0;0;0.0000;0;0;230;230;230
60;2014-06-10 06:35:00;909402N262;260;0.234;33;234;234;233;234;0.534;49.99;539.4;0.248;589.1;0.112;691.5;0.089;60;0;0;0.507;0.631;0.464;82;101;75;49.99;49.99;49.99;7642;1000;0.0;0;0.0000;0;0;234;234;234
60;2014-06-10 06:36:00;909402N262;261;0.239;33;234;234;233;234;0.534;49.98;539.6;0.249;591.0;0.113;691.6;0.089;60;0;0;0.480;0.644;0.478;78;104;77;49.98;49.98;49.98;7642;1000;0.0;0;0.0000;0;0;239;239;239
60;2014-06-10 06:37:00;909402N262;262;0.243;33;234;234;233;234;0.557;49.98;540.0;0.251;593.0;0.113;683.3;0.092;60;0;0;0.496;0.672;0.504;77;106;78;49.98;49.98;49.98;7642;1000;0.0;0;0.0000;0;0;243;243;243
60;2014-06-10 06:38:00;909402N262;264;0.247;33;234;234;233;233;0.581;49.97;540.3;0.252;594.7;0.113;678.4;0.092;60;0;0;0.535;0.685;0.524;77;104;80;49.97;49.97;49.97;7642;1000;0.0;0;0.0000;0;0;247;247;247
60;2014-06-10 06:39:00;909402N262;266;0.253;33;233;234;232;233;0.578;49.99;539.8;0.254;592.7;0.114;677.4;0.093;60;0;0;0.561;0.658;0.515;82;103;79;49.99;49.99;49.99;7642;1000;0.0;0;0.0000;0;0;253;253;253
60;2014-06-10 06:40:00;909402N262;267;0.256;33;233;233;232;233;0.573;49.97;539.3;0.255;587.3;0.116;679.7;0.093;60;0;0;0.537;0.666;0.518;82;103;80;49.97;49.97;49.97;7642;1000;0.0;0;0.0000;0;0;256;256;256
60;2014-06-10 06:41:00;909402N262;269;0.260;33;232;233;232;233;0.567;49.96;540.6;0.256;586.3;0.117;682.0;0.094;60;0;0;0.534;0.661;0.506;83;104;79;49.96;49.96;49.96;7642;1000;0.0;0;0.0000;0;0;260;260;260
60;2014-06-10 06:42:00;909402N262;271;0.266;33;232;233;231;233;0.565;49.97;540.5;0.258;586.9;0.117;684.5;0.094;60;0;0;0.527;0.664;0.505;82;106;81;49.97;49.97;49.97;7642;1000;0.0;0;0.0000;0;0;266;266;266
60;2014-06-10 06:43:00;909402N262;273;0.270;33;232;233;232;233;0.563;49.97;537.0;0.261;587.6;0.117;686.7;0.094;60;0;0;0.525;0.663;0.501;84;106;80;49.97;49.97;49.97;7642;1000;0.0;0;0.0000;0;0;270;270;270
60;2014-06-10 06:44:00;909402N262;273;0.275;33;233;233;232;233;0.562;49.95;527.5;0.268;587.2;0.119;688.2;0.095;60;0;0;0.542;0.644;0.501;87;104;80;49.95;49.95;49.95;7642;1000;0.0;0;0.0000;0;0;275;275;275
60;2014-06-10 06:45:00;909402N262;275;0.279;34;235;235;235;235;0.578;49.96;525.1;0.271;586.1;0.121;687.3;0.096;60;0;0;0.547;0.676;0.513;85;107;81;49.96;49.96;49.96;7642;1000;0.0;0;0.0000;0;0;279;279;279
60;2014-06-10 06:46:00;909402N262;273;0.284;34;235;235;234;235;0.577;49.98;520.5;0.272;570.8;0.122;677.1;0.097;60;0;0;0.561;0.637;0.534;86;102;83;49.98;49.98;49.98;7642;1000;0.0;0;0.0000;0;0;284;284;284
60;2014-06-10 06:47:00;909402N262;278;0.289;34;234;235;234;235;0.587;49.98;532.0;0.271;587.6;0.121;683.5;0.097;60;0;0;0.545;0.681;0.535;86;108;84;49.98;49.98;49.98;7642;1000;0.0;0;0.0000;0;0;289;289;289
60;2014-06-10 06:48:00;909402N262;280;0.293;34;234;234;234;235;0.587;49.98;532.3;0.272;589.7;0.121;685.5;0.097;60;0;0;0.541;0.684;0.537;85;109;85;49.98;49.98;49.98;7642;1000;0.0;0;0.0000;0;0;293;293;293
60;2014-06-10 06:49:00;909402N262;282;0.299;34;235;235;235;235;0.591;49.99;527.1;0.277;591.9;0.121;687.2;0.097;60;0;0;0.561;0.677;0.535;88;108;84;49.99;49.99;49.99;7642;1000;0.0;0;0.0000;0;0;299;299;299
60;2014-06-10 06:50:00;909402N262;284;0.302;34;235;236;235;236;0.593;49.99;526.1;0.279;594.6;0.121;689.9;0.097;60;0;0;0.542;0.676;0.562;86;108;89;49.99;49.99;49.99;7642;1000;0.0;0;0.0000;0;0;302;302;302
60;2014-06-10 06:51:00;909402N262;286;0.308;34;235;236;235;236;0.593;49.97;528.5;0.280;596.7;0.122;692.4;0.097;60;0;0;0.564;0.667;0.549;89;107;88;49.97;49.97;49.97;7642;1000;0.0;0;0.0000;0;0;308;308;308
60;2014-06-10 06:52:00;909402N262;289;0.312;34;235;235;235;235;0.591;49.95;530.0;0.281;597.8;0.123;694.7;0.097;60;0;0;0.574;0.668;0.533;91;108;86;49.95;49.95;49.95;7642;1000;0.0;0;0.0000;0;0;312;312;312
60;2014-06-10 06:53:00;909402N262;290;0.317;34;235;235;235;236;0.591;49.95;534.2;0.281;596.3;0.124;696.4;0.098;60;0;0;0.530;0.709;0.535;84;115;88;49.95;49.95;49.95;7642;1000;0.0;0;0.0000;0;0;317;317;317
60;2014-06-10 06:54:00;909402N262;292;0.322;34;235;235;235;235;0.588;49.96;540.7;0.279;592.1;0.125;698.7;0.098;60;0;0;0.555;0.690;0.520;91;113;86;49.96;49.96;49.96;7642;1000;0.0;0;0.0000;0;0;322;322;322
60;2014-06-10 06:55:00;909402N262;294;0.327;34;235;235;234;235;0.585;49.98;538.2;0.282;592.3;0.126;699.3;0.099;60;0;0;0.539;0.687;0.530;89;115;88;49.98;49.98;49.98;7642;1000;0.0;0;0.0000;0;0;327;327;327
60;2014-06-10 06:56:00;909402N262;295;0.332;34;235;236;234;235;0.600;49.98;537.2;0.285;593.2;0.127;696.7;0.100;60;0;0;0.566;0.698;0.536;90;115;88;49.98;49.98;49.98;7642;1000;0.0;0;0.0000;0;0;332;332;332
60;2014-06-10 06:57:00;909402N262;297;0.337;34;235;236;235;235;0.621;49.99;543.3;0.284;593.4;0.128;687.9;0.102;60;0;0;0.571;0.733;0.560;89;118;87;49.99;49.99;49.99;7642;1000;0.0;0;0.0000;0;0;337;337;337
60;2014-06-10 06:58:00;909402N262;300;0.342;34;235;236;235;236;0.629;49.99;545.7;0.285;592.9;0.128;685.2;0.103;60;0;0;0.617;0.708;0.563;94;114;89;49.99;49.99;49.99;7642;1000;0.0;0;0.0000;0;0;342;342;342
60;2014-06-10 06:59:00;909402N262;302;0.346;34;236;236;235;236;0.641;50.02;545.5;0.288;593.5;0.130;685.3;0.104;60;0;0;0.606;0.726;0.591;92;115;93;50.02;50.02;50.02;7642;1000;0.0;0;0.0000;0;0;346;346;346
60;2014-06-10 07:00:00;909402N262;305;0.351;34;235;236;234;236;0.639;50.07;545.8;0.290;595.2;0.131;688.0;0.104;60;0;0;0.576;0.727;0.616;91;115;97;50.07;50.07;50.07;7642;1000;0.0;0;0.0000;0;0;351;351;351
[wr_ende]
