20140311;140004;danfoss;My Plant;+0100
[wr_def_start]
909402N262;Inverter Type;Inverter Group;Hanzl
[wr_def_end]
[wr]
INTERVAL;TIMESTAMP;SERIAL;P_AC;E_DAY;T_WR;U_AC;U_AC_1;U_AC_2;U_AC_3;I_AC;F_AC;U_DC_1;I_DC_1;U_DC_2;I_DC_2;U_DC_3;I_DC_3;S;E_WR;M_WR;I_AC_1;I_AC_2;I_AC_3;P_AC_1;P_AC_2;P_AC_3;F_AC_1;F_AC_2;F_AC_3;R_DC;PC;PCS;PCS_LL;COS_PHI;COS_PHI_LL;S_COS_PHI;Current_Day_Energy;current_Day_Offset;ccEnergyOfDay_WithoutOffset
60;2014-03-11 13:01:00;909402N262;10013;31.372;47;236;237;235;237;14.121;49.97;513.7;7.922;616.3;4.242;766.7;4.596;60;0;0;14.100;14.066;14.197;3333;3317;3361;49.97;49.97;49.97;11159;1000;0.0;0;0.0000;0;0;31372;31372;31372
60;2014-03-11 13:02:00;909402N262;10076;31.540;48;236;236;236;237;14.217;49.96;516.9;7.903;629.5;4.231;767.6;4.575;60;0;0;14.170;14.225;14.256;3346;3358;3370;49.96;49.96;49.96;11159;1000;0.0;0;0.0000;0;0;31540;31540;31540
60;2014-03-11 13:03:00;909402N262;10132;31.709;48;237;237;237;237;14.282;49.97;518.2;7.935;629.9;4.244;768.8;4.592;60;0;0;14.229;14.287;14.331;3364;3376;3389;49.97;49.97;49.97;11159;1000;0.0;0;0.0000;0;0;31709;31709;31709
60;2014-03-11 13:04:00;909402N262;10127;31.877;48;237;237;237;237;14.271;49.98;519.0;7.925;630.2;4.236;769.5;4.585;60;0;0;14.224;14.297;14.294;3366;3381;3378;49.98;49.98;49.98;11159;1000;0.0;0;0.0000;0;0;31877;31877;31877
60;2014-03-11 13:05:00;909402N262;10115;32.046;48;237;237;237;236;14.259;49.98;519.0;7.917;630.4;4.230;769.4;4.581;60;0;0;14.214;14.278;14.286;3363;3376;3375;49.98;49.98;49.98;11159;1000;0.0;0;0.0000;0;0;32046;32046;32046
60;2014-03-11 13:06:00;909402N262;10128;32.215;48;237;237;237;237;14.275;49.96;519.0;7.932;630.1;4.232;769.2;4.587;60;0;0;14.220;14.285;14.320;3362;3377;3386;49.96;49.96;49.96;11159;1000;0.0;0;0.0000;0;0;32215;32215;32215
60;2014-03-11 13:07:00;909402N262;10101;32.383;48;236;236;236;237;14.255;49.97;519.0;7.917;629.6;4.225;768.5;4.575;60;0;0;14.190;14.247;14.329;3351;3360;3388;49.97;49.97;49.97;11159;1000;0.0;0;0.0000;0;0;32383;32383;32383
60;2014-03-11 13:08:00;909402N262;10110;32.549;48;236;237;236;237;14.265;49.97;518.3;7.926;630.0;4.226;768.8;4.580;60;0;0;14.238;14.233;14.325;3367;3353;3387;49.97;49.97;49.97;11159;1000;0.0;0;0.0000;0;0;32549;32549;32549
60;2014-03-11 13:09:00;909402N262;10101;32.717;48;236;237;236;237;14.257;49.97;517.8;7.925;629.8;4.225;768.6;4.579;60;0;0;14.224;14.243;14.305;3362;3357;3381;49.97;49.97;49.97;11159;1000;0.0;0;0.0000;0;0;32717;32717;32717
60;2014-03-11 13:10:00;909402N262;10074;32.885;48;236;236;236;236;14.214;49.98;517.7;7.911;629.3;4.217;767.8;4.569;60;0;0;14.156;14.225;14.261;3343;3360;3369;49.98;49.98;49.98;11159;1000;0.0;0;0.0000;0;0;32885;32885;32885
60;2014-03-11 13:11:00;909402N262;10036;33.052;48;236;236;237;236;14.163;49.98;517.1;7.887;628.5;4.204;766.9;4.558;60;0;0;14.089;14.210;14.192;3323;3361;3349;49.98;49.98;49.98;11159;1000;0.0;0;0.0000;0;0;33052;33052;33052
60;2014-03-11 13:12:00;909402N262;10003;33.220;48;236;236;237;236;14.113;49.98;516.0;7.873;627.3;4.197;765.8;4.553;60;0;0;14.062;14.141;14.138;3322;3341;3337;49.98;49.98;49.98;11159;1000;0.0;0;0.0000;0;0;33220;33220;33220
60;2014-03-11 13:13:00;909402N262;9991;33.385;48;236;236;237;236;14.101;49.98;515.4;7.876;626.8;4.197;764.7;4.553;60;0;0;14.052;14.156;14.097;3319;3347;3323;49.98;49.98;49.98;11159;1000;0.0;0;0.0000;0;0;33385;33385;33385
60;2014-03-11 13:14:00;909402N262;9996;33.553;48;236;237;237;236;14.100;49.99;515.8;7.878;626.7;4.198;764.6;4.553;60;0;0;14.066;14.146;14.089;3326;3345;3323;49.99;49.99;49.99;11159;1000;0.0;0;0.0000;0;0;33553;33553;33553
60;2014-03-11 13:15:00;909402N262;9999;33.719;48;237;237;237;236;14.095;49.99;515.5;7.883;626.9;4.195;764.9;4.558;60;0;0;14.069;14.135;14.083;3330;3344;3323;49.99;49.99;49.99;11159;1000;0.0;0;0.0000;0;0;33719;33719;33719
60;2014-03-11 13:16:00;909402N262;9889;33.884;48;237;237;237;236;13.933;49.99;511.6;7.873;614.6;4.183;765.9;4.544;60;0;0;13.895;13.954;13.951;3286;3308;3293;49.99;49.99;49.99;11159;1000;0.0;0;0.0000;0;0;33884;33884;33884
60;2014-03-11 13:17:00;909402N262;9973;34.051;48;236;236;237;236;14.069;50.01;516.0;7.865;627.7;4.177;764.7;4.541;60;0;0;13.986;14.111;14.112;3299;3338;3333;50.01;50.01;50.01;11159;1000;0.0;0;0.0000;0;0;34051;34051;34051
60;2014-03-11 13:18:00;909402N262;9945;34.216;48;237;236;237;237;14.014;50.00;516.1;7.844;627.8;4.164;764.4;4.529;60;0;0;13.926;14.079;14.038;3287;3337;3318;50.00;50.00;50.00;11159;1000;0.0;0;0.0000;0;0;34216;34216;34216
60;2014-03-11 13:19:00;909402N262;9909;34.381;48;237;236;237;237;13.970;50.00;515.3;7.824;627.3;4.153;763.5;4.518;60;0;0;13.883;14.025;14.004;3275;3322;3310;50.00;50.00;50.00;11159;1000;0.0;0;0.0000;0;0;34381;34381;34381
60;2014-03-11 13:20:00;909402N262;9902;34.546;48;237;236;237;237;13.961;49.99;515.2;7.821;627.0;4.149;763.4;4.517;60;0;0;13.861;14.032;13.990;3269;3324;3307;49.99;49.99;49.99;11159;1000;0.0;0;0.0000;0;0;34546;34546;34546
60;2014-03-11 13:21:00;909402N262;9916;34.711;48;236;236;237;236;13.986;50.00;515.9;7.826;627.5;4.151;763.5;4.521;60;0;0;13.874;14.080;14.006;3269;3336;3309;50.00;50.00;50.00;11159;1000;0.0;0;0.0000;0;0;34711;34711;34711
60;2014-03-11 13:22:00;909402N262;9889;34.876;48;236;236;237;236;13.953;49.99;516.7;7.799;628.1;4.134;763.8;4.504;60;0;0;13.849;14.038;13.973;3265;3323;3299;49.99;49.99;49.99;11159;1000;0.0;0;0.0000;0;0;34876;34876;34876
60;2014-03-11 13:23:00;909402N262;9842;35.040;48;237;236;237;236;13.882;49.99;516.8;7.758;627.9;4.112;764.3;4.482;60;0;0;13.803;13.946;13.898;3260;3299;3281;49.99;49.99;49.99;11159;1000;0.0;0;0.0000;0;0;35040;35040;35040
60;2014-03-11 13:24:00;909402N262;9808;35.204;48;236;237;237;236;13.838;49.99;516.6;7.739;627.8;4.095;764.1;4.469;60;0;0;13.771;13.875;13.868;3254;3279;3273;49.99;49.99;49.99;11159;1000;0.0;0;0.0000;0;0;35204;35204;35204
60;2014-03-11 13:25:00;909402N262;9815;35.368;48;236;236;237;236;13.855;49.99;516.8;7.746;627.8;4.097;763.8;4.473;60;0;0;13.764;13.920;13.883;3246;3292;3275;49.99;49.99;49.99;11159;1000;0.0;0;0.0000;0;0;35368;35368;35368
60;2014-03-11 13:26:00;909402N262;9820;35.532;48;236;236;237;236;13.861;49.99;516.8;7.752;628.2;4.093;764.1;4.474;60;0;0;13.768;13.927;13.888;3249;3294;3276;49.99;49.99;49.99;11159;1000;0.0;0;0.0000;0;0;35532;35532;35532
60;2014-03-11 13:27:00;909402N262;9871;35.696;48;236;236;237;236;13.925;49.99;516.8;7.792;629.2;4.110;764.0;4.497;60;0;0;13.837;13.991;13.948;3268;3310;3291;49.99;49.99;49.99;11159;1000;0.0;0;0.0000;0;0;35696;35696;35696
60;2014-03-11 13:28:00;909402N262;9895;35.861;48;236;236;237;236;13.959;49.99;515.8;7.823;628.2;4.124;764.4;4.511;60;0;0;13.860;14.027;13.992;3271;3319;3303;49.99;49.99;49.99;11159;1000;0.0;0;0.0000;0;0;35861;35861;35861
60;2014-03-11 13:29:00;909402N262;9896;36.026;48;236;236;237;236;13.965;49.98;515.8;7.819;628.5;4.119;766.0;4.509;60;0;0;13.855;14.038;14.003;3265;3323;3306;49.98;49.98;49.98;11159;1000;0.0;0;0.0000;0;0;36026;36026;36026
60;2014-03-11 13:30:00;909402N262;9885;36.191;48;237;237;237;236;13.935;49.98;515.6;7.811;629.1;4.109;766.5;4.501;60;0;0;13.850;13.990;13.967;3272;3313;3298;49.98;49.98;49.98;11159;1000;0.0;0;0.0000;0;0;36191;36191;36191
60;2014-03-11 13:31:00;909402N262;9823;36.354;48;237;236;237;236;13.808;49.98;511.8;7.820;619.4;4.113;762.1;4.507;60;0;0;13.713;13.881;13.830;3240;3297;3275;49.98;49.98;49.98;11159;1000;0.0;0;0.0000;0;0;36354;36354;36354
60;2014-03-11 13:32:00;909402N262;9875;36.518;48;236;236;237;236;13.926;49.98;515.7;7.807;628.6;4.104;766.5;4.497;60;0;0;13.826;14.000;13.953;3264;3314;3295;49.98;49.98;49.98;11159;1000;0.0;0;0.0000;0;0;36518;36518;36518
60;2014-03-11 13:33:00;909402N262;9848;36.682;48;236;236;237;236;13.882;49.98;515.3;7.794;628.0;4.095;766.1;4.489;60;0;0;13.773;13.962;13.911;3252;3307;3287;49.98;49.98;49.98;11159;1000;0.0;0;0.0000;0;0;36682;36682;36682
60;2014-03-11 13:34:00;909402N262;9861;36.848;48;237;236;237;236;13.890;49.98;515.7;7.803;628.1;4.097;766.8;4.491;60;0;0;13.799;14.007;13.864;3262;3324;3273;49.98;49.98;49.98;11159;1000;0.0;0;0.0000;0;0;36848;36848;36848
60;2014-03-11 13:35:00;909402N262;9825;37.011;48;237;236;238;236;13.843;49.99;516.0;7.771;627.8;4.077;767.2;4.474;60;0;0;13.735;13.980;13.815;3241;3320;3262;49.99;49.99;49.99;11159;1000;0.0;0;0.0000;0;0;37011;37011;37011
60;2014-03-11 13:36:00;909402N262;9808;37.175;48;236;236;237;236;13.828;49.99;515.4;7.766;628.1;4.071;766.2;4.472;60;0;0;13.725;13.946;13.815;3235;3311;3260;49.99;49.99;49.99;11159;1000;0.0;0;0.0000;0;0;37175;37175;37175
60;2014-03-11 13:37:00;909402N262;9782;37.338;48;236;236;237;236;13.787;49.98;515.2;7.752;627.5;4.063;765.4;4.464;60;0;0;13.688;13.891;13.782;3229;3297;3253;49.98;49.98;49.98;11159;1000;0.0;0;0.0000;0;0;37338;37338;37338
60;2014-03-11 13:38:00;909402N262;9738;37.500;48;236;236;237;236;13.727;49.97;514.9;7.723;627.2;4.045;765.0;4.444;60;0;0;13.637;13.832;13.714;3217;3283;3236;49.97;49.97;49.97;11159;1000;0.0;0;0.0000;0;0;37500;37500;37500
60;2014-03-11 13:39:00;909402N262;9704;37.662;48;236;236;237;236;13.678;49.97;514.8;7.701;626.4;4.032;764.9;4.432;60;0;0;13.584;13.773;13.679;3206;3268;3228;49.97;49.97;49.97;11159;1000;0.0;0;0.0000;0;0;37662;37662;37662
60;2014-03-11 13:40:00;909402N262;9722;37.823;48;236;236;238;236;13.703;49.98;514.6;7.716;626.2;4.038;765.3;4.442;60;0;0;13.582;13.826;13.702;3200;3284;3235;49.98;49.98;49.98;11159;1000;0.0;0;0.0000;0;0;37823;37823;37823
60;2014-03-11 13:41:00;909402N262;9699;37.985;48;236;236;237;236;13.675;49.98;514.4;7.698;625.8;4.030;765.6;4.431;60;0;0;13.601;13.766;13.658;3212;3265;3221;49.98;49.98;49.98;11159;1000;0.0;0;0.0000;0;0;37985;37985;37985
60;2014-03-11 13:42:00;909402N262;9706;38.147;48;235;235;235;235;13.760;49.97;515.7;7.694;627.0;4.023;766.1;4.427;60;0;0;13.683;13.821;13.778;3212;3254;3237;49.97;49.97;49.97;11159;1000;0.0;0;0.0000;0;0;38147;38147;38147
60;2014-03-11 13:43:00;909402N262;9718;38.309;48;234;234;234;234;13.845;49.97;516.1;7.700;628.1;4.022;766.8;4.429;60;0;0;13.785;13.882;13.869;3222;3252;3243;49.97;49.97;49.97;11159;1000;0.0;0;0.0000;0;0;38309;38309;38309
60;2014-03-11 13:44:00;909402N262;9710;38.471;48;234;234;234;234;13.824;49.98;515.6;7.700;627.6;4.019;767.2;4.425;60;0;0;13.759;13.862;13.853;3218;3249;3241;49.98;49.98;49.98;11159;1000;0.0;0;0.0000;0;0;38471;38471;38471
60;2014-03-11 13:45:00;909402N262;9693;38.632;48;234;234;235;234;13.786;49.97;515.4;7.689;627.9;4.013;765.7;4.421;60;0;0;13.689;13.866;13.805;3202;3257;3231;49.97;49.97;49.97;11159;1000;0.0;0;0.0000;0;0;38632;38632;38632
60;2014-03-11 13:46:00;909402N262;9598;38.794;48;235;234;235;235;13.627;49.98;512.4;7.681;614.1;4.011;765.5;4.419;60;0;0;13.509;13.704;13.670;3160;3228;3208;49.98;49.98;49.98;11159;1000;0.0;0;0.0000;0;0;38794;38794;38794
60;2014-03-11 13:47:00;909402N262;9663;38.956;48;235;234;235;235;13.726;49.98;516.5;7.658;628.3;3.992;765.5;4.409;60;0;0;13.601;13.822;13.757;3183;3249;3229;49.98;49.98;49.98;11159;1000;0.0;0;0.0000;0;0;38956;38956;38956
60;2014-03-11 13:48:00;909402N262;9657;39.118;48;235;234;235;235;13.710;49.98;516.7;7.655;628.2;3.986;765.6;4.408;60;0;0;13.591;13.817;13.723;3185;3249;3221;49.98;49.98;49.98;11159;1000;0.0;0;0.0000;0;0;39118;39118;39118
60;2014-03-11 13:49:00;909402N262;9672;39.279;48;235;235;235;234;13.729;50.00;517.0;7.669;627.8;3.992;765.2;4.415;60;0;0;13.628;13.818;13.743;3198;3250;3222;50.00;50.00;50.00;11159;1000;0.0;0;0.0000;0;0;39279;39279;39279
60;2014-03-11 13:50:00;909402N262;9693;39.441;48;235;235;235;234;13.757;50.00;517.4;7.682;627.7;3.995;766.4;4.418;60;0;0;13.666;13.838;13.769;3208;3255;3227;50.00;50.00;50.00;11159;1000;0.0;0;0.0000;0;0;39441;39441;39441
60;2014-03-11 13:51:00;909402N262;9709;39.602;48;235;234;236;235;13.781;49.99;518.9;7.681;629.1;3.991;767.8;4.415;60;0;0;13.668;13.923;13.753;3203;3280;3225;49.99;49.99;49.99;11159;1000;0.0;0;0.0000;0;0;39602;39602;39602
60;2014-03-11 13:52:00;909402N262;9690;39.763;48;235;235;236;235;13.732;50.00;518.5;7.670;629.2;3.984;767.6;4.407;60;0;0;13.616;13.823;13.758;3198;3260;3232;50.00;50.00;50.00;11159;1000;0.0;0;0.0000;0;0;39763;39763;39763
60;2014-03-11 13:53:00;909402N262;9656;39.924;48;235;235;236;235;13.686;50.01;518.5;7.646;629.2;3.966;767.6;4.393;60;0;0;13.578;13.764;13.718;3190;3243;3221;50.01;50.01;50.01;11159;1000;0.0;0;0.0000;0;0;39924;39924;39924
60;2014-03-11 13:54:00;909402N262;9641;40.084;48;235;234;236;235;13.687;50.00;517.4;7.642;629.0;3.964;766.3;4.396;60;0;0;13.564;13.792;13.707;3177;3248;3215;50.00;50.00;50.00;11159;1000;0.0;0;0.0000;0;0;40084;40084;40084
60;2014-03-11 13:55:00;909402N262;9624;40.245;48;234;233;235;234;13.699;49.99;516.4;7.639;628.3;3.960;765.6;4.394;60;0;0;13.578;13.831;13.690;3167;3251;3204;49.99;49.99;49.99;11159;1000;0.0;0;0.0000;0;0;40245;40245;40245
60;2014-03-11 13:56:00;909402N262;9614;40.403;48;234;234;235;234;13.693;50.00;515.9;7.646;627.4;3.959;764.5;4.396;60;0;0;13.601;13.810;13.669;3178;3243;3192;50.00;50.00;50.00;11159;1000;0.0;0;0.0000;0;0;40403;40403;40403
60;2014-03-11 13:57:00;909402N262;9616;40.563;48;234;233;235;233;13.713;49.99;516.2;7.646;627.9;3.956;764.7;4.396;60;0;0;13.627;13.821;13.692;3179;3241;3194;49.99;49.99;49.99;11159;1000;0.0;0;0.0000;0;0;40563;40563;40563
60;2014-03-11 13:58:00;909402N262;9625;40.724;48;234;233;235;233;13.718;50.00;517.1;7.649;627.9;3.953;764.9;4.396;60;0;0;13.628;13.830;13.697;3181;3246;3197;50.00;50.00;50.00;11159;1000;0.0;0;0.0000;0;0;40724;40724;40724
60;2014-03-11 13:59:00;909402N262;9625;40.884;48;234;233;235;234;13.711;50.01;517.5;7.647;628.2;3.949;765.1;4.394;60;0;0;13.614;13.823;13.698;3177;3247;3199;50.01;50.01;50.01;11159;1000;0.0;0;0.0000;0;0;40884;40884;40884
60;2014-03-11 14:00:00;909402N262;9605;41.044;48;234;234;235;234;13.669;50.02;518.0;7.631;628.2;3.938;765.4;4.382;60;0;0;13.588;13.770;13.649;3180;3235;3189;50.02;50.02;50.02;11159;1000;0.0;0;0.0000;0;0;41044;41044;41044
[wr_ende]
