20140218;120000;danfoss;My Plant;+0100
[wr_def_start]
909402N262;Inverter Type;Inverter Group;Hanzl
[wr_def_end]
[wr]
INTERVAL;TIMESTAMP;SERIAL;P_AC;E_DAY;T_WR;U_AC;U_AC_1;U_AC_2;U_AC_3;I_AC;F_AC;U_DC_1;I_DC_1;U_DC_2;I_DC_2;U_DC_3;I_DC_3;S;E_WR;M_WR;I_AC_1;I_AC_2;I_AC_3;P_AC_1;P_AC_2;P_AC_3;F_AC_1;F_AC_2;F_AC_3;R_DC;PC;PCS;PCS_LL;COS_PHI;COS_PHI_LL;S_COS_PHI;Current_Day_Energy;current_Day_Offset;ccEnergyOfDay_WithoutOffset
60;2014-02-18 11:01:00;909402N262;2144;3.392;31;233;232;235;232;3.115;49.96;587.4;1.469;658.6;0.910;794.0;0.885;60;0;0;3.049;3.168;3.129;697;731;715;49.96;49.96;49.96;6016;1000;0.0;0;0.0000;0;0;3392;3392;3392
60;2014-02-18 11:02:00;909402N262;2087;3.427;31;233;232;234;232;3.033;49.95;590.7;1.415;680.9;0.872;795.3;0.853;60;0;0;2.966;3.087;3.048;677;711;697;49.95;49.95;49.95;6016;1000;0.0;0;0.0000;0;0;3427;3427;3427
60;2014-02-18 11:03:00;909402N262;2022;3.461;31;233;232;234;232;2.944;49.95;590.1;1.369;680.4;0.848;795.2;0.827;60;0;0;2.888;2.991;2.955;658;688;675;49.95;49.95;49.95;6016;1000;0.0;0;0.0000;0;0;3461;3461;3461
60;2014-02-18 11:04:00;909402N262;1968;3.494;31;232;232;234;232;2.871;49.96;589.4;1.341;679.8;0.823;795.0;0.802;60;0;0;2.826;2.911;2.877;643;668;655;49.96;49.96;49.96;6016;1000;0.0;0;0.0000;0;0;3494;3494;3494
60;2014-02-18 11:05:00;909402N262;1954;3.527;31;232;232;233;232;2.854;49.96;589.4;1.332;679.3;0.817;794.9;0.796;60;0;0;2.800;2.901;2.861;637;664;651;49.97;49.97;49.97;6016;1000;0.0;0;0.0000;0;0;3527;3527;3527
60;2014-02-18 11:06:00;909402N262;1874;3.559;31;232;232;233;232;2.752;49.97;588.5;1.285;678.1;0.784;794.5;0.761;60;0;0;2.694;2.805;2.757;610;637;626;49.97;49.97;49.97;6016;1000;0.0;0;0.0000;0;0;3559;3559;3559
60;2014-02-18 11:07:00;909402N262;1828;3.589;31;232;232;232;232;2.697;49.97;587.9;1.258;676.9;0.766;793.0;0.742;60;0;0;2.651;2.761;2.681;597;623;605;49.97;49.97;49.97;6016;1000;0.0;0;0.0000;0;0;3589;3589;3589
60;2014-02-18 11:08:00;909402N262;1769;3.617;31;232;231;232;232;2.624;49.96;587.0;1.220;675.3;0.744;789.1;0.721;60;0;0;2.569;2.682;2.622;574;602;591;49.96;49.96;49.96;6016;1000;0.0;0;0.0000;0;0;3617;3617;3617
60;2014-02-18 11:09:00;909402N262;1731;3.647;31;232;231;232;233;2.568;49.96;587.8;1.195;675.0;0.726;787.9;0.706;60;0;0;2.511;2.620;2.574;561;586;581;49.96;49.96;49.96;6016;1000;0.0;0;0.0000;0;0;3647;3647;3647
60;2014-02-18 11:10:00;909402N262;1684;3.675;31;232;231;232;233;2.499;49.97;587.2;1.162;674.3;0.708;789.8;0.685;60;0;0;2.445;2.549;2.505;545;572;565;49.97;49.97;49.97;6016;1000;0.0;0;0.0000;0;0;3675;3675;3675
60;2014-02-18 11:11:00;909402N262;1669;3.703;31;232;231;232;233;2.476;49.97;587.6;1.152;674.4;0.702;790.3;0.679;60;0;0;2.410;2.516;2.504;538;564;565;49.97;49.97;49.97;6016;1000;0.0;0;0.0000;0;0;3703;3703;3703
60;2014-02-18 11:12:00;909402N262;1664;3.730;31;232;231;232;234;2.465;49.99;590.3;1.139;674.4;0.701;791.3;0.677;60;0;0;2.408;2.506;2.483;538;562;563;49.99;49.99;49.99;6016;1000;0.0;0;0.0000;0;0;3730;3730;3730
60;2014-02-18 11:13:00;909402N262;1607;3.757;31;232;231;232;234;2.387;50.01;591.7;1.102;674.3;0.674;786.6;0.657;60;0;0;2.325;2.424;2.413;517;543;544;50.01;50.01;50.01;6016;1000;0.0;0;0.0000;0;0;3757;3757;3757
60;2014-02-18 11:14:00;909402N262;1530;3.783;31;232;231;233;233;2.280;50.00;592.2;1.051;673.0;0.643;783.6;0.625;60;0;0;2.214;2.322;2.304;491;519;518;50.00;50.00;50.00;6016;1000;0.0;0;0.0000;0;0;3783;3783;3783
60;2014-02-18 11:15:00;909402N262;1445;3.806;31;232;231;233;233;2.156;49.99;593.0;0.991;671.3;0.611;781.4;0.591;60;0;0;2.100;2.200;2.170;465;492;486;49.99;49.99;49.99;6016;1000;0.0;0;0.0000;0;0;3806;3806;3806
60;2014-02-18 11:16:00;909402N262;1402;3.830;31;232;230;233;233;2.101;49.97;587.4;0.974;664.1;0.599;773.9;0.580;60;0;0;2.043;2.149;2.113;450;478;472;49.97;49.97;49.97;6016;1000;0.0;0;0.0000;0;0;3830;3830;3830
60;2014-02-18 11:17:00;909402N262;1363;3.853;31;232;230;233;233;2.071;49.98;592.2;0.935;669.1;0.578;783.9;0.557;60;0;0;2.011;2.118;2.086;436;465;460;49.98;49.98;49.98;6016;1000;0.0;0;0.0000;0;0;3853;3853;3853
60;2014-02-18 11:18:00;909402N262;1297;3.874;31;232;229;233;233;1.965;49.98;590.8;0.892;667.7;0.551;790.7;0.527;60;0;0;1.902;2.014;1.980;413;444;438;49.98;49.98;49.98;6016;1000;0.0;0;0.0000;0;0;3874;3874;3874
60;2014-02-18 11:19:00;909402N262;1257;3.895;31;232;229;233;233;1.921;49.97;587.9;0.864;667.9;0.535;784.7;0.516;60;0;0;1.863;1.971;1.931;401;431;422;49.97;49.97;49.97;6016;1000;0.0;0;0.0000;0;0;3895;3895;3895
60;2014-02-18 11:20:00;909402N262;1213;3.915;31;232;229;233;233;1.860;49.98;586.3;0.834;667.4;0.519;785.8;0.498;60;0;0;1.795;1.910;1.875;385;417;408;49.98;49.98;49.98;6016;1000;0.0;0;0.0000;0;0;3915;3915;3915
60;2014-02-18 11:21:00;909402N262;1329;3.938;31;232;230;233;233;2.017;49.98;586.4;0.916;670.8;0.565;786.0;0.545;60;0;0;1.958;2.060;2.035;425;454;448;49.98;49.98;49.98;6016;1000;0.0;0;0.0000;0;0;3938;3938;3938
60;2014-02-18 11:22:00;909402N262;1408;3.961;31;232;231;233;233;2.137;49.99;589.1;0.957;673.2;0.599;782.8;0.582;60;0;0;2.081;2.190;2.142;453;481;472;49.99;49.99;49.99;6016;1000;0.0;0;0.0000;0;0;3961;3961;3961
60;2014-02-18 11:23:00;909402N262;1348;3.984;31;232;231;233;233;2.050;49.99;591.4;0.920;672.0;0.572;783.6;0.554;60;0;0;1.998;2.091;2.063;434;459;454;49.99;49.99;49.99;6016;1000;0.0;0;0.0000;0;0;3984;3984;3984
60;2014-02-18 11:24:00;909402N262;1429;4.008;31;232;231;233;233;2.161;49.98;595.5;0.973;672.8;0.603;783.8;0.585;60;0;0;2.100;2.211;2.173;459;487;480;49.98;49.98;49.98;6016;1000;0.0;0;0.0000;0;0;4008;4008;4008
60;2014-02-18 11:25:00;909402N262;1522;4.034;31;232;231;233;233;2.297;49.99;595.4;1.040;674.7;0.640;785.9;0.622;60;0;0;2.233;2.349;2.311;490;519;513;49.99;49.99;49.99;6016;1000;0.0;0;0.0000;0;0;4034;4034;4034
60;2014-02-18 11:26:00;909402N262;1601;4.061;32;232;231;232;233;2.406;49.99;592.6;1.102;675.9;0.670;788.1;0.651;60;0;0;2.340;2.458;2.421;517;544;539;49.99;49.99;49.99;6016;1000;0.0;0;0.0000;0;0;4061;4061;4061
60;2014-02-18 11:27:00;909402N262;1736;4.090;32;232;231;232;233;2.573;49.98;591.6;1.198;677.5;0.724;794.8;0.699;60;0;0;2.516;2.614;2.589;563;586;586;49.98;49.98;49.98;6016;1000;0.0;0;0.0000;0;0;4090;4090;4090
60;2014-02-18 11:28:00;909402N262;1895;4.120;32;232;231;232;233;2.795;49.99;595.2;1.295;679.4;0.791;795.1;0.764;60;0;0;2.731;2.849;2.806;614;642;638;49.99;49.99;49.99;6016;1000;0.0;0;0.0000;0;0;4120;4120;4120
60;2014-02-18 11:29:00;909402N262;1993;4.153;32;232;231;233;234;2.926;50.01;596.7;1.344;681.0;0.834;794.9;0.809;60;0;0;2.863;2.967;2.949;645;672;673;50.01;50.01;50.01;6016;1000;0.0;0;0.0000;0;0;4153;4153;4153
60;2014-02-18 11:30:00;909402N262;1995;4.188;32;233;232;233;234;2.928;50.01;597.8;1.336;681.2;0.836;795.0;0.815;60;0;0;2.866;2.959;2.960;647;671;676;50.01;50.01;50.01;6016;1000;0.0;0;0.0000;0;0;4188;4188;4188
60;2014-02-18 11:31:00;909402N262;2025;4.221;32;232;231;232;234;2.966;49.99;591.7;1.368;667.7;0.861;795.4;0.838;60;0;0;2.900;3.003;2.997;656;681;686;49.99;49.99;49.99;6016;1000;0.0;0;0.0000;0;0;4221;4221;4221
60;2014-02-18 11:32:00;909402N262;2007;4.255;32;232;231;232;233;2.948;49.98;596.8;1.340;682.2;0.842;794.9;0.822;60;0;0;2.882;2.981;2.982;650;675;680;49.98;49.98;49.98;6016;1000;0.0;0;0.0000;0;0;4255;4255;4255
60;2014-02-18 11:33:00;909402N262;2010;4.289;32;232;231;232;234;2.951;49.99;597.9;1.346;681.5;0.842;794.9;0.821;60;0;0;2.890;2.978;2.985;652;674;682;49.99;49.99;49.99;6016;1000;0.0;0;0.0000;0;0;4289;4289;4289
60;2014-02-18 11:34:00;909402N262;2042;4.322;32;232;231;232;234;2.991;49.98;597.3;1.372;681.5;0.855;795.0;0.833;60;0;0;2.920;3.025;3.030;659;687;694;49.98;49.98;49.98;6016;1000;0.0;0;0.0000;0;0;4322;4322;4322
60;2014-02-18 11:35:00;909402N262;2070;4.357;32;232;231;232;234;3.030;49.97;594.5;1.398;681.1;0.866;794.8;0.843;60;0;0;2.961;3.056;3.073;669;695;704;49.97;49.97;49.97;6016;1000;0.0;0;0.0000;0;0;4357;4357;4357
60;2014-02-18 11:36:00;909402N262;2055;4.391;32;233;231;233;234;3.008;50.00;594.1;1.379;681.1;0.866;795.0;0.841;60;0;0;2.934;3.041;3.049;663;691;699;50.00;50.00;50.00;6016;1000;0.0;0;0.0000;0;0;4391;4391;4391
60;2014-02-18 11:37:00;909402N262;1958;4.424;32;233;231;233;234;2.877;49.98;592.8;1.308;680.1;0.830;794.8;0.804;60;0;0;2.809;2.915;2.908;633;659;664;49.98;49.98;49.98;6016;1000;0.0;0;0.0000;0;0;4424;4424;4424
60;2014-02-18 11:38:00;909402N262;1798;4.453;32;233;231;233;234;2.672;49.98;592.0;1.211;679.0;0.761;792.7;0.736;60;0;0;2.606;2.726;2.684;581;610;606;49.98;49.98;49.98;6016;1000;0.0;0;0.0000;0;0;4453;4453;4453
60;2014-02-18 11:39:00;909402N262;1777;4.483;32;233;232;233;234;2.640;49.98;590.4;1.219;676.7;0.747;792.4;0.720;60;0;0;2.576;2.690;2.654;574;602;599;49.99;49.99;49.99;6016;1000;0.0;0;0.0000;0;0;4483;4483;4483
60;2014-02-18 11:40:00;909402N262;1938;4.515;32;233;232;232;234;2.850;49.98;591.6;1.315;678.8;0.816;794.9;0.787;60;0;0;2.787;2.891;2.872;628;654;654;49.98;49.98;49.98;6016;1000;0.0;0;0.0000;0;0;4515;4515;4515
60;2014-02-18 11:41:00;909402N262;1866;4.546;32;233;232;233;233;2.758;49.98;591.7;1.248;678.5;0.796;793.5;0.765;60;0;0;2.691;2.809;2.776;604;632;628;49.98;49.98;49.98;6016;1000;0.0;0;0.0000;0;0;4546;4546;4546
60;2014-02-18 11:42:00;909402N262;1601;4.573;32;233;232;233;233;2.410;49.97;592.3;1.066;675.4;0.687;785.1;0.665;60;0;0;2.358;2.450;2.423;519;541;538;49.97;49.97;49.97;6016;1000;0.0;0;0.0000;0;0;4573;4573;4573
60;2014-02-18 11:43:00;909402N262;1509;4.598;32;233;232;233;233;2.282;49.97;589.6;1.021;673.2;0.644;781.9;0.625;60;0;0;2.231;2.323;2.292;490;511;507;49.97;49.97;49.97;6016;1000;0.0;0;0.0000;0;0;4598;4598;4598
60;2014-02-18 11:44:00;909402N262;1508;4.623;32;233;232;232;234;2.281;49.99;586.1;1.031;672.8;0.642;781.7;0.624;60;0;0;2.235;2.309;2.299;490;506;509;49.99;49.99;49.99;6016;1000;0.0;0;0.0000;0;0;4623;4623;4623
60;2014-02-18 11:45:00;909402N262;1478;4.648;32;232;232;232;234;2.240;49.99;586.0;1.009;671.7;0.630;782.2;0.614;60;0;0;2.194;2.268;2.260;481;496;500;49.99;49.99;49.99;6016;1000;0.0;0;0.0000;0;0;4648;4648;4648
60;2014-02-18 11:46:00;909402N262;1429;4.672;32;232;232;232;233;2.166;49.97;582.8;0.976;665.5;0.620;781.4;0.603;60;0;0;2.119;2.202;2.177;465;482;481;49.97;49.97;49.97;6016;1000;0.0;0;0.0000;0;0;4672;4672;4672
60;2014-02-18 11:47:00;909402N262;1404;4.696;32;233;232;232;233;2.133;49.97;585.6;0.946;671.5;0.608;781.5;0.586;60;0;0;2.086;2.168;2.147;456;473;473;49.97;49.97;49.97;6016;1000;0.0;0;0.0000;0;0;4696;4696;4696
60;2014-02-18 11:48:00;909402N262;1300;4.717;32;233;232;232;234;1.977;49.99;584.5;0.875;672.3;0.562;785.2;0.542;60;0;0;1.931;2.012;1.988;421;440;437;49.99;49.99;49.99;6016;1000;0.0;0;0.0000;0;0;4717;4717;4717
60;2014-02-18 11:49:00;909402N262;1214;4.737;32;233;232;232;234;1.864;50.00;583.9;0.824;669.9;0.523;782.8;0.506;60;0;0;1.827;1.894;1.873;395;411;407;50.00;50.00;50.00;6016;1000;0.0;0;0.0000;0;0;4737;4737;4737
60;2014-02-18 11:50:00;909402N262;1160;4.757;32;233;232;232;234;1.790;49.99;583.4;0.790;666.8;0.502;785.5;0.479;60;0;0;1.760;1.828;1.783;379;394;385;49.99;49.99;49.99;6016;1000;0.0;0;0.0000;0;0;4757;4757;4757
60;2014-02-18 11:51:00;909402N262;1112;4.775;32;233;232;232;234;1.721;49.99;584.4;0.763;665.6;0.481;788.7;0.455;60;0;0;1.697;1.757;1.711;363;377;369;49.99;49.99;49.99;6016;1000;0.0;0;0.0000;0;0;4775;4775;4775
60;2014-02-18 11:52:00;909402N262;1067;4.793;32;233;232;232;234;1.673;50.00;583.5;0.736;662.8;0.461;788.9;0.436;60;0;0;1.643;1.694;1.684;347;359;358;50.00;50.01;50.00;6016;1000;0.0;0;0.0000;0;0;4793;4793;4793
60;2014-02-18 11:53:00;909402N262;994;4.810;32;232;231;231;234;1.577;50.00;584.3;0.687;661.1;0.430;790.2;0.406;60;0;0;1.539;1.606;1.588;320;338;334;50.00;50.00;50.00;6016;1000;0.0;0;0.0000;0;0;4810;4810;4810
60;2014-02-18 11:54:00;909402N262;1036;4.828;32;232;231;232;235;1.625;50.00;585.0;0.713;662.4;0.450;790.5;0.424;60;0;0;1.583;1.651;1.641;333;351;349;50.00;50.00;50.00;6016;1000;0.0;0;0.0000;0;0;4828;4828;4828
60;2014-02-18 11:55:00;909402N262;1131;4.846;32;232;231;231;234;1.740;49.99;585.0;0.775;666.5;0.489;791.5;0.462;60;0;0;1.708;1.767;1.746;368;383;379;49.99;49.99;49.99;6016;1000;0.0;0;0.0000;0;0;4846;4846;4846
60;2014-02-18 11:56:00;909402N262;1187;4.866;32;233;231;232;235;1.812;49.99;586.9;0.809;667.3;0.512;789.0;0.486;60;0;0;1.762;1.845;1.830;382;402;401;49.99;49.99;49.99;6016;1000;0.0;0;0.0000;0;0;4866;4866;4866
60;2014-02-18 11:57:00;909402N262;1187;4.886;32;233;231;232;235;1.812;50.01;587.3;0.807;667.7;0.512;787.8;0.489;60;0;0;1.763;1.841;1.834;382;401;402;50.01;50.01;50.01;6016;1000;0.0;0;0.0000;0;0;4886;4886;4886
60;2014-02-18 11:58:00;909402N262;1220;4.906;32;233;232;233;235;1.856;49.99;586.9;0.828;668.6;0.527;786.7;0.503;60;0;0;1.795;1.898;1.876;390;415;412;49.99;49.99;49.99;6016;1000;0.0;0;0.0000;0;0;4906;4906;4906
60;2014-02-18 11:59:00;909402N262;1244;4.927;32;233;232;234;235;1.893;50.00;585.6;0.847;669.4;0.538;785.6;0.512;60;0;0;1.835;1.935;1.910;398;425;420;50.00;50.00;50.00;6016;1000;0.0;0;0.0000;0;0;4927;4927;4927
60;2014-02-18 12:00:00;909402N262;1272;4.948;32;234;232;234;235;1.920;50.00;584.7;0.871;670.1;0.546;791.0;0.520;60;0;0;1.862;1.955;1.944;407;432;431;50.00;50.00;50.00;6016;1000;0.0;0;0.0000;0;0;4948;4948;4948
[wr_ende]
