20150331;090005;danfoss;My Plant;+0100
[wr_def_start]
909402N262;Inverter Type;Inverter Group;Hanzl
[wr_def_end]
[wr]
INTERVAL;TIMESTAMP;SERIAL;P_AC;E_DAY;T_WR;U_AC;U_AC_1;U_AC_2;U_AC_3;I_AC;F_AC;U_DC_1;I_DC_1;U_DC_2;I_DC_2;U_DC_3;I_DC_3;S;E_WR;M_WR;I_AC_1;I_AC_2;I_AC_3;P_AC_1;P_AC_2;P_AC_3;F_AC_1;F_AC_2;F_AC_3;R_DC;PC;PCS;PCS_LL;COS_PHI;COS_PHI_LL;S_COS_PHI;Current_Day_Energy;current_Day_Offset;ccEnergyOfDay_WithoutOffset
60;2015-03-31 08:01:00;909402N262;226;0.144;26;233;233;233;234;0.462;49.99;537.3;0.179;579.8;0.105;686.7;0.097;60;0;0;0.421;0.552;0.413;69;88;66;49.99;49.99;49.99;29741;1000;0.0;0;1.0000;0;2;144;144;144
60;2015-03-31 08:02:00;909402N262;232;0.148;26;233;234;233;234;0.466;50.00;541.6;0.182;587.1;0.105;700.6;0.097;60;0;0;0.417;0.555;0.428;69;90;70;50.00;50.00;50.00;29741;1000;0.0;0;1.0000;0;2;148;148;148
60;2015-03-31 08:03:00;909402N262;231;0.152;26;233;233;233;233;0.471;50.00;542.7;0.182;586.8;0.105;700.2;0.097;60;0;0;0.416;0.559;0.438;69;89;72;50.00;50.00;50.00;29741;1000;0.0;0;1.0000;0;2;152;152;152
60;2015-03-31 08:04:00;909402N262;224;0.156;26;233;232;233;233;0.445;50.00;545.8;0.175;587.9;0.100;702.9;0.092;60;0;0;0.396;0.557;0.384;65;92;64;50.00;50.00;50.00;29741;1000;0.0;0;1.0000;0;2;156;156;156
60;2015-03-31 08:05:00;909402N262;216;0.159;26;233;233;233;233;0.445;49.99;544.4;0.171;583.7;0.097;694.1;0.089;60;0;0;0.412;0.529;0.395;67;83;64;49.99;49.99;49.99;29741;1000;0.0;0;1.0000;0;2;159;159;159
60;2015-03-31 08:06:00;909402N262;223;0.163;26;233;233;232;233;0.446;50.00;543.9;0.176;589.1;0.098;701.9;0.092;60;0;0;0.385;0.565;0.389;63;92;65;50.00;50.00;50.00;29741;1000;0.0;0;1.0000;0;2;163;163;163
60;2015-03-31 08:07:00;909402N262;230;0.166;26;232;232;231;232;0.465;50.00;541.4;0.183;586.5;0.104;699.9;0.097;60;0;0;0.413;0.560;0.422;69;90;69;50.00;50.00;50.00;29741;1000;0.0;0;1.0000;0;2;166;166;166
60;2015-03-31 08:08:00;909402N262;235;0.171;26;232;232;231;232;0.466;49.99;543.4;0.185;587.7;0.105;702.2;0.098;60;0;0;0.416;0.574;0.410;70;95;68;49.99;49.99;49.99;29741;1000;0.0;0;1.0000;0;2;171;171;171
60;2015-03-31 08:09:00;909402N262;239;0.176;27;232;233;231;233;0.478;49.98;543.9;0.189;590.2;0.107;702.4;0.100;60;0;0;0.440;0.563;0.432;74;92;71;49.98;49.98;49.98;29741;1000;0.0;0;1.0000;0;2;176;176;176
60;2015-03-31 08:10:00;909402N262;236;0.179;27;234;234;233;235;0.476;49.99;543.7;0.186;588.5;0.106;701.2;0.099;60;0;0;0.424;0.569;0.436;70;93;71;49.99;49.99;49.99;29741;1000;0.0;0;1.0000;0;2;179;179;179
60;2015-03-31 08:11:00;909402N262;235;0.183;27;234;234;233;235;0.473;49.99;543.3;0.185;587.1;0.105;700.4;0.098;60;0;0;0.427;0.573;0.420;71;93;68;49.99;49.99;49.99;29741;1000;0.0;0;1.0000;0;2;183;183;183
60;2015-03-31 08:12:00;909402N262;237;0.186;27;234;234;233;234;0.481;49.99;545.5;0.188;589.0;0.107;699.7;0.100;60;0;0;0.429;0.577;0.438;70;95;71;49.99;49.99;49.99;29741;1000;0.0;0;1.0000;0;2;186;186;186
60;2015-03-31 08:13:00;909402N262;248;0.191;27;236;236;235;236;0.502;49.99;547.9;0.198;593.3;0.110;705.9;0.103;60;0;0;0.442;0.609;0.457;72;100;74;49.99;49.99;49.99;29741;1000;0.0;0;1.0000;0;2;191;191;191
60;2015-03-31 08:14:00;909402N262;287;0.196;27;233;233;233;234;0.555;49.99;552.4;0.227;601.4;0.125;717.3;0.118;60;0;0;0.521;0.672;0.473;88;115;82;49.99;49.99;49.99;29741;1000;0.0;0;1.0000;0;2;196;196;196
60;2015-03-31 08:15:00;909402N262;328;0.202;27;233;232;233;233;0.617;49.98;557.7;0.256;609.3;0.142;725.3;0.134;60;0;0;0.594;0.684;0.575;105;120;102;49.98;49.98;49.98;29741;1000;0.0;0;1.0000;0;2;202;202;202
60;2015-03-31 08:16:00;909402N262;381;0.208;27;232;231;232;233;0.712;49.99;559.7;0.296;598.9;0.168;736.7;0.159;60;0;0;0.688;0.803;0.647;121;143;115;49.99;49.99;49.99;29741;1000;0.0;0;1.0000;0;2;208;208;208
60;2015-03-31 08:17:00;909402N262;484;0.215;27;232;232;231;233;1.308;49.98;570.3;0.360;631.2;0.206;751.1;0.195;60;0;0;1.292;1.315;1.317;153;164;165;49.98;49.98;49.98;29741;1000;0.0;0;1.0000;0;2;215;215;215
60;2015-03-31 08:18:00;909402N262;570;0.225;27;234;233;233;235;1.383;49.97;570.4;0.420;639.3;0.242;759.5;0.228;60;0;0;1.357;1.395;1.399;179;194;195;49.97;49.97;49.97;29741;1000;0.0;0;1.0000;0;2;225;225;225
60;2015-03-31 08:19:00;909402N262;600;0.235;27;234;234;234;235;1.410;49.98;570.7;0.440;643.3;0.254;764.7;0.239;60;0;0;1.382;1.423;1.427;189;205;205;49.98;49.98;49.98;29741;1000;0.0;0;1.0000;0;2;235;235;235
60;2015-03-31 08:20:00;909402N262;584;0.244;27;234;234;234;235;1.393;49.97;571.6;0.426;640.4;0.249;759.9;0.234;60;0;0;1.366;1.405;1.409;184;199;199;49.97;49.97;49.97;29741;1000;0.0;0;1.0000;0;2;244;244;244
60;2015-03-31 08:21:00;909402N262;539;0.254;27;234;234;234;235;1.356;49.97;571.7;0.394;636.4;0.231;756.9;0.216;60;0;0;1.335;1.368;1.365;171;184;182;49.97;49.97;49.97;29741;1000;0.0;0;1.0000;0;2;254;254;254
60;2015-03-31 08:22:00;909402N262;479;0.262;27;234;234;234;235;1.307;49.99;568.8;0.352;631.3;0.207;748.2;0.194;60;0;0;1.283;1.316;1.322;150;164;164;49.99;49.99;49.99;29741;1000;0.0;0;1.0000;0;2;262;262;262
60;2015-03-31 08:23:00;909402N262;432;0.269;27;235;234;235;235;1.063;49.99;564.2;0.324;624.8;0.187;741.7;0.175;60;0;0;1.047;1.099;1.045;138;150;142;49.99;49.99;49.99;29741;1000;0.0;0;1.0000;0;2;269;269;269
60;2015-03-31 08:24:00;909402N262;408;0.276;27;235;235;236;236;0.736;49.99;561.3;0.312;623.8;0.176;733.0;0.167;60;0;0;0.760;0.814;0.634;140;149;117;49.99;49.99;49.99;29741;1000;0.0;0;1.0000;0;2;276;276;276
60;2015-03-31 08:25:00;909402N262;417;0.283;27;235;234;235;236;0.775;50.00;565.4;0.317;623.4;0.179;737.3;0.169;60;0;0;0.772;0.852;0.701;138;153;124;50.00;50.00;50.00;29741;1000;0.0;0;1.0000;0;2;283;283;283
60;2015-03-31 08:26:00;909402N262;465;0.290;27;233;233;233;234;1.287;50.01;569.0;0.348;629.1;0.198;744.3;0.187;60;0;0;1.267;1.298;1.297;146;158;159;50.01;50.01;50.01;29741;1000;0.0;0;1.0000;0;2;290;290;290
60;2015-03-31 08:27:00;909402N262;516;0.299;28;234;233;233;235;1.341;50.01;569.7;0.385;633.8;0.218;758.1;0.204;60;0;0;1.314;1.354;1.356;161;176;177;50.01;50.01;50.01;29741;1000;0.0;0;1.0000;0;2;299;299;299
60;2015-03-31 08:28:00;909402N262;541;0.308;28;234;233;233;235;1.358;50.01;569.4;0.404;635.5;0.229;751.2;0.216;60;0;0;1.328;1.371;1.375;169;184;186;50.01;50.01;50.01;29741;1000;0.0;0;1.0000;0;2;308;308;308
60;2015-03-31 08:29:00;909402N262;537;0.318;28;234;233;233;235;1.355;50.02;570.9;0.402;637.6;0.227;757.5;0.212;60;0;0;1.327;1.364;1.375;169;181;186;50.02;50.02;50.02;29741;1000;0.0;0;1.0000;0;2;318;318;318
60;2015-03-31 08:30:00;909402N262;561;0.327;28;234;233;233;235;1.377;50.01;575.6;0.417;638.5;0.237;756.1;0.221;60;0;0;1.350;1.388;1.394;176;191;193;50.01;50.01;50.01;29741;1000;0.0;0;1.0000;0;2;327;327;327
60;2015-03-31 08:31:00;909402N262;628;0.337;28;234;233;234;235;1.428;50.02;574.2;0.466;635.9;0.268;745.3;0.252;60;0;0;1.401;1.438;1.445;198;214;214;50.02;50.02;50.02;29741;1000;0.0;0;1.0000;0;2;337;337;337
60;2015-03-31 08:32:00;909402N262;721;0.349;28;233;233;233;234;1.528;50.01;581.1;0.528;649.6;0.301;771.0;0.281;60;0;0;1.490;1.548;1.546;227;246;245;50.01;50.01;50.01;29741;1000;0.0;0;1.0000;0;2;349;349;349
60;2015-03-31 08:33:00;909402N262;766;0.362;28;234;233;234;235;1.575;50.01;585.1;0.556;655.2;0.317;773.5;0.297;60;0;0;1.536;1.597;1.592;242;261;260;50.01;50.01;50.01;29741;1000;0.0;0;1.0000;0;2;362;362;362
60;2015-03-31 08:34:00;909402N262;821;0.375;28;234;233;234;235;1.631;49.99;577.1;0.603;653.6;0.342;776.7;0.319;60;0;0;1.580;1.655;1.659;258;281;281;50.00;49.99;49.99;29741;1000;0.0;0;1.0000;0;2;375;375;375
60;2015-03-31 08:35:00;909402N262;1044;0.393;28;234;233;234;235;1.859;50.00;579.2;0.755;659.7;0.437;787.8;0.405;60;0;0;1.808;1.891;1.880;332;357;354;50.00;50.00;50.00;29741;1000;0.0;0;1.0000;0;2;393;393;393
60;2015-03-31 08:36:00;909402N262;1440;0.417;28;234;233;234;235;2.322;50.01;598.4;1.002;667.2;0.597;794.9;0.562;60;0;0;2.260;2.354;2.354;462;488;488;50.01;50.01;50.01;29741;1000;0.0;0;1.0000;0;2;417;417;417
60;2015-03-31 08:37:00;909402N262;1712;0.446;28;234;233;234;234;2.669;50.02;599.4;1.163;670.1;0.724;794.5;0.675;60;0;0;2.611;2.705;2.693;555;578;577;50.02;50.02;50.02;29741;1000;0.0;0;1.0000;0;2;446;446;446
60;2015-03-31 08:38:00;909402N262;1523;0.472;28;234;233;233;234;2.429;50.01;584.9;1.038;668.3;0.653;794.7;0.607;60;0;0;2.362;2.465;2.462;489;515;517;50.01;50.01;50.01;29741;1000;0.0;0;1.0000;0;2;472;472;472
60;2015-03-31 08:39:00;909402N262;1284;0.493;28;233;233;233;234;2.129;50.01;591.7;0.871;664.9;0.556;794.7;0.503;60;0;0;2.072;2.159;2.158;412;434;436;50.01;50.01;50.01;29741;1000;0.0;0;1.0000;0;2;493;493;493
60;2015-03-31 08:40:00;909402N262;1137;0.511;29;233;233;233;234;1.965;50.03;593.2;0.781;664.1;0.486;791.3;0.441;60;0;0;1.918;1.990;1.987;366;384;385;50.03;50.03;50.03;29741;1000;0.0;0;1.0000;0;2;511;511;511
60;2015-03-31 08:41:00;909402N262;1015;0.528;29;233;233;232;234;1.841;50.02;593.4;0.714;662.7;0.426;782.5;0.392;60;0;0;1.796;1.865;1.862;326;343;344;50.02;50.02;50.02;29741;1000;0.0;0;1.0000;0;2;528;528;528
60;2015-03-31 08:42:00;909402N262;1037;0.546;29;233;233;232;234;1.865;50.03;593.8;0.732;662.2;0.433;782.9;0.402;60;0;0;1.819;1.891;1.885;333;352;352;50.03;50.03;50.03;29741;1000;0.0;0;1.0000;0;2;546;546;546
60;2015-03-31 08:43:00;909402N262;974;0.562;29;233;233;233;234;1.795;50.01;582.5;0.695;662.2;0.412;780.6;0.377;60;0;0;1.750;1.823;1.813;311;332;330;50.01;50.01;50.01;29741;1000;0.0;0;1.0000;0;2;562;562;562
60;2015-03-31 08:44:00;909402N262;760;0.575;29;233;233;233;234;1.565;50.03;577.9;0.558;654.3;0.317;770.0;0.293;60;0;0;1.532;1.585;1.578;241;258;258;50.03;50.03;50.03;29741;1000;0.0;0;1.0000;0;2;575;575;575
60;2015-03-31 08:45:00;909402N262;660;0.585;29;233;232;233;234;1.468;50.01;587.1;0.491;645.9;0.274;761.5;0.251;60;0;0;1.431;1.491;1.483;207;226;225;50.01;50.01;50.01;29741;1000;0.0;0;1.0000;0;2;585;585;585
60;2015-03-31 08:46:00;909402N262;770;0.598;29;233;232;233;234;1.567;50.00;575.9;0.594;635.0;0.316;762.4;0.298;60;0;0;1.527;1.594;1.581;243;264;261;50.00;50.00;50.00;29741;1000;0.0;0;1.0000;0;2;598;598;598
60;2015-03-31 08:47:00;909402N262;1059;0.616;29;233;233;233;234;1.866;50.01;591.5;0.774;662.4;0.424;787.4;0.405;60;0;0;1.818;1.896;1.884;338;361;358;50.01;50.01;50.01;29741;1000;0.0;0;1.0000;0;2;616;616;616
60;2015-03-31 08:48:00;909402N262;1366;0.639;29;233;233;233;235;2.218;50.01;586.5;0.973;664.6;0.568;795.0;0.528;60;0;0;2.163;2.235;2.256;440;458;465;50.01;50.01;50.01;29741;1000;0.0;0;1.0000;0;2;639;639;639
60;2015-03-31 08:49:00;909402N262;1604;0.666;29;233;233;232;235;2.517;50.00;594.4;1.105;676.1;0.673;795.0;0.624;60;0;0;2.452;2.544;2.557;517;538;547;50.00;50.00;50.00;29741;1000;0.0;0;1.0000;0;2;666;666;666
60;2015-03-31 08:50:00;909402N262;1611;0.693;29;233;233;232;235;2.537;50.01;597.7;1.095;680.0;0.659;792.9;0.648;60;0;0;2.478;2.554;2.580;522;538;550;50.01;50.01;50.01;29741;1000;0.0;0;1.0000;0;2;693;693;693
60;2015-03-31 08:51:00;909402N262;1371;0.715;29;233;233;232;235;2.235;50.01;586.5;0.954;677.0;0.558;791.7;0.552;60;0;0;2.187;2.249;2.271;445;457;467;50.01;50.01;50.01;29741;1000;0.0;0;1.0000;0;2;715;715;715
60;2015-03-31 08:52:00;909402N262;1246;0.736;29;234;234;232;235;2.092;50.02;595.7;0.864;681.7;0.495;787.4;0.498;60;0;0;2.038;2.112;2.127;402;417;425;50.02;50.02;50.02;29741;1000;0.0;0;1.0000;0;2;736;736;736
60;2015-03-31 08:53:00;909402N262;1284;0.757;30;234;234;232;235;2.123;50.02;591.2;0.922;671.7;0.518;792.5;0.496;60;0;0;2.076;2.135;2.159;416;428;438;50.02;50.02;50.02;29741;1000;0.0;0;1.0000;0;2;757;757;757
60;2015-03-31 08:54:00;909402N262;1451;0.782;30;234;234;232;235;2.322;50.02;598.1;1.017;674.4;0.597;794.9;0.557;60;0;0;2.261;2.347;2.359;469;486;494;50.02;50.02;50.02;29741;1000;0.0;0;1.0000;0;2;782;782;782
60;2015-03-31 08:55:00;909402N262;1423;0.805;30;234;234;232;235;2.285;50.00;590.7;1.007;662.0;0.596;795.1;0.548;60;0;0;2.229;2.307;2.321;460;477;485;50.00;50.00;50.00;29741;1000;0.0;0;1.0000;0;2;805;805;805
60;2015-03-31 08:56:00;909402N262;1533;0.831;30;234;234;233;235;2.425;50.01;593.6;1.070;673.1;0.638;795.0;0.593;60;0;0;2.365;2.449;2.461;496;514;521;50.01;50.01;50.01;29741;1000;0.0;0;1.0000;0;2;831;831;831
60;2015-03-31 08:57:00;909402N262;1683;0.859;30;234;233;233;235;2.619;50.00;596.4;1.161;675.9;0.706;795.1;0.652;60;0;0;2.554;2.648;2.657;543;565;573;50.00;50.00;50.00;29741;1000;0.0;0;1.0000;0;2;859;859;859
60;2015-03-31 08:58:00;909402N262;1530;0.885;30;234;234;233;235;2.419;50.02;586.5;1.091;667.7;0.628;795.0;0.597;60;0;0;2.362;2.447;2.450;495;514;519;50.02;50.02;50.02;29741;1000;0.0;0;1.0000;0;2;885;885;885
60;2015-03-31 08:59:00;909402N262;1520;0.910;30;234;235;233;235;2.406;50.01;586.4;1.096;673.6;0.614;795.0;0.588;60;0;0;2.358;2.422;2.438;494;509;515;50.01;50.01;50.01;29741;1000;0.0;0;1.0000;0;2;910;910;910
60;2015-03-31 09:00:00;909402N262;1404;0.933;30;235;235;233;236;2.265;49.99;583.6;1.014;672.2;0.574;793.9;0.538;60;0;0;2.218;2.279;2.299;456;468;477;49.99;49.99;49.99;29741;1000;0.0;0;1.0000;0;2;933;933;933
[wr_ende]
