20140228;160000;danfoss;My Plant;+0100
[wr_def_start]
909402N262;Inverter Type;Inverter Group;Hanzl
[wr_def_end]
[wr]
INTERVAL;TIMESTAMP;SERIAL;P_AC;E_DAY;T_WR;U_AC;U_AC_1;U_AC_2;U_AC_3;I_AC;F_AC;U_DC_1;I_DC_1;U_DC_2;I_DC_2;U_DC_3;I_DC_3;S;E_WR;M_WR;I_AC_1;I_AC_2;I_AC_3;P_AC_1;P_AC_2;P_AC_3;F_AC_1;F_AC_2;F_AC_3;R_DC;PC;PCS;PCS_LL;COS_PHI;COS_PHI_LL;S_COS_PHI;Current_Day_Energy;current_Day_Offset;ccEnergyOfDay_WithoutOffset
60;2014-02-28 15:01:00;909402N262;748;20.810;33;234;234;234;235;1.282;49.97;576.3;0.537;646.4;0.326;768.1;0.309;60;0;0;1.254;1.309;1.285;243;253;249;49.97;49.97;49.97;8754;1000;0.0;0;0.0000;0;0;20810;20810;20810
60;2014-02-28 15:02:00;909402N262;740;20.822;33;235;235;234;235;1.279;49.97;567.2;0.547;650.3;0.319;776.9;0.298;60;0;0;1.252;1.297;1.288;242;247;249;49.97;49.97;49.97;8754;1000;0.0;0;0.0000;0;0;20822;20822;20822
60;2014-02-28 15:03:00;909402N262;742;20.835;33;232;232;231;232;1.289;49.97;565.4;0.557;644.4;0.320;776.8;0.296;60;0;0;1.260;1.312;1.297;243;248;249;49.97;49.97;49.97;8754;1000;0.0;0;0.0000;0;0;20835;20835;20835
60;2014-02-28 15:04:00;909402N262;777;20.848;33;231;232;231;232;1.323;49.97;565.9;0.587;640.2;0.335;778.9;0.307;60;0;0;1.294;1.348;1.328;253;263;258;49.97;49.97;49.97;8754;1000;0.0;0;0.0000;0;0;20848;20848;20848
60;2014-02-28 15:05:00;909402N262;840;20.862;33;231;231;230;232;1.399;49.97;567.8;0.636;641.1;0.361;783.8;0.329;60;0;0;1.359;1.450;1.389;272;291;275;49.97;49.97;49.97;8754;1000;0.0;0;0.0000;0;0;20862;20862;20862
60;2014-02-28 15:06:00;909402N262;923;20.878;33;233;233;233;234;1.446;49.98;571.1;0.695;645.6;0.396;793.4;0.355;60;0;0;1.403;1.477;1.458;297;314;310;49.98;49.98;49.98;8754;1000;0.0;0;0.0000;0;0;20878;20878;20878
60;2014-02-28 15:07:00;909402N262;1002;20.894;33;234;233;234;234;1.538;49.98;574.5;0.750;649.7;0.429;794.9;0.382;60;0;0;1.494;1.573;1.547;321;342;337;49.98;49.98;49.98;8754;1000;0.0;0;0.0000;0;0;20894;20894;20894
60;2014-02-28 15:08:00;909402N262;1066;20.912;33;233;233;234;234;1.626;49.99;578.9;0.794;651.9;0.456;795.0;0.403;60;0;0;1.576;1.662;1.640;342;363;359;49.99;49.99;49.99;8754;1000;0.0;0;0.0000;0;0;20912;20912;20912
60;2014-02-28 15:09:00;909402N262;1112;20.930;33;233;233;233;235;1.686;49.99;569.8;0.845;653.7;0.473;794.7;0.418;60;0;0;1.653;1.714;1.693;361;377;372;49.99;49.99;49.99;8754;1000;0.0;0;0.0000;0;0;20930;20930;20930
60;2014-02-28 15:10:00;909402N262;1157;20.950;33;233;233;233;235;1.743;49.99;562.6;0.895;656.4;0.489;794.8;0.433;60;0;0;1.711;1.776;1.744;377;393;386;49.99;49.99;49.99;8754;1000;0.0;0;0.0000;0;0;20950;20950;20950
60;2014-02-28 15:11:00;909402N262;1204;20.971;33;234;233;234;235;1.800;49.99;566.5;0.925;655.3;0.508;795.0;0.451;60;0;0;1.747;1.831;1.822;388;408;407;49.99;49.99;49.99;8754;1000;0.0;0;0.0000;0;0;20971;20971;20971
60;2014-02-28 15:12:00;909402N262;1234;20.990;33;234;234;233;234;1.842;49.98;570.2;0.942;655.5;0.521;795.1;0.462;60;0;0;1.795;1.869;1.862;399;416;416;49.98;49.98;49.98;8754;1000;0.0;0;0.0000;0;0;20990;20990;20990
60;2014-02-28 15:13:00;909402N262;1245;21.011;33;234;234;233;234;1.856;49.99;572.6;0.950;655.4;0.524;795.2;0.465;60;0;0;1.812;1.882;1.876;404;420;420;49.99;49.99;49.99;8754;1000;0.0;0;0.0000;0;0;21011;21011;21011
60;2014-02-28 15:14:00;909402N262;1262;21.033;33;234;234;234;234;1.880;49.99;574.3;0.961;655.3;0.529;795.1;0.472;60;0;0;1.828;1.914;1.899;408;428;425;49.99;49.99;49.99;8754;1000;0.0;0;0.0000;0;0;21033;21033;21033
60;2014-02-28 15:15:00;909402N262;1289;21.054;33;234;234;234;234;1.919;50.00;575.0;0.982;655.5;0.538;795.3;0.483;60;0;0;1.868;1.954;1.935;417;437;433;50.00;50.00;50.00;8754;1000;0.0;0;0.0000;0;0;21054;21054;21054
60;2014-02-28 15:16:00;909402N262;1319;21.075;33;234;234;234;234;1.958;49.99;571.0;1.020;632.6;0.559;795.5;0.502;60;0;0;1.910;1.991;1.974;427;447;443;49.99;49.99;49.99;8754;1000;0.0;0;0.0000;0;0;21075;21075;21075
60;2014-02-28 15:17:00;909402N262;1396;21.098;33;234;235;234;233;2.073;49.99;574.3;1.065;657.7;0.581;794.7;0.523;60;0;0;2.026;2.110;2.083;455;473;466;49.99;49.99;49.99;8754;1000;0.0;0;0.0000;0;0;21098;21098;21098
60;2014-02-28 15:18:00;909402N262;1473;21.123;33;234;234;234;233;2.182;49.98;574.0;1.129;659.2;0.611;794.9;0.549;60;0;0;2.132;2.225;2.189;479;500;492;49.98;49.98;49.98;8754;1000;0.0;0;0.0000;0;0;21123;21123;21123
60;2014-02-28 15:19:00;909402N262;1574;21.150;33;234;234;234;233;2.322;49.99;574.8;1.211;662.5;0.648;794.8;0.585;60;0;0;2.274;2.366;2.328;513;534;525;49.99;49.99;49.99;8754;1000;0.0;0;0.0000;0;0;21150;21150;21150
60;2014-02-28 15:20:00;909402N262;1649;21.177;33;234;234;234;234;2.426;50.00;582.5;1.259;663.2;0.676;794.7;0.606;60;0;0;2.375;2.470;2.433;538;559;550;50.00;50.00;50.00;8754;1000;0.0;0;0.0000;0;0;21177;21177;21177
60;2014-02-28 15:21:00;909402N262;1803;21.207;33;234;234;234;234;2.644;50.00;588.3;1.387;665.9;0.733;794.9;0.650;60;0;0;2.594;2.695;2.645;588;613;600;50.00;50.00;50.00;8754;1000;0.0;0;0.0000;0;0;21207;21207;21207
60;2014-02-28 15:22:00;909402N262;2373;21.247;33;234;234;234;234;3.461;49.99;588.7;1.853;672.3;0.937;782.7;0.865;60;0;0;3.410;3.495;3.479;779;800;792;49.99;49.99;49.99;8754;1000;0.0;0;0.0000;0;0;21247;21247;21247
60;2014-02-28 15:23:00;909402N262;3862;21.311;33;234;235;235;234;5.555;49.99;600.0;2.973;683.8;1.401;792.5;1.475;60;0;0;5.505;5.597;5.565;1278;1298;1286;49.99;49.99;49.99;8754;1000;0.0;0;0.0000;0;0;21311;21311;21311
60;2014-02-28 15:24:00;909402N262;3854;21.375;33;235;235;235;234;5.534;49.99;598.5;2.962;682.3;1.443;788.1;1.453;60;0;0;5.496;5.552;5.555;1275;1293;1284;49.99;49.99;49.99;8754;1000;0.0;0;0.0000;0;0;21375;21375;21375
60;2014-02-28 15:25:00;909402N262;6036;21.476;33;235;235;235;234;8.596;49.99;597.6;4.599;692.1;2.142;793.1;2.385;60;0;0;8.557;8.650;8.582;2006;2023;2004;49.99;49.99;49.99;8754;1000;0.0;0;0.0000;0;0;21476;21476;21476
60;2014-02-28 15:26:00;909402N262;6390;21.582;33;235;235;236;235;9.082;49.99;593.0;4.870;691.4;2.358;786.0;2.508;60;0;0;9.048;9.107;9.093;2120;2143;2126;49.99;49.99;49.99;8754;1000;0.0;0;0.0000;0;0;21582;21582;21582
60;2014-02-28 15:27:00;909402N262;8116;21.717;33;236;235;236;236;11.503;49.97;586.9;6.251;691.6;2.945;782.8;3.249;60;0;0;11.459;11.534;11.517;2691;2716;2706;49.97;49.97;49.97;8754;1000;0.0;0;0.0000;0;0;21717;21717;21717
60;2014-02-28 15:28:00;909402N262;8442;21.858;33;236;235;236;236;11.963;49.97;581.0;6.552;688.8;3.084;776.9;3.408;60;0;0;11.910;12.008;11.973;2798;2827;2815;49.97;49.97;49.97;8754;1000;0.0;0;0.0000;0;0;21858;21858;21858
60;2014-02-28 15:29:00;909402N262;8440;21.999;33;235;235;235;236;11.972;49.97;576.3;6.604;686.6;3.122;764.4;3.439;60;0;0;11.918;12.001;11.997;2798;2820;2820;49.97;49.97;49.97;8754;1000;0.0;0;0.0000;0;0;21999;21999;21999
60;2014-02-28 15:30:00;909402N262;8393;22.139;34;235;235;235;235;11.903;49.98;571.0;6.606;683.8;3.135;758.9;3.443;60;0;0;11.859;11.927;11.923;2786;2803;2802;49.98;49.98;49.98;8754;1000;0.0;0;0.0000;0;0;22139;22139;22139
60;2014-02-28 15:31:00;909402N262;8076;22.273;34;235;235;235;236;11.449;49.99;563.9;6.445;659.4;3.085;757.6;3.361;60;0;0;11.398;11.476;11.475;2676;2699;2698;49.99;49.99;49.99;8754;1000;0.0;0;0.0000;0;0;22273;22273;22273
60;2014-02-28 15:32:00;909402N262;7599;22.400;34;235;235;235;235;10.772;49.98;564.8;6.035;679.1;2.891;752.7;3.115;60;0;0;10.728;10.801;10.788;2521;2540;2537;49.98;49.98;49.98;8754;1000;0.0;0;0.0000;0;0;22400;22400;22400
60;2014-02-28 15:33:00;909402N262;7714;22.529;34;235;235;235;235;10.929;49.97;562.2;6.267;677.9;2.964;731.2;3.150;60;0;0;10.892;10.953;10.944;2562;2574;2576;49.97;49.97;49.97;8754;1000;0.0;0;0.0000;0;0;22529;22529;22529
60;2014-02-28 15:34:00;909402N262;7194;22.649;35;235;235;235;235;10.187;49.99;561.3;6.004;674.8;2.823;700.3;2.904;60;0;0;10.138;10.227;10.197;2387;2405;2400;49.99;49.99;49.99;8754;1000;0.0;0;0.0000;0;0;22649;22649;22649
60;2014-02-28 15:35:00;909402N262;6578;22.759;35;235;235;235;235;9.311;49.99;560.7;5.743;672.3;2.666;675.9;2.469;60;0;0;9.262;9.350;9.322;2180;2199;2196;49.99;49.99;49.99;8754;1000;0.0;0;0.0000;0;0;22759;22759;22759
60;2014-02-28 15:36:00;909402N262;4969;22.842;35;235;235;234;235;7.058;49.99;561.6;4.438;667.3;2.079;635.8;1.880;60;0;0;6.998;7.086;7.090;1641;1658;1667;49.99;49.99;49.99;8754;1000;0.0;0;0.0000;0;0;22842;22842;22842
60;2014-02-28 15:37:00;909402N262;4092;22.910;35;235;235;235;235;5.817;49.99;559.4;3.640;660.1;1.660;599.2;1.794;60;0;0;5.749;5.871;5.832;1346;1372;1369;49.99;49.99;49.99;8754;1000;0.0;0;0.0000;0;0;22910;22910;22910
60;2014-02-28 15:38:00;909402N262;2075;22.945;35;235;234;235;235;3.000;49.99;547.7;1.727;648.5;0.856;792.4;0.750;60;0;0;2.945;3.041;3.015;677;701;695;49.99;49.99;49.99;8754;1000;0.0;0;0.0000;0;0;22945;22945;22945
60;2014-02-28 15:39:00;909402N262;1966;22.977;35;235;234;235;235;2.845;49.97;552.6;1.647;649.4;0.806;795.1;0.693;60;0;0;2.791;2.891;2.855;641;666;658;49.97;49.97;49.97;8754;1000;0.0;0;0.0000;0;0;22977;22977;22977
60;2014-02-28 15:40:00;909402N262;1837;23.008;35;235;234;235;235;2.688;49.97;556.7;1.522;648.3;0.742;783.9;0.670;60;0;0;2.636;2.735;2.694;598;623;614;49.97;49.97;49.97;8754;1000;0.0;0;0.0000;0;0;23008;23008;23008
60;2014-02-28 15:41:00;909402N262;1806;23.039;35;234;234;235;235;2.640;49.97;563.0;1.504;648.8;0.738;787.1;0.634;60;0;0;2.591;2.682;2.648;589;612;604;49.97;49.97;49.97;8754;1000;0.0;0;0.0000;0;0;23039;23039;23039
60;2014-02-28 15:42:00;909402N262;2565;23.081;35;235;234;235;235;3.678;49.97;571.6;2.359;660.5;1.107;795.0;0.645;60;0;0;3.619;3.718;3.698;839;865;859;49.97;49.97;49.97;8754;1000;0.0;0;0.0000;0;0;23081;23081;23081
60;2014-02-28 15:43:00;909402N262;3786;23.145;35;235;234;235;235;5.400;49.99;580.0;3.762;672.8;1.667;795.0;0.668;60;0;0;5.336;5.445;5.419;1243;1273;1267;49.99;49.99;49.99;8754;1000;0.0;0;0.0000;0;0;23145;23145;23145
60;2014-02-28 15:44:00;909402N262;3036;23.196;35;235;234;234;235;4.346;49.98;582.1;2.934;667.4;1.333;795.1;0.595;60;0;0;4.292;4.370;4.377;998;1015;1021;49.98;49.98;49.98;8754;1000;0.0;0;0.0000;0;0;23196;23196;23196
60;2014-02-28 15:45:00;909402N262;3879;23.260;35;235;235;235;235;5.536;49.98;585.6;3.930;675.8;1.732;795.1;0.577;60;0;0;5.486;5.564;5.558;1279;1297;1300;49.98;49.98;49.98;8754;1000;0.0;0;0.0000;0;0;23260;23260;23260
60;2014-02-28 15:46:00;909402N262;4348;23.332;35;234;234;234;235;6.205;49.99;580.6;4.480;671.9;1.971;717.1;0.838;60;0;0;6.166;6.225;6.225;1440;1451;1456;49.99;49.99;49.99;8754;1000;0.0;0;0.0000;0;0;23332;23332;23332
60;2014-02-28 15:47:00;909402N262;4395;23.406;35;234;234;233;234;6.272;49.99;567.0;4.332;673.8;1.856;327.7;2.338;60;0;0;6.235;6.275;6.307;1455;1460;1477;49.99;49.99;49.99;8754;1000;0.0;0;0.0000;0;0;23406;23406;23406
60;2014-02-28 15:48:00;909402N262;4329;23.478;35;233;232;233;234;6.193;49.99;565.8;4.294;673.6;1.843;323.7;2.273;60;0;0;6.125;6.222;6.232;1420;1451;1456;49.99;49.99;49.99;8754;1000;0.0;0;0.0000;0;0;23478;23478;23478
60;2014-02-28 15:49:00;909402N262;4218;23.549;35;233;232;233;234;6.033;49.98;565.1;4.206;672.4;1.795;315.9;2.247;60;0;0;5.969;6.055;6.075;1384;1411;1420;49.98;49.98;49.98;8754;1000;0.0;0;0.0000;0;0;23549;23549;23549
60;2014-02-28 15:50:00;909402N262;4133;23.618;35;233;232;233;234;5.914;49.98;564.9;4.104;672.1;1.749;325.7;2.184;60;0;0;5.849;5.936;5.957;1355;1383;1392;49.98;49.98;49.98;8754;1000;0.0;0;0.0000;0;0;23618;23618;23618
60;2014-02-28 15:51:00;909402N262;3952;23.683;36;233;232;233;233;5.663;49.99;564.8;3.927;670.6;1.675;322.9;2.106;60;0;0;5.598;5.688;5.705;1296;1323;1331;49.99;49.99;49.99;8754;1000;0.0;0;0.0000;0;0;23683;23683;23683
60;2014-02-28 15:52:00;909402N262;3602;23.743;36;233;232;232;233;5.167;49.98;564.2;3.605;668.8;1.526;313.4;1.938;60;0;0;5.119;5.195;5.189;1188;1205;1208;49.98;49.98;49.98;8754;1000;0.0;0;0.0000;0;0;23743;23743;23743
60;2014-02-28 15:53:00;909402N262;3455;23.801;36;233;233;232;233;4.951;50.00;564.3;3.474;668.5;1.479;309.0;1.830;60;0;0;4.895;4.968;4.992;1137;1152;1164;50.00;50.00;50.00;8754;1000;0.0;0;0.0000;0;0;23801;23801;23801
60;2014-02-28 15:54:00;909402N262;3940;23.867;36;233;233;232;234;5.637;49.99;564.9;3.964;671.4;1.680;319.7;2.012;60;0;0;5.588;5.645;5.678;1300;1311;1327;49.99;49.99;49.99;8754;1000;0.0;0;0.0000;0;0;23867;23867;23867
60;2014-02-28 15:55:00;909402N262;3826;23.931;36;233;233;233;234;5.475;50.01;564.5;3.864;671.1;1.631;298.6;2.065;60;0;0;5.415;5.496;5.514;1258;1277;1288;50.01;50.01;50.01;8754;1000;0.0;0;0.0000;0;0;23931;23931;23931
60;2014-02-28 15:56:00;909402N262;3873;23.995;36;233;232;233;234;5.547;50.00;564.0;3.927;670.8;1.655;298.0;2.070;60;0;0;5.464;5.579;5.600;1264;1299;1309;50.00;50.00;50.00;8754;1000;0.0;0;0.0000;0;0;23995;23995;23995
60;2014-02-28 15:57:00;909402N262;3462;24.053;36;233;232;233;234;4.962;50.00;563.0;3.545;668.7;1.492;290.7;1.818;60;0;0;4.908;4.986;4.994;1139;1157;1165;50.00;50.00;50.00;8754;1000;0.0;0;0.0000;0;0;24053;24053;24053
60;2014-02-28 15:58:00;909402N262;3857;24.117;36;233;233;233;233;5.517;49.99;563.4;3.968;670.7;1.672;279.4;2.044;60;0;0;5.463;5.549;5.540;1270;1293;1292;49.99;49.99;49.99;8754;1000;0.0;0;0.0000;0;0;24117;24117;24117
60;2014-02-28 15:59:00;909402N262;4108;24.186;36;233;233;234;233;5.878;50.00;563.9;4.216;672.0;1.763;279.5;2.220;60;0;0;5.830;5.929;5.875;1356;1383;1366;50.00;50.00;50.00;8754;1000;0.0;0;0.0000;0;0;24186;24186;24186
60;2014-02-28 16:00:00;909402N262;4345;24.258;36;234;233;234;233;6.217;50.00;563.7;4.485;672.9;1.873;277.6;2.297;60;0;0;6.160;6.269;6.224;1432;1463;1448;50.00;50.00;50.00;8754;1000;0.0;0;0.0000;0;0;24258;24258;24258
[wr_ende]
