20140430;060005;danfoss;My Plant;+0100
[wr_def_start]
909402N262;Inverter Type;Inverter Group;Hanzl
[wr_def_end]
[wr]
INTERVAL;TIMESTAMP;SERIAL;P_AC;E_DAY;T_WR;U_AC;U_AC_1;U_AC_2;U_AC_3;I_AC;F_AC;U_DC_1;I_DC_1;U_DC_2;I_DC_2;U_DC_3;I_DC_3;S;E_WR;M_WR;I_AC_1;I_AC_2;I_AC_3;P_AC_1;P_AC_2;P_AC_3;F_AC_1;F_AC_2;F_AC_3;R_DC;PC;PCS;PCS_LL;COS_PHI;COS_PHI_LL;S_COS_PHI;Current_Day_Energy;current_Day_Offset;ccEnergyOfDay_WithoutOffset
60;2014-04-30 05:19:00;909402N262;0;0.000;0;0;0;0;0;0.000;0.09;0.3;0.000;0.2;0.000;0.2;0.000;10;0;0;0.000;0.000;0.000;0;0;0;0.09;0.09;0.09;31;1000;0.0;0;0.0000;0;0;0;0;26166
60;2014-04-30 05:20:00;909402N262;0;0.000;15;220;221;222;218;0.000;46.40;215.3;0.000;212.9;0.000;215.2;0.000;50;0;0;0.000;0.000;0.000;0;0;0;46.40;46.41;46.40;0;1000;0.0;0;0.0000;0;0;0;0;0
60;2014-04-30 05:21:00;909402N262;0;0.000;16;233;233;234;231;0.000;50.01;228.4;0.000;227.8;0.000;228.4;0.000;50;0;0;0.000;0.000;0.000;0;0;0;50.01;50.01;50.01;0;1000;0.0;0;0.0000;0;0;0;0;0
60;2014-04-30 05:22:00;909402N262;0;0.000;16;233;233;234;231;0.000;50.00;228.9;0.000;228.3;0.000;228.8;0.000;50;0;0;0.000;0.000;0.000;0;0;0;50.00;50.00;50.00;0;1000;0.0;0;0.0000;0;0;0;0;0
60;2014-04-30 05:23:00;909402N262;0;0.000;17;233;233;234;231;0.000;49.99;228.5;0.000;228.0;0.000;228.5;0.000;50;0;0;0.000;0.000;0.000;0;0;0;49.99;49.99;49.99;0;1000;0.0;0;0.0000;0;0;0;0;0
60;2014-04-30 05:24:00;909402N262;0;0.000;18;233;233;234;231;0.000;50.00;228.6;0.000;228.1;0.000;229.0;0.000;50;0;0;0.000;0.000;0.000;0;0;0;50.00;50.00;50.00;0;1000;0.0;0;0.0000;0;0;0;0;0
60;2014-04-30 05:25:00;909402N262;0;0.000;18;233;233;234;231;0.000;50.00;228.7;0.000;228.1;0.000;228.8;0.000;50;0;0;0.000;0.000;0.000;0;0;0;50.00;50.00;50.00;0;1000;0.0;0;0.0000;0;0;0;0;0
60;2014-04-30 05:26:00;909402N262;0;0.000;19;233;233;234;231;0.000;49.99;229.0;0.000;228.4;0.000;229.0;0.000;50;0;0;0.000;0.000;0.000;0;0;0;49.99;49.99;49.99;0;1000;0.0;0;0.0000;0;0;0;0;0
60;2014-04-30 05:27:00;909402N262;0;0.000;19;233;233;234;231;0.000;49.99;229.0;0.000;228.4;0.000;229.0;0.000;50;0;0;0.000;0.000;0.000;0;0;0;49.99;49.99;49.99;0;1000;0.0;0;0.0000;0;0;0;0;0
60;2014-04-30 05:28:00;909402N262;0;0.000;19;233;233;234;231;0.000;49.98;230.3;0.000;229.8;0.000;230.3;0.000;50;0;0;0.000;0.000;0.000;0;0;0;49.98;49.98;49.98;0;1000;0.0;0;0.0000;0;0;0;0;0
60;2014-04-30 05:29:00;909402N262;0;0.000;19;233;233;234;231;0.000;49.99;233.4;0.000;232.9;0.000;233.0;0.000;50;0;0;0.000;0.000;0.000;0;0;0;49.99;49.99;49.99;0;1000;0.0;0;0.0000;0;0;0;0;0
60;2014-04-30 05:30:00;909402N262;0;0.000;20;233;233;234;231;0.000;49.97;236.8;0.000;236.2;0.000;236.7;0.000;50;0;0;0.000;0.000;0.000;0;0;0;49.97;49.97;49.97;0;1000;0.0;0;0.0000;0;0;0;0;0
60;2014-04-30 05:31:00;909402N262;0;0.000;20;235;236;236;234;0.000;49.99;231.4;0.000;230.8;0.000;230.8;0.000;50;0;0;0.000;0.000;0.000;0;0;0;49.99;49.99;49.99;0;1000;0.0;0;0.0000;0;0;0;0;0
60;2014-04-30 05:32:00;909402N262;0;0.000;20;235;236;237;234;0.000;50.00;227.7;0.000;227.2;0.000;228.2;0.000;50;0;0;0.000;0.000;0.000;0;0;0;50.00;50.00;50.00;0;1000;0.0;0;0.0000;0;0;0;0;0
60;2014-04-30 05:33:00;909402N262;0;0.000;20;236;236;237;235;0.000;49.99;231.7;0.000;231.1;0.000;231.7;0.000;50;0;0;0.000;0.000;0.000;0;0;0;49.99;49.99;49.99;0;1000;0.0;0;0.0000;0;0;0;0;0
60;2014-04-30 05:34:00;909402N262;0;0.000;20;236;236;238;235;0.000;49.97;234.4;0.000;233.9;0.000;234.1;0.000;50;0;0;0.000;0.000;0.000;0;0;0;49.97;49.97;49.97;0;1000;0.0;0;0.0000;0;0;0;0;0
60;2014-04-30 05:35:00;909402N262;0;0.000;20;236;236;238;235;0.000;49.97;237.9;0.000;237.3;0.000;237.7;0.000;50;0;0;0.000;0.000;0.000;0;0;0;49.97;49.97;49.97;0;1000;0.0;0;0.0000;0;0;0;0;0
60;2014-04-30 05:36:00;909402N262;0;0.000;20;236;236;237;234;0.000;49.97;243.4;0.000;242.8;0.000;243.4;0.000;50;0;0;0.000;0.000;0.000;0;0;0;49.97;49.97;49.97;0;1000;0.0;0;0.0000;0;0;0;0;0
60;2014-04-30 05:37:00;909402N262;0;0.000;20;236;236;237;234;0.000;49.97;250.9;0.000;250.3;0.000;250.9;0.000;50;0;0;0.000;0.000;0.000;0;0;0;49.97;49.97;49.97;0;1000;0.0;0;0.0000;0;0;0;0;0
60;2014-04-30 05:38:00;909402N262;0;0.000;20;236;236;237;234;0.000;49.98;257.2;0.000;256.9;0.000;257.0;0.000;50;0;0;0.000;0.000;0.000;0;0;0;49.98;49.98;49.98;0;1000;0.0;0;0.0000;0;0;0;0;0
60;2014-04-30 05:39:00;909402N262;0;0.000;21;236;236;237;234;0.000;49.98;251.7;0.000;251.5;0.000;251.6;0.000;50;0;0;0.000;0.000;0.000;0;0;0;49.98;49.98;49.98;0;1000;0.0;0;0.0000;0;0;0;0;0
60;2014-04-30 05:40:00;909402N262;0;0.000;21;236;236;237;234;0.005;49.99;360.6;0.000;344.7;0.000;351.4;0.000;50;0;0;0.005;0.005;0.005;0;0;0;49.99;49.99;49.99;0;1000;0.0;0;0.0000;0;0;0;0;0
60;2014-04-30 05:41:00;909402N262;0;0.000;21;235;236;236;234;0.004;49.98;472.4;0.000;452.2;0.000;517.7;0.000;51;0;0;0.006;0.003;0.003;0;0;0;49.98;49.98;49.98;3827;1000;0.0;0;0.0000;0;0;0;0;0
60;2014-04-30 05:42:00;909402N262;1;0.000;21;235;235;235;235;0.117;49.98;398.6;0.006;376.9;0.002;363.3;0.002;60;0;0;0.143;0.101;0.108;0;4;4;49.98;49.98;49.98;5454;1000;0.0;0;0.0000;0;0;0;0;0
60;2014-04-30 05:43:00;909402N262;4;0.000;21;235;235;235;236;0.202;49.99;416.9;0.009;417.8;0.003;424.0;0.003;60;0;0;0.214;0.228;0.166;0;9;3;49.99;49.99;49.99;5454;1000;0.0;0;0.0000;0;0;0;0;0
60;2014-04-30 05:44:00;909402N262;6;0.000;21;235;235;235;235;0.232;50.00;419.6;0.011;403.0;0.004;506.1;0.003;60;0;0;0.232;0.287;0.178;1;12;2;50.00;50.00;50.00;5454;1000;0.0;0;0.0000;0;0;0;0;0
60;2014-04-30 05:45:00;909402N262;9;0.000;21;235;235;235;235;0.235;50.00;422.6;0.015;368.7;0.007;533.3;0.006;60;0;0;0.216;0.291;0.198;0;15;3;50.00;50.00;50.00;5454;1000;0.0;0;0.0000;0;0;0;0;0
60;2014-04-30 05:46:00;909402N262;13;0.000;21;235;235;235;235;0.229;50.00;429.2;0.018;415.4;0.009;527.6;0.007;60;0;0;0.248;0.254;0.187;5;10;4;50.00;50.00;50.00;5454;1000;0.0;0;0.0000;0;0;0;0;0
60;2014-04-30 05:47:00;909402N262;16;0.001;21;235;235;235;235;0.260;50.00;446.9;0.021;402.1;0.011;520.3;0.008;60;0;0;0.264;0.300;0.217;2;19;3;50.00;50.00;50.00;5454;1000;0.0;0;0.0000;0;0;1;1;1
60;2014-04-30 05:48:00;909402N262;20;0.001;21;235;235;235;235;0.311;50.00;457.1;0.023;441.5;0.013;530.2;0.011;60;0;0;0.293;0.420;0.222;2;29;2;50.00;50.00;50.00;5454;1000;0.0;0;0.0000;0;0;1;1;1
60;2014-04-30 05:49:00;909402N262;24;0.002;21;235;235;235;235;0.274;50.00;461.0;0.027;471.8;0.014;535.8;0.011;60;0;0;0.246;0.342;0.234;2;25;5;50.00;50.00;50.00;5454;1000;0.0;0;0.0000;0;0;2;2;2
60;2014-04-30 05:50:00;909402N262;28;0.002;21;235;235;235;235;0.305;49.99;471.1;0.030;468.0;0.016;542.9;0.015;60;0;0;0.297;0.376;0.244;2;29;5;49.99;49.99;49.99;5454;1000;0.0;0;0.0000;0;0;2;2;2
60;2014-04-30 05:51:00;909402N262;32;0.003;21;234;234;234;234;0.335;49.98;467.1;0.034;479.9;0.019;579.9;0.015;60;0;0;0.305;0.428;0.273;1;36;7;49.98;49.98;49.98;5454;1000;0.0;0;0.0000;0;0;3;3;3
60;2014-04-30 05:52:00;909402N262;36;0.003;21;234;234;234;234;0.317;49.99;474.7;0.039;497.2;0.019;605.2;0.015;60;0;0;0.291;0.383;0.279;0;33;12;49.99;49.99;49.99;5454;1000;0.0;0;0.0000;0;0;3;3;3
60;2014-04-30 05:53:00;909402N262;40;0.004;21;234;234;234;234;0.311;49.97;484.5;0.040;487.8;0.020;564.2;0.018;60;0;0;0.321;0.288;0.326;2;22;24;49.97;49.97;49.97;5454;1000;0.0;0;0.0000;0;0;4;4;4
60;2014-04-30 05:54:00;909402N262;44;0.004;21;234;234;234;234;0.280;49.99;485.5;0.044;485.0;0.023;582.1;0.020;60;0;0;0.297;0.341;0.203;3;35;10;49.99;49.99;49.99;5454;1000;0.0;0;0.0000;0;0;4;4;4
60;2014-04-30 05:55:00;909402N262;49;0.005;22;234;234;234;234;0.316;50.00;496.8;0.047;504.5;0.023;608.6;0.023;60;0;0;0.339;0.424;0.187;6;45;5;50.00;50.00;50.00;5454;1000;0.0;0;0.0000;0;0;5;5;5
60;2014-04-30 05:56:00;909402N262;53;0.006;22;235;235;234;235;0.351;50.00;498.3;0.052;485.5;0.027;610.8;0.023;60;0;0;0.352;0.503;0.199;4;55;5;50.00;50.00;50.00;5454;1000;0.0;0;0.0000;0;0;6;6;6
60;2014-04-30 05:57:00;909402N262;58;0.008;22;234;234;235;234;0.419;50.00;503.2;0.056;496.4;0.030;617.0;0.026;60;0;0;0.384;0.622;0.252;1;63;6;50.00;50.00;50.00;5454;1000;0.0;0;0.0000;0;0;8;8;8
60;2014-04-30 05:58:00;909402N262;64;0.009;22;234;234;234;234;0.368;50.00;506.8;0.060;506.7;0.031;639.2;0.027;60;0;0;0.341;0.576;0.188;3;65;3;50.00;50.00;50.00;5454;1000;0.0;0;0.0000;0;0;9;9;9
60;2014-04-30 05:59:00;909402N262;68;0.010;22;234;234;234;234;0.456;50.03;509.4;0.065;527.6;0.034;610.5;0.030;60;0;0;0.463;0.545;0.362;5;52;17;50.03;50.03;50.03;5454;1000;0.0;0;0.0000;0;0;10;10;10
60;2014-04-30 06:00:00;909402N262;73;0.011;22;234;234;234;235;0.572;50.04;514.7;0.069;513.0;0.038;626.8;0.031;60;0;0;0.624;0.527;0.566;10;51;17;50.04;50.04;50.04;5454;1000;0.0;0;0.0000;0;0;11;11;11
[wr_ende]
