20140821;160004;danfoss;My Plant;+0100
[wr_def_start]
909402N262;Inverter Type;Inverter Group;Hanzl
[wr_def_end]
[wr]
INTERVAL;TIMESTAMP;SERIAL;P_AC;E_DAY;T_WR;U_AC;U_AC_1;U_AC_2;U_AC_3;I_AC;F_AC;U_DC_1;I_DC_1;U_DC_2;I_DC_2;U_DC_3;I_DC_3;S;E_WR;M_WR;I_AC_1;I_AC_2;I_AC_3;P_AC_1;P_AC_2;P_AC_3;F_AC_1;F_AC_2;F_AC_3;R_DC;PC;PCS;PCS_LL;COS_PHI;COS_PHI_LL;S_COS_PHI;Current_Day_Energy;current_Day_Offset;ccEnergyOfDay_WithoutOffset
60;2014-08-21 15:01:00;909402N262;8930;38.506;52;235;235;235;235;12.669;50.01;498.7;8.141;614.0;3.617;738.7;3.853;60;0;0;12.651;12.692;12.665;2974;2978;2971;50.01;50.01;50.01;5876;1000;0.0;0;0.0000;0;0;38506;38506;38506
60;2014-08-21 15:02:00;909402N262;9035;38.656;52;235;235;235;235;12.840;50.00;497.1;8.198;619.4;3.634;747.4;3.852;60;0;0;12.822;12.865;12.833;3011;3016;3006;50.00;50.00;50.00;5876;1000;0.0;0;0.0000;0;0;38656;38656;38656
60;2014-08-21 15:03:00;909402N262;8887;38.805;52;235;235;235;234;12.642;50.01;496.4;8.094;618.2;3.578;746.8;3.784;60;0;0;12.628;12.690;12.609;2960;2981;2943;50.01;50.01;50.01;5876;1000;0.0;0;0.0000;0;0;38805;38805;38805
60;2014-08-21 15:04:00;909402N262;8848;38.952;52;234;234;235;234;12.597;49.99;495.9;8.055;617.7;3.564;746.3;3.777;60;0;0;12.528;12.668;12.596;2924;2978;2944;49.99;49.99;49.99;5876;1000;0.0;0;0.0000;0;0;38952;38952;38952
60;2014-08-21 15:05:00;909402N262;8776;39.099;52;234;234;235;234;12.490;50.00;495.4;7.996;616.8;3.541;745.9;3.748;60;0;0;12.425;12.558;12.489;2900;2952;2922;50.00;50.00;50.00;5876;1000;0.0;0;0.0000;0;0;39099;39099;39099
60;2014-08-21 15:06:00;909402N262;8706;39.244;52;234;234;235;234;12.390;50.00;495.8;7.926;617.4;3.506;746.1;3.717;60;0;0;12.342;12.461;12.369;2884;2930;2890;50.00;50.00;50.00;5876;1000;0.0;0;0.0000;0;0;39244;39244;39244
60;2014-08-21 15:07:00;909402N262;8706;39.389;52;235;234;236;235;12.377;50.00;497.0;7.916;618.3;3.500;746.0;3.712;60;0;0;12.300;12.445;12.388;2874;2928;2902;50.00;50.00;50.00;5876;1000;0.0;0;0.0000;0;0;39389;39389;39389
60;2014-08-21 15:08:00;909402N262;8764;39.535;52;235;235;235;234;12.454;50.01;497.7;7.961;618.6;3.521;746.0;3.737;60;0;0;12.426;12.513;12.424;2918;2938;2906;50.01;50.01;50.01;5876;1000;0.0;0;0.0000;0;0;39535;39535;39535
60;2014-08-21 15:09:00;909402N262;8780;39.681;52;235;235;235;235;12.466;50.01;496.7;7.987;618.2;3.531;745.7;3.745;60;0;0;12.439;12.528;12.432;2922;2944;2912;50.01;50.01;50.01;5876;1000;0.0;0;0.0000;0;0;39681;39681;39681
60;2014-08-21 15:10:00;909402N262;8706;39.825;52;235;236;236;235;12.348;50.00;497.0;7.924;618.6;3.501;745.5;3.707;60;0;0;12.321;12.404;12.321;2898;2917;2889;50.00;50.00;50.00;5876;1000;0.0;0;0.0000;0;0;39825;39825;39825
60;2014-08-21 15:11:00;909402N262;7633;39.954;52;235;235;234;235;10.882;50.00;502.0;6.955;616.1;3.175;739.7;3.134;60;0;0;10.814;10.958;10.876;2536;2541;2554;50.00;50.00;50.00;5876;1000;0.0;0;0.0000;0;0;39954;39954;39954
60;2014-08-21 15:12:00;909402N262;7354;40.076;52;235;235;234;236;10.421;50.01;505.0;6.558;611.7;2.864;738.1;3.251;60;0;0;10.397;10.387;10.481;2444;2438;2469;50.01;50.01;50.01;5876;1000;0.0;0;0.0000;0;0;40076;40076;40076
60;2014-08-21 15:13:00;909402N262;8796;40.223;52;236;236;234;236;12.463;50.01;500.8;7.965;621.9;3.509;749.9;3.718;60;0;0;12.436;12.427;12.526;2928;2909;2957;50.01;50.01;50.01;5876;1000;0.0;0;0.0000;0;0;40223;40223;40223
60;2014-08-21 15:14:00;909402N262;8690;40.368;52;235;236;234;236;12.319;50.01;501.0;7.872;621.5;3.465;749.4;3.675;60;0;0;12.284;12.292;12.383;2890;2875;2923;50.01;50.01;50.01;5876;1000;0.0;0;0.0000;0;0;40368;40368;40368
60;2014-08-21 15:15:00;909402N262;8629;40.512;52;235;235;235;236;12.237;50.00;500.8;7.824;620.7;3.443;749.2;3.652;60;0;0;12.187;12.220;12.305;2860;2864;2904;50.00;50.00;50.00;5876;1000;0.0;0;0.0000;0;0;40512;40512;40512
60;2014-08-21 15:16:00;909402N262;8585;40.656;52;235;235;235;236;12.174;50.00;498.8;7.853;600.2;3.532;749.2;3.703;60;0;0;12.152;12.153;12.218;2854;2855;2874;50.00;50.00;50.00;5876;1000;0.0;0;0.0000;0;0;40656;40656;40656
60;2014-08-21 15:17:00;909402N262;8696;40.800;52;235;236;235;236;12.339;50.00;501.8;7.863;621.4;3.469;750.7;3.673;60;0;0;12.315;12.320;12.383;2895;2885;2914;50.00;50.00;50.00;5876;1000;0.0;0;0.0000;0;0;40800;40800;40800
60;2014-08-21 15:18:00;909402N262;8725;40.946;52;235;235;235;235;12.385;50.01;501.8;7.886;621.9;3.477;751.1;3.683;60;0;0;12.358;12.378;12.420;2904;2899;2920;50.01;50.01;50.01;5876;1000;0.0;0;0.0000;0;0;40946;40946;40946
60;2014-08-21 15:19:00;909402N262;8709;41.091;52;235;235;234;235;12.367;50.01;501.1;7.878;621.0;3.479;750.5;3.682;60;0;0;12.344;12.358;12.400;2901;2891;2915;50.01;50.01;50.01;5876;1000;0.0;0;0.0000;0;0;41091;41091;41091
60;2014-08-21 15:20:00;909402N262;8664;41.235;52;235;235;234;235;12.308;50.01;500.2;7.845;620.0;3.468;749.5;3.671;60;0;0;12.277;12.311;12.337;2881;2882;2899;50.01;50.01;50.01;5876;1000;0.0;0;0.0000;0;0;41235;41235;41235
60;2014-08-21 15:21:00;909402N262;8681;41.380;52;235;235;235;236;12.321;50.00;499.6;7.863;619.5;3.476;749.3;3.683;60;0;0;12.283;12.327;12.355;2882;2887;2908;50.00;50.00;50.00;5876;1000;0.0;0;0.0000;0;0;41380;41380;41380
60;2014-08-21 15:22:00;909402N262;8687;41.524;52;235;235;234;236;12.331;49.99;499.0;7.874;618.8;3.481;749.5;3.689;60;0;0;12.306;12.323;12.365;2890;2885;2910;49.99;49.99;49.99;5876;1000;0.0;0;0.0000;0;0;41524;41524;41524
60;2014-08-21 15:23:00;909402N262;8664;41.670;52;235;236;234;236;12.291;50.00;498.3;7.859;618.8;3.473;748.9;3.687;60;0;0;12.295;12.272;12.307;2896;2872;2894;50.00;50.00;50.00;5876;1000;0.0;0;0.0000;0;0;41670;41670;41670
60;2014-08-21 15:24:00;909402N262;8435;41.812;52;236;236;234;236;11.956;50.00;498.0;7.655;618.0;3.379;748.3;3.606;60;0;0;11.958;11.920;11.990;2818;2791;2824;50.00;50.00;50.00;5876;1000;0.0;0;0.0000;0;0;41812;41812;41812
60;2014-08-21 15:25:00;909402N262;8526;41.950;52;235;236;235;235;12.087;50.01;497.2;7.752;617.6;3.421;748.1;3.633;60;0;0;12.100;12.074;12.087;2856;2828;2840;50.01;50.01;50.01;5876;1000;0.0;0;0.0000;0;0;41950;41950;41950
60;2014-08-21 15:26:00;909402N262;8538;42.094;52;236;236;235;236;12.093;50.00;496.3;7.775;617.8;3.425;747.4;3.641;60;0;0;12.072;12.089;12.118;2843;2836;2857;50.00;50.00;50.00;5876;1000;0.0;0;0.0000;0;0;42094;42094;42094
60;2014-08-21 15:27:00;909402N262;8519;42.236;52;235;236;234;235;12.085;49.99;495.3;7.769;616.9;3.423;746.7;3.639;60;0;0;12.098;12.071;12.088;2852;2825;2840;49.99;49.99;49.99;5876;1000;0.0;0;0.0000;0;0;42236;42236;42236
60;2014-08-21 15:28:00;909402N262;8485;42.377;52;235;236;235;236;12.034;50.00;494.2;7.751;615.4;3.417;746.0;3.631;60;0;0;12.026;12.034;12.043;2833;2818;2832;50.00;50.00;50.00;5876;1000;0.0;0;0.0000;0;0;42377;42377;42377
60;2014-08-21 15:29:00;909402N262;8457;42.519;52;235;236;234;235;12.009;49.99;493.9;7.725;615.7;3.405;746.8;3.620;60;0;0;12.021;12.017;11.991;2831;2811;2813;49.99;49.99;49.99;5876;1000;0.0;0;0.0000;0;0;42519;42519;42519
60;2014-08-21 15:30:00;909402N262;8468;42.660;52;236;236;235;236;12.002;49.99;494.9;7.726;616.6;3.407;746.1;3.622;60;0;0;12.005;11.977;12.024;2829;2806;2831;49.99;49.99;49.99;5876;1000;0.0;0;0.0000;0;0;42660;42660;42660
60;2014-08-21 15:31:00;909402N262;8457;42.801;52;235;236;235;235;11.991;49.99;491.6;7.803;597.8;3.484;745.3;3.662;60;0;0;12.010;11.972;11.991;2833;2805;2818;49.99;49.99;49.99;5876;1000;0.0;0;0.0000;0;0;42801;42801;42801
60;2014-08-21 15:32:00;909402N262;7364;42.924;52;236;236;235;236;10.438;49.99;503.6;6.355;613.0;2.859;744.7;3.468;60;0;0;10.449;10.399;10.467;2461;2439;2463;49.99;49.99;49.99;5876;1000;0.0;0;0.0000;0;0;42924;42924;42924
60;2014-08-21 15:33:00;909402N262;8586;43.067;52;236;236;235;236;12.167;49.99;495.1;7.834;616.9;3.457;745.1;3.672;60;0;0;12.174;12.146;12.181;2870;2847;2867;49.99;49.99;49.99;5876;1000;0.0;0;0.0000;0;0;43067;43067;43067
60;2014-08-21 15:34:00;909402N262;8473;43.208;52;235;236;235;235;12.025;50.00;496.7;7.716;617.7;3.398;746.3;3.619;60;0;0;12.027;12.005;12.045;2832;2810;2830;50.00;50.00;50.00;5876;1000;0.0;0;0.0000;0;0;43208;43208;43208
60;2014-08-21 15:35:00;909402N262;8441;43.349;52;235;235;235;236;11.973;50.01;497.1;7.678;618.1;3.383;746.6;3.603;60;0;0;11.936;11.971;12.013;2805;2805;2829;50.01;50.01;50.01;5876;1000;0.0;0;0.0000;0;0;43349;43349;43349
60;2014-08-21 15:36:00;909402N262;8402;43.489;52;235;236;235;235;11.927;50.01;496.9;7.641;618.0;3.373;746.3;3.588;60;0;0;11.925;11.925;11.931;2808;2793;2799;50.01;50.01;50.01;5876;1000;0.0;0;0.0000;0;0;43489;43489;43489
60;2014-08-21 15:37:00;909402N262;8446;43.630;52;235;236;235;235;11.974;49.99;496.6;7.679;617.8;3.394;746.1;3.609;60;0;0;11.959;11.995;11.970;2816;2817;2811;49.99;49.99;49.99;5876;1000;0.0;0;0.0000;0;0;43630;43630;43630
60;2014-08-21 15:38:00;909402N262;8514;43.771;52;235;236;235;235;12.075;49.99;497.1;7.741;618.1;3.433;746.6;3.620;60;0;0;12.075;12.075;12.077;2847;2827;2838;49.99;49.99;49.99;5876;1000;0.0;0;0.0000;0;0;43771;43771;43771
60;2014-08-21 15:39:00;909402N262;3025;43.822;52;234;235;234;235;4.348;50.00;506.0;2.841;594.4;1.461;709.2;1.049;60;0;0;4.297;4.384;4.365;996;1012;1015;50.00;50.00;50.00;5876;1000;0.0;0;0.0000;0;0;43822;43822;43822
60;2014-08-21 15:40:00;909402N262;5137;43.908;52;235;235;234;235;7.313;49.99;518.2;4.336;606.8;1.939;736.1;2.413;60;0;0;7.306;7.272;7.362;1707;1711;1722;49.99;49.99;49.99;5876;1000;0.0;0;0.0000;0;0;43908;43908;43908
60;2014-08-21 15:41:00;909402N262;5447;43.998;52;235;236;235;235;7.741;50.00;514.0;4.797;611.6;2.016;745.9;2.451;60;0;0;7.736;7.700;7.788;1811;1813;1820;50.00;50.00;50.00;5876;1000;0.0;0;0.0000;0;0;43998;43998;43998
60;2014-08-21 15:42:00;909402N262;8471;44.139;52;236;236;235;236;11.994;50.01;506.8;7.603;624.8;3.346;759.4;3.535;60;0;0;11.954;12.002;12.028;2816;2816;2837;50.01;50.01;50.01;5876;1000;0.0;0;0.0000;0;0;44139;44139;44139
60;2014-08-21 15:43:00;909402N262;8369;44.279;52;236;236;235;236;11.855;50.00;506.1;7.520;624.3;3.314;758.5;3.494;60;0;0;11.826;11.862;11.877;2787;2782;2799;50.00;50.00;50.00;5876;1000;0.0;0;0.0000;0;0;44279;44279;44279
60;2014-08-21 15:44:00;909402N262;8348;44.418;52;235;236;235;236;11.839;50.00;506.2;7.507;624.9;3.309;758.5;3.476;60;0;0;11.818;11.831;11.870;2781;2771;2794;50.00;50.00;50.00;5876;1000;0.0;0;0.0000;0;0;44418;44418;44418
60;2014-08-21 15:45:00;909402N262;7368;44.541;52;236;236;236;236;10.428;50.01;512.1;6.547;620.6;2.947;754.4;3.049;60;0;0;10.383;10.439;10.462;2439;2456;2464;50.01;50.01;50.01;5876;1000;0.0;0;0.0000;0;0;44541;44541;44541
60;2014-08-21 15:46:00;909402N262;8337;44.680;52;236;236;236;236;11.793;50.00;501.3;7.562;612.6;3.342;759.0;3.525;60;0;0;11.781;11.803;11.797;2780;2779;2776;50.00;50.00;50.00;5876;1000;0.0;0;0.0000;0;0;44680;44680;44680
60;2014-08-21 15:47:00;909402N262;8307;44.818;52;236;236;235;236;11.745;50.01;505.5;7.464;623.7;3.294;757.6;3.474;60;0;0;11.715;11.756;11.766;2765;2764;2776;50.01;50.01;50.01;5876;1000;0.0;0;0.0000;0;0;44818;44818;44818
60;2014-08-21 15:48:00;909402N262;8304;44.957;52;236;236;235;236;11.749;50.02;504.3;7.474;623.3;3.298;756.6;3.479;60;0;0;11.728;11.745;11.776;2768;2756;2778;50.02;50.02;50.02;5876;1000;0.0;0;0.0000;0;0;44957;44957;44957
60;2014-08-21 15:49:00;909402N262;8156;45.093;52;235;236;234;236;11.553;50.00;504.6;7.362;623.0;3.254;755.0;3.404;60;0;0;11.562;11.509;11.588;2729;2698;2730;50.00;50.00;50.00;5876;1000;0.0;0;0.0000;0;0;45093;45093;45093
60;2014-08-21 15:50:00;909402N262;8199;45.229;52;236;236;235;236;11.605;50.01;504.3;7.389;622.8;3.246;754.5;3.447;60;0;0;11.576;11.592;11.648;2729;2718;2750;50.01;50.01;50.01;5876;1000;0.0;0;0.0000;0;0;45229;45229;45229
60;2014-08-21 15:51:00;909402N262;8179;45.365;52;236;236;235;236;11.569;50.01;503.5;7.381;622.9;3.234;753.8;3.446;60;0;0;11.557;11.570;11.582;2730;2717;2730;50.01;50.01;50.01;5876;1000;0.0;0;0.0000;0;0;45365;45365;45365
60;2014-08-21 15:52:00;909402N262;8176;45.502;52;236;236;235;236;11.561;50.01;503.2;7.386;622.2;3.231;753.5;3.449;60;0;0;11.536;11.564;11.585;2724;2717;2734;50.01;50.01;50.01;5876;1000;0.0;0;0.0000;0;0;45502;45502;45502
60;2014-08-21 15:53:00;909402N262;8150;45.638;52;236;236;234;236;11.530;50.03;503.4;7.364;622.0;3.219;753.4;3.438;60;0;0;11.510;11.512;11.570;2717;2696;2735;50.03;50.03;50.03;5876;1000;0.0;0;0.0000;0;0;45638;45638;45638
60;2014-08-21 15:54:00;909402N262;8132;45.773;52;236;236;234;236;11.509;50.03;504.6;7.340;623.3;3.201;753.5;3.429;60;0;0;11.497;11.496;11.534;2715;2694;2721;50.03;50.03;50.03;5876;1000;0.0;0;0.0000;0;0;45773;45773;45773
60;2014-08-21 15:55:00;909402N262;8143;45.909;52;236;236;235;237;11.511;50.03;505.3;7.348;623.3;3.204;753.7;3.428;60;0;0;11.476;11.491;11.566;2709;2694;2738;50.03;50.03;50.03;5876;1000;0.0;0;0.0000;0;0;45909;45909;45909
60;2014-08-21 15:56:00;909402N262;8140;46.044;52;236;236;235;237;11.499;50.02;505.4;7.340;623.3;3.207;753.4;3.424;60;0;0;11.471;11.497;11.530;2710;2702;2725;50.02;50.02;50.02;5876;1000;0.0;0;0.0000;0;0;46044;46044;46044
60;2014-08-21 15:57:00;909402N262;8140;46.180;52;236;237;236;237;11.485;50.02;505.8;7.327;623.2;3.212;753.8;3.423;60;0;0;11.457;11.506;11.494;2709;2712;2717;50.02;50.02;50.02;5876;1000;0.0;0;0.0000;0;0;46180;46180;46180
60;2014-08-21 15:58:00;909402N262;8115;46.316;52;236;237;236;237;11.457;50.02;506.4;7.292;623.5;3.205;753.8;3.412;60;0;0;11.432;11.469;11.471;2703;2700;2711;50.02;50.02;50.02;5876;1000;0.0;0;0.0000;0;0;46316;46316;46316
60;2014-08-21 15:59:00;909402N262;8153;46.452;52;237;237;237;237;11.484;49.99;506.7;7.320;623.7;3.218;753.8;3.428;60;0;0;11.461;11.511;11.481;2713;2722;2715;49.99;49.99;49.99;5876;1000;0.0;0;0.0000;0;0;46452;46452;46452
60;2014-08-21 16:00:00;909402N262;8186;46.588;52;237;237;237;237;11.536;49.98;507.0;7.346;623.6;3.236;753.2;3.443;60;0;0;11.503;11.560;11.546;2719;2733;2732;49.98;49.98;49.98;5876;1000;0.0;0;0.0000;0;0;46588;46588;46588
[wr_ende]
