20150310;070000;danfoss;My Plant;+0100
[wr_def_start]
909402N262;Inverter Type;Inverter Group;Hanzl
[wr_def_end]
[wr]
INTERVAL;TIMESTAMP;SERIAL;P_AC;E_DAY;T_WR;U_AC;U_AC_1;U_AC_2;U_AC_3;I_AC;F_AC;U_DC_1;I_DC_1;U_DC_2;I_DC_2;U_DC_3;I_DC_3;S;E_WR;M_WR;I_AC_1;I_AC_2;I_AC_3;P_AC_1;P_AC_2;P_AC_3;F_AC_1;F_AC_2;F_AC_3;R_DC;PC;PCS;PCS_LL;COS_PHI;COS_PHI_LL;S_COS_PHI;Current_Day_Energy;current_Day_Offset;ccEnergyOfDay_WithoutOffset
60;2015-03-10 06:01:00;909402N262;0;0.000;15;232;232;231;232;0.000;50.02;229.9;0.000;229.3;0.000;229.9;0.000;50;0;0;0.000;0.000;0.000;0;0;0;50.02;50.02;50.02;0;1000;0.0;0;1.0000;0;2;0;0;0
60;2015-03-10 06:02:00;909402N262;0;0.000;16;232;232;232;231;0.000;49.99;228.9;0.000;228.3;0.000;228.8;0.000;50;0;0;0.000;0.000;0.000;0;0;0;49.99;49.99;49.99;0;1000;0.0;0;1.0000;0;2;0;0;0
60;2015-03-10 06:03:00;909402N262;0;0.000;16;232;232;233;231;0.000;49.98;227.5;0.000;227.0;0.000;227.7;0.000;50;0;0;0.000;0.000;0.000;0;0;0;49.98;49.98;49.98;0;1000;0.0;0;1.0000;0;2;0;0;0
60;2015-03-10 06:04:00;909402N262;0;0.000;17;232;233;233;232;0.000;49.97;229.4;0.000;228.8;0.000;230.4;0.000;50;0;0;0.000;0.000;0.000;0;0;0;49.97;49.97;49.97;0;1000;0.0;0;1.0000;0;2;0;0;0
60;2015-03-10 06:05:00;909402N262;0;0.000;17;233;233;234;232;0.000;49.97;230.8;0.000;230.3;0.000;230.9;0.000;50;0;0;0.000;0.000;0.000;0;0;0;49.97;49.97;49.97;0;1000;0.0;0;1.0000;0;2;0;0;0
60;2015-03-10 06:06:00;909402N262;0;0.000;17;234;234;234;233;0.000;49.98;236.6;0.000;236.1;0.000;237.0;0.000;50;0;0;0.000;0.000;0.000;0;0;0;49.98;49.98;49.98;0;1000;0.0;0;1.0000;0;2;0;0;0
60;2015-03-10 06:07:00;909402N262;0;0.000;18;234;234;234;233;0.000;50.01;229.7;0.000;229.1;0.000;229.4;0.000;50;0;0;0.000;0.000;0.000;0;0;0;50.00;50.00;50.00;0;1000;0.0;0;1.0000;0;2;0;0;0
60;2015-03-10 06:08:00;909402N262;0;0.000;18;234;234;234;234;0.000;49.99;229.0;0.000;228.5;0.000;229.0;0.000;50;0;0;0.000;0.000;0.000;0;0;0;49.99;49.99;49.99;0;1000;0.0;0;1.0000;0;2;0;0;0
60;2015-03-10 06:09:00;909402N262;0;0.000;18;234;234;233;234;0.000;49.98;233.5;0.000;233.0;0.000;233.6;0.000;50;0;0;0.000;0.000;0.000;0;0;0;49.98;49.98;49.98;0;1000;0.0;0;1.0000;0;2;0;0;0
60;2015-03-10 06:10:00;909402N262;0;0.000;18;233;233;233;234;0.000;49.98;235.3;0.000;234.7;0.000;235.8;0.000;50;0;0;0.000;0.000;0.000;0;0;0;49.98;49.98;49.98;0;1000;0.0;0;1.0000;0;2;0;0;0
60;2015-03-10 06:11:00;909402N262;0;0.000;18;234;234;235;234;0.000;49.97;241.9;0.000;241.4;0.000;242.5;0.000;50;0;0;0.000;0.000;0.000;0;0;0;49.97;49.97;49.97;0;1000;0.0;0;1.0000;0;2;0;0;0
60;2015-03-10 06:12:00;909402N262;0;0.000;18;234;234;235;234;0.000;49.96;256.6;0.000;256.0;0.000;256.7;0.000;50;0;0;0.000;0.000;0.000;0;0;0;49.96;49.96;49.96;0;1000;0.0;0;1.0000;0;2;0;0;0
60;2015-03-10 06:13:00;909402N262;0;0.000;18;235;234;235;234;0.000;49.98;256.9;0.000;256.7;0.000;256.9;0.000;50;0;0;0.000;0.000;0.000;0;0;0;49.98;49.98;49.98;0;1000;0.0;0;1.0000;0;2;0;0;0
60;2015-03-10 06:14:00;909402N262;0;0.000;19;235;235;236;234;0.003;49.97;285.3;0.000;284.5;0.000;284.6;0.000;50;0;0;0.003;0.004;0.003;0;0;0;49.97;49.97;49.97;0;1000;0.0;0;1.0000;0;2;0;0;0
60;2015-03-10 06:15:00;909402N262;0;0.000;19;235;235;235;234;0.004;49.99;507.1;0.001;467.4;0.000;518.8;0.000;51;0;0;0.004;0.004;0.004;0;0;0;49.99;49.99;49.99;4803;1000;0.0;0;1.0000;0;2;0;0;0
60;2015-03-10 06:16:00;909402N262;1;0.000;19;234;234;233;235;0.190;50.01;427.4;0.009;347.5;0.004;415.1;0.002;60;0;0;0.180;0.118;0.272;0;14;0;50.01;50.01;50.01;10530;1000;0.0;0;1.0000;0;2;0;0;0
60;2015-03-10 06:17:00;909402N262;4;0.000;19;232;232;231;233;0.252;49.99;461.1;0.013;348.0;0.007;402.0;0.005;60;0;0;0.152;0.200;0.404;0;28;0;49.99;49.99;49.99;10530;1000;0.0;0;1.0000;0;2;0;0;0
60;2015-03-10 06:18:00;909402N262;6;0.001;19;232;232;231;234;0.321;49.99;452.4;0.017;410.9;0.007;362.4;0.007;60;0;0;0.234;0.228;0.503;4;28;0;49.99;49.99;49.99;10530;1000;0.0;0;1.0000;0;2;1;1;1
60;2015-03-10 06:19:00;909402N262;11;0.001;19;232;232;231;234;0.322;49.99;475.0;0.019;374.3;0.010;495.0;0.007;60;0;0;0.307;0.160;0.500;17;17;0;49.99;49.99;49.99;10530;1000;0.0;0;1.0000;0;2;1;1;1
60;2015-03-10 06:20:00;909402N262;16;0.001;19;232;232;232;233;0.373;49.98;488.8;0.022;422.7;0.011;530.0;0.009;60;0;0;0.460;0.374;0.285;31;7;0;49.98;49.98;49.98;10530;1000;0.0;0;1.0000;0;2;1;1;1
60;2015-03-10 06:21:00;909402N262;20;0.001;19;232;232;232;232;0.288;49.98;494.6;0.025;468.1;0.011;558.3;0.011;60;0;0;0.345;0.234;0.285;9;6;24;49.98;49.98;49.98;10530;1000;0.0;0;1.0000;0;2;1;1;1
60;2015-03-10 06:22:00;909402N262;24;0.001;19;232;232;232;232;0.413;49.97;497.5;0.028;492.4;0.012;583.9;0.011;60;0;0;0.488;0.269;0.483;1;12;37;49.97;49.97;49.97;10530;1000;0.0;0;1.0000;0;2;1;1;1
60;2015-03-10 06:23:00;909402N262;28;0.002;19;232;232;232;232;0.480;50.00;482.8;0.034;469.7;0.015;547.7;0.015;60;0;0;0.573;0.423;0.444;19;22;4;50.00;50.00;50.00;10530;1000;0.0;0;1.0000;0;2;2;2;2
60;2015-03-10 06:24:00;909402N262;33;0.002;19;232;232;231;232;0.486;49.99;507.8;0.036;488.3;0.017;552.7;0.017;60;0;0;0.550;0.322;0.588;11;31;4;49.99;49.99;49.99;10530;1000;0.0;0;1.0000;0;2;2;2;2
60;2015-03-10 06:25:00;909402N262;38;0.003;19;232;232;231;233;0.462;50.00;506.6;0.041;466.0;0.021;590.1;0.018;60;0;0;0.500;0.310;0.578;10;25;7;50.00;50.00;50.00;10530;1000;0.0;0;1.0000;0;2;3;3;3
60;2015-03-10 06:26:00;909402N262;44;0.003;20;232;232;231;233;0.437;50.00;522.0;0.044;483.3;0.023;617.2;0.022;60;0;0;0.465;0.277;0.570;20;22;5;50.00;50.00;50.00;10530;1000;0.0;0;1.0000;0;2;3;3;3
60;2015-03-10 06:27:00;909402N262;49;0.005;20;232;232;231;233;0.530;49.99;537.8;0.047;496.4;0.026;615.4;0.024;60;0;0;0.545;0.351;0.696;29;37;1;49.99;49.99;49.99;10530;1000;0.0;0;1.0000;0;2;5;5;5
60;2015-03-10 06:28:00;909402N262;55;0.005;20;232;232;231;233;0.510;49.98;529.3;0.053;518.8;0.027;614.0;0.027;60;0;0;0.504;0.309;0.717;34;20;7;49.98;49.98;49.98;10530;1000;0.0;0;1.0000;0;2;5;5;5
60;2015-03-10 06:29:00;909402N262;62;0.007;20;232;232;232;233;0.477;49.99;543.4;0.056;500.9;0.031;627.2;0.028;60;0;0;0.515;0.412;0.506;25;34;6;49.99;49.99;49.99;10530;1000;0.0;0;1.0000;0;2;7;7;7
60;2015-03-10 06:30:00;909402N262;68;0.007;20;232;232;232;232;0.514;49.99;530.2;0.063;513.6;0.034;635.8;0.030;60;0;0;0.528;0.458;0.556;20;38;13;49.99;49.99;49.99;10530;1000;0.0;0;1.0000;0;2;7;7;7
60;2015-03-10 06:31:00;909402N262;73;0.009;20;232;232;232;233;0.525;49.99;543.0;0.067;529.5;0.034;616.7;0.034;60;0;0;0.536;0.417;0.622;30;27;22;49.99;49.99;49.99;10530;1000;0.0;0;1.0000;0;2;9;9;9
60;2015-03-10 06:32:00;909402N262;81;0.009;20;232;232;232;233;0.395;50.00;536.4;0.073;531.2;0.039;651.9;0.035;60;0;0;0.389;0.347;0.449;28;31;21;50.00;50.00;50.00;10530;1000;0.0;0;1.0000;0;2;9;9;9
60;2015-03-10 06:33:00;909402N262;88;0.011;20;232;232;230;233;0.315;50.00;559.5;0.075;534.3;0.042;663.4;0.039;60;0;0;0.319;0.278;0.348;33;37;16;50.00;50.00;50.00;10530;1000;0.0;0;1.0000;0;2;11;11;11
60;2015-03-10 06:34:00;909402N262;93;0.012;20;232;232;230;233;0.550;50.00;544.9;0.083;539.5;0.045;651.7;0.041;60;0;0;0.565;0.423;0.663;23;49;22;50.00;50.00;50.00;10530;1000;0.0;0;1.0000;0;2;12;12;12
60;2015-03-10 06:35:00;909402N262;101;0.014;20;232;232;230;233;0.306;49.99;566.0;0.084;561.1;0.046;668.1;0.042;60;0;0;0.325;0.293;0.301;32;43;24;49.99;49.99;49.99;10530;1000;0.0;0;1.0000;0;2;14;14;14
60;2015-03-10 06:36:00;909402N262;107;0.015;20;232;232;230;233;0.325;49.98;548.6;0.091;552.6;0.049;669.7;0.044;60;0;0;0.351;0.327;0.297;30;48;27;49.98;49.98;49.98;10530;1000;0.0;0;1.0000;0;2;15;15;15
60;2015-03-10 06:37:00;909402N262;114;0.018;20;231;232;229;232;0.243;49.97;563.7;0.094;555.7;0.052;680.8;0.046;60;0;0;0.262;0.247;0.222;38;42;32;49.97;49.97;49.97;10530;1000;0.0;0;1.0000;0;2;18;18;18
60;2015-03-10 06:38:00;909402N262;120;0.020;20;231;232;231;232;0.256;49.97;572.0;0.097;561.5;0.054;685.5;0.049;60;0;0;0.277;0.263;0.228;39;44;34;49.97;49.97;49.97;10530;1000;0.0;0;1.0000;0;2;20;20;20
60;2015-03-10 06:39:00;909402N262;126;0.022;20;232;232;231;232;0.239;49.98;574.6;0.102;575.4;0.055;686.4;0.052;60;0;0;0.231;0.251;0.236;40;44;40;49.98;49.98;49.98;10530;1000;0.0;0;1.0000;0;2;22;22;22
60;2015-03-10 06:40:00;909402N262;132;0.024;20;232;232;231;232;0.228;49.98;568.7;0.108;564.1;0.060;709.7;0.053;60;0;0;0.224;0.233;0.229;42;45;44;49.98;49.98;49.98;10530;1000;0.0;0;1.0000;0;2;24;24;24
60;2015-03-10 06:41:00;909402N262;139;0.027;20;234;233;233;235;0.245;49.97;548.9;0.118;566.7;0.062;706.4;0.055;60;0;0;0.243;0.252;0.241;46;47;45;49.97;49.97;49.97;10530;1000;0.0;0;1.0000;0;2;27;27;27
60;2015-03-10 06:42:00;909402N262;145;0.029;20;234;234;232;235;0.247;49.96;550.1;0.123;577.2;0.066;707.7;0.058;60;0;0;0.240;0.258;0.243;47;49;47;49.96;49.96;49.96;10530;1000;0.0;0;1.0000;0;2;29;29;29
60;2015-03-10 06:43:00;909402N262;152;0.031;21;234;234;232;235;0.270;49.97;553.0;0.127;582.5;0.067;711.2;0.059;60;0;0;0.251;0.301;0.258;47;55;48;49.97;49.97;49.97;10530;1000;0.0;0;1.0000;0;2;31;31;31
60;2015-03-10 06:44:00;909402N262;158;0.034;21;234;234;232;236;0.297;49.97;554.3;0.132;578.1;0.071;704.1;0.062;60;0;0;0.296;0.331;0.265;52;58;46;49.97;49.97;49.97;10530;1000;0.0;0;1.0000;0;2;34;34;34
60;2015-03-10 06:45:00;909402N262;164;0.037;21;234;234;233;235;0.306;49.97;556.6;0.137;581.4;0.074;699.4;0.065;60;0;0;0.309;0.331;0.280;54;59;49;49.97;49.97;49.97;10530;1000;0.0;0;1.0000;0;2;37;37;37
60;2015-03-10 06:46:00;909402N262;168;0.040;21;234;234;232;235;0.314;49.97;551.6;0.142;581.9;0.075;702.1;0.068;60;0;0;0.311;0.357;0.274;55;63;48;49.97;49.97;49.97;10530;1000;0.0;0;1.0000;0;2;40;40;40
60;2015-03-10 06:47:00;909402N262;178;0.042;21;234;234;233;235;0.330;49.96;561.5;0.145;588.9;0.078;704.5;0.072;60;0;0;0.312;0.418;0.261;55;72;48;49.96;49.96;49.96;10530;1000;0.0;0;1.0000;0;2;42;42;42
60;2015-03-10 06:48:00;909402N262;182;0.045;21;234;233;233;235;0.331;49.96;559.8;0.151;586.7;0.082;713.3;0.074;60;0;0;0.286;0.419;0.290;52;74;54;49.96;49.96;49.96;10530;1000;0.0;0;1.0000;0;2;45;45;45
60;2015-03-10 06:49:00;909402N262;189;0.049;21;234;233;233;235;0.351;49.97;567.6;0.154;590.5;0.083;710.1;0.076;60;0;0;0.332;0.439;0.284;59;76;52;49.97;49.97;49.97;10530;1000;0.0;0;1.0000;0;2;49;49;49
60;2015-03-10 06:50:00;909402N262;195;0.052;21;234;233;233;235;0.359;49.98;569.0;0.158;598.6;0.085;719.5;0.078;60;0;0;0.317;0.438;0.322;58;76;59;49.98;49.98;49.98;10530;1000;0.0;0;1.0000;0;2;52;52;52
60;2015-03-10 06:51:00;909402N262;200;0.055;21;234;234;231;235;0.370;49.99;578.0;0.160;595.8;0.088;724.2;0.079;60;0;0;0.343;0.451;0.318;62;79;58;49.99;49.99;49.99;10530;1000;0.0;0;1.0000;0;2;55;55;55
60;2015-03-10 06:52:00;909402N262;207;0.059;21;234;234;232;235;0.383;49.98;581.3;0.164;596.1;0.091;718.9;0.082;60;0;0;0.337;0.477;0.336;60;84;61;49.98;49.98;49.98;10530;1000;0.0;0;1.0000;0;2;59;59;59
60;2015-03-10 06:53:00;909402N262;214;0.062;21;234;234;232;235;0.391;49.98;581.7;0.168;601.0;0.093;723.6;0.084;60;0;0;0.343;0.519;0.313;62;92;58;49.98;49.98;49.98;10530;1000;0.0;0;1.0000;0;2;62;62;62
60;2015-03-10 06:54:00;909402N262;220;0.066;22;233;233;232;235;0.400;49.96;583.1;0.173;606.8;0.095;722.5;0.085;60;0;0;0.357;0.495;0.349;65;89;64;49.96;49.96;49.96;10530;1000;0.0;0;1.0000;0;2;66;66;66
60;2015-03-10 06:55:00;909402N262;226;0.069;22;233;233;233;234;0.401;49.97;585.1;0.177;600.3;0.099;735.6;0.087;60;0;0;0.364;0.515;0.325;67;95;62;49.97;49.97;49.97;10530;1000;0.0;0;1.0000;0;2;69;69;69
60;2015-03-10 06:56:00;909402N262;233;0.074;22;234;233;233;235;0.421;49.98;585.4;0.181;601.4;0.101;724.5;0.091;60;0;0;0.390;0.524;0.350;72;95;65;49.98;49.98;49.98;10530;1000;0.0;0;1.0000;0;2;74;74;74
60;2015-03-10 06:57:00;909402N262;239;0.079;22;234;234;233;234;0.428;49.99;585.8;0.185;606.3;0.104;730.6;0.093;60;0;0;0.415;0.520;0.351;77;94;66;49.99;49.99;49.99;10530;1000;0.0;0;1.0000;0;2;79;79;79
60;2015-03-10 06:58:00;909402N262;243;0.082;22;233;234;231;235;0.446;50.00;585.8;0.190;611.8;0.105;728.7;0.096;60;0;0;0.423;0.535;0.381;76;95;70;50.00;50.00;50.00;10530;1000;0.0;0;1.0000;0;2;82;82;82
60;2015-03-10 06:59:00;909402N262;249;0.086;22;233;234;230;235;0.451;50.01;586.9;0.193;609.9;0.107;736.9;0.097;60;0;0;0.445;0.542;0.368;81;97;69;50.01;50.01;50.01;10530;1000;0.0;0;1.0000;0;2;86;86;86
60;2015-03-10 07:00:00;909402N262;253;0.090;22;233;234;230;236;0.455;50.03;586.4;0.198;606.4;0.109;742.9;0.097;60;0;0;0.430;0.552;0.383;79;98;72;50.03;50.03;50.03;10530;1000;0.0;0;1.0000;0;2;90;90;90
[wr_ende]
