20140821;120004;danfoss;My Plant;+0100
[wr_def_start]
909402N262;Inverter Type;Inverter Group;Hanzl
[wr_def_end]
[wr]
INTERVAL;TIMESTAMP;SERIAL;P_AC;E_DAY;T_WR;U_AC;U_AC_1;U_AC_2;U_AC_3;I_AC;F_AC;U_DC_1;I_DC_1;U_DC_2;I_DC_2;U_DC_3;I_DC_3;S;E_WR;M_WR;I_AC_1;I_AC_2;I_AC_3;P_AC_1;P_AC_2;P_AC_3;F_AC_1;F_AC_2;F_AC_3;R_DC;PC;PCS;PCS_LL;COS_PHI;COS_PHI_LL;S_COS_PHI;Current_Day_Energy;current_Day_Offset;ccEnergyOfDay_WithoutOffset
60;2014-08-21 11:01:00;909402N262;6940;9.197;45;234;234;234;234;9.913;50.00;531.4;5.736;607.0;3.243;723.7;2.869;60;0;0;9.884;9.915;9.941;2302;2317;2321;50.00;50.00;50.00;5876;1000;0.0;0;0.0000;0;0;9197;9197;9197
60;2014-08-21 11:02:00;909402N262;7240;9.318;45;234;233;234;233;10.350;50.01;532.9;5.950;623.1;3.306;719.7;2.970;60;0;0;10.308;10.396;10.346;2401;2429;2409;50.01;50.01;50.01;5876;1000;0.0;0;0.0000;0;0;9318;9318;9318
60;2014-08-21 11:03:00;909402N262;7453;9.442;45;234;233;234;234;10.641;50.00;530.8;6.148;622.5;3.401;717.3;3.073;60;0;0;10.561;10.694;10.670;2455;2504;2493;50.00;50.00;50.00;5876;1000;0.0;0;0.0000;0;0;9442;9442;9442
60;2014-08-21 11:04:00;909402N262;7664;9.570;46;234;233;234;234;10.947;50.00;529.5;6.339;622.7;3.483;722.0;3.154;60;0;0;10.854;10.998;10.989;2522;2573;2567;50.00;50.00;50.00;5876;1000;0.0;0;0.0000;0;0;9570;9570;9570
60;2014-08-21 11:05:00;909402N262;7756;9.699;46;233;232;235;234;11.091;50.00;528.6;6.436;621.7;3.528;718.9;3.199;60;0;0;10.947;11.193;11.134;2533;2623;2598;50.00;50.00;50.00;5876;1000;0.0;0;0.0000;0;0;9699;9699;9699
60;2014-08-21 11:06:00;909402N262;7454;9.824;46;234;233;234;234;10.662;50.01;528.8;6.168;621.6;3.383;723.3;3.095;60;0;0;10.588;10.689;10.710;2458;2505;2502;50.01;50.01;50.01;5876;1000;0.0;0;0.0000;0;0;9824;9824;9824
60;2014-08-21 11:07:00;909402N262;7758;9.953;46;234;234;233;234;11.087;50.00;526.5;6.472;620.2;3.566;718.8;3.174;60;0;0;11.060;11.105;11.096;2579;2583;2593;50.00;50.00;50.00;5876;1000;0.0;0;0.0000;0;0;9953;9953;9953
60;2014-08-21 11:08:00;909402N262;6807;10.067;46;234;234;233;234;9.757;50.01;526.9;5.608;614.9;3.180;731.5;2.766;60;0;0;9.709;9.803;9.761;2264;2263;2278;50.01;50.01;50.01;5876;1000;0.0;0;0.0000;0;0;10067;10067;10067
60;2014-08-21 11:09:00;909402N262;2161;10.103;46;233;233;233;232;3.189;50.00;529.7;1.860;597.1;0.969;744.7;0.846;60;0;0;3.143;3.223;3.201;710;727;722;50.00;50.00;50.00;5876;1000;0.0;0;0.0000;0;0;10103;10103;10103
60;2014-08-21 11:10:00;909402N262;2320;10.142;46;233;233;232;233;3.405;50.00;531.6;1.927;604.5;0.998;744.0;0.988;60;0;0;3.359;3.424;3.434;761;779;779;50.00;50.00;50.00;5876;1000;0.0;0;0.0000;0;0;10142;10142;10142
60;2014-08-21 11:11:00;909402N262;6399;10.250;46;233;234;233;233;9.169;50.00;533.2;5.295;626.5;2.818;725.9;2.662;60;0;0;9.145;9.179;9.184;2128;2136;2133;50.00;50.00;50.00;5876;1000;0.0;0;0.0000;0;0;10250;10250;10250
60;2014-08-21 11:12:00;909402N262;7362;10.372;46;234;234;234;234;10.520;50.01;534.3;6.114;627.2;3.352;721.8;2.951;60;0;0;10.483;10.544;10.535;2443;2466;2457;50.01;50.01;50.01;5876;1000;0.0;0;0.0000;0;0;10372;10372;10372
60;2014-08-21 11:13:00;909402N262;6535;10.482;46;233;233;234;234;9.366;50.01;535.5;5.314;624.1;2.926;734.7;2.679;60;0;0;9.291;9.445;9.363;2156;2190;2180;50.01;50.01;50.01;5876;1000;0.0;0;0.0000;0;0;10482;10482;10482
60;2014-08-21 11:14:00;909402N262;6853;10.596;46;233;233;233;234;9.801;50.00;536.1;5.634;627.6;3.025;726.6;2.874;60;0;0;9.794;9.773;9.838;2280;2299;2290;50.00;50.00;50.00;5876;1000;0.0;0;0.0000;0;0;10596;10596;10596
60;2014-08-21 11:15:00;909402N262;7478;10.720;46;234;233;234;234;10.691;50.00;529.8;6.190;624.7;3.350;738.6;3.030;60;0;0;10.615;10.749;10.709;2467;2509;2500;50.00;50.00;50.00;5876;1000;0.0;0;0.0000;0;0;10720;10720;10720
60;2014-08-21 11:16:00;909402N262;5234;10.808;46;233;233;233;234;7.530;49.98;526.4;4.331;597.1;2.403;748.4;2.045;60;0;0;7.452;7.610;7.528;1725;1753;1754;49.98;49.98;49.98;5876;1000;0.0;0;0.0000;0;0;10808;10808;10808
60;2014-08-21 11:17:00;909402N262;2637;10.850;46;233;232;232;234;3.812;49.99;544.6;2.314;609.5;1.202;729.8;0.939;60;0;0;3.802;3.744;3.891;867;881;896;49.99;49.99;49.99;5876;1000;0.0;0;0.0000;0;0;10850;10850;10850
60;2014-08-21 11:18:00;909402N262;1468;10.875;46;233;232;233;234;2.201;50.00;525.5;1.362;610.7;0.639;719.8;0.535;60;0;0;2.140;2.244;2.220;474;496;495;50.00;50.00;50.00;5876;1000;0.0;0;0.0000;0;0;10875;10875;10875
60;2014-08-21 11:19:00;909402N262;1240;10.896;46;233;232;233;234;1.860;50.00;526.9;1.175;610.9;0.509;717.6;0.466;60;0;0;1.808;1.896;1.876;401;419;418;50.00;50.00;50.00;5876;1000;0.0;0;0.0000;0;0;10896;10896;10896
60;2014-08-21 11:20:00;909402N262;6182;10.999;46;234;234;234;235;8.820;50.00;542.6;5.139;632.2;2.618;727.6;2.568;60;0;0;8.758;8.857;8.846;2041;2076;2071;50.00;50.00;50.00;5876;1000;0.0;0;0.0000;0;0;10999;10999;10999
60;2014-08-21 11:21:00;909402N262;7438;11.124;46;235;234;235;235;10.577;49.99;538.7;6.128;636.9;3.246;737.4;2.984;60;0;0;10.486;10.625;10.620;2447;2492;2497;49.99;49.99;49.99;5876;1000;0.0;0;0.0000;0;0;11124;11124;11124
60;2014-08-21 11:22:00;909402N262;7382;11.246;46;234;233;235;235;10.505;49.99;536.0;6.104;633.0;3.240;736.0;2.972;60;0;0;10.426;10.534;10.555;2431;2469;2479;49.99;49.99;49.99;5876;1000;0.0;0;0.0000;0;0;11246;11246;11246
60;2014-08-21 11:23:00;909402N262;7332;11.370;46;234;233;234;236;10.439;50.00;533.5;6.086;629.4;3.238;733.6;2.967;60;0;0;10.359;10.430;10.530;2413;2436;2481;50.00;50.00;50.00;5876;1000;0.0;0;0.0000;0;0;11370;11370;11370
60;2014-08-21 11:24:00;909402N262;7387;11.492;46;234;232;234;236;10.534;50.00;531.4;6.099;628.0;3.245;751.1;2.979;60;0;0;10.436;10.541;10.625;2423;2459;2503;50.00;50.00;50.00;5876;1000;0.0;0;0.0000;0;0;11492;11492;11492
60;2014-08-21 11:25:00;909402N262;7419;11.616;47;234;233;234;236;10.573;50.00;545.7;5.988;626.7;3.256;749.8;2.989;60;0;0;10.490;10.570;10.659;2439;2466;2513;50.00;50.00;50.00;5876;1000;0.0;0;0.0000;0;0;11616;11616;11616
60;2014-08-21 11:26:00;909402N262;7443;11.740;47;234;234;234;236;10.598;50.01;543.6;6.100;625.0;3.282;730.5;3.022;60;0;0;10.548;10.587;10.661;2460;2472;2509;50.01;50.01;50.01;5876;1000;0.0;0;0.0000;0;0;11740;11740;11740
60;2014-08-21 11:27:00;909402N262;7609;11.866;47;234;233;234;236;10.849;50.00;537.0;6.280;623.6;3.323;747.7;3.076;60;0;0;10.773;10.846;10.929;2504;2531;2572;50.00;50.00;50.00;5876;1000;0.0;0;0.0000;0;0;11866;11866;11866
60;2014-08-21 11:28:00;909402N262;7766;11.997;47;234;232;234;235;11.087;50.01;535.4;6.419;624.0;3.362;760.9;3.121;60;0;0;10.968;11.123;11.170;2539;2599;2626;50.01;50.01;50.01;5876;1000;0.0;0;0.0000;0;0;11997;11997;11997
60;2014-08-21 11:29:00;909402N262;7830;12.127;47;234;232;233;236;11.171;50.01;533.4;6.520;623.1;3.399;753.7;3.152;60;0;0;11.082;11.181;11.251;2573;2608;2648;50.01;50.01;50.01;5876;1000;0.0;0;0.0000;0;0;12127;12127;12127
60;2014-08-21 11:30:00;909402N262;7833;12.258;47;234;233;234;235;11.176;50.02;532.9;6.522;622.8;3.395;759.2;3.144;60;0;0;11.097;11.208;11.223;2580;2619;2631;50.02;50.02;50.02;5876;1000;0.0;0;0.0000;0;0;12258;12258;12258
60;2014-08-21 11:31:00;909402N262;7756;12.386;47;234;232;234;235;11.050;50.01;528.6;6.496;613.1;3.413;755.3;3.164;60;0;0;10.942;11.106;11.103;2538;2605;2607;50.01;50.01;50.01;5876;1000;0.0;0;0.0000;0;0;12386;12386;12386
60;2014-08-21 11:32:00;909402N262;7850;12.517;47;234;233;234;234;11.216;50.01;531.2;6.496;620.5;3.403;770.4;3.157;60;0;0;11.163;11.242;11.245;2597;2623;2630;50.01;50.01;50.01;5876;1000;0.0;0;0.0000;0;0;12517;12517;12517
60;2014-08-21 11:33:00;909402N262;7814;12.648;47;234;233;234;234;11.166;50.02;529.8;6.508;619.3;3.413;766.1;3.126;60;0;0;11.086;11.213;11.200;2575;2621;2617;50.02;50.02;50.02;5876;1000;0.0;0;0.0000;0;0;12648;12648;12648
60;2014-08-21 11:34:00;909402N262;7737;12.777;47;234;232;234;235;11.060;50.02;529.5;6.426;618.4;3.376;763.1;3.125;60;0;0;10.942;11.119;11.121;2536;2592;2607;50.02;50.02;50.02;5876;1000;0.0;0;0.0000;0;0;12777;12777;12777
60;2014-08-21 11:35:00;909402N262;7867;12.905;47;234;233;234;234;11.247;50.00;528.2;6.530;616.3;3.459;766.1;3.169;60;0;0;11.172;11.301;11.270;2597;2634;2633;50.00;50.00;50.00;5876;1000;0.0;0;0.0000;0;0;12905;12905;12905
60;2014-08-21 11:36:00;909402N262;6732;13.018;48;234;233;234;234;9.661;50.02;531.1;5.542;613.3;2.985;757.1;2.708;60;0;0;9.547;9.773;9.663;2215;2260;2255;50.02;50.02;50.02;5876;1000;0.0;0;0.0000;0;0;13018;13018;13018
60;2014-08-21 11:37:00;909402N262;7496;13.143;48;234;232;235;235;10.704;50.02;529.6;6.105;622.0;3.308;759.8;3.107;60;0;0;10.596;10.734;10.784;2454;2516;2524;50.02;50.02;50.02;5876;1000;0.0;0;0.0000;0;0;13143;13143;13143
60;2014-08-21 11:38:00;909402N262;3296;13.198;48;233;232;234;234;4.781;50.01;535.1;2.776;606.2;1.443;750.4;1.300;60;0;0;4.701;4.831;4.812;1071;1113;1107;50.01;50.01;50.01;5876;1000;0.0;0;0.0000;0;0;13198;13198;13198
60;2014-08-21 11:39:00;909402N262;5777;13.295;48;234;232;234;234;8.304;50.02;538.7;4.587;617.1;2.470;761.8;2.443;60;0;0;8.177;8.418;8.317;1889;1945;1941;50.02;50.02;50.02;5876;1000;0.0;0;0.0000;0;0;13295;13295;13295
60;2014-08-21 11:40:00;909402N262;7521;13.420;48;234;233;234;235;10.702;50.01;529.4;6.287;616.4;3.202;762.4;3.086;60;0;0;10.658;10.634;10.815;2471;2518;2531;50.01;50.01;50.01;5876;1000;0.0;0;0.0000;0;0;13420;13420;13420
60;2014-08-21 11:41:00;909402N262;8170;13.555;48;234;234;234;234;11.642;50.02;529.9;6.725;618.9;3.500;773.3;3.338;60;0;0;11.601;11.658;11.669;2708;2728;2729;50.02;50.02;50.02;5876;1000;0.0;0;0.0000;0;0;13555;13555;13555
60;2014-08-21 11:42:00;909402N262;8401;13.695;48;234;234;234;234;11.985;50.01;527.4;6.981;614.9;3.671;773.4;3.387;60;0;0;11.958;11.990;12.008;2796;2798;2806;50.01;50.01;50.01;5876;1000;0.0;0;0.0000;0;0;13695;13695;13695
60;2014-08-21 11:43:00;909402N262;7812;13.825;48;234;233;234;234;11.161;50.01;529.9;6.629;628.0;3.412;765.9;2.986;60;0;0;11.083;11.204;11.198;2580;2612;2617;50.01;50.01;50.01;5876;1000;0.0;0;0.0000;0;0;13825;13825;13825
60;2014-08-21 11:44:00;909402N262;5873;13.923;48;233;234;233;233;8.417;49.99;533.4;4.851;613.7;2.543;759.8;2.410;60;0;0;8.401;8.418;8.434;1951;1965;1955;49.99;49.99;49.99;5876;1000;0.0;0;0.0000;0;0;13923;13923;13923
60;2014-08-21 11:45:00;909402N262;7961;14.056;48;234;234;234;234;11.371;50.01;532.4;6.424;618.6;3.420;774.5;3.342;60;0;0;11.332;11.430;11.352;2647;2667;2645;50.01;50.01;50.01;5876;1000;0.0;0;0.0000;0;0;14056;14056;14056
60;2014-08-21 11:46:00;909402N262;4149;14.126;48;233;232;234;233;5.976;50.00;520.1;3.550;577.6;1.984;738.9;1.560;60;0;0;5.906;6.028;5.994;1361;1402;1385;50.00;50.00;50.00;5876;1000;0.0;0;0.0000;0;0;14126;14126;14126
60;2014-08-21 11:47:00;909402N262;8294;14.262;48;234;234;234;234;11.778;50.01;527.7;6.847;613.8;3.542;776.2;3.445;60;0;0;11.792;11.726;11.817;2758;2774;2760;50.01;50.01;50.01;5876;1000;0.0;0;0.0000;0;0;14262;14262;14262
60;2014-08-21 11:48:00;909402N262;9102;14.414;48;234;235;234;234;12.935;50.00;523.8;7.549;615.9;3.993;776.1;3.690;60;0;0;12.932;12.965;12.909;3041;3037;3022;50.00;50.00;50.00;5876;1000;0.0;0;0.0000;0;0;14414;14414;14414
60;2014-08-21 11:49:00;909402N262;6005;14.516;48;234;234;234;235;8.582;50.01;529.6;4.913;603.2;2.743;757.9;2.431;60;0;0;8.512;8.658;8.578;1988;2007;2008;50.01;50.01;50.01;5876;1000;0.0;0;0.0000;0;0;14516;14516;14516
60;2014-08-21 11:50:00;909402N262;6709;14.626;48;235;235;234;235;9.498;50.02;531.3;5.752;616.8;2.929;761.5;2.556;60;0;0;9.518;9.407;9.569;2236;2223;2248;50.02;50.02;50.02;5876;1000;0.0;0;0.0000;0;0;14626;14626;14626
60;2014-08-21 11:51:00;909402N262;4121;14.696;48;234;235;233;234;5.906;50.01;523.3;3.477;602.3;1.892;751.6;1.607;60;0;0;5.884;5.913;5.922;1373;1371;1378;50.01;50.01;50.01;5876;1000;0.0;0;0.0000;0;0;14696;14696;14696
60;2014-08-21 11:52:00;909402N262;5070;14.780;48;234;234;233;235;7.258;50.03;534.5;3.792;609.9;2.128;763.6;2.360;60;0;0;7.204;7.288;7.282;1680;1684;1704;50.03;50.03;50.03;5876;1000;0.0;0;0.0000;0;0;14780;14780;14780
60;2014-08-21 11:53:00;909402N262;2096;14.815;48;234;234;232;234;3.053;50.01;517.6;1.837;598.3;0.950;737.4;0.821;60;0;0;3.008;3.077;3.076;690;698;706;50.01;50.01;50.01;5876;1000;0.0;0;0.0000;0;0;14815;14815;14815
60;2014-08-21 11:54:00;909402N262;2024;14.849;48;234;234;233;235;2.951;50.01;519.5;1.784;601.4;0.902;747.1;0.787;60;0;0;2.900;2.971;2.983;663;675;685;50.01;50.01;50.01;5876;1000;0.0;0;0.0000;0;0;14849;14849;14849
60;2014-08-21 11:55:00;909402N262;2218;14.886;48;234;234;234;235;3.216;50.01;532.8;1.919;606.1;0.965;753.6;0.856;60;0;0;3.160;3.251;3.239;725;745;746;50.01;50.01;50.01;5876;1000;0.0;0;0.0000;0;0;14886;14886;14886
60;2014-08-21 11:56:00;909402N262;3594;14.945;48;235;235;233;236;5.168;50.03;546.4;2.831;620.0;1.392;767.7;1.622;60;0;0;5.117;5.183;5.205;1192;1194;1215;50.03;50.03;50.03;5876;1000;0.0;0;0.0000;0;0;14945;14945;14945
60;2014-08-21 11:57:00;909402N262;3671;15.008;48;235;235;233;236;5.265;50.02;549.8;3.081;616.6;1.549;766.4;1.416;60;0;0;5.225;5.264;5.307;1218;1212;1239;50.02;50.02;50.02;5876;1000;0.0;0;0.0000;0;0;15008;15008;15008
60;2014-08-21 11:58:00;909402N262;6794;15.120;48;235;236;234;237;9.637;50.01;550.6;5.811;630.5;2.939;777.8;2.425;60;0;0;9.631;9.564;9.718;2263;2244;2294;50.01;50.01;50.01;5876;1000;0.0;0;0.0000;0;0;15120;15120;15120
60;2014-08-21 11:59:00;909402N262;6064;15.222;48;236;236;234;237;8.644;49.97;543.5;4.776;623.7;2.624;775.6;2.433;60;0;0;8.592;8.725;8.616;2027;1999;2035;49.97;49.97;49.97;5876;1000;0.0;0;0.0000;0;0;15222;15222;15222
60;2014-08-21 12:00:00;909402N262;1810;15.253;48;234;235;233;236;2.649;49.97;524.3;1.641;605.0;0.795;741.4;0.672;60;0;0;2.594;2.686;2.667;591;606;611;49.97;49.97;49.97;5876;1000;0.0;0;0.0000;0;0;15253;15253;15253
[wr_ende]
