20140308;130000;danfoss;My Plant;+0100
[wr_def_start]
909402N262;Inverter Type;Inverter Group;Hanzl
[wr_def_end]
[wr]
INTERVAL;TIMESTAMP;SERIAL;P_AC;E_DAY;T_WR;U_AC;U_AC_1;U_AC_2;U_AC_3;I_AC;F_AC;U_DC_1;I_DC_1;U_DC_2;I_DC_2;U_DC_3;I_DC_3;S;E_WR;M_WR;I_AC_1;I_AC_2;I_AC_3;P_AC_1;P_AC_2;P_AC_3;F_AC_1;F_AC_2;F_AC_3;R_DC;PC;PCS;PCS_LL;COS_PHI;COS_PHI_LL;S_COS_PHI;Current_Day_Energy;current_Day_Offset;ccEnergyOfDay_WithoutOffset
60;2014-03-08 12:01:00;909402N262;9428;10.944;40;234;232;235;234;13.414;50.00;535.5;7.226;660.9;3.689;793.4;4.156;60;0;0;13.274;13.517;13.453;3084;3176;3154;50.00;50.00;50.00;10814;1000;0.0;0;0.0000;0;0;10944;10944;10944
60;2014-03-08 12:02:00;909402N262;9580;11.104;40;234;233;234;234;13.665;50.00;538.2;7.235;660.0;3.873;795.0;4.152;60;0;0;13.568;13.750;13.678;3162;3222;3194;50.00;50.00;50.00;10814;1000;0.0;0;0.0000;0;0;11104;11104;11104
60;2014-03-08 12:03:00;909402N262;9538;11.262;40;233;232;234;234;13.637;49.99;537.2;7.215;658.3;3.861;794.1;4.143;60;0;0;13.524;13.702;13.685;3142;3200;3194;49.99;49.99;49.99;10814;1000;0.0;0;0.0000;0;0;11262;11262;11262
60;2014-03-08 12:04:00;909402N262;9542;11.422;40;233;232;233;234;13.659;50.00;537.2;7.219;658.1;3.859;794.1;4.151;60;0;0;13.549;13.688;13.742;3146;3184;3209;50.00;50.00;50.00;10814;1000;0.0;0;0.0000;0;0;11422;11422;11422
60;2014-03-08 12:05:00;909402N262;9505;11.580;40;233;232;233;233;13.610;50.00;537.4;7.195;658.2;3.844;794.0;4.127;60;0;0;13.503;13.653;13.675;3138;3177;3188;50.00;50.00;50.00;10814;1000;0.0;0;0.0000;0;0;11580;11580;11580
60;2014-03-08 12:06:00;909402N262;9480;11.738;40;233;232;233;234;13.580;50.02;537.1;7.177;658.5;3.826;794.1;4.123;60;0;0;13.465;13.580;13.697;3118;3161;3198;50.02;50.02;50.02;10814;1000;0.0;0;0.0000;0;0;11738;11738;11738
60;2014-03-08 12:07:00;909402N262;9531;11.898;40;233;232;233;233;13.650;50.01;537.1;7.213;658.5;3.855;794.0;4.142;60;0;0;13.541;13.684;13.725;3141;3186;3202;50.01;50.01;50.01;10814;1000;0.0;0;0.0000;0;0;11898;11898;11898
60;2014-03-08 12:08:00;909402N262;9553;12.057;41;235;235;236;235;13.536;50.00;536.4;7.235;657.8;3.864;793.9;4.153;60;0;0;13.427;13.632;13.549;3155;3216;3180;50.00;50.00;50.00;10814;1000;0.0;0;0.0000;0;0;12057;12057;12057
60;2014-03-08 12:09:00;909402N262;9466;12.214;41;235;235;236;235;13.401;50.00;535.4;7.184;656.5;3.838;793.9;4.115;60;0;0;13.315;13.487;13.403;3131;3183;3149;50.00;50.00;50.00;10814;1000;0.0;0;0.0000;0;0;12214;12214;12214
60;2014-03-08 12:10:00;909402N262;9426;12.370;41;236;236;236;235;13.338;50.00;535.1;7.161;655.5;3.821;792.5;4.107;60;0;0;13.275;13.417;13.322;3129;3167;3129;50.00;50.00;50.00;10814;1000;0.0;0;0.0000;0;0;12370;12370;12370
60;2014-03-08 12:11:00;909402N262;9341;12.527;41;236;236;236;235;13.204;50.01;533.9;7.111;653.2;3.802;786.3;4.098;60;0;0;13.160;13.281;13.171;3106;3137;3095;50.01;50.01;50.01;10814;1000;0.0;0;0.0000;0;0;12527;12527;12527
60;2014-03-08 12:12:00;909402N262;9441;12.685;41;236;236;236;235;13.358;50.01;534.5;7.186;653.7;3.839;786.3;4.141;60;0;0;13.298;13.454;13.322;3133;3178;3128;50.01;50.01;50.01;10814;1000;0.0;0;0.0000;0;0;12685;12685;12685
60;2014-03-08 12:13:00;909402N262;9530;12.843;42;236;236;236;235;13.487;50.01;535.7;7.251;654.2;3.865;786.1;4.181;60;0;0;13.411;13.582;13.468;3156;3207;3165;50.01;50.01;50.01;10814;1000;0.0;0;0.0000;0;0;12843;12843;12843
60;2014-03-08 12:14:00;909402N262;9589;13.003;42;236;235;236;235;13.578;50.02;535.4;7.302;654.1;3.890;784.6;4.211;60;0;0;13.513;13.630;13.592;3177;3211;3197;50.02;50.02;50.02;10814;1000;0.0;0;0.0000;0;0;13003;13003;13003
60;2014-03-08 12:15:00;909402N262;9586;13.162;42;236;235;236;235;13.568;50.01;534.5;7.311;653.1;3.898;783.0;4.217;60;0;0;13.505;13.633;13.567;3177;3216;3191;50.01;50.01;50.01;10814;1000;0.0;0;0.0000;0;0;13162;13162;13162
60;2014-03-08 12:16:00;909402N262;9473;13.322;42;236;235;236;235;13.411;50.00;529.0;7.373;631.5;3.944;775.7;4.240;60;0;0;13.342;13.487;13.406;3139;3178;3153;50.00;50.00;50.00;10814;1000;0.0;0;0.0000;0;0;13322;13322;13322
60;2014-03-08 12:17:00;909402N262;9620;13.482;42;236;236;236;235;13.612;50.02;532.0;7.363;651.4;3.924;780.9;4.248;60;0;0;13.565;13.669;13.604;3196;3222;3200;50.02;50.02;50.02;10814;1000;0.0;0;0.0000;0;0;13482;13482;13482
60;2014-03-08 12:18:00;909402N262;9600;13.642;42;236;236;237;235;13.569;50.01;530.7;7.363;649.7;3.926;779.9;4.245;60;0;0;13.519;13.655;13.534;3189;3226;3183;50.01;50.01;50.01;10814;1000;0.0;0;0.0000;0;0;13642;13642;13642
60;2014-03-08 12:19:00;909402N262;9557;13.802;43;236;236;237;236;13.493;50.02;532.7;7.317;650.2;3.901;781.0;4.216;60;0;0;13.408;13.564;13.507;3159;3211;3186;50.02;50.02;50.02;10814;1000;0.0;0;0.0000;0;0;13802;13802;13802
60;2014-03-08 12:20:00;909402N262;9483;13.960;43;235;234;235;235;13.485;50.02;534.1;7.255;650.4;3.862;781.4;4.178;60;0;0;13.379;13.541;13.535;3124;3182;3176;50.02;50.02;50.02;10814;1000;0.0;0;0.0000;0;0;13960;13960;13960
60;2014-03-08 12:21:00;909402N262;9543;14.118;43;233;233;234;234;13.636;50.02;533.8;7.308;650.1;3.887;780.7;4.208;60;0;0;13.536;13.698;13.675;3148;3199;3193;50.02;50.02;50.02;10814;1000;0.0;0;0.0000;0;0;14118;14118;14118
60;2014-03-08 12:22:00;909402N262;9556;14.277;43;233;233;233;234;13.659;50.02;533.1;7.323;649.4;3.899;780.3;4.217;60;0;0;13.573;13.684;13.721;3156;3189;3208;50.02;50.02;50.02;10814;1000;0.0;0;0.0000;0;0;14277;14277;14277
60;2014-03-08 12:23:00;909402N262;9549;14.437;43;234;233;234;234;13.641;50.03;531.3;7.338;648.0;3.906;779.7;4.218;60;0;0;13.551;13.666;13.707;3152;3188;3208;50.03;50.03;50.03;10814;1000;0.0;0;0.0000;0;0;14437;14437;14437
60;2014-03-08 12:24:00;909402N262;9523;14.595;43;234;233;234;234;13.599;50.03;529.9;7.335;647.3;3.901;778.7;4.213;60;0;0;13.500;13.641;13.658;3140;3185;3196;50.03;50.03;50.03;10814;1000;0.0;0;0.0000;0;0;14595;14595;14595
60;2014-03-08 12:25:00;909402N262;9443;14.753;43;234;233;234;234;13.485;50.04;529.2;7.279;646.8;3.871;778.4;4.182;60;0;0;13.385;13.525;13.547;3112;3158;3172;50.04;50.04;50.04;10814;1000;0.0;0;0.0000;0;0;14753;14753;14753
60;2014-03-08 12:26:00;909402N262;9424;14.911;43;234;233;234;234;13.443;50.04;529.1;7.269;646.8;3.860;778.6;4.172;60;0;0;13.356;13.478;13.496;3112;3152;3158;50.04;50.04;50.04;10814;1000;0.0;0;0.0000;0;0;14911;14911;14911
60;2014-03-08 12:27:00;909402N262;9430;15.067;44;234;233;234;234;13.458;50.03;530.4;7.264;647.2;3.855;779.4;4.171;60;0;0;13.370;13.512;13.494;3115;3160;3153;50.03;50.03;50.03;10814;1000;0.0;0;0.0000;0;0;15067;15067;15067
60;2014-03-08 12:28:00;909402N262;9453;15.226;44;234;233;235;234;13.489;50.03;530.4;7.288;647.4;3.860;779.3;4.181;60;0;0;13.354;13.612;13.503;3108;3192;3151;50.03;50.03;50.03;10814;1000;0.0;0;0.0000;0;0;15226;15226;15226
60;2014-03-08 12:29:00;909402N262;9454;15.383;44;234;233;235;234;13.482;50.04;530.6;7.304;643.9;3.863;778.2;4.187;60;0;0;13.371;13.588;13.488;3118;3187;3148;50.04;50.04;50.04;10814;1000;0.0;0;0.0000;0;0;15383;15383;15383
60;2014-03-08 12:30:00;909402N262;9495;15.541;44;234;234;235;234;13.535;50.04;531.2;7.323;647.0;3.876;778.5;4.198;60;0;0;13.445;13.611;13.550;3139;3190;3164;50.04;50.04;50.04;10814;1000;0.0;0;0.0000;0;0;15541;15541;15541
60;2014-03-08 12:31:00;909402N262;9436;15.699;44;234;234;235;234;13.448;50.03;527.2;7.373;627.7;3.899;772.8;4.226;60;0;0;13.332;13.545;13.467;3118;3167;3150;50.03;50.03;50.03;10814;1000;0.0;0;0.0000;0;0;15699;15699;15699
60;2014-03-08 12:32:00;909402N262;9466;15.856;44;234;234;235;234;13.488;50.01;530.6;7.312;647.5;3.869;777.9;4.177;60;0;0;13.399;13.559;13.506;3130;3176;3157;50.01;50.01;50.01;10814;1000;0.0;0;0.0000;0;0;15856;15856;15856
60;2014-03-08 12:33:00;909402N262;9301;16.012;44;234;234;234;234;13.256;50.01;531.0;7.185;648.1;3.792;778.2;4.104;60;0;0;13.183;13.321;13.266;3082;3117;3100;50.01;50.01;50.01;10814;1000;0.0;0;0.0000;0;0;16012;16012;16012
60;2014-03-08 12:34:00;909402N262;9540;16.170;44;234;234;234;234;13.584;50.01;529.9;7.374;649.2;3.878;778.2;4.220;60;0;0;13.512;13.638;13.604;3161;3192;3184;50.01;50.01;50.01;10814;1000;0.0;0;0.0000;0;0;16170;16170;16170
60;2014-03-08 12:35:00;909402N262;9652;16.332;44;234;234;234;235;13.740;50.02;528.6;7.475;648.4;3.934;778.2;4.270;60;0;0;13.651;13.769;13.801;3192;3222;3236;50.02;50.02;50.02;10814;1000;0.0;0;0.0000;0;0;16332;16332;16332
60;2014-03-08 12:36:00;909402N262;9538;16.491;45;235;234;235;235;13.565;50.02;527.9;7.392;647.9;3.892;778.3;4.219;60;0;0;13.459;13.607;13.631;3148;3191;3196;50.02;50.02;50.02;10814;1000;0.0;0;0.0000;0;0;16491;16491;16491
60;2014-03-08 12:37:00;909402N262;9599;16.653;45;234;234;235;234;13.662;50.02;527.9;7.442;648.1;3.913;778.2;4.250;60;0;0;13.577;13.705;13.704;3176;3211;3210;50.02;50.02;50.02;10814;1000;0.0;0;0.0000;0;0;16653;16653;16653
60;2014-03-08 12:38:00;909402N262;9565;16.813;45;234;234;234;234;13.626;50.01;528.5;7.406;649.6;3.892;779.1;4.230;60;0;0;13.547;13.663;13.670;3168;3195;3200;50.01;50.01;50.01;10814;1000;0.0;0;0.0000;0;0;16813;16813;16813
60;2014-03-08 12:39:00;909402N262;9775;16.975;45;234;234;235;234;13.917;50.01;527.9;7.569;650.2;3.972;779.2;4.331;60;0;0;13.814;13.979;13.959;3228;3276;3269;50.01;50.01;50.01;10814;1000;0.0;0;0.0000;0;0;16975;16975;16975
60;2014-03-08 12:40:00;909402N262;9803;17.139;45;234;234;235;234;13.950;50.02;526.9;7.603;648.8;3.994;779.0;4.342;60;0;0;13.851;13.996;14.003;3241;3282;3279;50.02;50.02;50.02;10814;1000;0.0;0;0.0000;0;0;17139;17139;17139
60;2014-03-08 12:41:00;909402N262;9721;17.300;45;234;234;235;234;13.833;50.02;525.8;7.554;647.3;3.967;778.5;4.310;60;0;0;13.742;13.876;13.882;3216;3254;3249;50.02;50.02;50.02;10814;1000;0.0;0;0.0000;0;0;17300;17300;17300
60;2014-03-08 12:42:00;909402N262;9666;17.461;45;234;234;235;234;13.759;50.02;525.0;7.522;646.1;3.954;777.3;4.291;60;0;0;13.663;13.838;13.777;3196;3249;3220;50.02;50.02;50.02;10814;1000;0.0;0;0.0000;0;0;17461;17461;17461
60;2014-03-08 12:43:00;909402N262;9642;17.623;45;234;234;235;234;13.731;50.03;524.3;7.515;645.4;3.943;777.4;4.283;60;0;0;13.618;13.839;13.737;3181;3250;3209;50.03;50.03;50.03;10814;1000;0.0;0;0.0000;0;0;17623;17623;17623
60;2014-03-08 12:44:00;909402N262;9666;17.784;45;234;234;235;234;13.763;50.03;524.3;7.533;644.6;3.956;777.3;4.296;60;0;0;13.651;13.867;13.772;3189;3257;3217;50.03;50.03;50.03;10814;1000;0.0;0;0.0000;0;0;17784;17784;17784
60;2014-03-08 12:45:00;909402N262;9718;17.945;45;234;234;235;234;13.843;50.02;524.7;7.575;644.9;3.978;776.7;4.317;60;0;0;13.754;13.935;13.842;3214;3271;3231;50.02;50.02;50.02;10814;1000;0.0;0;0.0000;0;0;17945;17945;17945
60;2014-03-08 12:46:00;909402N262;9538;18.105;45;234;234;235;234;13.585;50.02;518.0;7.547;630.7;3.954;774.5;4.286;60;0;0;13.509;13.665;13.582;3158;3207;3171;50.02;50.02;50.02;10814;1000;0.0;0;0.0000;0;0;18105;18105;18105
60;2014-03-08 12:47:00;909402N262;9613;18.266;46;234;234;235;234;13.690;50.03;524.7;7.504;643.7;3.937;773.4;4.284;60;0;0;13.600;13.773;13.698;3178;3234;3200;50.03;50.03;50.03;10814;1000;0.0;0;0.0000;0;0;18266;18266;18266
60;2014-03-08 12:48:00;909402N262;9611;18.423;46;234;234;235;234;13.689;50.02;524.4;7.507;643.5;3.935;773.3;4.282;60;0;0;13.612;13.756;13.700;3182;3227;3200;50.02;50.02;50.02;10814;1000;0.0;0;0.0000;0;0;18423;18423;18423
60;2014-03-08 12:49:00;909402N262;9651;18.585;46;234;234;234;234;13.751;50.03;524.3;7.541;643.2;3.953;774.3;4.302;60;0;0;13.685;13.770;13.800;3201;3220;3228;50.03;50.03;50.03;10814;1000;0.0;0;0.0000;0;0;18585;18585;18585
60;2014-03-08 12:50:00;909402N262;9712;18.746;46;234;234;234;234;13.843;50.02;523.9;7.590;642.3;3.981;774.9;4.327;60;0;0;13.767;13.870;13.893;3217;3241;3252;50.02;50.02;50.02;10814;1000;0.0;0;0.0000;0;0;18746;18746;18746
60;2014-03-08 12:51:00;909402N262;9663;18.907;46;234;234;234;234;13.765;50.02;524.0;7.551;642.5;3.956;775.1;4.305;60;0;0;13.695;13.796;13.804;3202;3228;3231;50.02;50.02;50.02;10814;1000;0.0;0;0.0000;0;0;18907;18907;18907
60;2014-03-08 12:52:00;909402N262;9636;19.068;46;234;234;234;234;13.724;50.02;524.1;7.536;642.8;3.943;774.4;4.293;60;0;0;13.660;13.759;13.753;3196;3220;3218;50.02;50.02;50.02;10814;1000;0.0;0;0.0000;0;0;19068;19068;19068
60;2014-03-08 12:53:00;909402N262;9668;19.228;46;234;234;234;234;13.776;50.02;523.9;7.567;642.1;3.958;773.4;4.311;60;0;0;13.708;13.810;13.810;3204;3232;3230;50.02;50.02;50.02;10814;1000;0.0;0;0.0000;0;0;19228;19228;19228
60;2014-03-08 12:54:00;909402N262;9660;19.389;46;234;234;234;235;13.763;50.01;523.3;7.569;642.1;3.957;772.2;4.313;60;0;0;13.673;13.797;13.821;3193;3226;3239;50.01;50.01;50.01;10814;1000;0.0;0;0.0000;0;0;19389;19389;19389
60;2014-03-08 12:55:00;909402N262;9763;19.552;46;234;234;234;235;13.901;50.03;523.1;7.647;642.2;3.997;773.0;4.362;60;0;0;13.819;13.908;13.978;3230;3252;3280;50.03;50.03;50.03;10814;1000;0.0;0;0.0000;0;0;19552;19552;19552
60;2014-03-08 12:56:00;909402N262;9847;19.717;46;234;234;234;234;14.034;50.02;523.5;7.713;643.0;4.030;773.1;4.396;60;0;0;13.974;14.044;14.084;3268;3278;3299;50.02;50.02;50.02;10814;1000;0.0;0;0.0000;0;0;19717;19717;19717
60;2014-03-08 12:57:00;909402N262;9791;19.880;46;234;234;234;234;13.962;50.01;524.2;7.664;643.7;4.005;772.3;4.366;60;0;0;13.889;13.973;14.025;3244;3260;3285;50.01;50.01;50.01;10814;1000;0.0;0;0.0000;0;0;19880;19880;19880
60;2014-03-08 12:58:00;909402N262;9738;20.042;46;234;234;234;235;13.880;50.02;523.6;7.629;643.4;3.983;771.9;4.348;60;0;0;13.798;13.889;13.955;3222;3242;3273;50.02;50.02;50.02;10814;1000;0.0;0;0.0000;0;0;20042;20042;20042
60;2014-03-08 12:59:00;909402N262;9688;20.204;46;234;234;234;235;13.804;50.03;522.8;7.597;643.1;3.964;771.4;4.329;60;0;0;13.716;13.814;13.882;3202;3228;3255;50.03;50.02;50.03;10814;1000;0.0;0;0.0000;0;0;20204;20204;20204
60;2014-03-08 13:00:00;909402N262;9617;20.364;46;235;234;234;235;13.674;50.00;522.0;7.554;642.1;3.936;771.4;4.297;60;0;0;13.576;13.709;13.739;3176;3210;3228;50.00;50.00;50.00;10814;1000;0.0;0;0.0000;0;0;20364;20364;20364
[wr_ende]
