20141126;170000;danfoss;My Plant;+0100
[wr_def_start]
909402N262;Inverter Type;Inverter Group;Hanzl
[wr_def_end]
[wr]
INTERVAL;TIMESTAMP;SERIAL;P_AC;E_DAY;T_WR;U_AC;U_AC_1;U_AC_2;U_AC_3;I_AC;F_AC;U_DC_1;I_DC_1;U_DC_2;I_DC_2;U_DC_3;I_DC_3;S;E_WR;M_WR;I_AC_1;I_AC_2;I_AC_3;P_AC_1;P_AC_2;P_AC_3;F_AC_1;F_AC_2;F_AC_3;R_DC;PC;PCS;PCS_LL;COS_PHI;COS_PHI_LL;S_COS_PHI;Current_Day_Energy;current_Day_Offset;ccEnergyOfDay_WithoutOffset
60;2014-11-26 16:01:00;909402N262;0;7.164;33;234;233;234;233;0.038;50.03;368.8;0.001;307.0;0.000;366.3;0.000;50;0;0;0.023;0.027;0.064;0;0;0;50.03;50.03;50.03;23841;1000;0.0;0;1.0000;0;2;7164;7164;7163
60;2014-11-26 16:02:00;909402N262;0;7.164;33;233;233;234;233;0.000;50.03;427.3;0.000;322.5;0.000;357.1;0.000;50;0;0;0.000;0.000;0.000;0;0;0;50.03;50.03;50.03;23841;1000;0.0;0;1.0000;0;2;7164;7164;7163
60;2014-11-26 16:03:00;909402N262;0;7.164;32;233;233;234;233;0.000;50.03;422.9;0.000;317.2;0.000;353.8;0.000;50;0;0;0.000;0.000;0.000;0;0;0;50.03;50.03;50.03;23841;1000;0.0;0;1.0000;0;2;7164;7164;7163
60;2014-11-26 16:04:00;909402N262;0;7.164;32;233;233;234;232;0.000;50.03;387.2;0.000;313.0;0.000;347.4;0.000;50;0;0;0.000;0.000;0.000;0;0;0;50.03;50.03;50.03;23841;1000;0.0;0;1.0000;0;2;7164;7164;7163
60;2014-11-26 16:05:00;909402N262;0;7.164;32;233;233;234;232;0.000;50.01;269.1;0.000;263.9;0.000;268.6;0.000;50;0;0;0.000;0.000;0.000;0;0;0;50.01;50.01;50.01;23841;1000;0.0;0;1.0000;0;2;7164;7164;7163
60;2014-11-26 16:06:00;909402N262;0;7.164;32;233;233;234;232;0.000;50.03;238.5;0.000;238.0;0.000;238.5;0.000;50;0;0;0.000;0.000;0.000;0;0;0;50.03;50.03;50.03;23841;1000;0.0;0;1.0000;0;2;7164;7164;7163
60;2014-11-26 16:07:00;909402N262;0;7.164;31;233;233;234;232;0.000;50.03;237.4;0.000;236.8;0.000;237.6;0.000;50;0;0;0.000;0.000;0.000;0;0;0;50.03;50.03;50.03;23841;1000;0.0;0;1.0000;0;2;7164;7164;7163
60;2014-11-26 16:08:00;909402N262;0;7.164;31;233;232;234;232;0.000;50.02;235.8;0.000;235.3;0.000;235.8;0.000;50;0;0;0.000;0.000;0.000;0;0;0;50.02;50.02;50.02;23841;1000;0.0;0;1.0000;0;2;7164;7164;7163
60;2014-11-26 16:09:00;909402N262;0;7.164;31;233;233;234;232;0.000;50.01;232.7;0.000;232.2;0.000;232.9;0.000;50;0;0;0.000;0.000;0.000;0;0;0;50.01;50.01;50.01;23841;1000;0.0;0;1.0000;0;2;7164;7164;7163
60;2014-11-26 16:10:00;909402N262;0;7.164;31;233;232;234;232;0.000;50.01;230.8;0.000;230.2;0.000;230.8;0.000;50;0;0;0.000;0.000;0.000;0;0;0;50.01;50.01;50.01;23841;1000;0.0;0;1.0000;0;2;7164;7164;7163
60;2014-11-26 16:11:00;909402N262;0;7.164;30;233;232;234;232;0.000;50.00;228.5;0.000;227.9;0.000;228.5;0.000;50;0;0;0.000;0.000;0.000;0;0;0;50.00;50.00;50.00;23841;1000;0.0;0;1.0000;0;2;7164;7164;7163
60;2014-11-26 16:12:00;909402N262;0;7.164;30;233;232;234;232;0.000;49.99;227.2;0.000;226.6;0.000;227.3;0.000;50;0;0;0.000;0.000;0.000;0;0;0;49.99;49.99;49.99;23841;1000;0.0;0;1.0000;0;2;7164;7164;7163
60;2014-11-26 16:13:00;909402N262;0;7.164;30;233;232;234;232;0.000;50.01;236.6;0.000;236.1;0.000;236.5;0.000;50;0;0;0.000;0.000;0.000;0;0;0;50.01;50.01;50.01;23841;1000;0.0;0;1.0000;0;2;7164;7164;7163
60;2014-11-26 16:14:00;909402N262;0;7.164;30;233;232;234;232;0.000;50.00;235.4;0.000;234.8;0.000;235.3;0.000;50;0;0;0.000;0.000;0.000;0;0;0;50.00;50.00;50.00;23841;1000;0.0;0;1.0000;0;2;7164;7164;7163
60;2014-11-26 16:15:00;909402N262;0;7.164;29;233;232;234;232;0.000;49.99;232.9;0.000;232.4;0.000;233.0;0.000;50;0;0;0.000;0.000;0.000;0;0;0;49.99;49.99;49.99;23841;1000;0.0;0;1.0000;0;2;7164;7164;7163
60;2014-11-26 16:16:00;909402N262;0;7.164;29;232;232;233;232;0.000;50.00;229.6;0.000;229.1;0.000;229.5;0.000;50;0;0;0.000;0.000;0.000;0;0;0;50.00;50.00;50.00;23841;1000;0.0;0;1.0000;0;2;7164;7164;7163
60;2014-11-26 16:17:00;909402N262;0;7.164;29;231;231;233;231;0.000;50.01;227.2;0.000;226.6;0.000;227.7;0.000;50;0;0;0.000;0.000;0.000;0;0;0;50.01;50.01;50.01;23841;1000;0.0;0;1.0000;0;2;7164;7164;7163
60;2014-11-26 16:18:00;909402N262;0;7.164;29;231;230;232;231;0.000;49.99;229.6;0.000;229.1;0.000;229.7;0.000;50;0;0;0.000;0.000;0.000;0;0;0;49.99;49.99;49.99;23841;1000;0.0;0;1.0000;0;2;7164;7164;7163
60;2014-11-26 16:19:00;909402N262;0;7.164;29;231;230;232;230;0.000;49.99;230.1;0.000;229.5;0.000;230.0;0.000;50;0;0;0.000;0.000;0.000;0;0;0;49.99;49.99;49.99;23841;1000;0.0;0;1.0000;0;2;7164;7164;7163
60;2014-11-26 16:20:00;909402N262;0;7.164;29;231;230;232;230;0.000;49.98;228.0;0.000;227.5;0.000;227.8;0.000;50;0;0;0.000;0.000;0.000;0;0;0;49.98;49.98;49.98;23841;1000;0.0;0;1.0000;0;2;7164;7164;7163
60;2014-11-26 16:21:00;909402N262;0;7.164;29;230;230;232;230;0.000;50.00;229.1;0.000;228.5;0.000;229.0;0.000;50;0;0;0.000;0.000;0.000;0;0;0;50.00;50.00;50.00;23841;1000;0.0;0;1.0000;0;2;7164;7164;7163
60;2014-11-26 16:22:00;909402N262;0;7.164;29;232;231;234;231;0.000;50.00;228.3;0.000;227.8;0.000;228.3;0.000;50;0;0;0.000;0.000;0.000;0;0;0;50.00;50.00;50.00;23841;1000;0.0;0;1.0000;0;2;7164;7164;7163
60;2014-11-26 16:23:00;909402N262;0;7.164;29;233;232;234;232;0.000;50.00;228.3;0.000;227.8;0.000;228.8;0.000;50;0;0;0.000;0.000;0.000;0;0;0;50.00;50.00;50.00;23841;1000;0.0;0;1.0000;0;2;7164;7164;7163
60;2014-11-26 16:24:00;909402N262;0;7.164;29;232;232;234;232;0.000;50.01;228.8;0.000;228.3;0.000;228.8;0.000;50;0;0;0.000;0.000;0.000;0;0;0;50.01;50.01;50.01;23841;1000;0.0;0;1.0000;0;2;7164;7164;7163
60;2014-11-26 16:25:00;909402N262;0;7.164;29;232;231;234;232;0.000;50.00;228.4;0.000;227.8;0.000;228.4;0.000;50;0;0;0.000;0.000;0.000;0;0;0;50.01;50.01;50.01;23841;1000;0.0;0;1.0000;0;2;7164;7164;7163
60;2014-11-26 16:26:00;909402N262;0;7.164;29;233;232;235;232;0.000;50.01;228.6;0.000;225.1;0.000;228.6;0.000;50;0;0;0.000;0.000;0.000;0;0;0;50.01;50.01;50.01;23841;1000;0.0;0;1.0000;0;2;7164;7164;7163
60;2014-11-26 16:27:00;909402N262;0;7.164;29;233;232;234;233;0.000;50.00;227.6;0.000;217.0;0.000;227.6;0.000;50;0;0;0.000;0.000;0.000;0;0;0;50.00;50.00;50.00;23841;1000;0.0;0;1.0000;0;2;7164;7164;7163
60;2014-11-26 16:28:00;909402N262;0;7.164;29;233;233;234;233;0.000;49.99;228.1;0.000;203.3;0.000;226.6;0.000;50;0;0;0.000;0.000;0.000;0;0;0;49.99;49.99;49.99;23841;1000;0.0;0;1.0000;0;2;7164;7164;7163
60;2014-11-26 16:29:00;909402N262;0;7.164;29;233;233;234;232;0.000;49.98;230.8;0.000;188.9;0.000;215.5;0.000;50;0;0;0.000;0.000;0.000;0;0;0;49.98;49.98;49.98;23841;1000;0.0;0;1.0000;0;2;7164;7164;7163
60;2014-11-26 16:30:00;909402N262;0;7.164;29;233;233;234;232;0.000;49.98;224.1;0.000;174.4;0.000;197.7;0.000;50;0;0;0.000;0.000;0.000;0;0;0;49.98;49.98;49.98;23841;1000;0.0;0;1.0000;0;2;7164;7164;7163
60;2014-11-26 16:31:00;909402N262;0;7.164;28;233;233;234;232;0.000;49.99;230.2;0.000;159.9;0.000;179.7;0.000;50;0;0;0.000;0.000;0.000;0;0;0;49.99;49.99;49.99;23841;1000;0.0;0;1.0000;0;2;7164;7164;7163
60;2014-11-26 16:32:00;909402N262;0;7.164;28;233;233;234;233;0.000;49.98;225.9;0.000;144.6;0.000;161.1;0.000;50;0;0;0.000;0.000;0.000;0;0;0;49.98;49.98;49.98;23841;1000;0.0;0;1.0000;0;2;7164;7164;7163
60;2014-11-26 16:33:00;909402N262;0;7.164;28;233;232;233;233;0.000;49.97;215.7;0.000;129.3;0.000;142.7;0.000;50;0;0;0.000;0.000;0.000;0;0;0;49.97;49.97;49.97;23841;1000;0.0;0;1.0000;0;2;7164;7164;7163
60;2014-11-26 16:34:00;909402N262;0;7.164;28;232;232;233;232;0.000;49.97;202.3;0.000;114.4;0.000;124.8;0.000;80;0;0;0.000;0.000;0.000;0;0;0;49.97;49.97;49.97;23841;1000;0.0;0;1.0000;0;2;7164;7164;7163
[wr_ende]
