20140210;160003;danfoss;My Plant;+0100
[wr_def_start]
909402N262;Inverter Type;Inverter Group;Hanzl
[wr_def_end]
[wr]
INTERVAL;TIMESTAMP;SERIAL;P_AC;E_DAY;T_WR;U_AC;U_AC_1;U_AC_2;U_AC_3;I_AC;F_AC;U_DC_1;I_DC_1;U_DC_2;I_DC_2;U_DC_3;I_DC_3;S;E_WR;M_WR;I_AC_1;I_AC_2;I_AC_3;P_AC_1;P_AC_2;P_AC_3;F_AC_1;F_AC_2;F_AC_3;R_DC;PC;PCS;PCS_LL;COS_PHI;COS_PHI_LL;S_COS_PHI;Current_Day_Energy;current_Day_Offset;ccEnergyOfDay_WithoutOffset
60;2014-02-10 15:01:00;909402N262;2979;18.509;34;233;232;233;233;4.307;49.97;587.8;2.600;671.7;1.121;746.6;1.014;60;0;0;4.243;4.351;4.328;975;1005;997;49.97;49.97;49.97;7476;1000;0.0;0;0.0000;0;0;18509;18509;18509
60;2014-02-10 15:02:00;909402N262;3138;18.561;34;233;232;233;233;4.519;49.97;592.4;2.698;686.7;1.155;599.8;1.323;60;0;0;4.452;4.573;4.533;1028;1059;1050;49.97;49.97;49.97;7476;1000;0.0;0;0.0000;0;0;18561;18561;18561
60;2014-02-10 15:03:00;909402N262;3140;18.613;34;232;232;233;232;4.527;49.97;591.4;2.703;686.0;1.158;599.3;1.324;60;0;0;4.460;4.578;4.545;1028;1058;1051;49.97;49.97;49.97;7476;1000;0.0;0;0.0000;0;0;18613;18613;18613
60;2014-02-10 15:04:00;909402N262;3237;18.668;34;232;232;232;232;4.675;49.95;591.0;2.789;687.1;1.189;599.3;1.368;60;0;0;4.613;4.713;4.700;1061;1088;1086;49.95;49.95;49.95;7476;1000;0.0;0;0.0000;0;0;18668;18668;18668
60;2014-02-10 15:05:00;909402N262;3299;18.722;34;232;232;233;232;4.756;49.96;591.1;2.845;686.6;1.211;598.9;1.394;60;0;0;4.696;4.795;4.779;1083;1109;1105;49.96;49.96;49.96;7476;1000;0.0;0;0.0000;0;0;18722;18722;18722
60;2014-02-10 15:06:00;909402N262;3443;18.778;34;232;232;232;232;4.956;49.96;592.0;2.973;687.0;1.262;598.9;1.454;60;0;0;4.904;4.994;4.972;1135;1155;1151;49.96;49.96;49.96;7476;1000;0.0;0;0.0000;0;0;18778;18778;18778
60;2014-02-10 15:07:00;909402N262;3436;18.837;34;232;232;232;232;4.945;49.97;590.8;2.970;686.3;1.263;592.8;1.461;60;0;0;4.890;4.984;4.963;1132;1152;1150;49.97;49.97;49.97;7476;1000;0.0;0;0.0000;0;0;18837;18837;18837
60;2014-02-10 15:08:00;909402N262;3375;18.893;34;232;232;232;233;4.854;49.97;589.6;2.922;685.5;1.245;590.0;1.441;60;0;0;4.795;4.892;4.877;1110;1132;1132;49.97;49.97;49.97;7476;1000;0.0;0;0.0000;0;0;18893;18893;18893
60;2014-02-10 15:09:00;909402N262;3353;18.948;34;232;232;232;233;4.828;49.99;589.3;2.907;685.7;1.237;589.7;1.431;60;0;0;4.776;4.856;4.852;1104;1122;1126;49.99;49.99;49.99;7476;1000;0.0;0;0.0000;0;0;18948;18948;18948
60;2014-02-10 15:10:00;909402N262;3333;19.005;34;232;232;232;233;4.806;49.99;588.8;2.896;686.5;1.226;588.9;1.421;60;0;0;4.746;4.843;4.831;1097;1117;1117;49.99;49.99;49.99;7476;1000;0.0;0;0.0000;0;0;19005;19005;19005
60;2014-02-10 15:11:00;909402N262;3494;19.062;34;232;232;232;233;5.038;50.00;589.4;3.046;687.0;1.279;586.5;1.490;60;0;0;4.979;5.070;5.065;1151;1170;1172;50.00;50.00;50.00;7476;1000;0.0;0;0.0000;0;0;19062;19062;19062
60;2014-02-10 15:12:00;909402N262;3685;19.124;34;232;232;233;233;5.304;49.98;589.4;3.228;687.7;1.343;581.9;1.576;60;0;0;5.246;5.343;5.324;1213;1237;1233;49.98;49.98;49.98;7476;1000;0.0;0;0.0000;0;0;19124;19124;19124
60;2014-02-10 15:13:00;909402N262;3784;19.186;34;232;232;232;233;5.445;49.99;589.0;3.328;687.4;1.380;561.5;1.666;60;0;0;5.388;5.483;5.466;1246;1269;1267;49.99;49.99;49.99;7476;1000;0.0;0;0.0000;0;0;19186;19186;19186
60;2014-02-10 15:14:00;909402N262;3475;19.244;34;232;232;232;233;5.009;49.99;586.6;3.058;685.8;1.277;553.9;1.548;60;0;0;4.943;5.045;5.039;1142;1163;1168;49.99;49.99;49.99;7476;1000;0.0;0;0.0000;0;0;19244;19244;19244
60;2014-02-10 15:15:00;909402N262;3034;19.294;34;232;232;233;233;4.379;49.99;584.1;2.674;684.3;1.133;551.8;1.347;60;0;0;4.308;4.427;4.402;994;1021;1016;49.99;49.99;49.99;7476;1000;0.0;0;0.0000;0;0;19294;19294;19294
60;2014-02-10 15:16:00;909402N262;2859;19.344;34;232;232;232;232;4.129;50.00;578.2;2.551;665.4;1.094;552.1;1.277;60;0;0;4.067;4.175;4.145;938;962;956;50.00;50.00;50.00;7476;1000;0.0;0;0.0000;0;0;19344;19344;19344
60;2014-02-10 15:17:00;909402N262;2739;19.389;34;232;232;232;232;3.953;49.99;582.7;2.423;681.0;1.038;542.2;1.222;60;0;0;3.893;3.994;3.973;898;921;918;49.99;49.99;49.99;7476;1000;0.0;0;0.0000;0;0;19389;19389;19389
60;2014-02-10 15:18:00;909402N262;2752;19.434;34;232;232;231;232;3.980;49.99;583.7;2.438;680.1;1.040;517.7;1.283;60;0;0;3.920;4.016;4.004;903;922;924;49.99;49.99;49.99;7476;1000;0.0;0;0.0000;0;0;19434;19434;19434
60;2014-02-10 15:19:00;909402N262;2446;19.476;34;232;232;231;232;3.536;49.99;583.7;2.162;678.4;0.935;520.1;1.129;60;0;0;3.479;3.571;3.558;802;820;822;49.99;49.99;49.99;7476;1000;0.0;0;0.0000;0;0;19476;19476;19476
60;2014-02-10 15:20:00;909402N262;2124;19.511;34;232;231;231;232;3.065;49.98;587.3;1.859;676.8;0.828;518.0;0.974;60;0;0;3.009;3.099;3.089;694;713;714;49.98;49.98;49.98;7476;1000;0.0;0;0.0000;0;0;19511;19511;19511
60;2014-02-10 15:21:00;909402N262;2063;19.544;34;232;231;231;232;2.979;49.99;587.9;1.810;676.9;0.804;507.6;0.958;60;0;0;2.922;3.014;3.002;673;694;694;49.99;49.99;49.99;7476;1000;0.0;0;0.0000;0;0;19544;19544;19544
60;2014-02-10 15:22:00;909402N262;1951;19.577;34;232;232;231;232;2.818;49.99;590.0;1.708;675.3;0.767;500.6;0.914;60;0;0;2.765;2.849;2.840;638;655;656;49.99;49.99;49.99;7476;1000;0.0;0;0.0000;0;0;19577;19577;19577
60;2014-02-10 15:23:00;909402N262;1870;19.609;34;232;232;231;232;2.701;49.98;592.4;1.630;674.6;0.739;500.0;0.873;60;0;0;2.654;2.728;2.723;612;627;628;49.98;49.98;49.98;7476;1000;0.0;0;0.0000;0;0;19609;19609;19609
60;2014-02-10 15:24:00;909402N262;1941;19.642;34;232;232;231;232;2.802;49.99;593.5;1.702;676.2;0.759;501.8;0.896;60;0;0;2.756;2.830;2.822;636;651;651;49.99;49.99;49.99;7476;1000;0.0;0;0.0000;0;0;19642;19642;19642
60;2014-02-10 15:25:00;909402N262;2003;19.675;34;232;232;231;232;2.890;50.00;593.7;1.770;677.2;0.779;506.9;0.899;60;0;0;2.844;2.918;2.909;657;672;672;50.00;50.00;50.00;7476;1000;0.0;0;0.0000;0;0;19675;19675;19675
60;2014-02-10 15:26:00;909402N262;1888;19.707;34;231;232;231;232;2.728;49.98;596.5;1.656;676.3;0.743;506.2;0.845;60;0;0;2.682;2.755;2.747;618;633;634;49.98;49.98;49.98;7476;1000;0.0;0;0.0000;0;0;19707;19707;19707
60;2014-02-10 15:27:00;909402N262;1953;19.740;34;231;232;231;232;2.821;49.99;597.4;1.736;677.0;0.768;515.7;0.828;60;0;0;2.774;2.854;2.836;640;656;655;49.99;49.99;49.99;7476;1000;0.0;0;0.0000;0;0;19740;19740;19740
60;2014-02-10 15:28:00;909402N262;2004;19.773;34;231;232;231;231;2.896;49.99;597.9;1.805;677.5;0.790;522.8;0.805;60;0;0;2.852;2.929;2.907;658;674;670;49.99;49.99;49.99;7476;1000;0.0;0;0.0000;0;0;19773;19773;19773
60;2014-02-10 15:29:00;909402N262;2071;19.806;34;231;232;231;231;2.993;49.99;598.0;1.890;677.8;0.819;524.0;0.796;60;0;0;2.955;3.031;2.993;682;698;688;49.99;49.99;49.99;7476;1000;0.0;0;0.0000;0;0;19806;19806;19806
60;2014-02-10 15:30:00;909402N262;2011;19.840;34;232;232;232;231;2.905;49.99;599.5;1.823;678.3;0.798;518.7;0.785;60;0;0;2.865;2.945;2.907;661;679;669;49.99;49.99;49.99;7476;1000;0.0;0;0.0000;0;0;19840;19840;19840
60;2014-02-10 15:31:00;909402N262;2033;19.874;34;232;232;232;231;2.947;49.98;594.4;1.870;664.7;0.817;565.9;0.748;60;0;0;2.904;2.997;2.942;667;690;674;49.98;49.98;49.98;7476;1000;0.0;0;0.0000;0;0;19874;19874;19874
60;2014-02-10 15:32:00;909402N262;1959;19.906;34;231;232;232;231;2.890;49.98;588.7;1.712;678.5;0.752;795.1;0.582;60;0;0;2.854;2.936;2.881;644;664;649;49.98;49.98;49.98;7476;1000;0.0;0;0.0000;0;0;19906;19906;19906
60;2014-02-10 15:33:00;909402N262;1986;19.940;34;231;232;232;230;2.929;49.99;576.4;1.779;679.7;0.764;795.2;0.586;60;0;0;2.887;2.975;2.926;652;674;659;49.99;49.99;49.99;7476;1000;0.0;0;0.0000;0;0;19940;19940;19940
60;2014-02-10 15:34:00;909402N262;2305;19.979;34;232;232;233;231;3.369;49.98;599.8;2.081;684.3;0.887;795.3;0.601;60;0;0;3.328;3.410;3.369;759;779;765;49.98;49.98;49.98;7476;1000;0.0;0;0.0000;0;0;19979;19979;19979
60;2014-02-10 15:35:00;909402N262;2084;20.013;34;234;234;234;233;3.035;49.97;587.9;1.848;680.4;0.800;795.4;0.596;60;0;0;2.991;3.093;3.023;684;708;689;49.97;49.97;49.97;7476;1000;0.0;0;0.0000;0;0;20013;20013;20013
60;2014-02-10 15:36:00;909402N262;1883;20.044;34;234;234;235;233;2.761;49.98;575.8;1.649;677.5;0.726;795.1;0.583;60;0;0;2.711;2.831;2.742;615;645;621;49.98;49.98;49.98;7476;1000;0.0;0;0.0000;0;0;20044;20044;20044
60;2014-02-10 15:37:00;909402N262;2162;20.080;34;234;234;234;233;3.144;49.98;590.6;1.949;682.6;0.834;795.2;0.586;60;0;0;3.103;3.185;3.146;711;732;718;49.98;49.98;49.98;7476;1000;0.0;0;0.0000;0;0;20080;20080;20080
60;2014-02-10 15:38:00;909402N262;2390;20.120;34;234;234;234;233;3.462;49.98;600.0;2.196;685.6;0.922;795.4;0.590;60;0;0;3.411;3.499;3.478;785;805;798;49.98;49.98;49.98;7476;1000;0.0;0;0.0000;0;0;20120;20120;20120
60;2014-02-10 15:39:00;909402N262;2381;20.160;34;234;234;234;234;3.448;49.98;600.2;2.190;685.1;0.921;795.2;0.584;60;0;0;3.382;3.487;3.476;778;801;801;49.98;49.98;49.98;7476;1000;0.0;0;0.0000;0;0;20160;20160;20160
60;2014-02-10 15:40:00;909402N262;2150;20.196;34;234;234;234;235;3.123;49.99;601.0;1.920;681.7;0.835;795.1;0.568;60;0;0;3.069;3.159;3.142;703;723;722;49.99;49.99;49.99;7476;1000;0.0;0;0.0000;0;0;20196;20196;20196
60;2014-02-10 15:41:00;909402N262;1813;20.227;34;234;234;234;235;2.660;49.99;577.0;1.598;676.2;0.707;795.2;0.544;60;0;0;2.598;2.720;2.664;588;615;608;49.99;49.99;49.99;7476;1000;0.0;0;0.0000;0;0;20227;20227;20227
60;2014-02-10 15:42:00;909402N262;1750;20.255;34;234;234;234;235;2.570;49.99;573.6;1.549;675.6;0.685;795.3;0.527;60;0;0;2.510;2.622;2.578;568;593;587;49.99;49.99;49.99;7476;1000;0.0;0;0.0000;0;0;20255;20255;20255
60;2014-02-10 15:43:00;909402N262;1755;20.285;34;234;234;234;235;2.581;50.00;574.7;1.576;676.1;0.691;795.0;0.509;60;0;0;2.518;2.634;2.591;570;594;589;50.00;50.00;50.00;7476;1000;0.0;0;0.0000;0;0;20285;20285;20285
60;2014-02-10 15:44:00;909402N262;1525;20.310;34;234;234;234;235;2.259;50.00;571.4;1.328;671.9;0.602;794.6;0.477;60;0;0;2.195;2.308;2.274;493;517;513;50.00;50.00;50.00;7476;1000;0.0;0;0.0000;0;0;20310;20310;20310
60;2014-02-10 15:45:00;909402N262;1328;20.333;34;234;234;234;235;1.975;49.98;571.2;1.120;667.1;0.527;795.0;0.441;60;0;0;1.920;2.005;2.000;428;449;449;49.98;49.98;49.98;7476;1000;0.0;0;0.0000;0;0;20333;20333;20333
60;2014-02-10 15:46:00;909402N262;1188;20.352;34;234;234;234;235;1.776;49.99;571.3;0.997;646.9;0.482;786.1;0.413;60;0;0;1.729;1.815;1.786;384;404;397;49.99;49.99;49.99;7476;1000;0.0;0;0.0000;0;0;20352;20352;20352
60;2014-02-10 15:47:00;909402N262;1167;20.372;34;234;233;234;235;1.756;49.97;573.4;0.981;663.8;0.465;794.5;0.391;60;0;0;1.718;1.797;1.753;379;400;387;49.97;49.97;49.97;7476;1000;0.0;0;0.0000;0;0;20372;20372;20372
60;2014-02-10 15:48:00;909402N262;1125;20.390;34;234;233;234;234;1.704;49.98;573.0;0.950;662.8;0.448;794.7;0.375;60;0;0;1.665;1.749;1.699;365;386;373;49.98;49.98;49.98;7476;1000;0.0;0;0.0000;0;0;20390;20390;20390
60;2014-02-10 15:49:00;909402N262;1046;20.408;34;234;233;234;235;1.600;49.98;571.9;0.865;660.8;0.417;794.8;0.364;60;0;0;1.553;1.638;1.611;336;357;351;49.98;49.98;49.98;7476;1000;0.0;0;0.0000;0;0;20408;20408;20408
60;2014-02-10 15:50:00;909402N262;994;20.424;34;234;233;233;235;1.532;49.97;572.2;0.810;659.3;0.396;794.7;0.355;60;0;0;1.492;1.563;1.543;319;339;334;49.97;49.97;49.97;7476;1000;0.0;0;0.0000;0;0;20424;20424;20424
60;2014-02-10 15:51:00;909402N262;964;20.441;34;234;234;233;234;1.491;49.98;571.7;0.788;658.2;0.384;794.7;0.343;60;0;0;1.442;1.527;1.505;308;329;325;49.98;49.98;49.98;7476;1000;0.0;0;0.0000;0;0;20441;20441;20441
60;2014-02-10 15:52:00;909402N262;938;20.456;34;234;234;234;235;1.455;49.98;571.1;0.774;657.2;0.374;794.3;0.332;60;0;0;1.412;1.482;1.471;301;319;317;49.98;49.98;49.98;7476;1000;0.0;0;0.0000;0;0;20456;20456;20456
60;2014-02-10 15:53:00;909402N262;908;20.471;34;234;234;234;234;1.420;49.98;570.6;0.751;655.7;0.362;794.4;0.321;60;0;0;1.386;1.451;1.424;293;312;302;49.98;49.98;49.98;7476;1000;0.0;0;0.0000;0;0;20471;20471;20471
60;2014-02-10 15:54:00;909402N262;867;20.486;33;234;234;234;235;1.380;49.99;569.6;0.714;653.9;0.346;794.4;0.311;60;0;0;1.366;1.395;1.381;285;294;285;49.99;49.99;49.99;7476;1000;0.0;0;0.0000;0;0;20486;20486;20486
60;2014-02-10 15:55:00;909402N262;826;20.500;33;234;234;234;235;1.363;49.99;568.4;0.675;653.4;0.329;792.0;0.302;60;0;0;1.343;1.402;1.345;269;284;271;49.99;49.99;49.99;7476;1000;0.0;0;0.0000;0;0;20500;20500;20500
60;2014-02-10 15:56:00;909402N262;810;20.513;33;234;234;234;234;1.353;49.99;567.6;0.661;652.0;0.323;788.6;0.301;60;0;0;1.335;1.406;1.318;265;281;262;49.99;49.99;49.99;7476;1000;0.0;0;0.0000;0;0;20513;20513;20513
60;2014-02-10 15:57:00;909402N262;806;20.526;33;234;234;234;234;1.345;50.00;566.0;0.659;651.9;0.321;790.2;0.300;60;0;0;1.343;1.384;1.309;266;277;261;50.00;50.00;50.00;7476;1000;0.0;0;0.0000;0;0;20526;20526;20526
60;2014-02-10 15:58:00;909402N262;813;20.541;33;234;234;234;235;1.354;50.00;565.4;0.666;653.2;0.325;791.1;0.300;60;0;0;1.336;1.394;1.334;266;280;266;50.00;50.00;50.00;7476;1000;0.0;0;0.0000;0;0;20541;20541;20541
60;2014-02-10 15:59:00;909402N262;810;20.553;33;234;235;234;234;1.342;50.00;564.8;0.663;653.5;0.325;793.8;0.297;60;0;0;1.342;1.377;1.309;269;278;262;50.00;50.00;50.00;7476;1000;0.0;0;0.0000;0;0;20553;20553;20553
60;2014-02-10 16:00:00;909402N262;816;20.568;33;235;235;235;235;1.353;50.02;564.7;0.673;654.3;0.328;794.5;0.295;60;0;0;1.351;1.374;1.336;270;277;267;50.02;50.02;50.02;7476;1000;0.0;0;0.0000;0;0;20568;20568;20568
[wr_ende]
