20140301;160002;danfoss;My Plant;+0100
[wr_def_start]
909402N262;Inverter Type;Inverter Group;Hanzl
[wr_def_end]
[wr]
INTERVAL;TIMESTAMP;SERIAL;P_AC;E_DAY;T_WR;U_AC;U_AC_1;U_AC_2;U_AC_3;I_AC;F_AC;U_DC_1;I_DC_1;U_DC_2;I_DC_2;U_DC_3;I_DC_3;S;E_WR;M_WR;I_AC_1;I_AC_2;I_AC_3;P_AC_1;P_AC_2;P_AC_3;F_AC_1;F_AC_2;F_AC_3;R_DC;PC;PCS;PCS_LL;COS_PHI;COS_PHI_LL;S_COS_PHI;Current_Day_Energy;current_Day_Offset;ccEnergyOfDay_WithoutOffset
60;2014-03-01 15:01:00;909402N262;2310;25.526;37;234;233;235;235;3.346;50.01;557.8;1.776;633.3;0.919;788.8;0.963;60;0;0;3.281;3.390;3.368;752;779;776;50.01;50.01;50.01;8992;1000;0.0;0;0.0000;0;0;25526;25526;25526
60;2014-03-01 15:02:00;909402N262;1896;25.558;37;234;233;235;234;2.773;50.02;555.8;1.476;640.4;0.765;795.2;0.760;60;0;0;2.718;2.833;2.768;616;645;632;50.02;50.02;50.02;8992;1000;0.0;0;0.0000;0;0;25558;25558;25558
60;2014-03-01 15:03:00;909402N262;1752;25.587;37;234;234;234;234;2.574;50.01;556.2;1.383;638.5;0.703;794.9;0.693;60;0;0;2.522;2.621;2.580;570;593;587;50.01;50.01;50.01;8992;1000;0.0;0;0.0000;0;0;25587;25587;25587
60;2014-03-01 15:04:00;909402N262;1700;25.615;37;234;234;234;234;2.504;50.01;557.6;1.351;638.4;0.677;794.3;0.669;60;0;0;2.449;2.558;2.507;554;577;567;50.01;50.01;50.01;8992;1000;0.0;0;0.0000;0;0;25615;25615;25615
60;2014-03-01 15:05:00;909402N262;1678;25.643;37;234;234;234;234;2.474;49.99;559.6;1.337;639.1;0.666;794.5;0.656;60;0;0;2.417;2.523;2.482;547;569;561;49.99;49.99;49.99;8992;1000;0.0;0;0.0000;0;0;25643;25643;25643
60;2014-03-01 15:06:00;909402N262;1698;25.672;37;234;234;234;234;2.507;50.00;560.9;1.357;640.9;0.669;793.7;0.660;60;0;0;2.463;2.548;2.511;555;574;567;50.00;50.00;50.00;8992;1000;0.0;0;0.0000;0;0;25672;25672;25672
60;2014-03-01 15:07:00;909402N262;1700;25.700;37;234;234;234;234;2.506;50.00;564.3;1.353;641.9;0.669;794.3;0.658;60;0;0;2.452;2.555;2.512;553;577;568;50.00;50.00;50.00;8992;1000;0.0;0;0.0000;0;0;25700;25700;25700
60;2014-03-01 15:08:00;909402N262;1707;25.729;37;234;234;235;234;2.507;50.00;567.0;1.351;642.6;0.673;795.0;0.661;60;0;0;2.458;2.558;2.507;557;580;569;50.00;50.00;50.00;8992;1000;0.0;0;0.0000;0;0;25729;25729;25729
60;2014-03-01 15:09:00;909402N262;1616;25.756;37;234;234;235;234;2.383;50.00;569.8;1.274;642.2;0.640;794.6;0.622;60;0;0;2.327;2.442;2.380;526;551;537;50.00;50.00;50.00;8992;1000;0.0;0;0.0000;0;0;25756;25756;25756
60;2014-03-01 15:10:00;909402N262;1486;25.780;37;234;234;235;234;2.203;50.00;571.0;1.174;639.8;0.592;794.3;0.565;60;0;0;2.158;2.248;2.205;484;504;495;50.00;50.00;50.00;8992;1000;0.0;0;0.0000;0;0;25780;25780;25780
60;2014-03-01 15:11:00;909402N262;1435;25.804;37;234;235;235;234;2.136;50.01;574.3;1.133;639.3;0.575;793.0;0.540;60;0;0;2.086;2.184;2.139;467;488;478;50.01;50.01;50.01;8992;1000;0.0;0;0.0000;0;0;25804;25804;25804
60;2014-03-01 15:12:00;909402N262;1476;25.829;37;234;234;235;234;2.194;50.00;575.8;1.166;641.1;0.591;792.9;0.552;60;0;0;2.141;2.246;2.195;479;503;492;50.00;50.00;50.00;8992;1000;0.0;0;0.0000;0;0;25829;25829;25829
60;2014-03-01 15:13:00;909402N262;1612;25.856;37;234;234;235;234;2.374;49.99;574.8;1.268;644.4;0.647;794.9;0.606;60;0;0;2.324;2.426;2.373;525;548;537;49.99;49.99;49.99;8992;1000;0.0;0;0.0000;0;0;25856;25856;25856
60;2014-03-01 15:14:00;909402N262;1866;25.887;37;234;234;234;234;2.747;49.99;572.3;1.470;649.0;0.741;789.4;0.713;60;0;0;2.704;2.809;2.728;611;636;617;49.99;49.99;49.99;8992;1000;0.0;0;0.0000;0;0;25887;25887;25887
60;2014-03-01 15:15:00;909402N262;1798;25.918;37;234;234;234;234;2.633;49.98;572.2;1.393;648.0;0.715;795.2;0.696;60;0;0;2.584;2.689;2.627;587;611;598;49.98;49.98;49.98;8992;1000;0.0;0;0.0000;0;0;25918;25918;25918
60;2014-03-01 15:16:00;909402N262;2379;25.957;37;234;234;234;234;3.437;49.98;569.3;1.871;640.1;0.935;790.9;0.948;60;0;0;3.396;3.465;3.452;780;803;793;49.98;49.98;49.98;8992;1000;0.0;0;0.0000;0;0;25957;25957;25957
60;2014-03-01 15:17:00;909402N262;3251;26.010;37;234;234;234;234;4.672;49.96;579.8;2.514;664.4;1.189;788.3;1.319;60;0;0;4.612;4.723;4.683;1070;1093;1085;49.96;49.96;49.96;8992;1000;0.0;0;0.0000;0;0;26010;26010;26010
60;2014-03-01 15:18:00;909402N262;2037;26.045;37;234;234;234;234;2.954;49.97;567.9;1.596;650.8;0.792;792.6;0.799;60;0;0;2.898;3.001;2.964;667;688;682;49.97;49.97;49.97;8992;1000;0.0;0;0.0000;0;0;26045;26045;26045
60;2014-03-01 15:19:00;909402N262;1899;26.077;37;234;234;234;234;2.759;49.97;566.0;1.482;649.0;0.744;794.9;0.747;60;0;0;2.718;2.807;2.753;622;643;632;49.97;49.97;49.97;8992;1000;0.0;0;0.0000;0;0;26077;26077;26077
60;2014-03-01 15:20:00;909402N262;1613;26.104;37;234;234;234;234;2.362;49.97;562.8;1.247;644.4;0.646;794.2;0.639;60;0;0;2.309;2.415;2.363;525;547;538;49.97;49.97;49.97;8992;1000;0.0;0;0.0000;0;0;26104;26104;26104
60;2014-03-01 15:21:00;909402N262;1463;26.128;37;234;234;234;234;2.152;49.97;564.0;1.115;642.2;0.599;794.1;0.582;60;0;0;2.102;2.198;2.158;476;497;489;49.97;49.97;49.97;8992;1000;0.0;0;0.0000;0;0;26128;26128;26128
60;2014-03-01 15:22:00;909402N262;1501;26.153;37;234;234;234;234;2.201;49.99;563.2;1.142;643.4;0.617;794.4;0.596;60;0;0;2.139;2.245;2.219;485;510;504;49.99;49.99;49.99;8992;1000;0.0;0;0.0000;0;0;26153;26153;26153
60;2014-03-01 15:23:00;909402N262;1561;26.178;37;234;234;234;234;2.287;49.99;562.7;1.196;645.4;0.638;793.2;0.618;60;0;0;2.232;2.326;2.305;507;527;524;49.99;49.99;49.99;8992;1000;0.0;0;0.0000;0;0;26178;26178;26178
60;2014-03-01 15:24:00;909402N262;1543;26.205;37;234;234;234;234;2.258;49.99;563.4;1.179;644.4;0.629;794.4;0.613;60;0;0;2.196;2.304;2.276;499;523;518;49.99;49.99;49.99;8992;1000;0.0;0;0.0000;0;0;26205;26205;26205
60;2014-03-01 15:25:00;909402N262;1480;26.230;37;234;234;234;234;2.168;49.99;564.3;1.129;643.0;0.604;794.7;0.589;60;0;0;2.107;2.220;2.179;479;504;496;49.99;49.99;49.99;8992;1000;0.0;0;0.0000;0;0;26230;26230;26230
60;2014-03-01 15:26:00;909402N262;1465;26.254;37;234;234;234;234;2.153;49.97;564.9;1.120;642.6;0.596;794.4;0.581;60;0;0;2.073;2.214;2.172;470;501;493;49.97;49.97;49.97;8992;1000;0.0;0;0.0000;0;0;26254;26254;26254
60;2014-03-01 15:27:00;909402N262;1467;26.279;37;234;234;234;234;2.152;49.98;565.9;1.122;643.2;0.596;794.3;0.581;60;0;0;2.085;2.202;2.170;473;500;493;49.98;49.98;49.98;8992;1000;0.0;0;0.0000;0;0;26279;26279;26279
60;2014-03-01 15:28:00;909402N262;1482;26.303;37;234;234;234;234;2.171;49.99;565.8;1.136;643.9;0.602;794.8;0.584;60;0;0;2.107;2.220;2.186;477;505;497;49.99;49.99;49.99;8992;1000;0.0;0;0.0000;0;0;26303;26303;26303
60;2014-03-01 15:29:00;909402N262;1545;26.328;36;234;234;234;234;2.257;49.99;566.5;1.187;645.6;0.627;795.1;0.605;60;0;0;2.207;2.302;2.264;502;524;516;49.99;49.99;49.99;8992;1000;0.0;0;0.0000;0;0;26328;26328;26328
60;2014-03-01 15:30:00;909402N262;1646;26.357;36;234;234;234;234;2.398;49.99;572.6;1.267;648.1;0.664;795.0;0.635;60;0;0;2.358;2.434;2.402;539;556;550;49.99;49.99;49.99;8992;1000;0.0;0;0.0000;0;0;26357;26357;26357
60;2014-03-01 15:31:00;909402N262;1614;26.384;36;234;234;235;234;2.347;50.01;577.3;1.244;630.6;0.666;795.6;0.618;60;0;0;2.296;2.394;2.353;524;549;539;50.01;50.01;50.01;8992;1000;0.0;0;0.0000;0;0;26384;26384;26384
60;2014-03-01 15:32:00;909402N262;2284;26.422;36;234;234;234;234;3.300;50.01;584.9;1.800;657.0;0.889;770.8;0.883;60;0;0;3.246;3.337;3.319;747;772;765;50.01;50.01;50.01;8992;1000;0.0;0;0.0000;0;0;26422;26422;26422
60;2014-03-01 15:33:00;909402N262;3411;26.479;36;235;235;235;235;4.895;50.00;584.7;2.752;666.4;1.291;736.0;1.329;60;0;0;4.839;4.947;4.901;1124;1147;1138;50.00;50.00;50.00;8992;1000;0.0;0;0.0000;0;0;26479;26479;26479
60;2014-03-01 15:34:00;909402N262;4247;26.549;36;235;235;234;235;6.074;50.01;585.6;3.416;671.5;1.575;744.4;1.676;60;0;0;6.023;6.110;6.090;1404;1423;1419;50.01;50.01;50.01;8992;1000;0.0;0;0.0000;0;0;26549;26549;26549
60;2014-03-01 15:35:00;909402N262;4525;26.624;36;235;235;235;235;6.462;50.00;584.0;3.652;671.6;1.674;753.3;1.763;60;0;0;6.411;6.506;6.469;1496;1517;1510;50.00;50.00;50.00;8992;1000;0.0;0;0.0000;0;0;26624;26624;26624
60;2014-03-01 15:36:00;909402N262;4071;26.693;36;235;235;235;235;5.823;50.00;580.8;3.357;668.8;1.544;735.8;1.548;60;0;0;5.763;5.879;5.828;1342;1368;1358;50.00;50.00;50.00;8992;1000;0.0;0;0.0000;0;0;26693;26693;26693
60;2014-03-01 15:37:00;909402N262;3738;26.755;36;235;235;235;235;5.347;49.99;578.2;3.169;666.6;1.457;710.0;1.381;60;0;0;5.291;5.397;5.355;1233;1256;1247;49.99;49.99;49.99;8992;1000;0.0;0;0.0000;0;0;26755;26755;26755
60;2014-03-01 15:38:00;909402N262;3583;26.815;36;234;235;234;234;5.138;49.99;577.8;3.139;665.3;1.441;719.7;1.188;60;0;0;5.091;5.180;5.143;1184;1203;1194;49.99;49.99;49.99;8992;1000;0.0;0;0.0000;0;0;26815;26815;26815
60;2014-03-01 15:39:00;909402N262;3055;26.866;36;235;235;235;234;4.382;49.98;578.1;2.701;661.0;1.256;761.2;0.920;60;0;0;4.330;4.427;4.391;1006;1027;1019;49.98;49.98;49.98;8992;1000;0.0;0;0.0000;0;0;26866;26866;26866
60;2014-03-01 15:40:00;909402N262;3083;26.917;36;234;235;235;234;4.415;49.99;576.2;2.810;661.6;1.295;795.1;0.809;60;0;0;4.367;4.460;4.419;1017;1037;1027;49.99;49.99;49.99;8992;1000;0.0;0;0.0000;0;0;26917;26917;26917
60;2014-03-01 15:41:00;909402N262;2184;26.953;36;234;234;234;234;3.159;49.98;565.5;1.876;650.3;0.890;794.1;0.704;60;0;0;3.109;3.209;3.160;717;738;728;49.98;49.98;49.98;8992;1000;0.0;0;0.0000;0;0;26953;26953;26953
60;2014-03-01 15:42:00;909402N262;1801;26.983;36;234;234;234;234;2.624;49.97;557.9;1.497;645.8;0.730;794.5;0.645;60;0;0;2.574;2.672;2.626;586;611;602;49.97;49.97;49.97;8992;1000;0.0;0;0.0000;0;0;26983;26983;26983
60;2014-03-01 15:43:00;909402N262;2312;27.022;36;234;234;234;235;3.329;49.97;561.9;2.101;654.9;0.982;794.9;0.648;60;0;0;3.273;3.355;3.360;755;777;779;49.97;49.97;49.97;8992;1000;0.0;0;0.0000;0;0;27022;27022;27022
60;2014-03-01 15:44:00;909402N262;2624;27.065;36;234;234;234;234;3.770;49.97;565.9;2.487;658.9;1.134;794.9;0.629;60;0;0;3.717;3.803;3.791;861;881;880;49.97;49.97;49.97;8992;1000;0.0;0;0.0000;0;0;27065;27065;27065
60;2014-03-01 15:45:00;909402N262;3048;27.116;36;234;234;234;233;4.375;49.98;568.5;3.000;663.6;1.347;795.1;0.613;60;0;0;4.336;4.409;4.382;1008;1023;1015;49.98;49.98;49.98;8992;1000;0.0;0;0.0000;0;0;27116;27116;27116
60;2014-03-01 15:46:00;909402N262;3194;27.170;36;234;234;234;234;4.579;49.98;564.0;3.216;649.3;1.431;721.0;0.775;60;0;0;4.533;4.616;4.590;1054;1073;1066;49.98;49.98;49.98;8992;1000;0.0;0;0.0000;0;0;27170;27170;27170
60;2014-03-01 15:47:00;909402N262;2761;27.216;36;234;234;234;234;3.948;49.97;565.4;2.673;659.3;1.189;363.3;1.399;60;0;0;3.897;3.995;3.954;910;929;919;49.97;49.97;49.97;8992;1000;0.0;0;0.0000;0;0;27216;27216;27216
60;2014-03-01 15:48:00;909402N262;2006;27.249;36;234;234;234;233;2.873;49.98;562.0;1.955;652.0;0.907;372.2;0.940;60;0;0;2.827;2.909;2.884;659;677;669;49.98;49.98;49.98;8992;1000;0.0;0;0.0000;0;0;27249;27249;27249
60;2014-03-01 15:49:00;909402N262;2103;27.284;36;234;234;234;233;3.008;49.98;563.9;2.064;654.1;0.961;355.2;0.976;60;0;0;2.964;3.041;3.020;691;709;701;49.98;49.98;49.98;8992;1000;0.0;0;0.0000;0;0;27284;27284;27284
60;2014-03-01 15:50:00;909402N262;1632;27.311;36;234;234;234;233;2.362;49.98;563.6;1.572;647.4;0.760;399.2;0.706;60;0;0;2.324;2.392;2.371;532;552;546;49.98;49.98;49.98;8992;1000;0.0;0;0.0000;0;0;27311;27311;27311
60;2014-03-01 15:51:00;909402N262;1416;27.335;36;234;234;234;233;2.071;49.98;563.9;1.339;644.5;0.654;390.7;0.675;60;0;0;2.036;2.093;2.084;459;481;474;49.98;49.98;49.98;8992;1000;0.0;0;0.0000;0;0;27335;27335;27335
60;2014-03-01 15:52:00;909402N262;1496;27.360;36;234;234;234;233;2.187;49.98;565.3;1.415;645.9;0.681;393.2;0.714;60;0;0;2.155;2.209;2.198;486;507;500;49.98;49.98;49.98;8992;1000;0.0;0;0.0000;0;0;27360;27360;27360
60;2014-03-01 15:53:00;909402N262;1709;27.388;36;234;234;234;233;2.466;49.97;565.6;1.643;650.8;0.771;408.9;0.749;60;0;0;2.421;2.499;2.478;558;578;571;49.97;49.97;49.97;8992;1000;0.0;0;0.0000;0;0;27388;27388;27388
60;2014-03-01 15:54:00;909402N262;2691;27.433;36;234;234;234;233;3.849;49.97;573.6;2.737;664.6;1.229;436.6;0.790;60;0;0;3.798;3.884;3.866;885;906;898;49.97;49.97;49.97;8992;1000;0.0;0;0.0000;0;0;27433;27433;27433
60;2014-03-01 15:55:00;909402N262;2802;27.480;36;234;234;234;234;4.007;49.98;570.7;2.886;664.8;1.279;444.4;0.776;60;0;0;3.946;4.044;4.033;919;940;940;49.98;49.98;49.98;8992;1000;0.0;0;0.0000;0;0;27480;27480;27480
60;2014-03-01 15:56:00;909402N262;2196;27.518;36;234;234;234;234;3.144;49.98;567.4;2.201;657.0;0.995;430.0;0.753;60;0;0;3.083;3.180;3.170;717;738;738;49.98;49.98;49.98;8992;1000;0.0;0;0.0000;0;0;27518;27518;27518
60;2014-03-01 15:57:00;909402N262;1522;27.542;36;234;234;234;235;2.213;49.99;566.7;1.439;647.1;0.694;399.0;0.705;60;0;0;2.161;2.240;2.239;491;515;514;49.99;49.99;49.99;8992;1000;0.0;0;0.0000;0;0;27542;27542;27542
60;2014-03-01 15:58:00;909402N262;1516;27.568;36;234;234;234;235;2.203;50.00;566.0;1.448;648.0;0.691;406.0;0.676;60;0;0;2.145;2.225;2.240;489;513;512;50.00;50.00;50.00;8992;1000;0.0;0;0.0000;0;0;27568;27568;27568
60;2014-03-01 15:59:00;909402N262;1419;27.592;36;234;234;234;235;2.098;50.01;566.4;1.342;646.1;0.650;399.7;0.657;60;0;0;2.051;2.139;2.106;465;479;473;50.01;50.01;50.01;8992;1000;0.0;0;0.0000;0;0;27592;27592;27592
60;2014-03-01 16:00:00;909402N262;1598;27.618;36;234;234;234;235;2.330;50.03;567.1;1.562;650.8;0.737;415.6;0.629;60;0;0;2.274;2.360;2.356;519;539;539;50.03;50.03;50.03;8992;1000;0.0;0;0.0000;0;0;27618;27618;27618
[wr_ende]
