20140619;150000;danfoss;My Plant;+0100
[wr_def_start]
909402N262;Inverter Type;Inverter Group;Hanzl
[wr_def_end]
[wr]
INTERVAL;TIMESTAMP;SERIAL;P_AC;E_DAY;T_WR;U_AC;U_AC_1;U_AC_2;U_AC_3;I_AC;F_AC;U_DC_1;I_DC_1;U_DC_2;I_DC_2;U_DC_3;I_DC_3;S;E_WR;M_WR;I_AC_1;I_AC_2;I_AC_3;P_AC_1;P_AC_2;P_AC_3;F_AC_1;F_AC_2;F_AC_3;R_DC;PC;PCS;PCS_LL;COS_PHI;COS_PHI_LL;S_COS_PHI;Current_Day_Energy;current_Day_Offset;ccEnergyOfDay_WithoutOffset
60;2014-06-19 14:01:00;909402N262;11292;27.946;52;236;235;236;236;15.957;49.97;474.4;8.825;582.5;5.626;712.1;5.698;60;0;0;15.866;16.035;15.972;3728;3792;3771;49.97;49.97;49.97;11111;1000;0.0;0;0.0000;0;0;27946;27946;27946
60;2014-06-19 14:02:00;909402N262;11433;28.136;52;236;235;236;236;16.151;49.97;477.5;8.873;589.8;5.662;713.6;5.708;60;0;0;16.094;16.219;16.140;3790;3833;3808;49.97;49.97;49.97;11111;1000;0.0;0;0.0000;0;0;28136;28136;28136
60;2014-06-19 14:03:00;909402N262;10698;28.316;52;236;236;236;236;15.210;49.96;481.2;8.385;589.2;5.438;709.8;5.204;60;0;0;15.151;15.317;15.163;3571;3601;3554;49.96;49.96;49.96;11111;1000;0.0;0;0.0000;0;0;28316;28316;28316
60;2014-06-19 14:04:00;909402N262;7203;28.436;53;235;235;235;235;10.312;49.96;490.6;5.791;588.4;3.932;699.4;3.138;60;0;0;10.290;10.336;10.311;2415;2436;2400;49.96;49.96;49.96;11111;1000;0.0;0;0.0000;0;0;28436;28436;28436
60;2014-06-19 14:05:00;909402N262;4426;28.510;53;234;234;234;235;6.326;49.96;490.3;3.416;587.1;2.091;701.6;2.266;60;0;0;6.282;6.371;6.327;1463;1486;1476;49.96;49.96;49.96;11111;1000;0.0;0;0.0000;0;0;28510;28510;28510
60;2014-06-19 14:06:00;909402N262;3557;28.569;52;235;234;235;235;5.088;49.95;493.1;2.851;587.6;1.748;698.7;1.671;60;0;0;5.022;5.144;5.100;1168;1199;1188;49.95;49.95;49.95;11111;1000;0.0;0;0.0000;0;0;28569;28569;28569
60;2014-06-19 14:07:00;909402N262;3628;28.630;52;235;235;235;235;5.195;49.97;498.8;2.903;591.8;1.762;705.0;1.677;60;0;0;5.128;5.256;5.201;1190;1222;1211;49.97;49.97;49.97;11111;1000;0.0;0;0.0000;0;0;28630;28630;28630
60;2014-06-19 14:08:00;909402N262;6769;28.742;52;235;235;236;235;9.617;49.97;503.0;5.006;603.5;3.028;722.0;3.422;60;0;0;9.577;9.638;9.636;2245;2272;2256;49.97;49.97;49.97;11111;1000;0.0;0;0.0000;0;0;28742;28742;28742
60;2014-06-19 14:09:00;909402N262;4121;28.810;52;235;235;235;235;5.836;49.97;505.4;3.240;597.9;1.903;714.2;1.921;60;0;0;5.798;5.839;5.871;1342;1368;1380;49.97;49.97;49.97;11111;1000;0.0;0;0.0000;0;0;28810;28810;28810
60;2014-06-19 14:10:00;909402N262;3992;28.876;51;235;234;234;235;5.777;49.97;509.3;3.096;603.6;1.876;720.7;1.871;60;0;0;5.708;5.823;5.800;1324;1343;1342;49.97;49.97;49.97;11111;1000;0.0;0;0.0000;0;0;28876;28876;28876
60;2014-06-19 14:11:00;909402N262;4494;28.951;51;235;235;234;235;6.408;49.98;515.8;3.497;606.8;2.169;725.9;1.946;60;0;0;6.364;6.427;6.435;1481;1500;1502;49.98;49.98;49.98;11111;1000;0.0;0;0.0000;0;0;28951;28951;28951
60;2014-06-19 14:12:00;909402N262;5691;29.044;51;235;235;235;236;7.954;49.98;518.0;4.323;610.2;2.589;733.3;2.523;60;0;0;7.933;7.932;7.997;1858;1879;1901;49.98;49.98;49.98;11111;1000;0.0;0;0.0000;0;0;29044;29044;29044
60;2014-06-19 14:13:00;909402N262;12034;29.244;51;236;236;236;237;16.971;49.97;506.0;9.010;615.6;5.574;744.1;5.723;60;0;0;16.937;17.025;16.953;4004;4014;4012;49.97;49.97;49.97;11111;1000;0.0;0;0.0000;0;0;29244;29244;29244
60;2014-06-19 14:14:00;909402N262;9850;29.409;51;236;236;236;236;13.977;49.98;506.8;7.303;611.0;4.592;738.6;4.808;60;0;0;13.922;14.044;13.966;3285;3297;3283;49.98;49.98;49.98;11111;1000;0.0;0;0.0000;0;0;29409;29409;29409
60;2014-06-19 14:15:00;909402N262;8655;29.554;51;236;236;235;236;12.268;49.98;508.6;6.570;609.5;4.309;731.9;3.864;60;0;0;12.226;12.309;12.269;2883;2894;2891;49.98;49.98;49.98;11111;1000;0.0;0;0.0000;0;0;29554;29554;29554
60;2014-06-19 14:16:00;909402N262;4273;29.625;51;235;235;235;235;6.115;49.97;504.1;3.366;589.2;2.090;716.8;1.959;60;0;0;6.081;6.139;6.127;1414;1430;1428;49.97;49.97;49.97;11111;1000;0.0;0;0.0000;0;0;29625;29625;29625
60;2014-06-19 14:17:00;909402N262;7585;29.751;51;236;236;235;236;10.677;49.96;513.4;5.415;609.8;3.431;738.5;3.750;60;0;0;10.677;10.648;10.706;2515;2520;2528;49.96;49.96;49.96;11111;1000;0.0;0;0.0000;0;0;29751;29751;29751
60;2014-06-19 14:18:00;909402N262;11815;29.946;51;236;237;236;237;16.556;49.97;501.8;8.885;611.2;5.464;738.0;5.723;60;0;0;16.592;16.531;16.547;3932;3924;3929;49.97;49.97;49.97;11111;1000;0.0;0;0.0000;0;0;29946;29946;29946
60;2014-06-19 14:19:00;909402N262;10389;30.120;51;236;236;236;236;14.638;49.96;502.5;7.612;610.2;4.700;737.3;5.232;60;0;0;14.632;14.684;14.599;3452;3461;3453;49.96;49.96;49.96;11111;1000;0.0;0;0.0000;0;0;30120;30120;30120
60;2014-06-19 14:20:00;909402N262;9113;30.273;51;236;236;236;236;12.983;49.97;499.5;6.885;605.5;4.357;727.0;4.468;60;0;0;12.929;13.065;12.956;3048;3065;3034;49.97;49.97;49.97;11111;1000;0.0;0;0.0000;0;0;30273;30273;30273
60;2014-06-19 14:21:00;909402N262;6321;30.378;51;236;236;235;236;8.966;49.98;505.2;4.812;603.0;3.027;721.2;2.969;60;0;0;8.923;8.998;8.978;2098;2107;2112;49.98;49.98;49.98;11111;1000;0.0;0;0.0000;0;0;30378;30378;30378
60;2014-06-19 14:22:00;909402N262;6341;30.484;51;236;236;235;236;9.012;49.98;508.2;4.770;606.0;2.985;725.8;3.046;60;0;0;8.964;9.054;9.020;2104;2110;2120;49.98;49.98;49.98;11111;1000;0.0;0;0.0000;0;0;30484;30484;30484
60;2014-06-19 14:23:00;909402N262;7537;30.611;51;236;236;236;236;10.681;49.98;508.9;5.567;610.2;3.418;732.8;3.732;60;0;0;10.641;10.766;10.637;2501;2512;2513;49.98;49.98;49.98;11111;1000;0.0;0;0.0000;0;0;30611;30611;30611
60;2014-06-19 14:24:00;909402N262;6568;30.720;51;236;236;236;236;9.344;49.99;509.9;4.983;606.5;3.233;726.3;2.998;60;0;0;9.301;9.403;9.329;2186;2200;2189;49.99;49.99;49.99;11111;1000;0.0;0;0.0000;0;0;30720;30720;30720
60;2014-06-19 14:25:00;909402N262;4705;30.799;51;236;236;235;236;6.716;49.99;509.3;3.571;602.3;2.266;720.2;2.203;60;0;0;6.670;6.750;6.728;1558;1575;1571;49.99;49.99;49.99;11111;1000;0.0;0;0.0000;0;0;30799;30799;30799
60;2014-06-19 14:26:00;909402N262;4522;30.874;51;236;236;235;236;6.455;50.00;511.2;3.425;603.3;2.165;722.4;2.107;60;0;0;6.410;6.493;6.462;1497;1514;1508;50.00;50.00;50.00;11111;1000;0.0;0;0.0000;0;0;30874;30874;30874
60;2014-06-19 14:27:00;909402N262;4958;30.957;51;235;235;235;236;7.081;50.02;514.2;3.720;607.4;2.348;728.1;2.303;60;0;0;7.026;7.137;7.080;1642;1663;1651;50.02;50.02;50.02;11111;1000;0.0;0;0.0000;0;0;30957;30957;30957
60;2014-06-19 14:28:00;909402N262;4694;31.035;51;236;236;236;236;6.694;50.01;515.2;3.540;608.2;2.213;728.6;2.178;60;0;0;6.643;6.738;6.703;1553;1574;1566;50.01;50.01;50.01;11111;1000;0.0;0;0.0000;0;0;31035;31035;31035
60;2014-06-19 14:29:00;909402N262;5114;31.121;51;236;236;235;236;7.265;50.01;518.4;3.839;612.1;2.376;734.1;2.355;60;0;0;7.219;7.300;7.276;1691;1707;1708;50.01;50.01;50.01;11111;1000;0.0;0;0.0000;0;0;31121;31121;31121
60;2014-06-19 14:30:00;909402N262;6260;31.225;51;236;236;235;237;8.881;49.99;518.3;4.641;615.6;2.918;739.4;2.877;60;0;0;8.862;8.887;8.895;2081;2078;2097;49.99;49.99;49.99;11111;1000;0.0;0;0.0000;0;0;31225;31225;31225
60;2014-06-19 14:31:00;909402N262;5281;31.314;50;236;236;235;236;7.507;50.00;515.8;4.015;602.2;2.466;738.5;2.440;60;0;0;7.487;7.496;7.538;1754;1753;1771;50.00;50.00;50.00;11111;1000;0.0;0;0.0000;0;0;31314;31314;31314
60;2014-06-19 14:32:00;909402N262;6254;31.419;50;236;236;235;236;8.921;49.98;520.4;4.725;619.0;2.939;742.5;2.840;60;0;0;8.901;8.941;8.923;2086;2085;2092;49.98;49.98;49.98;11111;1000;0.0;0;0.0000;0;0;31419;31419;31419
60;2014-06-19 14:33:00;909402N262;5928;31.517;50;236;236;235;236;8.420;49.99;519.7;4.458;618.7;2.665;742.6;2.780;60;0;0;8.418;8.390;8.452;1971;1976;1985;49.99;49.99;49.99;11111;1000;0.0;0;0.0000;0;0;31517;31517;31517
60;2014-06-19 14:34:00;909402N262;9461;31.675;50;236;237;236;237;13.327;50.00;515.7;7.027;622.2;4.248;748.9;4.411;60;0;0;13.259;13.427;13.295;3144;3137;3158;50.00;50.00;50.00;11111;1000;0.0;0;0.0000;0;0;31675;31675;31675
60;2014-06-19 14:35:00;909402N262;11721;31.873;50;237;238;236;237;16.394;49.99;509.1;8.722;621.2;5.230;749.3;5.643;60;0;0;16.449;16.302;16.432;3913;3887;3902;49.99;49.99;49.99;11111;1000;0.0;0;0.0000;0;0;31873;31873;31873
60;2014-06-19 14:36:00;909402N262;8637;32.017;50;236;237;236;236;12.215;49.99;509.6;6.585;615.1;4.014;741.5;4.025;60;0;0;12.221;12.241;12.184;2895;2887;2868;49.99;49.99;49.99;11111;1000;0.0;0;0.0000;0;0;32017;32017;32017
60;2014-06-19 14:37:00;909402N262;8922;32.164;50;236;237;236;236;12.610;49.99;506.2;6.735;615.5;4.031;740.6;4.306;60;0;0;12.625;12.635;12.570;2989;2991;2954;49.99;49.99;49.99;11111;1000;0.0;0;0.0000;0;0;32164;32164;32164
60;2014-06-19 14:38:00;909402N262;7083;32.282;51;236;236;236;236;9.997;50.00;508.2;5.381;612.8;3.191;735.6;3.335;60;0;0;9.983;10.045;9.965;2354;2367;2344;50.00;50.00;50.00;11111;1000;0.0;0;0.0000;0;0;32282;32282;32282
60;2014-06-19 14:39:00;909402N262;7440;32.408;51;236;236;236;236;10.470;49.99;509.0;5.670;612.8;3.385;735.6;3.485;60;0;0;10.446;10.535;10.429;2464;2486;2465;49.99;49.99;49.99;11111;1000;0.0;0;0.0000;0;0;32408;32408;32408
60;2014-06-19 14:40:00;909402N262;7246;32.526;51;236;236;236;236;10.354;49.99;506.6;5.562;610.8;3.423;732.6;3.393;60;0;0;10.273;10.483;10.306;2415;2444;2413;49.99;49.99;49.99;11111;1000;0.0;0;0.0000;0;0;32526;32526;32526
60;2014-06-19 14:41:00;909402N262;4066;32.593;51;235;235;236;236;5.822;50.00;508.7;3.202;604.7;1.853;724.6;1.896;60;0;0;5.753;5.884;5.831;1335;1372;1359;50.00;50.00;50.00;11111;1000;0.0;0;0.0000;0;0;32593;32593;32593
60;2014-06-19 14:42:00;909402N262;4265;32.666;51;236;235;236;236;6.044;49.99;513.3;3.332;607.3;1.902;730.2;1.966;60;0;0;6.002;6.064;6.067;1398;1435;1423;49.99;49.99;49.99;11111;1000;0.0;0;0.0000;0;0;32666;32666;32666
60;2014-06-19 14:43:00;909402N262;5483;32.756;51;236;235;236;236;7.841;50.00;514.4;4.262;614.7;2.540;737.5;2.500;60;0;0;7.791;7.880;7.854;1821;1852;1830;50.00;50.00;50.00;11111;1000;0.0;0;0.0000;0;0;32756;32756;32756
60;2014-06-19 14:44:00;909402N262;4605;32.833;50;236;235;236;236;6.564;49.99;515.0;3.560;612.8;2.049;737.2;2.145;60;0;0;6.516;6.599;6.579;1518;1550;1537;49.99;49.99;49.99;11111;1000;0.0;0;0.0000;0;0;32833;32833;32833
60;2014-06-19 14:45:00;909402N262;5055;32.917;50;236;235;236;236;7.184;50.00;516.8;3.892;616.1;2.256;740.0;2.329;60;0;0;7.110;7.259;7.185;1657;1697;1689;50.00;50.00;50.00;11111;1000;0.0;0;0.0000;0;0;32917;32917;32917
60;2014-06-19 14:46:00;909402N262;4787;32.997;50;236;235;236;237;6.840;49.99;514.8;3.710;612.7;2.143;734.1;2.236;60;0;0;6.771;6.879;6.870;1579;1604;1609;49.99;50.00;50.00;11111;1000;0.0;0;0.0000;0;0;32997;32997;32997
60;2014-06-19 14:47:00;909402N262;7071;33.117;50;236;236;236;237;9.923;50.00;519.6;5.334;622.2;3.111;750.2;3.261;60;0;0;9.895;9.884;9.992;2321;2352;2377;50.00;50.00;50.00;11111;1000;0.0;0;0.0000;0;0;33117;33117;33117
60;2014-06-19 14:48:00;909402N262;7038;33.233;50;236;236;236;237;9.954;50.00;518.3;5.336;620.4;3.153;748.8;3.221;60;0;0;9.893;9.966;10.003;2326;2352;2367;50.00;50.00;50.00;11111;1000;0.0;0;0.0000;0;0;33233;33233;33233
60;2014-06-19 14:49:00;909402N262;9518;33.392;50;237;236;237;237;13.380;50.00;513.4;7.147;621.7;4.286;751.5;4.433;60;0;0;13.312;13.431;13.398;3140;3181;3181;50.00;50.00;50.00;11111;1000;0.0;0;0.0000;0;0;33392;33392;33392
60;2014-06-19 14:50:00;909402N262;9105;33.544;50;237;236;237;237;12.918;50.01;509.4;6.916;617.8;4.220;747.3;4.251;60;0;0;12.824;12.990;12.941;3025;3065;3044;50.01;50.01;50.01;11111;1000;0.0;0;0.0000;0;0;33544;33544;33544
60;2014-06-19 14:51:00;909402N262;7321;33.666;50;237;236;237;237;10.312;50.01;511.9;5.544;614.8;3.247;744.5;3.463;60;0;0;10.236;10.379;10.323;2407;2450;2450;50.01;50.01;50.01;11111;1000;0.0;0;0.0000;0;0;33666;33666;33666
60;2014-06-19 14:52:00;909402N262;9063;33.816;50;237;236;237;237;12.811;50.02;507.2;6.864;613.8;4.159;745.6;4.311;60;0;0;12.733;12.901;12.801;3009;3053;3029;50.02;50.02;50.02;11111;1000;0.0;0;0.0000;0;0;33816;33816;33816
60;2014-06-19 14:53:00;909402N262;10450;33.992;50;237;237;237;237;14.631;50.00;502.7;7.976;611.4;4.812;743.7;4.898;60;0;0;14.587;14.672;14.634;3451;3482;3487;50.00;50.00;50.00;11111;1000;0.0;0;0.0000;0;0;33992;33992;33992
60;2014-06-19 14:54:00;909402N262;9658;34.151;50;237;237;237;237;13.645;50.01;500.1;7.342;610.9;4.367;741.1;4.744;60;0;0;13.607;13.697;13.631;3218;3226;3225;50.01;50.01;50.01;11111;1000;0.0;0;0.0000;0;0;34151;34151;34151
60;2014-06-19 14:55:00;909402N262;7627;34.279;50;236;236;236;237;10.824;50.00;500.4;5.861;607.0;3.425;734.6;3.753;60;0;0;10.770;10.862;10.840;2537;2550;2557;50.00;50.00;50.00;11111;1000;0.0;0;0.0000;0;0;34279;34279;34279
60;2014-06-19 14:56:00;909402N262;10295;34.452;51;237;237;236;238;14.379;50.00;497.7;8.003;606.1;4.804;736.6;4.799;60;0;0;14.356;14.342;14.440;3399;3401;3453;50.00;50.00;50.00;11111;1000;0.0;0;0.0000;0;0;34452;34452;34452
60;2014-06-19 14:57:00;909402N262;7519;34.576;51;236;236;235;237;10.754;50.01;497.6;5.962;601.5;3.658;727.1;3.489;60;0;0;10.689;10.816;10.758;2512;2501;2530;50.01;50.01;50.01;11111;1000;0.0;0;0.0000;0;0;34576;34576;34576
60;2014-06-19 14:58:00;909402N262;6874;34.690;51;236;236;235;238;9.720;50.00;501.4;5.479;601.2;3.292;728.7;3.074;60;0;0;9.683;9.681;9.796;2275;2272;2321;50.00;50.00;50.00;11111;1000;0.0;0;0.0000;0;0;34690;34690;34690
60;2014-06-19 14:59:00;909402N262;6140;34.793;51;236;236;236;238;8.638;49.98;502.0;4.758;602.4;2.745;731.5;2.955;60;0;0;8.607;8.624;8.685;2021;2026;2067;49.98;49.99;49.98;11111;1000;0.0;0;0.0000;0;0;34793;34793;34793
60;2014-06-19 15:00:00;909402N262;6273;34.897;51;236;236;236;237;8.919;49.97;504.2;4.884;604.5;2.903;731.1;2.968;60;0;0;8.859;8.948;8.952;2078;2099;2106;49.97;49.97;49.97;11111;1000;0.0;0;0.0000;0;0;34897;34897;34897
[wr_ende]
