20140621;170004;danfoss;My Plant;+0100
[wr_def_start]
909402N262;Inverter Type;Inverter Group;Hanzl
[wr_def_end]
[wr]
INTERVAL;TIMESTAMP;SERIAL;P_AC;E_DAY;T_WR;U_AC;U_AC_1;U_AC_2;U_AC_3;I_AC;F_AC;U_DC_1;I_DC_1;U_DC_2;I_DC_2;U_DC_3;I_DC_3;S;E_WR;M_WR;I_AC_1;I_AC_2;I_AC_3;P_AC_1;P_AC_2;P_AC_3;F_AC_1;F_AC_2;F_AC_3;R_DC;PC;PCS;PCS_LL;COS_PHI;COS_PHI_LL;S_COS_PHI;Current_Day_Energy;current_Day_Offset;ccEnergyOfDay_WithoutOffset
60;2014-06-21 16:01:00;909402N262;3689;38.207;50;235;235;235;236;5.284;50.00;529.5;2.968;606.4;1.649;764.9;1.545;60;0;0;5.234;5.304;5.315;1215;1240;1236;50.00;50.00;50.00;10915;1000;0.0;0;0.0000;0;0;38207;38207;38207
60;2014-06-21 16:02:00;909402N262;5012;38.290;50;236;236;235;236;7.124;50.02;530.2;4.031;631.9;2.225;769.1;2.023;60;0;0;7.094;7.138;7.142;1662;1677;1671;50.02;50.02;50.02;10915;1000;0.0;0;0.0000;0;0;38290;38290;38290
60;2014-06-21 16:03:00;909402N262;5803;38.387;50;236;236;235;236;8.259;50.02;526.2;4.651;634.7;2.519;774.9;2.417;60;0;0;8.215;8.312;8.252;1926;1942;1933;50.02;50.02;50.02;10915;1000;0.0;0;0.0000;0;0;38387;38387;38387
60;2014-06-21 16:04:00;909402N262;5326;38.475;49;236;236;235;236;7.581;50.01;528.6;4.273;633.1;2.332;773.2;2.187;60;0;0;7.533;7.636;7.576;1766;1783;1773;50.01;50.01;50.01;10915;1000;0.0;0;0.0000;0;0;38475;38475;38475
60;2014-06-21 16:05:00;909402N262;6571;38.586;49;236;236;236;236;9.303;50.01;525.5;5.231;636.4;2.804;777.2;2.721;60;0;0;9.269;9.340;9.301;2184;2200;2186;50.01;50.01;50.01;10915;1000;0.0;0;0.0000;0;0;38586;38586;38586
60;2014-06-21 16:06:00;909402N262;5366;38.675;49;235;236;235;235;7.650;50.00;530.0;4.268;634.4;2.301;774.7;2.227;60;0;0;7.597;7.689;7.665;1778;1794;1792;50.00;50.00;50.00;10915;1000;0.0;0;0.0000;0;0;38675;38675;38675
60;2014-06-21 16:07:00;909402N262;7848;38.807;49;236;236;235;236;11.090;50.00;524.2;6.274;640.4;3.481;780.5;3.160;60;0;0;11.075;11.092;11.103;2613;2622;2611;50.00;50.00;50.00;10915;1000;0.0;0;0.0000;0;0;38807;38807;38807
60;2014-06-21 16:08:00;909402N262;8092;38.943;49;236;237;235;236;11.470;50.00;521.2;6.326;637.2;3.375;780.6;3.580;60;0;0;11.436;11.543;11.433;2703;2702;2688;50.00;50.00;50.00;10915;1000;0.0;0;0.0000;0;0;38943;38943;38943
60;2014-06-21 16:09:00;909402N262;7005;39.060;49;236;236;235;235;9.954;49.99;521.1;5.553;635.4;3.034;775.8;2.980;60;0;0;9.942;9.981;9.941;2343;2342;2331;49.99;49.99;49.99;10915;1000;0.0;0;0.0000;0;0;39060;39060;39060
60;2014-06-21 16:10:00;909402N262;5367;39.148;49;235;236;235;235;7.661;49.99;526.3;4.235;632.6;2.303;770.3;2.280;60;0;0;7.640;7.692;7.653;1788;1795;1782;49.99;49.99;49.99;10915;1000;0.0;0;0.0000;0;0;39148;39148;39148
60;2014-06-21 16:11:00;909402N262;8993;39.299;49;236;237;236;235;12.727;50.00;517.5;7.119;637.9;3.776;779.2;3.925;60;0;0;12.715;12.774;12.694;3004;3006;2982;50.00;50.00;50.00;10915;1000;0.0;0;0.0000;0;0;39299;39299;39299
60;2014-06-21 16:12:00;909402N262;8582;39.442;49;236;237;236;236;12.149;50.01;515.7;6.830;635.6;3.632;777.0;3.731;60;0;0;12.122;12.197;12.128;2862;2868;2850;50.01;50.01;50.01;10915;1000;0.0;0;0.0000;0;0;39442;39442;39442
60;2014-06-21 16:13:00;909402N262;6498;39.550;50;236;236;236;236;9.225;50.01;518.8;5.206;629.8;2.800;768.7;2.768;60;0;0;9.173;9.274;9.228;2156;2173;2166;50.01;50.01;50.01;10915;1000;0.0;0;0.0000;0;0;39550;39550;39550
60;2014-06-21 16:14:00;909402N262;6263;39.654;50;236;236;235;236;8.915;50.00;517.9;4.954;630.7;2.582;770.5;2.778;60;0;0;8.837;9.004;8.905;2074;2095;2089;50.00;50.00;50.00;10915;1000;0.0;0;0.0000;0;0;39654;39654;39654
60;2014-06-21 16:15:00;909402N262;6921;39.769;50;236;236;235;236;9.824;50.01;519.7;5.528;634.1;2.889;774.9;3.006;60;0;0;9.772;9.872;9.828;2296;2314;2308;50.01;50.01;50.01;10915;1000;0.0;0;0.0000;0;0;39769;39769;39769
60;2014-06-21 16:16:00;909402N262;2922;39.818;50;235;235;235;235;4.223;50.00;521.9;2.404;598.9;1.311;749.7;1.226;60;0;0;4.161;4.269;4.239;960;981;978;50.00;50.00;50.00;10915;1000;0.0;0;0.0000;0;0;39818;39818;39818
60;2014-06-21 16:17:00;909402N262;4347;39.890;50;235;236;235;235;6.180;50.01;526.4;3.502;629.0;1.874;764.4;1.802;60;0;0;6.136;6.194;6.211;1438;1456;1454;50.01;50.01;50.01;10915;1000;0.0;0;0.0000;0;0;39890;39890;39890
60;2014-06-21 16:18:00;909402N262;5695;39.985;50;236;236;236;236;8.087;50.00;526.4;4.505;634.8;2.395;774.2;2.414;60;0;0;8.010;8.177;8.074;1883;1905;1897;50.00;50.00;50.00;10915;1000;0.0;0;0.0000;0;0;39985;39985;39985
60;2014-06-21 16:19:00;909402N262;3950;40.051;49;235;235;235;235;5.628;50.01;528.2;3.158;629.1;1.738;760.8;1.584;60;0;0;5.555;5.691;5.638;1297;1323;1316;50.01;50.01;50.01;10915;1000;0.0;0;0.0000;0;0;40051;40051;40051
60;2014-06-21 16:20:00;909402N262;2490;40.092;49;235;235;235;236;3.584;50.01;524.2;2.016;622.3;1.072;752.9;1.052;60;0;0;3.523;3.625;3.605;815;838;835;50.01;50.01;50.01;10915;1000;0.0;0;0.0000;0;0;40092;40092;40092
60;2014-06-21 16:21:00;909402N262;2508;40.134;49;235;235;235;235;3.612;50.00;527.2;2.027;624.8;1.071;758.0;1.051;60;0;0;3.555;3.653;3.630;823;845;840;50.00;50.00;50.00;10915;1000;0.0;0;0.0000;0;0;40134;40134;40134
60;2014-06-21 16:22:00;909402N262;2657;40.179;49;235;235;235;235;3.822;49.99;529.7;2.143;628.8;1.115;760.4;1.117;60;0;0;3.762;3.865;3.839;871;895;889;49.99;49.99;49.99;10915;1000;0.0;0;0.0000;0;0;40179;40179;40179
60;2014-06-21 16:23:00;909402N262;2973;40.227;49;235;235;235;235;4.246;50.00;534.3;2.391;632.2;1.240;763.3;1.237;60;0;0;4.200;4.258;4.280;975;1001;995;50.00;50.00;50.00;10915;1000;0.0;0;0.0000;0;0;40227;40227;40227
60;2014-06-21 16:24:00;909402N262;4716;40.306;49;236;236;236;236;6.671;50.01;540.7;3.710;643.3;1.902;779.5;1.984;60;0;0;6.656;6.639;6.718;1560;1582;1576;50.01;50.01;50.01;10915;1000;0.0;0;0.0000;0;0;40306;40306;40306
60;2014-06-21 16:25:00;909402N262;8877;40.454;49;236;236;236;236;12.510;50.00;533.0;6.946;652.6;3.550;794.9;3.788;60;0;0;12.468;12.558;12.506;2950;2969;2957;50.00;50.00;50.00;10915;1000;0.0;0;0.0000;0;0;40454;40454;40454
60;2014-06-21 16:26:00;909402N262;8894;40.602;49;236;236;236;236;12.545;50.00;528.1;7.012;648.5;3.585;794.4;3.798;60;0;0;12.497;12.598;12.540;2955;2972;2965;50.00;50.00;50.00;10915;1000;0.0;0;0.0000;0;0;40602;40602;40602
60;2014-06-21 16:27:00;909402N262;8536;40.744;49;236;236;236;236;12.051;49.98;525.3;6.771;644.6;3.469;787.5;3.661;60;0;0;12.006;12.073;12.075;2834;2845;2854;49.98;49.98;49.98;10915;1000;0.0;0;0.0000;0;0;40744;40744;40744
60;2014-06-21 16:28:00;909402N262;8307;40.883;49;236;236;235;237;11.731;49.98;522.0;6.619;641.7;3.402;781.9;3.607;60;0;0;11.706;11.721;11.767;2764;2759;2786;49.98;49.98;49.98;10915;1000;0.0;0;0.0000;0;0;40883;40883;40883
60;2014-06-21 16:29:00;909402N262;8264;41.020;49;236;236;235;237;11.677;49.98;520.7;6.573;640.7;3.337;780.7;3.633;60;0;0;11.653;11.667;11.713;2749;2741;2771;49.98;49.98;49.98;10915;1000;0.0;0;0.0000;0;0;41020;41020;41020
60;2014-06-21 16:30:00;909402N262;3269;41.075;49;235;235;234;236;4.685;49.99;520.9;2.650;624.7;1.384;761.5;1.387;60;0;0;4.633;4.712;4.712;1077;1090;1099;49.99;49.99;49.99;10915;1000;0.0;0;0.0000;0;0;41075;41075;41075
60;2014-06-21 16:31:00;909402N262;2809;41.122;49;235;235;234;236;4.034;50.00;519.7;2.308;606.2;1.223;759.8;1.192;60;0;0;3.977;4.062;4.063;924;937;946;50.00;50.00;50.00;10915;1000;0.0;0;0.0000;0;0;41122;41122;41122
60;2014-06-21 16:32:00;909402N262;3013;41.171;49;235;236;234;236;4.322;49.99;524.4;2.433;628.1;1.288;765.5;1.260;60;0;0;4.270;4.345;4.351;993;1004;1015;49.99;49.99;49.99;10915;1000;0.0;0;0.0000;0;0;41171;41171;41171
60;2014-06-21 16:33:00;909402N262;3349;41.228;49;236;236;235;237;4.787;49.99;526.3;2.680;632.9;1.427;771.9;1.394;60;0;0;4.739;4.810;4.813;1105;1116;1126;49.99;49.99;49.99;10915;1000;0.0;0;0.0000;0;0;41228;41228;41228
60;2014-06-21 16:34:00;909402N262;4491;41.303;49;236;236;235;237;6.394;49.99;539.5;3.447;638.3;1.870;777.9;1.897;60;0;0;6.344;6.430;6.410;1487;1494;1507;49.99;49.99;49.99;10915;1000;0.0;0;0.0000;0;0;41303;41303;41303
60;2014-06-21 16:35:00;909402N262;3562;41.362;49;235;235;235;236;5.091;50.00;543.4;2.713;636.2;1.517;774.7;1.490;60;0;0;5.029;5.128;5.116;1172;1189;1199;50.00;50.00;50.00;10915;1000;0.0;0;0.0000;0;0;41362;41362;41362
60;2014-06-21 16:36:00;909402N262;3164;41.415;49;235;236;235;236;4.535;49.99;532.8;2.456;635.1;1.371;759.9;1.342;60;0;0;4.479;4.572;4.556;1041;1058;1063;49.99;49.99;49.99;10915;1000;0.0;0;0.0000;0;0;41415;41415;41415
60;2014-06-21 16:37:00;909402N262;3097;41.467;49;236;236;235;236;4.433;50.00;535.2;2.397;636.4;1.344;771.9;1.286;60;0;0;4.383;4.466;4.450;1021;1036;1038;50.00;50.00;50.00;10915;1000;0.0;0;0.0000;0;0;41467;41467;41467
60;2014-06-21 16:38:00;909402N262;3313;41.522;49;236;236;235;236;4.739;49.99;536.9;2.559;638.6;1.413;774.3;1.385;60;0;0;4.689;4.766;4.762;1093;1106;1113;49.99;49.99;49.99;10915;1000;0.0;0;0.0000;0;0;41522;41522;41522
60;2014-06-21 16:39:00;909402N262;3081;41.573;48;236;236;235;236;4.410;50.01;535.1;2.392;637.3;1.325;767.8;1.288;60;0;0;4.358;4.445;4.427;1015;1031;1033;50.01;50.01;50.01;10915;1000;0.0;0;0.0000;0;0;41573;41573;41573
60;2014-06-21 16:40:00;909402N262;5014;41.656;48;236;236;235;236;7.084;50.01;538.5;3.891;645.7;2.098;777.7;2.077;60;0;0;7.064;7.062;7.126;1660;1676;1677;50.01;50.01;50.01;10915;1000;0.0;0;0.0000;0;0;41656;41656;41656
60;2014-06-21 16:41:00;909402N262;3311;41.711;48;236;236;235;236;4.735;50.00;536.8;2.554;639.1;1.427;770.3;1.378;60;0;0;4.679;4.778;4.748;1090;1110;1109;50.00;50.00;50.00;10915;1000;0.0;0;0.0000;0;0;41711;41711;41711
60;2014-06-21 16:42:00;909402N262;4280;41.782;48;236;236;235;236;6.091;49.99;539.0;3.282;643.7;1.792;777.5;1.810;60;0;0;6.054;6.102;6.118;1419;1433;1435;49.99;49.99;49.99;10915;1000;0.0;0;0.0000;0;0;41782;41782;41782
60;2014-06-21 16:43:00;909402N262;2909;41.831;48;236;236;235;236;4.175;49.99;537.4;2.252;637.4;1.280;769.7;1.185;60;0;0;4.123;4.212;4.192;958;975;974;49.99;49.99;49.99;10915;1000;0.0;0;0.0000;0;0;41831;41831;41831
60;2014-06-21 16:44:00;909402N262;2871;41.880;48;235;236;235;236;4.119;49.99;538.0;2.214;637.8;1.263;770.3;1.173;60;0;0;4.064;4.155;4.138;945;961;962;49.99;49.99;49.99;10915;1000;0.0;0;0.0000;0;0;41880;41880;41880
60;2014-06-21 16:45:00;909402N262;3167;41.931;48;236;236;235;236;4.531;50.00;538.7;2.435;641.0;1.371;773.3;1.305;60;0;0;4.482;4.571;4.540;1045;1061;1058;50.00;50.00;50.00;10915;1000;0.0;0;0.0000;0;0;41931;41931;41931
60;2014-06-21 16:46:00;909402N262;3091;41.983;48;236;236;235;236;4.423;50.00;534.3;2.412;626.3;1.357;766.9;1.291;60;0;0;4.371;4.468;4.431;1018;1039;1031;50.00;50.00;50.00;10915;1000;0.0;0;0.0000;0;0;41983;41983;41983
60;2014-06-21 16:47:00;909402N262;3002;42.034;48;235;236;235;235;4.303;49.99;539.4;2.331;640.0;1.318;772.0;1.208;60;0;0;4.260;4.343;4.307;991;1009;1000;49.99;49.99;49.99;10915;1000;0.0;0;0.0000;0;0;42034;42034;42034
60;2014-06-21 16:48:00;909402N262;3392;42.090;48;236;236;236;235;4.835;50.00;540.5;2.642;641.5;1.466;776.5;1.363;60;0;0;4.793;4.869;4.845;1119;1141;1129;50.00;50.00;50.00;10915;1000;0.0;0;0.0000;0;0;42090;42090;42090
60;2014-06-21 16:49:00;909402N262;2601;42.133;48;235;236;235;235;3.741;50.00;539.8;2.016;637.3;1.144;772.0;1.048;60;0;0;3.684;3.786;3.755;854;876;869;50.00;50.00;50.00;10915;1000;0.0;0;0.0000;0;0;42133;42133;42133
60;2014-06-21 16:50:00;909402N262;2636;42.177;48;236;236;236;235;3.789;50.01;543.5;2.021;638.4;1.164;772.0;1.063;60;0;0;3.733;3.841;3.795;866;889;879;50.01;50.01;50.01;10915;1000;0.0;0;0.0000;0;0;42177;42177;42177
60;2014-06-21 16:51:00;909402N262;2598;42.221;48;235;236;235;235;3.735;50.01;541.5;1.999;638.5;1.152;768.9;1.047;60;0;0;3.680;3.782;3.744;853;876;867;50.01;50.01;50.01;10915;1000;0.0;0;0.0000;0;0;42221;42221;42221
60;2014-06-21 16:52:00;909402N262;2555;42.263;47;235;236;235;235;3.677;50.00;536.9;1.986;638.4;1.132;768.3;1.028;60;0;0;3.623;3.724;3.684;839;863;853;50.00;50.00;50.00;10915;1000;0.0;0;0.0000;0;0;42263;42263;42263
60;2014-06-21 16:53:00;909402N262;2512;42.305;47;235;235;235;235;3.617;50.01;531.3;1.973;639.2;1.111;766.1;1.014;60;0;0;3.559;3.662;3.630;824;847;840;50.01;50.01;50.01;10915;1000;0.0;0;0.0000;0;0;42305;42305;42305
60;2014-06-21 16:54:00;909402N262;2524;42.347;47;235;235;235;235;3.635;50.01;530.7;1.991;640.4;1.112;773.7;1.009;60;0;0;3.568;3.682;3.656;826;851;846;50.01;50.01;50.01;10915;1000;0.0;0;0.0000;0;0;42347;42347;42347
60;2014-06-21 16:55:00;909402N262;2667;42.391;47;235;235;235;235;3.834;50.01;530.8;2.110;641.2;1.161;777.8;1.065;60;0;0;3.777;3.875;3.852;875;897;893;50.01;50.01;50.01;10915;1000;0.0;0;0.0000;0;0;42391;42391;42391
60;2014-06-21 16:56:00;909402N262;2837;42.439;47;236;236;235;236;4.069;50.01;531.5;2.253;643.5;1.221;776.8;1.135;60;0;0;4.011;4.113;4.084;932;954;949;50.01;50.01;50.01;10915;1000;0.0;0;0.0000;0;0;42439;42439;42439
60;2014-06-21 16:57:00;909402N262;2822;42.486;47;236;236;235;236;4.048;50.01;531.3;2.259;643.5;1.212;771.3;1.129;60;0;0;3.984;4.096;4.064;927;949;944;50.01;50.01;50.01;10915;1000;0.0;0;0.0000;0;0;42486;42486;42486
60;2014-06-21 16:58:00;909402N262;2738;42.530;47;236;236;235;236;3.929;50.02;531.8;2.202;642.9;1.175;767.8;1.092;60;0;0;3.866;3.973;3.950;898;920;918;50.02;50.02;50.02;10915;1000;0.0;0;0.0000;0;0;42530;42530;42530
60;2014-06-21 16:59:00;909402N262;2639;42.575;47;235;236;235;236;3.795;50.02;532.3;2.128;643.3;1.127;771.6;1.046;60;0;0;3.730;3.838;3.819;865;887;885;50.02;50.02;50.02;10915;1000;0.0;0;0.0000;0;0;42575;42575;42575
60;2014-06-21 17:00:00;909402N262;2935;42.624;47;236;236;235;236;4.200;50.03;537.5;2.352;646.2;1.262;780.5;1.143;60;0;0;4.144;4.224;4.233;964;983;986;50.03;50.03;50.03;10915;1000;0.0;0;0.0000;0;0;42624;42624;42624
[wr_ende]
