20140418;150004;danfoss;My Plant;+0100
[wr_def_start]
909402N262;Inverter Type;Inverter Group;Hanzl
[wr_def_end]
[wr]
INTERVAL;TIMESTAMP;SERIAL;P_AC;E_DAY;T_WR;U_AC;U_AC_1;U_AC_2;U_AC_3;I_AC;F_AC;U_DC_1;I_DC_1;U_DC_2;I_DC_2;U_DC_3;I_DC_3;S;E_WR;M_WR;I_AC_1;I_AC_2;I_AC_3;P_AC_1;P_AC_2;P_AC_3;F_AC_1;F_AC_2;F_AC_3;R_DC;PC;PCS;PCS_LL;COS_PHI;COS_PHI_LL;S_COS_PHI;Current_Day_Energy;current_Day_Offset;ccEnergyOfDay_WithoutOffset
60;2014-04-18 14:01:00;909402N262;10541;39.817;51;234;234;234;234;14.992;49.96;493.7;8.287;602.8;4.763;735.5;5.113;60;0;0;14.983;14.976;15.019;3506;3511;3522;49.96;49.96;49.96;11312;1000;0.0;0;0.0000;0;0;39817;39817;39817
60;2014-04-18 14:02:00;909402N262;10646;39.995;51;234;234;234;234;15.169;49.94;496.5;8.318;613.0;4.763;739.6;5.120;60;0;0;15.152;15.169;15.188;3543;3543;3558;49.94;49.94;49.94;11312;1000;0.0;0;0.0000;0;0;39995;39995;39995
60;2014-04-18 14:03:00;909402N262;10649;40.172;51;234;234;234;234;15.177;49.94;495.6;8.334;612.3;4.772;739.1;5.128;60;0;0;15.141;15.220;15.171;3540;3560;3547;49.94;49.94;49.94;11312;1000;0.0;0;0.0000;0;0;40172;40172;40172
60;2014-04-18 14:04:00;909402N262;10659;40.350;51;234;234;234;234;15.185;49.94;495.2;8.344;611.9;4.779;738.9;5.138;60;0;0;15.155;15.229;15.173;3545;3565;3546;49.94;49.94;49.94;11312;1000;0.0;0;0.0000;0;0;40350;40350;40350
60;2014-04-18 14:05:00;909402N262;10646;40.527;51;234;234;234;234;15.173;49.94;494.3;8.348;610.8;4.783;738.0;5.138;60;0;0;15.161;15.206;15.153;3547;3557;3539;49.94;49.94;49.94;11312;1000;0.0;0;0.0000;0;0;40527;40527;40527
60;2014-04-18 14:06:00;909402N262;10618;40.704;51;234;234;234;234;15.144;49.96;493.5;8.343;609.2;4.783;736.5;5.135;60;0;0;15.108;15.187;15.139;3528;3553;3536;49.96;49.96;49.96;11312;1000;0.0;0;0.0000;0;0;40704;40704;40704
60;2014-04-18 14:07:00;909402N262;10597;40.881;51;234;234;234;234;15.107;49.96;493.0;8.337;608.1;4.778;735.2;5.132;60;0;0;15.065;15.150;15.106;3519;3546;3530;49.96;49.96;49.96;11312;1000;0.0;0;0.0000;0;0;40881;40881;40881
60;2014-04-18 14:08:00;909402N262;10589;41.056;51;234;234;234;234;15.095;49.99;492.5;8.336;607.5;4.776;735.3;5.131;60;0;0;15.057;15.131;15.099;3518;3542;3527;49.99;49.99;49.99;11312;1000;0.0;0;0.0000;0;0;41056;41056;41056
60;2014-04-18 14:09:00;909402N262;10590;41.234;51;234;234;234;234;15.098;49.99;492.5;8.341;607.4;4.777;735.7;5.128;60;0;0;15.064;15.145;15.087;3520;3545;3523;49.99;49.99;49.99;11312;1000;0.0;0;0.0000;0;0;41234;41234;41234
60;2014-04-18 14:10:00;909402N262;10575;41.411;51;234;234;234;234;15.070;49.99;492.4;8.333;607.4;4.772;734.9;5.120;60;0;0;15.035;15.129;15.048;3513;3545;3515;49.99;49.99;49.99;11312;1000;0.0;0;0.0000;0;0;41411;41411;41411
60;2014-04-18 14:11:00;909402N262;10565;41.586;51;234;234;234;234;15.067;49.99;492.0;8.334;607.4;4.769;734.2;5.120;60;0;0;15.025;15.143;15.033;3508;3545;3510;49.99;49.99;49.99;11312;1000;0.0;0;0.0000;0;0;41586;41586;41586
60;2014-04-18 14:12:00;909402N262;10563;41.762;51;234;233;234;234;15.070;49.99;493.0;8.326;607.8;4.761;734.7;5.113;60;0;0;15.006;15.157;15.048;3500;3548;3513;49.99;49.99;49.99;11312;1000;0.0;0;0.0000;0;0;41762;41762;41762
60;2014-04-18 14:13:00;909402N262;10581;41.939;51;234;234;235;234;15.072;49.99;493.7;8.329;608.0;4.760;736.2;5.114;60;0;0;15.009;15.152;15.056;3507;3553;3519;49.99;49.99;49.99;11312;1000;0.0;0;0.0000;0;0;41939;41939;41939
60;2014-04-18 14:14:00;909402N262;10603;42.114;51;234;234;235;234;15.106;50.00;494.2;8.349;607.7;4.767;736.8;5.120;60;0;0;15.046;15.183;15.091;3515;3559;3526;50.00;50.00;50.00;11312;1000;0.0;0;0.0000;0;0;42114;42114;42114
60;2014-04-18 14:15:00;909402N262;10590;42.292;51;234;234;235;234;15.085;50.01;494.3;8.342;607.2;4.763;736.4;5.114;60;0;0;15.031;15.170;15.055;3513;3557;3518;50.01;50.01;50.01;11312;1000;0.0;0;0.0000;0;0;42292;42292;42292
60;2014-04-18 14:16:00;909402N262;10512;42.467;51;234;234;235;234;14.982;50.00;492.8;8.324;603.1;4.762;730.2;5.122;60;0;0;14.915;15.080;14.951;3486;3528;3495;50.00;50.00;50.00;11312;1000;0.0;0;0.0000;0;0;42467;42467;42467
60;2014-04-18 14:17:00;909402N262;10598;42.645;51;234;234;235;234;15.101;50.01;496.3;8.329;607.9;4.754;737.0;5.110;60;0;0;15.047;15.177;15.079;3516;3558;3522;50.01;50.01;50.01;11312;1000;0.0;0;0.0000;0;0;42645;42645;42645
60;2014-04-18 14:18:00;909402N262;10610;42.824;51;234;234;234;234;15.117;50.01;496.7;8.340;608.6;4.754;736.8;5.113;60;0;0;15.075;15.181;15.096;3526;3556;3527;50.01;50.01;50.01;11312;1000;0.0;0;0.0000;0;0;42824;42824;42824
60;2014-04-18 14:19:00;909402N262;10618;43.001;51;234;234;234;234;15.139;50.00;496.7;8.351;609.0;4.754;736.7;5.114;60;0;0;15.085;15.201;15.131;3524;3558;3534;50.00;50.00;50.00;11312;1000;0.0;0;0.0000;0;0;43001;43001;43001
60;2014-04-18 14:20:00;909402N262;10628;43.178;51;234;234;234;234;15.130;50.01;498.1;8.347;610.1;4.746;738.2;5.104;60;0;0;15.084;15.185;15.121;3529;3559;3537;50.01;50.01;50.01;11312;1000;0.0;0;0.0000;0;0;43178;43178;43178
60;2014-04-18 14:21:00;909402N262;10642;43.355;51;234;234;235;234;15.149;50.01;498.7;8.344;610.1;4.746;739.4;5.112;60;0;0;15.099;15.212;15.138;3532;3567;3541;50.01;50.01;50.01;11312;1000;0.0;0;0.0000;0;0;43355;43355;43355
60;2014-04-18 14:22:00;909402N262;10644;43.533;51;234;234;235;234;15.143;49.99;498.0;8.351;608.9;4.756;739.2;5.116;60;0;0;15.099;15.207;15.123;3537;3569;3537;50.00;50.00;50.00;11312;1000;0.0;0;0.0000;0;0;43533;43533;43533
60;2014-04-18 14:23:00;909402N262;10657;43.710;51;234;234;235;234;15.162;50.01;497.5;8.368;608.3;4.766;738.9;5.126;60;0;0;15.139;15.216;15.132;3547;3570;3539;50.01;50.01;50.01;11312;1000;0.0;0;0.0000;0;0;43710;43710;43710
60;2014-04-18 14:24:00;909402N262;10645;43.888;51;235;235;235;234;15.125;50.02;497.3;8.365;608.2;4.758;739.4;5.119;60;0;0;15.097;15.179;15.100;3540;3565;3538;50.02;50.02;50.02;11312;1000;0.0;0;0.0000;0;0;43888;43888;43888
60;2014-04-18 14:25:00;909402N262;10611;44.064;51;234;234;235;234;15.091;50.01;496.5;8.353;607.1;4.752;738.4;5.109;60;0;0;15.048;15.172;15.055;3524;3563;3522;50.01;50.01;50.01;11312;1000;0.0;0;0.0000;0;0;44064;44064;44064
60;2014-04-18 14:26:00;909402N262;10599;44.242;51;234;235;235;234;15.072;50.01;495.8;8.353;606.9;4.749;737.4;5.109;60;0;0;15.029;15.167;15.020;3524;3565;3509;50.01;50.01;50.01;11312;1000;0.0;0;0.0000;0;0;44242;44242;44242
60;2014-04-18 14:27:00;909402N262;10603;44.418;51;234;235;235;233;15.090;50.02;495.9;8.355;607.6;4.747;738.0;5.105;60;0;0;15.047;15.216;15.008;3529;3575;3496;50.02;50.02;50.02;11312;1000;0.0;0;0.0000;0;0;44418;44418;44418
60;2014-04-18 14:28:00;909402N262;10612;44.595;51;234;235;235;233;15.102;50.01;496.4;8.357;608.3;4.745;738.4;5.106;60;0;0;15.109;15.184;15.015;3549;3561;3500;50.01;50.01;50.01;11312;1000;0.0;0;0.0000;0;0;44595;44595;44595
60;2014-04-18 14:29:00;909402N262;10606;44.772;51;234;235;235;233;15.098;50.01;496.0;8.355;608.5;4.740;738.5;5.105;60;0;0;15.099;15.178;15.019;3545;3558;3500;50.01;50.01;50.01;11312;1000;0.0;0;0.0000;0;0;44772;44772;44772
60;2014-04-18 14:30:00;909402N262;10601;44.948;51;234;235;235;233;15.095;50.00;496.2;8.353;608.7;4.734;738.2;5.103;60;0;0;15.118;15.168;15.000;3552;3556;3491;50.00;50.00;50.00;11312;1000;0.0;0;0.0000;0;0;44948;44948;44948
60;2014-04-18 14:31:00;909402N262;10478;45.124;51;234;235;234;233;14.932;49.99;491.9;8.336;602.2;4.720;737.0;5.099;60;0;0;14.960;14.996;14.842;3513;3510;3452;49.99;49.99;49.99;11312;1000;0.0;0;0.0000;0;0;45124;45124;45124
60;2014-04-18 14:32:00;909402N262;10573;45.297;51;234;235;233;233;15.088;49.98;495.3;8.349;609.1;4.721;737.4;5.092;60;0;0;15.139;15.109;15.018;3555;3521;3495;49.98;49.98;49.98;11312;1000;0.0;0;0.0000;0;0;45297;45297;45297
60;2014-04-18 14:33:00;909402N262;10586;45.473;51;234;235;233;233;15.104;49.98;496.4;8.348;609.8;4.718;737.8;5.092;60;0;0;15.152;15.154;15.008;3557;3536;3491;49.98;49.98;49.98;11312;1000;0.0;0;0.0000;0;0;45473;45473;45473
60;2014-04-18 14:34:00;909402N262;10594;45.650;51;234;235;233;233;15.122;50.00;497.0;8.351;609.8;4.716;738.8;5.090;60;0;0;15.170;15.144;15.054;3560;3531;3502;50.00;50.00;50.00;11312;1000;0.0;0;0.0000;0;0;45650;45650;45650
60;2014-04-18 14:35:00;909402N262;10609;45.827;51;234;234;234;233;15.131;50.00;496.8;8.364;609.9;4.719;739.0;5.099;60;0;0;15.155;15.188;15.051;3552;3554;3501;50.00;50.00;50.00;11312;1000;0.0;0;0.0000;0;0;45827;45827;45827
60;2014-04-18 14:36:00;909402N262;10621;46.003;51;234;234;234;232;15.157;49.99;496.3;8.384;609.5;4.728;738.1;5.109;60;0;0;15.189;15.228;15.054;3557;3564;3499;49.99;49.99;49.99;11312;1000;0.0;0;0.0000;0;0;46003;46003;46003
60;2014-04-18 14:37:00;909402N262;10625;46.180;51;234;234;234;233;15.145;49.99;495.4;8.398;609.7;4.732;737.4;5.115;60;0;0;15.129;15.204;15.104;3538;3563;3522;49.99;49.99;49.99;11312;1000;0.0;0;0.0000;0;0;46180;46180;46180
60;2014-04-18 14:38:00;909402N262;10647;46.358;51;234;234;234;234;15.169;50.00;495.1;8.419;609.7;4.742;738.4;5.123;60;0;0;15.140;15.208;15.159;3543;3559;3543;50.00;50.00;50.00;11312;1000;0.0;0;0.0000;0;0;46358;46358;46358
60;2014-04-18 14:39:00;909402N262;10646;46.535;51;234;234;234;234;15.162;50.00;494.9;8.422;609.4;4.744;738.6;5.123;60;0;0;15.129;15.220;15.138;3541;3564;3539;50.00;50.00;50.00;11312;1000;0.0;0;0.0000;0;0;46535;46535;46535
60;2014-04-18 14:40:00;909402N262;10623;46.713;51;234;234;235;234;15.112;50.01;494.6;8.402;609.3;4.735;737.9;5.114;60;0;0;15.029;15.235;15.072;3515;3580;3525;50.01;50.01;50.01;11312;1000;0.0;0;0.0000;0;0;46713;46713;46713
60;2014-04-18 14:41:00;909402N262;10604;46.889;51;234;234;235;234;15.086;49.99;494.5;8.393;609.1;4.727;737.5;5.106;60;0;0;15.016;15.188;15.056;3514;3567;3521;49.99;49.99;49.99;11312;1000;0.0;0;0.0000;0;0;46889;46889;46889
60;2014-04-18 14:42:00;909402N262;10611;47.066;51;234;234;235;234;15.099;49.99;495.1;8.391;610.1;4.721;738.1;5.106;60;0;0;15.045;15.174;15.080;3523;3561;3525;49.99;49.99;49.99;11312;1000;0.0;0;0.0000;0;0;47066;47066;47066
60;2014-04-18 14:43:00;909402N262;10643;47.243;51;234;234;235;234;15.144;49.99;495.1;8.421;609.9;4.733;738.1;5.121;60;0;0;15.119;15.214;15.100;3543;3570;3527;49.99;49.99;49.99;11312;1000;0.0;0;0.0000;0;0;47243;47243;47243
60;2014-04-18 14:44:00;909402N262;10660;47.421;51;234;234;235;234;15.172;49.99;496.7;8.423;610.6;4.731;738.6;5.119;60;0;0;15.141;15.234;15.142;3547;3573;3538;49.99;49.99;49.99;11312;1000;0.0;0;0.0000;0;0;47421;47421;47421
60;2014-04-18 14:45:00;909402N262;10667;47.598;52;234;234;235;234;15.185;49.99;498.5;8.411;611.9;4.721;738.5;5.117;60;0;0;15.147;15.246;15.163;3546;3574;3544;49.99;49.99;49.99;11312;1000;0.0;0;0.0000;0;0;47598;47598;47598
60;2014-04-18 14:46:00;909402N262;10536;47.775;52;234;234;235;234;15.008;49.99;497.0;8.400;600.4;4.727;735.6;5.116;60;0;0;14.989;15.093;14.944;3509;3536;3489;49.99;49.99;49.99;11312;1000;0.0;0;0.0000;0;0;47775;47775;47775
60;2014-04-18 14:47:00;909402N262;10633;47.952;52;234;235;235;234;15.128;50.01;498.8;8.379;611.8;4.703;739.9;5.093;60;0;0;15.098;15.216;15.070;3543;3571;3517;50.01;50.01;50.01;11312;1000;0.0;0;0.0000;0;0;47952;47952;47952
60;2014-04-18 14:48:00;909402N262;10625;48.130;52;234;235;235;233;15.109;50.01;499.0;8.373;611.2;4.700;740.7;5.085;60;0;0;15.094;15.202;15.033;3547;3569;3506;50.01;50.01;50.01;11312;1000;0.0;0;0.0000;0;0;48130;48130;48130
60;2014-04-18 14:49:00;909402N262;10579;48.306;52;235;235;235;234;15.038;50.02;497.8;8.351;610.6;4.685;739.6;5.074;60;0;0;15.014;15.125;14.975;3528;3552;3498;50.02;50.02;50.02;11312;1000;0.0;0;0.0000;0;0;48306;48306;48306
60;2014-04-18 14:50:00;909402N262;10517;48.482;52;234;235;235;233;14.957;50.02;497.5;8.307;611.3;4.654;739.0;5.047;60;0;0;14.938;15.045;14.890;3510;3532;3473;50.02;50.02;50.02;11312;1000;0.0;0;0.0000;0;0;48482;48482;48482
60;2014-04-18 14:51:00;909402N262;10499;48.656;52;235;235;235;234;14.922;50.02;498.5;8.285;612.3;4.641;739.2;5.028;60;0;0;14.883;15.017;14.868;3495;3530;3472;50.02;50.02;50.02;11312;1000;0.0;0;0.0000;0;0;48656;48656;48656
60;2014-04-18 14:52:00;909402N262;10494;48.831;52;234;235;235;233;14.935;50.01;498.5;8.281;613.3;4.635;739.1;5.025;60;0;0;14.914;15.025;14.867;3501;3523;3468;50.01;50.01;50.01;11312;1000;0.0;0;0.0000;0;0;48831;48831;48831
60;2014-04-18 14:53:00;909402N262;10483;49.006;52;234;235;235;234;14.921;50.03;498.5;8.269;612.9;4.628;739.6;5.020;60;0;0;14.857;15.011;14.896;3483;3521;3477;50.03;50.03;50.03;11312;1000;0.0;0;0.0000;0;0;49006;49006;49006
60;2014-04-18 14:54:00;909402N262;10482;49.181;52;234;234;235;234;14.917;50.02;498.6;8.262;612.3;4.622;741.7;5.017;60;0;0;14.847;15.011;14.894;3477;3522;3480;50.02;50.02;50.02;11312;1000;0.0;0;0.0000;0;0;49181;49181;49181
60;2014-04-18 14:55:00;909402N262;10447;49.354;52;234;235;235;234;14.859;50.02;498.2;8.236;612.1;4.605;742.8;5.000;60;0;0;14.804;14.940;14.834;3472;3507;3467;50.02;50.02;50.02;11312;1000;0.0;0;0.0000;0;0;49354;49354;49354
60;2014-04-18 14:56:00;909402N262;10378;49.528;52;234;234;235;234;14.770;50.03;497.8;8.191;611.9;4.576;741.9;4.970;60;0;0;14.730;14.827;14.755;3452;3476;3448;50.03;50.03;50.03;11312;1000;0.0;0;0.0000;0;0;49528;49528;49528
60;2014-04-18 14:57:00;909402N262;10308;49.700;52;234;235;235;234;14.658;50.04;497.5;8.138;611.5;4.545;742.5;4.936;60;0;0;14.597;14.728;14.650;3424;3458;3425;50.04;50.04;50.04;11312;1000;0.0;0;0.0000;0;0;49700;49700;49700
60;2014-04-18 14:58:00;909402N262;10265;49.871;52;234;235;235;234;14.607;50.03;498.0;8.103;612.0;4.520;742.3;4.913;60;0;0;14.563;14.663;14.595;3414;3438;3411;50.03;50.03;50.03;11312;1000;0.0;0;0.0000;0;0;49871;49871;49871
60;2014-04-18 14:59:00;909402N262;10260;50.042;52;234;235;235;234;14.594;50.03;499.4;8.088;612.3;4.510;742.1;4.907;60;0;0;14.550;14.663;14.569;3412;3441;3404;50.03;50.03;50.03;11312;1000;0.0;0;0.0000;0;0;50042;50042;50042
60;2014-04-18 15:00:00;909402N262;10305;50.214;52;235;235;235;234;14.631;50.03;499.8;8.126;612.8;4.526;742.5;4.921;60;0;0;14.570;14.704;14.620;3423;3456;3424;50.03;50.03;50.03;11312;1000;0.0;0;0.0000;0;0;50214;50214;50214
[wr_ende]
