20140322;150002;danfoss;My Plant;+0100
[wr_def_start]
909402N262;Inverter Type;Inverter Group;Hanzl
[wr_def_end]
[wr]
INTERVAL;TIMESTAMP;SERIAL;P_AC;E_DAY;T_WR;U_AC;U_AC_1;U_AC_2;U_AC_3;I_AC;F_AC;U_DC_1;I_DC_1;U_DC_2;I_DC_2;U_DC_3;I_DC_3;S;E_WR;M_WR;I_AC_1;I_AC_2;I_AC_3;P_AC_1;P_AC_2;P_AC_3;F_AC_1;F_AC_2;F_AC_3;R_DC;PC;PCS;PCS_LL;COS_PHI;COS_PHI_LL;S_COS_PHI;Current_Day_Energy;current_Day_Offset;ccEnergyOfDay_WithoutOffset
60;2014-03-22 14:01:00;909402N262;9838;38.075;50;234;233;235;234;13.986;50.00;530.3;7.497;622.6;4.170;774.0;4.471;60;0;0;13.952;13.986;14.021;3256;3303;3283;50.00;50.00;50.00;18409;1000;0.0;0;0.0000;0;0;38075;38075;38075
60;2014-03-22 14:02:00;909402N262;10403;38.251;50;234;234;235;234;14.796;50.00;532.4;7.889;636.9;4.304;775.0;4.712;60;0;0;14.733;14.865;14.790;3447;3487;3467;50.00;50.00;50.00;18409;1000;0.0;0;0.0000;0;0;38251;38251;38251
60;2014-03-22 14:03:00;909402N262;9976;38.418;50;234;234;235;234;14.190;50.01;531.4;7.598;635.6;4.130;773.2;4.517;60;0;0;14.125;14.258;14.187;3304;3345;3326;50.01;50.01;50.01;18409;1000;0.0;0;0.0000;0;0;38418;38418;38418
60;2014-03-22 14:04:00;909402N262;9660;38.577;50;234;234;235;234;13.734;50.00;532.6;7.320;634.7;4.025;773.2;4.369;60;0;0;13.645;13.815;13.744;3188;3247;3223;50.00;50.00;50.00;18409;1000;0.0;0;0.0000;0;0;38577;38577;38577
60;2014-03-22 14:05:00;909402N262;9575;38.738;50;234;234;235;235;13.596;50.00;530.9;7.348;633.8;3.997;771.5;4.293;60;0;0;13.504;13.652;13.633;3157;3217;3198;50.00;50.00;50.00;18409;1000;0.0;0;0.0000;0;0;38738;38738;38738
60;2014-03-22 14:06:00;909402N262;9644;38.898;50;234;234;235;234;13.722;50.00;529.7;7.390;633.7;3.959;770.4;4.392;60;0;0;13.620;13.821;13.726;3185;3238;3219;50.00;50.00;50.00;18409;1000;0.0;0;0.0000;0;0;38898;38898;38898
60;2014-03-22 14:07:00;909402N262;8212;39.035;50;234;234;235;234;11.687;49.99;532.7;6.301;631.9;3.421;767.4;3.671;60;0;0;11.599;11.753;11.710;2708;2752;2743;49.99;49.99;49.99;18409;1000;0.0;0;0.0000;0;0;39035;39035;39035
60;2014-03-22 14:08:00;909402N262;9634;39.196;50;234;234;234;235;13.684;49.99;532.2;7.382;634.2;3.964;771.0;4.348;60;0;0;13.602;13.697;13.755;3180;3218;3234;49.99;49.99;49.99;18409;1000;0.0;0;0.0000;0;0;39196;39196;39196
60;2014-03-22 14:09:00;909402N262;9927;39.362;50;234;234;234;235;14.119;49.99;532.7;7.604;634.4;4.073;771.7;4.495;60;0;0;14.050;14.133;14.176;3287;3306;3332;49.99;49.99;49.99;18409;1000;0.0;0;0.0000;0;0;39362;39362;39362
60;2014-03-22 14:10:00;909402N262;9944;39.526;50;234;234;234;235;14.151;50.00;531.0;7.630;633.4;4.093;770.2;4.515;60;0;0;14.060;14.173;14.220;3287;3310;3345;50.00;50.00;50.00;18409;1000;0.0;0;0.0000;0;0;39526;39526;39526
60;2014-03-22 14:11:00;909402N262;9833;39.690;50;234;233;234;235;14.000;49.98;529.3;7.560;632.5;4.057;769.4;4.471;60;0;0;13.913;14.013;14.074;3249;3273;3309;49.98;49.98;49.98;18409;1000;0.0;0;0.0000;0;0;39690;39690;39690
60;2014-03-22 14:12:00;909402N262;9515;39.849;50;234;233;234;235;13.544;49.99;529.8;7.324;632.3;3.921;768.1;4.325;60;0;0;13.445;13.563;13.624;3139;3169;3204;49.99;49.99;49.99;18409;1000;0.0;0;0.0000;0;0;39849;39849;39849
60;2014-03-22 14:13:00;909402N262;9464;40.007;51;234;234;233;235;13.471;50.00;531.2;7.293;632.8;3.885;768.7;4.288;60;0;0;13.386;13.474;13.553;3129;3145;3188;50.00;50.00;50.00;18409;1000;0.0;0;0.0000;0;0;40007;40007;40007
60;2014-03-22 14:14:00;909402N262;9261;40.161;51;234;234;234;235;13.188;50.01;530.5;7.161;632.3;3.799;766.8;4.202;60;0;0;13.098;13.206;13.260;3059;3086;3115;50.01;50.01;50.01;18409;1000;0.0;0;0.0000;0;0;40161;40161;40161
60;2014-03-22 14:15:00;909402N262;9277;40.316;51;234;233;234;235;13.213;49.99;531.3;7.174;632.6;3.796;766.7;4.209;60;0;0;13.135;13.225;13.279;3065;3092;3119;49.99;49.99;49.99;18409;1000;0.0;0;0.0000;0;0;40316;40316;40316
60;2014-03-22 14:16:00;909402N262;9145;40.469;51;234;233;234;235;13.016;49.98;527.8;7.137;618.8;3.780;769.4;4.173;60;0;0;12.946;13.017;13.086;3019;3051;3073;49.98;49.98;49.98;18409;1000;0.0;0;0.0000;0;0;40469;40469;40469
60;2014-03-22 14:17:00;909402N262;9362;40.625;51;234;233;234;235;13.340;49.99;531.2;7.244;633.2;3.825;767.9;4.241;60;0;0;13.250;13.364;13.406;3091;3121;3149;49.99;49.99;49.99;18409;1000;0.0;0;0.0000;0;0;40625;40625;40625
60;2014-03-22 14:18:00;909402N262;9330;40.780;51;234;233;234;235;13.285;50.00;531.3;7.217;633.7;3.808;768.0;4.225;60;0;0;13.203;13.302;13.350;3083;3109;3136;50.00;50.00;50.00;18409;1000;0.0;0;0.0000;0;0;40780;40780;40780
60;2014-03-22 14:19:00;909402N262;9262;40.934;50;234;234;234;235;13.172;49.99;532.8;7.154;635.0;3.770;768.8;4.185;60;0;0;13.077;13.215;13.226;3055;3095;3110;49.99;49.99;49.99;18409;1000;0.0;0;0.0000;0;0;40934;40934;40934
60;2014-03-22 14:20:00;909402N262;9271;41.089;50;234;234;234;235;13.180;50.00;533.6;7.151;635.7;3.765;770.5;4.183;60;0;0;13.084;13.229;13.229;3058;3101;3110;50.00;50.00;50.00;18409;1000;0.0;0;0.0000;0;0;41089;41089;41089
60;2014-03-22 14:21:00;909402N262;9212;41.242;50;234;234;234;235;13.106;49.98;532.7;7.116;634.9;3.747;769.9;4.161;60;0;0;13.020;13.138;13.161;3042;3077;3091;49.98;49.98;49.98;18409;1000;0.0;0;0.0000;0;0;41242;41242;41242
60;2014-03-22 14:22:00;909402N262;9302;41.397;50;234;234;235;235;13.220;49.99;530.7;7.206;633.8;3.791;769.0;4.210;60;0;0;13.130;13.268;13.262;3071;3112;3117;49.99;49.99;49.99;18409;1000;0.0;0;0.0000;0;0;41397;41397;41397
60;2014-03-22 14:23:00;909402N262;9219;41.551;50;235;234;235;235;13.093;50.00;530.3;7.146;633.7;3.756;769.4;4.174;60;0;0;12.986;13.140;13.155;3036;3086;3095;50.00;50.00;50.00;18409;1000;0.0;0;0.0000;0;0;41551;41551;41551
60;2014-03-22 14:24:00;909402N262;9209;41.704;50;235;234;235;235;13.076;49.99;529.6;7.147;633.4;3.751;768.8;4.172;60;0;0;12.964;13.169;13.097;3030;3096;3080;49.99;49.99;49.99;18409;1000;0.0;0;0.0000;0;0;41704;41704;41704
60;2014-03-22 14:25:00;909402N262;9183;41.858;50;235;234;235;235;13.044;49.99;530.0;7.125;633.6;3.740;768.3;4.159;60;0;0;12.955;13.087;13.090;3030;3072;3079;49.99;49.99;49.99;18409;1000;0.0;0;0.0000;0;0;41858;41858;41858
60;2014-03-22 14:26:00;909402N262;9221;42.012;50;235;234;234;235;13.102;50.00;530.4;7.149;634.3;3.752;769.2;4.173;60;0;0;13.038;13.121;13.147;3053;3073;3093;50.00;50.00;50.00;18409;1000;0.0;0;0.0000;0;0;42012;42012;42012
60;2014-03-22 14:27:00;909402N262;9155;42.164;50;235;234;235;235;12.995;50.00;531.8;7.091;634.7;3.716;770.0;4.137;60;0;0;12.918;13.035;13.033;3025;3063;3065;50.00;50.00;50.00;18409;1000;0.0;0;0.0000;0;0;42164;42164;42164
60;2014-03-22 14:28:00;909402N262;9153;42.316;50;235;234;234;235;13.000;50.00;532.6;7.083;635.2;3.710;770.7;4.129;60;0;0;12.928;13.014;13.060;3027;3051;3073;50.00;50.00;50.00;18409;1000;0.0;0;0.0000;0;0;42316;42316;42316
60;2014-03-22 14:29:00;909402N262;9172;42.469;50;235;234;234;236;13.029;50.01;531.5;7.110;634.8;3.718;770.2;4.143;60;0;0;12.929;13.036;13.124;3029;3050;3091;50.01;50.01;50.01;18409;1000;0.0;0;0.0000;0;0;42469;42469;42469
60;2014-03-22 14:30:00;909402N262;9182;42.620;50;235;235;235;236;13.020;49.99;531.6;7.117;634.7;3.718;770.7;4.146;60;0;0;12.972;13.008;13.080;3045;3051;3083;49.99;49.99;49.99;18409;1000;0.0;0;0.0000;0;0;42620;42620;42620
60;2014-03-22 14:31:00;909402N262;9095;42.772;50;235;235;234;236;12.908;49.97;529.5;7.095;626.8;3.708;765.1;4.141;60;0;0;12.902;12.861;12.962;3024;3016;3054;49.97;49.97;49.97;18409;1000;0.0;0;0.0000;0;0;42772;42772;42772
60;2014-03-22 14:32:00;909402N262;9073;42.923;50;235;235;235;235;12.865;49.97;534.2;7.016;635.7;3.657;773.0;4.085;60;0;0;12.805;12.895;12.895;3004;3032;3034;49.97;49.97;49.97;18409;1000;0.0;0;0.0000;0;0;42923;42923;42923
60;2014-03-22 14:33:00;909402N262;8999;43.072;50;235;235;235;235;12.765;49.98;534.7;6.959;636.3;3.621;773.2;4.048;60;0;0;12.705;12.798;12.793;2982;3008;3008;49.98;49.98;49.98;18409;1000;0.0;0;0.0000;0;0;43072;43072;43072
60;2014-03-22 14:34:00;909402N262;8910;43.221;50;234;234;235;234;12.663;49.97;534.6;6.895;636.3;3.583;773.5;4.003;60;0;0;12.580;12.729;12.681;2944;2992;2972;49.97;49.97;49.97;18409;1000;0.0;0;0.0000;0;0;43221;43221;43221
60;2014-03-22 14:35:00;909402N262;8990;43.372;50;234;234;235;234;12.776;49.97;535.2;6.949;637.5;3.608;774.2;4.036;60;0;0;12.702;12.837;12.790;2974;3017;2997;49.97;49.97;49.97;18409;1000;0.0;0;0.0000;0;0;43372;43372;43372
60;2014-03-22 14:36:00;909402N262;8988;43.522;50;235;234;235;234;12.773;49.99;535.1;6.951;638.1;3.604;774.8;4.036;60;0;0;12.710;12.834;12.775;2980;3014;2993;49.99;49.99;49.99;18409;1000;0.0;0;0.0000;0;0;43522;43522;43522
60;2014-03-22 14:37:00;909402N262;8872;43.669;50;234;234;235;234;12.616;49.98;535.1;6.869;636.9;3.560;774.2;3.983;60;0;0;12.545;12.674;12.629;2939;2975;2957;49.98;49.98;49.98;18409;1000;0.0;0;0.0000;0;0;43669;43669;43669
60;2014-03-22 14:38:00;909402N262;8819;43.816;50;234;234;235;234;12.540;49.98;536.1;6.823;636.8;3.536;775.2;3.948;60;0;0;12.459;12.611;12.551;2915;2962;2940;49.98;49.98;49.98;18409;1000;0.0;0;0.0000;0;0;43816;43816;43816
60;2014-03-22 14:39:00;909402N262;8822;43.963;50;234;234;235;234;12.549;50.00;536.2;6.824;636.6;3.535;775.0;3.954;60;0;0;12.475;12.609;12.564;2920;2957;2943;50.00;50.00;50.00;18409;1000;0.0;0;0.0000;0;0;43963;43963;43963
60;2014-03-22 14:40:00;909402N262;8831;44.110;50;234;234;234;235;12.570;50.00;536.8;6.831;636.8;3.535;775.6;3.952;60;0;0;12.529;12.587;12.594;2936;2941;2953;50.00;50.00;50.00;18409;1000;0.0;0;0.0000;0;0;44110;44110;44110
60;2014-03-22 14:41:00;909402N262;8839;44.258;50;234;234;233;234;12.589;49.99;537.8;6.827;637.6;3.531;776.2;3.951;60;0;0;12.564;12.598;12.606;2944;2937;2956;49.99;49.99;49.99;18409;1000;0.0;0;0.0000;0;0;44258;44258;44258
60;2014-03-22 14:42:00;909402N262;8825;44.405;50;234;234;234;234;12.564;50.00;539.0;6.804;638.1;3.521;777.3;3.941;60;0;0;12.517;12.593;12.584;2930;2947;2946;50.00;50.00;50.00;18409;1000;0.0;0;0.0000;0;0;44405;44405;44405
60;2014-03-22 14:43:00;909402N262;8843;44.553;50;234;234;234;234;12.579;50.01;538.5;6.829;637.3;3.531;776.9;3.948;60;0;0;12.541;12.630;12.566;2939;2959;2942;50.01;50.01;50.01;18409;1000;0.0;0;0.0000;0;0;44553;44553;44553
60;2014-03-22 14:44:00;909402N262;8823;44.700;50;234;235;234;234;12.548;50.01;540.0;6.801;639.0;3.507;777.9;3.937;60;0;0;12.522;12.585;12.537;2940;2947;2935;50.01;50.01;50.01;18409;1000;0.0;0;0.0000;0;0;44700;44700;44700
60;2014-03-22 14:45:00;909402N262;8793;44.847;50;234;234;234;234;12.505;50.00;540.5;6.773;639.3;3.489;778.4;3.921;60;0;0;12.454;12.547;12.516;2919;2939;2933;50.00;50.00;50.00;18409;1000;0.0;0;0.0000;0;0;44847;44847;44847
60;2014-03-22 14:46:00;909402N262;8789;44.993;50;234;234;234;235;12.487;50.01;536.7;6.833;625.9;3.527;776.8;3.957;60;0;0;12.431;12.500;12.531;2912;2932;2942;50.01;50.01;50.01;18409;1000;0.0;0;0.0000;0;0;44993;44993;44993
60;2014-03-22 14:47:00;909402N262;8914;45.141;50;234;234;234;234;12.702;50.00;538.8;6.886;638.8;3.540;777.8;3.979;60;0;0;12.652;12.721;12.735;2962;2969;2981;50.00;50.00;50.00;18409;1000;0.0;0;0.0000;0;0;45141;45141;45141
60;2014-03-22 14:48:00;909402N262;8945;45.290;50;234;234;234;234;12.749;50.00;537.5;6.924;638.7;3.554;777.3;3.997;60;0;0;12.712;12.759;12.778;2976;2976;2991;50.01;50.01;50.01;18409;1000;0.0;0;0.0000;0;0;45290;45290;45290
60;2014-03-22 14:49:00;909402N262;8895;45.438;50;234;234;234;235;12.671;50.01;536.2;6.898;637.9;3.539;776.0;3.983;60;0;0;12.597;12.694;12.724;2945;2964;2983;50.01;50.01;50.01;18409;1000;0.0;0;0.0000;0;0;45438;45438;45438
60;2014-03-22 14:50:00;909402N262;8796;45.585;50;234;234;234;235;12.531;50.00;535.0;6.837;636.9;3.505;773.8;3.949;60;0;0;12.460;12.560;12.574;2913;2935;2946;50.00;50.00;50.00;18409;1000;0.0;0;0.0000;0;0;45585;45585;45585
60;2014-03-22 14:51:00;909402N262;8740;45.731;50;234;235;234;235;12.447;50.00;535.0;6.799;636.8;3.481;773.5;3.923;60;0;0;12.400;12.464;12.477;2906;2910;2922;50.00;50.00;50.00;18409;1000;0.0;0;0.0000;0;0;45731;45731;45731
60;2014-03-22 14:52:00;909402N262;8749;45.877;50;234;235;234;234;12.469;50.00;534.9;6.809;637.0;3.482;773.8;3.926;60;0;0;12.429;12.480;12.499;2911;2910;2926;50.00;50.00;50.00;18409;1000;0.0;0;0.0000;0;0;45877;45877;45877
60;2014-03-22 14:53:00;909402N262;8699;46.021;50;234;235;234;235;12.389;50.00;535.1;6.772;636.8;3.462;773.3;3.904;60;0;0;12.342;12.398;12.429;2891;2894;2912;50.00;50.00;50.00;18409;1000;0.0;0;0.0000;0;0;46021;46021;46021
60;2014-03-22 14:54:00;909402N262;8623;46.165;50;234;235;235;234;12.277;50.00;536.4;6.709;636.8;3.427;773.5;3.863;60;0;0;12.228;12.327;12.278;2863;2886;2873;50.00;50.00;50.00;18409;1000;0.0;0;0.0000;0;0;46165;46165;46165
60;2014-03-22 14:55:00;909402N262;8590;46.310;50;234;234;235;234;12.236;50.01;537.0;6.680;637.1;3.410;774.6;3.842;60;0;0;12.177;12.305;12.228;2848;2881;2860;50.01;50.01;50.01;18409;1000;0.0;0;0.0000;0;0;46310;46310;46310
60;2014-03-22 14:56:00;909402N262;8554;46.451;50;234;234;235;234;12.187;50.02;536.5;6.662;637.0;3.395;773.7;3.827;60;0;0;12.138;12.241;12.183;2839;2866;2848;50.02;50.02;50.02;18409;1000;0.0;0;0.0000;0;0;46451;46451;46451
60;2014-03-22 14:57:00;909402N262;8525;46.596;50;234;234;234;234;12.157;50.00;537.0;6.641;637.1;3.381;773.8;3.812;60;0;0;12.113;12.203;12.156;2832;2851;2841;50.00;50.00;50.00;18409;1000;0.0;0;0.0000;0;0;46596;46596;46596
60;2014-03-22 14:58:00;909402N262;8449;46.736;50;234;234;234;234;12.051;50.01;536.1;6.593;636.2;3.353;772.9;3.783;60;0;0;12.006;12.101;12.046;2807;2828;2813;50.01;50.01;50.01;18409;1000;0.0;0;0.0000;0;0;46736;46736;46736
60;2014-03-22 14:59:00;909402N262;8451;46.877;50;234;234;234;234;12.046;50.01;535.4;6.601;635.8;3.356;772.7;3.786;60;0;0;12.004;12.099;12.037;2808;2831;2811;50.01;50.01;50.01;18409;1000;0.0;0;0.0000;0;0;46877;46877;46877
60;2014-03-22 15:00:00;909402N262;8419;47.018;50;234;234;235;234;11.993;50.01;535.6;6.578;636.2;3.341;772.9;3.769;60;0;0;11.946;12.049;11.986;2796;2820;2802;50.01;50.01;50.01;18409;1000;0.0;0;0.0000;0;0;47018;47018;47018
[wr_ende]
