20150215;120005;danfoss;My Plant;+0100
[wr_def_start]
909402N262;Inverter Type;Inverter Group;Hanzl
[wr_def_end]
[wr]
INTERVAL;TIMESTAMP;SERIAL;P_AC;E_DAY;T_WR;U_AC;U_AC_1;U_AC_2;U_AC_3;I_AC;F_AC;U_DC_1;I_DC_1;U_DC_2;I_DC_2;U_DC_3;I_DC_3;S;E_WR;M_WR;I_AC_1;I_AC_2;I_AC_3;P_AC_1;P_AC_2;P_AC_3;F_AC_1;F_AC_2;F_AC_3;R_DC;PC;PCS;PCS_LL;COS_PHI;COS_PHI_LL;S_COS_PHI;Current_Day_Energy;current_Day_Offset;ccEnergyOfDay_WithoutOffset
60;2015-02-15 11:01:00;909402N262;2372;5.141;38;232;232;231;232;3.565;50.00;584.1;1.564;676.9;0.979;793.9;1.026;60;0;0;3.516;3.592;3.588;780;794;796;50.00;50.00;50.00;14263;1000;0.0;0;1.0000;0;2;5141;5141;5141
60;2015-02-15 11:02:00;909402N262;2437;5.183;38;232;232;232;232;3.647;49.99;587.9;1.584;681.2;1.023;795.2;1.037;60;0;0;3.598;3.672;3.673;800;817;819;49.99;49.99;49.99;14263;1000;0.0;0;1.0000;0;2;5183;5183;5183
60;2015-02-15 11:03:00;909402N262;2467;5.224;38;232;231;233;231;3.690;49.99;587.8;1.605;680.6;1.037;795.2;1.050;60;0;0;3.636;3.739;3.697;807;836;822;49.99;49.99;49.99;14263;1000;0.0;0;1.0000;0;2;5224;5224;5224
60;2015-02-15 11:04:00;909402N262;2502;5.266;38;232;231;233;232;3.733;49.98;587.8;1.629;679.9;1.052;795.1;1.065;60;0;0;3.678;3.787;3.734;817;850;833;49.98;49.98;49.98;14263;1000;0.0;0;1.0000;0;2;5266;5266;5266
60;2015-02-15 11:05:00;909402N262;2535;5.307;38;232;231;233;232;3.776;49.99;587.7;1.653;679.5;1.067;795.0;1.079;60;0;0;3.719;3.831;3.780;827;861;845;49.99;49.99;49.99;14263;1000;0.0;0;1.0000;0;2;5307;5307;5307
60;2015-02-15 11:06:00;909402N262;2565;5.350;38;232;231;234;232;3.814;49.99;587.4;1.674;679.1;1.079;795.1;1.091;60;0;0;3.749;3.877;3.816;834;875;854;49.99;49.99;49.99;14263;1000;0.0;0;1.0000;0;2;5350;5350;5350
60;2015-02-15 11:07:00;909402N262;2593;5.392;38;232;231;234;232;3.855;49.98;587.3;1.692;678.8;1.091;795.1;1.103;60;0;0;3.790;3.921;3.854;844;885;862;49.98;49.98;49.98;14263;1000;0.0;0;1.0000;0;2;5392;5392;5392
60;2015-02-15 11:08:00;909402N262;2621;5.437;38;232;231;233;232;3.895;49.98;588.2;1.711;678.5;1.103;795.2;1.115;60;0;0;3.828;3.946;3.913;853;891;876;49.98;49.98;49.98;14263;1000;0.0;0;1.0000;0;2;5437;5437;5437
60;2015-02-15 11:09:00;909402N262;2653;5.481;38;232;232;233;231;3.938;49.99;589.0;1.727;677.8;1.118;795.2;1.128;60;0;0;3.888;3.990;3.937;870;900;881;49.99;49.99;49.99;14263;1000;0.0;0;1.0000;0;2;5481;5481;5481
60;2015-02-15 11:10:00;909402N262;2695;5.526;38;232;233;232;232;3.996;49.99;592.3;1.744;677.2;1.138;795.3;1.145;60;0;0;3.954;4.034;4.002;889;907;897;49.99;49.99;49.99;14263;1000;0.0;0;1.0000;0;2;5526;5526;5526
60;2015-02-15 11:11:00;909402N262;2761;5.572;38;232;233;231;233;4.087;49.99;585.0;1.806;677.6;1.167;795.2;1.176;60;0;0;4.041;4.110;4.112;910;921;927;49.99;49.99;49.99;14263;1000;0.0;0;1.0000;0;2;5572;5572;5572
60;2015-02-15 11:12:00;909402N262;2723;5.617;38;232;233;231;232;4.039;49.98;590.6;1.764;677.2;1.148;795.2;1.159;60;0;0;4.000;4.052;4.066;900;906;915;49.98;49.98;49.98;14263;1000;0.0;0;1.0000;0;2;5617;5617;5617
60;2015-02-15 11:13:00;909402N262;2716;5.663;38;232;232;230;233;4.032;49.99;588.0;1.770;676.3;1.148;795.1;1.155;60;0;0;3.983;4.050;4.063;894;904;916;49.99;49.99;49.99;14263;1000;0.0;0;1.0000;0;2;5663;5663;5663
60;2015-02-15 11:14:00;909402N262;2726;5.708;38;232;232;231;233;4.043;49.99;586.9;1.782;675.5;1.154;795.2;1.157;60;0;0;3.987;4.064;4.080;895;910;920;49.99;49.99;49.99;14263;1000;0.0;0;1.0000;0;2;5708;5708;5708
60;2015-02-15 11:15:00;909402N262;2746;5.754;38;231;231;232;232;4.076;49.99;586.4;1.798;674.7;1.164;795.3;1.165;60;0;0;4.006;4.128;4.096;894;930;920;49.99;49.99;49.99;14263;1000;0.0;0;1.0000;0;2;5754;5754;5754
60;2015-02-15 11:16:00;909402N262;2750;5.800;38;232;231;232;231;4.081;50.01;581.8;1.822;669.8;1.174;787.5;1.177;60;0;0;4.011;4.135;4.098;896;932;920;50.01;50.01;50.01;14263;1000;0.0;0;1.0000;0;2;5800;5800;5800
60;2015-02-15 11:17:00;909402N262;2809;5.846;38;232;231;232;232;4.162;50.00;585.8;1.844;675.2;1.188;795.1;1.192;60;0;0;4.111;4.202;4.175;921;946;939;50.00;50.00;50.00;14263;1000;0.0;0;1.0000;0;2;5846;5846;5846
60;2015-02-15 11:18:00;909402N262;2872;5.894;38;232;232;232;232;4.244;49.99;586.0;1.887;674.2;1.217;795.2;1.219;60;0;0;4.198;4.278;4.256;946;964;960;49.99;49.99;49.99;14263;1000;0.0;0;1.0000;0;2;5894;5894;5894
60;2015-02-15 11:19:00;909402N262;2959;5.944;38;232;232;232;232;4.365;49.99;586.1;1.945;673.9;1.253;795.1;1.256;60;0;0;4.322;4.402;4.371;975;994;989;49.99;49.99;49.99;14263;1000;0.0;0;1.0000;0;2;5944;5944;5944
60;2015-02-15 11:20:00;909402N262;3121;5.996;38;232;232;232;232;4.587;49.99;587.4;2.085;677.2;1.303;795.2;1.308;60;0;0;4.552;4.615;4.594;1032;1045;1042;49.99;49.99;49.99;14263;1000;0.0;0;1.0000;0;2;5996;5996;5996
60;2015-02-15 11:21:00;909402N262;3065;6.046;38;232;233;232;232;4.510;49.99;584.9;2.013;673.8;1.299;795.2;1.306;60;0;0;4.480;4.536;4.516;1017;1025;1021;49.99;49.99;49.99;14263;1000;0.0;0;1.0000;0;2;6046;6046;6046
60;2015-02-15 11:22:00;909402N262;3078;6.098;38;232;233;231;232;4.528;50.00;584.6;2.022;673.9;1.305;795.3;1.311;60;0;0;4.500;4.554;4.532;1023;1027;1025;50.00;50.00;50.00;14263;1000;0.0;0;1.0000;0;2;6098;6098;6098
60;2015-02-15 11:23:00;909402N262;3051;6.148;38;232;233;231;232;4.494;50.01;583.6;2.005;674.0;1.293;795.2;1.301;60;0;0;4.465;4.513;4.506;1012;1016;1020;50.01;50.01;50.01;14263;1000;0.0;0;1.0000;0;2;6148;6148;6148
60;2015-02-15 11:24:00;909402N262;3026;6.199;38;232;233;230;232;4.462;49.99;582.7;1.993;674.0;1.282;795.2;1.291;60;0;0;4.433;4.466;4.489;1004;1002;1018;49.99;49.99;49.99;14263;1000;0.0;0;1.0000;0;2;6199;6199;6199
60;2015-02-15 11:25:00;909402N262;3020;6.250;38;231;232;230;232;4.456;49.98;582.3;1.995;673.8;1.278;795.2;1.288;60;0;0;4.430;4.457;4.481;1003;999;1015;49.98;49.98;49.98;14263;1000;0.0;0;1.0000;0;2;6250;6250;6250
60;2015-02-15 11:26:00;909402N262;3012;6.300;38;231;232;230;232;4.448;49.98;581.4;1.995;673.9;1.272;795.2;1.284;60;0;0;4.413;4.454;4.477;998;999;1013;49.98;49.98;49.98;14263;1000;0.0;0;1.0000;0;2;6300;6300;6300
60;2015-02-15 11:27:00;909402N262;3002;6.350;38;231;232;230;232;4.433;49.99;580.9;1.992;673.6;1.267;795.2;1.279;60;0;0;4.400;4.442;4.459;996;996;1008;49.99;49.99;49.99;14263;1000;0.0;0;1.0000;0;2;6350;6350;6350
60;2015-02-15 11:28:00;909402N262;2982;6.401;39;231;233;230;231;4.406;49.99;580.6;1.980;673.4;1.259;795.3;1.270;60;0;0;4.372;4.418;4.428;990;991;999;49.99;49.99;49.99;14263;1000;0.0;0;1.0000;0;2;6401;6401;6401
60;2015-02-15 11:29:00;909402N262;2949;6.449;39;232;233;232;231;4.349;49.99;580.4;1.958;672.6;1.246;795.3;1.255;60;0;0;4.319;4.373;4.355;979;987;981;49.99;49.99;49.99;14263;1000;0.0;0;1.0000;0;2;6449;6449;6449
60;2015-02-15 11:30:00;909402N262;2914;6.497;39;232;233;232;232;4.298;49.98;584.0;1.925;672.7;1.230;795.0;1.240;60;0;0;4.262;4.328;4.306;964;977;971;49.98;49.98;49.98;14263;1000;0.0;0;1.0000;0;2;6497;6497;6497
60;2015-02-15 11:31:00;909402N262;2868;6.545;39;232;233;232;232;4.234;50.01;598.8;1.855;666.0;1.220;787.5;1.232;60;0;0;4.202;4.263;4.237;951;960;955;50.01;50.01;50.01;14263;1000;0.0;0;1.0000;0;2;6545;6545;6545
60;2015-02-15 11:32:00;909402N262;2908;6.594;39;232;233;232;231;4.293;50.00;601.6;1.868;670.9;1.231;795.2;1.235;60;0;0;4.255;4.327;4.299;962;978;967;50.00;50.00;50.00;14263;1000;0.0;0;1.0000;0;2;6594;6594;6594
60;2015-02-15 11:33:00;909402N262;2920;6.642;39;232;233;232;231;4.310;50.00;594.5;1.899;670.9;1.236;795.1;1.241;60;0;0;4.286;4.336;4.308;972;979;968;50.00;50.00;50.00;14263;1000;0.0;0;1.0000;0;2;6642;6642;6642
60;2015-02-15 11:34:00;909402N262;2937;6.692;39;232;233;232;231;4.333;50.00;601.9;1.886;671.0;1.243;795.1;1.247;60;0;0;4.306;4.369;4.326;977;987;972;50.00;50.00;50.00;14263;1000;0.0;0;1.0000;0;2;6692;6692;6692
60;2015-02-15 11:35:00;909402N262;2967;6.741;39;232;233;232;232;4.372;50.00;601.7;1.905;671.6;1.254;795.1;1.259;60;0;0;4.344;4.402;4.372;985;994;986;50.00;50.00;50.00;14263;1000;0.0;0;1.0000;0;2;6741;6741;6741
60;2015-02-15 11:36:00;909402N262;2999;6.792;39;232;233;232;232;4.418;50.00;602.9;1.920;671.8;1.269;795.0;1.275;60;0;0;4.384;4.448;4.422;994;1005;998;50.00;50.00;50.00;14263;1000;0.0;0;1.0000;0;2;6792;6792;6792
60;2015-02-15 11:37:00;909402N262;3032;6.842;39;232;233;232;232;4.462;50.00;584.6;1.998;672.0;1.284;795.1;1.292;60;0;0;4.424;4.500;4.463;1004;1019;1008;50.00;50.00;50.00;14263;1000;0.0;0;1.0000;0;2;6842;6842;6842
60;2015-02-15 11:38:00;909402N262;3020;6.892;39;232;232;232;231;4.452;50.01;590.8;1.967;673.0;1.277;795.1;1.287;60;0;0;4.412;4.491;4.454;997;1017;1004;50.01;50.01;50.01;14263;1000;0.0;0;1.0000;0;2;6892;6892;6892
60;2015-02-15 11:39:00;909402N262;3007;6.943;39;232;232;232;231;4.435;50.01;601.6;1.922;674.0;1.271;795.2;1.281;60;0;0;4.393;4.473;4.441;993;1010;1002;50.01;50.01;50.01;14263;1000;0.0;0;1.0000;0;2;6943;6943;6943
60;2015-02-15 11:40:00;909402N262;2990;6.993;39;232;232;232;232;4.408;50.01;601.9;1.908;674.5;1.264;795.2;1.273;60;0;0;4.356;4.445;4.425;983;1005;1000;50.01;50.01;50.01;14263;1000;0.0;0;1.0000;0;2;6993;6993;6993
60;2015-02-15 11:41:00;909402N262;2964;7.042;39;232;232;232;232;4.374;50.01;602.6;1.889;675.3;1.253;795.1;1.262;60;0;0;4.324;4.408;4.390;975;994;993;50.01;50.01;50.01;14263;1000;0.0;0;1.0000;0;2;7042;7042;7042
60;2015-02-15 11:42:00;909402N262;2936;7.092;39;232;232;232;232;4.331;50.01;600.9;1.876;675.0;1.242;795.2;1.249;60;0;0;4.284;4.358;4.353;967;982;985;50.01;50.01;50.01;14263;1000;0.0;0;1.0000;0;2;7092;7092;7092
60;2015-02-15 11:43:00;909402N262;2907;7.140;39;232;232;231;232;4.296;50.01;592.6;1.885;674.1;1.230;795.1;1.237;60;0;0;4.248;4.313;4.329;957;969;979;50.01;50.01;50.01;14263;1000;0.0;0;1.0000;0;2;7140;7140;7140
60;2015-02-15 11:44:00;909402N262;2883;7.188;39;232;233;231;230;4.266;50.01;583.6;1.899;672.2;1.224;795.0;1.226;60;0;0;4.241;4.293;4.264;959;966;955;50.01;50.01;50.01;14263;1000;0.0;0;1.0000;0;2;7188;7188;7188
60;2015-02-15 11:45:00;909402N262;2870;7.235;39;231;233;231;231;4.249;50.00;583.5;1.891;670.0;1.223;795.1;1.220;60;0;0;4.217;4.279;4.253;952;962;953;50.00;50.00;50.00;14263;1000;0.0;0;1.0000;0;2;7235;7235;7235
60;2015-02-15 11:46:00;909402N262;2838;7.283;39;232;233;231;231;4.206;49.99;582.0;1.882;665.4;1.214;787.4;1.219;60;0;0;4.172;4.231;4.215;942;949;946;49.99;49.99;49.99;14263;1000;0.0;0;1.0000;0;2;7283;7283;7283
60;2015-02-15 11:47:00;909402N262;2871;7.331;39;232;232;232;231;4.262;50.00;584.5;1.891;669.5;1.223;795.6;1.219;60;0;0;4.219;4.295;4.272;948;963;958;50.00;50.00;50.00;14263;1000;0.0;0;1.0000;0;2;7331;7331;7331
60;2015-02-15 11:48:00;909402N262;2868;7.379;39;231;232;231;231;4.263;49.99;584.8;1.888;669.4;1.222;795.4;1.217;60;0;0;4.208;4.301;4.280;943;963;959;49.99;49.99;49.99;14263;1000;0.0;0;1.0000;0;2;7379;7379;7379
60;2015-02-15 11:49:00;909402N262;2877;7.427;39;231;232;231;231;4.276;49.99;585.6;1.893;669.3;1.226;795.6;1.221;60;0;0;4.229;4.309;4.291;949;965;962;49.99;49.99;49.99;14263;1000;0.0;0;1.0000;0;2;7427;7427;7427
60;2015-02-15 11:50:00;909402N262;2905;7.474;39;231;231;231;230;4.323;50.00;586.3;1.911;669.7;1.237;795.5;1.233;60;0;0;4.275;4.366;4.329;958;978;967;50.00;50.00;50.00;14263;1000;0.0;0;1.0000;0;2;7474;7474;7474
60;2015-02-15 11:51:00;909402N262;2959;7.524;39;231;232;231;230;4.397;50.00;587.2;1.945;670.2;1.257;795.5;1.257;60;0;0;4.358;4.428;4.406;979;992;986;50.00;50.00;50.00;14263;1000;0.0;0;1.0000;0;2;7524;7524;7524
60;2015-02-15 11:52:00;909402N262;3038;7.574;39;231;231;230;231;4.510;50.01;588.1;1.996;670.2;1.288;795.6;1.291;60;0;0;4.465;4.529;4.536;1002;1014;1019;50.01;50.01;50.01;14263;1000;0.0;0;1.0000;0;2;7574;7574;7574
60;2015-02-15 11:53:00;909402N262;3124;7.626;39;231;230;231;231;4.627;50.00;588.8;2.050;670.5;1.324;795.5;1.328;60;0;0;4.564;4.671;4.646;1023;1053;1047;50.00;50.00;50.00;14263;1000;0.0;0;1.0000;0;2;7626;7626;7626
60;2015-02-15 11:54:00;909402N262;3217;7.680;39;232;230;232;232;4.745;49.98;588.5;2.114;671.0;1.362;795.6;1.368;60;0;0;4.666;4.798;4.772;1047;1086;1081;49.98;49.98;49.98;14263;1000;0.0;0;1.0000;0;2;7680;7680;7680
60;2015-02-15 11:55:00;909402N262;3323;7.735;39;232;231;232;233;4.892;49.99;588.0;2.188;672.2;1.403;795.6;1.414;60;0;0;4.813;4.938;4.926;1083;1118;1120;49.99;49.99;49.99;14263;1000;0.0;0;1.0000;0;2;7735;7735;7735
60;2015-02-15 11:56:00;909402N262;3473;7.793;39;232;230;232;233;5.106;49.99;586.4;2.311;674.4;1.455;795.5;1.472;60;0;0;5.024;5.160;5.135;1130;1172;1169;49.99;49.99;49.99;14263;1000;0.0;0;1.0000;0;2;7793;7793;7793
60;2015-02-15 11:57:00;909402N262;3581;7.853;39;232;231;232;232;5.260;49.98;585.5;2.387;675.0;1.491;795.4;1.523;60;0;0;5.198;5.308;5.276;1175;1205;1200;49.98;49.98;49.98;14263;1000;0.0;0;1.0000;0;2;7853;7853;7853
60;2015-02-15 11:58:00;909402N262;3603;7.913;39;232;231;232;232;5.287;50.00;584.8;2.395;672.6;1.512;795.3;1.534;60;0;0;5.231;5.330;5.300;1185;1211;1205;50.00;50.00;50.00;14263;1000;0.0;0;1.0000;0;2;7913;7913;7913
60;2015-02-15 11:59:00;909402N262;3691;7.975;39;232;231;233;232;5.406;49.99;583.9;2.463;674.1;1.544;795.1;1.572;60;0;0;5.330;5.468;5.420;1206;1248;1235;49.99;49.99;49.99;14263;1000;0.0;0;1.0000;0;2;7975;7975;7975
60;2015-02-15 12:00:00;909402N262;3756;8.038;39;232;231;233;233;5.496;50.01;583.3;2.510;674.9;1.567;795.3;1.601;60;0;0;5.412;5.545;5.531;1224;1267;1262;50.01;50.01;50.01;14263;1000;0.0;0;1.0000;0;2;8038;8038;8038
[wr_ende]
