20140711;100004;danfoss;My Plant;+0100
[wr_def_start]
909402N262;Inverter Type;Inverter Group;Hanzl
[wr_def_end]
[wr]
INTERVAL;TIMESTAMP;SERIAL;P_AC;E_DAY;T_WR;U_AC;U_AC_1;U_AC_2;U_AC_3;I_AC;F_AC;U_DC_1;I_DC_1;U_DC_2;I_DC_2;U_DC_3;I_DC_3;S;E_WR;M_WR;I_AC_1;I_AC_2;I_AC_3;P_AC_1;P_AC_2;P_AC_3;F_AC_1;F_AC_2;F_AC_3;R_DC;PC;PCS;PCS_LL;COS_PHI;COS_PHI_LL;S_COS_PHI;Current_Day_Energy;current_Day_Offset;ccEnergyOfDay_WithoutOffset
60;2014-07-11 09:01:00;909402N262;850;1.256;37;235;235;235;236;1.368;50.00;551.4;0.711;603.2;0.374;731.3;0.322;60;0;0;1.347;1.388;1.370;276;288;283;50.00;50.00;50.00;5567;1000;0.0;0;0.0000;0;0;1256;1256;1256
60;2014-07-11 09:02:00;909402N262;831;1.270;37;236;236;235;236;1.408;50.01;558.4;0.686;602.3;0.354;750.1;0.312;60;0;0;1.403;1.428;1.394;274;282;273;50.01;50.01;50.01;5567;1000;0.0;0;0.0000;0;0;1270;1270;1270
60;2014-07-11 09:03:00;909402N262;797;1.283;37;235;236;235;236;1.368;50.00;562.0;0.653;601.1;0.342;748.3;0.298;60;0;0;1.346;1.390;1.370;261;269;266;50.00;50.00;50.00;5567;1000;0.0;0;0.0000;0;0;1283;1283;1283
60;2014-07-11 09:04:00;909402N262;799;1.297;37;236;236;235;236;1.368;49.96;566.1;0.644;601.3;0.354;747.2;0.295;60;0;0;1.347;1.395;1.362;261;271;266;49.96;49.96;49.96;5567;1000;0.0;0;0.0000;0;0;1297;1297;1297
60;2014-07-11 09:05:00;909402N262;905;1.312;37;235;235;234;236;1.478;49.98;570.3;0.711;606.1;0.411;753.2;0.333;60;0;0;1.458;1.513;1.465;294;311;298;49.98;49.98;49.98;5567;1000;0.0;0;0.0000;0;0;1312;1312;1312
60;2014-07-11 09:06:00;909402N262;1105;1.330;37;233;233;232;234;1.729;49.98;574.3;0.856;628.2;0.483;761.9;0.407;60;0;0;1.702;1.771;1.716;360;376;366;49.98;49.98;49.98;5567;1000;0.0;0;0.0000;0;0;1330;1330;1330
60;2014-07-11 09:07:00;909402N262;1267;1.351;37;233;233;232;234;1.937;49.99;574.0;0.991;615.2;0.554;766.2;0.470;60;0;0;1.892;1.971;1.950;411;429;427;49.99;49.99;49.99;5567;1000;0.0;0;0.0000;0;0;1351;1351;1351
60;2014-07-11 09:08:00;909402N262;1308;1.373;37;233;233;232;234;1.993;50.00;570.9;1.035;619.9;0.567;767.5;0.480;60;0;0;1.946;2.025;2.010;423;442;441;50.00;50.00;50.00;5567;1000;0.0;0;0.0000;0;0;1373;1373;1373
60;2014-07-11 09:09:00;909402N262;1405;1.397;37;233;233;232;234;2.124;49.99;573.8;1.094;629.3;0.611;774.6;0.511;60;0;0;2.079;2.152;2.142;456;472;474;49.99;49.99;49.99;5567;1000;0.0;0;0.0000;0;0;1397;1397;1397
60;2014-07-11 09:10:00;909402N262;1614;1.423;37;233;233;232;234;2.426;49.99;574.8;1.246;633.8;0.693;773.4;0.599;60;0;0;2.379;2.455;2.446;526;542;544;49.99;49.99;49.99;5567;1000;0.0;0;0.0000;0;0;1423;1423;1423
60;2014-07-11 09:11:00;909402N262;1746;1.452;37;233;233;233;234;2.614;50.00;573.2;1.361;633.5;0.739;774.2;0.652;60;0;0;2.562;2.653;2.627;569;589;586;50.00;50.00;50.00;5567;1000;0.0;0;0.0000;0;0;1452;1452;1452
60;2014-07-11 09:12:00;909402N262;1699;1.481;37;233;233;233;234;2.550;50.00;570.1;1.341;654.8;0.683;772.9;0.637;60;0;0;2.500;2.588;2.563;554;573;571;50.00;50.00;50.00;5567;1000;0.0;0;0.0000;0;0;1481;1481;1481
60;2014-07-11 09:13:00;909402N262;1517;1.506;38;233;233;233;234;2.292;49.99;566.7;1.213;652.0;0.608;767.7;0.568;60;0;0;2.247;2.323;2.307;494;511;510;49.99;49.99;49.99;5567;1000;0.0;0;0.0000;0;0;1506;1506;1506
60;2014-07-11 09:14:00;909402N262;1377;1.529;38;233;234;233;234;2.094;49.99;564.9;1.104;638.3;0.570;765.9;0.513;60;0;0;2.050;2.126;2.106;448;464;463;49.99;49.99;49.99;5567;1000;0.0;0;0.0000;0;0;1529;1529;1529
60;2014-07-11 09:15:00;909402N262;1376;1.552;38;233;233;233;234;2.074;49.99;565.4;1.094;627.6;0.587;778.1;0.505;60;0;0;2.025;2.111;2.086;446;466;463;49.99;49.99;49.99;5567;1000;0.0;0;0.0000;0;0;1552;1552;1552
60;2014-07-11 09:16:00;909402N262;1403;1.576;38;234;233;233;234;2.080;50.01;560.0;1.124;627.9;0.589;790.3;0.516;60;0;0;2.025;2.119;2.097;454;476;472;50.01;50.01;50.01;5567;1000;0.0;0;0.0000;0;0;1576;1576;1576
60;2014-07-11 09:17:00;909402N262;1351;1.598;38;233;233;233;234;2.033;50.00;563.1;1.086;614.0;0.577;785.1;0.495;60;0;0;1.980;2.072;2.047;436;458;454;50.00;50.00;50.00;5567;1000;0.0;0;0.0000;0;0;1598;1598;1598
60;2014-07-11 09:18:00;909402N262;1297;1.619;38;234;234;233;234;1.958;50.00;561.6;1.044;613.5;0.553;787.1;0.475;60;0;0;1.911;1.990;1.975;420;439;437;50.00;50.00;50.00;5567;1000;0.0;0;0.0000;0;0;1619;1619;1619
60;2014-07-11 09:19:00;909402N262;1257;1.640;38;233;233;233;234;1.907;49.99;560.8;1.018;613.5;0.536;785.6;0.457;60;0;0;1.865;1.938;1.918;407;425;423;49.99;49.99;49.99;5567;1000;0.0;0;0.0000;0;0;1640;1640;1640
60;2014-07-11 09:20:00;909402N262;1219;1.661;38;233;233;233;234;1.861;49.99;559.8;0.992;617.2;0.517;780.8;0.444;60;0;0;1.819;1.895;1.870;395;413;409;49.99;49.99;49.99;5567;1000;0.0;0;0.0000;0;0;1661;1661;1661
60;2014-07-11 09:21:00;909402N262;1195;1.681;38;233;233;233;234;1.837;49.99;559.5;0.972;625.4;0.504;774.9;0.435;60;0;0;1.805;1.869;1.839;389;405;400;49.99;49.99;49.99;5567;1000;0.0;0;0.0000;0;0;1681;1681;1681
60;2014-07-11 09:22:00;909402N262;1217;1.702;38;233;233;232;234;1.861;50.00;560.6;0.982;628.4;0.518;776.7;0.441;60;0;0;1.817;1.899;1.869;394;413;408;50.00;50.00;50.00;5567;1000;0.0;0;0.0000;0;0;1702;1702;1702
60;2014-07-11 09:23:00;909402N262;1254;1.722;38;233;233;232;234;1.907;50.02;562.9;1.004;635.8;0.528;781.3;0.453;60;0;0;1.861;1.939;1.923;406;423;423;50.02;50.02;50.02;5567;1000;0.0;0;0.0000;0;0;1722;1722;1722
60;2014-07-11 09:24:00;909402N262;1261;1.743;38;233;233;232;234;1.924;50.01;566.6;1.003;633.4;0.533;777.6;0.459;60;0;0;1.880;1.957;1.935;409;426;425;50.01;50.01;50.01;5567;1000;0.0;0;0.0000;0;0;1743;1743;1743
60;2014-07-11 09:25:00;909402N262;1258;1.764;38;233;233;232;233;1.925;50.01;568.9;0.997;629.0;0.536;773.7;0.458;60;0;0;1.880;1.960;1.935;408;425;422;50.01;50.01;50.01;5567;1000;0.0;0;0.0000;0;0;1764;1764;1764
60;2014-07-11 09:26:00;909402N262;1280;1.785;38;233;233;233;234;1.952;49.99;569.0;1.011;630.5;0.552;774.5;0.462;60;0;0;1.907;1.991;1.959;415;434;429;49.99;49.99;49.99;5567;1000;0.0;0;0.0000;0;0;1785;1785;1785
60;2014-07-11 09:27:00;909402N262;1387;1.808;38;233;233;233;233;2.089;50.00;569.0;1.086;636.9;0.604;784.3;0.494;60;0;0;2.046;2.121;2.102;450;468;466;50.00;50.00;50.00;5567;1000;0.0;0;0.0000;0;0;1808;1808;1808
60;2014-07-11 09:28:00;909402N262;1574;1.835;38;233;233;233;233;2.332;49.98;571.3;1.221;634.0;0.694;794.4;0.555;60;0;0;2.284;2.368;2.344;512;531;529;49.98;49.98;49.98;5567;1000;0.0;0;0.0000;0;0;1835;1835;1835
60;2014-07-11 09:29:00;909402N262;1770;1.865;38;233;233;233;233;2.608;49.97;572.9;1.370;643.5;0.762;795.0;0.631;60;0;0;2.556;2.653;2.617;576;599;593;49.97;49.97;49.97;5567;1000;0.0;0;0.0000;0;0;1865;1865;1865
60;2014-07-11 09:30:00;909402N262;1866;1.895;38;233;233;233;233;2.745;49.99;573.6;1.451;652.1;0.786;795.0;0.665;60;0;0;2.688;2.803;2.744;608;634;623;49.99;49.99;49.99;5567;1000;0.0;0;0.0000;0;0;1895;1895;1895
60;2014-07-11 09:31:00;909402N262;1830;1.926;38;233;233;233;233;2.688;49.99;568.1;1.447;629.5;0.787;795.1;0.658;60;0;0;2.635;2.739;2.691;596;621;611;49.99;49.99;49.99;5567;1000;0.0;0;0.0000;0;0;1926;1926;1926
60;2014-07-11 09:32:00;909402N262;1788;1.955;38;233;233;232;234;2.636;49.99;572.9;1.406;645.3;0.755;794.5;0.631;60;0;0;2.583;2.679;2.648;582;604;601;49.99;49.99;49.99;5567;1000;0.0;0;0.0000;0;0;1955;1955;1955
60;2014-07-11 09:33:00;909402N262;1868;1.987;38;233;233;232;234;2.747;50.00;573.6;1.457;650.2;0.796;794.8;0.656;60;0;0;2.685;2.801;2.755;607;633;626;50.00;50.00;50.00;5567;1000;0.0;0;0.0000;0;0;1987;1987;1987
60;2014-07-11 09:34:00;909402N262;1976;2.019;39;233;232;232;234;2.900;50.00;573.8;1.540;643.8;0.844;794.8;0.702;60;0;0;2.838;2.935;2.927;642;665;668;50.00;50.00;50.00;5567;1000;0.0;0;0.0000;0;0;2019;2019;2019
60;2014-07-11 09:35:00;909402N262;2093;2.055;39;233;232;232;234;3.060;49.99;576.1;1.619;647.0;0.893;794.8;0.747;60;0;0;2.990;3.097;3.094;680;703;708;49.99;49.99;49.99;5567;1000;0.0;0;0.0000;0;0;2055;2055;2055
60;2014-07-11 09:36:00;909402N262;2052;2.089;39;233;232;232;234;3.005;50.00;575.5;1.605;645.2;0.857;794.7;0.737;60;0;0;2.940;3.043;3.033;666;691;693;50.00;50.00;50.00;5567;1000;0.0;0;0.0000;0;0;2089;2089;2089
60;2014-07-11 09:37:00;909402N262;1904;2.121;39;233;232;233;233;2.800;50.02;573.1;1.509;645.4;0.785;794.7;0.680;60;0;0;2.741;2.853;2.808;619;646;638;50.02;50.02;50.02;5567;1000;0.0;0;0.0000;0;0;2121;2121;2121
60;2014-07-11 09:38:00;909402N262;1865;2.151;39;233;232;233;233;2.746;50.01;573.4;1.471;649.9;0.786;794.7;0.652;60;0;0;2.686;2.804;2.749;605;635;624;50.01;50.01;50.01;5567;1000;0.0;0;0.0000;0;0;2151;2151;2151
60;2014-07-11 09:39:00;909402N262;2043;2.186;39;233;233;233;233;2.992;50.01;573.7;1.589;643.5;0.881;794.7;0.725;60;0;0;2.934;3.036;3.008;666;690;685;50.01;50.01;50.01;5567;1000;0.0;0;0.0000;0;0;2186;2186;2186
60;2014-07-11 09:40:00;909402N262;2179;2.222;39;233;233;233;232;3.181;50.01;573.6;1.697;643.6;0.924;794.7;0.784;60;0;0;3.125;3.225;3.193;714;736;726;50.01;50.01;50.01;5567;1000;0.0;0;0.0000;0;0;2222;2222;2222
60;2014-07-11 09:41:00;909402N262;2172;2.258;39;233;233;233;232;3.173;50.01;572.3;1.706;643.1;0.906;794.6;0.787;60;0;0;3.119;3.226;3.174;713;737;721;50.01;50.01;50.01;5567;1000;0.0;0;0.0000;0;0;2258;2258;2258
60;2014-07-11 09:42:00;909402N262;2063;2.293;39;232;233;233;231;3.021;50.01;571.3;1.632;641.2;0.858;794.8;0.743;60;0;0;2.970;3.072;3.023;677;699;684;50.01;50.01;50.01;5567;1000;0.0;0;0.0000;0;0;2293;2293;2293
60;2014-07-11 09:43:00;909402N262;2027;2.327;39;232;233;233;232;2.971;50.00;572.1;1.600;640.7;0.844;794.8;0.730;60;0;0;2.921;3.023;2.971;665;687;672;50.00;50.00;50.00;5567;1000;0.0;0;0.0000;0;0;2327;2327;2327
60;2014-07-11 09:44:00;909402N262;2073;2.361;39;235;236;235;234;3.007;49.99;574.7;1.627;644.1;0.848;794.4;0.759;60;0;0;2.961;3.053;3.007;681;702;688;49.99;49.99;49.99;5567;1000;0.0;0;0.0000;0;0;2361;2361;2361
60;2014-07-11 09:45:00;909402N262;1961;2.394;39;235;236;235;234;2.861;49.99;577.1;1.547;645.0;0.798;793.9;0.707;60;0;0;2.814;2.920;2.849;644;667;648;49.99;49.99;49.99;5567;1000;0.0;0;0.0000;0;0;2394;2394;2394
60;2014-07-11 09:46:00;909402N262;1801;2.425;39;235;235;235;234;2.626;50.01;563.5;1.458;624.8;0.762;794.9;0.649;60;0;0;2.576;2.682;2.621;587;614;598;50.01;50.01;50.01;5567;1000;0.0;0;0.0000;0;0;2425;2425;2425
60;2014-07-11 09:47:00;909402N262;1726;2.453;39;235;235;235;235;2.508;49.99;573.7;1.370;640.0;0.715;794.9;0.614;60;0;0;2.459;2.560;2.507;562;586;575;49.99;49.99;49.99;5567;1000;0.0;0;0.0000;0;0;2453;2453;2453
60;2014-07-11 09:48:00;909402N262;1704;2.481;39;235;233;236;236;2.485;49.99;569.9;1.367;637.7;0.696;793.1;0.614;60;0;0;2.422;2.546;2.489;548;583;572;49.99;49.99;49.99;5567;1000;0.0;0;0.0000;0;0;2481;2481;2481
60;2014-07-11 09:49:00;909402N262;1657;2.508;39;235;234;235;236;2.427;50.00;567.9;1.339;639.6;0.675;790.0;0.594;60;0;0;2.374;2.475;2.434;536;563;556;50.00;50.00;50.00;5567;1000;0.0;0;0.0000;0;0;2508;2508;2508
60;2014-07-11 09:50:00;909402N262;1650;2.537;39;235;234;235;235;2.418;50.01;570.6;1.314;641.4;0.688;789.0;0.588;60;0;0;2.363;2.458;2.435;535;557;555;50.01;50.01;50.01;5567;1000;0.0;0;0.0000;0;0;2537;2537;2537
60;2014-07-11 09:51:00;909402N262;1753;2.566;39;235;235;235;235;2.554;50.00;561.3;1.389;642.0;0.747;793.6;0.632;60;0;0;2.502;2.599;2.561;570;594;587;50.00;50.00;50.00;5567;1000;0.0;0;0.0000;0;0;2566;2566;2566
60;2014-07-11 09:52:00;909402N262;1805;2.596;39;235;235;235;236;2.621;50.00;560.5;1.434;642.0;0.766;794.2;0.652;60;0;0;2.573;2.672;2.619;589;611;603;50.00;50.00;50.00;5567;1000;0.0;0;0.0000;0;0;2596;2596;2596
60;2014-07-11 09:53:00;909402N262;1773;2.625;40;235;235;234;236;2.590;50.02;559.8;1.426;641.9;0.729;788.4;0.652;60;0;0;2.538;2.631;2.601;577;599;596;50.02;50.02;50.02;5567;1000;0.0;0;0.0000;0;0;2625;2625;2625
60;2014-07-11 09:54:00;909402N262;1649;2.653;40;235;235;235;235;2.423;50.03;558.8;1.352;644.2;0.661;780.9;0.606;60;0;0;2.376;2.461;2.433;537;557;553;50.03;50.03;50.03;5567;1000;0.0;0;0.0000;0;0;2653;2653;2653
60;2014-07-11 09:55:00;909402N262;1444;2.677;40;235;235;235;235;2.134;50.03;557.9;1.198;630.1;0.590;776.6;0.525;60;0;0;2.095;2.167;2.142;471;487;483;50.03;50.03;50.03;5567;1000;0.0;0;0.0000;0;0;2677;2677;2677
60;2014-07-11 09:56:00;909402N262;1313;2.699;40;235;235;235;235;1.952;50.02;557.9;1.088;631.8;0.539;771.5;0.478;60;0;0;1.914;1.994;1.948;427;447;437;50.02;50.02;50.02;5567;1000;0.0;0;0.0000;0;0;2699;2699;2699
60;2014-07-11 09:57:00;909402N262;1282;2.720;40;235;234;235;235;1.910;50.01;559.4;1.051;638.6;0.525;766.9;0.469;60;0;0;1.870;1.948;1.912;415;436;428;50.01;50.01;50.01;5567;1000;0.0;0;0.0000;0;0;2720;2720;2720
60;2014-07-11 09:58:00;909402N262;1322;2.743;40;235;234;234;235;1.969;50.01;556.6;1.076;639.2;0.552;771.1;0.486;60;0;0;1.916;2.005;1.986;426;448;447;50.01;50.01;50.01;5567;1000;0.0;0;0.0000;0;0;2743;2743;2743
60;2014-07-11 09:59:00;909402N262;1386;2.765;40;234;234;234;234;2.060;50.01;552.7;1.127;640.4;0.587;774.6;0.505;60;0;0;2.026;2.098;2.058;453;470;460;50.01;50.01;50.01;5567;1000;0.0;0;0.0000;0;0;2765;2765;2765
60;2014-07-11 10:00:00;909402N262;1445;2.789;40;234;234;234;234;2.142;49.98;552.7;1.174;644.6;0.613;777.7;0.522;60;0;0;2.100;2.180;2.148;470;490;483;49.98;49.98;49.98;5567;1000;0.0;0;0.0000;0;0;2789;2789;2789
[wr_ende]
