20140307;170004;danfoss;My Plant;+0100
[wr_def_start]
909402N262;Inverter Type;Inverter Group;Hanzl
[wr_def_end]
[wr]
INTERVAL;TIMESTAMP;SERIAL;P_AC;E_DAY;T_WR;U_AC;U_AC_1;U_AC_2;U_AC_3;I_AC;F_AC;U_DC_1;I_DC_1;U_DC_2;I_DC_2;U_DC_3;I_DC_3;S;E_WR;M_WR;I_AC_1;I_AC_2;I_AC_3;P_AC_1;P_AC_2;P_AC_3;F_AC_1;F_AC_2;F_AC_3;R_DC;PC;PCS;PCS_LL;COS_PHI;COS_PHI_LL;S_COS_PHI;Current_Day_Energy;current_Day_Offset;ccEnergyOfDay_WithoutOffset
60;2014-03-07 16:01:00;909402N262;2081;44.326;39;235;234;235;236;2.996;50.00;570.7;1.570;635.8;0.868;795.7;0.822;60;0;0;2.934;3.032;3.022;675;703;701;50.00;50.00;50.00;25195;1000;0.0;0;0.0000;0;0;44326;44326;44326
60;2014-03-07 16:02:00;909402N262;2083;44.360;39;236;234;236;236;3.012;50.01;575.0;1.570;658.4;0.853;795.1;0.801;60;0;0;2.944;3.059;3.035;674;705;702;50.01;50.01;50.01;25195;1000;0.0;0;0.0000;0;0;44360;44360;44360
60;2014-03-07 16:03:00;909402N262;2014;44.394;39;233;232;233;234;2.944;50.01;575.6;1.523;657.3;0.825;795.2;0.767;60;0;0;2.875;2.992;2.966;652;681;679;50.01;50.01;50.01;25195;1000;0.0;0;0.0000;0;0;44394;44394;44394
60;2014-03-07 16:04:00;909402N262;1894;44.426;39;232;231;232;233;2.794;50.01;576.5;1.421;656.2;0.773;795.4;0.732;60;0;0;2.732;2.848;2.802;613;642;636;50.01;50.01;50.01;25195;1000;0.0;0;0.0000;0;0;44426;44426;44426
60;2014-03-07 16:05:00;909402N262;1842;44.456;39;234;233;234;235;2.703;50.01;576.4;1.398;655.4;0.752;795.2;0.699;60;0;0;2.637;2.758;2.716;596;625;620;50.01;50.01;50.01;25195;1000;0.0;0;0.0000;0;0;44456;44456;44456
60;2014-03-07 16:06:00;909402N262;1678;44.483;39;234;233;234;234;2.472;50.01;577.8;1.252;652.7;0.684;795.3;0.652;60;0;0;2.416;2.516;2.485;545;567;564;50.01;50.01;50.01;25195;1000;0.0;0;0.0000;0;0;44483;44483;44483
60;2014-03-07 16:07:00;909402N262;1607;44.511;39;234;233;234;234;2.373;50.01;576.9;1.213;652.3;0.656;795.1;0.617;60;0;0;2.315;2.420;2.384;521;544;540;50.01;50.01;50.01;25195;1000;0.0;0;0.0000;0;0;44511;44511;44511
60;2014-03-07 16:08:00;909402N262;1508;44.536;39;234;233;233;234;2.235;50.00;563.4;1.165;649.4;0.618;795.2;0.579;60;0;0;2.178;2.280;2.248;488;511;507;50.00;50.00;50.00;25195;1000;0.0;0;0.0000;0;0;44536;44536;44536
60;2014-03-07 16:09:00;909402N262;1489;44.560;39;233;233;233;234;2.206;50.01;553.3;1.186;649.2;0.613;795.3;0.559;60;0;0;2.153;2.249;2.218;483;504;500;50.01;50.01;50.01;25195;1000;0.0;0;0.0000;0;0;44560;44560;44560
60;2014-03-07 16:10:00;909402N262;1511;44.586;39;233;233;234;234;2.236;50.01;554.4;1.220;650.4;0.625;795.5;0.551;60;0;0;2.182;2.280;2.247;489;513;507;50.01;50.01;50.01;25195;1000;0.0;0;0.0000;0;0;44586;44586;44586
60;2014-03-07 16:11:00;909402N262;1556;44.612;39;233;233;234;234;2.303;50.02;555.0;1.277;651.8;0.646;795.3;0.551;60;0;0;2.249;2.346;2.314;505;528;522;50.02;50.02;50.02;25195;1000;0.0;0;0.0000;0;0;44612;44612;44612
60;2014-03-07 16:12:00;909402N262;1608;44.638;39;233;232;234;234;2.377;50.01;555.5;1.335;654.2;0.673;795.3;0.549;60;0;0;2.313;2.429;2.390;518;547;540;50.01;50.01;50.01;25195;1000;0.0;0;0.0000;0;0;44638;44638;44638
60;2014-03-07 16:13:00;909402N262;1521;44.665;39;233;232;234;234;2.254;50.01;558.9;1.225;653.2;0.636;795.4;0.542;60;0;0;2.192;2.300;2.270;490;517;512;50.01;50.01;50.01;25195;1000;0.0;0;0.0000;0;0;44665;44665;44665
60;2014-03-07 16:14:00;909402N262;1533;44.689;39;233;232;234;234;2.271;50.01;561.9;1.225;653.5;0.642;795.6;0.548;60;0;0;2.207;2.319;2.287;494;521;516;50.01;50.01;50.01;25195;1000;0.0;0;0.0000;0;0;44689;44689;44689
60;2014-03-07 16:15:00;909402N262;1574;44.715;39;233;232;234;234;2.331;50.00;568.8;1.243;653.8;0.661;795.3;0.560;60;0;0;2.271;2.381;2.341;508;535;529;50.00;50.00;50.00;25195;1000;0.0;0;0.0000;0;0;44715;44715;44715
60;2014-03-07 16:16:00;909402N262;1620;44.742;38;233;232;233;233;2.396;49.99;570.4;1.293;637.1;0.688;795.3;0.577;60;0;0;2.336;2.444;2.410;524;550;545;49.99;49.99;49.99;25195;1000;0.0;0;0.0000;0;0;44742;44742;44742
60;2014-03-07 16:17:00;909402N262;1690;44.771;38;233;232;233;234;2.496;50.00;573.4;1.341;657.1;0.708;794.8;0.588;60;0;0;2.431;2.551;2.508;545;575;568;50.00;50.00;50.00;25195;1000;0.0;0;0.0000;0;0;44771;44771;44771
60;2014-03-07 16:18:00;909402N262;1671;44.799;38;233;232;233;234;2.471;50.00;571.6;1.327;657.0;0.696;794.8;0.589;60;0;0;2.403;2.528;2.483;539;569;561;50.00;50.00;50.00;25195;1000;0.0;0;0.0000;0;0;44799;44799;44799
60;2014-03-07 16:19:00;909402N262;1552;44.824;38;233;232;233;233;2.303;49.98;568.9;1.215;655.9;0.641;795.0;0.567;60;0;0;2.244;2.355;2.311;500;528;521;49.98;49.98;49.98;25195;1000;0.0;0;0.0000;0;0;44824;44824;44824
60;2014-03-07 16:20:00;909402N262;1431;44.848;38;233;232;233;234;2.132;49.98;565.7;1.113;651.5;0.591;794.9;0.534;60;0;0;2.073;2.174;2.150;461;485;483;49.98;49.98;49.98;25195;1000;0.0;0;0.0000;0;0;44848;44848;44848
60;2014-03-07 16:21:00;909402N262;1329;44.871;38;233;232;233;234;1.989;49.98;563.1;1.030;649.1;0.551;794.9;0.503;60;0;0;1.936;2.024;2.009;429;450;449;49.98;49.98;49.98;25195;1000;0.0;0;0.0000;0;0;44871;44871;44871
60;2014-03-07 16:22:00;909402N262;1273;44.892;38;233;232;233;233;1.911;49.97;562.5;0.987;648.0;0.530;794.8;0.481;60;0;0;1.859;1.955;1.920;411;434;426;49.97;49.97;49.97;25195;1000;0.0;0;0.0000;0;0;44892;44892;44892
60;2014-03-07 16:23:00;909402N262;1240;44.913;38;232;233;233;232;1.865;49.97;561.7;0.957;647.8;0.519;794.5;0.472;60;0;0;1.826;1.903;1.868;404;421;414;49.97;49.97;49.97;25195;1000;0.0;0;0.0000;0;0;44913;44913;44913
60;2014-03-07 16:24:00;909402N262;1196;44.932;38;232;233;233;232;1.803;49.97;559.7;0.913;646.9;0.501;794.1;0.463;60;0;0;1.769;1.842;1.799;390;408;396;49.97;49.97;49.97;25195;1000;0.0;0;0.0000;0;0;44932;44932;44932
60;2014-03-07 16:25:00;909402N262;1185;44.953;38;233;233;233;232;1.783;49.98;557.4;0.899;646.9;0.498;794.6;0.464;60;0;0;1.746;1.821;1.784;386;404;393;49.98;49.98;49.98;25195;1000;0.0;0;0.0000;0;0;44953;44953;44953
60;2014-03-07 16:26:00;909402N262;1145;44.971;38;232;233;232;232;1.736;49.98;555.9;0.867;647.3;0.482;794.7;0.450;60;0;0;1.718;1.775;1.715;378;392;373;49.98;49.98;49.98;25195;1000;0.0;0;0.0000;0;0;44971;44971;44971
60;2014-03-07 16:27:00;909402N262;1121;44.990;38;232;232;232;232;1.705;49.96;555.2;0.852;645.5;0.476;794.6;0.437;60;0;0;1.682;1.738;1.697;368;382;369;49.96;49.96;49.96;25195;1000;0.0;0;0.0000;0;0;44990;44990;44990
60;2014-03-07 16:28:00;909402N262;1114;45.008;38;232;233;233;232;1.695;49.97;555.1;0.848;645.5;0.474;794.7;0.434;60;0;0;1.673;1.732;1.682;366;381;365;49.97;49.97;49.97;25195;1000;0.0;0;0.0000;0;0;45008;45008;45008
60;2014-03-07 16:29:00;909402N262;1060;45.026;38;233;233;233;232;1.623;49.97;551.7;0.799;643.3;0.451;794.8;0.423;60;0;0;1.581;1.660;1.629;342;362;354;49.97;49.97;49.97;25195;1000;0.0;0;0.0000;0;0;45026;45026;45026
60;2014-03-07 16:30:00;909402N262;1019;45.044;38;232;232;233;232;1.568;49.98;550.2;0.763;642.3;0.434;794.6;0.411;60;0;0;1.527;1.607;1.570;327;348;340;49.98;49.98;49.98;25195;1000;0.0;0;0.0000;0;0;45044;45044;45044
60;2014-03-07 16:31:00;909402N262;984;45.060;37;232;232;233;232;1.515;49.99;546.1;0.744;617.3;0.427;786.0;0.403;60;0;0;1.480;1.550;1.517;317;338;328;49.99;49.99;49.99;25195;1000;0.0;0;0.0000;0;0;45060;45060;45060
60;2014-03-07 16:32:00;909402N262;989;45.076;37;232;232;233;232;1.529;49.98;549.4;0.748;641.6;0.425;794.9;0.394;60;0;0;1.488;1.573;1.527;318;340;329;49.98;49.98;49.98;25195;1000;0.0;0;0.0000;0;0;45076;45076;45076
60;2014-03-07 16:33:00;909402N262;940;45.092;37;232;232;232;233;1.483;49.98;546.7;0.704;639.7;0.404;793.2;0.381;60;0;0;1.445;1.519;1.487;303;321;314;49.98;49.98;49.98;25195;1000;0.0;0;0.0000;0;0;45092;45092;45092
60;2014-03-07 16:34:00;909402N262;920;45.107;37;232;232;232;233;1.440;49.97;546.4;0.685;639.3;0.398;794.3;0.374;60;0;0;1.398;1.471;1.452;295;314;309;49.97;49.97;49.97;25195;1000;0.0;0;0.0000;0;0;45107;45107;45107
60;2014-03-07 16:35:00;909402N262;915;45.122;37;232;231;232;233;1.433;49.97;556.9;0.661;639.5;0.398;794.4;0.375;60;0;0;1.389;1.464;1.448;293;312;307;49.97;49.97;49.97;25195;1000;0.0;0;0.0000;0;0;45122;45122;45122
60;2014-03-07 16:36:00;909402N262;930;45.138;37;232;231;232;233;1.460;49.98;563.9;0.660;641.5;0.406;794.0;0.382;60;0;0;1.422;1.486;1.474;299;316;313;49.98;49.98;49.98;25195;1000;0.0;0;0.0000;0;0;45138;45138;45138
60;2014-03-07 16:37:00;909402N262;951;45.154;37;232;231;232;233;1.478;49.98;561.9;0.673;643.3;0.415;794.6;0.391;60;0;0;1.433;1.509;1.493;304;324;321;49.98;49.98;49.98;25195;1000;0.0;0;0.0000;0;0;45154;45154;45154
60;2014-03-07 16:38:00;909402N262;968;45.169;37;232;231;232;233;1.500;49.98;568.7;0.674;644.3;0.422;794.8;0.400;60;0;0;1.457;1.535;1.508;310;331;326;49.98;49.98;49.98;25195;1000;0.0;0;0.0000;0;0;45169;45169;45169
60;2014-03-07 16:39:00;909402N262;986;45.187;37;232;231;233;233;1.528;49.99;569.2;0.686;645.6;0.431;794.8;0.408;60;0;0;1.484;1.568;1.534;315;339;331;49.99;49.99;49.99;25195;1000;0.0;0;0.0000;0;0;45187;45187;45187
60;2014-03-07 16:40:00;909402N262;1000;45.203;37;233;232;233;233;1.546;49.99;570.8;0.694;645.6;0.437;794.7;0.412;60;0;0;1.502;1.584;1.552;320;343;335;49.99;49.99;49.99;25195;1000;0.0;0;0.0000;0;0;45203;45203;45203
60;2014-03-07 16:41:00;909402N262;1008;45.220;37;232;232;232;233;1.556;49.98;558.7;0.718;645.5;0.442;794.9;0.414;60;0;0;1.509;1.595;1.564;323;346;338;49.98;49.98;49.98;25195;1000;0.0;0;0.0000;0;0;45220;45220;45220
60;2014-03-07 16:42:00;909402N262;1025;45.237;37;232;232;232;233;1.575;49.98;553.5;0.747;645.9;0.448;795.0;0.415;60;0;0;1.531;1.607;1.589;329;349;345;49.98;49.98;49.98;25195;1000;0.0;0;0.0000;0;0;45237;45237;45237
60;2014-03-07 16:43:00;909402N262;1011;45.254;37;232;231;232;233;1.557;49.98;554.9;0.740;645.1;0.442;794.9;0.405;60;0;0;1.511;1.597;1.565;324;346;339;49.98;49.98;49.98;25195;1000;0.0;0;0.0000;0;0;45254;45254;45254
60;2014-03-07 16:44:00;909402N262;967;45.270;37;232;231;232;233;1.499;49.99;555.5;0.704;643.1;0.423;794.8;0.389;60;0;0;1.456;1.535;1.506;309;331;325;49.99;49.99;49.99;25195;1000;0.0;0;0.0000;0;0;45270;45270;45270
60;2014-03-07 16:45:00;909402N262;964;45.286;37;232;232;232;233;1.496;49.99;559.1;0.695;643.1;0.422;794.5;0.390;60;0;0;1.452;1.529;1.508;309;329;324;49.99;49.99;49.99;25195;1000;0.0;0;0.0000;0;0;45286;45286;45286
60;2014-03-07 16:46:00;909402N262;1063;45.303;37;232;231;231;234;1.623;49.99;541.9;0.826;629.7;0.473;790.3;0.413;60;0;0;1.584;1.649;1.636;343;360;358;49.99;49.99;49.99;25195;1000;0.0;0;0.0000;0;0;45303;45303;45303
60;2014-03-07 16:47:00;909402N262;1126;45.324;37;232;231;232;234;1.711;50.00;532.2;0.899;650.5;0.493;794.7;0.421;60;0;0;1.678;1.737;1.720;366;381;377;50.00;50.00;50.00;25195;1000;0.0;0;0.0000;0;0;45324;45324;45324
60;2014-03-07 16:48:00;909402N262;1052;45.341;36;232;230;232;233;1.619;50.00;544.2;0.808;646.6;0.463;794.5;0.405;60;0;0;1.570;1.650;1.637;337;358;356;50.00;50.00;50.00;25195;1000;0.0;0;0.0000;0;0;45341;45341;45341
60;2014-03-07 16:49:00;909402N262;995;45.357;36;232;230;232;233;1.544;49.99;561.8;0.726;644.6;0.436;794.1;0.393;60;0;0;1.502;1.581;1.551;318;340;334;49.99;49.99;49.99;25195;1000;0.0;0;0.0000;0;0;45357;45357;45357
60;2014-03-07 16:50:00;909402N262;986;45.374;36;232;231;232;232;1.532;49.99;558.2;0.716;644.4;0.430;794.0;0.399;60;0;0;1.492;1.566;1.540;316;338;331;49.99;49.99;49.99;25195;1000;0.0;0;0.0000;0;0;45374;45374;45374
60;2014-03-07 16:51:00;909402N262;1014;45.391;36;232;231;232;232;1.567;49.98;562.8;0.734;645.6;0.443;794.5;0.406;60;0;0;1.525;1.602;1.574;325;348;340;49.98;49.98;49.98;25195;1000;0.0;0;0.0000;0;0;45391;45391;45391
60;2014-03-07 16:52:00;909402N262;991;45.407;36;232;231;232;232;1.547;49.99;558.7;0.718;645.1;0.432;793.4;0.400;60;0;0;1.501;1.589;1.553;317;342;330;49.99;49.99;49.99;25195;1000;0.0;0;0.0000;0;0;45407;45407;45407
60;2014-03-07 16:53:00;909402N262;980;45.423;36;232;231;233;232;1.551;49.99;560.4;0.703;645.1;0.428;791.0;0.401;60;0;0;1.501;1.598;1.556;315;338;325;49.99;49.99;49.99;25195;1000;0.0;0;0.0000;0;0;45423;45423;45423
60;2014-03-07 16:54:00;909402N262;1020;45.440;36;232;231;233;232;1.585;50.00;553.9;0.743;646.4;0.449;793.4;0.410;60;0;0;1.543;1.629;1.585;327;351;340;50.00;50.00;49.99;25195;1000;0.0;0;0.0000;0;0;45440;45440;45440
60;2014-03-07 16:55:00;909402N262;1000;45.458;36;232;231;233;233;1.552;50.01;559.3;0.710;645.9;0.436;794.0;0.414;60;0;0;1.509;1.587;1.560;321;343;334;50.01;50.01;50.01;25195;1000;0.0;0;0.0000;0;0;45458;45458;45458
60;2014-03-07 16:56:00;909402N262;1035;45.475;36;232;231;232;233;1.597;50.00;541.4;0.769;646.7;0.457;794.0;0.417;60;0;0;1.551;1.629;1.613;332;353;348;50.00;50.00;50.00;25195;1000;0.0;0;0.0000;0;0;45475;45475;45475
60;2014-03-07 16:57:00;909402N262;1003;45.491;36;232;231;232;233;1.552;49.99;557.7;0.714;644.9;0.439;794.2;0.414;60;0;0;1.508;1.590;1.560;320;345;336;49.99;49.99;49.99;25195;1000;0.0;0;0.0000;0;0;45491;45491;45491
60;2014-03-07 16:58:00;909402N262;972;45.508;36;232;231;232;233;1.528;50.02;555.4;0.693;643.4;0.423;792.6;0.406;60;0;0;1.482;1.564;1.539;311;333;326;50.02;50.02;50.02;25195;1000;0.0;0;0.0000;0;0;45508;45508;45508
60;2014-03-07 16:59:00;909402N262;936;45.523;36;232;231;232;233;1.505;50.02;553.2;0.673;641.7;0.406;788.9;0.392;60;0;0;1.474;1.532;1.509;303;318;312;50.02;50.02;50.02;25195;1000;0.0;0;0.0000;0;0;45523;45523;45523
60;2014-03-07 17:00:00;909402N262;888;45.538;36;232;231;232;233;1.470;50.03;554.2;0.645;639.9;0.384;784.8;0.372;60;0;0;1.470;1.477;1.463;294;297;294;50.03;50.03;50.03;25195;1000;0.0;0;0.0000;0;0;45538;45538;45538
[wr_ende]
