20140803;180000;danfoss;My Plant;+0100
[wr_def_start]
909402N262;Inverter Type;Inverter Group;Hanzl
[wr_def_end]
[wr]
INTERVAL;TIMESTAMP;SERIAL;P_AC;E_DAY;T_WR;U_AC;U_AC_1;U_AC_2;U_AC_3;I_AC;F_AC;U_DC_1;I_DC_1;U_DC_2;I_DC_2;U_DC_3;I_DC_3;S;E_WR;M_WR;I_AC_1;I_AC_2;I_AC_3;P_AC_1;P_AC_2;P_AC_3;F_AC_1;F_AC_2;F_AC_3;R_DC;PC;PCS;PCS_LL;COS_PHI;COS_PHI_LL;S_COS_PHI;Current_Day_Energy;current_Day_Offset;ccEnergyOfDay_WithoutOffset
60;2014-08-03 17:01:00;909402N262;6466;53.513;51;236;236;236;237;9.132;50.01;493.3;5.779;595.9;2.753;739.2;2.831;60;0;0;9.094;9.151;9.153;2143;2159;2163;50.01;50.01;50.01;4639;1000;0.0;0;0.0000;0;0;53513;53513;53513
60;2014-08-03 17:02:00;909402N262;6498;53.621;51;236;236;236;237;9.182;50.02;495.9;5.766;609.7;2.720;738.3;2.827;60;0;0;9.134;9.215;9.198;2152;2169;2174;50.02;50.02;50.02;4639;1000;0.0;0;0.0000;0;0;53621;53621;53621
60;2014-08-03 17:03:00;909402N262;6439;53.729;51;236;236;236;237;9.102;50.01;496.7;5.707;610.3;2.693;737.7;2.797;60;0;0;9.050;9.141;9.115;2131;2152;2154;50.01;50.01;50.01;4639;1000;0.0;0;0.0000;0;0;53729;53729;53729
60;2014-08-03 17:04:00;909402N262;6368;53.836;51;236;236;236;237;9.000;50.00;498.2;5.620;610.4;2.662;739.7;2.764;60;0;0;8.948;9.045;9.007;2107;2131;2128;50.00;50.00;50.00;4639;1000;0.0;0;0.0000;0;0;53836;53836;53836
60;2014-08-03 17:05:00;909402N262;6319;53.941;51;236;236;236;237;8.936;50.01;501.1;5.542;610.1;2.643;739.9;2.745;60;0;0;8.892;8.977;8.941;2094;2113;2110;50.01;50.01;50.01;4639;1000;0.0;0;0.0000;0;0;53941;53941;53941
60;2014-08-03 17:06:00;909402N262;6290;54.045;51;236;236;236;236;8.895;50.00;504.7;5.469;610.2;2.628;742.4;2.729;60;0;0;8.844;8.934;8.908;2083;2104;2102;50.00;50.00;50.00;4639;1000;0.0;0;0.0000;0;0;54045;54045;54045
60;2014-08-03 17:07:00;909402N262;6237;54.150;51;236;236;236;236;8.822;49.99;507.7;5.382;610.2;2.606;742.5;2.712;60;0;0;8.768;8.865;8.833;2064;2088;2083;49.99;49.99;49.99;4639;1000;0.0;0;0.0000;0;0;54150;54150;54150
60;2014-08-03 17:08:00;909402N262;6176;54.252;51;236;236;236;236;8.742;49.99;512.0;5.278;611.2;2.577;742.6;2.687;60;0;0;8.688;8.787;8.751;2045;2069;2061;49.99;49.99;49.99;4639;1000;0.0;0;0.0000;0;0;54252;54252;54252
60;2014-08-03 17:09:00;909402N262;6137;54.355;51;236;236;236;236;8.685;49.99;515.4;5.195;611.5;2.564;742.4;2.675;60;0;0;8.631;8.737;8.687;2032;2057;2046;49.99;49.99;49.99;4639;1000;0.0;0;0.0000;0;0;54355;54355;54355
60;2014-08-03 17:10:00;909402N262;6093;54.456;51;236;236;236;236;8.625;50.00;516.7;5.130;611.9;2.548;742.2;2.666;60;0;0;8.574;8.675;8.627;2018;2041;2032;50.00;50.00;50.00;4639;1000;0.0;0;0.0000;0;0;54456;54456;54456
60;2014-08-03 17:11:00;909402N262;6061;54.555;51;236;236;236;236;8.579;50.00;487.7;5.431;612.3;2.523;742.2;2.647;60;0;0;8.530;8.624;8.585;2008;2028;2023;50.00;50.00;50.00;4639;1000;0.0;0;0.0000;0;0;54555;54555;54555
60;2014-08-03 17:12:00;909402N262;6055;54.657;51;236;236;236;237;8.558;50.00;488.0;5.424;612.3;2.517;742.1;2.645;60;0;0;8.515;8.599;8.560;2008;2025;2020;50.01;50.01;50.01;4639;1000;0.0;0;0.0000;0;0;54657;54657;54657
60;2014-08-03 17:13:00;909402N262;6028;54.756;51;236;236;236;236;8.522;49.99;488.5;5.399;612.6;2.505;742.3;2.630;60;0;0;8.475;8.559;8.534;1997;2016;2013;49.99;49.99;49.99;4639;1000;0.0;0;0.0000;0;0;54756;54756;54756
60;2014-08-03 17:14:00;909402N262;6009;54.858;51;236;236;236;236;8.504;49.99;489.2;5.375;612.8;2.492;743.5;2.619;60;0;0;8.444;8.541;8.527;1985;2011;2011;49.99;49.99;49.99;4639;1000;0.0;0;0.0000;0;0;54858;54858;54858
60;2014-08-03 17:15:00;909402N262;5956;54.959;51;236;236;236;236;8.428;49.99;489.4;5.326;612.5;2.470;743.3;2.597;60;0;0;8.383;8.461;8.440;1974;1990;1989;49.99;49.99;49.99;4639;1000;0.0;0;0.0000;0;0;54959;54959;54959
60;2014-08-03 17:16:00;909402N262;5851;55.055;51;236;236;236;236;8.283;49.99;486.4;5.274;608.4;2.445;737.2;2.581;60;0;0;8.240;8.313;8.298;1939;1954;1955;49.99;49.99;49.99;4639;1000;0.0;0;0.0000;0;0;55055;55055;55055
60;2014-08-03 17:17:00;909402N262;5850;55.153;51;236;236;236;236;8.302;49.99;490.2;5.227;612.5;2.423;744.2;2.548;60;0;0;8.257;8.336;8.313;1937;1957;1955;49.99;49.99;49.99;4639;1000;0.0;0;0.0000;0;0;55153;55153;55153
60;2014-08-03 17:18:00;909402N262;5821;55.249;51;236;236;236;236;8.262;49.99;490.7;5.198;612.5;2.409;744.3;2.534;60;0;0;8.217;8.304;8.265;1929;1950;1940;49.99;49.99;49.99;4639;1000;0.0;0;0.0000;0;0;55249;55249;55249
60;2014-08-03 17:19:00;909402N262;5763;55.346;51;236;236;236;236;8.181;49.99;491.3;5.139;612.5;2.385;744.3;2.510;60;0;0;8.137;8.229;8.178;1910;1932;1920;49.99;49.99;49.99;4639;1000;0.0;0;0.0000;0;0;55346;55346;55346
60;2014-08-03 17:20:00;909402N262;5725;55.442;51;236;236;236;236;8.126;49.98;500.6;4.989;612.8;2.376;744.3;2.500;60;0;0;8.081;8.176;8.123;1898;1920;1906;49.98;49.98;49.98;4639;1000;0.0;0;0.0000;0;0;55442;55442;55442
60;2014-08-03 17:21:00;909402N262;5663;55.535;51;236;237;236;236;8.040;49.99;490.5;5.015;613.3;2.358;743.2;2.485;60;0;0;8.006;8.085;8.029;1883;1897;1882;49.99;49.99;49.99;4639;1000;0.0;0;0.0000;0;0;55535;55535;55535
60;2014-08-03 17:22:00;909402N262;5694;55.631;51;236;237;236;236;8.079;49.99;482.3;5.129;613.9;2.364;745.4;2.493;60;0;0;8.048;8.121;8.070;1895;1905;1892;49.99;49.99;49.99;4639;1000;0.0;0;0.0000;0;0;55631;55631;55631
60;2014-08-03 17:23:00;909402N262;5674;55.725;51;236;237;236;236;8.054;49.99;482.3;5.114;614.3;2.357;742.5;2.487;60;0;0;8.020;8.099;8.045;1887;1899;1886;49.99;49.99;49.99;4639;1000;0.0;0;0.0000;0;0;55725;55725;55725
60;2014-08-03 17:24:00;909402N262;5614;55.819;51;236;236;236;236;7.973;49.98;483.2;5.064;615.3;2.330;740.3;2.460;60;0;0;7.940;8.015;7.966;1866;1878;1867;49.98;49.98;49.98;4639;1000;0.0;0;0.0000;0;0;55819;55819;55819
60;2014-08-03 17:25:00;909402N262;5551;55.911;51;236;236;236;236;7.884;49.99;483.5;5.003;615.2;2.303;741.6;2.427;60;0;0;7.851;7.918;7.885;1843;1855;1851;49.99;49.99;49.99;4639;1000;0.0;0;0.0000;0;0;55911;55911;55911
60;2014-08-03 17:26:00;909402N262;5533;56.004;51;236;236;236;237;7.857;49.97;483.8;4.982;615.9;2.290;744.3;2.415;60;0;0;7.792;7.898;7.881;1825;1853;1853;49.97;49.97;49.97;4639;1000;0.0;0;0.0000;0;0;56004;56004;56004
60;2014-08-03 17:27:00;909402N262;5513;56.095;51;236;236;236;237;7.825;49.98;484.2;4.969;616.2;2.284;741.0;2.408;60;0;0;7.766;7.863;7.846;1820;1845;1846;49.98;49.98;49.98;4639;1000;0.0;0;0.0000;0;0;56095;56095;56095
60;2014-08-03 17:28:00;909402N262;5529;56.188;51;236;236;236;237;7.844;49.97;484.6;4.974;616.7;2.283;744.8;2.409;60;0;0;7.803;7.875;7.855;1832;1847;1847;49.97;49.97;49.97;4639;1000;0.0;0;0.0000;0;0;56188;56188;56188
60;2014-08-03 17:29:00;909402N262;5508;56.280;51;236;236;236;236;7.816;49.98;485.3;4.954;617.2;2.273;742.8;2.402;60;0;0;7.771;7.856;7.822;1824;1843;1838;49.98;49.98;49.98;4639;1000;0.0;0;0.0000;0;0;56280;56280;56280
60;2014-08-03 17:30:00;909402N262;5455;56.370;51;236;236;236;236;7.747;49.97;486.6;4.891;618.0;2.247;744.5;2.377;60;0;0;7.697;7.784;7.761;1806;1824;1823;49.97;49.97;49.97;4639;1000;0.0;0;0.0000;0;0;56370;56370;56370
60;2014-08-03 17:31:00;909402N262;5387;56.461;51;236;236;236;237;7.698;49.98;482.8;4.875;607.9;2.250;741.8;2.373;60;0;0;7.645;7.738;7.713;1780;1805;1800;49.98;49.98;49.98;4639;1000;0.0;0;0.0000;0;0;56461;56461;56461
60;2014-08-03 17:32:00;909402N262;5425;56.551;51;236;236;236;237;7.755;49.97;486.8;4.861;618.2;2.236;742.7;2.371;60;0;0;7.701;7.783;7.782;1793;1814;1816;49.97;49.97;49.97;4639;1000;0.0;0;0.0000;0;0;56551;56551;56551
60;2014-08-03 17:33:00;909402N262;5403;56.641;51;236;236;236;237;7.670;49.98;486.7;4.844;618.2;2.225;742.9;2.360;60;0;0;7.616;7.703;7.692;1787;1807;1808;49.98;49.98;49.98;4639;1000;0.0;0;0.0000;0;0;56641;56641;56641
60;2014-08-03 17:34:00;909402N262;5383;56.730;51;236;236;236;237;7.643;49.97;486.3;4.822;617.8;2.217;744.5;2.351;60;0;0;7.587;7.681;7.663;1780;1801;1800;49.97;49.97;49.97;4639;1000;0.0;0;0.0000;0;0;56730;56730;56730
60;2014-08-03 17:35:00;909402N262;5368;56.820;51;236;236;236;237;7.622;49.97;486.0;4.812;617.7;2.217;742.2;2.348;60;0;0;7.568;7.658;7.640;1775;1796;1795;49.97;49.97;49.97;4639;1000;0.0;0;0.0000;0;0;56820;56820;56820
60;2014-08-03 17:36:00;909402N262;5360;56.909;51;236;236;236;237;7.610;49.97;485.3;4.800;617.5;2.217;742.2;2.349;60;0;0;7.558;7.648;7.626;1773;1793;1792;49.97;49.97;49.97;4639;1000;0.0;0;0.0000;0;0;56909;56909;56909
60;2014-08-03 17:37:00;909402N262;5317;56.999;51;236;236;236;237;7.548;49.97;484.8;4.768;617.4;2.202;739.8;2.334;60;0;0;7.497;7.583;7.564;1759;1778;1778;49.97;49.97;49.97;4639;1000;0.0;0;0.0000;0;0;56999;56999;56999
60;2014-08-03 17:38:00;909402N262;5263;57.086;51;236;236;236;236;7.476;49.97;485.7;4.721;617.4;2.179;739.0;2.305;60;0;0;7.430;7.509;7.491;1743;1759;1759;49.97;49.97;49.97;4639;1000;0.0;0;0.0000;0;0;57086;57086;57086
60;2014-08-03 17:39:00;909402N262;5177;57.172;51;236;236;236;236;7.355;49.96;495.7;4.536;617.4;2.150;739.5;2.271;60;0;0;7.311;7.387;7.368;1715;1730;1730;49.96;49.96;49.96;4639;1000;0.0;0;0.0000;0;0;57172;57172;57172
60;2014-08-03 17:40:00;909402N262;5122;57.258;50;236;236;236;236;7.283;49.96;476.7;4.658;617.7;2.126;737.3;2.258;60;0;0;7.234;7.322;7.295;1695;1714;1711;49.96;49.96;49.96;4639;1000;0.0;0;0.0000;0;0;57258;57258;57258
60;2014-08-03 17:41:00;909402N262;5096;57.343;50;236;236;236;236;7.251;49.97;476.6;4.631;617.4;2.109;745.5;2.233;60;0;0;7.204;7.287;7.264;1687;1705;1702;49.97;49.97;49.97;4639;1000;0.0;0;0.0000;0;0;57343;57343;57343
60;2014-08-03 17:42:00;909402N262;5056;57.427;50;236;236;236;236;7.193;49.96;477.6;4.591;617.6;2.092;740.1;2.224;60;0;0;7.140;7.231;7.209;1671;1692;1690;49.96;49.96;49.96;4639;1000;0.0;0;0.0000;0;0;57427;57427;57427
60;2014-08-03 17:43:00;909402N262;5014;57.510;50;236;236;236;237;7.134;49.96;478.2;4.555;617.7;2.075;739.4;2.204;60;0;0;7.084;7.161;7.157;1656;1676;1680;49.96;49.96;49.96;4639;1000;0.0;0;0.0000;0;0;57510;57510;57510
60;2014-08-03 17:44:00;909402N262;4975;57.594;50;236;236;236;237;7.080;49.97;478.5;4.525;618.0;2.060;737.4;2.187;60;0;0;7.044;7.105;7.092;1649;1660;1664;49.97;49.97;49.97;4639;1000;0.0;0;0.0000;0;0;57594;57594;57594
60;2014-08-03 17:45:00;909402N262;4957;57.676;50;236;236;236;237;7.049;49.96;479.0;4.504;618.9;2.046;738.9;2.176;60;0;0;7.018;7.070;7.059;1645;1653;1658;49.96;49.96;49.96;4639;1000;0.0;0;0.0000;0;0;57676;57676;57676
60;2014-08-03 17:46:00;909402N262;4882;57.757;50;236;236;236;237;6.919;49.96;476.4;4.465;605.9;2.043;734.8;2.168;60;0;0;6.881;6.944;6.932;1614;1626;1631;49.96;49.96;49.96;4639;1000;0.0;0;0.0000;0;0;57757;57757;57757
60;2014-08-03 17:47:00;909402N262;4858;57.838;50;236;236;235;237;6.893;49.96;479.9;4.416;618.8;2.005;738.3;2.128;60;0;0;6.858;6.916;6.906;1611;1619;1626;49.96;49.96;49.96;4639;1000;0.0;0;0.0000;0;0;57838;57838;57838
60;2014-08-03 17:48:00;909402N262;4813;57.919;50;236;236;235;236;6.831;49.96;480.0;4.361;618.8;1.981;745.6;2.100;60;0;0;6.789;6.863;6.842;1593;1607;1610;49.96;49.96;49.96;4639;1000;0.0;0;0.0000;0;0;57919;57919;57919
60;2014-08-03 17:49:00;909402N262;4791;57.999;50;236;236;235;236;6.803;49.94;480.0;4.347;619.1;1.972;743.9;2.092;60;0;0;6.765;6.825;6.820;1587;1598;1605;49.94;49.94;49.94;4639;1000;0.0;0;0.0000;0;0;57999;57999;57999
60;2014-08-03 17:50:00;909402N262;4725;58.077;50;236;236;235;237;6.708;49.95;480.2;4.298;618.9;1.949;737.7;2.069;60;0;0;6.661;6.735;6.728;1562;1577;1584;49.95;49.95;49.95;4639;1000;0.0;0;0.0000;0;0;58077;58077;58077
60;2014-08-03 17:51:00;909402N262;4721;58.156;50;236;235;236;237;6.708;49.94;480.4;4.270;619.1;1.935;750.8;2.054;60;0;0;6.631;6.752;6.741;1549;1583;1587;49.94;49.94;49.94;4639;1000;0.0;0;0.0000;0;0;58156;58156;58156
60;2014-08-03 17:52:00;909402N262;4698;58.235;50;235;235;236;236;6.684;49.94;480.5;4.254;619.4;1.927;749.8;2.043;60;0;0;6.598;6.734;6.720;1539;1577;1581;49.94;49.94;49.94;4639;1000;0.0;0;0.0000;0;0;58235;58235;58235
60;2014-08-03 17:53:00;909402N262;4672;58.312;50;236;235;236;236;6.645;49.95;480.2;4.231;619.2;1.914;750.6;2.031;60;0;0;6.562;6.700;6.675;1531;1569;1570;49.95;49.95;49.95;4639;1000;0.0;0;0.0000;0;0;58312;58312;58312
60;2014-08-03 17:54:00;909402N262;4605;58.389;50;236;235;236;236;6.548;49.96;480.5;4.192;619.7;1.893;739.9;2.007;60;0;0;6.464;6.603;6.579;1509;1548;1547;49.96;49.96;49.96;4639;1000;0.0;0;0.0000;0;0;58389;58389;58389
60;2014-08-03 17:55:00;909402N262;4556;58.464;50;236;235;236;237;6.477;49.97;481.1;4.149;620.1;1.871;738.9;1.984;60;0;0;6.403;6.521;6.509;1495;1528;1531;49.97;49.97;49.97;4639;1000;0.0;0;0.0000;0;0;58464;58464;58464
60;2014-08-03 17:56:00;909402N262;4512;58.539;50;236;236;235;236;6.414;49.97;481.8;4.104;620.5;1.852;740.1;1.963;60;0;0;6.372;6.433;6.438;1492;1504;1514;49.97;49.97;49.97;4639;1000;0.0;0;0.0000;0;0;58539;58539;58539
60;2014-08-03 17:57:00;909402N262;4443;58.613;50;236;236;236;237;6.304;49.97;485.3;4.030;620.7;1.832;728.7;1.942;60;0;0;6.248;6.335;6.331;1467;1485;1491;49.97;49.97;49.97;4639;1000;0.0;0;0.0000;0;0;58613;58613;58613
60;2014-08-03 17:58:00;909402N262;4360;58.686;50;237;236;236;237;6.179;49.98;485.6;3.913;620.9;1.804;733.6;1.911;60;0;0;6.126;6.205;6.208;1439;1455;1464;49.98;49.98;49.98;4639;1000;0.0;0;0.0000;0;0;58686;58686;58686
60;2014-08-03 17:59:00;909402N262;4284;58.757;50;237;237;236;237;6.069;50.00;475.2;3.937;621.4;1.773;732.8;1.874;60;0;0;6.016;6.106;6.086;1414;1433;1435;50.00;50.00;50.00;4639;1000;0.0;0;0.0000;0;0;58757;58757;58757
60;2014-08-03 18:00:00;909402N262;4212;58.827;50;236;236;236;237;5.980;50.01;475.2;3.870;621.7;1.737;736.4;1.837;60;0;0;5.932;6.013;5.996;1392;1408;1410;50.01;50.01;50.01;4639;1000;0.0;0;0.0000;0;0;58827;58827;58827
[wr_ende]
