20141016;150001;danfoss;My Plant;+0100
[wr_def_start]
909402N262;Inverter Type;Inverter Group;Hanzl
[wr_def_end]
[wr]
INTERVAL;TIMESTAMP;SERIAL;P_AC;E_DAY;T_WR;U_AC;U_AC_1;U_AC_2;U_AC_3;I_AC;F_AC;U_DC_1;I_DC_1;U_DC_2;I_DC_2;U_DC_3;I_DC_3;S;E_WR;M_WR;I_AC_1;I_AC_2;I_AC_3;P_AC_1;P_AC_2;P_AC_3;F_AC_1;F_AC_2;F_AC_3;R_DC;PC;PCS;PCS_LL;COS_PHI;COS_PHI_LL;S_COS_PHI;Current_Day_Energy;current_Day_Offset;ccEnergyOfDay_WithoutOffset
60;2014-10-16 14:01:00;909402N262;7248;23.829;46;236;234;236;237;10.297;50.01;499.7;7.122;617.7;2.654;756.5;2.900;60;0;0;10.174;10.375;10.343;2372;2440;2435;50.01;50.01;50.01;3278;1000;0.0;0;1.0000;0;2;23829;23829;23829
60;2014-10-16 14:02:00;909402N262;7297;23.950;46;236;234;236;236;10.387;50.00;502.4;7.129;623.3;2.638;761.8;2.883;60;0;0;10.252;10.469;10.440;2385;2459;2450;50.00;50.00;50.00;3278;1000;0.0;0;1.0000;0;2;23950;23950;23950
60;2014-10-16 14:03:00;909402N262;7284;24.071;46;236;235;236;236;10.360;49.99;502.3;7.120;623.2;2.631;761.4;2.880;60;0;0;10.269;10.451;10.360;2398;2456;2429;49.99;49.99;49.99;3278;1000;0.0;0;1.0000;0;2;24071;24071;24071
60;2014-10-16 14:04:00;909402N262;7262;24.193;46;236;236;236;237;10.309;49.99;502.0;7.107;622.9;2.625;760.3;2.873;60;0;0;10.229;10.383;10.316;2396;2439;2426;49.99;49.99;49.99;3278;1000;0.0;0;1.0000;0;2;24193;24193;24193
60;2014-10-16 14:05:00;909402N262;7254;24.313;46;236;236;236;237;10.290;49.99;501.5;7.107;622.6;2.624;759.4;2.872;60;0;0;10.212;10.360;10.300;2393;2434;2425;49.99;50.00;49.99;3278;1000;0.0;0;1.0000;0;2;24313;24313;24313
60;2014-10-16 14:06:00;909402N262;7224;24.434;46;236;236;236;237;10.254;50.00;501.5;7.079;622.4;2.613;759.7;2.859;60;0;0;10.179;10.308;10.276;2384;2419;2419;50.00;50.00;50.00;3278;1000;0.0;0;1.0000;0;2;24434;24434;24434
60;2014-10-16 14:07:00;909402N262;7207;24.554;46;236;235;236;237;10.246;49.99;501.8;7.061;622.3;2.606;759.6;2.851;60;0;0;10.158;10.311;10.270;2374;2417;2414;49.99;49.99;49.99;3278;1000;0.0;0;1.0000;0;2;24554;24554;24554
60;2014-10-16 14:08:00;909402N262;7199;24.672;46;236;235;236;237;10.232;49.98;501.3;7.061;621.9;2.604;759.2;2.850;60;0;0;10.142;10.288;10.268;2371;2411;2415;49.98;49.98;49.98;3278;1000;0.0;0;1.0000;0;2;24672;24672;24672
60;2014-10-16 14:09:00;909402N262;7190;24.791;46;236;235;235;237;10.223;49.99;501.5;7.052;622.0;2.600;758.9;2.847;60;0;0;10.146;10.249;10.276;2373;2395;2420;49.99;49.99;49.99;3278;1000;0.0;0;1.0000;0;2;24791;24791;24791
60;2014-10-16 14:10:00;909402N262;7204;24.912;46;236;235;235;237;10.239;49.99;501.3;7.070;621.9;2.605;758.7;2.853;60;0;0;10.166;10.259;10.293;2378;2398;2427;49.99;49.99;49.99;3278;1000;0.0;0;1.0000;0;2;24912;24912;24912
60;2014-10-16 14:11:00;909402N262;7219;25.032;46;236;235;235;237;10.268;49.99;501.6;7.084;622.1;2.608;758.6;2.858;60;0;0;10.189;10.303;10.313;2382;2406;2429;49.99;49.99;49.99;3278;1000;0.0;0;1.0000;0;2;25032;25032;25032
60;2014-10-16 14:12:00;909402N262;7222;25.153;46;236;235;236;237;10.269;49.98;501.9;7.087;621.8;2.609;758.5;2.860;60;0;0;10.164;10.344;10.301;2372;2425;2423;49.98;49.98;49.98;3278;1000;0.0;0;1.0000;0;2;25153;25153;25153
60;2014-10-16 14:13:00;909402N262;7197;25.272;46;236;234;236;237;10.239;49.97;502.0;7.060;622.0;2.599;758.7;2.851;60;0;0;10.099;10.338;10.280;2349;2426;2420;49.97;49.97;49.97;3278;1000;0.0;0;1.0000;0;2;25272;25272;25272
60;2014-10-16 14:14:00;909402N262;7213;25.393;46;237;235;237;238;10.199;49.99;501.4;7.081;622.3;2.605;759.0;2.855;60;0;0;10.085;10.243;10.271;2361;2415;2435;49.99;49.99;49.99;3278;1000;0.0;0;1.0000;0;2;25393;25393;25393
60;2014-10-16 14:15:00;909402N262;7211;25.513;46;236;234;236;237;10.244;49.99;501.4;7.081;622.2;2.603;759.2;2.853;60;0;0;10.125;10.301;10.308;2359;2416;2433;49.99;49.99;49.99;3278;1000;0.0;0;1.0000;0;2;25513;25513;25513
60;2014-10-16 14:16:00;909402N262;7083;25.632;46;236;234;236;237;10.093;49.99;498.4;7.049;602.2;2.640;758.8;2.846;60;0;0;10.022;10.133;10.125;2317;2376;2388;49.99;49.99;49.99;3278;1000;0.0;0;1.0000;0;2;25632;25632;25632
60;2014-10-16 14:17:00;909402N262;7105;25.750;46;236;235;235;237;10.090;49.99;502.2;6.968;622.4;2.561;758.1;2.816;60;0;0;10.007;10.129;10.134;2343;2371;2389;49.99;49.99;49.99;3278;1000;0.0;0;1.0000;0;2;25750;25750;25750
60;2014-10-16 14:18:00;909402N262;7098;25.869;46;236;235;236;237;10.086;49.97;502.2;6.965;622.3;2.556;758.1;2.812;60;0;0;10.003;10.129;10.126;2340;2372;2385;49.97;49.97;49.97;3278;1000;0.0;0;1.0000;0;2;25869;25869;25869
60;2014-10-16 14:19:00;909402N262;7023;25.985;46;236;235;236;237;9.978;49.97;502.5;6.894;621.8;2.530;757.9;2.780;60;0;0;9.896;10.028;10.012;2314;2351;2356;49.97;49.97;49.97;3278;1000;0.0;0;1.0000;0;2;25985;25985;25985
60;2014-10-16 14:20:00;909402N262;7068;26.104;46;236;236;236;237;10.030;49.98;503.0;6.931;622.5;2.545;758.6;2.795;60;0;0;9.966;10.073;10.052;2340;2362;2365;49.98;49.98;49.98;3278;1000;0.0;0;1.0000;0;2;26104;26104;26104
60;2014-10-16 14:21:00;909402N262;7122;26.223;46;236;236;235;237;10.109;49.99;502.9;6.983;623.2;2.560;759.5;2.816;60;0;0;10.058;10.123;10.146;2363;2368;2389;49.99;49.99;49.99;3278;1000;0.0;0;1.0000;0;2;26223;26223;26223
60;2014-10-16 14:22:00;909402N262;7170;26.342;46;236;236;236;237;10.179;49.98;503.3;7.025;623.5;2.576;760.1;2.834;60;0;0;10.117;10.215;10.207;2374;2393;2401;49.98;49.98;49.98;3278;1000;0.0;0;1.0000;0;2;26342;26342;26342
60;2014-10-16 14:23:00;909402N262;7142;26.462;46;236;236;236;237;10.137;49.97;503.3;6.994;623.7;2.566;760.0;2.822;60;0;0;10.063;10.179;10.170;2361;2387;2392;49.97;49.97;49.97;3278;1000;0.0;0;1.0000;0;2;26462;26462;26462
60;2014-10-16 14:24:00;909402N262;7118;26.579;46;236;236;236;237;10.098;49.99;503.1;6.976;623.9;2.555;759.7;2.813;60;0;0;10.026;10.136;10.133;2354;2377;2385;49.99;49.99;49.99;3278;1000;0.0;0;1.0000;0;2;26579;26579;26579
60;2014-10-16 14:25:00;909402N262;7124;26.698;46;236;236;236;237;10.103;49.98;503.8;6.979;624.2;2.550;760.3;2.811;60;0;0;10.046;10.122;10.142;2362;2373;2387;49.98;49.98;49.98;3278;1000;0.0;0;1.0000;0;2;26698;26698;26698
60;2014-10-16 14:26:00;909402N262;7125;26.817;46;236;237;236;237;10.106;49.98;504.4;6.977;624.1;2.550;760.4;2.810;60;0;0;10.055;10.118;10.145;2365;2370;2388;49.98;49.98;49.98;3278;1000;0.0;0;1.0000;0;2;26817;26817;26817
60;2014-10-16 14:27:00;909402N262;6908;26.933;46;236;236;236;237;9.802;49.98;505.4;6.762;623.8;2.452;759.5;2.741;60;0;0;9.736;9.836;9.834;2285;2308;2314;49.98;49.98;49.98;3278;1000;0.0;0;1.0000;0;2;26933;26933;26933
60;2014-10-16 14:28:00;909402N262;7103;27.051;46;236;235;237;237;10.073;49.99;504.8;6.961;624.6;2.534;759.5;2.801;60;0;0;9.971;10.134;10.115;2331;2385;2386;49.99;49.99;49.99;3278;1000;0.0;0;1.0000;0;2;27051;27051;27051
60;2014-10-16 14:29:00;909402N262;7131;27.170;46;236;235;237;237;10.119;49.99;505.4;6.985;624.9;2.540;760.2;2.807;60;0;0;10.010;10.189;10.160;2338;2398;2393;49.99;49.99;49.99;3278;1000;0.0;0;1.0000;0;2;27170;27170;27170
60;2014-10-16 14:30:00;909402N262;7140;27.289;46;236;235;237;237;10.136;49.97;507.4;6.983;626.1;2.535;762.2;2.801;60;0;0;10.027;10.198;10.185;2340;2399;2399;49.97;49.97;49.97;3278;1000;0.0;0;1.0000;0;2;27289;27289;27289
60;2014-10-16 14:31:00;909402N262;7033;27.407;46;237;236;237;237;9.958;49.98;505.0;6.943;606.4;2.555;761.7;2.788;60;0;0;9.886;9.985;10.005;2317;2356;2358;49.98;49.98;49.98;3278;1000;0.0;0;1.0000;0;2;27407;27407;27407
60;2014-10-16 14:32:00;909402N262;7113;27.525;46;237;237;237;237;10.071;49.99;507.6;6.960;626.4;2.520;763.0;2.783;60;0;0;10.008;10.117;10.090;2357;2378;2377;49.99;49.99;49.99;3278;1000;0.0;0;1.0000;0;2;27525;27525;27525
60;2014-10-16 14:33:00;909402N262;7090;27.643;46;235;235;234;235;10.130;49.99;507.7;6.940;626.4;2.509;762.8;2.774;60;0;0;10.076;10.170;10.146;2351;2369;2368;49.99;49.99;49.99;3278;1000;0.0;0;1.0000;0;2;27643;27643;27643
60;2014-10-16 14:34:00;909402N262;7088;27.761;46;234;234;234;234;10.153;49.98;508.1;6.939;626.7;2.507;762.9;2.771;60;0;0;10.105;10.184;10.171;2352;2365;2368;49.98;49.98;49.98;3278;1000;0.0;0;1.0000;0;2;27761;27761;27761
60;2014-10-16 14:35:00;909402N262;7104;27.880;46;234;234;234;234;10.183;49.97;507.5;6.966;626.5;2.517;762.2;2.779;60;0;0;10.139;10.208;10.202;2360;2369;2374;49.97;49.97;49.97;3278;1000;0.0;0;1.0000;0;2;27880;27880;27880
60;2014-10-16 14:36:00;909402N262;7118;27.999;46;234;234;233;234;10.205;49.97;507.3;6.982;626.0;2.521;761.5;2.787;60;0;0;10.157;10.235;10.224;2364;2373;2378;49.97;49.97;49.97;3278;1000;0.0;0;1.0000;0;2;27999;27999;27999
60;2014-10-16 14:37:00;909402N262;7113;28.117;46;234;234;233;234;10.207;49.97;507.4;6.977;626.6;2.517;762.2;2.784;60;0;0;10.180;10.196;10.245;2370;2356;2386;49.97;49.97;49.97;3278;1000;0.0;0;1.0000;0;2;28117;28117;28117
60;2014-10-16 14:38:00;909402N262;7127;28.238;46;234;234;233;234;10.223;49.97;506.7;7.001;626.4;2.518;761.9;2.789;60;0;0;10.190;10.225;10.254;2373;2364;2389;49.97;49.97;49.97;3278;1000;0.0;0;1.0000;0;2;28238;28238;28238
60;2014-10-16 14:39:00;909402N262;7136;28.357;46;234;234;233;234;10.233;49.97;506.7;7.012;626.5;2.520;763.0;2.787;60;0;0;10.196;10.243;10.262;2373;2371;2390;49.97;49.97;49.97;3278;1000;0.0;0;1.0000;0;2;28357;28357;28357
60;2014-10-16 14:40:00;909402N262;7134;28.475;46;234;234;233;234;10.242;49.98;506.7;7.013;626.7;2.517;763.1;2.786;60;0;0;10.187;10.273;10.268;2366;2379;2388;49.98;49.98;49.98;3278;1000;0.0;0;1.0000;0;2;28475;28475;28475
60;2014-10-16 14:41:00;909402N262;7144;28.594;46;234;233;234;234;10.250;49.97;506.9;7.021;627.0;2.519;763.8;2.786;60;0;0;10.170;10.305;10.277;2355;2393;2393;49.97;49.97;49.97;3278;1000;0.0;0;1.0000;0;2;28594;28594;28594
60;2014-10-16 14:42:00;909402N262;7175;28.713;46;233;232;234;234;10.310;49.97;507.0;7.048;627.6;2.527;763.9;2.802;60;0;0;10.198;10.396;10.336;2352;2416;2406;49.97;49.97;49.97;3278;1000;0.0;0;1.0000;0;2;28713;28713;28713
60;2014-10-16 14:43:00;909402N262;7191;28.834;46;233;232;233;235;10.339;49.98;507.1;7.061;627.9;2.528;764.6;2.807;60;0;0;10.246;10.376;10.395;2364;2401;2424;49.98;49.98;49.98;3278;1000;0.0;0;1.0000;0;2;28834;28834;28834
60;2014-10-16 14:44:00;909402N262;7178;28.953;46;233;232;232;235;10.324;49.98;507.6;7.045;628.2;2.520;765.4;2.799;60;0;0;10.281;10.289;10.403;2375;2372;2429;49.98;49.98;49.98;3278;1000;0.0;0;1.0000;0;2;28953;28953;28953
60;2014-10-16 14:45:00;909402N262;6714;29.065;46;233;233;232;235;9.651;49.98;511.8;6.624;624.9;2.298;764.3;2.631;60;0;0;9.613;9.618;9.724;2227;2218;2268;49.98;49.98;49.98;3278;1000;0.0;0;1.0000;0;2;29065;29065;29065
60;2014-10-16 14:46:00;909402N262;6809;29.179;46;233;234;232;234;9.788;49.98;504.6;6.735;611.6;2.462;763.7;2.673;60;0;0;9.769;9.765;9.830;2272;2246;2289;49.98;49.98;49.98;3278;1000;0.0;0;1.0000;0;2;29179;29179;29179
60;2014-10-16 14:47:00;909402N262;6896;29.294;46;233;234;232;234;9.895;49.99;509.4;6.752;628.0;2.424;766.0;2.679;60;0;0;9.877;9.865;9.944;2302;2274;2319;49.99;49.99;49.99;3278;1000;0.0;0;1.0000;0;2;29294;29294;29294
60;2014-10-16 14:48:00;909402N262;6935;29.410;46;234;235;232;235;9.941;50.00;509.7;6.788;628.2;2.432;767.0;2.696;60;0;0;9.922;9.915;9.986;2315;2289;2330;50.00;50.00;50.00;3278;1000;0.0;0;1.0000;0;2;29410;29410;29410
60;2014-10-16 14:49:00;909402N262;6702;29.521;46;234;234;232;235;9.604;50.00;509.5;6.571;627.5;2.349;765.7;2.606;60;0;0;9.573;9.571;9.669;2231;2212;2259;50.00;50.00;50.00;3278;1000;0.0;0;1.0000;0;2;29521;29521;29521
60;2014-10-16 14:50:00;909402N262;6871;29.636;46;234;234;232;235;9.843;50.00;509.1;6.726;627.5;2.409;765.2;2.679;60;0;0;9.813;9.820;9.898;2289;2268;2312;50.00;50.00;50.00;3278;1000;0.0;0;1.0000;0;2;29636;29636;29636
60;2014-10-16 14:51:00;909402N262;6836;29.750;46;234;234;232;235;9.791;50.01;508.3;6.708;626.7;2.397;764.4;2.667;60;0;0;9.730;9.780;9.865;2265;2261;2308;50.01;50.01;50.01;3278;1000;0.0;0;1.0000;0;2;29750;29750;29750
60;2014-10-16 14:52:00;909402N262;6851;29.864;46;234;234;233;236;9.802;50.02;507.9;6.728;626.7;2.403;764.1;2.673;60;0;0;9.731;9.792;9.885;2266;2266;2317;50.02;50.02;50.02;3278;1000;0.0;0;1.0000;0;2;29864;29864;29864
60;2014-10-16 14:53:00;909402N262;6851;29.976;46;234;234;233;236;9.797;50.01;507.8;6.730;626.7;2.402;764.8;2.671;60;0;0;9.723;9.790;9.879;2265;2267;2317;50.01;50.01;50.01;3278;1000;0.0;0;1.0000;0;2;29976;29976;29976
60;2014-10-16 14:54:00;909402N262;6878;30.091;46;234;234;233;236;9.838;50.01;507.5;6.762;626.5;2.411;764.7;2.683;60;0;0;9.763;9.830;9.921;2274;2277;2327;50.01;50.01;50.01;3278;1000;0.0;0;1.0000;0;2;30091;30091;30091
60;2014-10-16 14:55:00;909402N262;6910;30.206;46;234;233;234;236;9.884;50.00;507.5;6.796;626.8;2.420;764.9;2.694;60;0;0;9.791;9.898;9.963;2273;2299;2336;50.00;50.00;50.00;3278;1000;0.0;0;1.0000;0;2;30206;30206;30206
60;2014-10-16 14:56:00;909402N262;6904;30.322;46;234;232;234;236;9.880;50.01;508.1;6.783;626.7;2.416;765.3;2.691;60;0;0;9.743;9.911;9.986;2248;2310;2344;50.01;50.01;50.01;3278;1000;0.0;0;1.0000;0;2;30322;30322;30322
60;2014-10-16 14:57:00;909402N262;6875;30.436;46;234;232;234;236;9.831;50.01;508.3;6.752;626.6;2.405;765.5;2.680;60;0;0;9.712;9.845;9.937;2246;2294;2334;50.01;50.01;50.01;3278;1000;0.0;0;1.0000;0;2;30436;30436;30436
60;2014-10-16 14:58:00;909402N262;6873;30.551;46;234;233;234;236;9.826;50.01;509.4;6.741;627.2;2.400;766.0;2.677;60;0;0;9.706;9.842;9.931;2245;2294;2332;50.01;50.01;50.01;3278;1000;0.0;0;1.0000;0;2;30551;30551;30551
60;2014-10-16 14:59:00;909402N262;6625;30.661;46;234;233;234;236;9.475;50.00;510.9;6.490;627.1;2.303;766.0;2.581;60;0;0;9.380;9.495;9.551;2175;2209;2239;50.00;50.00;50.00;3278;1000;0.0;0;1.0000;0;2;30661;30661;30661
60;2014-10-16 15:00:00;909402N262;5579;30.754;46;234;234;233;236;8.002;50.00;512.1;5.478;623.1;1.939;764.0;2.148;60;0;0;7.926;8.003;8.077;1837;1851;1889;50.00;50.00;50.00;3278;1000;0.0;0;1.0000;0;2;30754;30754;30754
[wr_ende]
