20140712;140004;danfoss;My Plant;+0100
[wr_def_start]
909402N262;Inverter Type;Inverter Group;Hanzl
[wr_def_end]
[wr]
INTERVAL;TIMESTAMP;SERIAL;P_AC;E_DAY;T_WR;U_AC;U_AC_1;U_AC_2;U_AC_3;I_AC;F_AC;U_DC_1;I_DC_1;U_DC_2;I_DC_2;U_DC_3;I_DC_3;S;E_WR;M_WR;I_AC_1;I_AC_2;I_AC_3;P_AC_1;P_AC_2;P_AC_3;F_AC_1;F_AC_2;F_AC_3;R_DC;PC;PCS;PCS_LL;COS_PHI;COS_PHI_LL;S_COS_PHI;Current_Day_Energy;current_Day_Offset;ccEnergyOfDay_WithoutOffset
60;2014-07-12 13:01:00;909402N262;6319;22.835;50;234;234;234;234;8.989;49.98;505.0;5.487;600.9;2.812;748.8;2.631;60;0;0;8.977;8.963;9.027;2094;2115;2110;49.98;49.98;49.98;9003;1000;0.0;0;0.0000;0;0;22835;22835;22835
60;2014-07-12 13:02:00;909402N262;6582;22.942;50;236;236;236;236;9.321;49.98;512.4;5.369;604.1;2.800;747.9;2.931;60;0;0;9.276;9.360;9.327;2186;2202;2199;49.98;49.98;49.98;9003;1000;0.0;0;0.0000;0;0;22942;22942;22942
60;2014-07-12 13:03:00;909402N262;3353;22.998;50;236;236;236;236;4.784;49.99;514.7;2.945;582.8;1.513;734.0;1.364;60;0;0;4.732;4.820;4.800;1104;1125;1122;49.99;49.99;49.99;9003;1000;0.0;0;0.0000;0;0;22998;22998;22998
60;2014-07-12 13:04:00;909402N262;3286;23.053;50;236;236;236;236;4.696;49.99;518.5;2.875;586.0;1.472;737.8;1.322;60;0;0;4.638;4.737;4.714;1080;1103;1100;49.99;49.99;49.99;9003;1000;0.0;0;0.0000;0;0;23053;23053;23053
60;2014-07-12 13:05:00;909402N262;3314;23.108;50;236;236;236;236;4.732;50.00;520.5;2.893;591.0;1.473;743.7;1.321;60;0;0;4.680;4.775;4.742;1092;1113;1107;50.00;50.00;50.00;9003;1000;0.0;0;0.0000;0;0;23108;23108;23108
60;2014-07-12 13:06:00;909402N262;3624;23.168;50;236;236;236;236;5.169;50.01;523.0;3.114;598.1;1.580;749.4;1.472;60;0;0;5.104;5.224;5.180;1191;1218;1212;50.01;50.01;50.01;9003;1000;0.0;0;0.0000;0;0;23168;23168;23168
60;2014-07-12 13:07:00;909402N262;3367;23.224;49;236;236;236;236;4.804;49.99;525.0;2.928;596.2;1.474;748.4;1.329;60;0;0;4.754;4.830;4.829;1110;1126;1129;49.99;49.99;49.99;9003;1000;0.0;0;0.0000;0;0;23224;23224;23224
60;2014-07-12 13:08:00;909402N262;4338;23.296;49;236;236;236;237;6.141;49.99;526.9;3.742;603.3;1.912;757.6;1.658;60;0;0;6.095;6.157;6.171;1433;1450;1454;49.99;49.99;49.99;9003;1000;0.0;0;0.0000;0;0;23296;23296;23296
60;2014-07-12 13:09:00;909402N262;5522;23.389;49;236;236;236;237;7.810;49.99;529.0;4.818;613.7;2.478;759.0;1.978;60;0;0;7.742;7.866;7.822;1824;1841;1847;49.99;49.99;49.99;9003;1000;0.0;0;0.0000;0;0;23389;23389;23389
60;2014-07-12 13:10:00;909402N262;3001;23.438;49;236;236;236;236;4.291;49.99;533.3;2.609;599.1;1.278;756.9;1.166;60;0;0;4.230;4.330;4.313;986;1007;1007;49.99;49.99;49.99;9003;1000;0.0;0;0.0000;0;0;23438;23438;23438
60;2014-07-12 13:11:00;909402N262;2837;23.486;49;236;236;236;237;4.056;49.99;535.4;2.465;599.6;1.200;758.8;1.098;60;0;0;3.996;4.090;4.082;931;951;953;49.99;49.99;49.99;9003;1000;0.0;0;0.0000;0;0;23486;23486;23486
60;2014-07-12 13:12:00;909402N262;2890;23.534;49;236;236;236;237;4.128;49.99;534.6;2.513;601.0;1.217;762.4;1.117;60;0;0;4.069;4.162;4.155;949;969;970;49.99;49.99;49.99;9003;1000;0.0;0;0.0000;0;0;23534;23534;23534
60;2014-07-12 13:13:00;909402N262;5556;23.626;49;237;237;236;237;7.825;49.99;534.3;4.604;623.0;2.251;770.3;2.201;60;0;0;7.748;7.887;7.840;1838;1854;1864;49.99;49.99;49.99;9003;1000;0.0;0;0.0000;0;0;23626;23626;23626
60;2014-07-12 13:14:00;909402N262;4488;23.701;49;237;237;236;237;6.333;50.00;530.1;3.858;614.1;1.960;764.3;1.686;60;0;0;6.301;6.313;6.387;1484;1501;1508;50.00;50.00;50.00;9003;1000;0.0;0;0.0000;0;0;23701;23701;23701
60;2014-07-12 13:15:00;909402N262;5165;23.787;49;236;236;236;237;7.259;50.00;532.8;4.535;614.5;2.283;760.1;1.857;60;0;0;7.242;7.209;7.327;1707;1724;1732;50.00;50.00;50.00;9003;1000;0.0;0;0.0000;0;0;23787;23787;23787
60;2014-07-12 13:16:00;909402N262;5149;23.874;49;235;235;234;235;7.362;49.99;524.6;4.430;599.3;2.207;762.8;2.064;60;0;0;7.290;7.426;7.371;1702;1719;1726;49.99;49.99;49.99;9003;1000;0.0;0;0.0000;0;0;23874;23874;23874
60;2014-07-12 13:17:00;909402N262;5840;23.971;49;235;234;234;235;8.342;50.00;533.6;4.991;626.7;2.604;761.1;2.037;60;0;0;8.204;8.520;8.304;1920;1940;1953;50.00;50.00;50.00;9003;1000;0.0;0;0.0000;0;0;23971;23971;23971
60;2014-07-12 13:18:00;909402N262;3253;24.026;49;234;234;233;235;4.675;50.01;528.4;2.923;603.8;1.503;751.5;1.126;60;0;0;4.634;4.669;4.722;1069;1088;1094;50.01;50.01;50.01;9003;1000;0.0;0;0.0000;0;0;24026;24026;24026
60;2014-07-12 13:19:00;909402N262;2456;24.066;49;234;234;233;235;3.557;50.01;525.1;2.179;598.4;1.051;753.7;0.948;60;0;0;3.501;3.588;3.583;804;823;827;50.01;50.01;50.01;9003;1000;0.0;0;0.0000;0;0;24066;24066;24066
60;2014-07-12 13:20:00;909402N262;2539;24.109;49;234;234;233;235;3.673;50.02;526.8;2.231;600.9;1.085;757.5;0.982;60;0;0;3.614;3.698;3.709;831;848;857;50.02;50.02;50.02;9003;1000;0.0;0;0.0000;0;0;24109;24109;24109
60;2014-07-12 13:21:00;909402N262;2867;24.157;48;234;233;233;235;4.140;50.02;528.6;2.497;604.5;1.211;761.8;1.128;60;0;0;4.076;4.173;4.172;939;961;966;50.02;50.02;50.02;9003;1000;0.0;0;0.0000;0;0;24157;24157;24157
60;2014-07-12 13:22:00;909402N262;3919;24.224;48;234;233;234;235;5.643;50.00;532.5;3.320;611.0;1.668;770.7;1.557;60;0;0;5.565;5.696;5.670;1288;1313;1320;50.00;50.00;50.00;9003;1000;0.0;0;0.0000;0;0;24224;24224;24224
60;2014-07-12 13:23:00;909402N262;9404;24.378;48;235;235;234;236;13.353;50.00;527.6;7.828;637.5;3.923;777.1;3.767;60;0;0;13.288;13.396;13.376;3123;3123;3156;50.00;50.00;50.00;9003;1000;0.0;0;0.0000;0;0;24378;24378;24378
60;2014-07-12 13:24:00;909402N262;10270;24.549;48;235;235;235;236;14.488;49.99;522.1;8.397;636.7;4.263;774.5;4.257;60;0;0;14.446;14.481;14.539;3398;3423;3437;49.99;49.99;49.99;9003;1000;0.0;0;0.0000;0;0;24549;24549;24549
60;2014-07-12 13:25:00;909402N262;7967;24.682;48;235;234;235;236;11.301;49.98;522.2;6.673;628.5;3.350;766.0;3.314;60;0;0;11.218;11.378;11.308;2627;2662;2663;49.98;49.98;49.98;9003;1000;0.0;0;0.0000;0;0;24682;24682;24682
60;2014-07-12 13:26:00;909402N262;10139;24.851;48;235;235;235;236;14.380;49.98;512.6;8.540;631.5;4.308;766.4;4.216;60;0;0;14.300;14.485;14.356;3355;3400;3383;49.98;49.98;49.98;9003;1000;0.0;0;0.0000;0;0;24851;24851;24851
60;2014-07-12 13:27:00;909402N262;10024;25.018;49;235;235;235;236;14.202;49.99;508.4;8.469;627.2;4.241;762.7;4.255;60;0;0;14.135;14.296;14.177;3317;3364;3341;49.99;49.99;49.99;9003;1000;0.0;0;0.0000;0;0;25018;25018;25018
60;2014-07-12 13:28:00;909402N262;10049;25.187;49;236;235;236;236;14.205;50.00;504.2;8.550;623.1;4.278;758.6;4.298;60;0;0;14.138;14.284;14.195;3324;3371;3353;50.00;50.00;50.00;9003;1000;0.0;0;0.0000;0;0;25187;25187;25187
60;2014-07-12 13:29:00;909402N262;9870;25.353;49;236;235;236;236;13.959;49.97;501.0;8.449;619.3;4.224;754.1;4.249;60;0;0;13.874;14.046;13.958;3258;3314;3296;49.97;49.97;49.97;9003;1000;0.0;0;0.0000;0;0;25353;25353;25353
60;2014-07-12 13:30:00;909402N262;9759;25.515;49;236;235;236;236;13.805;49.97;498.2;8.401;616.2;4.192;750.9;4.224;60;0;0;13.722;13.897;13.797;3222;3277;3258;49.97;49.97;49.97;9003;1000;0.0;0;0.0000;0;0;25515;25515;25515
60;2014-07-12 13:31:00;909402N262;9455;25.674;49;235;234;235;236;13.404;49.97;493.6;8.242;593.7;4.192;747.5;4.150;60;0;0;13.334;13.473;13.405;3127;3166;3160;49.97;49.97;49.97;9003;1000;0.0;0;0.0000;0;0;25674;25674;25674
60;2014-07-12 13:32:00;909402N262;9567;25.833;50;235;234;235;236;13.586;49.98;493.3;8.309;611.9;4.143;746.5;4.164;60;0;0;13.516;13.628;13.615;3165;3195;3206;49.98;49.98;49.98;9003;1000;0.0;0;0.0000;0;0;25833;25833;25833
60;2014-07-12 13:33:00;909402N262;9197;25.986;50;235;235;235;236;13.043;50.01;492.8;8.108;610.1;4.060;739.7;3.937;60;0;0;12.984;13.072;13.075;3044;3077;3084;50.01;50.01;50.01;9003;1000;0.0;0;0.0000;0;0;25986;25986;25986
60;2014-07-12 13:34:00;909402N262;9761;26.149;50;235;235;235;236;13.840;50.00;490.2;8.521;609.1;4.247;742.8;4.280;60;0;0;13.765;13.888;13.869;3227;3261;3272;50.00;50.00;50.00;9003;1000;0.0;0;0.0000;0;0;26149;26149;26149
60;2014-07-12 13:35:00;909402N262;9972;26.316;50;235;235;235;236;14.137;50.00;488.1;8.731;607.3;4.357;740.2;4.393;60;0;0;14.071;14.199;14.143;3300;3338;3332;50.00;50.00;50.00;9003;1000;0.0;0;0.0000;0;0;26316;26316;26316
60;2014-07-12 13:36:00;909402N262;9941;26.481;50;235;235;236;236;14.081;50.00;486.3;8.727;605.1;4.364;737.9;4.394;60;0;0;14.014;14.145;14.086;3289;3330;3321;50.00;50.00;50.00;9003;1000;0.0;0;0.0000;0;0;26481;26481;26481
60;2014-07-12 13:37:00;909402N262;8991;26.630;50;235;234;235;236;12.734;50.02;487.4;7.939;604.0;3.999;732.6;3.878;60;0;0;12.667;12.766;12.770;2968;3008;3008;50.02;50.02;50.02;9003;1000;0.0;0;0.0000;0;0;26630;26630;26630
60;2014-07-12 13:38:00;909402N262;8110;26.765;50;235;234;235;236;11.501;50.02;492.6;6.911;599.4;3.482;731.8;3.744;60;0;0;11.439;11.534;11.531;2679;2701;2718;50.02;50.02;50.02;9003;1000;0.0;0;0.0000;0;0;26765;26765;26765
60;2014-07-12 13:39:00;909402N262;2973;26.815;51;234;233;234;235;4.288;50.01;493.2;2.691;575.7;1.371;703.3;1.259;60;0;0;4.236;4.335;4.294;976;996;996;50.01;50.01;50.01;9003;1000;0.0;0;0.0000;0;0;26815;26815;26815
60;2014-07-12 13:40:00;909402N262;2600;26.858;50;234;233;233;235;3.775;50.01;498.8;2.420;576.7;1.170;703.9;1.071;60;0;0;3.727;3.808;3.792;853;872;873;50.01;50.01;50.01;9003;1000;0.0;0;0.0000;0;0;26858;26858;26858
60;2014-07-12 13:41:00;909402N262;2799;26.904;50;234;233;233;235;4.067;50.01;504.0;2.568;584.1;1.251;713.1;1.141;60;0;0;4.009;4.105;4.087;917;940;941;50.01;50.01;50.01;9003;1000;0.0;0;0.0000;0;0;26904;26904;26904
60;2014-07-12 13:42:00;909402N262;3449;26.962;50;234;233;234;235;4.993;50.01;511.8;3.119;594.4;1.524;724.6;1.395;60;0;0;4.925;5.056;5.000;1133;1158;1159;50.01;50.01;50.01;9003;1000;0.0;0;0.0000;0;0;26962;26962;26962
60;2014-07-12 13:43:00;909402N262;4301;27.035;50;234;234;234;235;6.193;50.01;520.9;3.693;603.1;2.072;734.1;1.616;60;0;0;6.122;6.258;6.200;1415;1442;1443;50.01;50.01;50.01;9003;1000;0.0;0;0.0000;0;0;27035;27035;27035
60;2014-07-12 13:44:00;909402N262;8649;27.179;50;235;234;235;236;12.291;50.01;515.8;7.314;621.3;3.763;755.4;3.556;60;0;0;12.198;12.368;12.309;2854;2890;2900;50.01;50.01;50.01;9003;1000;0.0;0;0.0000;0;0;27179;27179;27179
60;2014-07-12 13:45:00;909402N262;9008;27.330;50;235;235;234;236;12.803;50.00;511.9;7.686;619.9;3.953;751.6;3.752;60;0;0;12.760;12.821;12.830;2986;2994;3019;50.00;50.00;50.00;9003;1000;0.0;0;0.0000;0;0;27330;27330;27330
60;2014-07-12 13:46:00;909402N262;10677;27.510;50;235;236;234;236;15.133;50.00;500.0;9.162;614.8;4.736;729.6;4.671;60;0;0;15.109;15.185;15.107;3560;3550;3564;50.00;50.00;50.00;9003;1000;0.0;0;0.0000;0;0;27510;27510;27510
60;2014-07-12 13:47:00;909402N262;11097;27.695;50;235;236;234;236;15.702;49.99;496.5;9.476;615.5;4.840;750.8;4.828;60;0;0;15.716;15.721;15.669;3710;3686;3698;49.99;49.99;49.99;9003;1000;0.0;0;0.0000;0;0;27695;27695;27695
60;2014-07-12 13:48:00;909402N262;10780;27.871;50;235;236;234;236;15.263;49.99;494.1;9.245;612.1;4.727;747.0;4.717;60;0;0;15.277;15.273;15.241;3603;3578;3596;49.99;49.99;49.99;9003;1000;0.0;0;0.0000;0;0;27871;27871;27871
60;2014-07-12 13:49:00;909402N262;10782;28.052;50;235;236;234;236;15.280;50.00;492.1;9.265;609.7;4.753;745.5;4.738;60;0;0;15.285;15.265;15.291;3603;3568;3610;50.00;50.00;50.00;9003;1000;0.0;0;0.0000;0;0;28052;28052;28052
60;2014-07-12 13:50:00;909402N262;10745;28.230;50;235;235;234;236;15.231;49.99;490.2;9.259;607.9;4.752;743.0;4.739;60;0;0;15.220;15.246;15.229;3582;3570;3591;49.99;49.99;49.99;9003;1000;0.0;0;0.0000;0;0;28230;28230;28230
60;2014-07-12 13:51:00;909402N262;10302;28.403;51;235;235;234;236;14.645;49.99;489.1;8.862;605.5;4.573;739.5;4.587;60;0;0;14.583;14.747;14.606;3429;3425;3445;49.99;49.99;49.99;9003;1000;0.0;0;0.0000;0;0;28403;28403;28403
60;2014-07-12 13:52:00;909402N262;5669;28.497;51;234;234;233;235;8.098;50.00;491.9;4.922;596.1;2.505;718.7;2.544;60;0;0;8.032;8.151;8.113;1874;1892;1903;50.00;50.00;50.00;9003;1000;0.0;0;0.0000;0;0;28497;28497;28497
60;2014-07-12 13:53:00;909402N262;6006;28.596;51;234;234;233;235;8.554;50.00;500.8;5.276;602.8;2.664;724.6;2.592;60;0;0;8.545;8.514;8.604;1989;2002;2013;50.00;50.00;50.00;9003;1000;0.0;0;0.0000;0;0;28596;28596;28596
60;2014-07-12 13:54:00;909402N262;6128;28.700;51;234;234;234;235;8.731;50.01;503.5;5.260;600.0;2.839;721.1;2.573;60;0;0;8.667;8.800;8.728;2029;2045;2053;50.01;50.01;50.01;9003;1000;0.0;0;0.0000;0;0;28700;28700;28700
60;2014-07-12 13:55:00;909402N262;5142;28.784;51;234;234;234;235;7.304;50.01;509.4;4.523;608.8;2.329;726.4;2.026;60;0;0;7.280;7.295;7.338;1699;1715;1720;50.01;50.01;50.01;9003;1000;0.0;0;0.0000;0;0;28784;28784;28784
60;2014-07-12 13:56:00;909402N262;4280;28.856;51;234;234;235;235;6.117;50.00;507.7;3.679;606.0;1.880;727.8;1.802;60;0;0;6.052;6.169;6.132;1407;1443;1434;50.00;50.00;50.00;9003;1000;0.0;0;0.0000;0;0;28856;28856;28856
60;2014-07-12 13:57:00;909402N262;2613;28.899;51;234;234;234;234;3.772;49.99;506.9;2.341;590.9;1.172;715.8;1.070;60;0;0;3.723;3.814;3.779;859;878;873;49.99;49.99;49.99;9003;1000;0.0;0;0.0000;0;0;28899;28899;28899
60;2014-07-12 13:58:00;909402N262;2440;28.939;50;234;234;234;235;3.525;49.99;512.5;2.183;592.6;1.084;720.2;0.985;60;0;0;3.468;3.564;3.543;799;820;818;49.99;49.99;49.99;9003;1000;0.0;0;0.0000;0;0;28939;28939;28939
60;2014-07-12 13:59:00;909402N262;2388;28.979;50;234;234;234;234;3.455;49.98;516.1;2.132;593.4;1.053;724.3;0.956;60;0;0;3.405;3.495;3.467;783;803;799;49.98;49.98;49.98;9003;1000;0.0;0;0.0000;0;0;28979;28979;28979
60;2014-07-12 14:00:00;909402N262;2355;29.019;50;234;233;234;234;3.411;49.97;521.4;2.095;596.8;1.026;728.4;0.933;60;0;0;3.349;3.456;3.428;768;794;790;49.97;49.97;49.97;9003;1000;0.0;0;0.0000;0;0;29019;29019;29019
[wr_ende]
