20140611;100003;danfoss;My Plant;+0100
[wr_def_start]
909402N262;Inverter Type;Inverter Group;Hanzl
[wr_def_end]
[wr]
INTERVAL;TIMESTAMP;SERIAL;P_AC;E_DAY;T_WR;U_AC;U_AC_1;U_AC_2;U_AC_3;I_AC;F_AC;U_DC_1;I_DC_1;U_DC_2;I_DC_2;U_DC_3;I_DC_3;S;E_WR;M_WR;I_AC_1;I_AC_2;I_AC_3;P_AC_1;P_AC_2;P_AC_3;F_AC_1;F_AC_2;F_AC_3;R_DC;PC;PCS;PCS_LL;COS_PHI;COS_PHI_LL;S_COS_PHI;Current_Day_Energy;current_Day_Offset;ccEnergyOfDay_WithoutOffset
60;2014-06-11 09:01:00;909402N262;865;1.481;38;233;233;233;233;1.303;49.99;539.5;0.755;616.4;0.564;655.5;0.318;60;0;0;1.250;1.339;1.321;275;296;292;49.99;49.99;49.99;8610;1000;0.0;0;0.0000;0;0;1481;1481;1481
60;2014-06-11 09:02:00;909402N262;1276;1.503;38;233;233;233;233;1.949;49.99;328.2;1.374;375.2;1.744;737.5;0.274;60;0;0;1.891;1.990;1.967;411;434;428;49.99;49.99;49.99;8610;1000;0.0;0;0.0000;0;0;1503;1503;1503
60;2014-06-11 09:03:00;909402N262;1307;1.524;38;232;233;232;232;2.012;50.00;328.2;1.403;378.9;1.774;737.6;0.278;60;0;0;1.963;2.049;2.025;424;443;439;50.00;50.00;50.00;8610;1000;0.0;0;0.0000;0;0;1524;1524;1524
60;2014-06-11 09:04:00;909402N262;1340;1.546;38;233;233;232;232;2.060;49.99;328.2;1.433;386.5;1.795;729.2;0.283;60;0;0;2.010;2.098;2.072;434;455;449;49.99;49.99;49.99;8610;1000;0.0;0;0.0000;0;0;1546;1546;1546
60;2014-06-11 09:05:00;909402N262;1364;1.570;38;233;233;233;233;2.092;49.99;327.9;1.463;390.0;1.811;744.2;0.281;60;0;0;2.048;2.129;2.099;444;462;457;49.99;49.99;49.99;8610;1000;0.0;0;0.0000;0;0;1570;1570;1570
60;2014-06-11 09:06:00;909402N262;1399;1.594;39;233;233;233;233;2.140;49.99;327.8;1.490;401.5;1.821;747.9;0.282;60;0;0;2.094;2.178;2.148;454;474;468;49.99;49.99;49.99;8610;1000;0.0;0;0.0000;0;0;1594;1594;1594
60;2014-06-11 09:07:00;909402N262;1431;1.617;39;233;233;233;233;2.185;49.98;328.1;1.518;409.0;1.837;752.7;0.283;60;0;0;2.138;2.219;2.199;465;484;480;49.98;49.98;49.98;8610;1000;0.0;0;0.0000;0;0;1617;1617;1617
60;2014-06-11 09:08:00;909402N262;1460;1.641;39;233;233;233;233;2.223;49.98;328.0;1.548;414.0;1.853;752.9;0.286;60;0;0;2.176;2.256;2.237;475;493;490;49.98;49.98;49.98;8610;1000;0.0;0;0.0000;0;0;1641;1641;1641
60;2014-06-11 09:09:00;909402N262;1552;1.668;39;233;233;233;233;2.350;49.96;407.0;1.423;421.1;1.866;768.0;0.287;60;0;0;2.300;2.384;2.368;505;524;521;49.96;49.96;49.96;8610;1000;0.0;0;0.0000;0;0;1668;1668;1668
60;2014-06-11 09:10:00;909402N262;1609;1.694;39;232;232;232;232;2.431;49.98;429.5;1.428;425.8;1.881;774.9;0.290;60;0;0;2.382;2.469;2.443;525;543;539;49.98;49.98;49.98;8610;1000;0.0;0;0.0000;0;0;1694;1694;1694
60;2014-06-11 09:11:00;909402N262;1650;1.721;39;234;234;234;233;2.399;49.98;427.5;1.482;430.4;1.893;706.8;0.328;60;0;0;2.352;2.432;2.413;538;558;552;49.98;49.98;49.98;8610;1000;0.0;0;0.0000;0;0;1721;1721;1721
60;2014-06-11 09:12:00;909402N262;1687;1.751;39;235;235;235;235;2.426;49.98;425.9;1.537;434.2;1.908;698.3;0.339;60;0;0;2.374;2.465;2.439;548;572;565;49.98;49.98;49.98;8610;1000;0.0;0;0.0000;0;0;1751;1751;1751
60;2014-06-11 09:13:00;909402N262;1735;1.778;39;235;235;235;235;2.536;50.00;423.6;1.594;442.1;1.926;708.9;0.340;60;0;0;2.479;2.587;2.544;562;591;580;50.00;50.00;50.00;8610;1000;0.0;0;0.0000;0;0;1778;1778;1778
60;2014-06-11 09:14:00;909402N262;1769;1.809;39;235;235;235;235;2.611;50.01;421.2;1.650;444.1;1.940;715.2;0.342;60;0;0;2.545;2.669;2.619;572;604;590;50.01;50.01;50.01;8610;1000;0.0;0;0.0000;0;0;1809;1809;1809
60;2014-06-11 09:15:00;909402N262;1803;1.838;39;235;235;235;235;2.658;49.99;419.3;1.703;447.5;1.954;715.7;0.345;60;0;0;2.597;2.716;2.662;585;614;602;49.99;49.99;49.99;8610;1000;0.0;0;0.0000;0;0;1838;1838;1838
60;2014-06-11 09:16:00;909402N262;1815;1.868;39;235;235;234;235;2.684;49.99;414.6;1.757;450.7;1.950;724.9;0.347;60;0;0;2.624;2.737;2.691;590;616;606;49.99;49.99;49.99;8610;1000;0.0;0;0.0000;0;0;1868;1868;1868
60;2014-06-11 09:17:00;909402N262;1887;1.901;39;234;234;234;234;2.792;49.98;430.5;1.753;458.2;1.987;730.8;0.349;60;0;0;2.746;2.831;2.801;618;637;630;49.98;49.98;49.98;8610;1000;0.0;0;0.0000;0;0;1901;1901;1901
60;2014-06-11 09:18:00;909402N262;1919;1.933;39;234;235;234;234;2.834;49.98;427.3;1.815;460.3;2.003;726.3;0.352;60;0;0;2.783;2.870;2.850;628;647;642;49.98;49.98;49.98;8610;1000;0.0;0;0.0000;0;0;1933;1933;1933
60;2014-06-11 09:19:00;909402N262;1951;1.965;39;234;235;234;234;2.880;49.99;434.5;1.830;463.4;2.016;722.7;0.352;60;0;0;2.830;2.915;2.895;638;657;653;49.99;49.99;49.99;8610;1000;0.0;0;0.0000;0;0;1965;1965;1965
60;2014-06-11 09:20:00;909402N262;1980;1.999;39;234;234;234;234;2.922;49.99;436.7;1.869;463.3;2.031;724.1;0.353;60;0;0;2.878;2.951;2.938;650;666;662;49.99;49.99;49.99;8610;1000;0.0;0;0.0000;0;0;1999;1999;1999
60;2014-06-11 09:21:00;909402N262;2014;2.032;39;234;234;234;234;2.965;49.99;433.3;1.928;467.4;2.043;729.0;0.353;60;0;0;2.913;3.000;2.982;659;679;674;49.99;49.99;49.99;8610;1000;0.0;0;0.0000;0;0;2032;2032;2032
60;2014-06-11 09:22:00;909402N262;2064;2.066;39;235;235;235;235;3.030;49.98;434.1;1.971;473.7;2.067;741.9;0.356;60;0;0;2.975;3.063;3.054;675;694;692;49.98;49.98;49.98;8610;1000;0.0;0;0.0000;0;0;2066;2066;2066
60;2014-06-11 09:23:00;909402N262;2134;2.102;39;235;235;234;235;3.128;49.97;502.2;1.805;474.7;2.081;762.1;0.358;60;0;0;3.076;3.161;3.148;700;717;715;49.97;49.97;49.97;8610;1000;0.0;0;0.0000;0;0;2102;2102;2102
60;2014-06-11 09:24:00;909402N262;2185;2.137;39;235;235;235;235;3.192;49.98;504.4;1.844;478.8;2.099;782.7;0.362;60;0;0;3.143;3.224;3.211;717;734;732;49.98;49.98;49.98;8610;1000;0.0;0;0.0000;0;0;2137;2137;2137
60;2014-06-11 09:25:00;909402N262;2225;2.175;39;235;235;235;235;3.249;49.99;505.2;1.891;478.9;2.116;783.7;0.369;60;0;0;3.201;3.279;3.267;730;747;745;49.99;49.99;49.99;8610;1000;0.0;0;0.0000;0;0;2175;2175;2175
60;2014-06-11 09:26:00;909402N262;2285;2.213;40;235;235;234;235;3.314;49.99;502.9;1.952;487.9;2.132;792.5;0.375;60;0;0;3.261;3.354;3.327;750;769;764;49.99;49.99;49.99;8610;1000;0.0;0;0.0000;0;0;2213;2213;2213
60;2014-06-11 09:27:00;909402N262;2331;2.252;40;235;235;235;235;3.368;49.98;500.0;2.014;489.7;2.148;794.6;0.386;60;0;0;3.319;3.404;3.382;766;784;780;49.98;49.98;49.98;8610;1000;0.0;0;0.0000;0;0;2252;2252;2252
60;2014-06-11 09:28:00;909402N262;2371;2.291;40;234;234;234;234;3.432;49.97;497.3;2.073;491.5;2.160;794.7;0.395;60;0;0;3.381;3.463;3.452;779;796;794;49.97;49.97;49.97;8610;1000;0.0;0;0.0000;0;0;2291;2291;2291
60;2014-06-11 09:29:00;909402N262;2412;2.331;40;234;234;234;234;3.492;49.96;494.6;2.130;494.5;2.172;794.9;0.404;60;0;0;3.443;3.520;3.514;793;809;809;49.96;49.96;49.96;8610;1000;0.0;0;0.0000;0;0;2331;2331;2331
60;2014-06-11 09:30:00;909402N262;2443;2.373;40;234;234;234;234;3.538;49.98;491.5;2.186;494.5;2.184;795.0;0.411;60;0;0;3.476;3.574;3.564;799;822;820;49.98;49.98;49.98;8610;1000;0.0;0;0.0000;0;0;2373;2373;2373
60;2014-06-11 09:31:00;909402N262;2480;2.414;40;234;233;234;234;3.586;49.98;485.2;2.254;491.4;2.212;713.5;0.642;60;0;0;3.537;3.611;3.611;810;835;833;49.98;49.98;49.98;8610;1000;0.0;0;0.0000;0;0;2414;2414;2414
60;2014-06-11 09:32:00;909402N262;2706;2.459;40;234;233;234;234;3.868;49.98;485.7;2.304;505.3;2.222;259.9;2.010;60;0;0;3.796;3.914;3.895;883;912;908;49.98;49.98;49.98;8610;1000;0.0;0;0.0000;0;0;2459;2459;2459
60;2014-06-11 09:33:00;909402N262;2823;2.506;40;234;233;234;234;4.040;49.98;484.4;2.343;505.1;2.236;347.7;1.822;60;0;0;3.970;4.083;4.067;922;950;948;49.98;49.98;49.98;8610;1000;0.0;0;0.0000;0;0;2506;2506;2506
60;2014-06-11 09:34:00;909402N262;3008;2.557;40;233;233;234;234;4.311;49.99;484.1;2.374;509.0;2.248;447.3;1.725;60;0;0;4.237;4.370;4.328;982;1017;1007;49.99;49.99;49.99;8610;1000;0.0;0;0.0000;0;0;2557;2557;2557
60;2014-06-11 09:35:00;909402N262;3045;2.607;40;233;233;234;234;4.358;49.99;483.4;2.405;510.5;2.259;453.7;1.733;60;0;0;4.302;4.400;4.374;1002;1023;1018;49.99;49.99;49.99;8610;1000;0.0;0;0.0000;0;0;2607;2607;2607
60;2014-06-11 09:36:00;909402N262;3066;2.658;40;234;234;234;234;4.387;49.98;482.9;2.438;510.2;2.274;445.0;1.769;60;0;0;4.334;4.423;4.404;1010;1029;1026;49.98;49.98;49.98;8610;1000;0.0;0;0.0000;0;0;2658;2658;2658
60;2014-06-11 09:37:00;909402N262;3102;2.709;40;233;234;233;234;4.442;49.98;482.3;2.475;514.4;2.291;445.4;1.770;60;0;0;4.400;4.461;4.465;1025;1035;1040;49.98;49.98;49.98;8610;1000;0.0;0;0.0000;0;0;2709;2709;2709
60;2014-06-11 09:38:00;909402N262;3140;2.761;40;234;234;233;234;4.492;49.98;481.7;2.509;519.9;2.307;442.1;1.789;60;0;0;4.451;4.507;4.519;1038;1046;1054;49.98;49.98;49.98;8610;1000;0.0;0;0.0000;0;0;2761;2761;2761
60;2014-06-11 09:39:00;909402N262;3160;2.814;40;234;234;234;235;4.513;50.00;481.1;2.546;520.1;2.324;443.9;1.771;60;0;0;4.460;4.537;4.544;1040;1056;1062;50.00;50.00;50.00;8610;1000;0.0;0;0.0000;0;0;2814;2814;2814
60;2014-06-11 09:40:00;909402N262;3242;2.868;41;234;234;234;235;4.628;49.98;480.4;2.582;522.4;2.340;475.9;1.764;60;0;0;4.573;4.652;4.661;1066;1084;1090;49.98;49.98;49.98;8610;1000;0.0;0;0.0000;0;0;2868;2868;2868
60;2014-06-11 09:41:00;909402N262;3343;2.924;41;234;233;234;235;4.777;49.97;480.0;2.613;525.1;2.353;520.2;1.759;60;0;0;4.720;4.801;4.810;1099;1118;1124;49.97;49.97;49.97;8610;1000;0.0;0;0.0000;0;0;2924;2924;2924
60;2014-06-11 09:42:00;909402N262;3362;2.979;41;234;233;234;235;4.801;49.99;479.7;2.641;524.9;2.365;500.5;1.831;60;0;0;4.746;4.823;4.836;1105;1123;1132;49.99;49.99;49.99;8610;1000;0.0;0;0.0000;0;0;2979;2979;2979
60;2014-06-11 09:43:00;909402N262;3391;3.036;41;234;234;234;235;4.834;49.99;479.3;2.671;524.5;2.377;498.9;1.856;60;0;0;4.775;4.861;4.868;1113;1134;1141;49.99;49.99;49.99;8610;1000;0.0;0;0.0000;0;0;3036;3036;3036
60;2014-06-11 09:44:00;909402N262;3475;3.095;41;234;233;235;235;4.952;49.97;478.5;2.706;528.9;2.393;536.3;1.821;60;0;0;4.867;5.003;4.986;1132;1173;1169;49.97;49.97;49.97;8610;1000;0.0;0;0.0000;0;0;3095;3095;3095
60;2014-06-11 09:45:00;909402N262;3567;3.154;41;234;232;235;235;5.092;49.97;478.0;2.742;533.5;2.406;556.4;1.862;60;0;0;4.992;5.157;5.128;1156;1208;1201;49.97;49.97;49.97;8610;1000;0.0;0;0.0000;0;0;3154;3154;3154
60;2014-06-11 09:46:00;909402N262;3599;3.214;41;234;234;235;234;5.135;49.97;482.1;2.752;522.8;2.442;576.5;1.876;60;0;0;5.073;5.180;5.153;1184;1209;1204;49.97;49.97;49.97;8610;1000;0.0;0;0.0000;0;0;3214;3214;3214
60;2014-06-11 09:47:00;909402N262;3763;3.276;41;234;234;234;234;5.362;49.97;525.8;2.594;536.2;2.440;610.6;1.890;60;0;0;5.311;5.399;5.377;1242;1262;1257;49.97;49.97;49.97;8610;1000;0.0;0;0.0000;0;0;3276;3276;3276
60;2014-06-11 09:48:00;909402N262;3874;3.341;41;234;234;235;234;5.517;49.97;525.3;2.635;537.9;2.458;637.0;1.930;60;0;0;5.450;5.563;5.539;1272;1304;1296;49.97;49.97;49.97;8610;1000;0.0;0;0.0000;0;0;3341;3341;3341
60;2014-06-11 09:49:00;909402N262;3977;3.408;41;234;234;235;234;5.666;49.97;525.3;2.675;537.5;2.469;665.0;1.969;60;0;0;5.611;5.709;5.678;1312;1337;1327;49.97;49.97;49.97;8610;1000;0.0;0;0.0000;0;0;3408;3408;3408
60;2014-06-11 09:50:00;909402N262;4075;3.475;41;234;235;234;234;5.803;49.98;524.6;2.724;537.5;2.486;682.9;2.014;60;0;0;5.771;5.847;5.793;1354;1368;1351;49.98;49.98;49.98;8610;1000;0.0;0;0.0000;0;0;3475;3475;3475
60;2014-06-11 09:51:00;909402N262;4138;3.544;41;235;236;235;235;5.874;49.98;524.2;2.773;537.3;2.506;688.0;2.042;60;0;0;5.841;5.917;5.864;1374;1388;1373;49.98;49.98;49.98;8610;1000;0.0;0;0.0000;0;0;3544;3544;3544
60;2014-06-11 09:52:00;909402N262;4163;3.614;42;235;235;235;235;5.915;49.97;525.5;2.808;536.8;2.522;686.0;2.043;60;0;0;5.862;5.957;5.927;1374;1398;1389;49.97;49.97;49.97;8610;1000;0.0;0;0.0000;0;0;3614;3614;3614
60;2014-06-11 09:53:00;909402N262;4177;3.684;42;235;234;235;235;5.930;49.99;525.2;2.848;536.6;2.533;675.3;2.059;60;0;0;5.871;5.959;5.962;1375;1398;1402;49.99;49.99;49.99;8610;1000;0.0;0;0.0000;0;0;3684;3684;3684
60;2014-06-11 09:54:00;909402N262;4212;3.753;42;235;235;235;236;5.974;49.98;524.8;2.892;536.8;2.546;674.6;2.071;60;0;0;5.919;5.989;6.015;1387;1404;1418;49.98;49.98;49.98;8610;1000;0.0;0;0.0000;0;0;3753;3753;3753
60;2014-06-11 09:55:00;909402N262;4264;3.825;42;235;235;235;236;6.046;49.97;523.2;2.943;542.4;2.559;673.5;2.091;60;0;0;5.994;6.057;6.089;1406;1420;1436;49.97;49.97;49.97;8610;1000;0.0;0;0.0000;0;0;3825;3825;3825
60;2014-06-11 09:56:00;909402N262;4320;3.896;42;235;235;235;236;6.119;49.99;521.1;2.997;547.1;2.580;672.6;2.109;60;0;0;6.074;6.131;6.153;1429;1438;1451;49.99;49.99;49.99;8610;1000;0.0;0;0.0000;0;0;3896;3896;3896
60;2014-06-11 09:57:00;909402N262;4351;3.970;42;236;235;236;236;6.155;49.97;519.1;3.047;549.3;2.595;666.8;2.125;60;0;0;6.079;6.207;6.180;1428;1464;1457;49.97;49.97;49.97;8610;1000;0.0;0;0.0000;0;0;3970;3970;3970
60;2014-06-11 09:58:00;909402N262;4393;4.043;42;236;235;236;236;6.206;49.98;517.3;3.096;551.8;2.612;665.8;2.140;60;0;0;6.134;6.251;6.235;1443;1476;1472;49.98;49.98;49.98;8610;1000;0.0;0;0.0000;0;0;4043;4043;4043
60;2014-06-11 09:59:00;909402N262;4415;4.117;42;236;235;236;236;6.239;49.98;516.1;3.142;551.4;2.627;661.5;2.147;60;0;0;6.176;6.276;6.267;1453;1481;1479;49.98;49.98;49.98;8610;1000;0.0;0;0.0000;0;0;4117;4117;4117
60;2014-06-11 10:00:00;909402N262;4440;4.191;42;236;235;236;236;6.273;49.97;525.8;3.121;551.6;2.639;653.7;2.171;60;0;0;6.206;6.310;6.304;1459;1490;1489;49.97;49.97;49.97;8610;1000;0.0;0;0.0000;0;0;4191;4191;4191
[wr_ende]
