20140627;070001;danfoss;My Plant;+0100
[wr_def_start]
909402N262;Inverter Type;Inverter Group;Hanzl
[wr_def_end]
[wr]
INTERVAL;TIMESTAMP;SERIAL;P_AC;E_DAY;T_WR;U_AC;U_AC_1;U_AC_2;U_AC_3;I_AC;F_AC;U_DC_1;I_DC_1;U_DC_2;I_DC_2;U_DC_3;I_DC_3;S;E_WR;M_WR;I_AC_1;I_AC_2;I_AC_3;P_AC_1;P_AC_2;P_AC_3;F_AC_1;F_AC_2;F_AC_3;R_DC;PC;PCS;PCS_LL;COS_PHI;COS_PHI_LL;S_COS_PHI;Current_Day_Energy;current_Day_Offset;ccEnergyOfDay_WithoutOffset
60;2014-06-27 06:01:00;909402N262;320;0.145;32;235;235;235;235;0.598;50.01;547.5;0.271;591.7;0.148;717.5;0.124;60;0;0;0.575;0.700;0.521;101;124;93;50.01;50.01;50.01;16510;1000;0.0;0;0.0000;0;0;145;145;145
60;2014-06-27 06:02:00;909402N262;332;0.150;32;234;234;234;234;0.637;50.01;554.7;0.276;605.0;0.149;722.3;0.127;60;0;0;0.613;0.721;0.577;105;124;101;50.01;50.01;50.01;16510;1000;0.0;0;0.0000;0;0;150;150;150
60;2014-06-27 06:03:00;909402N262;336;0.155;32;234;234;234;234;0.639;50.01;555.4;0.280;607.0;0.151;719.8;0.128;60;0;0;0.615;0.706;0.596;105;123;105;50.01;50.01;50.01;16510;1000;0.0;0;0.0000;0;0;155;155;155
60;2014-06-27 06:04:00;909402N262;337;0.161;32;234;234;234;234;0.639;50.00;555.6;0.282;607.2;0.151;721.3;0.128;60;0;0;0.614;0.714;0.589;108;124;104;50.00;50.00;50.00;16510;1000;0.0;0;0.0000;0;0;161;161;161
60;2014-06-27 06:05:00;909402N262;336;0.167;32;234;234;234;234;0.636;49.99;555.7;0.283;605.8;0.149;724.7;0.127;60;0;0;0.603;0.729;0.577;106;126;102;49.99;49.99;49.99;16510;1000;0.0;0;0.0000;0;0;167;167;167
60;2014-06-27 06:06:00;909402N262;335;0.173;32;234;234;233;234;0.627;49.99;557.3;0.282;603.1;0.148;730.7;0.125;60;0;0;0.622;0.715;0.546;110;126;98;49.99;49.99;49.99;16510;1000;0.0;0;0.0000;0;0;173;173;173
60;2014-06-27 06:07:00;909402N262;331;0.177;32;233;233;233;233;0.620;49.99;558.9;0.280;601.0;0.148;727.8;0.124;60;0;0;0.625;0.701;0.535;110;123;97;49.99;49.99;49.99;16510;1000;0.0;0;0.0000;0;0;177;177;177
60;2014-06-27 06:08:00;909402N262;332;0.183;32;233;233;233;233;0.620;49.97;558.6;0.281;600.7;0.148;725.7;0.123;60;0;0;0.608;0.684;0.569;108;120;101;49.97;49.97;49.97;16510;1000;0.0;0;0.0000;0;0;183;183;183
60;2014-06-27 06:09:00;909402N262;336;0.190;32;233;233;233;233;0.628;49.98;558.7;0.286;603.7;0.148;729.5;0.124;60;0;0;0.620;0.703;0.562;110;125;101;49.98;49.98;49.98;16510;1000;0.0;0;0.0000;0;0;190;190;190
60;2014-06-27 06:10:00;909402N262;344;0.195;32;233;233;233;233;0.644;49.99;559.1;0.293;606.7;0.151;723.8;0.127;60;0;0;0.566;0.759;0.608;100;133;109;49.99;49.99;49.99;16510;1000;0.0;0;0.0000;0;0;195;195;195
60;2014-06-27 06:11:00;909402N262;354;0.201;32;233;233;233;233;0.662;49.99;559.8;0.301;604.1;0.156;723.7;0.131;60;0;0;0.592;0.753;0.642;105;132;115;49.99;49.99;49.99;16510;1000;0.0;0;0.0000;0;0;201;201;201
60;2014-06-27 06:12:00;909402N262;366;0.206;32;233;233;233;234;0.674;49.98;560.5;0.311;609.5;0.160;733.8;0.133;60;0;0;0.623;0.741;0.659;112;133;120;49.98;49.98;49.98;16510;1000;0.0;0;0.0000;0;0;206;206;206
60;2014-06-27 06:13:00;909402N262;378;0.213;32;235;235;235;236;0.694;49.97;561.0;0.320;611.5;0.163;726.3;0.139;60;0;0;0.625;0.815;0.643;112;146;117;49.97;49.97;49.97;16510;1000;0.0;0;0.0000;0;0;213;213;213
60;2014-06-27 06:14:00;909402N262;385;0.219;32;235;235;235;236;0.708;49.97;562.4;0.328;613.5;0.166;733.1;0.141;60;0;0;0.660;0.833;0.631;119;149;115;49.97;49.97;49.97;16510;1000;0.0;0;0.0000;0;0;219;219;219
60;2014-06-27 06:15:00;909402N262;395;0.226;33;235;235;235;235;0.713;49.98;562.7;0.334;614.2;0.169;738.7;0.144;60;0;0;0.652;0.843;0.645;120;155;119;49.98;49.98;49.98;16510;1000;0.0;0;0.0000;0;0;226;226;226
60;2014-06-27 06:16:00;909402N262;402;0.232;33;235;235;235;235;0.731;49.98;555.7;0.344;604.6;0.175;721.8;0.151;60;0;0;0.684;0.855;0.654;125;156;120;49.98;49.98;49.98;16510;1000;0.0;0;0.0000;0;0;232;232;232
60;2014-06-27 06:17:00;909402N262;413;0.240;33;235;235;235;235;0.743;49.98;562.5;0.349;614.3;0.178;731.5;0.151;60;0;0;0.724;0.837;0.668;134;154;122;49.98;49.98;49.98;16510;1000;0.0;0;0.0000;0;0;240;240;240
60;2014-06-27 06:18:00;909402N262;412;0.247;33;235;235;235;235;0.742;49.97;563.5;0.349;614.0;0.178;731.6;0.150;60;0;0;0.715;0.838;0.674;131;155;124;49.97;49.97;49.97;16510;1000;0.0;0;0.0000;0;0;247;247;247
60;2014-06-27 06:19:00;909402N262;404;0.253;33;235;236;235;235;0.726;49.97;563.5;0.343;612.7;0.174;737.9;0.144;60;0;0;0.719;0.812;0.647;133;150;119;49.97;49.97;49.97;16510;1000;0.0;0;0.0000;0;0;253;253;253
60;2014-06-27 06:20:00;909402N262;391;0.259;33;235;235;235;235;0.718;49.99;564.4;0.335;614.6;0.168;728.7;0.139;60;0;0;0.664;0.809;0.682;119;146;125;49.99;49.99;49.99;16510;1000;0.0;0;0.0000;0;0;259;259;259
60;2014-06-27 06:21:00;909402N262;380;0.266;33;235;235;235;235;0.687;49.98;563.8;0.329;613.2;0.164;734.0;0.133;60;0;0;0.618;0.793;0.652;113;145;120;49.98;49.98;49.98;16510;1000;0.0;0;0.0000;0;0;266;266;266
60;2014-06-27 06:22:00;909402N262;371;0.272;33;235;235;235;235;0.683;49.99;563.2;0.322;611.3;0.160;724.2;0.130;60;0;0;0.584;0.824;0.643;104;148;117;49.99;49.99;49.99;16510;1000;0.0;0;0.0000;0;0;272;272;272
60;2014-06-27 06:23:00;909402N262;360;0.279;33;235;234;235;235;0.663;49.99;563.2;0.315;604.8;0.157;728.5;0.125;60;0;0;0.616;0.730;0.644;111;130;117;49.99;49.99;49.99;16510;1000;0.0;0;0.0000;0;0;279;279;279
60;2014-06-27 06:24:00;909402N262;351;0.284;33;236;236;236;236;0.655;49.99;563.3;0.308;606.9;0.152;720.2;0.121;60;0;0;0.590;0.755;0.622;104;134;111;49.99;49.99;49.99;16510;1000;0.0;0;0.0000;0;0;284;284;284
60;2014-06-27 06:25:00;909402N262;339;0.290;33;237;237;237;237;0.647;49.98;562.9;0.300;604.1;0.149;716.5;0.118;60;0;0;0.576;0.741;0.625;98;129;110;49.98;49.98;49.98;16510;1000;0.0;0;0.0000;0;0;290;290;290
60;2014-06-27 06:26:00;909402N262;332;0.296;33;237;237;237;236;0.628;49.99;553.3;0.299;600.6;0.147;720.7;0.113;60;0;0;0.550;0.712;0.624;97;123;111;49.99;49.99;49.99;16510;1000;0.0;0;0.0000;0;0;296;296;296
60;2014-06-27 06:27:00;909402N262;327;0.301;33;234;235;235;234;0.629;49.99;552.9;0.296;600.8;0.144;711.2;0.112;60;0;0;0.590;0.704;0.594;101;121;103;49.99;49.99;49.99;16510;1000;0.0;0;0.0000;0;0;301;301;301
60;2014-06-27 06:28:00;909402N262;323;0.306;33;234;234;234;233;0.631;49.99;553.1;0.293;605.4;0.141;707.8;0.110;60;0;0;0.577;0.717;0.601;98;121;102;49.99;49.99;49.99;16510;1000;0.0;0;0.0000;0;0;306;306;306
60;2014-06-27 06:29:00;909402N262;319;0.312;33;233;234;234;233;0.618;50.00;557.5;0.288;603.8;0.140;708.1;0.108;60;0;0;0.580;0.707;0.567;99;121;98;50.00;50.00;50.00;16510;1000;0.0;0;0.0000;0;0;312;312;312
60;2014-06-27 06:30:00;909402N262;316;0.317;33;234;234;234;233;0.600;50.02;562.4;0.283;601.2;0.140;719.3;0.105;60;0;0;0.570;0.700;0.531;98;121;94;50.02;50.02;50.02;16510;1000;0.0;0;0.0000;0;0;317;317;317
60;2014-06-27 06:31:00;909402N262;311;0.322;33;233;234;234;233;0.596;50.03;557.0;0.282;593.8;0.140;707.3;0.106;60;0;0;0.574;0.690;0.524;98;119;91;50.03;50.03;50.03;16510;1000;0.0;0;0.0000;0;0;322;322;322
60;2014-06-27 06:32:00;909402N262;315;0.328;33;233;234;233;233;0.611;50.01;563.2;0.281;602.4;0.140;719.9;0.104;60;0;0;0.584;0.722;0.529;99;123;91;50.01;50.01;50.01;16510;1000;0.0;0;0.0000;0;0;328;328;328
60;2014-06-27 06:33:00;909402N262;316;0.332;33;233;234;234;233;0.614;50.01;563.6;0.282;604.3;0.140;716.6;0.105;60;0;0;0.566;0.750;0.527;95;128;91;50.01;50.01;50.01;16510;1000;0.0;0;0.0000;0;0;332;332;332
60;2014-06-27 06:34:00;909402N262;317;0.339;34;234;234;234;233;0.616;50.01;564.0;0.282;605.7;0.140;718.2;0.105;60;0;0;0.580;0.732;0.538;98;125;92;50.01;50.01;50.01;16510;1000;0.0;0;0.0000;0;0;339;339;339
60;2014-06-27 06:35:00;909402N262;318;0.344;34;234;234;234;234;0.631;50.02;564.7;0.283;605.1;0.142;712.1;0.106;60;0;0;0.580;0.744;0.571;96;125;94;50.02;50.02;50.02;16510;1000;0.0;0;0.0000;0;0;344;344;344
60;2014-06-27 06:36:00;909402N262;321;0.349;34;234;235;234;234;0.633;50.00;564.9;0.285;600.0;0.144;706.4;0.108;60;0;0;0.539;0.788;0.574;90;132;96;50.00;50.00;50.00;16510;1000;0.0;0;0.0000;0;0;349;349;349
60;2014-06-27 06:37:00;909402N262;324;0.355;34;234;234;234;234;0.639;50.00;565.5;0.288;599.6;0.147;706.9;0.109;60;0;0;0.589;0.738;0.592;98;124;99;50.00;50.00;50.00;16510;1000;0.0;0;0.0000;0;0;355;355;355
60;2014-06-27 06:38:00;909402N262;328;0.359;34;234;234;234;233;0.642;49.99;564.8;0.290;600.6;0.148;708.6;0.111;60;0;0;0.614;0.743;0.569;103;127;96;49.99;49.99;49.99;16510;1000;0.0;0;0.0000;0;0;359;359;359
60;2014-06-27 06:39:00;909402N262;333;0.365;34;234;235;234;233;0.651;49.98;556.3;0.299;603.6;0.148;708.7;0.113;60;0;0;0.592;0.755;0.608;99;128;103;49.98;49.98;49.98;16510;1000;0.0;0;0.0000;0;0;365;365;365
60;2014-06-27 06:40:00;909402N262;337;0.371;34;234;235;234;234;0.650;49.99;550.2;0.306;608.0;0.150;714.3;0.113;60;0;0;0.590;0.730;0.630;101;125;110;49.99;49.99;49.99;16510;1000;0.0;0;0.0000;0;0;371;371;371
60;2014-06-27 06:41:00;909402N262;340;0.377;34;234;235;234;234;0.642;49.99;555.6;0.306;608.4;0.152;719.8;0.113;60;0;0;0.600;0.705;0.621;104;123;111;49.99;49.99;49.99;16510;1000;0.0;0;0.0000;0;0;377;377;377
60;2014-06-27 06:42:00;909402N262;343;0.383;34;233;234;233;233;0.646;50.00;556.2;0.308;602.7;0.156;723.4;0.113;60;0;0;0.626;0.715;0.597;110;125;106;50.00;50.00;50.00;16510;1000;0.0;0;0.0000;0;0;383;383;383
60;2014-06-27 06:43:00;909402N262;347;0.388;34;234;234;233;233;0.678;50.00;556.1;0.311;604.0;0.158;710.4;0.117;60;0;0;0.608;0.780;0.647;103;132;111;50.00;50.00;50.00;16510;1000;0.0;0;0.0000;0;0;388;388;388
60;2014-06-27 06:44:00;909402N262;352;0.394;34;233;234;233;233;0.684;49.99;556.5;0.314;608.2;0.159;704.5;0.120;60;0;0;0.586;0.802;0.665;99;137;114;49.99;49.99;49.99;16510;1000;0.0;0;0.0000;0;0;394;394;394
60;2014-06-27 06:45:00;909402N262;355;0.400;34;233;234;232;233;0.692;50.01;556.8;0.316;612.2;0.160;705.6;0.121;60;0;0;0.614;0.819;0.643;104;139;109;50.01;50.01;50.01;16510;1000;0.0;0;0.0000;0;0;400;400;400
60;2014-06-27 06:46:00;909402N262;356;0.406;34;233;234;232;233;0.687;50.02;550.5;0.322;593.6;0.164;709.7;0.121;60;0;0;0.646;0.799;0.617;110;138;106;50.02;50.02;50.02;16510;1000;0.0;0;0.0000;0;0;406;406;406
60;2014-06-27 06:47:00;909402N262;366;0.412;34;233;233;232;233;0.690;49.99;557.5;0.324;615.8;0.164;716.3;0.121;60;0;0;0.601;0.815;0.654;106;143;116;49.99;49.99;49.99;16510;1000;0.0;0;0.0000;0;0;412;412;412
60;2014-06-27 06:48:00;909402N262;372;0.418;34;232;233;232;232;0.684;49.99;558.4;0.328;616.0;0.167;725.2;0.122;60;0;0;0.628;0.798;0.627;114;142;114;49.99;49.99;49.99;16510;1000;0.0;0;0.0000;0;0;418;418;418
60;2014-06-27 06:49:00;909402N262;376;0.425;34;233;233;232;233;0.683;49.99;558.3;0.330;616.0;0.169;730.8;0.123;60;0;0;0.597;0.798;0.656;110;144;120;49.99;49.99;49.99;16510;1000;0.0;0;0.0000;0;0;425;425;425
60;2014-06-27 06:50:00;909402N262;376;0.431;34;232;233;232;233;0.686;49.99;558.6;0.331;615.5;0.170;730.6;0.123;60;0;0;0.615;0.787;0.657;112;142;120;49.99;49.99;49.99;16510;1000;0.0;0;0.0000;0;0;431;431;431
60;2014-06-27 06:51:00;909402N262;376;0.438;34;232;233;232;232;0.683;49.98;559.1;0.330;614.6;0.169;729.6;0.123;60;0;0;0.604;0.806;0.641;111;146;117;49.98;49.98;49.98;16510;1000;0.0;0;0.0000;0;0;438;438;438
60;2014-06-27 06:52:00;909402N262;374;0.444;34;232;233;232;232;0.687;49.98;560.9;0.329;613.4;0.168;727.6;0.123;60;0;0;0.623;0.801;0.637;113;143;116;49.98;49.98;49.98;16510;1000;0.0;0;0.0000;0;0;444;444;444
60;2014-06-27 06:53:00;909402N262;374;0.450;34;232;233;231;232;0.685;49.98;563.1;0.327;613.2;0.167;726.8;0.122;60;0;0;0.635;0.799;0.622;116;143;113;49.98;49.98;49.98;16510;1000;0.0;0;0.0000;0;0;450;450;450
60;2014-06-27 06:54:00;909402N262;373;0.456;34;233;234;232;234;0.685;49.97;568.8;0.324;613.5;0.167;725.8;0.122;60;0;0;0.647;0.808;0.600;117;145;109;49.97;49.97;49.97;16510;1000;0.0;0;0.0000;0;0;456;456;456
60;2014-06-27 06:55:00;909402N262;372;0.462;34;235;236;235;235;0.690;49.98;570.6;0.323;615.8;0.166;724.8;0.122;60;0;0;0.616;0.802;0.654;111;143;116;49.98;49.98;49.98;16510;1000;0.0;0;0.0000;0;0;462;462;462
60;2014-06-27 06:56:00;909402N262;373;0.468;34;235;236;234;235;0.686;50.00;571.2;0.324;616.1;0.166;726.8;0.122;60;0;0;0.614;0.799;0.646;110;144;118;50.00;50.00;50.00;16510;1000;0.0;0;0.0000;0;0;468;468;468
60;2014-06-27 06:57:00;909402N262;375;0.474;34;235;236;235;235;0.689;50.00;572.0;0.325;614.6;0.167;729.1;0.122;60;0;0;0.605;0.818;0.644;109;148;117;50.00;50.00;50.00;16510;1000;0.0;0;0.0000;0;0;474;474;474
60;2014-06-27 06:58:00;909402N262;378;0.481;34;235;236;235;235;0.691;50.01;572.8;0.326;614.8;0.168;730.2;0.123;60;0;0;0.617;0.812;0.644;112;146;118;50.01;50.01;50.01;16510;1000;0.0;0;0.0000;0;0;481;481;481
60;2014-06-27 06:59:00;909402N262;380;0.487;34;235;236;235;235;0.705;50.04;573.0;0.329;615.5;0.168;726.8;0.124;60;0;0;0.639;0.825;0.651;114;147;117;50.04;50.04;50.04;16510;1000;0.0;0;0.0000;0;0;487;487;487
60;2014-06-27 07:00:00;909402N262;383;0.494;34;235;236;235;235;0.720;50.04;574.5;0.330;616.2;0.170;719.2;0.126;60;0;0;0.637;0.838;0.686;110;149;122;50.04;50.04;50.04;16510;1000;0.0;0;0.0000;0;0;494;494;494
[wr_ende]
