20140815;190003;danfoss;My Plant;+0100
[wr_def_start]
909402N262;Inverter Type;Inverter Group;Hanzl
[wr_def_end]
[wr]
INTERVAL;TIMESTAMP;SERIAL;P_AC;E_DAY;T_WR;U_AC;U_AC_1;U_AC_2;U_AC_3;I_AC;F_AC;U_DC_1;I_DC_1;U_DC_2;I_DC_2;U_DC_3;I_DC_3;S;E_WR;M_WR;I_AC_1;I_AC_2;I_AC_3;P_AC_1;P_AC_2;P_AC_3;F_AC_1;F_AC_2;F_AC_3;R_DC;PC;PCS;PCS_LL;COS_PHI;COS_PHI_LL;S_COS_PHI;Current_Day_Energy;current_Day_Offset;ccEnergyOfDay_WithoutOffset
60;2014-08-15 18:01:00;909402N262;848;21.507;46;234;234;235;234;1.377;50.04;498.2;0.781;575.1;0.373;740.0;0.345;60;0;0;1.348;1.408;1.377;275;290;282;50.04;50.04;50.04;7410;1000;0.0;0;0.0000;0;0;21507;21507;21507
60;2014-08-15 18:02:00;909402N262;824;21.519;46;234;234;234;234;1.416;50.03;534.3;0.702;591.7;0.354;740.3;0.331;60;0;0;1.404;1.443;1.401;270;281;271;50.03;50.03;50.03;7410;1000;0.0;0;0.0000;0;0;21519;21519;21519
60;2014-08-15 18:03:00;909402N262;793;21.533;46;234;234;234;234;1.382;50.03;533.7;0.674;591.5;0.343;738.3;0.320;60;0;0;1.362;1.410;1.374;259;269;263;50.03;50.03;50.03;7410;1000;0.0;0;0.0000;0;0;21533;21533;21533
60;2014-08-15 18:04:00;909402N262;752;21.545;46;234;234;234;234;1.318;50.04;534.5;0.635;594.1;0.327;738.3;0.303;60;0;0;1.293;1.354;1.307;245;258;248;50.04;50.04;50.04;7410;1000;0.0;0;0.0000;0;0;21545;21545;21545
60;2014-08-15 18:05:00;909402N262;701;21.557;46;234;234;234;234;1.245;50.04;537.1;0.584;592.0;0.311;734.4;0.283;60;0;0;1.214;1.272;1.249;226;239;233;50.04;50.04;50.04;7410;1000;0.0;0;0.0000;0;0;21557;21557;21557
60;2014-08-15 18:06:00;909402N262;705;21.569;46;234;234;234;234;1.250;50.03;518.7;0.615;596.2;0.312;729.9;0.284;60;0;0;1.234;1.271;1.246;231;240;233;50.03;50.03;50.03;7410;1000;0.0;0;0.0000;0;0;21569;21569;21569
60;2014-08-15 18:07:00;909402N262;695;21.581;46;234;234;234;234;1.236;50.02;489.9;0.651;602.5;0.298;731.0;0.277;60;0;0;1.226;1.265;1.219;228;237;228;50.02;50.02;50.02;7410;1000;0.0;0;0.0000;0;0;21581;21581;21581
60;2014-08-15 18:08:00;909402N262;594;21.591;46;234;234;234;234;1.084;50.01;488.7;0.554;601.1;0.258;726.9;0.237;60;0;0;1.036;1.138;1.078;188;207;197;50.01;50.01;50.01;7410;1000;0.0;0;0.0000;0;0;21591;21591;21591
60;2014-08-15 18:09:00;909402N262;588;21.600;45;234;234;234;234;1.076;50.02;521.4;0.519;602.2;0.251;729.4;0.229;60;0;0;1.034;1.125;1.071;189;204;193;50.02;50.02;50.02;7410;1000;0.0;0;0.0000;0;0;21600;21600;21600
60;2014-08-15 18:10:00;909402N262;589;21.610;45;234;234;234;234;1.072;50.02;535.5;0.514;604.3;0.248;731.0;0.226;60;0;0;1.028;1.105;1.085;188;202;197;50.02;50.02;50.02;7410;1000;0.0;0;0.0000;0;0;21610;21610;21610
60;2014-08-15 18:11:00;909402N262;592;21.621;45;234;234;234;234;1.078;50.02;532.8;0.524;605.2;0.246;732.2;0.226;60;0;0;1.033;1.121;1.082;190;204;197;50.02;50.02;50.02;7410;1000;0.0;0;0.0000;0;0;21621;21621;21621
60;2014-08-15 18:12:00;909402N262;587;21.630;45;234;234;234;233;1.064;50.02;536.0;0.519;604.1;0.242;738.5;0.223;60;0;0;1.016;1.112;1.064;187;203;195;50.02;50.02;50.02;7410;1000;0.0;0;0.0000;0;0;21630;21630;21630
60;2014-08-15 18:13:00;909402N262;571;21.640;45;234;234;234;233;1.047;50.03;544.1;0.498;604.0;0.234;729.5;0.218;60;0;0;1.016;1.088;1.039;185;197;187;50.03;50.03;50.03;7410;1000;0.0;0;0.0000;0;0;21640;21640;21640
60;2014-08-15 18:14:00;909402N262;549;21.649;45;234;234;234;233;0.993;50.02;543.2;0.480;602.6;0.225;739.1;0.208;60;0;0;0.975;1.034;0.971;179;189;179;50.02;50.02;50.02;7410;1000;0.0;0;0.0000;0;0;21649;21649;21649
60;2014-08-15 18:15:00;909402N262;527;21.658;45;234;234;235;233;0.964;50.03;541.2;0.463;599.7;0.216;733.6;0.202;60;0;0;0.944;1.007;0.941;170;182;173;50.03;50.03;50.03;7410;1000;0.0;0;0.0000;0;0;21658;21658;21658
60;2014-08-15 18:16:00;909402N262;499;21.666;45;234;234;234;233;0.919;50.02;533.1;0.447;583.1;0.210;722.8;0.196;60;0;0;0.920;0.978;0.860;164;177;156;50.02;50.02;50.02;7410;1000;0.0;0;0.0000;0;0;21666;21666;21666
60;2014-08-15 18:17:00;909402N262;487;21.674;45;234;234;234;233;0.884;50.02;536.0;0.432;600.7;0.199;720.7;0.190;60;0;0;0.884;0.958;0.812;161;175;149;50.01;50.01;50.01;7410;1000;0.0;0;0.0000;0;0;21674;21674;21674
60;2014-08-15 18:18:00;909402N262;478;21.683;45;234;234;234;234;0.880;50.01;535.2;0.425;600.2;0.196;715.1;0.188;60;0;0;0.846;0.990;0.806;151;178;147;50.01;50.01;50.01;7410;1000;0.0;0;0.0000;0;0;21683;21683;21683
60;2014-08-15 18:19:00;909402N262;476;21.690;45;234;234;234;234;0.874;50.00;534.3;0.423;600.0;0.195;716.8;0.188;60;0;0;0.858;0.948;0.817;155;171;149;50.00;50.00;50.00;7410;1000;0.0;0;0.0000;0;0;21690;21690;21690
60;2014-08-15 18:20:00;909402N262;477;21.699;45;234;234;234;234;0.869;50.00;533.2;0.422;601.0;0.195;718.9;0.190;60;0;0;0.850;0.954;0.803;154;173;148;50.00;50.00;50.00;7410;1000;0.0;0;0.0000;0;0;21699;21699;21699
60;2014-08-15 18:21:00;909402N262;476;21.705;45;234;234;234;234;0.859;49.99;532.4;0.418;600.9;0.195;719.7;0.190;60;0;0;0.857;0.926;0.796;156;171;147;49.99;49.99;49.99;7410;1000;0.0;0;0.0000;0;0;21705;21705;21705
60;2014-08-15 18:22:00;909402N262;463;21.713;45;234;234;234;234;0.839;49.99;532.6;0.406;600.3;0.192;722.3;0.183;60;0;0;0.819;0.922;0.777;149;168;143;49.99;49.99;49.99;7410;1000;0.0;0;0.0000;0;0;21713;21713;21713
60;2014-08-15 18:23:00;909402N262;449;21.721;45;234;233;234;234;0.817;49.98;533.4;0.390;601.2;0.188;715.8;0.179;60;0;0;0.786;0.889;0.776;143;163;141;49.98;49.98;49.98;7410;1000;0.0;0;0.0000;0;0;21721;21721;21721
60;2014-08-15 18:24:00;909402N262;434;21.729;45;234;233;235;233;0.794;49.98;534.8;0.373;598.2;0.184;719.3;0.173;60;0;0;0.762;0.853;0.768;136;156;140;49.98;49.98;49.98;7410;1000;0.0;0;0.0000;0;0;21729;21729;21729
60;2014-08-15 18:25:00;909402N262;416;21.735;45;233;232;234;234;0.765;49.98;534.9;0.354;597.8;0.177;712.4;0.168;60;0;0;0.725;0.852;0.719;130;154;130;49.98;49.98;49.98;7410;1000;0.0;0;0.0000;0;0;21735;21735;21735
60;2014-08-15 18:26:00;909402N262;396;21.742;44;233;233;234;234;0.740;49.99;533.5;0.336;596.0;0.170;707.7;0.160;60;0;0;0.686;0.807;0.727;122;143;129;49.99;49.99;49.99;7410;1000;0.0;0;0.0000;0;0;21742;21742;21742
60;2014-08-15 18:27:00;909402N262;379;21.748;44;234;233;234;234;0.710;49.98;531.6;0.325;596.8;0.163;708.7;0.152;60;0;0;0.662;0.795;0.673;117;140;120;49.98;49.98;49.98;7410;1000;0.0;0;0.0000;0;0;21748;21748;21748
60;2014-08-15 18:28:00;909402N262;376;21.754;44;234;233;234;234;0.709;49.98;528.3;0.326;594.9;0.162;707.6;0.151;60;0;0;0.657;0.789;0.682;115;137;121;49.98;49.98;49.98;7410;1000;0.0;0;0.0000;0;0;21754;21754;21754
60;2014-08-15 18:29:00;909402N262;388;21.762;44;234;233;234;234;0.721;49.99;525.0;0.337;597.6;0.164;710.2;0.156;60;0;0;0.689;0.800;0.676;123;142;121;49.99;49.99;49.99;7410;1000;0.0;0;0.0000;0;0;21762;21762;21762
60;2014-08-15 18:30:00;909402N262;406;21.768;44;234;233;234;234;0.751;49.99;525.3;0.352;597.1;0.171;714.9;0.165;60;0;0;0.733;0.805;0.715;131;145;129;49.99;49.99;49.99;7410;1000;0.0;0;0.0000;0;0;21768;21768;21768
60;2014-08-15 18:31:00;909402N262;418;21.774;44;234;233;234;234;0.773;49.97;520.1;0.360;593.7;0.180;711.7;0.174;60;0;0;0.760;0.820;0.739;138;145;133;49.97;49.97;49.97;7410;1000;0.0;0;0.0000;0;0;21774;21774;21774
60;2014-08-15 18:32:00;909402N262;422;21.782;44;234;233;234;234;0.767;49.99;526.4;0.355;598.9;0.183;719.1;0.173;60;0;0;0.772;0.831;0.700;141;151;128;49.99;49.99;49.99;7410;1000;0.0;0;0.0000;0;0;21782;21782;21782
60;2014-08-15 18:33:00;909402N262;403;21.788;44;234;234;234;234;0.748;49.98;526.4;0.335;599.2;0.178;709.8;0.166;60;0;0;0.701;0.823;0.720;124;148;128;49.98;49.98;49.98;7410;1000;0.0;0;0.0000;0;0;21788;21788;21788
60;2014-08-15 18:34:00;909402N262;365;21.795;44;233;233;234;234;0.704;49.98;523.5;0.305;596.0;0.166;701.3;0.150;60;0;0;0.655;0.767;0.690;113;131;119;49.98;49.98;49.98;7410;1000;0.0;0;0.0000;0;0;21795;21795;21795
60;2014-08-15 18:35:00;909402N262;315;21.800;44;234;233;234;234;0.638;50.00;519.8;0.267;585.5;0.148;690.8;0.129;60;0;0;0.532;0.745;0.637;87;122;105;50.00;50.00;50.00;7410;1000;0.0;0;0.0000;0;0;21800;21800;21800
60;2014-08-15 18:36:00;909402N262;274;21.804;44;234;234;234;234;0.579;49.99;516.1;0.236;578.1;0.129;683.6;0.112;60;0;0;0.535;0.669;0.533;84;105;83;49.99;49.99;49.99;7410;1000;0.0;0;0.0000;0;0;21804;21804;21804
60;2014-08-15 18:37:00;909402N262;252;21.809;44;234;234;234;234;0.534;50.00;512.6;0.219;573.7;0.117;683.7;0.103;60;0;0;0.470;0.641;0.492;73;100;76;50.00;50.00;50.00;7410;1000;0.0;0;0.0000;0;0;21809;21809;21809
60;2014-08-15 18:38:00;909402N262;245;21.813;44;234;234;234;234;0.525;49.99;510.5;0.213;577.4;0.110;680.6;0.101;60;0;0;0.466;0.628;0.481;73;97;74;49.99;49.99;49.99;7410;1000;0.0;0;0.0000;0;0;21813;21813;21813
60;2014-08-15 18:39:00;909402N262;240;21.816;44;234;233;234;234;0.518;49.98;511.8;0.209;574.0;0.109;677.8;0.100;60;0;0;0.468;0.606;0.480;73;92;73;49.98;49.98;49.98;7410;1000;0.0;0;0.0000;0;0;21816;21816;21816
60;2014-08-15 18:40:00;909402N262;232;21.820;44;234;233;234;234;0.522;49.97;509.8;0.204;567.4;0.106;662.8;0.098;60;0;0;0.461;0.608;0.498;67;90;72;49.97;49.97;49.97;7410;1000;0.0;0;0.0000;0;0;21820;21820;21820
60;2014-08-15 18:41:00;909402N262;224;21.824;44;234;233;234;234;0.507;49.97;508.2;0.197;569.2;0.102;662.2;0.096;60;0;0;0.443;0.601;0.478;64;87;70;49.97;49.97;49.97;7410;1000;0.0;0;0.0000;0;0;21824;21824;21824
60;2014-08-15 18:42:00;909402N262;216;21.829;44;234;233;234;234;0.472;49.97;507.2;0.190;565.7;0.099;674.9;0.091;60;0;0;0.421;0.554;0.441;64;84;66;49.97;49.97;49.97;7410;1000;0.0;0;0.0000;0;0;21829;21829;21829
60;2014-08-15 18:43:00;909402N262;208;21.832;44;234;233;234;234;0.480;49.97;506.7;0.183;557.6;0.096;660.9;0.089;60;0;0;0.423;0.570;0.447;60;82;64;49.97;49.97;49.97;7410;1000;0.0;0;0.0000;0;0;21832;21832;21832
60;2014-08-15 18:44:00;909402N262;202;21.835;43;233;233;233;233;0.500;49.96;505.3;0.178;558.6;0.094;652.2;0.088;60;0;0;0.452;0.574;0.476;59;75;66;49.96;49.96;49.96;7410;1000;0.0;0;0.0000;0;0;21835;21835;21835
60;2014-08-15 18:45:00;909402N262;197;21.839;43;233;233;234;233;0.440;49.97;506.1;0.171;566.1;0.089;670.5;0.083;60;0;0;0.405;0.516;0.401;59;76;59;49.97;49.97;49.97;7410;1000;0.0;0;0.0000;0;0;21839;21839;21839
60;2014-08-15 18:46:00;909402N262;181;21.841;43;233;233;234;233;0.429;49.97;499.6;0.163;533.7;0.089;654.1;0.079;60;0;0;0.371;0.517;0.401;50;72;58;49.97;49.97;49.97;7410;1000;0.0;0;0.0000;0;0;21841;21841;21841
60;2014-08-15 18:47:00;909402N262;172;21.844;43;233;233;233;233;0.399;49.96;501.5;0.154;554.0;0.082;667.3;0.071;60;0;0;0.366;0.464;0.367;51;65;54;49.96;49.96;49.96;7410;1000;0.0;0;0.0000;0;0;21844;21844;21844
60;2014-08-15 18:48:00;909402N262;160;21.847;43;234;234;235;235;0.410;49.96;499.3;0.144;540.6;0.077;650.6;0.069;60;0;0;0.360;0.428;0.444;48;47;63;49.96;49.96;49.96;7410;1000;0.0;0;0.0000;0;0;21847;21847;21847
60;2014-08-15 18:49:00;909402N262;152;21.850;43;236;236;236;236;0.379;49.97;496.9;0.137;546.2;0.071;655.9;0.064;60;0;0;0.310;0.440;0.388;39;56;54;49.97;49.97;49.97;7410;1000;0.0;0;0.0000;0;0;21850;21850;21850
60;2014-08-15 18:50:00;909402N262;142;21.852;43;236;235;236;236;0.374;49.96;496.2;0.128;534.1;0.068;644.3;0.061;60;0;0;0.318;0.378;0.428;38;43;58;49.96;49.96;49.96;7410;1000;0.0;0;0.0000;0;0;21852;21852;21852
60;2014-08-15 18:51:00;909402N262;130;21.854;43;235;235;236;236;0.341;49.97;494.7;0.118;532.5;0.063;649.5;0.055;60;0;0;0.245;0.448;0.332;27;57;45;49.97;49.97;49.97;7410;1000;0.0;0;0.0000;0;0;21854;21854;21854
60;2014-08-15 18:52:00;909402N262;118;21.855;43;235;236;235;235;0.324;49.97;491.7;0.107;519.6;0.057;651.4;0.049;60;0;0;0.297;0.403;0.273;27;52;36;49.97;49.97;49.97;7410;1000;0.0;0;0.0000;0;0;21855;21855;21855
60;2014-08-15 18:53:00;909402N262;106;21.858;43;235;236;236;235;0.291;49.98;488.2;0.097;520.9;0.050;627.9;0.045;60;0;0;0.222;0.411;0.242;20;52;32;49.98;49.98;49.98;7410;1000;0.0;0;0.0000;0;0;21858;21858;21858
60;2014-08-15 18:54:00;909402N262;95;21.859;43;235;235;236;235;0.260;49.98;484.8;0.088;499.7;0.047;613.1;0.042;60;0;0;0.199;0.391;0.192;19;49;25;49.98;49.98;49.98;7410;1000;0.0;0;0.0000;0;0;21859;21859;21859
60;2014-08-15 18:55:00;909402N262;86;21.861;43;235;235;236;235;0.241;49.99;481.8;0.081;504.9;0.042;620.6;0.039;60;0;0;0.177;0.385;0.162;16;46;22;49.99;49.99;49.99;7410;1000;0.0;0;0.0000;0;0;21861;21861;21861
60;2014-08-15 18:56:00;909402N262;80;21.863;43;235;235;236;235;0.214;49.99;482.3;0.075;486.8;0.039;607.2;0.035;60;0;0;0.147;0.356;0.141;14;44;19;49.99;49.99;49.99;7410;1000;0.0;0;0.0000;0;0;21863;21863;21863
60;2014-08-15 18:57:00;909402N262;76;21.863;43;236;236;236;235;0.209;50.01;481.9;0.073;481.4;0.038;617.1;0.034;60;0;0;0.145;0.356;0.127;13;44;17;50.01;50.01;50.01;7410;1000;0.0;0;0.0000;0;0;21863;21863;21863
60;2014-08-15 18:58:00;909402N262;73;21.865;43;235;235;235;234;0.200;50.02;469.2;0.070;481.7;0.035;608.5;0.034;60;0;0;0.171;0.194;0.235;17;23;32;50.02;50.02;50.02;7410;1000;0.0;0;0.0000;0;0;21865;21865;21865
60;2014-08-15 18:59:00;909402N262;69;21.866;43;233;234;233;233;0.174;50.02;465.6;0.068;494.9;0.033;594.9;0.032;60;0;0;0.130;0.044;0.348;12;6;51;50.02;50.02;50.02;7410;1000;0.0;0;0.0000;0;0;21866;21866;21866
60;2014-08-15 19:00:00;909402N262;65;21.867;43;233;233;233;232;0.156;50.02;470.3;0.062;486.6;0.031;582.5;0.030;60;0;0;0.076;0.002;0.392;9;0;57;50.02;50.02;50.02;7410;1000;0.0;0;0.0000;0;0;21867;21867;21867
[wr_ende]
