20140502;110003;danfoss;My Plant;+0100
[wr_def_start]
909402N262;Inverter Type;Inverter Group;Hanzl
[wr_def_end]
[wr]
INTERVAL;TIMESTAMP;SERIAL;P_AC;E_DAY;T_WR;U_AC;U_AC_1;U_AC_2;U_AC_3;I_AC;F_AC;U_DC_1;I_DC_1;U_DC_2;I_DC_2;U_DC_3;I_DC_3;S;E_WR;M_WR;I_AC_1;I_AC_2;I_AC_3;P_AC_1;P_AC_2;P_AC_3;F_AC_1;F_AC_2;F_AC_3;R_DC;PC;PCS;PCS_LL;COS_PHI;COS_PHI_LL;S_COS_PHI;Current_Day_Energy;current_Day_Offset;ccEnergyOfDay_WithoutOffset
60;2014-05-02 10:01:00;909402N262;4954;4.925;38;235;236;233;236;7.036;49.99;548.7;3.280;593.1;2.519;793.2;2.195;60;0;0;7.043;7.002;7.065;1658;1631;1663;49.99;49.99;49.99;9340;1000;0.0;0;0.0000;0;0;4925;4925;4925
60;2014-05-02 10:02:00;909402N262;5069;5.010;38;235;236;233;236;7.208;49.98;551.3;3.314;618.7;2.518;795.2;2.206;60;0;0;7.192;7.185;7.247;1692;1669;1705;49.98;49.98;49.98;9340;1000;0.0;0;0.0000;0;0;5010;5010;5010
60;2014-05-02 10:03:00;909402N262;5155;5.095;38;235;236;233;236;7.331;49.99;550.5;3.351;636.9;2.532;795.0;2.222;60;0;0;7.323;7.311;7.359;1723;1698;1732;49.99;49.99;49.99;9340;1000;0.0;0;0.0000;0;0;5095;5095;5095
60;2014-05-02 10:04:00;909402N262;5210;5.183;38;235;236;234;236;7.407;50.01;550.0;3.386;643.3;2.550;794.5;2.237;60;0;0;7.385;7.376;7.462;1736;1715;1757;50.01;50.01;50.01;9340;1000;0.0;0;0.0000;0;0;5183;5183;5183
60;2014-05-02 10:05:00;909402N262;5257;5.269;38;235;236;233;236;7.481;50.00;549.4;3.417;648.9;2.562;794.9;2.249;60;0;0;7.451;7.440;7.553;1751;1726;1778;50.00;50.00;50.00;9340;1000;0.0;0;0.0000;0;0;5269;5269;5269
60;2014-05-02 10:06:00;909402N262;5292;5.358;38;235;236;233;236;7.533;50.00;548.5;3.452;647.3;2.579;794.6;2.264;60;0;0;7.513;7.491;7.597;1765;1737;1787;50.00;50.00;50.00;9340;1000;0.0;0;0.0000;0;0;5358;5358;5358
60;2014-05-02 10:07:00;909402N262;5327;5.447;38;235;236;233;236;7.577;50.00;547.4;3.489;645.8;2.597;794.6;2.281;60;0;0;7.564;7.536;7.632;1779;1750;1796;50.00;50.00;50.00;9340;1000;0.0;0;0.0000;0;0;5447;5447;5447
60;2014-05-02 10:08:00;909402N262;5369;5.536;38;235;236;234;236;7.632;49.99;546.4;3.526;647.8;2.611;795.0;2.294;60;0;0;7.624;7.616;7.658;1794;1772;1800;49.99;49.99;49.99;9340;1000;0.0;0;0.0000;0;0;5536;5536;5536
60;2014-05-02 10:09:00;909402N262;5406;5.626;39;235;236;234;236;7.685;49.99;546.6;3.553;649.5;2.623;794.9;2.307;60;0;0;7.671;7.671;7.713;1804;1787;1812;49.99;49.99;49.99;9340;1000;0.0;0;0.0000;0;0;5626;5626;5626
60;2014-05-02 10:10:00;909402N262;5459;5.718;39;235;236;234;236;7.759;49.98;561.2;3.506;652.4;2.637;794.9;2.321;60;0;0;7.744;7.747;7.787;1822;1805;1830;49.98;49.98;49.98;9340;1000;0.0;0;0.0000;0;0;5718;5718;5718
60;2014-05-02 10:11:00;909402N262;5510;5.809;39;235;236;234;236;7.828;49.98;557.9;3.574;654.2;2.649;794.8;2.337;60;0;0;7.811;7.814;7.860;1838;1821;1849;49.98;49.98;49.98;9340;1000;0.0;0;0.0000;0;0;5809;5809;5809
60;2014-05-02 10:12:00;909402N262;5542;5.900;39;235;236;233;236;7.878;49.99;556.9;3.610;654.1;2.660;794.4;2.351;60;0;0;7.864;7.851;7.919;1850;1825;1866;49.99;49.99;49.99;9340;1000;0.0;0;0.0000;0;0;5900;5900;5900
60;2014-05-02 10:13:00;909402N262;5579;5.994;39;235;236;233;237;7.932;49.98;556.1;3.643;653.2;2.677;794.8;2.366;60;0;0;7.924;7.898;7.976;1864;1830;1881;49.98;49.98;49.98;9340;1000;0.0;0;0.0000;0;0;5994;5994;5994
60;2014-05-02 10:14:00;909402N262;5616;6.087;39;235;236;233;237;7.989;49.97;555.5;3.678;652.5;2.694;794.7;2.383;60;0;0;7.970;7.955;8.044;1874;1843;1898;49.97;49.97;49.97;9340;1000;0.0;0;0.0000;0;0;6087;6087;6087
60;2014-05-02 10:15:00;909402N262;5657;6.182;39;235;236;232;237;8.044;49.97;554.7;3.715;652.1;2.712;794.9;2.400;60;0;0;8.033;8.020;8.080;1889;1858;1907;49.97;49.97;49.97;9340;1000;0.0;0;0.0000;0;0;6182;6182;6182
60;2014-05-02 10:16:00;909402N262;5642;6.275;39;235;236;232;237;8.012;49.98;550.0;3.753;636.3;2.754;794.0;2.418;60;0;0;8.012;7.952;8.072;1886;1846;1908;49.98;49.98;49.98;9340;1000;0.0;0;0.0000;0;0;6275;6275;6275
60;2014-05-02 10:17:00;909402N262;5739;6.372;40;235;236;232;237;8.148;49.98;553.7;3.787;652.2;2.743;794.9;2.432;60;0;0;8.132;8.101;8.212;1915;1879;1943;49.98;49.98;49.98;9340;1000;0.0;0;0.0000;0;0;6372;6372;6372
60;2014-05-02 10:18:00;909402N262;5777;6.469;40;235;236;234;236;8.191;49.98;552.9;3.822;651.8;2.759;795.1;2.448;60;0;0;8.181;8.157;8.235;1927;1904;1944;49.98;49.98;49.98;9340;1000;0.0;0;0.0000;0;0;6469;6469;6469
60;2014-05-02 10:19:00;909402N262;5812;6.566;40;235;236;234;236;8.245;49.99;552.0;3.857;651.9;2.771;794.8;2.464;60;0;0;8.233;8.219;8.283;1938;1917;1954;49.99;49.99;49.99;9340;1000;0.0;0;0.0000;0;0;6566;6566;6566
60;2014-05-02 10:20:00;909402N262;5845;6.664;40;235;236;234;236;8.291;50.00;551.0;3.892;650.9;2.787;795.0;2.479;60;0;0;8.279;8.262;8.334;1950;1926;1967;50.00;50.00;50.00;9340;1000;0.0;0;0.0000;0;0;6664;6664;6664
60;2014-05-02 10:21:00;909402N262;5873;6.761;40;235;236;234;236;8.335;50.01;550.2;3.923;650.4;2.797;795.1;2.491;60;0;0;8.314;8.298;8.395;1958;1934;1980;50.01;50.01;50.01;9340;1000;0.0;0;0.0000;0;0;6761;6761;6761
60;2014-05-02 10:22:00;909402N262;5906;6.860;40;236;236;235;236;8.363;50.01;549.2;3.958;650.2;2.810;795.0;2.504;60;0;0;8.329;8.369;8.391;1963;1966;1976;50.01;50.01;50.01;9340;1000;0.0;0;0.0000;0;0;6860;6860;6860
60;2014-05-02 10:23:00;909402N262;5938;6.959;40;235;236;235;236;8.415;50.00;548.1;3.994;650.1;2.822;794.8;2.518;60;0;0;8.380;8.427;8.440;1972;1978;1986;50.00;50.00;50.00;9340;1000;0.0;0;0.0000;0;0;6959;6959;6959
60;2014-05-02 10:24:00;909402N262;5968;7.058;40;235;236;235;236;8.460;50.00;547.4;4.024;649.9;2.833;794.9;2.530;60;0;0;8.421;8.476;8.484;1982;1988;1995;50.00;50.00;50.00;9340;1000;0.0;0;0.0000;0;0;7058;7058;7058
60;2014-05-02 10:25:00;909402N262;6000;7.158;41;235;236;235;236;8.506;50.01;547.1;4.056;649.6;2.846;794.9;2.542;60;0;0;8.465;8.526;8.527;1992;2000;2007;50.01;50.01;50.01;9340;1000;0.0;0;0.0000;0;0;7158;7158;7158
60;2014-05-02 10:26:00;909402N262;6038;7.258;41;235;235;235;235;8.560;50.00;546.5;4.093;649.3;2.859;794.9;2.558;60;0;0;8.503;8.597;8.582;1998;2020;2018;50.00;50.00;50.00;9340;1000;0.0;0;0.0000;0;0;7258;7258;7258
60;2014-05-02 10:27:00;909402N262;6070;7.360;41;235;235;235;235;8.605;50.01;544.9;4.130;648.3;2.874;794.9;2.573;60;0;0;8.547;8.638;8.630;2009;2030;2028;50.01;50.01;50.01;9340;1000;0.0;0;0.0000;0;0;7360;7360;7360
60;2014-05-02 10:28:00;909402N262;6096;7.462;41;235;235;235;235;8.641;50.00;543.9;4.163;647.2;2.888;795.0;2.583;60;0;0;8.592;8.673;8.659;2020;2039;2034;50.00;50.00;50.00;9340;1000;0.0;0;0.0000;0;0;7462;7462;7462
60;2014-05-02 10:29:00;909402N262;6127;7.563;41;235;235;236;235;8.686;49.99;543.0;4.196;646.8;2.901;794.8;2.596;60;0;0;8.642;8.715;8.702;2032;2050;2043;49.99;49.99;49.99;9340;1000;0.0;0;0.0000;0;0;7563;7563;7563
60;2014-05-02 10:30:00;909402N262;6157;7.667;41;235;235;236;235;8.731;50.00;542.4;4.228;646.4;2.913;794.7;2.608;60;0;0;8.701;8.755;8.738;2046;2060;2049;50.00;50.00;50.00;9340;1000;0.0;0;0.0000;0;0;7667;7667;7667
60;2014-05-02 10:31:00;909402N262;6130;7.769;41;235;236;236;235;8.682;50.00;538.1;4.266;631.2;2.946;795.1;2.622;60;0;0;8.653;8.702;8.691;2036;2053;2039;50.00;50.00;50.00;9340;1000;0.0;0;0.0000;0;0;7769;7769;7769
60;2014-05-02 10:32:00;909402N262;6223;7.873;41;235;235;236;235;8.821;49.99;541.1;4.295;645.9;2.940;794.6;2.633;60;0;0;8.790;8.862;8.811;2068;2087;2066;49.99;49.99;49.99;9340;1000;0.0;0;0.0000;0;0;7873;7873;7873
60;2014-05-02 10:33:00;909402N262;6266;7.977;41;235;235;236;235;8.886;49.98;540.6;4.335;646.1;2.956;794.6;2.651;60;0;0;8.855;8.925;8.878;2082;2102;2080;49.98;49.98;49.98;9340;1000;0.0;0;0.0000;0;0;7977;7977;7977
60;2014-05-02 10:34:00;909402N262;6307;8.082;42;235;235;236;234;8.946;49.98;540.1;4.375;646.1;2.974;794.5;2.665;60;0;0;8.922;8.989;8.929;2099;2116;2091;49.98;49.98;49.98;9340;1000;0.0;0;0.0000;0;0;8082;8082;8082
60;2014-05-02 10:35:00;909402N262;6339;8.188;42;235;236;236;235;8.985;49.99;539.2;4.411;645.5;2.987;794.3;2.679;60;0;0;8.961;9.025;8.969;2110;2126;2101;49.99;49.99;49.99;9340;1000;0.0;0;0.0000;0;0;8188;8188;8188
60;2014-05-02 10:36:00;909402N262;6371;8.293;42;235;236;236;234;9.032;49.99;538.6;4.444;645.3;3.002;794.4;2.691;60;0;0;9.007;9.069;9.021;2121;2135;2113;49.99;49.99;49.99;9340;1000;0.0;0;0.0000;0;0;8293;8293;8293
60;2014-05-02 10:37:00;909402N262;6395;8.401;42;235;236;236;235;9.065;50.00;537.7;4.473;644.7;3.013;794.1;2.701;60;0;0;9.045;9.097;9.053;2131;2141;2121;50.00;50.00;50.00;9340;1000;0.0;0;0.0000;0;0;8401;8401;8401
60;2014-05-02 10:38:00;909402N262;6424;8.508;42;235;236;236;235;9.106;50.00;536.3;4.506;643.6;3.030;793.6;2.715;60;0;0;9.090;9.129;9.100;2141;2147;2133;50.00;50.00;50.00;9340;1000;0.0;0;0.0000;0;0;8508;8508;8508
60;2014-05-02 10:39:00;909402N262;6468;8.616;42;235;236;235;235;9.175;50.00;535.2;4.550;642.6;3.052;791.8;2.740;60;0;0;9.154;9.202;9.170;2154;2163;2148;50.00;50.00;50.00;9340;1000;0.0;0;0.0000;0;0;8616;8616;8616
60;2014-05-02 10:40:00;909402N262;6500;8.724;42;235;236;235;235;9.222;49.99;534.3;4.587;642.0;3.065;790.7;2.758;60;0;0;9.193;9.245;9.229;2164;2172;2163;49.99;49.99;49.99;9340;1000;0.0;0;0.0000;0;0;8724;8724;8724
60;2014-05-02 10:41:00;909402N262;6526;8.833;42;235;235;235;235;9.267;50.00;533.2;4.619;641.2;3.078;786.4;2.783;60;0;0;9.238;9.294;9.271;2171;2182;2171;50.00;50.00;50.00;9340;1000;0.0;0;0.0000;0;0;8833;8833;8833
60;2014-05-02 10:42:00;909402N262;6561;8.942;42;235;236;235;234;9.328;50.01;533.0;4.653;641.3;3.091;784.2;2.804;60;0;0;9.310;9.374;9.301;2188;2201;2171;50.01;50.01;50.01;9340;1000;0.0;0;0.0000;0;0;8942;8942;8942
60;2014-05-02 10:43:00;909402N262;6593;9.052;43;235;236;235;234;9.366;50.01;533.0;4.683;641.5;3.101;783.6;2.818;60;0;0;9.347;9.412;9.341;2199;2210;2182;50.01;50.01;50.01;9340;1000;0.0;0;0.0000;0;0;9052;9052;9052
60;2014-05-02 10:44:00;909402N262;6620;9.163;43;235;236;235;234;9.409;50.00;532.2;4.712;640.6;3.115;783.3;2.832;60;0;0;9.401;9.427;9.399;2210;2209;2199;50.00;50.00;50.00;9340;1000;0.0;0;0.0000;0;0;9163;9163;9163
60;2014-05-02 10:45:00;909402N262;6649;9.274;43;235;235;235;234;9.444;49.98;531.7;4.742;639.8;3.130;783.3;2.843;60;0;0;9.412;9.478;9.444;2212;2226;2210;49.99;49.99;49.98;9340;1000;0.0;0;0.0000;0;0;9274;9274;9274
60;2014-05-02 10:46:00;909402N262;6626;9.384;43;235;236;235;234;9.417;49.99;527.5;4.767;633.7;3.146;775.9;2.868;60;0;0;9.409;9.438;9.404;2212;2212;2199;49.99;49.99;49.99;9340;1000;0.0;0;0.0000;0;0;9384;9384;9384
60;2014-05-02 10:47:00;909402N262;6697;9.495;43;235;236;234;235;9.513;50.01;530.5;4.796;638.2;3.150;782.9;2.867;60;0;0;9.489;9.519;9.531;2232;2226;2237;50.01;50.01;50.01;9340;1000;0.0;0;0.0000;0;0;9495;9495;9495
60;2014-05-02 10:48:00;909402N262;6721;9.607;43;235;236;235;234;9.550;50.00;530.4;4.820;638.3;3.159;782.6;2.878;60;0;0;9.536;9.581;9.534;2242;2247;2231;50.00;50.00;50.00;9340;1000;0.0;0;0.0000;0;0;9607;9607;9607
60;2014-05-02 10:49:00;909402N262;6750;9.720;43;235;235;235;235;9.587;50.00;530.4;4.843;638.5;3.169;782.5;2.889;60;0;0;9.559;9.618;9.586;2245;2255;2248;50.00;50.00;50.00;9340;1000;0.0;0;0.0000;0;0;9720;9720;9720
60;2014-05-02 10:50:00;909402N262;6792;9.833;43;235;235;235;235;9.644;50.00;529.6;4.883;637.9;3.190;782.1;2.908;60;0;0;9.612;9.677;9.643;2258;2270;2262;50.00;50.00;50.00;9340;1000;0.0;0;0.0000;0;0;9833;9833;9833
60;2014-05-02 10:51:00;909402N262;6840;9.947;43;235;236;235;235;9.716;50.01;528.4;4.933;637.1;3.214;781.6;2.932;60;0;0;9.698;9.751;9.699;2281;2287;2270;50.01;50.01;50.01;9340;1000;0.0;0;0.0000;0;0;9947;9947;9947
60;2014-05-02 10:52:00;909402N262;6872;10.061;43;235;235;235;235;9.757;50.01;527.0;4.969;635.9;3.229;781.2;2.951;60;0;0;9.725;9.788;9.758;2286;2294;2289;50.01;50.01;50.01;9340;1000;0.0;0;0.0000;0;0;10061;10061;10061
60;2014-05-02 10:53:00;909402N262;6897;10.176;43;235;236;235;235;9.796;50.00;525.8;5.002;635.1;3.243;780.9;2.966;60;0;0;9.777;9.821;9.791;2299;2300;2296;50.00;50.00;50.00;9340;1000;0.0;0;0.0000;0;0;10176;10176;10176
60;2014-05-02 10:54:00;909402N262;6915;10.291;44;235;236;235;234;9.827;50.00;524.8;5.029;634.4;3.253;780.4;2.976;60;0;0;9.815;9.857;9.811;2308;2309;2296;50.00;50.00;50.00;9340;1000;0.0;0;0.0000;0;0;10291;10291;10291
60;2014-05-02 10:55:00;909402N262;6940;10.408;44;235;235;235;235;9.859;50.00;524.7;5.053;634.1;3.264;779.9;2.986;60;0;0;9.827;9.896;9.856;2307;2320;2311;50.00;50.00;50.00;9340;1000;0.0;0;0.0000;0;0;10408;10408;10408
60;2014-05-02 10:56:00;909402N262;6979;10.524;44;235;235;235;235;9.903;49.99;524.3;5.090;633.8;3.281;780.1;3.004;60;0;0;9.866;9.953;9.891;2318;2338;2321;49.99;49.99;49.99;9340;1000;0.0;0;0.0000;0;0;10524;10524;10524
60;2014-05-02 10:57:00;909402N262;7013;10.641;44;235;235;235;235;9.950;49.99;523.7;5.119;633.0;3.298;779.5;3.022;60;0;0;9.920;9.997;9.935;2333;2350;2329;49.99;49.99;49.99;9340;1000;0.0;0;0.0000;0;0;10641;10641;10641
60;2014-05-02 10:58:00;909402N262;7044;10.757;44;235;235;235;235;9.997;49.98;523.2;5.150;632.7;3.309;779.8;3.034;60;0;0;9.971;10.049;9.973;2344;2362;2336;49.98;49.98;49.98;9340;1000;0.0;0;0.0000;0;0;10757;10757;10757
60;2014-05-02 10:59:00;909402N262;7075;10.876;44;235;235;236;235;10.034;50.00;523.3;5.176;633.2;3.319;779.7;3.046;60;0;0;9.993;10.082;10.029;2349;2372;2352;50.00;50.00;50.00;9340;1000;0.0;0;0.0000;0;0;10876;10876;10876
60;2014-05-02 11:00:00;909402N262;7105;10.992;44;235;235;235;235;10.093;49.97;523.0;5.207;633.4;3.330;779.5;3.059;60;0;0;10.038;10.146;10.095;2354;2385;2364;49.97;49.97;49.97;9340;1000;0.0;0;0.0000;0;0;10992;10992;10992
[wr_ende]
