20140725;160004;danfoss;My Plant;+0100
[wr_def_start]
909402N262;Inverter Type;Inverter Group;Hanzl
[wr_def_end]
[wr]
INTERVAL;TIMESTAMP;SERIAL;P_AC;E_DAY;T_WR;U_AC;U_AC_1;U_AC_2;U_AC_3;I_AC;F_AC;U_DC_1;I_DC_1;U_DC_2;I_DC_2;U_DC_3;I_DC_3;S;E_WR;M_WR;I_AC_1;I_AC_2;I_AC_3;P_AC_1;P_AC_2;P_AC_3;F_AC_1;F_AC_2;F_AC_3;R_DC;PC;PCS;PCS_LL;COS_PHI;COS_PHI_LL;S_COS_PHI;Current_Day_Energy;current_Day_Offset;ccEnergyOfDay_WithoutOffset
60;2014-07-25 15:01:00;909402N262;4260;29.288;51;236;235;236;236;6.074;49.99;520.2;3.382;603.9;1.879;754.4;1.870;60;0;0;6.002;6.128;6.093;1400;1426;1430;49.99;49.99;49.99;7257;1000;0.0;0;0.0000;0;0;29288;29288;29288
60;2014-07-25 15:02:00;909402N262;3601;29.348;51;235;235;235;236;5.172;50.00;528.0;2.848;617.9;1.607;755.5;1.521;60;0;0;5.102;5.211;5.203;1179;1209;1212;50.01;50.01;50.01;7257;1000;0.0;0;0.0000;0;0;29348;29348;29348
60;2014-07-25 15:03:00;909402N262;3703;29.410;50;235;235;235;236;5.311;50.00;529.2;2.918;619.2;1.635;757.2;1.575;60;0;0;5.239;5.351;5.345;1211;1244;1245;50.00;50.00;50.00;7257;1000;0.0;0;0.0000;0;0;29410;29410;29410
60;2014-07-25 15:04:00;909402N262;3428;29.466;50;236;234;236;236;4.925;49.99;533.1;2.678;619.4;1.539;756.5;1.438;60;0;0;4.849;4.978;4.949;1119;1155;1152;49.99;49.99;49.99;7257;1000;0.0;0;0.0000;0;0;29466;29466;29466
60;2014-07-25 15:05:00;909402N262;3483;29.524;50;235;235;235;237;5.005;50.00;534.4;2.714;620.5;1.555;758.7;1.461;60;0;0;4.940;5.034;5.041;1142;1164;1175;50.00;50.00;50.00;7257;1000;0.0;0;0.0000;0;0;29524;29524;29524
60;2014-07-25 15:06:00;909402N262;3314;29.580;50;236;236;235;237;4.761;50.00;537.0;2.570;620.1;1.494;758.1;1.378;60;0;0;4.711;4.778;4.796;1092;1103;1117;50.00;50.00;50.00;7257;1000;0.0;0;0.0000;0;0;29580;29580;29580
60;2014-07-25 15:07:00;909402N262;3967;29.645;50;236;236;235;237;5.671;50.01;532.2;3.124;624.4;1.759;763.8;1.648;60;0;0;5.618;5.681;5.716;1307;1320;1337;50.01;50.01;50.01;7257;1000;0.0;0;0.0000;0;0;29645;29645;29645
60;2014-07-25 15:08:00;909402N262;3838;29.710;50;236;236;235;237;5.495;50.00;533.2;2.967;624.1;1.676;762.7;1.646;60;0;0;5.440;5.514;5.531;1266;1277;1293;50.00;50.00;50.00;7257;1000;0.0;0;0.0000;0;0;29710;29710;29710
60;2014-07-25 15:09:00;909402N262;3485;29.769;50;236;236;236;236;5.003;49.99;537.3;2.699;623.4;1.569;760.8;1.442;60;0;0;4.948;5.035;5.028;1147;1166;1170;49.99;49.99;49.99;7257;1000;0.0;0;0.0000;0;0;29769;29769;29769
60;2014-07-25 15:10:00;909402N262;3457;29.826;50;236;236;236;237;4.960;49.99;538.2;2.675;624.0;1.556;761.0;1.427;60;0;0;4.901;4.995;4.984;1136;1158;1160;49.99;49.99;49.99;7257;1000;0.0;0;0.0000;0;0;29826;29826;29826
60;2014-07-25 15:11:00;909402N262;3455;29.883;50;236;236;236;237;4.958;50.01;538.0;2.678;624.3;1.553;761.4;1.424;60;0;0;4.898;4.989;4.987;1135;1156;1162;50.01;50.01;50.01;7257;1000;0.0;0;0.0000;0;0;29883;29883;29883
60;2014-07-25 15:12:00;909402N262;3438;29.942;50;236;236;236;237;4.932;50.00;538.6;2.664;625.3;1.542;760.9;1.417;60;0;0;4.874;4.963;4.961;1131;1149;1156;50.00;50.00;50.00;7257;1000;0.0;0;0.0000;0;0;29942;29942;29942
60;2014-07-25 15:13:00;909402N262;3245;29.996;50;236;236;236;237;4.661;50.00;541.1;2.498;624.8;1.460;760.2;1.335;60;0;0;4.606;4.692;4.686;1067;1087;1089;50.00;50.00;50.00;7257;1000;0.0;0;0.0000;0;0;29996;29996;29996
60;2014-07-25 15:14:00;909402N262;3215;30.049;50;236;235;236;236;4.621;50.01;542.2;2.469;625.7;1.449;761.4;1.318;60;0;0;4.560;4.657;4.648;1055;1078;1080;50.01;50.01;50.01;7257;1000;0.0;0;0.0000;0;0;30049;30049;30049
60;2014-07-25 15:15:00;909402N262;3246;30.103;50;236;235;236;236;4.665;50.01;543.0;2.491;626.8;1.461;762.6;1.328;60;0;0;4.606;4.704;4.686;1065;1090;1089;50.01;50.01;50.01;7257;1000;0.0;0;0.0000;0;0;30103;30103;30103
60;2014-07-25 15:16:00;909402N262;3269;30.159;50;236;236;236;237;4.683;50.01;540.4;2.532;608.9;1.498;763.3;1.351;60;0;0;4.629;4.710;4.711;1073;1097;1097;50.01;50.01;50.01;7257;1000;0.0;0;0.0000;0;0;30159;30159;30159
60;2014-07-25 15:17:00;909402N262;3299;30.213;50;236;236;236;237;4.736;50.01;544.1;2.530;627.4;1.481;763.2;1.350;60;0;0;4.676;4.767;4.767;1084;1104;1109;50.01;50.01;50.01;7257;1000;0.0;0;0.0000;0;0;30213;30213;30213
60;2014-07-25 15:18:00;909402N262;3223;30.267;49;236;236;235;237;4.631;50.00;545.2;2.468;627.4;1.449;763.4;1.317;60;0;0;4.573;4.661;4.661;1060;1078;1083;50.00;50.00;50.00;7257;1000;0.0;0;0.0000;0;0;30267;30267;30267
60;2014-07-25 15:19:00;909402N262;3208;30.320;49;236;236;235;236;4.619;50.01;545.3;2.461;627.2;1.442;763.7;1.307;60;0;0;4.569;4.654;4.635;1059;1074;1074;50.01;50.01;50.00;7257;1000;0.0;0;0.0000;0;0;30320;30320;30320
60;2014-07-25 15:20:00;909402N262;3220;30.374;49;236;236;235;237;4.630;50.00;544.9;2.479;627.3;1.444;764.4;1.308;60;0;0;4.583;4.646;4.662;1064;1071;1084;50.00;50.00;50.00;7257;1000;0.0;0;0.0000;0;0;30374;30374;30374
60;2014-07-25 15:21:00;909402N262;3253;30.428;49;236;236;234;237;4.677;49.99;544.5;2.516;627.7;1.451;765.1;1.321;60;0;0;4.624;4.689;4.719;1072;1080;1099;49.99;49.99;49.99;7257;1000;0.0;0;0.0000;0;0;30428;30428;30428
60;2014-07-25 15:22:00;909402N262;3278;30.483;49;236;236;234;237;4.715;49.99;543.9;2.543;627.9;1.454;765.4;1.333;60;0;0;4.667;4.723;4.757;1082;1088;1107;49.99;49.99;49.99;7257;1000;0.0;0;0.0000;0;0;30483;30483;30483
60;2014-07-25 15:23:00;909402N262;3294;30.537;49;236;236;234;237;4.738;49.99;542.9;2.559;627.8;1.457;766.3;1.341;60;0;0;4.689;4.749;4.777;1087;1093;1113;49.99;49.99;49.99;7257;1000;0.0;0;0.0000;0;0;30537;30537;30537
60;2014-07-25 15:24:00;909402N262;3288;30.592;49;236;236;235;237;4.727;50.00;542.1;2.554;627.6;1.456;766.4;1.339;60;0;0;4.670;4.747;4.765;1083;1094;1109;50.00;50.00;50.00;7257;1000;0.0;0;0.0000;0;0;30592;30592;30592
60;2014-07-25 15:25:00;909402N262;3244;30.646;49;236;236;235;237;4.663;50.00;541.7;2.513;627.3;1.444;765.9;1.323;60;0;0;4.619;4.684;4.688;1073;1080;1090;50.00;50.00;50.00;7257;1000;0.0;0;0.0000;0;0;30646;30646;30646
60;2014-07-25 15:26:00;909402N262;3189;30.700;49;236;236;235;236;4.580;50.00;541.7;2.462;627.6;1.425;765.4;1.301;60;0;0;4.533;4.606;4.601;1053;1065;1069;50.00;50.00;50.00;7257;1000;0.0;0;0.0000;0;0;30700;30700;30700
60;2014-07-25 15:27:00;909402N262;3167;30.753;49;236;236;235;236;4.553;50.00;542.1;2.438;627.8;1.420;765.1;1.291;60;0;0;4.503;4.581;4.577;1045;1059;1062;50.00;50.00;50.00;7257;1000;0.0;0;0.0000;0;0;30753;30753;30753
60;2014-07-25 15:28:00;909402N262;3199;30.807;49;236;236;235;237;4.597;50.00;542.6;2.460;627.8;1.439;765.4;1.301;60;0;0;4.549;4.614;4.629;1057;1064;1076;50.00;50.00;50.00;7257;1000;0.0;0;0.0000;0;0;30807;30807;30807
60;2014-07-25 15:29:00;909402N262;3290;30.861;49;236;237;235;237;4.723;49.99;543.1;2.529;628.7;1.478;765.9;1.336;60;0;0;4.684;4.733;4.752;1089;1093;1106;49.99;49.99;49.99;7257;1000;0.0;0;0.0000;0;0;30861;30861;30861
60;2014-07-25 15:30:00;909402N262;3558;30.920;49;236;237;235;237;5.098;49.99;541.8;2.752;630.7;1.588;768.3;1.442;60;0;0;5.054;5.119;5.121;1177;1185;1193;49.99;49.99;49.99;7257;1000;0.0;0;0.0000;0;0;30920;30920;30920
60;2014-07-25 15:31:00;909402N262;5083;31.005;49;236;236;236;237;7.203;49.99;532.2;4.052;625.0;2.201;770.9;2.129;60;0;0;7.170;7.208;7.232;1684;1695;1701;49.99;49.99;49.99;7257;1000;0.0;0;0.0000;0;0;31005;31005;31005
60;2014-07-25 15:32:00;909402N262;4905;31.087;49;236;237;236;237;6.955;49.99;532.8;3.836;633.3;2.112;772.0;2.055;60;0;0;6.914;6.977;6.975;1626;1635;1642;49.99;49.99;49.99;7257;1000;0.0;0;0.0000;0;0;31087;31087;31087
60;2014-07-25 15:33:00;909402N262;3683;31.147;49;236;236;235;237;5.251;50.01;534.0;2.854;629.1;1.657;766.6;1.512;60;0;0;5.198;5.274;5.282;1217;1226;1238;50.01;50.01;50.01;7257;1000;0.0;0;0.0000;0;0;31147;31147;31147
60;2014-07-25 15:34:00;909402N262;3363;31.204;49;236;236;235;237;4.804;50.01;536.2;2.587;626.9;1.531;763.1;1.379;60;0;0;4.753;4.826;4.833;1109;1120;1131;50.01;50.01;50.01;7257;1000;0.0;0;0.0000;0;0;31204;31204;31204
60;2014-07-25 15:35:00;909402N262;3201;31.257;49;236;236;235;237;4.576;50.00;537.6;2.449;626.1;1.469;762.0;1.311;60;0;0;4.522;4.595;4.611;1055;1066;1078;50.00;50.00;50.00;7257;1000;0.0;0;0.0000;0;0;31257;31257;31257
60;2014-07-25 15:36:00;909402N262;3138;31.309;49;236;236;235;237;4.488;50.01;538.3;2.388;626.3;1.448;761.5;1.286;60;0;0;4.431;4.509;4.526;1033;1044;1058;50.01;50.01;50.01;7257;1000;0.0;0;0.0000;0;0;31309;31309;31309
60;2014-07-25 15:37:00;909402N262;3139;31.362;49;236;235;235;237;4.491;50.00;539.1;2.377;626.4;1.452;761.8;1.287;60;0;0;4.417;4.518;4.539;1027;1049;1062;50.00;50.00;50.00;7257;1000;0.0;0;0.0000;0;0;31362;31362;31362
60;2014-07-25 15:38:00;909402N262;3134;31.414;49;236;235;235;237;4.486;50.01;539.5;2.366;626.4;1.453;761.6;1.288;60;0;0;4.409;4.513;4.536;1023;1048;1061;50.01;50.01;50.01;7257;1000;0.0;0;0.0000;0;0;31414;31414;31414
60;2014-07-25 15:39:00;909402N262;3075;31.466;49;236;235;235;237;4.402;50.01;540.0;2.317;626.4;1.428;760.8;1.265;60;0;0;4.331;4.432;4.445;1006;1028;1039;50.01;50.01;50.01;7257;1000;0.0;0;0.0000;0;0;31466;31466;31466
60;2014-07-25 15:40:00;909402N262;3004;31.516;49;236;236;235;237;4.302;50.00;540.4;2.261;626.0;1.399;759.9;1.235;60;0;0;4.240;4.327;4.340;986;1003;1013;50.00;50.00;50.00;7257;1000;0.0;0;0.0000;0;0;31516;31516;31516
60;2014-07-25 15:41:00;909402N262;2953;31.565;49;236;235;235;236;4.234;49.99;539.7;2.224;625.1;1.380;759.1;1.212;60;0;0;4.180;4.258;4.265;971;986;994;49.99;49.99;49.99;7257;1000;0.0;0;0.0000;0;0;31565;31565;31565
60;2014-07-25 15:42:00;909402N262;3103;31.617;49;236;235;235;237;4.441;49.99;536.8;2.366;626.3;1.433;761.6;1.269;60;0;0;4.379;4.463;4.483;1017;1035;1049;49.99;49.99;49.99;7257;1000;0.0;0;0.0000;0;0;31617;31617;31617
60;2014-07-25 15:43:00;909402N262;3634;31.676;48;236;235;235;237;5.189;49.99;534.9;2.787;628.3;1.618;766.0;1.513;60;0;0;5.113;5.213;5.243;1189;1212;1232;49.99;49.99;49.99;7257;1000;0.0;0;0.0000;0;0;31676;31676;31676
60;2014-07-25 15:44:00;909402N262;2778;31.723;48;236;235;235;237;3.986;49.99;535.5;2.126;623.7;1.291;757.7;1.136;60;0;0;3.920;4.013;4.027;907;929;941;49.99;49.99;49.99;7257;1000;0.0;0;0.0000;0;0;31723;31723;31723
60;2014-07-25 15:45:00;909402N262;2603;31.766;48;235;235;235;237;3.741;49.98;534.7;1.996;622.0;1.215;755.7;1.064;60;0;0;3.676;3.768;3.780;849;870;882;49.98;49.98;49.98;7257;1000;0.0;0;0.0000;0;0;31766;31766;31766
60;2014-07-25 15:46:00;909402N262;2450;31.807;48;235;235;235;237;3.524;49.98;529.7;1.909;601.5;1.167;754.1;1.010;60;0;0;3.464;3.544;3.564;798;818;830;49.98;49.98;49.98;7257;1000;0.0;0;0.0000;0;0;31807;31807;31807
60;2014-07-25 15:47:00;909402N262;2366;31.846;48;235;235;235;237;3.438;49.98;531.9;1.837;620.7;1.106;754.9;0.962;60;0;0;3.380;3.458;3.477;773;790;802;49.98;49.98;49.98;7257;1000;0.0;0;0.0000;0;0;31846;31846;31846
60;2014-07-25 15:48:00;909402N262;2269;31.883;48;235;235;235;237;3.302;49.99;530.9;1.770;619.8;1.059;754.6;0.921;60;0;0;3.244;3.322;3.342;741;757;769;49.99;49.99;49.99;7257;1000;0.0;0;0.0000;0;0;31883;31883;31883
60;2014-07-25 15:49:00;909402N262;2176;31.920;48;235;235;234;237;3.173;50.00;530.6;1.706;619.4;1.012;754.3;0.880;60;0;0;3.120;3.195;3.205;711;727;736;50.00;50.00;50.00;7257;1000;0.0;0;0.0000;0;0;31920;31920;31920
60;2014-07-25 15:50:00;909402N262;2119;31.956;48;236;235;235;237;3.088;49.99;530.2;1.672;618.7;0.983;754.9;0.853;60;0;0;3.036;3.110;3.119;692;707;716;49.99;49.99;49.99;7257;1000;0.0;0;0.0000;0;0;31956;31956;31956
60;2014-07-25 15:51:00;909402N262;2108;31.990;48;236;235;235;237;3.075;49.99;529.5;1.671;619.0;0.972;757.0;0.844;60;0;0;3.021;3.098;3.107;688;704;713;49.99;49.99;49.99;7257;1000;0.0;0;0.0000;0;0;31990;31990;31990
60;2014-07-25 15:52:00;909402N262;2113;32.026;48;236;235;235;237;3.083;49.99;529.6;1.678;619.5;0.973;758.1;0.844;60;0;0;3.029;3.099;3.123;690;704;716;49.99;49.99;49.99;7257;1000;0.0;0;0.0000;0;0;32026;32026;32026
60;2014-07-25 15:53:00;909402N262;2115;32.061;48;236;236;235;237;3.084;49.99;530.1;1.678;620.0;0.973;759.0;0.845;60;0;0;3.030;3.100;3.124;691;704;718;49.99;49.99;49.99;7257;1000;0.0;0;0.0000;0;0;32061;32061;32061
60;2014-07-25 15:54:00;909402N262;2121;32.096;48;236;236;235;237;3.092;49.99;530.6;1.681;620.5;0.974;759.6;0.847;60;0;0;3.035;3.111;3.130;692;707;719;49.99;49.99;49.99;7257;1000;0.0;0;0.0000;0;0;32096;32096;32096
60;2014-07-25 15:55:00;909402N262;2133;32.132;48;236;235;235;237;3.112;49.99;530.7;1.695;620.9;0.975;760.0;0.851;60;0;0;3.057;3.131;3.149;697;712;722;49.99;49.99;49.99;7257;1000;0.0;0;0.0000;0;0;32132;32132;32132
60;2014-07-25 15:56:00;909402N262;2167;32.168;48;236;236;235;237;3.159;49.99;531.4;1.728;621.8;0.984;760.9;0.863;60;0;0;3.108;3.173;3.197;710;721;733;49.99;49.99;49.99;7257;1000;0.0;0;0.0000;0;0;32168;32168;32168
60;2014-07-25 15:57:00;909402N262;2240;32.206;48;236;237;235;238;3.250;49.99;531.3;1.792;623.5;1.008;761.6;0.893;60;0;0;3.195;3.269;3.288;734;746;759;49.99;49.99;49.99;7257;1000;0.0;0;0.0000;0;0;32206;32206;32206
60;2014-07-25 15:58:00;909402N262;2342;32.246;48;235;235;233;236;3.413;49.99;532.1;1.874;625.5;1.044;763.6;0.935;60;0;0;3.371;3.423;3.446;771;778;791;49.99;49.99;49.99;7257;1000;0.0;0;0.0000;0;0;32246;32246;32246
60;2014-07-25 15:59:00;909402N262;2464;32.285;48;234;234;233;235;3.608;49.97;532.4;1.970;627.6;1.091;766.3;0.986;60;0;0;3.556;3.624;3.646;808;821;833;49.97;49.97;49.97;7257;1000;0.0;0;0.0000;0;0;32285;32285;32285
60;2014-07-25 16:00:00;909402N262;2590;32.329;48;234;234;233;235;3.784;49.96;533.5;2.062;628.7;1.142;766.6;1.041;60;0;0;3.728;3.804;3.820;850;863;875;49.96;49.96;49.96;7257;1000;0.0;0;0.0000;0;0;32329;32329;32329
[wr_ende]
