20150406;130005;danfoss;My Plant;+0100
[wr_def_start]
909402N262;Inverter Type;Inverter Group;Hanzl
[wr_def_end]
[wr]
INTERVAL;TIMESTAMP;SERIAL;P_AC;E_DAY;T_WR;U_AC;U_AC_1;U_AC_2;U_AC_3;I_AC;F_AC;U_DC_1;I_DC_1;U_DC_2;I_DC_2;U_DC_3;I_DC_3;S;E_WR;M_WR;I_AC_1;I_AC_2;I_AC_3;P_AC_1;P_AC_2;P_AC_3;F_AC_1;F_AC_2;F_AC_3;R_DC;PC;PCS;PCS_LL;COS_PHI;COS_PHI_LL;S_COS_PHI;Current_Day_Energy;current_Day_Offset;ccEnergyOfDay_WithoutOffset
60;2015-04-06 12:01:00;909402N262;5835;11.222;41;232;230;232;235;8.525;49.99;594.8;3.871;675.5;2.519;766.6;2.666;60;0;0;8.410;8.527;8.638;1898;1945;1990;49.99;49.99;49.99;15771;1000;0.0;0;1.0000;0;2;11222;11222;11222
60;2015-04-06 12:02:00;909402N262;11424;11.412;41;234;233;233;236;16.905;49.99;585.5;7.524;685.1;4.910;795.1;4.841;60;0;0;16.806;16.874;17.035;3768;3792;3860;49.99;49.99;49.99;15771;1000;0.0;0;1.0000;0;2;11412;11412;11412
60;2015-04-06 12:03:00;909402N262;6514;11.520;41;233;232;232;233;9.581;50.00;591.1;4.181;674.4;2.868;794.6;2.752;60;0;0;9.492;9.624;9.627;2144;2178;2190;50.00;50.00;50.00;15771;1000;0.0;0;1.0000;0;2;11520;11520;11520
60;2015-04-06 12:04:00;909402N262;4661;11.599;41;232;231;231;233;6.842;50.00;594.3;3.095;671.8;2.038;794.1;1.961;60;0;0;6.755;6.874;6.897;1529;1554;1576;50.00;50.00;50.00;15771;1000;0.0;0;1.0000;0;2;11599;11599;11599
60;2015-04-06 12:05:00;909402N262;7271;11.720;41;232;232;232;233;10.585;50.01;589.1;4.720;678.2;3.131;794.3;3.085;60;0;0;10.524;10.596;10.635;2408;2427;2439;50.01;50.01;50.01;15771;1000;0.0;0;1.0000;0;2;11720;11720;11720
60;2015-04-06 12:06:00;909402N262;5145;11.805;41;232;232;232;232;7.460;50.01;591.2;3.360;673.0;2.220;794.3;2.159;60;0;0;7.424;7.462;7.496;1703;1721;1719;50.01;50.01;50.01;15771;1000;0.0;0;1.0000;0;2;11805;11805;11805
60;2015-04-06 12:07:00;909402N262;4007;11.871;42;231;231;231;232;5.868;50.01;583.3;2.660;668.0;1.738;795.0;1.660;60;0;0;5.794;5.910;5.900;1313;1341;1342;50.01;50.01;50.01;15771;1000;0.0;0;1.0000;0;2;11871;11871;11871
60;2015-04-06 12:08:00;909402N262;3263;11.926;42;231;230;232;233;4.818;50.02;583.9;2.167;666.8;1.417;795.4;1.364;60;0;0;4.726;4.849;4.881;1057;1096;1108;50.02;50.02;50.02;15771;1000;0.0;0;1.0000;0;2;11926;11926;11926
60;2015-04-06 12:09:00;909402N262;2678;11.971;42;231;230;231;233;4.019;50.01;572.2;1.831;673.7;1.150;793.9;1.103;60;0;0;3.922;4.053;4.083;863;900;913;50.01;50.01;50.01;15771;1000;0.0;0;1.0000;0;2;11971;11971;11971
60;2015-04-06 12:10:00;909402N262;2360;12.010;42;231;229;231;233;3.585;50.01;572.2;1.611;680.9;1.001;792.8;0.974;60;0;0;3.482;3.613;3.660;755;792;810;50.01;50.01;50.01;15771;1000;0.0;0;1.0000;0;2;12010;12010;12010
60;2015-04-06 12:11:00;909402N262;2336;12.049;42;232;230;232;234;3.530;50.02;576.7;1.562;683.6;0.996;794.8;0.968;60;0;0;3.445;3.560;3.586;752;785;797;50.02;50.02;50.02;15771;1000;0.0;0;1.0000;0;2;12049;12049;12049
60;2015-04-06 12:12:00;909402N262;2384;12.088;41;232;230;232;233;3.590;50.00;582.4;1.566;686.6;1.016;795.2;0.995;60;0;0;3.510;3.625;3.637;768;804;811;50.00;50.00;50.00;15771;1000;0.0;0;1.0000;0;2;12088;12088;12088
60;2015-04-06 12:13:00;909402N262;2603;12.132;41;232;230;232;234;3.889;50.00;592.1;1.671;686.8;1.115;795.3;1.091;60;0;0;3.805;3.920;3.944;841;876;884;50.00;50.00;50.00;15771;1000;0.0;0;1.0000;0;2;12132;12132;12132
60;2015-04-06 12:14:00;909402N262;3474;12.190;41;232;230;232;233;5.108;50.01;596.1;2.219;681.8;1.495;795.4;1.472;60;0;0;5.029;5.129;5.168;1130;1169;1175;50.01;50.01;50.01;15771;1000;0.0;0;1.0000;0;2;12190;12190;12190
60;2015-04-06 12:15:00;909402N262;4652;12.267;41;232;230;233;233;6.769;50.01;602.6;2.974;682.5;2.013;794.2;1.940;60;0;0;6.658;6.805;6.846;1511;1562;1577;50.01;50.01;50.01;15771;1000;0.0;0;1.0000;0;2;12267;12267;12267
60;2015-04-06 12:16:00;909402N262;3065;12.318;41;231;229;232;233;4.534;50.00;586.3;2.004;671.1;1.334;791.2;1.296;60;0;0;4.445;4.571;4.586;990;1036;1037;50.00;50.00;50.00;15771;1000;0.0;0;1.0000;0;2;12318;12318;12318
60;2015-04-06 12:17:00;909402N262;2850;12.366;41;232;229;233;233;4.235;49.99;589.8;1.839;682.9;1.236;795.7;1.188;60;0;0;4.143;4.289;4.275;919;967;963;49.99;49.99;49.99;15771;1000;0.0;0;1.0000;0;2;12366;12366;12366
60;2015-04-06 12:18:00;909402N262;2828;12.413;41;232;230;233;233;4.202;50.00;590.2;1.822;684.3;1.222;795.7;1.181;60;0;0;4.116;4.248;4.243;913;958;955;50.00;50.00;50.00;15771;1000;0.0;0;1.0000;0;2;12413;12413;12413
60;2015-04-06 12:19:00;909402N262;2914;12.462;41;232;230;233;233;4.318;50.01;591.6;1.869;692.2;1.238;795.8;1.228;60;0;0;4.236;4.358;4.362;942;985;985;50.01;50.01;50.01;15771;1000;0.0;0;1.0000;0;2;12462;12462;12462
60;2015-04-06 12:20:00;909402N262;3274;12.515;41;232;230;233;234;4.821;50.01;592.3;2.092;689.9;1.402;795.7;1.384;60;0;0;4.722;4.851;4.892;1056;1102;1114;50.01;50.01;50.01;15771;1000;0.0;0;1.0000;0;2;12515;12515;12515
60;2015-04-06 12:21:00;909402N262;3923;12.580;41;233;231;233;234;5.723;50.02;608.5;2.459;682.6;1.696;795.1;1.646;60;0;0;5.627;5.761;5.783;1275;1318;1327;50.02;50.02;50.02;15771;1000;0.0;0;1.0000;0;2;12580;12580;12580
60;2015-04-06 12:22:00;909402N262;4467;12.654;41;232;230;233;233;6.496;50.02;607.9;2.849;684.4;1.896;795.1;1.877;60;0;0;6.398;6.518;6.573;1451;1502;1512;50.02;50.02;50.02;15771;1000;0.0;0;1.0000;0;2;12654;12654;12654
60;2015-04-06 12:23:00;909402N262;4439;12.729;41;232;230;233;233;6.460;50.03;596.0;2.898;683.3;1.888;794.7;1.843;60;0;0;6.356;6.493;6.531;1441;1491;1501;50.03;50.03;50.03;15771;1000;0.0;0;1.0000;0;2;12729;12729;12729
60;2015-04-06 12:24:00;909402N262;3529;12.788;41;232;230;233;233;5.181;50.02;592.4;2.334;679.7;1.482;795.6;1.475;60;0;0;5.087;5.219;5.238;1143;1191;1193;50.02;50.02;50.02;15771;1000;0.0;0;1.0000;0;2;12788;12788;12788
60;2015-04-06 12:25:00;909402N262;3717;12.850;41;232;231;233;233;5.435;50.02;597.4;2.486;682.2;1.552;795.4;1.526;60;0;0;5.352;5.460;5.495;1208;1252;1255;50.02;50.02;50.02;15771;1000;0.0;0;1.0000;0;2;12850;12850;12850
60;2015-04-06 12:26:00;909402N262;7714;12.977;41;233;231;234;234;11.242;50.01;602.9;4.913;687.4;3.153;793.0;3.448;60;0;0;11.156;11.167;11.403;2519;2591;2613;50.01;50.01;50.01;15771;1000;0.0;0;1.0000;0;2;12977;12977;12977
60;2015-04-06 12:27:00;909402N262;12459;13.185;41;233;231;234;234;18.582;50.02;584.9;8.387;688.6;5.188;795.7;5.283;60;0;0;18.416;18.650;18.682;4078;4190;4191;50.02;50.02;50.02;15771;1000;0.0;0;1.0000;0;2;13185;13185;13185
60;2015-04-06 12:28:00;909402N262;12412;13.392;41;234;232;235;235;18.469;50.02;578.1;8.417;682.5;5.213;795.9;5.290;60;0;0;18.268;18.578;18.563;4056;4174;4179;50.02;50.02;50.02;15771;1000;0.0;0;1.0000;0;2;13392;13392;13392
60;2015-04-06 12:29:00;909402N262;12321;13.597;41;234;232;235;235;18.307;50.02;572.8;8.415;678.2;5.209;795.8;5.265;60;0;0;18.124;18.401;18.397;4030;4140;4148;50.02;50.02;50.02;15771;1000;0.0;0;1.0000;0;2;13597;13597;13597
60;2015-04-06 12:30:00;909402N262;11169;13.783;42;234;232;234;235;16.521;50.00;571.3;7.632;674.2;4.752;795.3;4.764;60;0;0;16.353;16.592;16.620;3659;3735;3774;50.00;50.00;50.00;15771;1000;0.0;0;1.0000;0;2;13783;13783;13783
60;2015-04-06 12:31:00;909402N262;10991;13.967;42;234;232;233;236;16.211;49.99;564.9;7.605;655.2;4.773;795.1;4.749;60;0;0;16.089;16.222;16.322;3610;3663;3716;49.99;49.99;49.99;15771;1000;0.0;0;1.0000;0;2;13967;13967;13967
60;2015-04-06 12:32:00;909402N262;11945;14.167;43;234;233;234;235;17.712;49.99;565.3;8.202;669.4;5.159;795.3;5.106;60;0;0;17.599;17.761;17.776;3935;3994;4013;49.99;49.99;49.99;15771;1000;0.0;0;1.0000;0;2;14167;14167;14167
60;2015-04-06 12:33:00;909402N262;12090;14.371;43;234;233;234;235;17.942;49.99;563.8;8.322;667.9;5.235;795.4;5.181;60;0;0;17.823;17.997;18.008;3980;4047;4061;49.99;49.99;49.99;15771;1000;0.0;0;1.0000;0;2;14371;14371;14371
60;2015-04-06 12:34:00;909402N262;12258;14.576;43;235;233;236;236;18.150;50.00;562.3;8.414;665.3;5.341;795.1;5.273;60;0;0;17.999;18.244;18.208;4023;4120;4113;50.00;50.00;50.00;15771;1000;0.0;0;1.0000;0;2;14576;14576;14576
60;2015-04-06 12:35:00;909402N262;11554;14.768;44;234;233;235;234;17.189;50.00;561.8;7.938;663.2;5.083;793.6;4.949;60;0;0;17.055;17.318;17.194;3799;3894;3857;50.00;50.00;50.00;15771;1000;0.0;0;1.0000;0;2;14768;14768;14768
60;2015-04-06 12:36:00;909402N262;4832;14.847;44;234;233;235;234;6.975;50.01;575.4;3.274;662.0;2.111;789.9;2.039;60;0;0;6.894;7.040;6.992;1582;1630;1618;50.01;50.01;50.01;15771;1000;0.0;0;1.0000;0;2;14847;14847;14847
60;2015-04-06 12:37:00;909402N262;4778;14.927;45;233;232;233;234;6.914;50.01;577.9;3.234;666.1;2.049;794.0;2.016;60;0;0;6.819;6.966;6.959;1561;1605;1610;50.01;50.01;50.01;15771;1000;0.0;0;1.0000;0;2;14927;14927;14927
60;2015-04-06 12:38:00;909402N262;5261;15.016;45;233;232;233;234;7.573;50.01;581.0;3.459;667.6;2.216;794.4;2.321;60;0;0;7.505;7.590;7.626;1728;1762;1769;50.01;50.01;50.01;15771;1000;0.0;0;1.0000;0;2;15016;15016;15016
60;2015-04-06 12:39:00;909402N262;4327;15.088;44;233;234;233;234;6.260;50.01;587.6;2.887;668.5;1.843;794.2;1.814;60;0;0;6.213;6.294;6.274;1433;1445;1446;50.01;50.01;50.01;15771;1000;0.0;0;1.0000;0;2;15088;15088;15088
60;2015-04-06 12:40:00;909402N262;3602;15.148;44;233;234;232;234;5.240;50.02;580.3;2.464;668.6;1.539;795.0;1.484;60;0;0;5.205;5.242;5.275;1193;1195;1212;50.02;50.02;50.02;15771;1000;0.0;0;1.0000;0;2;15148;15148;15148
60;2015-04-06 12:41:00;909402N262;3766;15.209;44;233;233;232;234;5.480;50.02;580.5;2.580;671.0;1.593;795.0;1.557;60;0;0;5.432;5.476;5.534;1244;1247;1273;50.02;50.02;50.02;15771;1000;0.0;0;1.0000;0;2;15209;15209;15209
60;2015-04-06 12:42:00;909402N262;4807;15.290;44;233;233;232;234;6.938;50.03;595.9;3.216;676.6;1.983;794.9;2.010;60;0;0;6.883;6.956;6.976;1588;1594;1617;50.03;50.03;50.03;15771;1000;0.0;0;1.0000;0;2;15290;15290;15290
60;2015-04-06 12:43:00;909402N262;6804;15.404;44;234;234;233;234;9.835;50.03;591.6;4.541;680.3;2.757;794.7;2.940;60;0;0;9.787;9.849;9.869;2257;2270;2279;50.03;50.03;50.03;15771;1000;0.0;0;1.0000;0;2;15404;15404;15404
60;2015-04-06 12:44:00;909402N262;7565;15.531;44;234;234;233;235;10.906;50.02;586.9;5.133;682.0;3.099;794.4;3.202;60;0;0;10.842;10.949;10.929;2514;2509;2541;50.02;50.02;50.02;15771;1000;0.0;0;1.0000;0;2;15531;15531;15531
60;2015-04-06 12:45:00;909402N262;5544;15.623;44;234;233;233;235;7.967;50.03;586.2;3.823;678.8;2.245;794.5;2.327;60;0;0;7.900;7.980;8.023;1831;1837;1874;50.03;50.03;50.03;15771;1000;0.0;0;1.0000;0;2;15623;15623;15623
60;2015-04-06 12:46:00;909402N262;8556;15.764;44;234;234;232;236;12.410;50.02;579.6;5.916;677.3;3.500;786.7;3.688;60;0;0;12.375;12.324;12.533;2840;2815;2899;50.02;50.02;50.02;15771;1000;0.0;0;1.0000;0;2;15764;15764;15764
60;2015-04-06 12:47:00;909402N262;9449;15.923;44;234;234;232;236;13.783;50.03;580.9;6.541;682.2;3.855;795.3;3.991;60;0;0;13.748;13.678;13.925;3139;3107;3201;50.03;50.03;50.03;15771;1000;0.0;0;1.0000;0;2;15923;15923;15923
60;2015-04-06 12:48:00;909402N262;10424;16.096;44;234;234;233;236;15.308;50.02;576.1;7.215;678.9;4.299;795.4;4.420;60;0;0;15.226;15.303;15.396;3451;3458;3513;50.02;50.02;50.02;15771;1000;0.0;0;1.0000;0;2;16096;16096;16096
60;2015-04-06 12:49:00;909402N262;11005;16.280;44;235;234;235;235;16.177;50.03;572.2;7.652;675.6;4.557;795.6;4.702;60;0;0;16.092;16.208;16.231;3637;3678;3688;50.03;50.03;50.03;15771;1000;0.0;0;1.0000;0;2;16280;16280;16280
60;2015-04-06 12:50:00;909402N262;10737;16.459;44;235;234;234;235;15.776;50.04;569.2;7.495;673.2;4.478;795.4;4.570;60;0;0;15.704;15.797;15.828;3557;3574;3602;50.04;50.04;50.04;15771;1000;0.0;0;1.0000;0;2;16459;16459;16459
60;2015-04-06 12:51:00;909402N262;9744;16.621;44;235;235;234;235;14.229;50.03;568.3;6.818;671.0;4.064;795.1;4.153;60;0;0;14.196;14.217;14.274;3243;3233;3267;50.03;50.03;50.03;15771;1000;0.0;0;1.0000;0;2;16621;16621;16621
60;2015-04-06 12:52:00;909402N262;9214;16.775;44;235;235;234;236;13.404;50.04;567.8;6.471;669.7;3.856;795.4;3.899;60;0;0;13.368;13.381;13.464;3062;3051;3098;50.04;50.04;50.04;15771;1000;0.0;0;1.0000;0;2;16775;16775;16775
60;2015-04-06 12:53:00;909402N262;9580;16.935;44;234;234;233;235;13.995;50.03;566.4;6.749;669.1;4.019;795.7;4.053;60;0;0;13.964;13.961;14.060;3189;3170;3219;50.03;50.03;50.03;15771;1000;0.0;0;1.0000;0;2;16935;16935;16935
60;2015-04-06 12:54:00;909402N262;10242;17.105;45;234;234;234;235;15.018;50.02;564.4;7.213;668.2;4.311;795.7;4.350;60;0;0;14.956;15.018;15.080;3396;3406;3438;50.02;50.02;50.02;15771;1000;0.0;0;1.0000;0;2;17105;17105;17105
60;2015-04-06 12:55:00;909402N262;10444;17.280;45;234;234;233;235;15.347;50.02;563.6;7.358;667.9;4.395;795.7;4.444;60;0;0;15.255;15.329;15.457;3456;3461;3524;50.02;50.02;50.02;15771;1000;0.0;0;1.0000;0;2;17280;17280;17280
60;2015-04-06 12:56:00;909402N262;10930;17.462;45;234;234;234;236;16.090;50.02;562.5;7.709;666.4;4.610;795.4;4.662;60;0;0;15.963;16.122;16.186;3601;3643;3685;50.02;50.02;50.02;15771;1000;0.0;0;1.0000;0;2;17462;17462;17462
60;2015-04-06 12:57:00;909402N262;10878;17.643;45;234;233;233;235;16.041;50.02;561.0;7.694;665.9;4.593;795.1;4.636;60;0;0;15.952;16.070;16.102;3597;3626;3653;50.02;50.02;50.02;15771;1000;0.0;0;1.0000;0;2;17643;17643;17643
60;2015-04-06 12:58:00;909402N262;10969;17.825;45;234;234;234;235;16.161;50.01;560.1;7.762;665.6;4.637;794.7;4.684;60;0;0;16.071;16.215;16.198;3628;3659;3679;50.01;50.01;50.01;15771;1000;0.0;0;1.0000;0;2;17825;17825;17825
60;2015-04-06 12:59:00;909402N262;11006;18.009;45;234;234;234;235;16.222;49.99;559.0;7.799;664.6;4.658;794.3;4.703;60;0;0;16.187;16.236;16.243;3664;3662;3678;49.99;49.99;49.99;15771;1000;0.0;0;1.0000;0;2;18009;18009;18009
60;2015-04-06 13:00:00;909402N262;11068;18.194;46;234;234;234;235;16.315;49.97;556.8;7.870;662.6;4.700;795.3;4.728;60;0;0;16.272;16.337;16.337;3678;3688;3700;49.97;49.97;49.97;15771;1000;0.0;0;1.0000;0;2;18194;18194;18194
[wr_ende]
