20140724;060002;danfoss;My Plant;+0100
[wr_def_start]
909402N262;Inverter Type;Inverter Group;Hanzl
[wr_def_end]
[wr]
INTERVAL;TIMESTAMP;SERIAL;P_AC;E_DAY;T_WR;U_AC;U_AC_1;U_AC_2;U_AC_3;I_AC;F_AC;U_DC_1;I_DC_1;U_DC_2;I_DC_2;U_DC_3;I_DC_3;S;E_WR;M_WR;I_AC_1;I_AC_2;I_AC_3;P_AC_1;P_AC_2;P_AC_3;F_AC_1;F_AC_2;F_AC_3;R_DC;PC;PCS;PCS_LL;COS_PHI;COS_PHI_LL;S_COS_PHI;Current_Day_Energy;current_Day_Offset;ccEnergyOfDay_WithoutOffset
60;2014-07-24 05:02:00;909402N262;0;0.000;0;0;0;0;0;0.000;0.10;0.4;0.000;0.4;0.000;0.4;0.000;50;0;0;0.000;0.000;0.000;0;0;0;0.10;0.10;0.10;4;1000;0.0;0;0.0000;0;0;0;0;0
60;2014-07-24 05:03:00;909402N262;0;0.000;24;234;234;234;233;0.000;50.01;229.0;0.000;228.0;0.000;229.0;0.000;50;0;0;0.000;0.000;0.000;0;0;0;50.01;50.01;50.01;0;1000;0.0;0;0.0000;0;0;0;0;0
60;2014-07-24 05:04:00;909402N262;0;0.000;24;234;234;234;233;0.000;50.02;227.6;0.000;227.0;0.000;227.5;0.000;50;0;0;0.000;0.000;0.000;0;0;0;50.02;50.02;50.02;0;1000;0.0;0;0.0000;0;0;0;0;0
60;2014-07-24 05:05:00;909402N262;0;0.000;25;234;234;234;233;0.000;50.01;228.7;0.000;228.1;0.000;228.7;0.000;50;0;0;0.000;0.000;0.000;0;0;0;50.01;50.01;50.01;0;1000;0.0;0;0.0000;0;0;0;0;0
60;2014-07-24 05:06:00;909402N262;0;0.000;25;234;234;234;233;0.000;50.01;227.9;0.000;227.4;0.000;228.2;0.000;50;0;0;0.000;0.000;0.000;0;0;0;50.01;50.01;50.01;0;1000;0.0;0;0.0000;0;0;0;0;0
60;2014-07-24 05:07:00;909402N262;0;0.000;26;234;234;234;233;0.000;50.02;228.6;0.000;228.1;0.000;228.5;0.000;50;0;0;0.000;0.000;0.000;0;0;0;50.02;50.02;50.02;0;1000;0.0;0;0.0000;0;0;0;0;0
60;2014-07-24 05:08:00;909402N262;0;0.000;26;234;234;234;234;0.000;50.02;229.0;0.000;228.4;0.000;229.0;0.000;50;0;0;0.000;0.000;0.000;0;0;0;50.02;50.02;50.02;0;1000;0.0;0;0.0000;0;0;0;0;0
60;2014-07-24 05:09:00;909402N262;0;0.000;27;234;234;235;233;0.000;50.01;231.3;0.000;230.8;0.000;231.0;0.000;50;0;0;0.000;0.000;0.000;0;0;0;50.01;50.01;50.01;0;1000;0.0;0;0.0000;0;0;0;0;0
60;2014-07-24 05:10:00;909402N262;0;0.000;27;234;234;235;233;0.000;50.01;229.2;0.000;228.6;0.000;229.2;0.000;50;0;0;0.000;0.000;0.000;0;0;0;50.01;50.01;50.01;0;1000;0.0;0;0.0000;0;0;0;0;0
60;2014-07-24 05:11:00;909402N262;0;0.000;27;234;234;235;233;0.000;50.01;230.4;0.000;229.8;0.000;230.4;0.000;50;0;0;0.000;0.000;0.000;0;0;0;50.01;50.01;50.01;0;1000;0.0;0;0.0000;0;0;0;0;0
60;2014-07-24 05:12:00;909402N262;0;0.000;28;234;235;235;233;0.000;50.01;234.1;0.000;233.5;0.000;234.0;0.000;50;0;0;0.000;0.000;0.000;0;0;0;50.01;50.01;50.01;0;1000;0.0;0;0.0000;0;0;0;0;0
60;2014-07-24 05:13:00;909402N262;0;0.000;28;234;235;235;233;0.000;50.00;236.9;0.000;236.3;0.000;237.4;0.000;50;0;0;0.000;0.000;0.000;0;0;0;50.00;50.00;50.00;0;1000;0.0;0;0.0000;0;0;0;0;0
60;2014-07-24 05:14:00;909402N262;0;0.000;28;234;235;235;233;0.000;50.01;229.3;0.000;228.8;0.000;229.3;0.000;50;0;0;0.000;0.000;0.000;0;0;0;50.01;50.01;50.01;0;1000;0.0;0;0.0000;0;0;0;0;0
60;2014-07-24 05:15:00;909402N262;0;0.000;28;234;234;235;233;0.000;50.02;229.4;0.000;228.8;0.000;228.8;0.000;50;0;0;0.000;0.000;0.000;0;0;0;50.02;50.02;50.02;0;1000;0.0;0;0.0000;0;0;0;0;0
60;2014-07-24 05:16:00;909402N262;0;0.000;28;234;234;235;233;0.000;50.02;230.9;0.000;230.3;0.000;230.9;0.000;50;0;0;0.000;0.000;0.000;0;0;0;50.02;50.02;50.02;0;1000;0.0;0;0.0000;0;0;0;0;0
60;2014-07-24 05:17:00;909402N262;0;0.000;28;234;234;235;233;0.000;50.01;236.4;0.000;235.9;0.000;236.1;0.000;50;0;0;0.000;0.000;0.000;0;0;0;50.01;50.01;50.01;0;1000;0.0;0;0.0000;0;0;0;0;0
60;2014-07-24 05:18:00;909402N262;0;0.000;28;234;234;235;233;0.000;50.01;241.2;0.000;240.6;0.000;241.8;0.000;50;0;0;0.000;0.000;0.000;0;0;0;50.01;50.01;50.01;0;1000;0.0;0;0.0000;0;0;0;0;0
60;2014-07-24 05:19:00;909402N262;0;0.000;28;234;234;235;233;0.000;50.01;252.4;0.000;251.9;0.000;252.5;0.000;50;0;0;0.000;0.000;0.000;0;0;0;50.01;50.01;50.01;0;1000;0.0;0;0.0000;0;0;0;0;0
60;2014-07-24 05:20:00;909402N262;0;0.000;28;234;234;235;233;0.000;50.01;259.4;0.000;259.1;0.000;259.4;0.000;50;0;0;0.000;0.000;0.000;0;0;0;50.01;50.01;50.01;0;1000;0.0;0;0.0000;0;0;0;0;0
60;2014-07-24 05:21:00;909402N262;0;0.000;29;234;234;235;234;0.000;50.00;261.7;0.000;261.2;0.000;261.3;0.000;50;0;0;0.000;0.000;0.000;0;0;0;50.00;50.00;50.00;0;1000;0.0;0;0.0000;0;0;0;0;0
60;2014-07-24 05:22:00;909402N262;0;0.000;29;234;234;235;233;0.005;50.01;424.4;0.000;400.3;0.000;434.2;0.000;51;0;0;0.005;0.005;0.005;0;0;0;50.01;50.01;50.01;571;1000;0.0;0;0.0000;0;0;0;0;0
60;2014-07-24 05:23:00;909402N262;0;0.000;29;234;234;235;234;0.016;50.01;438.5;0.001;404.4;0.001;457.5;0.001;60;0;0;0.021;0.011;0.017;1;0;0;50.00;50.01;50.01;8144;1000;0.0;0;0.0000;0;0;0;0;0
60;2014-07-24 05:24:00;909402N262;0;0.000;29;234;234;234;235;0.088;50.01;368.4;0.007;300.6;0.005;293.5;0.003;60;0;0;0.059;0.078;0.129;3;6;0;50.01;50.01;50.01;8144;1000;0.0;0;0.0000;0;0;0;0;0
60;2014-07-24 05:25:00;909402N262;2;0.000;29;234;234;234;235;0.099;50.00;393.7;0.010;315.5;0.007;339.6;0.003;60;0;0;0.086;0.072;0.139;4;5;0;50.00;50.00;50.00;8144;1000;0.0;0;0.0000;0;0;0;0;0
60;2014-07-24 05:26:00;909402N262;6;0.000;29;234;234;233;235;0.125;50.00;404.9;0.011;356.5;0.007;405.7;0.004;60;0;0;0.111;0.089;0.176;4;8;0;50.00;50.00;50.00;8144;1000;0.0;0;0.0000;0;0;0;0;0
60;2014-07-24 05:27:00;909402N262;8;0.000;29;234;234;233;234;0.120;50.00;419.2;0.014;413.8;0.007;330.7;0.007;60;0;0;0.119;0.079;0.163;4;7;1;50.00;50.00;50.00;8144;1000;0.0;0;0.0000;0;0;0;0;0
60;2014-07-24 05:28:00;909402N262;10;0.000;29;233;233;233;234;0.137;50.01;427.1;0.017;367.7;0.010;368.1;0.007;60;0;0;0.137;0.084;0.190;4;8;2;50.01;50.01;50.01;8144;1000;0.0;0;0.0000;0;0;0;0;0
60;2014-07-24 05:29:00;909402N262;15;0.000;29;233;233;233;234;0.150;50.02;442.2;0.019;400.3;0.011;471.0;0.007;60;0;0;0.125;0.119;0.207;6;11;2;50.02;50.02;50.02;8144;1000;0.0;0;0.0000;0;0;0;0;0
60;2014-07-24 05:30:00;909402N262;19;0.001;29;233;233;233;234;0.144;50.03;425.2;0.024;447.4;0.011;527.2;0.008;60;0;0;0.101;0.104;0.227;4;10;6;50.03;50.03;50.03;8144;1000;0.0;0;0.0000;0;0;1;1;1
60;2014-07-24 05:31:00;909402N262;23;0.001;29;233;233;233;234;0.170;50.03;434.2;0.028;468.2;0.011;543.5;0.011;60;0;0;0.168;0.125;0.218;9;11;6;50.03;50.03;50.03;8144;1000;0.0;0;0.0000;0;0;1;1;1
60;2014-07-24 05:32:00;909402N262;27;0.001;29;234;234;233;234;0.183;50.03;446.2;0.033;463.3;0.014;536.1;0.011;60;0;0;0.196;0.159;0.196;14;15;2;50.03;50.03;50.03;8144;1000;0.0;0;0.0000;0;0;1;1;1
60;2014-07-24 05:33:00;909402N262;30;0.002;29;234;234;233;234;0.213;50.03;451.7;0.037;465.3;0.015;515.8;0.014;60;0;0;0.243;0.194;0.202;18;18;1;50.03;50.03;50.03;8144;1000;0.0;0;0.0000;0;0;2;2;2
60;2014-07-24 05:34:00;909402N262;34;0.003;29;234;234;233;234;0.220;50.03;469.4;0.039;478.3;0.015;525.7;0.015;60;0;0;0.230;0.189;0.243;16;16;5;50.03;50.03;50.03;8144;1000;0.0;0;0.0000;0;0;3;3;3
60;2014-07-24 05:35:00;909402N262;37;0.003;29;234;234;233;235;0.219;50.03;466.0;0.041;474.9;0.018;532.7;0.015;60;0;0;0.216;0.199;0.244;15;18;5;50.03;50.03;50.03;8144;1000;0.0;0;0.0000;0;0;3;3;3
60;2014-07-24 05:36:00;909402N262;40;0.004;29;234;234;233;234;0.250;50.02;466.2;0.045;456.6;0.020;527.5;0.018;60;0;0;0.303;0.224;0.223;13;20;6;50.02;50.02;50.02;8144;1000;0.0;0;0.0000;0;0;4;4;4
60;2014-07-24 05:37:00;909402N262;43;0.005;29;234;234;233;234;0.257;50.02;479.5;0.047;464.9;0.022;540.1;0.018;60;0;0;0.350;0.211;0.211;16;21;6;50.02;50.02;50.02;8144;1000;0.0;0;0.0000;0;0;5;5;5
60;2014-07-24 05:38:00;909402N262;47;0.005;30;233;233;233;234;0.243;50.02;478.5;0.051;476.2;0.023;562.8;0.019;60;0;0;0.178;0.261;0.291;8;29;10;50.02;50.02;50.02;8144;1000;0.0;0;0.0000;0;0;5;5;5
60;2014-07-24 05:39:00;909402N262;50;0.005;30;233;233;233;234;0.282;50.01;479.4;0.055;475.1;0.025;588.3;0.019;60;0;0;0.252;0.235;0.359;16;20;12;50.01;50.01;50.01;8144;1000;0.0;0;0.0000;0;0;5;5;5
60;2014-07-24 05:40:00;909402N262;53;0.006;30;233;233;233;234;0.274;49.99;486.7;0.058;486.0;0.027;604.5;0.020;60;0;0;0.269;0.226;0.327;12;24;17;49.99;49.99;49.99;8144;1000;0.0;0;0.0000;0;0;6;6;6
60;2014-07-24 05:41:00;909402N262;57;0.008;30;233;234;233;233;0.302;50.01;484.5;0.062;498.4;0.027;615.6;0.023;60;0;0;0.338;0.342;0.227;10;39;9;50.01;50.01;50.01;8144;1000;0.0;0;0.0000;0;0;8;8;8
60;2014-07-24 05:42:00;909402N262;60;0.008;30;233;234;233;233;0.318;50.01;487.4;0.066;502.4;0.027;632.7;0.023;60;0;0;0.345;0.392;0.219;12;45;5;50.01;50.01;50.01;8144;1000;0.0;0;0.0000;0;0;8;8;8
60;2014-07-24 05:43:00;909402N262;63;0.009;30;233;234;233;234;0.326;50.01;492.5;0.069;488.3;0.030;593.6;0.025;60;0;0;0.321;0.415;0.243;11;47;6;50.01;50.01;50.01;8144;1000;0.0;0;0.0000;0;0;9;9;9
60;2014-07-24 05:44:00;909402N262;66;0.010;30;233;233;233;234;0.372;50.01;492.0;0.072;492.4;0.031;589.8;0.027;60;0;0;0.358;0.424;0.334;14;45;9;50.01;50.01;50.01;8144;1000;0.0;0;0.0000;0;0;10;10;10
60;2014-07-24 05:45:00;909402N262;69;0.013;30;233;233;233;233;0.403;50.02;494.5;0.077;497.9;0.034;605.5;0.027;60;0;0;0.401;0.440;0.369;19;43;9;50.02;50.02;50.02;8144;1000;0.0;0;0.0000;0;0;13;13;13
60;2014-07-24 05:46:00;909402N262;71;0.013;30;234;234;234;235;0.446;50.02;492.2;0.079;488.9;0.035;620.9;0.027;60;0;0;0.406;0.475;0.457;15;42;14;50.02;50.02;50.02;8144;1000;0.0;0;0.0000;0;0;13;13;13
60;2014-07-24 05:47:00;909402N262;76;0.014;30;235;235;235;235;0.405;50.01;496.6;0.083;506.8;0.035;618.1;0.028;60;0;0;0.377;0.463;0.377;16;48;12;50.01;50.01;50.01;8144;1000;0.0;0;0.0000;0;0;14;14;14
60;2014-07-24 05:48:00;909402N262;80;0.016;30;235;236;235;236;0.415;50.02;500.6;0.085;515.5;0.035;608.6;0.031;60;0;0;0.425;0.441;0.379;24;45;11;50.02;50.02;50.02;8144;1000;0.0;0;0.0000;0;0;16;16;16
60;2014-07-24 05:49:00;909402N262;83;0.017;30;236;236;235;236;0.393;50.01;503.3;0.089;523.0;0.038;623.4;0.031;60;0;0;0.392;0.419;0.368;24;44;14;50.01;50.01;50.01;8144;1000;0.0;0;0.0000;0;0;17;17;17
60;2014-07-24 05:50:00;909402N262;86;0.019;30;236;236;235;236;0.404;50.01;503.1;0.093;513.1;0.039;632.8;0.031;60;0;0;0.402;0.472;0.340;20;54;14;50.01;50.01;50.01;8144;1000;0.0;0;0.0000;0;0;19;19;19
60;2014-07-24 05:51:00;909402N262;90;0.021;30;235;236;235;235;0.385;50.00;506.7;0.096;509.0;0.041;643.6;0.031;60;0;0;0.451;0.570;0.135;17;72;2;50.00;50.00;50.00;8144;1000;0.0;0;0.0000;0;0;21;21;21
60;2014-07-24 05:52:00;909402N262;93;0.022;30;235;236;235;234;0.411;50.00;508.0;0.099;515.9;0.042;622.1;0.033;60;0;0;0.476;0.579;0.178;12;71;10;50.00;50.00;50.00;8144;1000;0.0;0;0.0000;0;0;22;22;22
60;2014-07-24 05:53:00;909402N262;96;0.023;30;235;235;235;234;0.403;50.00;508.3;0.103;513.1;0.042;610.3;0.035;60;0;0;0.472;0.541;0.196;14;64;16;50.00;50.00;50.00;8144;1000;0.0;0;0.0000;0;0;23;23;23
60;2014-07-24 05:54:00;909402N262;100;0.024;30;235;235;235;235;0.399;50.01;512.0;0.105;518.1;0.045;624.4;0.036;60;0;0;0.390;0.571;0.238;18;68;12;50.01;50.01;50.01;8144;1000;0.0;0;0.0000;0;0;24;24;24
60;2014-07-24 05:55:00;909402N262;104;0.026;30;235;235;235;235;0.396;50.01;512.5;0.109;529.2;0.046;641.6;0.036;60;0;0;0.431;0.556;0.202;23;70;9;50.01;50.01;50.01;8144;1000;0.0;0;0.0000;0;0;26;26;26
60;2014-07-24 05:56:00;909402N262;107;0.029;30;235;235;235;234;0.416;50.02;513.4;0.113;538.3;0.046;646.1;0.038;60;0;0;0.455;0.573;0.222;25;71;10;50.02;50.02;50.02;8144;1000;0.0;0;0.0000;0;0;29;29;29
60;2014-07-24 05:57:00;909402N262;110;0.031;31;235;235;235;235;0.396;50.02;516.7;0.116;540.9;0.046;639.3;0.039;60;0;0;0.429;0.542;0.219;24;71;13;50.02;50.02;50.02;8144;1000;0.0;0;0.0000;0;0;31;31;31
60;2014-07-24 05:58:00;909402N262;114;0.032;31;235;236;235;235;0.421;50.01;516.5;0.120;529.2;0.049;641.4;0.041;60;0;0;0.479;0.542;0.244;30;70;13;50.01;50.01;50.01;8144;1000;0.0;0;0.0000;0;0;32;32;32
60;2014-07-24 05:59:00;909402N262;116;0.034;31;235;235;234;235;0.584;50.03;516.8;0.124;532.2;0.050;647.3;0.041;60;0;0;0.610;0.616;0.528;34;59;23;50.03;50.03;50.03;8144;1000;0.0;0;0.0000;0;0;34;34;34
60;2014-07-24 06:00:00;909402N262;121;0.036;31;235;235;234;235;0.518;50.04;520.0;0.126;537.7;0.051;648.3;0.042;60;0;0;0.534;0.511;0.511;41;51;28;50.04;50.04;50.04;8144;1000;0.0;0;0.0000;0;0;36;36;36
[wr_ende]
