20140316;140003;danfoss;My Plant;+0100
[wr_def_start]
909402N262;Inverter Type;Inverter Group;Hanzl
[wr_def_end]
[wr]
INTERVAL;TIMESTAMP;SERIAL;P_AC;E_DAY;T_WR;U_AC;U_AC_1;U_AC_2;U_AC_3;I_AC;F_AC;U_DC_1;I_DC_1;U_DC_2;I_DC_2;U_DC_3;I_DC_3;S;E_WR;M_WR;I_AC_1;I_AC_2;I_AC_3;P_AC_1;P_AC_2;P_AC_3;F_AC_1;F_AC_2;F_AC_3;R_DC;PC;PCS;PCS_LL;COS_PHI;COS_PHI_LL;S_COS_PHI;Current_Day_Energy;current_Day_Offset;ccEnergyOfDay_WithoutOffset
60;2014-03-16 13:01:00;909402N262;2368;16.683;40;234;234;234;234;3.447;50.01;560.8;1.797;630.4;0.954;777.7;1.011;60;0;0;3.395;3.484;3.464;777;796;792;50.01;50.01;50.01;17823;1000;0.0;0;0.0000;0;0;16683;16683;16683
60;2014-03-16 13:02:00;909402N262;2168;16.719;40;234;234;234;235;3.178;50.01;571.8;1.628;645.6;0.849;777.5;0.912;60;0;0;3.122;3.217;3.195;709;730;727;50.01;50.01;50.01;17823;1000;0.0;0;0.0000;0;0;16719;16719;16719
60;2014-03-16 13:03:00;909402N262;2188;16.755;40;234;234;234;234;3.206;50.01;570.6;1.666;645.7;0.845;779.3;0.916;60;0;0;3.146;3.249;3.225;715;740;732;50.01;50.01;50.01;17823;1000;0.0;0;0.0000;0;0;16755;16755;16755
60;2014-03-16 13:04:00;909402N262;2735;16.800;40;234;234;234;234;3.965;50.01;568.2;2.079;650.4;1.045;784.5;1.153;60;0;0;3.919;3.992;3.985;898;922;913;50.01;50.02;50.01;17823;1000;0.0;0;0.0000;0;0;16800;16800;16800
60;2014-03-16 13:05:00;909402N262;3474;16.859;40;234;234;235;234;4.988;50.02;566.4;2.630;653.9;1.327;793.8;1.457;60;0;0;4.937;5.006;5.022;1142;1169;1161;50.02;50.02;50.02;17823;1000;0.0;0;0.0000;0;0;16859;16859;16859
60;2014-03-16 13:06:00;909402N262;11131;17.044;40;236;236;236;235;15.740;50.03;561.6;8.161;663.4;4.380;794.6;4.895;60;0;0;15.736;15.773;15.712;3719;3735;3692;50.03;50.03;50.03;17823;1000;0.0;0;0.0000;0;0;17044;17044;17044
60;2014-03-16 13:07:00;909402N262;12152;17.248;40;236;236;236;235;17.168;50.02;551.8;8.947;659.2;4.827;794.5;5.358;60;0;0;17.133;17.206;17.166;4049;4058;4042;50.02;50.02;50.02;17823;1000;0.0;0;0.0000;0;0;17248;17248;17248
60;2014-03-16 13:08:00;909402N262;11673;17.442;40;236;236;235;236;16.522;50.01;545.5;8.648;653.4;4.660;793.5;5.191;60;0;0;16.471;16.552;16.543;3889;3884;3904;50.01;50.01;50.01;17823;1000;0.0;0;0.0000;0;0;17442;17442;17442
60;2014-03-16 13:09:00;909402N262;10513;17.617;41;236;236;235;236;14.836;50.03;542.7;7.887;648.9;4.222;790.4;4.676;60;0;0;14.841;14.783;14.884;3502;3498;3510;50.03;50.03;50.03;17823;1000;0.0;0;0.0000;0;0;17617;17617;17617
60;2014-03-16 13:10:00;909402N262;11777;17.813;41;236;236;235;236;16.626;50.03;536.4;8.871;648.0;4.788;793.2;5.215;60;0;0;16.586;16.614;16.680;3922;3908;3946;50.03;50.03;50.03;17823;1000;0.0;0;0.0000;0;0;17813;17813;17813
60;2014-03-16 13:11:00;909402N262;11581;18.006;42;236;236;235;237;16.357;50.03;533.7;8.763;646.1;4.727;785.8;5.174;60;0;0;16.296;16.344;16.433;3848;3843;3888;50.03;50.03;50.03;17823;1000;0.0;0;0.0000;0;0;18006;18006;18006
60;2014-03-16 13:12:00;909402N262;11596;18.199;42;236;236;235;236;16.378;50.04;531.5;8.807;644.2;4.752;782.3;5.205;60;0;0;16.321;16.379;16.436;3853;3856;3884;50.04;50.04;50.04;17823;1000;0.0;0;0.0000;0;0;18199;18199;18199
60;2014-03-16 13:13:00;909402N262;11611;18.393;42;236;236;236;236;16.397;50.04;529.9;8.846;642.5;4.773;780.2;5.224;60;0;0;16.343;16.415;16.435;3860;3870;3879;50.04;50.04;50.04;17823;1000;0.0;0;0.0000;0;0;18393;18393;18393
60;2014-03-16 13:14:00;909402N262;11630;18.588;43;236;237;236;235;16.427;50.05;528.6;8.878;641.6;4.788;778.9;5.241;60;0;0;16.417;16.476;16.390;3884;3889;3854;50.05;50.05;50.05;17823;1000;0.0;0;0.0000;0;0;18588;18588;18588
60;2014-03-16 13:15:00;909402N262;11405;18.778;43;236;237;237;235;16.106;50.04;527.8;8.711;640.3;4.697;778.2;5.176;60;0;0;16.079;16.183;16.056;3805;3830;3775;50.04;50.04;50.04;17823;1000;0.0;0;0.0000;0;0;18778;18778;18778
60;2014-03-16 13:16:00;909402N262;8682;18.921;43;236;236;236;235;12.268;50.04;529.0;6.675;631.5;3.576;746.3;4.002;60;0;0;12.229;12.338;12.237;2884;2911;2869;50.04;50.04;50.04;17823;1000;0.0;0;0.0000;0;0;18921;18921;18921
60;2014-03-16 13:17:00;909402N262;5207;19.009;44;235;236;236;234;7.386;50.05;536.9;4.018;631.2;2.123;765.0;2.327;60;0;0;7.352;7.436;7.370;1726;1752;1720;50.05;50.05;50.05;17823;1000;0.0;0;0.0000;0;0;19009;19009;19009
60;2014-03-16 13:18:00;909402N262;8495;19.150;44;236;236;237;234;11.999;50.04;537.1;6.472;639.9;3.470;777.9;3.817;60;0;0;11.985;12.062;11.952;2829;2866;2798;50.04;50.04;50.04;17823;1000;0.0;0;0.0000;0;0;19150;19150;19150
60;2014-03-16 13:19:00;909402N262;7310;19.272;44;235;236;236;234;10.374;50.04;537.9;5.611;638.1;2.998;773.1;3.228;60;0;0;10.311;10.487;10.324;2429;2466;2416;50.04;50.04;50.04;17823;1000;0.0;0;0.0000;0;0;19272;19272;19272
60;2014-03-16 13:20:00;909402N262;4595;19.348;44;235;236;236;234;6.533;50.05;543.6;3.553;634.7;1.845;768.7;1.992;60;0;0;6.473;6.611;6.516;1518;1544;1520;50.05;50.05;50.05;17823;1000;0.0;0;0.0000;0;0;19348;19348;19348
60;2014-03-16 13:21:00;909402N262;7290;19.468;44;236;236;236;235;10.257;50.04;546.2;5.467;641.3;2.877;780.0;3.235;60;0;0;10.267;10.223;10.282;2420;2443;2409;50.04;50.04;50.04;17823;1000;0.0;0;0.0000;0;0;19468;19468;19468
60;2014-03-16 13:22:00;909402N262;8632;19.613;44;236;236;237;235;12.184;50.04;544.3;6.466;643.8;3.431;784.6;3.880;60;0;0;12.153;12.237;12.162;2872;2903;2859;50.04;50.04;50.04;17823;1000;0.0;0;0.0000;0;0;19613;19613;19613
60;2014-03-16 13:23:00;909402N262;7729;19.740;44;236;236;237;235;10.923;50.06;547.5;5.730;643.2;2.985;783.3;3.556;60;0;0;10.896;10.970;10.905;2575;2605;2562;50.06;50.06;50.06;17823;1000;0.0;0;0.0000;0;0;19740;19740;19740
60;2014-03-16 13:24:00;909402N262;7260;19.862;44;236;236;236;235;10.327;50.06;546.7;5.418;642.4;2.858;779.4;3.209;60;0;0;10.206;10.557;10.219;2417;2439;2405;50.06;50.06;50.06;17823;1000;0.0;0;0.0000;0;0;19862;19862;19862
60;2014-03-16 13:25:00;909402N262;8243;20.000;44;236;236;236;235;11.661;50.05;545.3;6.262;643.1;3.304;780.8;3.618;60;0;0;11.619;11.735;11.631;2743;2770;2730;50.05;50.05;50.05;17823;1000;0.0;0;0.0000;0;0;20000;20000;20000
60;2014-03-16 13:26:00;909402N262;11383;20.190;44;236;236;236;235;16.065;50.05;541.4;8.591;649.8;4.580;792.6;5.014;60;0;0;16.016;16.151;16.028;3788;3819;3773;50.05;50.05;50.05;17823;1000;0.0;0;0.0000;0;0;20190;20190;20190
60;2014-03-16 13:27:00;909402N262;11245;20.374;44;236;236;236;235;15.882;50.06;537.9;8.517;647.2;4.541;786.3;5.000;60;0;0;15.834;15.971;15.841;3742;3773;3728;50.06;50.06;50.06;17823;1000;0.0;0;0.0000;0;0;20374;20374;20374
60;2014-03-16 13:28:00;909402N262;11063;20.558;44;236;236;236;235;15.628;50.05;535.7;8.406;644.7;4.491;782.6;4.944;60;0;0;15.572;15.721;15.591;3678;3715;3668;50.05;50.05;50.05;17823;1000;0.0;0;0.0000;0;0;20558;20558;20558
60;2014-03-16 13:29:00;909402N262;10888;20.740;44;236;236;236;236;15.358;50.05;533.9;8.298;643.5;4.427;780.1;4.879;60;0;0;15.287;15.400;15.388;3608;3640;3638;50.05;50.05;50.05;17823;1000;0.0;0;0.0000;0;0;20740;20740;20740
60;2014-03-16 13:30:00;909402N262;10541;20.916;45;236;236;236;236;14.885;50.04;532.9;8.032;642.0;4.261;779.9;4.763;60;0;0;14.804;14.958;14.895;3494;3523;3522;50.04;50.04;50.04;17823;1000;0.0;0;0.0000;0;0;20916;20916;20916
60;2014-03-16 13:31:00;909402N262;10774;21.096;45;236;236;236;236;15.200;50.04;527.2;8.343;637.3;4.402;772.9;4.898;60;0;0;15.125;15.260;15.215;3572;3601;3599;50.04;50.04;50.04;17823;1000;0.0;0;0.0000;0;0;21096;21096;21096
60;2014-03-16 13:32:00;909402N262;10889;21.277;45;236;236;237;236;15.351;50.04;529.4;8.360;640.0;4.451;778.4;4.903;60;0;0;15.279;15.405;15.371;3608;3644;3636;50.04;50.04;50.04;17823;1000;0.0;0;0.0000;0;0;21277;21277;21277
60;2014-03-16 13:33:00;909402N262;6192;21.381;45;235;235;236;236;8.857;50.03;532.3;4.773;631.5;2.473;765.7;2.820;60;0;0;8.718;9.028;8.825;2044;2080;2074;50.03;50.03;50.03;17823;1000;0.0;0;0.0000;0;0;21381;21381;21381
60;2014-03-16 13:34:00;909402N262;6723;21.495;45;235;235;236;235;9.574;50.04;539.9;5.133;637.7;2.610;777.0;3.115;60;0;0;9.449;9.729;9.545;2219;2260;2242;50.04;50.04;50.04;17823;1000;0.0;0;0.0000;0;0;21495;21495;21495
60;2014-03-16 13:35:00;909402N262;5678;21.590;46;235;235;236;235;8.086;50.04;541.0;4.456;634.9;2.313;770.7;2.395;60;0;0;7.980;8.220;8.059;1874;1912;1889;50.04;50.04;50.04;17823;1000;0.0;0;0.0000;0;0;21590;21590;21590
60;2014-03-16 13:36:00;909402N262;10614;21.765;45;236;235;237;235;14.989;50.04;539.3;8.126;645.6;4.293;785.4;4.673;60;0;0;14.888;15.080;15.001;3506;3581;3531;50.04;50.04;50.04;17823;1000;0.0;0;0.0000;0;0;21765;21765;21765
60;2014-03-16 13:37:00;909402N262;11119;21.951;45;236;236;237;236;15.690;50.03;536.5;8.473;644.3;4.490;783.2;4.962;60;0;0;15.594;15.781;15.695;3675;3740;3702;50.03;50.03;50.03;17823;1000;0.0;0;0.0000;0;0;21951;21951;21951
60;2014-03-16 13:38:00;909402N262;10899;22.133;46;236;236;237;236;15.381;50.04;534.8;8.350;643.1;4.442;781.0;4.831;60;0;0;15.286;15.453;15.404;3603;3660;3634;50.04;50.04;50.04;17823;1000;0.0;0;0.0000;0;0;22133;22133;22133
60;2014-03-16 13:39:00;909402N262;10933;22.314;46;236;236;237;236;15.395;50.04;533.7;8.387;642.7;4.423;779.8;4.893;60;0;0;15.322;15.432;15.432;3613;3678;3640;50.04;50.04;50.04;17823;1000;0.0;0;0.0000;0;0;22314;22314;22314
60;2014-03-16 13:40:00;909402N262;11143;22.500;46;236;236;237;236;15.709;50.04;532.6;8.547;642.9;4.512;779.3;5.000;60;0;0;15.607;15.806;15.714;3682;3751;3708;50.04;50.04;50.04;17823;1000;0.0;0;0.0000;0;0;22500;22500;22500
60;2014-03-16 13:41:00;909402N262;11029;22.685;46;236;236;237;236;15.558;50.04;531.9;8.496;642.5;4.475;778.6;4.940;60;0;0;15.460;15.629;15.586;3643;3704;3680;50.04;50.04;50.04;17823;1000;0.0;0;0.0000;0;0;22685;22685;22685
60;2014-03-16 13:42:00;909402N262;11128;22.872;46;236;236;237;236;15.690;50.02;531.1;8.578;641.9;4.510;778.1;4.993;60;0;0;15.583;15.734;15.753;3674;3727;3725;50.02;50.02;50.02;17823;1000;0.0;0;0.0000;0;0;22872;22872;22872
60;2014-03-16 13:43:00;909402N262;11072;23.057;46;236;236;237;236;15.606;50.03;530.9;8.545;641.5;4.488;777.9;4.967;60;0;0;15.515;15.659;15.645;3662;3711;3697;50.03;50.03;50.03;17823;1000;0.0;0;0.0000;0;0;23057;23057;23057
60;2014-03-16 13:44:00;909402N262;10957;23.239;47;236;236;236;236;15.457;50.02;530.4;8.461;640.6;4.444;777.9;4.926;60;0;0;15.384;15.501;15.488;3635;3662;3662;50.02;50.02;50.02;17823;1000;0.0;0;0.0000;0;0;23239;23239;23239
60;2014-03-16 13:45:00;909402N262;9938;23.404;47;236;236;236;236;14.026;50.03;531.0;7.647;637.7;4.001;774.1;4.516;60;0;0;13.964;14.031;14.085;3292;3316;3328;50.03;50.03;50.03;17823;1000;0.0;0;0.0000;0;0;23404;23404;23404
60;2014-03-16 13:46:00;909402N262;10591;23.580;47;236;236;236;237;14.875;50.03;528.2;8.256;628.1;4.276;776.7;4.831;60;0;0;14.863;14.762;15.000;3509;3531;3552;50.03;50.03;50.03;17823;1000;0.0;0;0.0000;0;0;23580;23580;23580
60;2014-03-16 13:47:00;909402N262;10332;23.752;47;236;236;236;237;14.564;50.03;531.3;7.996;641.2;4.185;777.6;4.640;60;0;0;14.518;14.529;14.647;3422;3444;3464;50.03;50.03;50.03;17823;1000;0.0;0;0.0000;0;0;23752;23752;23752
60;2014-03-16 13:48:00;909402N262;5269;23.839;47;236;235;236;236;7.442;50.03;534.4;4.155;631.3;2.134;760.4;2.337;60;0;0;7.425;7.385;7.517;1743;1766;1768;50.03;50.03;50.03;17823;1000;0.0;0;0.0000;0;0;23839;23839;23839
60;2014-03-16 13:49:00;909402N262;8542;23.982;47;236;236;236;236;12.006;50.05;540.5;6.528;640.5;3.397;777.1;3.840;60;0;0;11.977;11.909;12.132;2822;2862;2869;50.05;50.05;50.05;17823;1000;0.0;0;0.0000;0;0;23982;23982;23982
60;2014-03-16 13:50:00;909402N262;11200;24.168;47;236;236;237;237;15.782;50.04;536.4;8.560;645.5;4.500;782.6;4.994;60;0;0;15.659;15.834;15.853;3694;3751;3753;50.04;50.04;50.04;17823;1000;0.0;0;0.0000;0;0;24168;24168;24168
60;2014-03-16 13:51:00;909402N262;10989;24.352;47;237;236;237;237;15.473;50.05;534.4;8.429;643.9;4.428;780.6;4.910;60;0;0;15.393;15.508;15.518;3641;3673;3672;50.05;50.05;50.05;17823;1000;0.0;0;0.0000;0;0;24352;24352;24352
60;2014-03-16 13:52:00;909402N262;10966;24.535;47;237;236;237;237;15.442;50.05;532.7;8.439;642.7;4.425;779.8;4.909;60;0;0;15.339;15.480;15.508;3625;3669;3671;50.05;50.05;50.05;17823;1000;0.0;0;0.0000;0;0;24535;24535;24535
60;2014-03-16 13:53:00;909402N262;11036;24.717;47;237;236;237;237;15.541;50.05;531.7;8.516;641.4;4.459;778.9;4.947;60;0;0;15.438;15.571;15.614;3646;3692;3696;50.05;50.05;50.05;17823;1000;0.0;0;0.0000;0;0;24717;24717;24717
60;2014-03-16 13:54:00;909402N262;10942;24.900;47;236;236;237;236;15.416;50.05;530.0;8.460;640.2;4.427;778.2;4.914;60;0;0;15.338;15.452;15.458;3623;3662;3655;50.05;50.05;50.05;17823;1000;0.0;0;0.0000;0;0;24900;24900;24900
60;2014-03-16 13:55:00;909402N262;10857;25.082;48;236;236;237;236;15.302;50.05;528.9;8.408;639.4;4.396;778.0;4.884;60;0;0;15.218;15.341;15.349;3593;3634;3627;50.05;50.05;50.05;17823;1000;0.0;0;0.0000;0;0;25082;25082;25082
60;2014-03-16 13:56:00;909402N262;10902;25.263;48;236;236;237;236;15.363;50.04;528.0;8.454;639.3;4.409;777.7;4.910;60;0;0;15.279;15.417;15.394;3608;3655;3638;50.04;50.04;50.04;17823;1000;0.0;0;0.0000;0;0;25263;25263;25263
60;2014-03-16 13:57:00;909402N262;10811;25.443;48;236;236;237;236;15.226;50.04;529.1;8.368;639.2;4.375;777.4;4.869;60;0;0;15.130;15.293;15.257;3574;3628;3608;50.04;50.04;50.04;17823;1000;0.0;0;0.0000;0;0;25443;25443;25443
60;2014-03-16 13:58:00;909402N262;10811;25.624;48;237;236;237;236;15.221;50.05;528.9;8.374;639.9;4.368;777.9;4.864;60;0;0;15.130;15.287;15.247;3577;3626;3606;50.05;50.05;50.05;17823;1000;0.0;0;0.0000;0;0;25624;25624;25624
60;2014-03-16 13:59:00;909402N262;10789;25.804;48;237;237;237;237;15.180;50.05;529.8;8.355;640.2;4.351;777.7;4.851;60;0;0;15.100;15.239;15.201;3575;3615;3597;50.05;50.05;50.05;17823;1000;0.0;0;0.0000;0;0;25804;25804;25804
60;2014-03-16 14:00:00;909402N262;10603;25.979;48;236;236;237;236;14.927;50.05;531.0;8.224;640.0;4.284;777.0;4.738;60;0;0;14.877;14.956;14.948;3518;3550;3533;50.05;50.05;50.05;17823;1000;0.0;0;0.0000;0;0;25979;25979;25979
[wr_ende]
