20150101;170004;danfoss;My Plant;+0100
[wr_def_start]
909402N262;Inverter Type;Inverter Group;Hanzl
[wr_def_end]
[wr]
INTERVAL;TIMESTAMP;SERIAL;P_AC;E_DAY;T_WR;U_AC;U_AC_1;U_AC_2;U_AC_3;I_AC;F_AC;U_DC_1;I_DC_1;U_DC_2;I_DC_2;U_DC_3;I_DC_3;S;E_WR;M_WR;I_AC_1;I_AC_2;I_AC_3;P_AC_1;P_AC_2;P_AC_3;F_AC_1;F_AC_2;F_AC_3;R_DC;PC;PCS;PCS_LL;COS_PHI;COS_PHI_LL;S_COS_PHI;Current_Day_Energy;current_Day_Offset;ccEnergyOfDay_WithoutOffset
60;2015-01-01 16:01:00;909402N262;40;3.611;30;232;231;232;234;0.109;50.04;510.9;0.090;258.8;0.000;293.8;0.002;60;0;0;0.090;0.120;0.119;11;15;13;50.04;50.04;50.04;956;1000;0.0;0;1.0000;0;2;3611;3611;3611
60;2015-01-01 16:02:00;909402N262;38;3.612;30;232;231;232;234;0.103;50.04;517.7;0.084;265.9;0.000;355.1;0.000;60;0;0;0.094;0.105;0.112;12;13;12;50.04;50.04;50.04;956;1000;0.0;0;1.0000;0;2;3612;3612;3612
60;2015-01-01 16:03:00;909402N262;34;3.612;30;232;231;233;234;0.091;50.03;517.0;0.078;260.1;0.000;399.3;0.000;60;0;0;0.070;0.104;0.101;9;12;12;50.03;50.03;50.03;956;1000;0.0;0;1.0000;0;2;3612;3612;3612
60;2015-01-01 16:04:00;909402N262;31;3.613;30;232;230;233;233;0.083;50.04;511.1;0.071;259.9;0.000;390.1;0.000;60;0;0;0.059;0.079;0.111;7;8;15;50.04;50.04;50.04;956;1000;0.0;0;1.0000;0;2;3613;3613;3613
60;2015-01-01 16:05:00;909402N262;26;3.613;30;232;230;233;233;0.075;50.03;506.6;0.064;257.5;0.000;376.8;0.000;60;0;0;0.071;0.058;0.097;9;4;13;50.03;50.03;50.03;956;1000;0.0;0;1.0000;0;2;3613;3613;3613
60;2015-01-01 16:06:00;909402N262;22;3.614;30;232;230;233;233;0.062;50.03;504.0;0.056;255.5;0.000;358.2;0.000;60;0;0;0.044;0.072;0.070;5;8;8;50.03;50.03;50.03;956;1000;0.0;0;1.0000;0;2;3614;3614;3614
60;2015-01-01 16:07:00;909402N262;18;3.614;30;232;231;232;233;0.049;50.03;499.7;0.048;262.5;0.000;334.6;0.000;60;0;0;0.050;0.052;0.046;6;6;5;50.03;50.03;50.03;956;1000;0.0;0;1.0000;0;2;3614;3614;3614
60;2015-01-01 16:08:00;909402N262;14;3.614;30;232;231;233;233;0.040;50.03;487.6;0.043;258.8;0.000;304.7;0.000;60;0;0;0.044;0.043;0.033;5;4;4;50.03;50.03;50.03;956;1000;0.0;0;1.0000;0;2;3614;3614;3614
60;2015-01-01 16:09:00;909402N262;12;3.614;30;232;231;233;233;0.033;50.02;487.6;0.039;261.9;0.000;282.1;0.000;60;0;0;0.026;0.039;0.035;3;4;4;50.02;50.02;50.02;956;1000;0.0;0;1.0000;0;2;3614;3614;3614
60;2015-01-01 16:10:00;909402N262;9;3.614;30;232;231;233;232;0.028;50.02;474.0;0.034;257.5;0.000;266.3;0.000;60;0;0;0.024;0.019;0.042;2;1;5;50.02;50.02;50.02;956;1000;0.0;0;1.0000;0;2;3614;3614;3614
60;2015-01-01 16:11:00;909402N262;7;3.615;30;231;230;232;233;0.021;50.01;466.0;0.031;256.6;0.000;258.3;0.000;60;0;0;0.014;0.035;0.014;1;4;1;50.01;50.01;50.01;956;1000;0.0;0;1.0000;0;2;3615;3615;3615
60;2015-01-01 16:12:00;909402N262;6;3.615;30;231;230;232;232;0.019;50.01;480.3;0.028;255.0;0.000;255.7;0.000;60;0;0;0.010;0.031;0.016;1;3;2;50.01;50.01;50.01;956;1000;0.0;0;1.0000;0;2;3615;3615;3615
60;2015-01-01 16:13:00;909402N262;5;3.615;30;231;230;232;232;0.016;50.00;464.1;0.027;254.5;0.000;253.8;0.000;60;0;0;0.012;0.021;0.016;1;2;2;50.00;50.00;50.00;956;1000;0.0;0;1.0000;0;2;3615;3615;3615
60;2015-01-01 16:14:00;909402N262;4;3.616;30;231;229;232;232;0.011;50.00;449.2;0.026;253.3;0.000;253.8;0.000;60;0;0;0.005;0.017;0.012;0;2;1;50.00;50.00;50.00;956;1000;0.0;0;1.0000;0;2;3616;3616;3616
60;2015-01-01 16:15:00;909402N262;3;3.616;30;231;230;233;232;0.008;50.00;443.5;0.022;253.0;0.000;254.2;0.000;60;0;0;0.009;0.011;0.005;1;1;0;50.00;50.00;50.00;956;1000;0.0;0;1.0000;0;2;3616;3616;3616
60;2015-01-01 16:16:00;909402N262;1;3.616;30;231;229;232;232;0.006;49.99;450.8;0.018;214.4;0.000;248.8;0.000;60;0;0;0.004;0.009;0.005;0;0;0;49.99;49.99;49.99;956;1000;0.0;0;1.0000;0;2;3616;3616;3616
60;2015-01-01 16:17:00;909402N262;0;3.616;30;231;229;233;232;0.001;50.00;441.5;0.016;248.3;0.000;229.9;0.000;60;0;0;0.001;0.002;0.001;0;0;0;50.00;50.00;50.00;956;1000;0.0;0;1.0000;0;2;3616;3616;3616
60;2015-01-01 16:18:00;909402N262;0;3.616;29;231;230;232;232;0.000;49.99;443.6;0.013;251.0;0.000;252.1;0.000;60;0;0;0.000;0.000;0.000;0;0;0;49.99;49.99;49.99;956;1000;0.0;0;1.0000;0;2;3616;3616;3616
60;2015-01-01 16:19:00;909402N262;0;3.616;29;231;230;232;232;0.000;49.99;419.2;0.011;250.6;0.000;250.1;0.000;60;0;0;0.000;0.000;0.000;0;0;0;49.99;49.99;49.99;956;1000;0.0;0;1.0000;0;2;3616;3616;3616
60;2015-01-01 16:20:00;909402N262;0;3.616;29;231;230;232;232;0.003;49.99;411.3;0.007;250.8;0.000;251.0;0.000;60;0;0;0.000;0.009;0.000;0;0;0;49.99;49.99;49.99;956;1000;0.0;0;1.0000;0;2;3616;3616;3616
60;2015-01-01 16:21:00;909402N262;0;3.616;29;230;228;231;230;0.007;49.98;436.4;0.003;250.5;0.000;250.5;0.000;50;0;0;0.000;0.021;0.000;0;0;0;49.98;49.98;49.98;956;1000;0.0;0;1.0000;0;2;3616;3616;3616
60;2015-01-01 16:22:00;909402N262;0;3.616;29;231;229;234;229;0.000;49.97;365.1;0.001;248.0;0.000;248.3;0.000;50;0;0;0.000;0.000;0.000;0;0;0;49.97;49.97;49.97;956;1000;0.0;0;1.0000;0;2;3616;3616;3616
60;2015-01-01 16:23:00;909402N262;0;3.616;29;231;230;234;230;0.000;49.98;232.1;0.000;231.4;0.000;231.7;0.000;50;0;0;0.000;0.000;0.000;0;0;0;49.98;49.98;49.98;956;1000;0.0;0;1.0000;0;2;3616;3616;3616
60;2015-01-01 16:24:00;909402N262;0;3.616;29;232;230;234;230;0.000;49.98;229.1;0.000;228.4;0.000;228.8;0.000;50;0;0;0.000;0.000;0.000;0;0;0;49.98;49.98;49.98;956;1000;0.0;0;1.0000;0;2;3616;3616;3616
60;2015-01-01 16:25:00;909402N262;0;3.616;29;231;230;234;230;0.000;49.98;227.0;0.000;226.3;0.000;227.0;0.000;50;0;0;0.000;0.000;0.000;0;0;0;49.98;49.98;49.98;956;1000;0.0;0;1.0000;0;2;3616;3616;3616
60;2015-01-01 16:26:00;909402N262;0;3.616;28;231;230;234;230;0.000;49.97;234.3;0.000;232.8;0.000;234.9;0.000;50;0;0;0.000;0.000;0.000;0;0;0;49.97;49.97;49.97;956;1000;0.0;0;1.0000;0;2;3616;3616;3616
60;2015-01-01 16:27:00;909402N262;0;3.616;28;231;230;234;230;0.000;49.99;236.5;0.000;232.9;0.000;236.4;0.000;50;0;0;0.000;0.000;0.000;0;0;0;49.99;49.99;49.99;956;1000;0.0;0;1.0000;0;2;3616;3616;3616
60;2015-01-01 16:28:00;909402N262;0;3.616;28;231;230;234;230;0.000;49.97;232.6;0.000;226.1;0.000;232.3;0.000;50;0;0;0.000;0.000;0.000;0;0;0;49.97;49.97;49.97;956;1000;0.0;0;1.0000;0;2;3616;3616;3616
60;2015-01-01 16:29:00;909402N262;0;3.616;28;231;230;234;230;0.000;49.97;230.0;0.000;218.0;0.000;229.5;0.000;50;0;0;0.000;0.000;0.000;0;0;0;49.97;49.97;49.97;956;1000;0.0;0;1.0000;0;2;3616;3616;3616
60;2015-01-01 16:30:00;909402N262;0;3.616;27;231;230;234;230;0.000;49.98;227.6;0.000;208.4;0.000;226.4;0.000;50;0;0;0.000;0.000;0.000;0;0;0;49.98;49.98;49.98;956;1000;0.0;0;1.0000;0;2;3616;3616;3616
60;2015-01-01 16:31:00;909402N262;0;3.616;27;231;230;234;229;0.000;50.00;231.2;0.000;196.8;0.000;223.6;0.000;50;0;0;0.000;0.000;0.000;0;0;0;50.00;50.00;50.00;956;1000;0.0;0;1.0000;0;2;3616;3616;3616
60;2015-01-01 16:32:00;909402N262;0;3.616;27;231;230;234;229;0.000;50.00;230.0;0.000;184.8;0.000;216.2;0.000;50;0;0;0.000;0.000;0.000;0;0;0;50.00;50.00;50.00;956;1000;0.0;0;1.0000;0;2;3616;3616;3616
60;2015-01-01 16:33:00;909402N262;0;3.616;27;231;231;234;229;0.000;49.99;227.4;0.000;174.0;0.000;208.4;0.000;50;0;0;0.000;0.000;0.000;0;0;0;49.99;49.99;49.99;956;1000;0.0;0;1.0000;0;2;3616;3616;3616
60;2015-01-01 16:34:00;909402N262;0;3.616;26;231;231;234;229;0.000;50.01;229.3;0.000;165.3;0.000;201.2;0.000;50;0;0;0.000;0.000;0.000;0;0;0;50.01;50.01;50.01;956;1000;0.0;0;1.0000;0;2;3616;3616;3616
60;2015-01-01 16:35:00;909402N262;0;3.616;26;232;231;234;230;0.000;50.01;229.2;0.000;158.0;0.000;194.7;0.000;50;0;0;0.000;0.000;0.000;0;0;0;50.01;50.01;50.01;956;1000;0.0;0;1.0000;0;2;3616;3616;3616
60;2015-01-01 16:36:00;909402N262;0;3.616;26;231;230;234;230;0.000;50.01;227.7;0.000;150.2;0.000;187.8;0.000;50;0;0;0.000;0.000;0.000;0;0;0;50.01;50.01;50.01;956;1000;0.0;0;1.0000;0;2;3616;3616;3616
60;2015-01-01 16:37:00;909402N262;0;3.616;26;231;230;234;230;0.000;50.00;227.7;0.000;141.0;0.000;180.1;0.000;50;0;0;0.000;0.000;0.000;0;0;0;50.00;50.00;50.00;956;1000;0.0;0;1.0000;0;2;3616;3616;3616
60;2015-01-01 16:38:00;909402N262;0;3.616;26;231;230;233;230;0.000;50.00;228.3;0.000;130.1;0.000;170.8;0.000;50;0;0;0.000;0.000;0.000;0;0;0;50.00;50.00;50.00;956;1000;0.0;0;1.0000;0;2;3616;3616;3616
60;2015-01-01 16:39:00;909402N262;0;3.616;26;231;230;233;230;0.000;50.00;228.0;0.000;118.4;0.000;161.0;0.000;50;0;0;0.000;0.000;0.000;0;0;0;50.00;50.00;50.00;956;1000;0.0;0;1.0000;0;2;3616;3616;3616
60;2015-01-01 16:40:00;909402N262;0;3.616;26;231;230;233;229;0.000;49.99;228.3;0.000;106.8;0.000;151.1;0.000;50;0;0;0.000;0.000;0.000;0;0;0;49.99;49.99;49.99;956;1000;0.0;0;1.0000;0;2;3616;3616;3616
60;2015-01-01 16:41:00;909402N262;0;3.616;26;232;231;235;231;0.000;49.99;226.3;0.000;95.5;0.000;141.8;0.000;50;0;0;0.000;0.000;0.000;0;0;0;49.99;49.99;49.99;956;1000;0.0;0;1.0000;0;2;3616;3616;3616
60;2015-01-01 16:42:00;909402N262;0;3.616;26;233;233;235;232;0.000;49.98;228.1;0.000;85.3;0.000;133.4;0.000;50;0;0;0.000;0.000;0.000;0;0;0;49.98;49.98;49.98;956;1000;0.0;0;1.0000;0;2;3616;3616;3616
60;2015-01-01 16:43:00;909402N262;0;3.616;26;233;233;236;231;0.000;49.99;227.6;0.000;76.2;0.000;125.4;0.000;50;0;0;0.000;0.000;0.000;0;0;0;49.99;49.99;49.99;956;1000;0.0;0;1.0000;0;2;3616;3616;3616
60;2015-01-01 16:44:00;909402N262;0;3.616;26;233;233;236;231;0.000;49.97;227.5;0.000;68.1;0.000;118.2;0.000;50;0;0;0.000;0.000;0.000;0;0;0;49.97;49.97;49.97;956;1000;0.0;0;1.0000;0;2;3616;3616;3616
60;2015-01-01 16:45:00;909402N262;0;3.616;26;233;233;235;232;0.000;49.98;228.0;0.000;61.0;0.000;112.2;0.000;50;0;0;0.000;0.000;0.000;0;0;0;49.98;49.98;49.98;956;1000;0.0;0;1.0000;0;2;3616;3616;3616
60;2015-01-01 16:46:00;909402N262;0;3.616;26;233;233;235;231;0.000;49.98;227.3;0.000;54.1;0.000;106.6;0.000;50;0;0;0.000;0.000;0.000;0;0;0;49.98;49.98;49.98;956;1000;0.0;0;1.0000;0;2;3616;3616;3616
60;2015-01-01 16:47:00;909402N262;0;3.616;26;233;232;235;232;0.000;49.99;224.9;0.000;47.6;0.000;101.1;0.000;50;0;0;0.000;0.000;0.000;0;0;0;49.99;49.99;49.99;956;1000;0.0;0;1.0000;0;2;3616;3616;3616
60;2015-01-01 16:48:00;909402N262;0;3.616;25;233;232;234;231;0.000;49.99;225.7;0.000;42.2;0.000;96.7;0.000;50;0;0;0.000;0.000;0.000;0;0;0;49.99;49.99;49.99;956;1000;0.0;0;1.0000;0;2;3616;3616;3616
60;2015-01-01 16:49:00;909402N262;0;3.616;25;233;232;234;232;0.000;49.98;216.9;0.000;37.0;0.000;91.8;0.000;50;0;0;0.000;0.000;0.000;0;0;0;49.98;49.98;49.98;956;1000;0.0;0;1.0000;0;2;3616;3616;3616
[wr_ende]
