20140601;080004;danfoss;My Plant;+0100
[wr_def_start]
909402N262;Inverter Type;Inverter Group;Hanzl
[wr_def_end]
[wr]
INTERVAL;TIMESTAMP;SERIAL;P_AC;E_DAY;T_WR;U_AC;U_AC_1;U_AC_2;U_AC_3;I_AC;F_AC;U_DC_1;I_DC_1;U_DC_2;I_DC_2;U_DC_3;I_DC_3;S;E_WR;M_WR;I_AC_1;I_AC_2;I_AC_3;P_AC_1;P_AC_2;P_AC_3;F_AC_1;F_AC_2;F_AC_3;R_DC;PC;PCS;PCS_LL;COS_PHI;COS_PHI_LL;S_COS_PHI;Current_Day_Energy;current_Day_Offset;ccEnergyOfDay_WithoutOffset
60;2014-06-01 07:01:00;909402N262;917;0.669;30;236;236;236;237;1.438;50.01;568.9;0.656;640.2;0.425;777.6;0.361;60;0;0;1.412;1.457;1.446;298;310;307;50.01;50.01;50.01;10742;1000;0.0;0;0.0000;0;0;669;669;669
60;2014-06-01 07:02:00;909402N262;899;0.684;30;236;235;236;237;1.469;50.03;573.1;0.640;645.2;0.412;783.3;0.350;60;0;0;1.446;1.504;1.459;294;304;298;50.03;50.03;50.03;10742;1000;0.0;0;0.0000;0;0;684;684;684
60;2014-06-01 07:03:00;909402N262;876;0.699;30;236;235;236;236;1.454;50.03;573.8;0.625;645.0;0.401;781.9;0.339;60;0;0;1.435;1.485;1.443;287;297;290;50.03;50.03;50.03;10742;1000;0.0;0;0.0000;0;0;699;699;699
60;2014-06-01 07:04:00;909402N262;850;0.712;30;235;235;235;236;1.426;50.03;566.5;0.618;643.8;0.389;780.6;0.330;60;0;0;1.416;1.447;1.415;281;286;281;50.03;50.03;50.03;10742;1000;0.0;0;0.0000;0;0;712;712;712
60;2014-06-01 07:05:00;909402N262;826;0.726;30;235;235;235;236;1.379;50.03;557.6;0.613;643.6;0.376;779.0;0.320;60;0;0;1.356;1.436;1.345;270;286;267;50.03;50.03;50.03;10742;1000;0.0;0;0.0000;0;0;726;726;726
60;2014-06-01 07:06:00;909402N262;818;0.739;30;235;235;235;236;1.371;50.03;556.6;0.607;643.6;0.374;778.1;0.318;60;0;0;1.339;1.435;1.340;267;285;264;50.03;50.03;50.03;10742;1000;0.0;0;0.0000;0;0;739;739;739
60;2014-06-01 07:07:00;909402N262;822;0.754;31;235;236;235;236;1.380;50.03;557.9;0.605;645.0;0.377;778.3;0.320;60;0;0;1.353;1.436;1.353;268;284;268;50.03;50.03;50.03;10742;1000;0.0;0;0.0000;0;0;754;754;754
60;2014-06-01 07:08:00;909402N262;847;0.767;31;235;236;234;236;1.419;50.01;558.9;0.619;647.9;0.393;779.2;0.327;60;0;0;1.399;1.451;1.407;279;286;280;50.01;50.01;50.01;10742;1000;0.0;0;0.0000;0;0;767;767;767
60;2014-06-01 07:09:00;909402N262;893;0.781;31;235;236;234;235;1.472;50.01;559.9;0.647;650.2;0.417;779.9;0.344;60;0;0;1.473;1.487;1.457;297;300;294;50.01;50.01;50.01;10742;1000;0.0;0;0.0000;0;0;781;781;781
60;2014-06-01 07:10:00;909402N262;942;0.799;31;235;236;234;236;1.505;50.01;560.2;0.678;652.1;0.436;783.9;0.364;60;0;0;1.492;1.523;1.502;311;317;311;50.01;50.01;50.01;10742;1000;0.0;0;0.0000;0;0;799;799;799
60;2014-06-01 07:11:00;909402N262;971;0.814;31;235;236;234;235;1.538;50.01;561.1;0.698;652.3;0.448;784.7;0.377;60;0;0;1.509;1.569;1.536;318;330;322;50.01;50.01;50.01;10742;1000;0.0;0;0.0000;0;0;814;814;814
60;2014-06-01 07:12:00;909402N262;978;0.830;31;235;236;234;235;1.548;50.01;563.8;0.701;652.5;0.448;786.2;0.381;60;0;0;1.512;1.590;1.543;319;335;323;50.01;50.01;50.01;10742;1000;0.0;0;0.0000;0;0;830;830;830
60;2014-06-01 07:13:00;909402N262;982;0.848;31;235;236;235;235;1.551;50.01;574.7;0.692;652.3;0.446;787.0;0.382;60;0;0;1.521;1.585;1.547;321;335;324;50.01;50.01;50.01;10742;1000;0.0;0;0.0000;0;0;848;848;848
60;2014-06-01 07:14:00;909402N262;987;0.863;31;235;236;235;235;1.552;50.01;577.0;0.696;652.0;0.447;787.5;0.384;60;0;0;1.515;1.595;1.548;321;339;325;50.01;50.01;50.01;10742;1000;0.0;0;0.0000;0;0;863;863;863
60;2014-06-01 07:15:00;909402N262;989;0.880;31;235;236;235;235;1.556;50.01;576.8;0.698;651.9;0.446;787.1;0.386;60;0;0;1.525;1.597;1.548;322;340;325;50.01;50.01;50.01;10742;1000;0.0;0;0.0000;0;0;880;880;880
60;2014-06-01 07:16:00;909402N262;984;0.896;31;235;236;235;235;1.531;50.00;571.8;0.703;643.6;0.448;780.8;0.389;60;0;0;1.501;1.571;1.523;321;337;324;50.00;50.00;50.00;10742;1000;0.0;0;0.0000;0;0;896;896;896
60;2014-06-01 07:17:00;909402N262;1003;0.913;31;235;236;234;235;1.518;50.01;577.6;0.708;652.2;0.450;792.7;0.388;60;0;0;1.482;1.553;1.519;325;342;334;50.01;50.01;50.01;10742;1000;0.0;0;0.0000;0;0;913;913;913
60;2014-06-01 07:18:00;909402N262;1010;0.930;31;235;236;234;235;1.531;50.01;577.1;0.715;651.9;0.450;791.5;0.394;60;0;0;1.500;1.566;1.528;329;344;335;50.01;50.01;50.01;10742;1000;0.0;0;0.0000;0;0;930;930;930
60;2014-06-01 07:19:00;909402N262;1017;0.947;31;235;235;234;235;1.535;50.00;576.4;0.721;652.6;0.450;793.7;0.399;60;0;0;1.491;1.575;1.539;327;348;339;50.00;50.00;50.00;10742;1000;0.0;0;0.0000;0;0;947;947;947
60;2014-06-01 07:20:00;909402N262;1024;0.965;31;235;236;234;235;1.543;50.00;576.3;0.726;653.7;0.452;792.5;0.402;60;0;0;1.517;1.578;1.536;335;349;338;50.00;50.00;50.00;10742;1000;0.0;0;0.0000;0;0;965;965;965
60;2014-06-01 07:21:00;909402N262;1045;0.981;31;235;235;234;235;1.580;50.01;576.0;0.741;654.7;0.464;790.8;0.408;60;0;0;1.552;1.624;1.566;341;358;344;50.01;50.01;50.01;10742;1000;0.0;0;0.0000;0;0;981;981;981
60;2014-06-01 07:22:00;909402N262;1086;0.999;31;235;235;234;235;1.624;50.00;575.0;0.768;656.3;0.482;793.5;0.422;60;0;0;1.571;1.664;1.637;349;370;364;50.00;50.00;50.00;10742;1000;0.0;0;0.0000;0;0;999;999;999
60;2014-06-01 07:23:00;909402N262;1134;1.018;32;235;235;235;235;1.680;50.00;574.2;0.800;656.0;0.503;794.4;0.443;60;0;0;1.632;1.722;1.687;366;387;379;50.00;50.00;50.00;10742;1000;0.0;0;0.0000;0;0;1018;1018;1018
60;2014-06-01 07:24:00;909402N262;1172;1.038;32;235;235;235;235;1.729;50.01;573.5;0.831;656.7;0.518;795.0;0.457;60;0;0;1.689;1.765;1.733;381;398;391;50.01;50.01;50.01;10742;1000;0.0;0;0.0000;0;0;1038;1038;1038
60;2014-06-01 07:25:00;909402N262;1178;1.058;32;235;235;235;235;1.739;50.01;572.7;0.834;655.6;0.525;794.6;0.458;60;0;0;1.699;1.776;1.743;383;400;392;50.01;50.01;50.01;10742;1000;0.0;0;0.0000;0;0;1058;1058;1058
60;2014-06-01 07:26:00;909402N262;1205;1.078;32;235;235;235;235;1.775;50.01;573.6;0.849;656.2;0.542;795.3;0.466;60;0;0;1.730;1.811;1.785;392;408;403;50.01;50.01;50.01;10742;1000;0.0;0;0.0000;0;0;1078;1078;1078
60;2014-06-01 07:27:00;909402N262;1248;1.098;32;235;235;235;235;1.831;50.00;576.1;0.870;656.9;0.568;795.2;0.482;60;0;0;1.783;1.867;1.843;405;423;419;50.00;50.00;50.00;10742;1000;0.0;0;0.0000;0;0;1098;1098;1098
60;2014-06-01 07:28:00;909402N262;1281;1.120;32;235;235;235;235;1.880;50.01;578.8;0.885;657.6;0.587;795.0;0.494;60;0;0;1.818;1.924;1.898;412;436;431;50.01;50.01;50.01;10742;1000;0.0;0;0.0000;0;0;1120;1120;1120
60;2014-06-01 07:29:00;909402N262;1306;1.141;32;235;235;235;235;1.913;50.00;581.3;0.897;658.6;0.597;794.9;0.504;60;0;0;1.860;1.953;1.926;423;443;438;50.00;50.00;50.00;10742;1000;0.0;0;0.0000;0;0;1141;1141;1141
60;2014-06-01 07:30:00;909402N262;1327;1.165;32;235;235;235;235;1.944;50.00;582.7;0.908;659.5;0.605;794.8;0.515;60;0;0;1.894;1.979;1.961;430;449;446;50.00;50.00;50.00;10742;1000;0.0;0;0.0000;0;0;1165;1165;1165
60;2014-06-01 07:31:00;909402N262;1332;1.186;32;235;236;235;235;1.950;49.99;565.6;0.944;643.1;0.615;791.0;0.525;60;0;0;1.901;1.988;1.961;433;451;446;49.99;49.99;49.99;10742;1000;0.0;0;0.0000;0;0;1186;1186;1186
60;2014-06-01 07:32:00;909402N262;1365;1.209;32;235;235;235;234;2.020;50.01;580.2;0.941;657.4;0.613;795.3;0.537;60;0;0;1.973;2.063;2.026;444;464;455;50.01;50.01;50.01;10742;1000;0.0;0;0.0000;0;0;1209;1209;1209
60;2014-06-01 07:33:00;909402N262;1362;1.232;32;235;235;235;233;2.016;50.00;583.0;0.938;657.3;0.595;795.4;0.545;60;0;0;1.972;2.059;2.019;444;464;452;50.00;50.00;50.00;10742;1000;0.0;0;0.0000;0;0;1232;1232;1232
60;2014-06-01 07:34:00;909402N262;1328;1.254;32;235;235;235;234;1.967;50.01;581.0;0.926;656.1;0.570;795.5;0.535;60;0;0;1.923;2.014;1.966;432;453;441;50.01;50.01;50.01;10742;1000;0.0;0;0.0000;0;0;1254;1254;1254
60;2014-06-01 07:35:00;909402N262;1286;1.276;32;235;236;235;234;1.905;50.01;579.2;0.905;654.0;0.549;795.4;0.517;60;0;0;1.862;1.946;1.907;419;438;427;50.01;50.01;50.01;10742;1000;0.0;0;0.0000;0;0;1276;1276;1276
60;2014-06-01 07:36:00;909402N262;1248;1.297;32;234;236;234;234;1.856;50.01;577.7;0.886;652.6;0.534;795.3;0.498;60;0;0;1.812;1.892;1.864;407;422;417;50.01;50.01;50.01;10742;1000;0.0;0;0.0000;0;0;1297;1297;1297
60;2014-06-01 07:37:00;909402N262;1227;1.317;32;234;235;234;234;1.824;49.99;576.3;0.875;652.2;0.527;795.1;0.488;60;0;0;1.780;1.866;1.828;399;417;409;49.99;49.99;49.99;10742;1000;0.0;0;0.0000;0;0;1317;1317;1317
60;2014-06-01 07:38:00;909402N262;1230;1.338;33;234;235;234;234;1.832;50.00;575.3;0.877;652.3;0.531;795.1;0.488;60;0;0;1.793;1.866;1.837;402;416;410;50.00;50.00;50.00;10742;1000;0.0;0;0.0000;0;0;1338;1338;1338
60;2014-06-01 07:39:00;909402N262;1246;1.358;33;234;235;233;234;1.855;49.99;574.3;0.886;653.0;0.542;795.3;0.492;60;0;0;1.818;1.886;1.862;407;421;416;49.99;49.99;49.99;10742;1000;0.0;0;0.0000;0;0;1358;1358;1358
60;2014-06-01 07:40:00;909402N262;1285;1.380;33;234;235;234;234;1.913;50.00;574.2;0.908;655.4;0.566;795.2;0.505;60;0;0;1.879;1.944;1.917;421;434;428;50.00;50.00;50.00;10742;1000;0.0;0;0.0000;0;0;1380;1380;1380
60;2014-06-01 07:41:00;909402N262;1351;1.402;33;234;235;234;234;2.007;50.01;575.7;0.944;657.7;0.606;795.4;0.528;60;0;0;1.970;2.039;2.012;443;456;450;50.01;50.01;50.01;10742;1000;0.0;0;0.0000;0;0;1402;1402;1402
60;2014-06-01 07:42:00;909402N262;1443;1.426;33;234;236;234;234;2.130;50.01;577.4;0.996;659.7;0.657;795.3;0.558;60;0;0;2.095;2.163;2.134;474;486;481;50.01;50.01;50.01;10742;1000;0.0;0;0.0000;0;0;1426;1426;1426
60;2014-06-01 07:43:00;909402N262;1536;1.452;33;234;235;234;234;2.264;50.00;579.2;1.049;660.9;0.706;795.2;0.593;60;0;0;2.234;2.292;2.268;506;517;512;50.00;50.00;50.00;10742;1000;0.0;0;0.0000;0;0;1452;1452;1452
60;2014-06-01 07:44:00;909402N262;1615;1.479;33;234;235;233;233;2.378;49.99;580.8;1.095;661.6;0.744;794.8;0.627;60;0;0;2.342;2.414;2.378;533;544;537;49.99;49.99;49.99;10742;1000;0.0;0;0.0000;0;0;1479;1479;1479
60;2014-06-01 07:45:00;909402N262;1666;1.507;33;234;235;233;234;2.446;50.00;581.9;1.126;661.9;0.765;795.2;0.649;60;0;0;2.412;2.474;2.453;549;559;556;50.00;50.00;50.00;10742;1000;0.0;0;0.0000;0;0;1507;1507;1507
60;2014-06-01 07:46:00;909402N262;1673;1.534;33;234;236;233;234;2.451;50.01;574.2;1.146;653.0;0.774;794.6;0.660;60;0;0;2.420;2.472;2.463;553;559;560;50.01;50.01;50.01;10742;1000;0.0;0;0.0000;0;0;1534;1534;1534
60;2014-06-01 07:47:00;909402N262;1699;1.563;33;234;236;233;234;2.493;50.00;581.8;1.153;662.2;0.776;794.9;0.665;60;0;0;2.463;2.518;2.500;561;569;567;50.00;50.00;50.00;10742;1000;0.0;0;0.0000;0;0;1563;1563;1563
60;2014-06-01 07:48:00;909402N262;1704;1.591;33;234;236;233;234;2.502;49.99;581.6;1.159;662.1;0.776;794.9;0.667;60;0;0;2.473;2.528;2.507;564;571;569;49.99;49.99;49.99;10742;1000;0.0;0;0.0000;0;0;1591;1591;1591
60;2014-06-01 07:49:00;909402N262;1710;1.620;33;234;236;233;234;2.507;50.00;581.4;1.163;661.6;0.776;794.9;0.670;60;0;0;2.478;2.534;2.511;565;572;570;50.00;50.00;50.00;10742;1000;0.0;0;0.0000;0;0;1620;1620;1620
60;2014-06-01 07:50:00;909402N262;1710;1.648;33;234;236;233;234;2.508;50.00;581.0;1.166;661.1;0.775;795.0;0.671;60;0;0;2.475;2.538;2.512;566;574;569;50.00;50.00;50.00;10742;1000;0.0;0;0.0000;0;0;1648;1648;1648
60;2014-06-01 07:51:00;909402N262;1708;1.677;33;234;236;234;234;2.504;50.00;580.9;1.167;660.9;0.774;794.9;0.671;60;0;0;2.470;2.539;2.505;564;576;568;50.00;50.00;50.00;10742;1000;0.0;0;0.0000;0;0;1677;1677;1677
60;2014-06-01 07:52:00;909402N262;1706;1.704;33;234;236;234;234;2.502;49.99;580.6;1.166;661.1;0.771;794.9;0.670;60;0;0;2.473;2.532;2.502;564;573;567;49.99;49.99;49.99;10742;1000;0.0;0;0.0000;0;0;1704;1704;1704
60;2014-06-01 07:53:00;909402N262;1705;1.734;33;234;236;233;234;2.501;49.99;580.1;1.167;660.8;0.771;794.8;0.670;60;0;0;2.470;2.533;2.501;563;573;567;49.99;49.99;49.99;10742;1000;0.0;0;0.0000;0;0;1734;1734;1734
60;2014-06-01 07:54:00;909402N262;1706;1.761;34;234;236;233;234;2.505;49.99;579.4;1.168;660.4;0.771;794.8;0.671;60;0;0;2.472;2.537;2.506;563;573;568;49.99;49.99;49.99;10742;1000;0.0;0;0.0000;0;0;1761;1761;1761
60;2014-06-01 07:55:00;909402N262;1704;1.791;34;234;235;234;234;2.500;50.00;578.5;1.168;660.0;0.768;794.7;0.672;60;0;0;2.462;2.540;2.498;560;575;567;50.00;50.00;50.00;10742;1000;0.0;0;0.0000;0;0;1791;1791;1791
60;2014-06-01 07:56:00;909402N262;1700;1.819;34;234;235;234;234;2.493;50.00;577.2;1.169;659.7;0.765;795.0;0.671;60;0;0;2.454;2.536;2.491;558;574;565;50.00;50.00;50.00;10742;1000;0.0;0;0.0000;0;0;1819;1819;1819
60;2014-06-01 07:57:00;909402N262;1697;1.846;34;234;235;234;234;2.490;49.99;575.9;1.173;659.6;0.761;794.8;0.670;60;0;0;2.448;2.529;2.495;557;573;565;49.99;49.99;49.99;10742;1000;0.0;0;0.0000;0;0;1846;1846;1846
60;2014-06-01 07:58:00;909402N262;1699;1.875;34;234;235;234;234;2.493;50.01;574.8;1.180;659.9;0.760;794.8;0.671;60;0;0;2.450;2.538;2.493;557;575;566;50.01;50.01;50.01;10742;1000;0.0;0;0.0000;0;0;1875;1875;1875
60;2014-06-01 07:59:00;909402N262;1712;1.903;34;235;236;235;234;2.505;50.01;574.0;1.194;660.4;0.763;794.7;0.675;60;0;0;2.462;2.549;2.506;561;580;569;50.01;50.01;50.01;10742;1000;0.0;0;0.0000;0;0;1903;1903;1903
60;2014-06-01 08:00:00;909402N262;1735;1.932;34;235;236;235;234;2.537;50.03;572.9;1.212;660.4;0.771;795.0;0.686;60;0;0;2.490;2.586;2.535;568;588;575;50.03;50.03;50.03;10742;1000;0.0;0;0.0000;0;0;1932;1932;1932
[wr_ende]
