20140223;080002;danfoss;My Plant;+0100
[wr_def_start]
909402N262;Inverter Type;Inverter Group;Hanzl
[wr_def_end]
[wr]
INTERVAL;TIMESTAMP;SERIAL;P_AC;E_DAY;T_WR;U_AC;U_AC_1;U_AC_2;U_AC_3;I_AC;F_AC;U_DC_1;I_DC_1;U_DC_2;I_DC_2;U_DC_3;I_DC_3;S;E_WR;M_WR;I_AC_1;I_AC_2;I_AC_3;P_AC_1;P_AC_2;P_AC_3;F_AC_1;F_AC_2;F_AC_3;R_DC;PC;PCS;PCS_LL;COS_PHI;COS_PHI_LL;S_COS_PHI;Current_Day_Energy;current_Day_Offset;ccEnergyOfDay_WithoutOffset
60;2014-02-23 07:01:00;909402N262;0;0.000;18;235;234;236;234;0.000;50.02;243.6;0.000;243.0;0.000;243.7;0.000;50;0;0;0.000;0.000;0.000;0;0;0;50.02;50.02;50.02;0;1000;0.0;0;0.0000;0;0;0;0;0
60;2014-02-23 07:02:00;909402N262;0;0.000;18;235;234;236;234;0.000;50.03;249.5;0.000;249.0;0.000;249.5;0.000;50;0;0;0.000;0.000;0.000;0;0;0;50.03;50.03;50.03;0;1000;0.0;0;0.0000;0;0;0;0;0
60;2014-02-23 07:03:00;909402N262;0;0.000;18;234;234;236;233;0.000;50.04;263.8;0.000;263.3;0.000;263.5;0.000;50;0;0;0.000;0.000;0.000;0;0;0;50.04;50.04;50.04;0;1000;0.0;0;0.0000;0;0;0;0;0
60;2014-02-23 07:04:00;909402N262;0;0.000;18;234;234;236;233;0.000;50.02;254.8;0.000;254.6;0.000;254.6;0.000;50;0;0;0.000;0.000;0.000;0;0;0;50.02;50.02;50.02;0;1000;0.0;0;0.0000;0;0;0;0;0
60;2014-02-23 07:05:00;909402N262;0;0.000;18;234;234;236;233;0.000;50.01;255.4;0.000;255.0;0.000;255.2;0.000;50;0;0;0.000;0.000;0.000;0;0;0;50.01;50.01;50.01;0;1000;0.0;0;0.0000;0;0;0;0;0
60;2014-02-23 07:06:00;909402N262;0;0.000;18;234;234;236;233;0.006;50.03;395.8;0.000;380.1;0.000;410.2;0.000;51;0;0;0.007;0.006;0.007;0;0;0;50.03;50.03;50.03;0;1000;0.0;0;0.0000;0;0;0;0;0
60;2014-02-23 07:07:00;909402N262;0;0.000;18;234;233;236;233;0.003;50.02;438.5;0.007;416.8;0.001;486.4;0.001;51;0;0;0.007;0.001;0.003;0;0;0;50.02;50.02;50.02;29851;1000;0.0;0;0.0000;0;0;0;0;0
60;2014-02-23 07:08:00;909402N262;0;0.000;18;234;233;234;234;0.003;50.01;382.6;0.013;343.1;0.002;395.8;0.002;60;0;0;0.001;0.007;0.001;0;0;0;50.01;50.01;50.01;31510;1000;0.0;0;0.0000;0;0;0;0;0
60;2014-02-23 07:09:00;909402N262;2;0.000;18;234;233;235;233;0.026;50.01;406.0;0.015;380.8;0.003;465.3;0.003;60;0;0;0.018;0.054;0.007;1;1;0;50.01;50.01;50.01;31510;1000;0.0;0;0.0000;0;0;0;0;0
60;2014-02-23 07:10:00;909402N262;4;0.000;18;234;234;234;233;0.035;50.01;414.2;0.016;421.7;0.004;514.2;0.003;60;0;0;0.025;0.068;0.014;2;1;1;50.01;50.01;50.01;31510;1000;0.0;0;0.0000;0;0;0;0;0
60;2014-02-23 07:11:00;909402N262;6;0.000;18;234;233;234;233;0.044;50.00;430.8;0.018;449.8;0.005;535.0;0.006;60;0;0;0.028;0.086;0.018;2;2;2;50.00;50.00;50.00;31510;1000;0.0;0;0.0000;0;0;0;0;0
60;2014-02-23 07:12:00;909402N262;7;0.000;18;234;233;234;233;0.048;50.01;430.7;0.019;453.3;0.004;547.1;0.006;60;0;0;0.038;0.076;0.031;3;2;3;50.01;50.01;50.01;31510;1000;0.0;0;0.0000;0;0;0;0;0
60;2014-02-23 07:13:00;909402N262;5;0.000;18;234;234;234;233;0.046;50.03;429.5;0.019;334.2;0.008;403.7;0.007;60;0;0;0.044;0.073;0.021;2;2;2;50.03;50.03;50.03;31510;1000;0.0;0;0.0000;0;0;0;0;0
60;2014-02-23 07:14:00;909402N262;7;0.000;18;234;234;234;233;0.067;50.01;436.3;0.019;357.8;0.008;423.2;0.007;60;0;0;0.055;0.109;0.038;2;3;4;50.01;50.01;50.01;31510;1000;0.0;0;0.0000;0;0;0;0;0
60;2014-02-23 07:15:00;909402N262;9;0.000;18;233;233;234;233;0.057;50.01;444.6;0.022;390.2;0.009;495.4;0.007;60;0;0;0.041;0.092;0.039;2;3;5;50.01;50.01;50.01;31510;1000;0.0;0;0.0000;0;0;0;0;0
60;2014-02-23 07:16:00;909402N262;10;0.000;18;233;234;234;233;0.055;50.01;440.2;0.022;386.1;0.009;524.8;0.007;60;0;0;0.051;0.087;0.027;3;5;2;50.01;50.01;50.01;31510;1000;0.0;0;0.0000;0;0;0;0;0
60;2014-02-23 07:17:00;909402N262;10;0.000;19;234;233;234;233;0.063;50.02;447.9;0.022;400.8;0.009;520.3;0.007;60;0;0;0.056;0.084;0.051;4;3;4;50.02;50.02;50.02;31510;1000;0.0;0;0.0000;0;0;0;0;0
60;2014-02-23 07:18:00;909402N262;12;0.000;19;233;233;234;233;0.089;50.01;446.3;0.023;402.0;0.010;517.9;0.009;60;0;0;0.061;0.121;0.085;5;3;7;50.01;50.01;50.01;31510;1000;0.0;0;0.0000;0;0;0;0;0
60;2014-02-23 07:19:00;909402N262;14;0.000;19;233;233;234;233;0.083;50.01;433.2;0.026;381.2;0.012;525.5;0.011;60;0;0;0.056;0.121;0.073;4;5;5;50.01;50.01;50.01;31510;1000;0.0;0;0.0000;0;0;0;0;0
60;2014-02-23 07:20:00;909402N262;16;0.000;19;234;234;234;233;0.086;50.01;439.6;0.027;424.0;0.011;539.3;0.011;60;0;0;0.062;0.153;0.044;4;7;3;50.01;50.01;50.01;31510;1000;0.0;0;0.0000;0;0;0;0;0
60;2014-02-23 07:21:00;909402N262;15;0.000;19;233;234;234;232;0.089;50.01;437.7;0.027;397.0;0.012;530.8;0.011;60;0;0;0.079;0.176;0.012;5;8;1;50.01;50.01;50.01;31510;1000;0.0;0;0.0000;0;0;0;0;0
60;2014-02-23 07:22:00;909402N262;15;0.000;19;233;233;234;232;0.107;50.01;440.6;0.027;411.4;0.012;536.2;0.011;60;0;0;0.107;0.176;0.040;7;5;4;50.01;50.01;50.01;31510;1000;0.0;0;0.0000;0;0;0;0;0
60;2014-02-23 07:23:00;909402N262;17;0.002;19;233;233;234;232;0.093;50.01;441.7;0.029;426.1;0.014;532.2;0.011;60;0;0;0.100;0.118;0.061;5;6;6;50.01;50.01;50.01;31510;1000;0.0;0;0.0000;0;0;2;2;2
60;2014-02-23 07:24:00;909402N262;20;0.003;19;233;234;232;233;0.101;50.01;446.0;0.031;454.1;0.014;533.2;0.013;60;0;0;0.152;0.102;0.049;3;13;2;50.01;50.01;50.01;31510;1000;0.0;0;0.0000;0;0;3;3;3
60;2014-02-23 07:25:00;909402N262;23;0.003;19;233;234;232;233;0.114;50.00;457.0;0.033;468.2;0.016;571.9;0.015;60;0;0;0.149;0.113;0.080;3;15;5;50.00;50.00;50.00;31510;1000;0.0;0;0.0000;0;0;3;3;3
60;2014-02-23 07:26:00;909402N262;27;0.003;19;233;234;232;233;0.130;50.00;460.6;0.035;468.9;0.019;602.0;0.015;60;0;0;0.173;0.140;0.078;4;18;3;50.00;50.00;50.00;31510;1000;0.0;0;0.0000;0;0;3;3;3
60;2014-02-23 07:27:00;909402N262;28;0.003;19;233;234;231;233;0.126;50.01;467.3;0.035;476.1;0.019;594.9;0.015;60;0;0;0.162;0.107;0.110;6;15;7;50.01;50.01;50.01;31510;1000;0.0;0;0.0000;0;0;3;3;3
60;2014-02-23 07:28:00;909402N262;32;0.004;19;233;234;231;233;0.130;50.02;473.3;0.038;496.8;0.019;566.3;0.019;60;0;0;0.172;0.114;0.104;8;15;7;50.02;50.02;50.02;31510;1000;0.0;0;0.0000;0;0;4;4;4
60;2014-02-23 07:29:00;909402N262;35;0.004;19;233;234;232;233;0.137;49.99;473.0;0.040;507.5;0.019;592.1;0.022;60;0;0;0.157;0.124;0.131;6;16;12;49.99;49.99;49.99;31510;1000;0.0;0;0.0000;0;0;4;4;4
60;2014-02-23 07:30:00;909402N262;39;0.004;19;233;234;232;233;0.171;50.00;474.3;0.043;479.0;0.023;602.8;0.023;60;0;0;0.225;0.150;0.140;7;21;10;50.00;50.00;50.00;31510;1000;0.0;0;0.0000;0;0;4;4;4
60;2014-02-23 07:31:00;909402N262;43;0.005;19;234;235;233;233;0.174;50.00;461.6;0.048;488.1;0.025;602.4;0.025;60;0;0;0.253;0.200;0.070;13;26;4;50.00;50.00;50.00;31510;1000;0.0;0;0.0000;0;0;5;5;5
60;2014-02-23 07:32:00;909402N262;49;0.007;19;234;235;233;233;0.183;50.00;487.2;0.050;483.1;0.029;637.1;0.027;60;0;0;0.264;0.227;0.059;14;30;4;50.00;50.00;50.00;31510;1000;0.0;0;0.0000;0;0;7;7;7
60;2014-02-23 07:33:00;909402N262;53;0.008;19;234;234;233;234;0.181;49.99;483.3;0.053;494.0;0.031;619.3;0.029;60;0;0;0.202;0.184;0.157;12;24;15;49.99;49.99;49.99;31510;1000;0.0;0;0.0000;0;0;8;8;8
60;2014-02-23 07:34:00;909402N262;55;0.008;19;233;234;233;234;0.166;49.99;482.4;0.056;495.5;0.031;605.2;0.031;60;0;0;0.128;0.179;0.192;12;22;19;49.99;49.99;49.99;31510;1000;0.0;0;0.0000;0;0;8;8;8
60;2014-02-23 07:35:00;909402N262;60;0.010;19;234;234;233;234;0.193;49.98;490.9;0.058;506.2;0.033;630.3;0.031;60;0;0;0.162;0.180;0.238;12;23;23;49.98;49.98;49.98;31510;1000;0.0;0;0.0000;0;0;10;10;10
60;2014-02-23 07:36:00;909402N262;66;0.011;19;234;234;233;234;0.217;49.98;499.6;0.063;517.7;0.036;633.1;0.035;60;0;0;0.199;0.237;0.217;15;30;20;49.98;49.98;49.98;31510;1000;0.0;0;0.0000;0;0;11;11;11
60;2014-02-23 07:37:00;909402N262;70;0.012;20;234;234;234;233;0.235;49.97;496.3;0.067;509.4;0.039;645.8;0.038;60;0;0;0.225;0.323;0.158;16;33;20;49.97;49.97;49.97;31510;1000;0.0;0;0.0000;0;0;12;12;12
60;2014-02-23 07:38:00;909402N262;75;0.013;20;234;234;234;233;0.239;49.98;505.3;0.070;513.4;0.041;637.4;0.040;60;0;0;0.198;0.357;0.164;15;39;21;49.98;49.98;49.98;31510;1000;0.0;0;0.0000;0;0;13;13;13
60;2014-02-23 07:39:00;909402N262;80;0.014;20;234;234;235;233;0.274;49.98;500.3;0.074;522.8;0.042;644.4;0.041;60;0;0;0.211;0.410;0.202;13;38;27;49.98;49.98;49.98;31510;1000;0.0;0;0.0000;0;0;14;14;14
60;2014-02-23 07:40:00;909402N262;81;0.017;20;234;234;235;233;0.272;49.98;500.3;0.076;530.3;0.042;649.3;0.042;60;0;0;0.212;0.408;0.198;16;37;26;49.98;49.98;49.98;31510;1000;0.0;0;0.0000;0;0;17;17;17
60;2014-02-23 07:41:00;909402N262;85;0.017;20;234;234;233;234;0.221;49.99;503.4;0.078;544.0;0.042;664.3;0.042;60;0;0;0.202;0.260;0.201;26;35;22;49.99;49.99;49.99;31510;1000;0.0;0;0.0000;0;0;17;17;17
60;2014-02-23 07:42:00;909402N262;87;0.019;20;234;233;233;235;0.211;49.98;507.6;0.078;531.1;0.045;670.9;0.042;60;0;0;0.206;0.229;0.200;29;33;23;49.98;49.98;49.98;31510;1000;0.0;0;0.0000;0;0;19;19;19
60;2014-02-23 07:43:00;909402N262;91;0.020;20;234;233;233;235;0.267;49.98;510.8;0.081;531.3;0.048;658.1;0.045;60;0;0;0.234;0.298;0.271;32;36;22;49.98;49.98;49.98;31510;1000;0.0;0;0.0000;0;0;20;20;20
60;2014-02-23 07:44:00;909402N262;98;0.022;20;233;233;233;235;0.226;49.97;507.8;0.086;535.3;0.050;671.1;0.047;60;0;0;0.218;0.247;0.213;33;35;28;49.97;49.97;49.97;31510;1000;0.0;0;0.0000;0;0;22;22;22
60;2014-02-23 07:45:00;909402N262;96;0.024;20;234;233;234;235;0.247;49.99;506.6;0.085;533.7;0.050;664.1;0.046;60;0;0;0.237;0.287;0.217;34;36;24;49.99;49.99;49.99;31510;1000;0.0;0;0.0000;0;0;24;24;24
60;2014-02-23 07:46:00;909402N262;95;0.025;20;234;233;234;235;0.244;50.00;501.2;0.086;525.3;0.050;653.8;0.047;60;0;0;0.221;0.275;0.237;32;35;27;50.00;50.00;50.00;31510;1000;0.0;0;0.0000;0;0;25;25;25
60;2014-02-23 07:47:00;909402N262;101;0.027;20;234;233;233;235;0.248;50.00;510.9;0.089;540.8;0.050;671.1;0.049;60;0;0;0.237;0.262;0.246;34;38;26;50.00;50.00;50.00;31510;1000;0.0;0;0.0000;0;0;27;27;27
60;2014-02-23 07:48:00;909402N262;102;0.028;20;234;233;233;235;0.308;50.00;515.3;0.089;546.0;0.052;658.3;0.050;60;0;0;0.285;0.300;0.341;39;39;22;50.00;50.00;50.00;31510;1000;0.0;0;0.0000;0;0;28;28;28
60;2014-02-23 07:49:00;909402N262;101;0.030;21;234;233;232;235;0.274;49.99;514.2;0.089;541.8;0.050;662.3;0.049;60;0;0;0.249;0.274;0.300;35;37;26;49.99;49.99;49.99;31510;1000;0.0;0;0.0000;0;0;30;30;30
60;2014-02-23 07:50:00;909402N262;96;0.032;21;234;234;232;235;0.260;50.00;507.5;0.086;532.1;0.050;665.3;0.046;60;0;0;0.234;0.290;0.256;33;39;23;50.00;50.00;50.00;31510;1000;0.0;0;0.0000;0;0;32;32;32
60;2014-02-23 07:51:00;909402N262;91;0.033;21;234;234;233;235;0.291;50.00;509.6;0.083;527.9;0.047;653.3;0.045;60;0;0;0.247;0.301;0.327;31;39;19;50.00;50.00;50.00;31510;1000;0.0;0;0.0000;0;0;33;33;33
60;2014-02-23 07:52:00;909402N262;87;0.034;21;234;233;233;235;0.237;49.99;508.9;0.078;542.6;0.042;664.6;0.042;60;0;0;0.212;0.247;0.253;29;33;22;49.99;49.99;49.99;31510;1000;0.0;0;0.0000;0;0;34;34;34
60;2014-02-23 07:53:00;909402N262;85;0.037;21;234;233;232;235;0.247;49.99;504.8;0.078;544.5;0.042;660.2;0.042;60;0;0;0.228;0.239;0.274;30;31;22;49.99;49.99;49.99;31510;1000;0.0;0;0.0000;0;0;37;37;37
60;2014-02-23 07:54:00;909402N262;90;0.037;21;233;234;232;235;0.277;49.98;510.6;0.081;532.9;0.047;652.7;0.045;60;0;0;0.244;0.275;0.312;28;36;24;49.98;49.98;49.98;31510;1000;0.0;0;0.0000;0;0;37;37;37
60;2014-02-23 07:55:00;909402N262;94;0.040;21;233;234;232;235;0.275;49.98;506.3;0.085;535.3;0.050;654.2;0.046;60;0;0;0.230;0.280;0.317;29;37;27;49.98;49.98;49.98;31510;1000;0.0;0;0.0000;0;0;40;40;40
60;2014-02-23 07:56:00;909402N262;96;0.040;21;233;233;232;235;0.257;49.98;506.9;0.086;532.0;0.050;664.3;0.046;60;0;0;0.231;0.254;0.286;33;35;27;49.98;49.98;49.98;31510;1000;0.0;0;0.0000;0;0;40;40;40
60;2014-02-23 07:57:00;909402N262;96;0.043;21;233;233;231;235;0.260;49.97;506.4;0.086;533.0;0.050;661.8;0.046;60;0;0;0.239;0.233;0.308;33;32;29;49.97;49.97;49.97;31510;1000;0.0;0;0.0000;0;0;43;43;43
60;2014-02-23 07:58:00;909402N262;94;0.044;21;233;233;231;235;0.295;49.98;505.3;0.085;535.2;0.049;650.2;0.046;60;0;0;0.249;0.274;0.364;31;36;25;49.98;49.98;49.98;31510;1000;0.0;0;0.0000;0;0;44;44;44
60;2014-02-23 07:59:00;909402N262;94;0.046;22;233;233;232;235;0.297;49.99;505.5;0.085;534.6;0.049;652.0;0.046;60;0;0;0.257;0.272;0.362;30;35;26;49.99;49.99;49.99;31510;1000;0.0;0;0.0000;0;0;46;46;46
60;2014-02-23 08:00:00;909402N262;93;0.047;22;233;233;232;234;0.307;49.98;505.0;0.085;533.1;0.049;647.6;0.046;60;0;0;0.271;0.266;0.384;34;31;26;49.98;49.98;49.98;31510;1000;0.0;0;0.0000;0;0;47;47;47
[wr_ende]
