20140619;090000;danfoss;My Plant;+0100
[wr_def_start]
909402N262;Inverter Type;Inverter Group;Hanzl
[wr_def_end]
[wr]
INTERVAL;TIMESTAMP;SERIAL;P_AC;E_DAY;T_WR;U_AC;U_AC_1;U_AC_2;U_AC_3;I_AC;F_AC;U_DC_1;I_DC_1;U_DC_2;I_DC_2;U_DC_3;I_DC_3;S;E_WR;M_WR;I_AC_1;I_AC_2;I_AC_3;P_AC_1;P_AC_2;P_AC_3;F_AC_1;F_AC_2;F_AC_3;R_DC;PC;PCS;PCS_LL;COS_PHI;COS_PHI_LL;S_COS_PHI;Current_Day_Energy;current_Day_Offset;ccEnergyOfDay_WithoutOffset
60;2014-06-19 08:01:00;909402N262;1102;1.499;38;236;235;236;235;1.662;50.01;556.0;0.808;642.4;0.515;768.8;0.429;60;0;0;1.625;1.709;1.653;356;377;365;50.01;50.01;50.01;11111;1000;0.0;0;0.0000;0;0;1499;1499;1499
60;2014-06-19 08:02:00;909402N262;1059;1.517;38;235;235;236;235;1.619;50.01;555.5;0.775;645.9;0.506;777.0;0.401;60;0;0;1.578;1.672;1.608;342;365;350;50.01;50.01;50.01;11111;1000;0.0;0;0.0000;0;0;1517;1517;1517
60;2014-06-19 08:03:00;909402N262;1097;1.535;38;235;235;236;235;1.658;49.99;557.1;0.801;647.0;0.524;780.7;0.412;60;0;0;1.618;1.703;1.653;355;376;364;49.99;49.99;49.99;11111;1000;0.0;0;0.0000;0;0;1535;1535;1535
60;2014-06-19 08:04:00;909402N262;1052;1.552;38;235;235;236;236;1.614;50.00;558.0;0.768;645.2;0.514;772.2;0.391;60;0;0;1.584;1.658;1.600;342;361;350;50.00;50.00;50.00;11111;1000;0.0;0;0.0000;0;0;1552;1552;1552
60;2014-06-19 08:05:00;909402N262;1086;1.570;38;235;235;235;236;1.657;49.99;559.7;0.786;647.3;0.521;774.7;0.411;60;0;0;1.628;1.703;1.642;354;373;357;49.99;49.99;49.99;11111;1000;0.0;0;0.0000;0;0;1570;1570;1570
60;2014-06-19 08:06:00;909402N262;1214;1.590;38;235;235;236;236;1.787;49.99;559.5;0.867;653.0;0.551;791.9;0.476;60;0;0;1.743;1.829;1.791;391;413;406;49.99;49.99;49.99;11111;1000;0.0;0;0.0000;0;0;1590;1590;1590
60;2014-06-19 08:07:00;909402N262;1267;1.611;38;235;235;236;236;1.855;49.99;559.1;0.906;653.6;0.568;795.3;0.503;60;0;0;1.803;1.889;1.873;408;430;427;49.99;49.99;49.99;11111;1000;0.0;0;0.0000;0;0;1611;1611;1611
60;2014-06-19 08:08:00;909402N262;1293;1.633;38;235;234;236;236;1.893;50.00;559.3;0.924;652.7;0.578;795.2;0.518;60;0;0;1.833;1.939;1.909;415;442;436;50.00;50.00;50.00;11111;1000;0.0;0;0.0000;0;0;1633;1633;1633
60;2014-06-19 08:09:00;909402N262;1308;1.654;38;235;235;236;236;1.912;50.00;557.6;0.935;650.8;0.585;794.8;0.524;60;0;0;1.859;1.951;1.928;421;444;439;50.00;50.00;50.00;11111;1000;0.0;0;0.0000;0;0;1654;1654;1654
60;2014-06-19 08:10:00;909402N262;1260;1.675;38;235;235;236;235;1.860;49.99;549.4;0.920;649.6;0.572;791.5;0.502;60;0;0;1.810;1.907;1.865;407;430;421;49.99;49.99;49.99;11111;1000;0.0;0;0.0000;0;0;1675;1675;1675
60;2014-06-19 08:11:00;909402N262;1228;1.696;38;235;234;236;235;1.831;49.99;557.0;0.884;648.5;0.559;784.1;0.494;60;0;0;1.786;1.875;1.833;397;421;409;49.99;49.99;49.99;11111;1000;0.0;0;0.0000;0;0;1696;1696;1696
60;2014-06-19 08:12:00;909402N262;1203;1.716;38;235;234;236;235;1.803;49.98;561.6;0.863;645.9;0.548;780.8;0.482;60;0;0;1.765;1.843;1.802;390;410;401;49.98;49.98;49.98;11111;1000;0.0;0;0.0000;0;0;1716;1716;1716
60;2014-06-19 08:13:00;909402N262;1147;1.736;38;235;234;235;235;1.730;49.99;564.7;0.820;643.6;0.525;779.0;0.453;60;0;0;1.693;1.770;1.728;371;391;380;49.99;49.99;49.99;11111;1000;0.0;0;0.0000;0;0;1736;1736;1736
60;2014-06-19 08:14:00;909402N262;1098;1.754;38;235;234;235;235;1.675;49.99;562.5;0.797;642.5;0.507;777.9;0.432;60;0;0;1.644;1.718;1.664;357;377;363;49.99;49.99;49.99;11111;1000;0.0;0;0.0000;0;0;1754;1754;1754
60;2014-06-19 08:15:00;909402N262;1051;1.771;38;235;234;236;235;1.608;49.99;556.4;0.775;640.0;0.489;776.4;0.408;60;0;0;1.572;1.660;1.594;340;362;347;49.99;49.99;49.99;11111;1000;0.0;0;0.0000;0;0;1771;1771;1771
60;2014-06-19 08:16:00;909402N262;1008;1.788;38;235;234;236;235;1.545;50.00;550.1;0.758;634.2;0.472;765.9;0.395;60;0;0;1.501;1.600;1.536;323;349;333;50.00;50.00;50.00;11111;1000;0.0;0;0.0000;0;0;1788;1788;1788
60;2014-06-19 08:17:00;909402N262;1011;1.805;38;235;235;236;235;1.556;49.99;545.9;0.765;644.9;0.467;773.8;0.393;60;0;0;1.516;1.609;1.544;326;350;333;49.99;49.99;49.99;11111;1000;0.0;0;0.0000;0;0;1805;1805;1805
60;2014-06-19 08:18:00;909402N262;998;1.823;38;235;235;236;235;1.542;49.99;545.0;0.756;647.8;0.459;771.7;0.389;60;0;0;1.506;1.591;1.529;323;345;330;49.99;49.99;49.99;11111;1000;0.0;0;0.0000;0;0;1823;1823;1823
60;2014-06-19 08:19:00;909402N262;992;1.838;38;235;235;236;235;1.532;49.97;544.2;0.750;650.1;0.453;767.2;0.392;60;0;0;1.500;1.581;1.517;320;342;327;49.97;49.97;49.97;11111;1000;0.0;0;0.0000;0;0;1838;1838;1838
60;2014-06-19 08:20:00;909402N262;1000;1.855;38;235;235;235;235;1.548;49.97;546.2;0.757;653.6;0.454;769.8;0.391;60;0;0;1.510;1.598;1.537;324;344;331;49.97;49.97;49.97;11111;1000;0.0;0;0.0000;0;0;1855;1855;1855
60;2014-06-19 08:21:00;909402N262;960;1.872;38;235;234;235;235;1.495;49.97;540.7;0.741;657.2;0.435;770.7;0.370;60;0;0;1.477;1.526;1.482;314;329;316;49.97;49.97;49.97;11111;1000;0.0;0;0.0000;0;0;1872;1872;1872
60;2014-06-19 08:22:00;909402N262;968;1.887;38;235;234;235;235;1.502;49.99;540.9;0.744;659.1;0.437;770.0;0.374;60;0;0;1.469;1.539;1.499;313;333;321;49.99;49.99;49.99;11111;1000;0.0;0;0.0000;0;0;1887;1887;1887
60;2014-06-19 08:23:00;909402N262;1045;1.904;38;235;235;235;235;1.597;49.99;551.5;0.776;661.2;0.470;775.7;0.405;60;0;0;1.568;1.642;1.583;340;358;345;49.99;49.99;49.99;11111;1000;0.0;0;0.0000;0;0;1904;1904;1904
60;2014-06-19 08:24:00;909402N262;1129;1.924;39;235;235;235;235;1.712;50.00;560.8;0.822;662.6;0.512;780.2;0.439;60;0;0;1.684;1.750;1.703;369;386;373;50.00;50.00;50.00;11111;1000;0.0;0;0.0000;0;0;1924;1924;1924
60;2014-06-19 08:25:00;909402N262;1174;1.943;39;235;235;235;235;1.762;50.00;562.7;0.840;663.2;0.535;781.6;0.455;60;0;0;1.730;1.801;1.756;382;401;390;50.00;50.00;50.00;11111;1000;0.0;0;0.0000;0;0;1943;1943;1943
60;2014-06-19 08:26:00;909402N262;1219;1.963;39;235;235;235;235;1.823;50.00;563.0;0.869;660.9;0.562;781.1;0.475;60;0;0;1.787;1.863;1.820;396;416;406;50.00;50.00;50.00;11111;1000;0.0;0;0.0000;0;0;1963;1963;1963
60;2014-06-19 08:27:00;909402N262;1230;1.983;39;235;235;235;235;1.842;49.99;562.2;0.877;658.9;0.570;778.2;0.484;60;0;0;1.805;1.879;1.843;400;418;411;49.99;49.99;49.99;11111;1000;0.0;0;0.0000;0;0;1983;1983;1983
60;2014-06-19 08:28:00;909402N262;1262;2.005;39;235;235;235;235;1.882;50.00;578.6;0.876;660.6;0.577;777.8;0.496;60;0;0;1.838;1.918;1.892;409;428;423;50.00;50.00;50.00;11111;1000;0.0;0;0.0000;0;0;2005;2005;2005
60;2014-06-19 08:29:00;909402N262;1269;2.027;39;235;235;235;234;1.894;49.99;578.9;0.891;667.4;0.572;779.8;0.494;60;0;0;1.859;1.930;1.894;414;431;422;49.99;49.99;49.99;11111;1000;0.0;0;0.0000;0;0;2027;2027;2027
60;2014-06-19 08:30:00;909402N262;1274;2.048;39;235;235;235;233;1.901;50.00;579.2;0.902;671.3;0.573;779.7;0.486;60;0;0;1.867;1.938;1.899;416;433;423;50.00;50.00;50.00;11111;1000;0.0;0;0.0000;0;0;2048;2048;2048
60;2014-06-19 08:31:00;909402N262;1277;2.069;39;234;235;235;233;1.904;50.00;569.1;0.931;657.0;0.593;776.2;0.481;60;0;0;1.870;1.943;1.901;417;434;425;50.00;50.00;50.00;11111;1000;0.0;0;0.0000;0;0;2069;2069;2069
60;2014-06-19 08:32:00;909402N262;1337;2.091;39;234;235;235;233;2.020;50.02;567.0;0.969;673.0;0.621;781.0;0.490;60;0;0;1.988;2.061;2.012;438;455;443;50.02;50.02;50.02;11111;1000;0.0;0;0.0000;0;0;2091;2091;2091
60;2014-06-19 08:33:00;909402N262;1391;2.115;39;234;235;235;233;2.095;50.02;567.7;1.000;677.4;0.646;780.9;0.508;60;0;0;2.065;2.138;2.084;456;473;459;50.02;50.02;50.02;11111;1000;0.0;0;0.0000;0;0;2115;2115;2115
60;2014-06-19 08:34:00;909402N262;1439;2.139;39;234;235;234;233;2.150;50.03;569.5;1.026;678.5;0.672;789.7;0.522;60;0;0;2.112;2.194;2.144;472;488;477;50.03;50.03;50.03;11111;1000;0.0;0;0.0000;0;0;2139;2139;2139
60;2014-06-19 08:35:00;909402N262;1421;2.163;39;234;235;234;233;2.124;50.02;568.4;1.011;674.0;0.679;787.7;0.511;60;0;0;2.092;2.161;2.120;468;480;471;50.02;50.02;50.02;11111;1000;0.0;0;0.0000;0;0;2163;2163;2163
60;2014-06-19 08:36:00;909402N262;1391;2.185;39;234;235;234;233;2.099;50.02;583.7;0.953;670.8;0.670;778.2;0.511;60;0;0;2.072;2.133;2.092;458;472;461;50.02;50.02;50.02;11111;1000;0.0;0;0.0000;0;0;2185;2185;2185
60;2014-06-19 08:37:00;909402N262;1401;2.209;39;234;235;234;233;2.109;50.01;579.0;0.969;670.9;0.662;779.0;0.522;60;0;0;2.074;2.147;2.107;459;474;466;50.01;50.01;50.01;11111;1000;0.0;0;0.0000;0;0;2209;2209;2209
60;2014-06-19 08:38:00;909402N262;1573;2.236;39;234;235;235;234;2.322;50.00;601.4;1.047;683.7;0.712;795.0;0.589;60;0;0;2.278;2.364;2.325;514;533;525;50.00;50.00;50.00;11111;1000;0.0;0;0.0000;0;0;2236;2236;2236
60;2014-06-19 08:39:00;909402N262;1566;2.261;39;234;234;234;235;2.331;49.99;601.2;1.050;682.4;0.699;788.6;0.597;60;0;0;2.288;2.373;2.332;511;530;523;49.99;49.99;49.99;11111;1000;0.0;0;0.0000;0;0;2261;2261;2261
60;2014-06-19 08:40:00;909402N262;1533;2.286;39;234;234;235;235;2.299;50.00;601.2;1.033;681.1;0.673;781.2;0.595;60;0;0;2.246;2.346;2.307;496;521;514;50.00;50.00;50.00;11111;1000;0.0;0;0.0000;0;0;2286;2286;2286
60;2014-06-19 08:41:00;909402N262;1474;2.311;39;234;233;234;235;2.222;49.99;601.5;1.001;680.0;0.642;777.4;0.578;60;0;0;2.180;2.256;2.232;480;498;495;49.99;49.99;49.99;11111;1000;0.0;0;0.0000;0;0;2311;2311;2311
60;2014-06-19 08:42:00;909402N262;1413;2.334;39;234;233;234;234;2.133;49.99;602.2;0.963;678.4;0.611;775.5;0.552;60;0;0;2.089;2.174;2.136;459;480;473;49.99;49.99;49.99;11111;1000;0.0;0;0.0000;0;0;2334;2334;2334
60;2014-06-19 08:43:00;909402N262;1347;2.357;39;233;233;234;234;2.045;49.97;602.5;0.925;675.9;0.580;777.3;0.526;60;0;0;1.998;2.087;2.050;436;459;451;49.97;49.97;49.97;11111;1000;0.0;0;0.0000;0;0;2357;2357;2357
60;2014-06-19 08:44:00;909402N262;1270;2.378;39;233;232;234;233;1.940;49.97;603.6;0.878;673.5;0.544;776.4;0.494;60;0;0;1.897;1.982;1.942;411;432;424;49.97;49.97;49.97;11111;1000;0.0;0;0.0000;0;0;2378;2378;2378
60;2014-06-19 08:45:00;909402N262;1176;2.398;39;233;233;234;234;1.821;49.97;604.6;0.821;668.9;0.505;772.2;0.455;60;0;0;1.797;1.864;1.804;383;402;388;49.97;49.97;49.97;11111;1000;0.0;0;0.0000;0;0;2398;2398;2398
60;2014-06-19 08:46:00;909402N262;1072;2.415;39;234;233;234;234;1.678;49.97;601.4;0.771;659.9;0.472;764.6;0.416;60;0;0;1.653;1.726;1.655;350;367;353;49.97;49.97;49.97;11111;1000;0.0;0;0.0000;0;0;2415;2415;2415
60;2014-06-19 08:47:00;909402N262;1010;2.433;39;233;233;233;234;1.567;49.97;607.5;0.719;667.9;0.433;769.4;0.381;60;0;0;1.539;1.610;1.554;328;346;333;49.97;49.97;49.97;11111;1000;0.0;0;0.0000;0;0;2433;2433;2433
60;2014-06-19 08:48:00;909402N262;965;2.448;39;233;233;233;234;1.507;49.97;608.7;0.689;669.5;0.413;772.9;0.359;60;0;0;1.482;1.544;1.497;314;331;318;49.97;49.97;49.97;11111;1000;0.0;0;0.0000;0;0;2448;2448;2448
60;2014-06-19 08:49:00;909402N262;904;2.463;39;233;233;233;234;1.446;49.98;605.1;0.658;666.3;0.391;776.2;0.333;60;0;0;1.430;1.465;1.444;298;307;299;49.98;49.98;49.98;11111;1000;0.0;0;0.0000;0;0;2463;2463;2463
60;2014-06-19 08:50:00;909402N262;852;2.478;39;233;233;233;234;1.382;49.98;598.9;0.625;663.1;0.367;774.7;0.309;60;0;0;1.379;1.392;1.376;281;287;282;49.98;49.98;49.98;11111;1000;0.0;0;0.0000;0;0;2478;2478;2478
60;2014-06-19 08:51:00;909402N262;912;2.493;39;233;233;233;234;1.447;49.97;613.1;0.642;675.4;0.388;782.9;0.333;60;0;0;1.433;1.473;1.435;300;310;299;49.97;49.97;49.97;11111;1000;0.0;0;0.0000;0;0;2493;2493;2493
60;2014-06-19 08:52:00;909402N262;903;2.509;39;233;232;233;234;1.436;49.98;613.9;0.635;677.1;0.384;782.2;0.330;60;0;0;1.428;1.457;1.425;296;306;298;49.98;49.98;49.98;11111;1000;0.0;0;0.0000;0;0;2509;2509;2509
60;2014-06-19 08:53:00;909402N262;901;2.524;39;233;232;233;234;1.419;49.99;615.0;0.632;678.9;0.384;787.7;0.326;60;0;0;1.409;1.437;1.413;294;305;297;49.99;49.99;49.99;11111;1000;0.0;0;0.0000;0;0;2524;2524;2524
60;2014-06-19 08:54:00;909402N262;898;2.539;39;233;232;233;234;1.420;49.99;615.3;0.633;680.7;0.384;788.3;0.327;60;0;0;1.410;1.434;1.416;295;303;298;49.99;49.99;49.99;11111;1000;0.0;0;0.0000;0;0;2539;2539;2539
60;2014-06-19 08:55:00;909402N262;900;2.553;39;233;232;234;234;1.395;49.98;616.1;0.631;681.9;0.383;793.5;0.325;60;0;0;1.380;1.413;1.392;293;308;298;49.98;49.98;49.98;11111;1000;0.0;0;0.0000;0;0;2553;2553;2553
60;2014-06-19 08:56:00;909402N262;903;2.568;39;233;233;234;234;1.388;49.98;617.1;0.629;683.7;0.382;794.6;0.327;60;0;0;1.361;1.405;1.400;292;306;305;49.98;49.98;49.98;11111;1000;0.0;0;0.0000;0;0;2568;2568;2568
60;2014-06-19 08:57:00;909402N262;904;2.583;39;233;233;233;234;1.391;49.98;618.2;0.630;685.1;0.382;794.6;0.328;60;0;0;1.364;1.412;1.399;293;307;304;49.98;49.98;49.98;11111;1000;0.0;0;0.0000;0;0;2583;2583;2583
60;2014-06-19 08:58:00;909402N262;908;2.598;39;233;233;233;234;1.393;49.98;619.2;0.634;686.5;0.383;794.7;0.328;60;0;0;1.357;1.418;1.405;291;309;305;49.98;49.98;49.98;11111;1000;0.0;0;0.0000;0;0;2598;2598;2598
60;2014-06-19 08:59:00;909402N262;915;2.613;39;233;233;233;234;1.401;49.99;621.1;0.639;687.8;0.383;794.5;0.331;60;0;0;1.371;1.425;1.407;295;310;308;49.99;49.99;49.99;11111;1000;0.0;0;0.0000;0;0;2613;2613;2613
60;2014-06-19 09:00:00;909402N262;920;2.629;40;234;233;233;235;1.404;49.99;622.0;0.640;689.1;0.384;794.3;0.331;60;0;0;1.365;1.427;1.422;295;311;311;49.99;49.99;49.99;11111;1000;0.0;0;0.0000;0;0;2629;2629;2629
[wr_ende]
