20150110;140003;danfoss;My Plant;+0100
[wr_def_start]
909402N262;Inverter Type;Inverter Group;Hanzl
[wr_def_end]
[wr]
INTERVAL;TIMESTAMP;SERIAL;P_AC;E_DAY;T_WR;U_AC;U_AC_1;U_AC_2;U_AC_3;I_AC;F_AC;U_DC_1;I_DC_1;U_DC_2;I_DC_2;U_DC_3;I_DC_3;S;E_WR;M_WR;I_AC_1;I_AC_2;I_AC_3;P_AC_1;P_AC_2;P_AC_3;F_AC_1;F_AC_2;F_AC_3;R_DC;PC;PCS;PCS_LL;COS_PHI;COS_PHI_LL;S_COS_PHI;Current_Day_Energy;current_Day_Offset;ccEnergyOfDay_WithoutOffset
60;2015-01-10 13:01:00;909402N262;692;6.009;36;235;234;235;235;1.376;49.97;549.5;1.289;0.0;0.000;0.0;0.000;60;0;0;1.328;1.404;1.398;214;240;237;49.97;49.97;49.97;18444;1000;0.0;0;1.0000;0;2;6009;6009;6009
60;2015-01-10 13:02:00;909402N262;667;6.020;36;235;234;235;235;1.352;49.97;549.3;1.243;0.0;0.000;0.0;0.000;60;0;0;1.308;1.378;1.372;206;231;228;49.97;49.97;49.97;18444;1000;0.0;0;1.0000;0;2;6020;6020;6020
60;2015-01-10 13:03:00;909402N262;646;6.030;36;235;234;234;236;1.331;49.99;549.6;1.202;0.0;0.000;0.0;0.000;60;0;0;1.290;1.352;1.352;199;223;222;49.99;49.99;49.99;18444;1000;0.0;0;1.0000;0;2;6030;6030;6030
60;2015-01-10 13:04:00;909402N262;634;6.041;36;234;234;234;235;1.318;49.99;561.5;1.154;0.0;0.000;0.0;0.000;60;0;0;1.277;1.336;1.342;196;218;218;49.99;49.99;49.99;18444;1000;0.0;0;1.0000;0;2;6041;6041;6041
60;2015-01-10 13:05:00;909402N262;633;6.052;36;234;234;234;235;1.319;49.99;565.4;1.144;0.0;0.000;0.0;0.000;60;0;0;1.279;1.337;1.343;195;218;218;49.99;49.99;49.99;18444;1000;0.0;0;1.0000;0;2;6052;6052;6052
60;2015-01-10 13:06:00;909402N262;642;6.062;36;234;234;234;235;1.327;50.00;563.7;1.164;0.0;0.000;0.0;0.000;60;0;0;1.289;1.345;1.348;199;221;220;50.00;50.00;50.00;18444;1000;0.0;0;1.0000;0;2;6062;6062;6062
60;2015-01-10 13:07:00;909402N262;662;6.074;36;234;234;234;235;1.347;50.00;561.8;1.204;0.0;0.000;0.0;0.000;60;0;0;1.306;1.367;1.368;205;228;227;50.00;50.00;50.00;18444;1000;0.0;0;1.0000;0;2;6074;6074;6074
60;2015-01-10 13:08:00;909402N262;704;6.085;36;234;234;234;235;1.389;49.99;566.6;1.271;0.0;0.000;0.0;0.000;60;0;0;1.345;1.413;1.409;219;243;240;49.99;49.99;49.99;18444;1000;0.0;0;1.0000;0;2;6085;6085;6085
60;2015-01-10 13:09:00;909402N262;732;6.098;36;234;234;234;235;1.419;50.00;581.2;1.286;0.0;0.000;0.0;0.000;60;0;0;1.373;1.445;1.439;228;253;250;50.00;50.00;50.00;18444;1000;0.0;0;1.0000;0;2;6098;6098;6098
60;2015-01-10 13:10:00;909402N262;778;6.110;36;234;233;235;235;1.466;49.98;580.3;1.368;0.0;0.000;0.0;0.000;60;0;0;1.412;1.501;1.486;242;270;264;49.98;49.98;49.98;18444;1000;0.0;0;1.0000;0;2;6110;6110;6110
60;2015-01-10 13:11:00;909402N262;834;6.124;36;234;233;235;234;1.527;49.98;578.8;1.471;0.0;0.000;0.0;0.000;60;0;0;1.471;1.565;1.545;260;290;282;49.98;49.98;49.98;18444;1000;0.0;0;1.0000;0;2;6124;6124;6124
60;2015-01-10 13:12:00;909402N262;873;6.139;36;234;233;235;234;1.569;50.00;577.9;1.541;0.0;0.000;0.0;0.000;60;0;0;1.522;1.605;1.581;276;302;294;50.00;50.00;50.00;18444;1000;0.0;0;1.0000;0;2;6139;6139;6139
60;2015-01-10 13:13:00;909402N262;918;6.154;36;234;233;234;234;1.619;49.99;576.9;1.623;0.0;0.000;0.0;0.000;60;0;0;1.567;1.651;1.639;289;315;311;49.99;49.99;49.99;18444;1000;0.0;0;1.0000;0;2;6154;6154;6154
60;2015-01-10 13:14:00;909402N262;992;6.171;36;233;233;233;233;1.707;50.00;574.9;1.759;0.0;0.000;0.0;0.000;60;0;0;1.658;1.738;1.725;316;339;335;50.00;50.00;50.00;18444;1000;0.0;0;1.0000;0;2;6171;6171;6171
60;2015-01-10 13:15:00;909402N262;966;6.186;36;233;233;233;233;1.674;49.99;574.5;1.713;0.0;0.000;0.0;0.000;60;0;0;1.627;1.704;1.692;307;330;326;49.99;49.99;49.99;18444;1000;0.0;0;1.0000;0;2;6186;6186;6186
60;2015-01-10 13:16:00;909402N262;1052;6.204;36;233;233;234;234;1.771;49.98;566.3;1.869;0.0;0.000;0.0;0.000;60;0;0;1.717;1.808;1.790;335;361;355;49.98;49.98;49.98;18444;1000;0.0;0;1.0000;0;2;6204;6204;6204
60;2015-01-10 13:17:00;909402N262;1115;6.224;36;234;233;233;234;1.851;50.00;573.1;1.981;0.0;0.000;0.0;0.000;60;0;0;1.794;1.884;1.876;355;380;378;50.00;50.00;50.00;18444;1000;0.0;0;1.0000;0;2;6224;6224;6224
60;2015-01-10 13:18:00;909402N262;1091;6.242;36;234;233;233;234;1.822;50.01;573.0;1.939;0.0;0.000;0.0;0.000;60;0;0;1.766;1.855;1.847;347;372;370;50.01;50.01;50.01;18444;1000;0.0;0;1.0000;0;2;6242;6242;6242
60;2015-01-10 13:19:00;909402N262;1120;6.260;36;234;234;233;234;1.858;50.01;573.5;1.988;0.0;0.000;0.0;0.000;60;0;0;1.807;1.885;1.884;359;379;380;50.01;50.01;50.01;18444;1000;0.0;0;1.0000;0;2;6260;6260;6260
60;2015-01-10 13:20:00;909402N262;1049;6.277;36;234;234;233;234;1.773;50.01;574.6;1.861;0.0;0.000;0.0;0.000;60;0;0;1.723;1.795;1.802;335;355;357;50.01;50.01;50.01;18444;1000;0.0;0;1.0000;0;2;6277;6277;6277
60;2015-01-10 13:21:00;909402N262;1187;6.298;36;233;234;232;235;1.938;50.00;573.6;2.107;0.0;0.000;0.0;0.000;60;0;0;1.885;1.957;1.973;380;400;405;50.00;50.00;50.00;18444;1000;0.0;0;1.0000;0;2;6298;6298;6298
60;2015-01-10 13:22:00;909402N262;1332;6.319;36;233;233;233;234;2.122;50.01;574.1;2.359;0.0;0.000;0.0;0.000;60;0;0;2.065;2.147;2.155;428;449;453;50.01;50.01;50.01;18444;1000;0.0;0;1.0000;0;2;6319;6319;6319
60;2015-01-10 13:23:00;909402N262;1285;6.342;36;234;233;232;235;2.061;50.02;573.1;2.279;0.0;0.000;0.0;0.000;60;0;0;1.998;2.082;2.104;410;432;441;50.02;50.02;50.02;18444;1000;0.0;0;1.0000;0;2;6342;6342;6342
60;2015-01-10 13:24:00;909402N262;1219;6.362;36;234;232;233;236;1.978;50.01;572.1;2.168;0.0;0.000;0.0;0.000;60;0;0;1.900;2.012;2.022;382;414;421;50.01;50.01;50.01;18444;1000;0.0;0;1.0000;0;2;6362;6362;6362
60;2015-01-10 13:25:00;909402N262;1137;6.380;36;233;232;233;235;1.879;50.01;573.5;2.017;0.0;0.000;0.0;0.000;60;0;0;1.809;1.917;1.911;357;388;390;50.01;50.01;50.01;18444;1000;0.0;0;1.0000;0;2;6380;6380;6380
60;2015-01-10 13:26:00;909402N262;1000;6.397;36;233;232;233;235;1.715;50.01;576.3;1.768;0.0;0.000;0.0;0.000;60;0;0;1.654;1.744;1.747;315;340;343;50.01;50.01;50.01;18444;1000;0.0;0;1.0000;0;2;6397;6397;6397
60;2015-01-10 13:27:00;909402N262;959;6.413;36;233;232;233;235;1.666;50.00;577.6;1.693;0.0;0.000;0.0;0.000;60;0;0;1.603;1.699;1.698;300;329;329;50.00;50.00;50.00;18444;1000;0.0;0;1.0000;0;2;6413;6413;6413
60;2015-01-10 13:28:00;909402N262;935;6.429;36;233;232;233;235;1.639;50.01;578.0;1.649;0.0;0.000;0.0;0.000;60;0;0;1.581;1.671;1.666;293;320;320;50.01;50.01;50.01;18444;1000;0.0;0;1.0000;0;2;6429;6429;6429
60;2015-01-10 13:29:00;909402N262;933;6.444;36;233;233;234;234;1.636;50.00;577.3;1.647;0.0;0.000;0.0;0.000;60;0;0;1.583;1.669;1.657;294;320;317;50.00;50.00;50.00;18444;1000;0.0;0;1.0000;0;2;6444;6444;6444
60;2015-01-10 13:30:00;909402N262;937;6.460;36;233;233;233;233;1.643;49.99;576.2;1.658;0.0;0.000;0.0;0.000;60;0;0;1.599;1.668;1.664;298;319;318;49.99;49.99;49.99;18444;1000;0.0;0;1.0000;0;2;6460;6460;6460
60;2015-01-10 13:31:00;909402N262;926;6.476;36;233;233;233;233;1.630;49.99;572.7;1.648;0.0;0.000;0.0;0.000;60;0;0;1.584;1.659;1.649;294;316;314;49.99;49.99;49.99;18444;1000;0.0;0;1.0000;0;2;6476;6476;6476
60;2015-01-10 13:32:00;909402N262;928;6.491;35;234;233;233;235;1.632;49.99;573.7;1.649;0.0;0.000;0.0;0.000;60;0;0;1.579;1.661;1.657;292;317;317;49.99;49.99;49.99;18444;1000;0.0;0;1.0000;0;2;6491;6491;6491
60;2015-01-10 13:33:00;909402N262;937;6.506;35;233;233;233;235;1.642;49.99;573.1;1.667;0.0;0.000;0.0;0.000;60;0;0;1.589;1.667;1.670;296;319;321;49.99;49.99;49.99;18444;1000;0.0;0;1.0000;0;2;6506;6506;6506
60;2015-01-10 13:34:00;909402N262;955;6.523;35;234;234;232;234;1.665;50.01;572.8;1.700;0.0;0.000;0.0;0.000;60;0;0;1.621;1.681;1.694;305;322;327;50.01;50.01;50.01;18444;1000;0.0;0;1.0000;0;2;6523;6523;6523
60;2015-01-10 13:35:00;909402N262;982;6.538;35;233;234;232;234;1.693;49.99;571.8;1.750;0.0;0.000;0.0;0.000;60;0;0;1.649;1.708;1.722;314;330;336;49.99;49.99;49.99;18444;1000;0.0;0;1.0000;0;2;6538;6538;6538
60;2015-01-10 13:36:00;909402N262;1007;6.555;35;233;233;232;235;1.724;50.00;570.8;1.798;0.0;0.000;0.0;0.000;60;0;0;1.669;1.745;1.758;319;341;346;50.00;50.00;50.00;18444;1000;0.0;0;1.0000;0;2;6555;6555;6555
60;2015-01-10 13:37:00;909402N262;1019;6.572;35;234;233;233;235;1.736;50.00;570.6;1.820;0.0;0.000;0.0;0.000;60;0;0;1.682;1.763;1.765;323;346;348;50.00;50.00;50.00;18444;1000;0.0;0;1.0000;0;2;6572;6572;6572
60;2015-01-10 13:38:00;909402N262;1023;6.589;35;234;233;234;234;1.741;50.00;570.7;1.828;0.0;0.000;0.0;0.000;60;0;0;1.686;1.775;1.763;324;350;347;50.00;50.00;50.00;18444;1000;0.0;0;1.0000;0;2;6589;6589;6589
60;2015-01-10 13:39:00;909402N262;1038;6.607;35;234;233;234;235;1.757;50.01;571.2;1.852;0.0;0.000;0.0;0.000;60;0;0;1.704;1.790;1.779;329;355;352;50.01;50.01;50.01;18444;1000;0.0;0;1.0000;0;2;6607;6607;6607
60;2015-01-10 13:40:00;909402N262;1059;6.624;35;234;233;235;235;1.783;50.01;572.3;1.885;0.0;0.000;0.0;0.000;60;0;0;1.724;1.821;1.805;334;364;359;50.01;50.01;50.01;18444;1000;0.0;0;1.0000;0;2;6624;6624;6624
60;2015-01-10 13:41:00;909402N262;1092;6.643;35;234;233;234;235;1.822;50.00;572.4;1.942;0.0;0.000;0.0;0.000;60;0;0;1.757;1.860;1.849;344;374;372;50.00;50.00;50.00;18444;1000;0.0;0;1.0000;0;2;6643;6643;6643
60;2015-01-10 13:42:00;909402N262;1126;6.661;35;234;234;235;234;1.862;50.00;573.0;2.001;0.0;0.000;0.0;0.000;60;0;0;1.809;1.902;1.876;359;386;379;50.00;50.00;50.00;18444;1000;0.0;0;1.0000;0;2;6661;6661;6661
60;2015-01-10 13:43:00;909402N262;1156;6.681;35;234;233;235;234;1.900;50.01;573.5;2.052;0.0;0.000;0.0;0.000;60;0;0;1.848;1.940;1.914;369;396;389;50.01;50.01;50.01;18444;1000;0.0;0;1.0000;0;2;6681;6681;6681
60;2015-01-10 13:44:00;909402N262;1176;6.699;35;234;233;235;235;1.924;50.00;573.0;2.089;0.0;0.000;0.0;0.000;60;0;0;1.865;1.963;1.946;374;403;398;50.00;50.00;50.00;18444;1000;0.0;0;1.0000;0;2;6699;6699;6699
60;2015-01-10 13:45:00;909402N262;1184;6.720;35;234;233;234;235;1.933;49.99;573.3;2.102;0.0;0.000;0.0;0.000;60;0;0;1.869;1.972;1.958;376;406;401;49.99;49.99;49.99;18444;1000;0.0;0;1.0000;0;2;6720;6720;6720
60;2015-01-10 13:46:00;909402N262;1205;6.740;35;234;234;235;234;1.960;49.99;573.6;2.152;0.0;0.000;0.0;0.000;60;0;0;1.902;2.002;1.978;385;413;406;49.99;49.99;49.99;18444;1000;0.0;0;1.0000;0;2;6740;6740;6740
60;2015-01-10 13:47:00;909402N262;1260;6.761;35;234;234;235;234;2.028;50.00;573.8;2.232;0.0;0.000;0.0;0.000;60;0;0;1.969;2.069;2.046;403;431;424;50.00;50.00;50.00;18444;1000;0.0;0;1.0000;0;2;6761;6761;6761
60;2015-01-10 13:48:00;909402N262;1288;6.783;35;234;233;235;235;2.064;50.00;573.7;2.282;0.0;0.000;0.0;0.000;60;0;0;2.000;2.107;2.086;410;441;435;50.00;50.00;50.00;18444;1000;0.0;0;1.0000;0;2;6783;6783;6783
60;2015-01-10 13:49:00;909402N262;1332;6.805;35;234;233;234;235;2.119;50.01;574.5;2.358;0.0;0.000;0.0;0.000;60;0;0;2.054;2.158;2.147;425;454;452;50.01;50.01;50.01;18444;1000;0.0;0;1.0000;0;2;6805;6805;6805
60;2015-01-10 13:50:00;909402N262;1449;6.829;35;234;233;234;235;2.269;50.02;575.2;2.560;0.0;0.000;0.0;0.000;60;0;0;2.205;2.306;2.296;464;492;491;50.02;50.02;50.02;18444;1000;0.0;0;1.0000;0;2;6829;6829;6829
60;2015-01-10 13:51:00;909402N262;1405;6.852;35;234;233;234;235;2.212;50.01;574.4;2.486;0.0;0.000;0.0;0.000;60;0;0;2.151;2.246;2.240;450;476;476;50.01;50.01;50.01;18444;1000;0.0;0;1.0000;0;2;6852;6852;6852
60;2015-01-10 13:52:00;909402N262;1394;6.876;35;234;233;235;235;2.197;50.02;574.0;2.470;0.0;0.000;0.0;0.000;60;0;0;2.134;2.236;2.223;446;474;472;50.02;50.02;50.02;18444;1000;0.0;0;1.0000;0;2;6876;6876;6876
60;2015-01-10 13:53:00;909402N262;1388;6.899;35;234;233;235;235;2.188;50.02;573.8;2.459;0.0;0.000;0.0;0.000;60;0;0;2.123;2.231;2.212;443;474;469;50.02;50.02;50.02;18444;1000;0.0;0;1.0000;0;2;6899;6899;6899
60;2015-01-10 13:54:00;909402N262;1372;6.921;35;234;232;235;235;2.170;50.01;573.7;2.430;0.0;0.000;0.0;0.000;60;0;0;2.095;2.222;2.193;434;471;464;50.01;50.01;50.01;18444;1000;0.0;0;1.0000;0;2;6921;6921;6921
60;2015-01-10 13:55:00;909402N262;1375;6.944;35;234;232;235;235;2.173;50.02;573.6;2.437;0.0;0.000;0.0;0.000;60;0;0;2.102;2.222;2.197;437;472;465;50.02;50.02;50.02;18444;1000;0.0;0;1.0000;0;2;6944;6944;6944
60;2015-01-10 13:56:00;909402N262;1396;6.968;35;234;232;235;235;2.200;50.03;573.8;2.473;0.0;0.000;0.0;0.000;60;0;0;2.126;2.250;2.224;442;479;473;50.03;50.03;50.03;18444;1000;0.0;0;1.0000;0;2;6968;6968;6968
60;2015-01-10 13:57:00;909402N262;1413;6.991;35;234;232;235;235;2.223;50.01;573.8;2.503;0.0;0.000;0.0;0.000;60;0;0;2.148;2.273;2.249;448;484;479;50.01;50.01;50.01;18444;1000;0.0;0;1.0000;0;2;6991;6991;6991
60;2015-01-10 13:58:00;909402N262;1398;7.015;35;234;232;235;235;2.203;50.01;573.2;2.479;0.0;0.000;0.0;0.000;60;0;0;2.125;2.256;2.228;442;480;474;50.01;50.01;50.01;18444;1000;0.0;0;1.0000;0;2;7015;7015;7015
60;2015-01-10 13:59:00;909402N262;1368;7.038;35;234;231;235;235;2.166;50.03;572.3;2.430;0.0;0.000;0.0;0.000;60;0;0;2.081;2.225;2.193;430;472;464;50.03;50.03;50.02;18444;1000;0.0;0;1.0000;0;2;7038;7038;7038
60;2015-01-10 14:00:00;909402N262;1336;7.060;35;234;232;235;235;2.124;50.02;572.2;2.374;0.0;0.000;0.0;0.000;60;0;0;2.045;2.179;2.149;421;461;453;50.02;50.02;50.02;18444;1000;0.0;0;1.0000;0;2;7060;7060;7060
[wr_ende]
