20140309;070001;danfoss;My Plant;+0100
[wr_def_start]
909402N262;Inverter Type;Inverter Group;Hanzl
[wr_def_end]
[wr]
INTERVAL;TIMESTAMP;SERIAL;P_AC;E_DAY;T_WR;U_AC;U_AC_1;U_AC_2;U_AC_3;I_AC;F_AC;U_DC_1;I_DC_1;U_DC_2;I_DC_2;U_DC_3;I_DC_3;S;E_WR;M_WR;I_AC_1;I_AC_2;I_AC_3;P_AC_1;P_AC_2;P_AC_3;F_AC_1;F_AC_2;F_AC_3;R_DC;PC;PCS;PCS_LL;COS_PHI;COS_PHI_LL;S_COS_PHI;Current_Day_Energy;current_Day_Offset;ccEnergyOfDay_WithoutOffset
60;2014-03-09 06:01:00;909402N262;0;0.000;12;235;234;236;233;0.000;50.03;230.9;0.000;230.3;0.000;230.8;0.000;50;0;0;0.000;0.000;0.000;0;0;0;50.03;50.03;50.03;0;1000;0.0;0;0.0000;0;0;0;0;0
60;2014-03-09 06:02:00;909402N262;0;0.000;12;235;234;237;233;0.000;50.03;228.3;0.000;227.8;0.000;228.2;0.000;50;0;0;0.000;0.000;0.000;0;0;0;50.03;50.03;50.03;0;1000;0.0;0;0.0000;0;0;0;0;0
60;2014-03-09 06:03:00;909402N262;0;0.000;13;235;234;236;233;0.000;50.03;227.9;0.000;227.4;0.000;228.0;0.000;50;0;0;0.000;0.000;0.000;0;0;0;50.03;50.03;50.03;0;1000;0.0;0;0.0000;0;0;0;0;0
60;2014-03-09 06:04:00;909402N262;0;0.000;14;234;234;236;233;0.000;50.02;228.8;0.000;228.3;0.000;228.7;0.000;50;0;0;0.000;0.000;0.000;0;0;0;50.02;50.02;50.02;0;1000;0.0;0;0.0000;0;0;0;0;0
60;2014-03-09 06:05:00;909402N262;0;0.000;14;234;235;236;233;0.000;50.01;229.6;0.000;229.0;0.000;229.6;0.000;50;0;0;0.000;0.000;0.000;0;0;0;50.01;50.01;50.01;0;1000;0.0;0;0.0000;0;0;0;0;0
60;2014-03-09 06:06:00;909402N262;0;0.000;15;234;235;235;234;0.000;50.02;229.0;0.000;228.4;0.000;229.0;0.000;50;0;0;0.000;0.000;0.000;0;0;0;50.02;50.02;50.02;0;1000;0.0;0;0.0000;0;0;0;0;0
60;2014-03-09 06:07:00;909402N262;0;0.000;15;234;234;236;234;0.000;50.01;230.5;0.000;229.9;0.000;230.3;0.000;50;0;0;0.000;0.000;0.000;0;0;0;50.01;50.01;50.01;0;1000;0.0;0;0.0000;0;0;0;0;0
60;2014-03-09 06:08:00;909402N262;0;0.000;15;234;234;235;233;0.000;50.02;235.0;0.000;234.4;0.000;235.0;0.000;50;0;0;0.000;0.000;0.000;0;0;0;50.02;50.02;50.02;0;1000;0.0;0;0.0000;0;0;0;0;0
60;2014-03-09 06:09:00;909402N262;0;0.000;15;234;233;235;233;0.000;50.03;233.3;0.000;232.8;0.000;233.9;0.000;50;0;0;0.000;0.000;0.000;0;0;0;50.03;50.03;50.03;0;1000;0.0;0;0.0000;0;0;0;0;0
60;2014-03-09 06:10:00;909402N262;0;0.000;16;234;233;235;233;0.000;50.02;228.8;0.000;228.2;0.000;227.9;0.000;50;0;0;0.000;0.000;0.000;0;0;0;50.02;50.02;50.02;0;1000;0.0;0;0.0000;0;0;0;0;0
60;2014-03-09 06:11:00;909402N262;0;0.000;16;234;233;235;233;0.000;50.01;231.5;0.000;231.0;0.000;231.7;0.000;50;0;0;0.000;0.000;0.000;0;0;0;50.01;50.01;50.01;0;1000;0.0;0;0.0000;0;0;0;0;0
60;2014-03-09 06:12:00;909402N262;0;0.000;16;234;234;235;232;0.000;50.01;234.1;0.000;233.5;0.000;234.4;0.000;50;0;0;0.000;0.000;0.000;0;0;0;50.01;50.01;50.01;0;1000;0.0;0;0.0000;0;0;0;0;0
60;2014-03-09 06:13:00;909402N262;0;0.000;16;234;233;235;232;0.000;50.01;238.5;0.000;237.9;0.000;238.1;0.000;50;0;0;0.000;0.000;0.000;0;0;0;50.01;50.01;50.01;0;1000;0.0;0;0.0000;0;0;0;0;0
60;2014-03-09 06:14:00;909402N262;0;0.000;16;234;234;235;232;0.000;50.02;246.4;0.000;245.8;0.000;246.4;0.000;50;0;0;0.000;0.000;0.000;0;0;0;50.02;50.02;50.02;0;1000;0.0;0;0.0000;0;0;0;0;0
60;2014-03-09 06:15:00;909402N262;0;0.000;16;234;234;235;232;0.000;50.01;257.6;0.000;257.1;0.000;257.8;0.000;50;0;0;0.000;0.000;0.000;0;0;0;50.01;50.01;50.01;0;1000;0.0;0;0.0000;0;0;0;0;0
60;2014-03-09 06:16:00;909402N262;0;0.000;16;234;234;235;232;0.000;50.01;253.7;0.000;253.5;0.000;253.5;0.000;50;0;0;0.000;0.000;0.000;0;0;0;50.01;50.01;50.01;0;1000;0.0;0;0.0000;0;0;0;0;0
60;2014-03-09 06:17:00;909402N262;0;0.000;16;234;234;236;232;0.004;50.01;305.4;0.000;301.0;0.000;303.2;0.000;50;0;0;0.005;0.004;0.005;0;0;0;50.01;50.01;50.01;0;1000;0.0;0;0.0000;0;0;0;0;0
60;2014-03-09 06:18:00;909402N262;0;0.000;16;234;235;236;232;0.002;50.02;512.6;0.000;480.2;0.000;544.7;0.000;51;0;0;0.002;0.003;0.002;0;0;0;50.02;50.02;50.02;6289;1000;0.0;0;0.0000;0;0;0;0;0
60;2014-03-09 06:19:00;909402N262;3;0.000;16;234;235;235;234;0.055;50.02;412.1;0.010;368.9;0.003;404.0;0.002;60;0;0;0.074;0.075;0.018;2;2;1;50.02;50.02;50.02;11950;1000;0.0;0;0.0000;0;0;0;0;0
60;2014-03-09 06:20:00;909402N262;7;0.000;17;234;235;235;234;0.115;50.00;457.0;0.012;438.0;0.004;502.8;0.003;60;0;0;0.169;0.117;0.061;0;5;5;50.00;50.00;50.00;11950;1000;0.0;0;0.0000;0;0;0;0;0
60;2014-03-09 06:21:00;909402N262;10;0.000;17;234;234;235;234;0.098;50.01;465.6;0.015;386.1;0.007;540.7;0.006;60;0;0;0.120;0.120;0.055;4;4;5;50.01;50.01;50.01;11950;1000;0.0;0;0.0000;0;0;0;0;0
60;2014-03-09 06:22:00;909402N262;13;0.000;17;234;234;234;235;0.090;50.01;456.2;0.019;409.9;0.009;520.4;0.007;60;0;0;0.090;0.069;0.112;6;3;5;50.01;50.01;50.01;11950;1000;0.0;0;0.0000;0;0;0;0;0
60;2014-03-09 06:23:00;909402N262;17;0.000;17;234;234;234;235;0.097;50.01;469.1;0.022;402.0;0.011;522.0;0.009;60;0;0;0.098;0.078;0.116;9;6;3;50.01;50.01;50.01;11950;1000;0.0;0;0.0000;0;0;0;0;0
60;2014-03-09 06:24:00;909402N262;21;0.000;17;234;234;234;235;0.125;50.01;485.6;0.026;438.1;0.014;536.2;0.011;60;0;0;0.086;0.109;0.182;7;11;3;50.01;50.01;50.01;11950;1000;0.0;0;0.0000;0;0;0;0;0
60;2014-03-09 06:25:00;909402N262;26;0.000;17;234;233;233;235;0.163;50.02;497.1;0.029;469.7;0.015;545.9;0.014;60;0;0;0.086;0.157;0.246;7;17;3;50.02;50.02;50.02;11950;1000;0.0;0;0.0000;0;0;0;0;0
60;2014-03-09 06:26:00;909402N262;32;0.001;17;234;234;233;235;0.183;50.02;498.6;0.033;467.7;0.019;598.3;0.015;60;0;0;0.145;0.125;0.281;13;11;8;50.02;50.02;50.02;11950;1000;0.0;0;0.0000;0;0;1;1;1
60;2014-03-09 06:27:00;909402N262;37;0.002;17;234;234;233;235;0.175;50.02;500.0;0.037;502.2;0.019;589.5;0.017;60;0;0;0.186;0.097;0.243;19;7;10;50.02;50.02;50.02;11950;1000;0.0;0;0.0000;0;0;2;2;2
60;2014-03-09 06:28:00;909402N262;42;0.002;17;234;234;234;235;0.200;50.01;503.2;0.041;502.4;0.021;596.5;0.021;60;0;0;0.170;0.160;0.272;16;14;10;50.01;50.01;50.01;11950;1000;0.0;0;0.0000;0;0;2;2;2
60;2014-03-09 06:29:00;909402N262;48;0.003;17;234;234;233;235;0.217;50.01;510.3;0.045;500.8;0.023;621.9;0.023;60;0;0;0.220;0.144;0.288;23;13;13;50.01;50.01;50.01;11950;1000;0.0;0;0.0000;0;0;3;3;3
60;2014-03-09 06:30:00;909402N262;54;0.004;17;234;234;233;235;0.228;50.00;512.2;0.050;497.7;0.027;622.8;0.026;60;0;0;0.246;0.182;0.256;22;20;10;50.00;50.00;50.00;11950;1000;0.0;0;0.0000;0;0;4;4;4
60;2014-03-09 06:31:00;909402N262;58;0.005;17;234;234;233;235;0.232;50.01;516.4;0.054;496.0;0.030;616.4;0.027;60;0;0;0.252;0.203;0.243;22;24;12;50.01;50.01;50.01;11950;1000;0.0;0;0.0000;0;0;5;5;5
60;2014-03-09 06:32:00;909402N262;65;0.006;17;234;234;233;235;0.250;50.01;519.6;0.060;511.8;0.033;621.3;0.031;60;0;0;0.265;0.207;0.280;25;24;16;50.01;50.01;50.01;11950;1000;0.0;0;0.0000;0;0;6;6;6
60;2014-03-09 06:33:00;909402N262;72;0.007;17;234;234;233;235;0.256;50.01;526.5;0.064;532.5;0.035;642.8;0.032;60;0;0;0.264;0.240;0.265;27;28;17;50.02;50.02;50.02;11950;1000;0.0;0;0.0000;0;0;7;7;7
60;2014-03-09 06:34:00;909402N262;78;0.008;17;234;234;233;235;0.258;50.02;525.8;0.069;519.7;0.039;649.9;0.036;60;0;0;0.264;0.239;0.271;29;29;19;50.02;50.02;50.02;11950;1000;0.0;0;0.0000;0;0;8;8;8
60;2014-03-09 06:35:00;909402N262;84;0.010;17;234;234;233;235;0.250;50.02;532.4;0.074;523.0;0.041;655.9;0.039;60;0;0;0.230;0.272;0.248;26;36;21;50.02;50.02;50.02;11950;1000;0.0;0;0.0000;0;0;10;10;10
60;2014-03-09 06:36:00;909402N262;91;0.011;18;234;234;233;235;0.262;50.02;530.9;0.080;550.9;0.042;657.3;0.041;60;0;0;0.245;0.274;0.267;30;35;24;50.02;50.02;50.02;11950;1000;0.0;0;0.0000;0;0;11;11;11
60;2014-03-09 06:37:00;909402N262;99;0.013;18;234;234;233;235;0.218;50.03;537.6;0.083;535.6;0.047;677.8;0.042;60;0;0;0.214;0.247;0.193;32;37;27;50.03;50.03;50.03;11950;1000;0.0;0;0.0000;0;0;13;13;13
60;2014-03-09 06:38:00;909402N262;105;0.014;18;234;234;234;234;0.267;50.02;538.4;0.088;545.2;0.050;663.5;0.045;60;0;0;0.283;0.349;0.170;29;52;23;50.02;50.02;50.02;11950;1000;0.0;0;0.0000;0;0;14;14;14
60;2014-03-09 06:39:00;909402N262;112;0.017;18;234;234;233;234;0.225;50.01;543.2;0.093;556.5;0.052;681.6;0.047;60;0;0;0.225;0.259;0.191;35;43;32;50.01;50.01;50.01;11950;1000;0.0;0;0.0000;0;0;17;17;17
60;2014-03-09 06:40:00;909402N262;118;0.020;18;234;234;233;234;0.247;50.01;539.3;0.099;567.0;0.055;676.4;0.051;60;0;0;0.253;0.295;0.193;39;46;32;50.01;50.01;50.01;11950;1000;0.0;0;0.0000;0;0;20;20;20
60;2014-03-09 06:41:00;909402N262;125;0.020;18;234;234;233;234;0.228;50.01;542.6;0.103;557.5;0.059;694.6;0.053;60;0;0;0.230;0.235;0.220;41;42;40;50.01;50.01;50.01;11950;1000;0.0;0;0.0000;0;0;20;20;20
60;2014-03-09 06:42:00;909402N262;132;0.023;18;234;234;233;234;0.254;50.02;541.7;0.109;564.2;0.062;683.8;0.058;60;0;0;0.255;0.268;0.241;42;45;43;50.02;50.02;50.02;11950;1000;0.0;0;0.0000;0;0;23;23;23
60;2014-03-09 06:43:00;909402N262;138;0.026;18;234;234;234;234;0.236;50.01;547.5;0.113;576.9;0.063;708.0;0.058;60;0;0;0.239;0.239;0.231;46;46;45;50.01;50.01;50.01;11950;1000;0.0;0;0.0000;0;0;26;26;26
60;2014-03-09 06:44:00;909402N262;145;0.029;18;234;234;234;234;0.253;50.02;543.2;0.120;566.6;0.068;712.5;0.059;60;0;0;0.242;0.279;0.238;45;52;46;50.02;50.02;50.02;11950;1000;0.0;0;0.0000;0;0;29;29;29
60;2014-03-09 06:45:00;909402N262;152;0.031;18;234;234;234;234;0.273;49.99;549.8;0.123;570.2;0.070;707.7;0.062;60;0;0;0.269;0.321;0.229;48;59;43;49.99;49.99;49.99;11950;1000;0.0;0;0.0000;0;0;31;31;31
60;2014-03-09 06:46:00;909402N262;156;0.033;18;234;234;234;234;0.303;49.99;536.7;0.129;572.5;0.073;681.1;0.068;60;0;0;0.287;0.369;0.255;48;61;45;49.99;49.99;49.99;11950;1000;0.0;0;0.0000;0;0;33;33;33
60;2014-03-09 06:47:00;909402N262;164;0.036;18;234;234;234;234;0.301;49.99;550.9;0.132;578.7;0.076;705.5;0.069;60;0;0;0.301;0.327;0.276;53;58;51;49.99;49.99;49.99;11950;1000;0.0;0;0.0000;0;0;36;36;36
60;2014-03-09 06:48:00;909402N262;171;0.039;18;234;233;234;234;0.316;49.99;548.2;0.139;577.7;0.080;703.7;0.073;60;0;0;0.297;0.365;0.287;53;63;53;49.99;49.99;49.99;11950;1000;0.0;0;0.0000;0;0;39;39;39
60;2014-03-09 06:49:00;909402N262;178;0.042;18;234;234;234;234;0.317;49.99;550.8;0.143;584.8;0.082;716.4;0.074;60;0;0;0.303;0.370;0.279;56;67;53;49.99;49.99;49.99;11950;1000;0.0;0;0.0000;0;0;42;42;42
60;2014-03-09 06:50:00;909402N262;184;0.044;18;234;234;234;235;0.344;49.99;551.7;0.148;588.5;0.083;707.0;0.078;60;0;0;0.307;0.458;0.269;53;79;49;49.99;49.99;49.99;11950;1000;0.0;0;0.0000;0;0;44;44;44
60;2014-03-09 06:51:00;909402N262;192;0.047;18;234;233;234;235;0.354;50.02;554.0;0.153;584.4;0.088;714.4;0.080;60;0;0;0.316;0.432;0.315;56;75;58;50.02;50.02;50.02;11950;1000;0.0;0;0.0000;0;0;47;47;47
60;2014-03-09 06:52:00;909402N262;196;0.051;18;234;234;234;234;0.367;50.01;554.7;0.158;586.5;0.089;716.8;0.082;60;0;0;0.313;0.465;0.324;55;80;59;50.01;50.01;50.01;11950;1000;0.0;0;0.0000;0;0;51;51;51
60;2014-03-09 06:53:00;909402N262;201;0.054;18;234;234;234;234;0.371;50.01;556.7;0.161;593.4;0.092;728.0;0.083;60;0;0;0.323;0.469;0.323;58;82;59;50.01;50.01;50.01;11950;1000;0.0;0;0.0000;0;0;54;54;54
60;2014-03-09 06:54:00;909402N262;208;0.059;19;234;234;234;234;0.393;50.01;557.6;0.165;592.1;0.095;720.2;0.086;60;0;0;0.356;0.493;0.330;61;85;60;50.01;50.01;50.01;11950;1000;0.0;0;0.0000;0;0;59;59;59
60;2014-03-09 06:55:00;909402N262;214;0.061;19;235;234;235;235;0.402;50.01;559.7;0.169;591.7;0.099;722.5;0.089;60;0;0;0.374;0.531;0.302;65;92;55;50.01;50.01;50.01;11950;1000;0.0;0;0.0000;0;0;61;61;61
60;2014-03-09 06:56:00;909402N262;223;0.065;19;234;234;235;234;0.416;50.02;560.5;0.175;598.9;0.101;724.9;0.093;60;0;0;0.409;0.530;0.311;72;92;57;50.02;50.02;50.02;11950;1000;0.0;0;0.0000;0;0;65;65;65
60;2014-03-09 06:57:00;909402N262;230;0.068;19;234;234;235;234;0.431;50.01;563.3;0.180;597.7;0.105;728.3;0.095;60;0;0;0.408;0.528;0.357;72;93;64;50.01;50.01;50.01;11950;1000;0.0;0;0.0000;0;0;68;68;68
60;2014-03-09 06:58:00;909402N262;238;0.074;19;234;234;235;234;0.447;50.01;565.5;0.184;597.0;0.109;728.3;0.098;60;0;0;0.413;0.569;0.359;72;98;65;50.01;50.01;50.01;11950;1000;0.0;0;0.0000;0;0;74;74;74
60;2014-03-09 06:59:00;909402N262;244;0.078;19;234;234;235;235;0.463;50.02;566.7;0.187;602.6;0.110;727.4;0.101;60;0;0;0.414;0.578;0.399;70;100;72;50.02;50.02;50.02;11950;1000;0.0;0;0.0000;0;0;78;78;78
60;2014-03-09 07:00:00;909402N262;248;0.081;19;234;234;234;235;0.466;50.03;566.7;0.192;606.2;0.112;734.7;0.101;60;0;0;0.439;0.561;0.398;76;98;72;50.03;50.03;50.03;11950;1000;0.0;0;0.0000;0;0;81;81;81
[wr_ende]
