20140114;100001;danfoss;My Plant;+0100
[wr_def_start]
909402N262;Inverter Type;Inverter Group;Hanzl
[wr_def_end]
[wr]
INTERVAL;TIMESTAMP;SERIAL;P_AC;E_DAY;T_WR;U_AC;U_AC_1;U_AC_2;U_AC_3;I_AC;F_AC;U_DC_1;I_DC_1;U_DC_2;I_DC_2;U_DC_3;I_DC_3;S;E_WR;M_WR;I_AC_1;I_AC_2;I_AC_3;P_AC_1;P_AC_2;P_AC_3;F_AC_1;F_AC_2;F_AC_3;R_DC;PC;PCS;PCS_LL;COS_PHI;COS_PHI_LL;S_COS_PHI;Current_Day_Energy;current_Day_Offset;ccEnergyOfDay_WithoutOffset
60;2014-01-14 09:01:00;909402N262;119;0.083;22;231;231;230;232;0.527;50.00;543.5;0.135;599.8;0.091;0.0;0.000;60;0;0;0.576;0.350;0.657;51;35;34;50.00;50.00;50.00;11087;1000;0.0;0;0.0000;0;0;83;83;83
60;2014-01-14 09:02:00;909402N262;104;0.084;22;231;232;230;232;0.477;50.01;539.2;0.118;603.3;0.080;0.0;0.000;60;0;0;0.490;0.450;0.493;41;53;11;50.01;50.01;50.01;11087;1000;0.0;0;0.0000;0;0;84;84;84
60;2014-01-14 09:03:00;909402N262;98;0.086;22;231;231;230;232;0.475;50.01;536.5;0.115;581.6;0.077;0.0;0.000;60;0;0;0.496;0.419;0.511;45;49;8;50.01;50.01;50.01;11087;1000;0.0;0;0.0000;0;0;86;86;86
60;2014-01-14 09:04:00;909402N262;113;0.088;22;231;231;230;232;0.520;49.99;542.1;0.130;592.5;0.085;0.0;0.000;60;0;0;0.572;0.317;0.673;54;32;26;49.99;49.99;49.99;11087;1000;0.0;0;0.0000;0;0;88;88;88
60;2014-01-14 09:05:00;909402N262;122;0.089;22;231;231;230;232;0.505;49.99;545.9;0.136;609.9;0.089;0.0;0.000;60;0;0;0.554;0.283;0.679;57;27;36;49.99;49.99;49.99;11087;1000;0.0;0;0.0000;0;0;89;89;89
60;2014-01-14 09:06:00;909402N262;128;0.090;22;231;231;229;232;0.488;49.98;546.8;0.143;610.8;0.094;0.0;0.000;60;0;0;0.542;0.209;0.713;63;20;43;49.98;49.98;49.98;11087;1000;0.0;0;0.0000;0;0;90;90;90
60;2014-01-14 09:07:00;909402N262;140;0.092;22;231;231;230;232;0.526;49.99;550.8;0.157;616.5;0.102;0.0;0.000;60;0;0;0.621;0.217;0.740;69;24;48;49.99;49.99;49.99;11087;1000;0.0;0;0.0000;0;0;92;92;92
60;2014-01-14 09:08:00;909402N262;159;0.094;22;231;231;229;232;0.685;49.99;556.5;0.174;618.0;0.115;0.0;0.000;60;0;0;0.772;0.469;0.815;60;53;44;49.99;49.99;49.99;11087;1000;0.0;0;0.0000;0;0;94;94;94
60;2014-01-14 09:09:00;909402N262;183;0.096;22;231;231;230;232;0.706;50.01;558.1;0.197;624.4;0.131;0.0;0.000;60;0;0;0.750;0.664;0.706;42;86;54;50.01;50.01;50.01;11087;1000;0.0;0;0.0000;0;0;96;96;96
60;2014-01-14 09:10:00;909402N262;185;0.099;22;231;231;230;231;0.653;49.99;557.9;0.199;629.4;0.131;0.0;0.000;60;0;0;0.660;0.669;0.631;41;82;61;49.99;49.99;49.99;11087;1000;0.0;0;0.0000;0;0;99;99;99
60;2014-01-14 09:11:00;909402N262;181;0.100;23;231;230;230;231;0.690;49.99;558.8;0.194;626.0;0.130;0.0;0.000;60;0;0;0.673;0.689;0.709;51;76;52;49.99;49.99;49.99;11087;1000;0.0;0;0.0000;0;0;100;100;100
60;2014-01-14 09:12:00;909402N262;164;0.103;23;231;230;230;232;0.598;49.98;556.4;0.176;623.6;0.119;0.0;0.000;60;0;0;0.505;0.631;0.658;35;77;50;49.98;49.98;49.98;11087;1000;0.0;0;0.0000;0;0;103;103;103
60;2014-01-14 09:13:00;909402N262;145;0.105;23;231;231;230;231;0.580;49.98;550.5;0.161;611.6;0.107;0.0;0.000;60;0;0;0.516;0.602;0.623;27;67;50;49.98;49.98;49.98;11087;1000;0.0;0;0.0000;0;0;105;105;105
60;2014-01-14 09:14:00;909402N262;148;0.108;23;231;231;231;231;0.589;49.98;552.8;0.163;609.5;0.109;0.0;0.000;60;0;0;0.552;0.654;0.562;32;68;46;49.98;49.98;49.98;11087;1000;0.0;0;0.0000;0;0;108;108;108
60;2014-01-14 09:15:00;909402N262;148;0.112;23;231;230;231;231;0.574;49.98;551.2;0.163;614.7;0.109;0.0;0.000;60;0;0;0.516;0.654;0.554;33;70;43;49.98;49.98;49.98;11087;1000;0.0;0;0.0000;0;0;112;112;112
60;2014-01-14 09:16:00;909402N262;147;0.113;23;231;230;231;231;0.581;49.98;552.7;0.163;604.4;0.111;0.0;0.000;60;0;0;0.444;0.613;0.688;32;55;58;49.98;49.98;49.98;11087;1000;0.0;0;0.0000;0;0;113;113;113
60;2014-01-14 09:17:00;909402N262;146;0.116;23;231;231;230;231;0.607;49.96;552.0;0.160;618.4;0.107;0.0;0.000;60;0;0;0.563;0.598;0.662;26;68;51;49.96;49.96;49.96;11087;1000;0.0;0;0.0000;0;0;116;116;116
60;2014-01-14 09:18:00;909402N262;140;0.118;23;231;231;230;231;0.595;49.97;553.4;0.154;618.7;0.101;0.0;0.000;60;0;0;0.539;0.583;0.663;29;60;50;49.97;49.97;49.97;11087;1000;0.0;0;0.0000;0;0;118;118;118
60;2014-01-14 09:19:00;909402N262;142;0.120;23;231;231;230;231;0.604;49.97;552.1;0.158;618.7;0.102;0.0;0.000;60;0;0;0.538;0.623;0.651;23;71;48;49.97;49.97;49.97;11087;1000;0.0;0;0.0000;0;0;120;120;120
60;2014-01-14 09:20:00;909402N262;149;0.123;23;231;231;230;231;0.614;49.97;553.9;0.164;619.4;0.108;0.0;0.000;60;0;0;0.595;0.620;0.629;34;73;40;49.97;49.97;49.97;11087;1000;0.0;0;0.0000;0;0;123;123;123
60;2014-01-14 09:21:00;909402N262;149;0.125;23;231;231;230;231;0.605;49.97;553.9;0.162;622.6;0.109;0.0;0.000;60;0;0;0.554;0.621;0.641;29;77;41;49.97;49.97;49.97;11087;1000;0.0;0;0.0000;0;0;125;125;125
60;2014-01-14 09:22:00;909402N262;129;0.127;23;231;231;231;231;0.594;49.98;547.5;0.141;619.1;0.097;0.0;0.000;60;0;0;0.544;0.582;0.658;31;56;42;49.98;49.98;49.98;11087;1000;0.0;0;0.0000;0;0;127;127;127
60;2014-01-14 09:23:00;909402N262;106;0.129;23;231;231;230;231;0.517;49.99;542.9;0.118;607.9;0.081;0.0;0.000;60;0;0;0.542;0.578;0.433;37;66;11;49.99;49.99;49.99;11087;1000;0.0;0;0.0000;0;0;129;129;129
60;2014-01-14 09:24:00;909402N262;90;0.131;23;230;230;230;231;0.493;49.98;539.8;0.104;594.4;0.070;0.0;0.000;60;0;0;0.460;0.480;0.541;21;51;21;49.98;49.98;49.98;11087;1000;0.0;0;0.0000;0;0;131;131;131
60;2014-01-14 09:25:00;909402N262;88;0.132;23;230;230;230;231;0.476;49.98;537.4;0.104;581.4;0.069;0.0;0.000;60;0;0;0.447;0.484;0.497;17;56;15;49.98;49.98;49.98;11087;1000;0.0;0;0.0000;0;0;132;132;132
60;2014-01-14 09:26:00;909402N262;94;0.134;23;230;231;230;231;0.455;49.98;535.9;0.112;586.6;0.072;0.0;0.000;60;0;0;0.456;0.493;0.417;25;58;14;49.98;49.98;49.98;11087;1000;0.0;0;0.0000;0;0;134;134;134
60;2014-01-14 09:27:00;909402N262;101;0.135;23;231;231;230;231;0.521;49.99;538.7;0.119;585.6;0.079;0.0;0.000;60;0;0;0.540;0.435;0.588;38;38;28;49.99;49.99;49.99;11087;1000;0.0;0;0.0000;0;0;135;135;135
60;2014-01-14 09:28:00;909402N262;111;0.138;23;230;230;229;231;0.521;49.98;540.8;0.129;592.1;0.084;0.0;0.000;60;0;0;0.509;0.498;0.556;31;59;24;49.98;49.98;49.98;11087;1000;0.0;0;0.0000;0;0;138;138;138
60;2014-01-14 09:29:00;909402N262;120;0.140;23;230;231;229;231;0.568;49.98;544.3;0.138;596.0;0.089;0.0;0.000;60;0;0;0.574;0.461;0.670;38;52;31;49.98;49.98;49.98;11087;1000;0.0;0;0.0000;0;0;140;140;140
60;2014-01-14 09:30:00;909402N262;132;0.142;23;230;230;229;231;0.577;49.99;548.5;0.150;597.7;0.098;0.0;0.000;60;0;0;0.540;0.468;0.725;34;51;45;49.99;49.99;49.99;11087;1000;0.0;0;0.0000;0;0;142;142;142
60;2014-01-14 09:31:00;909402N262;148;0.145;23;230;230;229;231;0.585;49.98;532.2;0.172;606.6;0.113;0.0;0.000;60;0;0;0.602;0.465;0.689;49;57;40;49.98;49.98;49.98;11087;1000;0.0;0;0.0000;0;0;145;145;145
60;2014-01-14 09:32:00;909402N262;173;0.148;23;230;230;230;231;0.590;49.97;557.3;0.187;622.2;0.124;0.0;0.000;60;0;0;0.540;0.672;0.560;38;86;47;49.97;49.97;49.97;11087;1000;0.0;0;0.0000;0;0;148;148;148
60;2014-01-14 09:33:00;909402N262;180;0.150;23;230;231;230;230;0.608;49.98;559.4;0.192;625.9;0.128;0.0;0.000;60;0;0;0.586;0.660;0.580;38;82;58;49.98;49.98;49.98;11087;1000;0.0;0;0.0000;0;0;150;150;150
60;2014-01-14 09:34:00;909402N262;175;0.154;23;230;231;230;230;0.605;49.98;557.8;0.187;626.4;0.125;0.0;0.000;60;0;0;0.589;0.656;0.571;35;78;60;49.98;49.98;49.98;11087;1000;0.0;0;0.0000;0;0;154;154;154
60;2014-01-14 09:35:00;909402N262;159;0.155;23;230;231;230;230;0.618;49.99;555.1;0.172;622.8;0.115;0.0;0.000;60;0;0;0.657;0.671;0.526;38;79;40;49.99;49.99;49.99;11087;1000;0.0;0;0.0000;0;0;155;155;155
60;2014-01-14 09:36:00;909402N262;143;0.158;23;230;230;230;230;0.587;49.98;550.0;0.158;615.8;0.105;0.0;0.000;60;0;0;0.528;0.649;0.586;31;69;40;49.98;49.98;49.98;11087;1000;0.0;0;0.0000;0;0;158;158;158
60;2014-01-14 09:37:00;909402N262;130;0.160;23;232;232;232;233;0.581;49.98;549.1;0.145;605.3;0.098;0.0;0.000;60;0;0;0.525;0.571;0.647;29;61;39;49.98;49.98;49.98;11087;1000;0.0;0;0.0000;0;0;160;160;160
60;2014-01-14 09:38:00;909402N262;130;0.163;23;233;233;232;233;0.593;49.99;548.0;0.147;600.9;0.098;0.0;0.000;60;0;0;0.560;0.596;0.624;29;72;31;49.99;49.99;49.99;11087;1000;0.0;0;0.0000;0;0;163;163;163
60;2014-01-14 09:39:00;909402N262;135;0.165;23;233;233;232;233;0.611;49.98;547.8;0.152;604.7;0.101;0.0;0.000;60;0;0;0.612;0.492;0.729;40;56;38;49.98;49.98;49.98;11087;1000;0.0;0;0.0000;0;0;165;165;165
60;2014-01-14 09:40:00;909402N262;142;0.166;23;233;233;231;233;0.607;49.99;550.2;0.158;604.2;0.104;0.0;0.000;60;0;0;0.647;0.495;0.681;47;61;33;49.99;49.99;49.99;11087;1000;0.0;0;0.0000;0;0;166;166;166
60;2014-01-14 09:41:00;909402N262;146;0.169;23;233;233;232;233;0.591;49.99;550.5;0.163;603.0;0.109;0.0;0.000;60;0;0;0.620;0.376;0.777;57;41;52;49.99;49.99;49.99;11087;1000;0.0;0;0.0000;0;0;169;169;169
60;2014-01-14 09:42:00;909402N262;142;0.172;23;232;232;232;233;0.549;49.98;551.1;0.158;606.7;0.105;0.0;0.000;60;0;0;0.579;0.237;0.831;67;16;68;49.98;49.98;49.98;11087;1000;0.0;0;0.0000;0;0;172;172;172
60;2014-01-14 09:43:00;909402N262;132;0.174;23;233;232;232;234;0.524;49.99;549.3;0.147;603.7;0.099;0.0;0.000;60;0;0;0.554;0.250;0.770;65;12;62;49.99;49.99;49.99;11087;1000;0.0;0;0.0000;0;0;174;174;174
60;2014-01-14 09:44:00;909402N262;123;0.176;24;233;232;232;233;0.506;49.99;545.5;0.139;601.6;0.091;0.0;0.000;60;0;0;0.500;0.330;0.688;49;25;48;49.99;49.99;49.98;11087;1000;0.0;0;0.0000;0;0;176;176;176
60;2014-01-14 09:45:00;909402N262;124;0.178;24;233;233;232;233;0.523;49.98;543.7;0.141;593.1;0.095;0.0;0.000;60;0;0;0.538;0.371;0.661;49;31;45;49.98;49.98;49.98;11087;1000;0.0;0;0.0000;0;0;178;178;178
60;2014-01-14 09:46:00;909402N262;119;0.181;24;233;233;232;233;0.512;49.97;530.3;0.137;590.3;0.091;0.0;0.000;60;0;0;0.495;0.446;0.597;33;49;36;49.97;49.97;49.97;11087;1000;0.0;0;0.0000;0;0;181;181;181
60;2014-01-14 09:47:00;909402N262;109;0.182;24;233;233;232;233;0.533;49.98;540.8;0.126;598.9;0.083;0.0;0.000;60;0;0;0.556;0.452;0.592;29;52;28;49.98;49.98;49.98;11087;1000;0.0;0;0.0000;0;0;182;182;182
60;2014-01-14 09:48:00;909402N262;103;0.184;24;233;233;232;233;0.493;49.97;538.5;0.119;588.8;0.080;0.0;0.000;60;0;0;0.539;0.540;0.401;25;65;14;49.97;49.97;49.97;11087;1000;0.0;0;0.0000;0;0;184;184;184
60;2014-01-14 09:49:00;909402N262;95;0.186;24;233;233;232;233;0.496;49.97;534.4;0.112;588.9;0.074;0.0;0.000;60;0;0;0.541;0.493;0.456;16;60;19;49.97;49.97;49.97;11087;1000;0.0;0;0.0000;0;0;186;186;186
60;2014-01-14 09:50:00;909402N262;91;0.187;24;233;233;233;233;0.503;49.98;540.9;0.106;586.6;0.070;0.0;0.000;60;0;0;0.540;0.494;0.475;23;57;16;49.98;49.98;49.98;11087;1000;0.0;0;0.0000;0;0;187;187;187
60;2014-01-14 09:51:00;909402N262;91;0.189;24;233;233;233;234;0.488;49.97;541.3;0.106;586.6;0.070;0.0;0.000;60;0;0;0.487;0.428;0.549;19;48;25;49.97;49.97;49.97;11087;1000;0.0;0;0.0000;0;0;189;189;189
60;2014-01-14 09:52:00;909402N262;91;0.190;24;233;233;233;234;0.456;49.98;541.2;0.105;586.9;0.070;0.0;0.000;60;0;0;0.439;0.433;0.498;24;48;21;49.98;49.98;49.98;11087;1000;0.0;0;0.0000;0;0;190;190;190
60;2014-01-14 09:53:00;909402N262;89;0.192;24;233;233;233;234;0.442;49.98;535.9;0.105;582.6;0.070;0.0;0.000;60;0;0;0.442;0.450;0.434;30;48;13;49.98;49.98;49.98;11087;1000;0.0;0;0.0000;0;0;192;192;192
60;2014-01-14 09:54:00;909402N262;87;0.193;24;233;233;233;234;0.399;49.99;530.5;0.102;577.2;0.069;0.0;0.000;60;0;0;0.388;0.346;0.464;37;34;14;49.99;49.99;49.99;11087;1000;0.0;0;0.0000;0;0;193;193;193
60;2014-01-14 09:55:00;909402N262;80;0.194;24;233;233;233;234;0.385;49.98;531.2;0.095;581.7;0.063;0.0;0.000;60;0;0;0.361;0.280;0.514;34;25;20;49.98;49.98;49.98;11087;1000;0.0;0;0.0000;0;0;194;194;194
60;2014-01-14 09:56:00;909402N262;80;0.196;24;233;233;233;235;0.379;49.99;530.4;0.096;576.2;0.063;0.0;0.000;60;0;0;0.351;0.280;0.506;41;24;13;49.99;49.99;49.99;11087;1000;0.0;0;0.0000;0;0;196;196;196
60;2014-01-14 09:57:00;909402N262;89;0.197;24;233;233;233;234;0.383;49.99;533.7;0.106;577.8;0.070;0.0;0.000;60;0;0;0.363;0.315;0.471;39;30;18;49.99;49.99;49.99;11087;1000;0.0;0;0.0000;0;0;197;197;197
60;2014-01-14 09:58:00;909402N262;101;0.199;24;233;233;233;234;0.391;49.98;537.9;0.117;585.5;0.078;0.0;0.000;60;0;0;0.362;0.395;0.418;37;42;21;49.98;49.98;49.98;11087;1000;0.0;0;0.0000;0;0;199;199;199
60;2014-01-14 09:59:00;909402N262;105;0.202;24;233;233;233;234;0.408;49.98;537.3;0.122;591.9;0.082;0.0;0.000;60;0;0;0.403;0.355;0.467;39;39;26;49.98;49.98;49.98;11087;1000;0.0;0;0.0000;0;0;202;202;202
60;2014-01-14 10:00:00;909402N262;109;0.202;24;233;233;233;234;0.403;49.98;542.9;0.125;597.7;0.082;0.0;0.000;60;0;0;0.396;0.346;0.467;43;37;27;49.98;49.98;49.98;11087;1000;0.0;0;0.0000;0;0;202;202;202
[wr_ende]
