20140419;180005;danfoss;My Plant;+0100
[wr_def_start]
909402N262;Inverter Type;Inverter Group;Hanzl
[wr_def_end]
[wr]
INTERVAL;TIMESTAMP;SERIAL;P_AC;E_DAY;T_WR;U_AC;U_AC_1;U_AC_2;U_AC_3;I_AC;F_AC;U_DC_1;I_DC_1;U_DC_2;I_DC_2;U_DC_3;I_DC_3;S;E_WR;M_WR;I_AC_1;I_AC_2;I_AC_3;P_AC_1;P_AC_2;P_AC_3;F_AC_1;F_AC_2;F_AC_3;R_DC;PC;PCS;PCS_LL;COS_PHI;COS_PHI_LL;S_COS_PHI;Current_Day_Energy;current_Day_Offset;ccEnergyOfDay_WithoutOffset
60;2014-04-19 17:01:00;909402N262;1062;48.265;40;235;236;234;236;1.628;50.03;550.5;0.765;613.5;0.482;749.5;0.474;60;0;0;1.602;1.661;1.621;347;361;352;50.03;50.03;50.03;29743;1000;0.0;0;0.0000;0;0;48265;48265;48265
60;2014-04-19 17:02:00;909402N262;999;48.281;40;235;236;234;237;1.595;50.04;556.0;0.715;619.3;0.451;753.4;0.442;60;0;0;1.564;1.636;1.585;324;341;331;50.04;50.04;50.04;29743;1000;0.0;0;0.0000;0;0;48281;48281;48281
60;2014-04-19 17:03:00;909402N262;916;48.297;40;235;236;234;237;1.487;50.04;556.3;0.658;615.8;0.416;749.1;0.404;60;0;0;1.470;1.519;1.473;299;312;302;50.04;50.04;50.04;29743;1000;0.0;0;0.0000;0;0;48297;48297;48297
60;2014-04-19 17:04:00;909402N262;838;48.310;40;236;236;235;237;1.415;50.04;538.7;0.627;613.4;0.384;745.4;0.369;60;0;0;1.415;1.434;1.397;278;285;274;50.04;50.04;50.04;29743;1000;0.0;0;0.0000;0;0;48310;48310;48310
60;2014-04-19 17:05:00;909402N262;783;48.324;40;236;236;235;237;1.352;50.05;534.2;0.591;611.8;0.364;739.8;0.345;60;0;0;1.329;1.387;1.340;255;266;259;50.06;50.05;50.05;29743;1000;0.0;0;0.0000;0;0;48324;48324;48324
60;2014-04-19 17:06:00;909402N262;753;48.336;40;236;236;234;237;1.309;50.06;533.5;0.568;611.3;0.354;737.9;0.332;60;0;0;1.281;1.346;1.302;245;257;249;50.06;50.06;50.06;29743;1000;0.0;0;0.0000;0;0;48336;48336;48336
60;2014-04-19 17:07:00;909402N262;728;48.348;40;236;236;234;237;1.274;50.07;542.7;0.535;611.1;0.346;735.9;0.321;60;0;0;1.245;1.308;1.269;236;250;240;50.07;50.07;50.07;29743;1000;0.0;0;0.0000;0;0;48348;48348;48348
60;2014-04-19 17:08:00;909402N262;719;48.361;40;236;235;235;237;1.258;50.06;548.4;0.520;612.0;0.344;735.0;0.316;60;0;0;1.208;1.295;1.271;228;248;241;50.06;50.06;50.06;29743;1000;0.0;0;0.0000;0;0;48361;48361;48361
60;2014-04-19 17:09:00;909402N262;728;48.373;40;236;234;236;237;1.270;50.05;546.6;0.526;616.7;0.348;735.9;0.320;60;0;0;1.224;1.328;1.259;231;255;241;50.05;50.05;50.05;29743;1000;0.0;0;0.0000;0;0;48373;48373;48373
60;2014-04-19 17:10:00;909402N262;754;48.385;40;236;234;236;237;1.311;50.05;546.0;0.542;625.0;0.354;738.5;0.332;60;0;0;1.276;1.349;1.310;242;258;251;50.05;50.05;50.05;29743;1000;0.0;0;0.0000;0;0;48385;48385;48385
60;2014-04-19 17:11:00;909402N262;781;48.398;40;236;234;236;237;1.347;50.06;546.0;0.561;632.7;0.361;740.7;0.346;60;0;0;1.323;1.388;1.332;252;268;259;50.06;50.06;50.06;29743;1000;0.0;0;0.0000;0;0;48398;48398;48398
60;2014-04-19 17:12:00;909402N262;803;48.412;40;235;235;235;237;1.378;50.05;547.0;0.576;637.8;0.367;744.0;0.356;60;0;0;1.359;1.415;1.362;261;274;266;50.05;50.05;50.05;29743;1000;0.0;0;0.0000;0;0;48412;48412;48412
60;2014-04-19 17:13:00;909402N262;824;48.426;40;235;235;235;237;1.402;50.06;547.6;0.587;641.2;0.373;746.9;0.366;60;0;0;1.390;1.431;1.386;270;280;273;50.06;50.06;50.06;29743;1000;0.0;0;0.0000;0;0;48426;48426;48426
60;2014-04-19 17:14:00;909402N262;841;48.440;40;235;235;235;237;1.423;50.05;548.4;0.596;642.2;0.379;752.3;0.372;60;0;0;1.407;1.455;1.408;275;285;278;50.05;50.05;50.05;29743;1000;0.0;0;0.0000;0;0;48440;48440;48440
60;2014-04-19 17:15:00;909402N262;840;48.453;40;236;235;234;237;1.420;50.05;549.3;0.594;641.1;0.379;752.7;0.372;60;0;0;1.412;1.444;1.405;276;284;277;50.05;50.05;50.05;29743;1000;0.0;0;0.0000;0;0;48453;48453;48453
60;2014-04-19 17:16:00;909402N262;815;48.467;40;236;235;235;237;1.370;50.05;545.6;0.585;620.9;0.377;744.5;0.368;60;0;0;1.355;1.404;1.351;267;277;268;50.05;50.05;50.05;29743;1000;0.0;0;0.0000;0;0;48467;48467;48467
60;2014-04-19 17:17:00;909402N262;813;48.481;40;236;235;235;237;1.338;50.04;550.9;0.574;640.2;0.367;747.4;0.362;60;0;0;1.313;1.353;1.348;265;272;273;50.04;50.04;50.04;29743;1000;0.0;0;0.0000;0;0;48481;48481;48481
60;2014-04-19 17:18:00;909402N262;796;48.494;40;236;235;235;237;1.320;50.02;551.7;0.561;638.4;0.361;747.3;0.354;60;0;0;1.302;1.331;1.328;260;267;267;50.02;50.02;50.02;29743;1000;0.0;0;0.0000;0;0;48494;48494;48494
60;2014-04-19 17:19:00;909402N262;779;48.508;40;236;235;235;237;1.303;50.02;552.6;0.549;636.3;0.355;746.1;0.347;60;0;0;1.286;1.316;1.309;254;263;261;50.02;50.02;50.02;29743;1000;0.0;0;0.0000;0;0;48508;48508;48508
60;2014-04-19 17:20:00;909402N262;767;48.520;40;235;235;235;236;1.289;50.02;553.7;0.539;633.5;0.351;746.3;0.340;60;0;0;1.278;1.305;1.284;251;260;253;50.02;50.02;50.02;29743;1000;0.0;0;0.0000;0;0;48520;48520;48520
60;2014-04-19 17:21:00;909402N262;753;48.532;40;235;235;235;236;1.272;50.01;554.9;0.530;631.6;0.346;745.4;0.333;60;0;0;1.253;1.300;1.264;245;258;247;50.01;50.01;50.01;29743;1000;0.0;0;0.0000;0;0;48532;48532;48532
60;2014-04-19 17:22:00;909402N262;733;48.544;40;235;234;235;236;1.243;50.02;555.8;0.516;629.4;0.338;744.1;0.326;60;0;0;1.204;1.285;1.240;234;254;243;50.02;50.02;50.02;29743;1000;0.0;0;0.0000;0;0;48544;48544;48544
60;2014-04-19 17:23:00;909402N262;703;48.556;39;235;234;235;237;1.211;50.02;556.0;0.497;627.2;0.326;742.3;0.311;60;0;0;1.181;1.240;1.214;225;241;236;50.02;50.02;50.02;29743;1000;0.0;0;0.0000;0;0;48556;48556;48556
60;2014-04-19 17:24:00;909402N262;673;48.568;39;235;234;234;237;1.173;50.01;554.6;0.479;626.8;0.312;739.4;0.298;60;0;0;1.168;1.193;1.159;221;228;223;50.01;50.01;50.01;29743;1000;0.0;0;0.0000;0;0;48568;48568;48568
60;2014-04-19 17:25:00;909402N262;652;48.579;39;235;234;234;237;1.146;50.01;553.4;0.465;627.3;0.302;737.6;0.290;60;0;0;1.133;1.171;1.134;212;221;217;50.01;50.01;50.01;29743;1000;0.0;0;0.0000;0;0;48579;48579;48579
60;2014-04-19 17:26:00;909402N262;634;48.590;39;234;234;233;237;1.117;50.01;552.5;0.453;626.8;0.293;735.9;0.282;60;0;0;1.089;1.137;1.125;205;214;213;50.01;50.01;50.01;29743;1000;0.0;0;0.0000;0;0;48590;48590;48590
60;2014-04-19 17:27:00;909402N262;615;48.600;39;234;234;234;236;1.089;50.01;552.0;0.441;624.9;0.287;734.3;0.274;60;0;0;1.049;1.126;1.092;196;210;207;50.01;50.01;50.01;29743;1000;0.0;0;0.0000;0;0;48600;48600;48600
60;2014-04-19 17:28:00;909402N262;602;48.609;39;234;234;235;235;1.070;50.00;551.1;0.432;624.6;0.281;733.9;0.268;60;0;0;1.034;1.096;1.082;192;205;204;50.00;50.00;50.00;29743;1000;0.0;0;0.0000;0;0;48609;48609;48609
60;2014-04-19 17:29:00;909402N262;598;48.619;39;235;234;235;236;1.066;50.01;549.8;0.429;627.3;0.277;731.5;0.267;60;0;0;1.037;1.093;1.069;191;204;200;50.01;50.01;50.01;29743;1000;0.0;0;0.0000;0;0;48619;48619;48619
60;2014-04-19 17:30:00;909402N262;604;48.630;39;235;234;235;235;1.068;50.01;548.5;0.432;631.2;0.278;735.4;0.269;60;0;0;1.037;1.088;1.081;195;204;204;50.01;50.01;50.01;29743;1000;0.0;0;0.0000;0;0;48630;48630;48630
60;2014-04-19 17:31:00;909402N262;615;48.640;39;235;235;235;235;1.087;50.01;542.3;0.446;634.3;0.289;716.7;0.280;60;0;0;1.052;1.113;1.098;197;208;207;50.01;50.01;50.01;29743;1000;0.0;0;0.0000;0;0;48640;48640;48640
60;2014-04-19 17:32:00;909402N262;658;48.652;39;235;235;235;235;1.168;50.00;548.0;0.466;641.2;0.299;740.4;0.294;60;0;0;1.147;1.205;1.154;213;224;217;50.00;50.00;50.00;29743;1000;0.0;0;0.0000;0;0;48652;48652;48652
60;2014-04-19 17:33:00;909402N262;701;48.663;39;234;235;235;234;1.228;49.98;548.9;0.494;645.9;0.317;745.4;0.314;60;0;0;1.210;1.259;1.215;229;240;230;49.98;49.98;49.98;29743;1000;0.0;0;0.0000;0;0;48663;48663;48663
60;2014-04-19 17:34:00;909402N262;755;48.676;39;234;235;234;234;1.296;50.00;549.2;0.528;649.7;0.338;750.5;0.338;60;0;0;1.265;1.351;1.274;244;264;245;50.00;50.00;50.00;29743;1000;0.0;0;0.0000;0;0;48676;48676;48676
60;2014-04-19 17:35:00;909402N262;815;48.689;39;234;235;234;234;1.391;50.01;550.9;0.567;651.0;0.364;756.8;0.364;60;0;0;1.377;1.430;1.368;268;278;267;50.01;50.01;50.01;29743;1000;0.0;0;0.0000;0;0;48689;48689;48689
60;2014-04-19 17:36:00;909402N262;869;48.703;39;234;235;233;234;1.447;50.02;552.2;0.601;651.3;0.388;758.7;0.387;60;0;0;1.448;1.458;1.437;289;292;285;50.02;50.02;50.02;29743;1000;0.0;0;0.0000;0;0;48703;48703;48703
60;2014-04-19 17:37:00;909402N262;901;48.719;39;234;235;233;234;1.471;50.02;552.7;0.624;649.6;0.403;760.0;0.400;60;0;0;1.467;1.482;1.464;298;304;297;50.02;50.02;50.02;29743;1000;0.0;0;0.0000;0;0;48719;48719;48719
60;2014-04-19 17:38:00;909402N262;906;48.734;39;234;235;233;235;1.474;50.02;553.1;0.629;646.6;0.407;759.8;0.402;60;0;0;1.464;1.491;1.467;298;307;298;50.02;50.02;50.02;29743;1000;0.0;0;0.0000;0;0;48734;48734;48734
60;2014-04-19 17:39:00;909402N262;888;48.749;39;234;235;234;234;1.460;50.00;553.0;0.620;643.9;0.399;758.8;0.394;60;0;0;1.460;1.472;1.450;295;300;291;50.00;50.00;50.00;29743;1000;0.0;0;0.0000;0;0;48749;48749;48749
60;2014-04-19 17:40:00;909402N262;858;48.763;39;235;235;236;234;1.431;50.00;553.5;0.600;642.2;0.385;758.2;0.380;60;0;0;1.422;1.456;1.416;282;293;280;50.00;50.00;50.00;29743;1000;0.0;0;0.0000;0;0;48763;48763;48763
60;2014-04-19 17:41:00;909402N262;827;48.776;39;235;235;236;234;1.406;50.00;553.5;0.579;640.9;0.372;756.2;0.367;60;0;0;1.388;1.440;1.392;270;282;272;50.00;50.00;50.00;29743;1000;0.0;0;0.0000;0;0;48776;48776;48776
60;2014-04-19 17:42:00;909402N262;801;48.790;39;235;235;235;235;1.371;49.99;552.7;0.562;640.0;0.361;753.1;0.357;60;0;0;1.352;1.405;1.357;262;273;265;49.99;49.99;49.99;29743;1000;0.0;0;0.0000;0;0;48790;48790;48790
60;2014-04-19 17:43:00;909402N262;783;48.803;39;235;234;236;235;1.341;49.98;551.7;0.549;640.2;0.351;751.1;0.349;60;0;0;1.317;1.376;1.332;255;267;258;49.98;49.98;49.98;29743;1000;0.0;0;0.0000;0;0;48803;48803;48803
60;2014-04-19 17:44:00;909402N262;765;48.816;39;235;234;236;235;1.312;49.99;550.5;0.539;639.9;0.344;749.1;0.343;60;0;0;1.282;1.369;1.286;248;267;249;49.99;49.99;49.99;29743;1000;0.0;0;0.0000;0;0;48816;48816;48816
60;2014-04-19 17:45:00;909402N262;750;48.828;38;235;234;235;235;1.291;50.00;549.3;0.529;638.8;0.337;749.3;0.335;60;0;0;1.244;1.348;1.282;239;262;246;50.00;50.00;50.00;29743;1000;0.0;0;0.0000;0;0;48828;48828;48828
60;2014-04-19 17:46:00;909402N262;715;48.840;38;235;234;235;235;1.239;50.00;544.8;0.512;617.2;0.331;739.1;0.327;60;0;0;1.200;1.285;1.234;228;248;236;50.00;50.00;50.00;29743;1000;0.0;0;0.0000;0;0;48840;48840;48840
60;2014-04-19 17:47:00;909402N262;692;48.851;38;235;234;235;235;1.217;49.99;548.5;0.491;631.3;0.315;745.0;0.311;60;0;0;1.199;1.244;1.209;225;236;229;49.99;49.99;49.99;29743;1000;0.0;0;0.0000;0;0;48851;48851;48851
60;2014-04-19 17:48:00;909402N262;648;48.863;38;235;234;234;236;1.151;49.99;545.8;0.465;625.7;0.297;741.1;0.292;60;0;0;1.119;1.183;1.152;210;220;215;49.99;49.99;49.99;29743;1000;0.0;0;0.0000;0;0;48863;48863;48863
60;2014-04-19 17:49:00;909402N262;600;48.872;38;234;234;234;236;1.080;49.99;543.7;0.434;619.6;0.277;736.2;0.272;60;0;0;1.028;1.124;1.088;191;206;202;49.99;49.99;49.99;29743;1000;0.0;0;0.0000;0;0;48872;48872;48872
60;2014-04-19 17:50:00;909402N262;552;48.882;38;234;235;233;235;1.001;49.99;541.9;0.402;614.3;0.256;731.9;0.250;60;0;0;0.946;1.047;1.011;174;191;184;49.99;49.99;49.99;29743;1000;0.0;0;0.0000;0;0;48882;48882;48882
60;2014-04-19 17:51:00;909402N262;508;48.891;38;234;234;234;236;0.926;49.99;539.8;0.373;611.1;0.235;726.7;0.231;60;0;0;0.909;0.989;0.882;165;179;162;49.99;49.99;49.99;29743;1000;0.0;0;0.0000;0;0;48891;48891;48891
60;2014-04-19 17:52:00;909402N262;469;48.897;38;235;234;234;236;0.849;49.98;538.7;0.346;609.8;0.217;728.1;0.213;60;0;0;0.825;0.914;0.809;150;167;149;49.98;49.98;49.98;29743;1000;0.0;0;0.0000;0;0;48897;48897;48897
60;2014-04-19 17:53:00;909402N262;434;48.906;38;235;234;235;235;0.794;49.97;536.2;0.323;607.6;0.202;717.8;0.200;60;0;0;0.770;0.869;0.743;139;157;135;49.97;49.97;49.97;29743;1000;0.0;0;0.0000;0;0;48906;48906;48906
60;2014-04-19 17:54:00;909402N262;403;48.913;38;234;234;235;234;0.750;49.97;533.9;0.302;606.3;0.188;714.7;0.185;60;0;0;0.721;0.820;0.711;129;146;126;49.97;49.97;49.97;29743;1000;0.0;0;0.0000;0;0;48913;48913;48913
60;2014-04-19 17:55:00;909402N262;377;48.919;38;234;234;235;235;0.710;49.97;532.1;0.282;606.5;0.176;710.4;0.174;60;0;0;0.638;0.816;0.676;113;142;120;49.97;49.97;49.97;29743;1000;0.0;0;0.0000;0;0;48919;48919;48919
60;2014-04-19 17:56:00;909402N262;354;48.924;38;235;234;235;235;0.683;49.97;530.6;0.266;601.2;0.168;705.9;0.166;60;0;0;0.583;0.807;0.660;102;138;112;49.97;49.97;49.97;29743;1000;0.0;0;0.0000;0;0;48924;48924;48924
60;2014-04-19 17:57:00;909402N262;338;48.929;38;234;234;235;235;0.660;49.98;529.7;0.252;595.3;0.163;703.4;0.159;60;0;0;0.559;0.770;0.653;95;129;111;49.98;49.98;49.98;29743;1000;0.0;0;0.0000;0;0;48929;48929;48929
60;2014-04-19 17:58:00;909402N262;319;48.936;38;234;234;235;234;0.633;49.98;527.8;0.240;585.3;0.157;700.6;0.150;60;0;0;0.550;0.748;0.602;91;125;101;49.98;49.98;49.98;29743;1000;0.0;0;0.0000;0;0;48936;48936;48936
60;2014-04-19 17:59:00;909402N262;298;48.940;38;235;235;235;235;0.614;49.99;525.8;0.226;579.7;0.147;697.3;0.140;60;0;0;0.554;0.723;0.566;90;116;90;49.99;49.99;49.99;29743;1000;0.0;0;0.0000;0;0;48940;48940;48940
60;2014-04-19 18:00:00;909402N262;275;48.944;38;235;235;235;236;0.587;50.01;524.0;0.211;576.2;0.136;691.4;0.130;60;0;0;0.541;0.694;0.528;84;107;82;50.01;50.01;50.01;29743;1000;0.0;0;0.0000;0;0;48944;48944;48944
[wr_ende]
