20150329;110001;danfoss;My Plant;+0100
[wr_def_start]
909402N262;Inverter Type;Inverter Group;Hanzl
[wr_def_end]
[wr]
INTERVAL;TIMESTAMP;SERIAL;P_AC;E_DAY;T_WR;U_AC;U_AC_1;U_AC_2;U_AC_3;I_AC;F_AC;U_DC_1;I_DC_1;U_DC_2;I_DC_2;U_DC_3;I_DC_3;S;E_WR;M_WR;I_AC_1;I_AC_2;I_AC_3;P_AC_1;P_AC_2;P_AC_3;F_AC_1;F_AC_2;F_AC_3;R_DC;PC;PCS;PCS_LL;COS_PHI;COS_PHI_LL;S_COS_PHI;Current_Day_Energy;current_Day_Offset;ccEnergyOfDay_WithoutOffset
60;2015-03-29 10:01:00;909402N262;2284;3.576;35;232;233;232;232;3.451;50.03;526.6;1.709;657.3;1.049;792.6;0.920;60;0;0;3.406;3.493;3.454;753;769;761;50.03;50.03;50.03;10785;1000;0.0;0;1.0000;0;2;3576;3576;3576
60;2015-03-29 10:02:00;909402N262;2276;3.614;36;234;234;234;234;3.414;50.02;524.9;1.694;675.0;1.036;792.6;0.894;60;0;0;3.366;3.444;3.432;746;765;763;50.02;50.02;50.02;10785;1000;0.0;0;1.0000;0;2;3614;3614;3614
60;2015-03-29 10:03:00;909402N262;2141;3.650;36;234;234;234;234;3.224;50.02;527.8;1.594;674.0;0.981;795.0;0.827;60;0;0;3.182;3.251;3.240;703;720;717;50.02;50.02;50.02;10785;1000;0.0;0;1.0000;0;2;3650;3650;3650
60;2015-03-29 10:04:00;909402N262;2056;3.684;36;235;235;235;234;3.099;50.02;505.5;1.604;671.3;0.978;794.9;0.765;60;0;0;3.059;3.145;3.093;675;698;681;50.02;50.02;50.02;10785;1000;0.0;0;1.0000;0;2;3684;3684;3684
60;2015-03-29 10:05:00;909402N262;2309;3.722;36;235;236;235;234;3.434;50.00;506.9;1.866;683.8;1.204;794.9;0.709;60;0;0;3.401;3.474;3.428;762;780;764;50.00;50.00;50.00;10785;1000;0.0;0;1.0000;0;2;3722;3722;3722
60;2015-03-29 10:06:00;909402N262;2746;3.766;36;235;234;236;235;4.032;50.00;509.3;2.320;682.3;1.571;794.9;0.658;60;0;0;3.972;4.078;4.048;896;931;917;50.00;50.00;50.00;10785;1000;0.0;0;1.0000;0;2;3766;3766;3766
60;2015-03-29 10:07:00;909402N262;3733;3.830;36;235;234;236;234;5.392;49.99;510.2;3.279;685.8;2.345;795.1;0.631;60;0;0;5.333;5.470;5.374;1226;1268;1237;49.99;49.99;49.99;10785;1000;0.0;0;1.0000;0;2;3830;3830;3830
60;2015-03-29 10:08:00;909402N262;3593;3.890;36;235;235;236;234;5.200;50.00;506.5;3.224;683.6;2.284;794.9;0.562;60;0;0;5.162;5.269;5.171;1189;1216;1186;50.00;50.00;50.00;10785;1000;0.0;0;1.0000;0;2;3890;3890;3890
60;2015-03-29 10:09:00;909402N262;3553;3.949;36;234;235;234;233;5.154;49.99;503.5;3.263;682.0;2.290;795.4;0.496;60;0;0;5.121;5.201;5.142;1180;1193;1177;49.99;49.99;49.99;10785;1000;0.0;0;1.0000;0;2;3949;3949;3949
60;2015-03-29 10:10:00;909402N262;3549;4.008;36;234;235;234;233;5.158;49.99;502.1;3.315;680.5;2.337;795.4;0.431;60;0;0;5.135;5.202;5.137;1180;1193;1173;49.99;49.99;49.99;10785;1000;0.0;0;1.0000;0;2;4008;4008;4008
60;2015-03-29 10:11:00;909402N262;3527;4.067;36;234;234;234;233;5.135;49.99;500.0;3.334;679.8;2.353;791.9;0.387;60;0;0;5.107;5.188;5.110;1171;1190;1164;49.99;49.99;49.99;10785;1000;0.0;0;1.0000;0;2;4067;4067;4067
60;2015-03-29 10:12:00;909402N262;3493;4.125;36;234;234;233;234;5.086;49.99;497.7;3.337;678.9;2.348;795.7;0.357;60;0;0;5.040;5.126;5.092;1154;1172;1165;49.99;49.99;49.99;10785;1000;0.0;0;1.0000;0;2;4125;4125;4125
60;2015-03-29 10:13:00;909402N262;3470;4.182;36;234;234;233;234;5.050;49.99;495.5;3.345;677.8;2.344;795.6;0.339;60;0;0;5.009;5.087;5.055;1145;1162;1160;49.99;49.99;49.99;10785;1000;0.0;0;1.0000;0;2;4182;4182;4182
60;2015-03-29 10:14:00;909402N262;3494;4.240;36;234;234;234;234;5.077;50.00;501.9;3.344;678.2;2.360;795.3;0.330;60;0;0;5.034;5.127;5.072;1154;1177;1161;50.00;50.00;50.00;10785;1000;0.0;0;1.0000;0;2;4240;4240;4240
60;2015-03-29 10:15:00;909402N262;3530;4.300;36;233;234;233;233;5.142;50.00;504.8;3.388;678.1;2.374;795.2;0.324;60;0;0;5.111;5.183;5.132;1171;1186;1172;50.00;50.00;50.00;10785;1000;0.0;0;1.0000;0;2;4300;4300;4300
60;2015-03-29 10:16:00;909402N262;3524;4.360;36;234;234;233;234;5.125;50.00;499.8;3.425;661.8;2.398;726.8;0.530;60;0;0;5.079;5.164;5.134;1164;1181;1176;50.00;50.00;50.00;10785;1000;0.0;0;1.0000;0;2;4360;4360;4360
60;2015-03-29 10:17:00;909402N262;3874;4.425;36;234;233;233;234;5.592;50.00;501.5;3.469;678.4;2.402;285.7;2.016;60;0;0;5.535;5.627;5.615;1275;1297;1300;50.00;50.00;50.00;10785;1000;0.0;0;1.0000;0;2;4425;4425;4425
60;2015-03-29 10:18:00;909402N262;3879;4.489;36;234;233;234;235;5.591;50.00;511.7;3.487;678.6;2.412;266.7;1.978;60;0;0;5.525;5.637;5.611;1273;1304;1300;50.00;50.00;50.00;10785;1000;0.0;0;1.0000;0;2;4489;4489;4489
60;2015-03-29 10:19:00;909402N262;3848;4.553;36;234;234;234;235;5.547;49.99;509.7;3.539;678.3;2.424;254.5;1.835;60;0;0;5.492;5.581;5.569;1268;1287;1292;49.99;49.99;49.99;10785;1000;0.0;0;1.0000;0;2;4553;4553;4553
60;2015-03-29 10:20:00;909402N262;3924;4.619;37;234;234;233;234;5.659;49.99;508.8;3.582;678.4;2.441;252.6;2.044;60;0;0;5.612;5.693;5.673;1296;1313;1313;49.99;49.99;49.99;10785;1000;0.0;0;1.0000;0;2;4619;4619;4619
60;2015-03-29 10:21:00;909402N262;4037;4.686;37;233;233;232;234;5.828;49.98;508.1;3.614;678.3;2.454;266.3;2.293;60;0;0;5.786;5.844;5.854;1336;1343;1356;49.98;49.98;49.98;10785;1000;0.0;0;1.0000;0;2;4686;4686;4686
60;2015-03-29 10:22:00;909402N262;4077;4.754;37;233;233;232;234;5.885;49.99;507.1;3.648;677.7;2.468;255.8;2.469;60;0;0;5.847;5.892;5.918;1351;1352;1373;49.99;49.99;49.99;10785;1000;0.0;0;1.0000;0;2;4754;4754;4754
60;2015-03-29 10:23:00;909402N262;4100;4.823;37;233;234;232;235;5.911;49.97;506.3;3.687;677.6;2.483;252.0;2.496;60;0;0;5.872;5.913;5.948;1358;1358;1382;49.97;49.97;49.97;10785;1000;0.0;0;1.0000;0;2;4823;4823;4823
60;2015-03-29 10:24:00;909402N262;4127;4.891;37;233;233;232;235;5.949;49.97;506.4;3.711;677.1;2.492;251.7;2.539;60;0;0;5.907;5.946;5.995;1364;1367;1394;49.98;49.98;49.98;10785;1000;0.0;0;1.0000;0;2;4891;4891;4891
60;2015-03-29 10:25:00;909402N262;4168;4.960;37;233;233;233;235;6.006;49.98;506.2;3.744;677.3;2.506;253.9;2.583;60;0;0;5.966;6.009;6.043;1379;1384;1403;49.98;49.98;49.98;10785;1000;0.0;0;1.0000;0;2;4960;4960;4960
60;2015-03-29 10:26:00;909402N262;4242;5.032;37;234;234;234;234;6.103;49.98;512.7;3.773;677.3;2.528;255.4;2.658;60;0;0;6.065;6.133;6.113;1405;1419;1416;49.98;49.98;49.98;10785;1000;0.0;0;1.0000;0;2;5032;5032;5032
60;2015-03-29 10:27:00;909402N262;4300;5.103;37;234;234;233;234;6.184;49.98;515.0;3.823;676.9;2.541;258.5;2.681;60;0;0;6.137;6.203;6.212;1421;1434;1442;49.98;49.98;49.98;10785;1000;0.0;0;1.0000;0;2;5103;5103;5103
60;2015-03-29 10:28:00;909402N262;4359;5.175;37;234;233;233;235;6.273;49.98;514.3;3.854;676.4;2.552;288.4;2.573;60;0;0;6.222;6.291;6.306;1439;1453;1466;49.98;49.98;49.98;10785;1000;0.0;0;1.0000;0;2;5175;5175;5175
60;2015-03-29 10:29:00;909402N262;4464;5.250;37;234;234;234;234;6.415;49.98;514.2;3.882;676.2;2.561;361.4;2.256;60;0;0;6.362;6.452;6.431;1473;1497;1492;49.98;49.98;49.98;10785;1000;0.0;0;1.0000;0;2;5250;5250;5250
60;2015-03-29 10:30:00;909402N262;4508;5.325;37;234;234;234;234;6.465;49.99;514.1;3.917;676.0;2.577;367.0;2.267;60;0;0;6.405;6.506;6.486;1485;1513;1508;49.99;49.99;49.99;10785;1000;0.0;0;1.0000;0;2;5325;5325;5325
60;2015-03-29 10:31:00;909402N262;4529;5.402;37;234;234;235;234;6.489;49.99;515.5;3.916;661.4;2.605;384.4;2.295;60;0;0;6.430;6.535;6.503;1490;1525;1512;49.99;49.99;49.99;10785;1000;0.0;0;1.0000;0;2;5402;5402;5402
60;2015-03-29 10:32:00;909402N262;4662;5.479;37;234;233;235;235;6.675;49.99;534.2;3.856;675.4;2.613;399.8;2.297;60;0;0;6.610;6.710;6.705;1532;1563;1565;49.99;49.99;49.99;10785;1000;0.0;0;1.0000;0;2;5479;5479;5479
60;2015-03-29 10:33:00;909402N262;4750;5.557;38;234;233;234;235;6.813;49.99;529.8;3.941;675.2;2.626;419.8;2.313;60;0;0;6.761;6.839;6.840;1566;1589;1593;49.99;49.99;49.99;10785;1000;0.0;0;1.0000;0;2;5557;5557;5557
60;2015-03-29 10:34:00;909402N262;4806;5.638;38;234;234;235;234;6.881;49.99;527.2;4.006;675.0;2.639;426.8;2.334;60;0;0;6.834;6.935;6.875;1589;1619;1596;49.99;49.99;49.99;10785;1000;0.0;0;1.0000;0;2;5638;5638;5638
60;2015-03-29 10:35:00;909402N262;4882;5.720;38;234;233;235;234;6.988;49.99;525.6;4.056;674.9;2.655;443.0;2.354;60;0;0;6.922;7.052;6.991;1606;1648;1626;49.99;49.99;49.99;10785;1000;0.0;0;1.0000;0;2;5720;5720;5720
60;2015-03-29 10:36:00;909402N262;4965;5.803;38;234;233;235;234;7.112;49.99;524.7;4.099;674.5;2.673;487.2;2.250;60;0;0;7.014;7.195;7.128;1620;1683;1660;49.99;49.99;49.99;10785;1000;0.0;0;1.0000;0;2;5803;5803;5803
60;2015-03-29 10:37:00;909402N262;5040;5.886;38;235;233;236;235;7.201;49.99;532.2;4.105;674.0;2.688;505.1;2.237;60;0;0;7.106;7.275;7.222;1646;1705;1687;49.99;49.99;49.99;10785;1000;0.0;0;1.0000;0;2;5886;5886;5886
60;2015-03-29 10:38:00;909402N262;5151;5.972;38;235;233;235;235;7.362;50.00;533.4;4.175;672.9;2.707;525.3;2.262;60;0;0;7.275;7.418;7.393;1685;1735;1728;50.00;50.00;50.00;10785;1000;0.0;0;1.0000;0;2;5972;5972;5972
60;2015-03-29 10:39:00;909402N262;5226;6.060;38;235;233;236;235;7.454;50.01;533.0;4.203;672.8;2.717;547.7;2.273;60;0;0;7.359;7.528;7.477;1708;1767;1749;50.01;50.01;50.01;10785;1000;0.0;0;1.0000;0;2;6060;6060;6060
60;2015-03-29 10:40:00;909402N262;5319;6.148;38;235;233;236;235;7.583;50.00;532.5;4.233;672.9;2.729;541.5;2.434;60;0;0;7.492;7.675;7.584;1740;1806;1771;50.00;50.00;50.00;10785;1000;0.0;0;1.0000;0;2;6148;6148;6148
60;2015-03-29 10:41:00;909402N262;5420;6.239;38;235;233;236;235;7.728;50.00;532.2;4.271;672.5;2.746;567.6;2.452;60;0;0;7.626;7.813;7.746;1771;1834;1813;50.00;50.00;50.00;10785;1000;0.0;0;1.0000;0;2;6239;6239;6239
60;2015-03-29 10:42:00;909402N262;5508;6.331;38;235;233;235;236;7.865;50.00;531.9;4.317;672.3;2.767;589.5;2.450;60;0;0;7.746;7.936;7.915;1794;1857;1855;50.00;50.00;50.00;10785;1000;0.0;0;1.0000;0;2;6331;6331;6331
60;2015-03-29 10:43:00;909402N262;5606;6.424;39;235;233;235;236;8.002;50.01;531.6;4.349;672.1;2.780;610.8;2.488;60;0;0;7.880;8.037;8.091;1825;1879;1900;50.01;50.01;50.01;10785;1000;0.0;0;1.0000;0;2;6424;6424;6424
60;2015-03-29 10:44:00;909402N262;5702;6.519;39;235;234;235;236;8.125;50.01;531.5;4.382;672.2;2.794;636.6;2.502;60;0;0;8.032;8.171;8.173;1869;1915;1917;50.01;50.01;50.01;10785;1000;0.0;0;1.0000;0;2;6519;6519;6519
60;2015-03-29 10:45:00;909402N262;5793;6.616;39;235;234;235;236;8.253;50.00;531.0;4.418;671.8;2.811;650.7;2.543;60;0;0;8.180;8.289;8.292;1906;1940;1944;50.00;50.00;50.00;10785;1000;0.0;0;1.0000;0;2;6616;6616;6616
60;2015-03-29 10:46:00;909402N262;5816;6.712;39;235;234;235;236;8.282;50.00;526.5;4.450;666.3;2.827;656.1;2.561;60;0;0;8.216;8.308;8.322;1916;1947;1952;50.00;50.00;50.00;10785;1000;0.0;0;1.0000;0;2;6712;6712;6712
60;2015-03-29 10:47:00;909402N262;5940;6.811;39;235;234;236;236;8.455;50.00;529.7;4.484;670.8;2.837;683.0;2.577;60;0;0;8.370;8.507;8.489;1949;1997;1993;50.00;50.00;50.00;10785;1000;0.0;0;1.0000;0;2;6811;6811;6811
60;2015-03-29 10:48:00;909402N262;6042;6.912;39;235;234;236;235;8.593;50.00;540.8;4.447;670.2;2.856;701.2;2.597;60;0;0;8.533;8.645;8.601;1993;2031;2016;50.00;50.00;50.00;10785;1000;0.0;0;1.0000;0;2;6912;6912;6912
60;2015-03-29 10:49:00;909402N262;6185;7.014;39;235;234;235;235;8.809;50.01;539.7;4.558;670.0;2.874;721.9;2.630;60;0;0;8.749;8.862;8.817;2042;2077;2064;50.01;50.01;50.01;10785;1000;0.0;0;1.0000;0;2;7014;7014;7014
60;2015-03-29 10:50:00;909402N262;6271;7.119;39;235;235;235;235;8.957;49.98;539.4;4.583;670.2;2.881;743.7;2.642;60;0;0;8.907;9.001;8.965;2076;2101;2092;49.98;49.98;49.98;10785;1000;0.0;0;1.0000;0;2;7119;7119;7119
60;2015-03-29 10:51:00;909402N262;6379;7.223;40;235;235;235;235;9.129;49.99;538.8;4.618;670.7;2.892;769.3;2.662;60;0;0;9.081;9.174;9.134;2111;2139;2126;49.99;49.99;49.99;10785;1000;0.0;0;1.0000;0;2;7223;7223;7223
60;2015-03-29 10:52:00;909402N262;6475;7.332;40;234;234;235;234;9.282;49.98;539.0;4.662;670.9;2.912;785.1;2.686;60;0;0;9.236;9.320;9.291;2144;2170;2160;49.98;49.98;49.98;10785;1000;0.0;0;1.0000;0;2;7332;7332;7332
60;2015-03-29 10:53:00;909402N262;6539;7.441;40;235;234;235;235;9.349;49.98;537.9;4.695;670.4;2.925;795.0;2.707;60;0;0;9.291;9.397;9.361;2159;2194;2184;49.98;49.98;49.98;10785;1000;0.0;0;1.0000;0;2;7441;7441;7441
60;2015-03-29 10:54:00;909402N262;6587;7.550;40;235;234;235;236;9.409;49.98;536.9;4.728;669.7;2.939;795.0;2.742;60;0;0;9.325;9.452;9.451;2166;2207;2212;49.98;49.98;49.98;10785;1000;0.0;0;1.0000;0;2;7550;7550;7550
60;2015-03-29 10:55:00;909402N262;6629;7.662;40;235;234;235;236;9.458;49.98;535.7;4.755;669.0;2.949;795.3;2.779;60;0;0;9.368;9.498;9.510;2179;2217;2231;49.98;49.98;49.98;10785;1000;0.0;0;1.0000;0;2;7662;7662;7662
60;2015-03-29 10:56:00;909402N262;6653;7.772;40;235;235;235;236;9.488;49.99;535.5;4.778;668.8;2.956;795.3;2.790;60;0;0;9.427;9.511;9.526;2198;2219;2233;49.99;49.99;49.99;10785;1000;0.0;0;1.0000;0;2;7772;7772;7772
60;2015-03-29 10:57:00;909402N262;6724;7.884;40;235;234;235;236;9.596;49.99;551.5;4.726;668.2;2.975;795.1;2.811;60;0;0;9.522;9.654;9.614;2219;2254;2250;49.99;49.99;49.99;10785;1000;0.0;0;1.0000;0;2;7884;7884;7884
60;2015-03-29 10:58:00;909402N262;6793;7.998;41;234;234;235;235;9.711;49.99;545.2;4.845;667.4;3.000;795.0;2.835;60;0;0;9.642;9.777;9.714;2243;2281;2267;49.99;49.99;49.99;10785;1000;0.0;0;1.0000;0;2;7998;7998;7998
60;2015-03-29 10:59:00;909402N262;6833;8.111;41;234;234;235;234;9.771;50.00;544.5;4.885;667.3;3.015;795.1;2.852;60;0;0;9.725;9.843;9.746;2266;2296;2270;50.00;50.00;50.00;10785;1000;0.0;0;1.0000;0;2;8111;8111;8111
60;2015-03-29 11:00:00;909402N262;6870;8.226;41;234;234;235;234;9.830;49.99;544.4;4.918;667.0;3.029;795.1;2.866;60;0;0;9.814;9.890;9.788;2287;2307;2275;49.99;49.99;49.99;10785;1000;0.0;0;1.0000;0;2;8226;8226;8226
[wr_ende]
