20140514;210003;danfoss;My Plant;+0100
[wr_def_start]
909402N262;Inverter Type;Inverter Group;Hanzl
[wr_def_end]
[wr]
INTERVAL;TIMESTAMP;SERIAL;P_AC;E_DAY;T_WR;U_AC;U_AC_1;U_AC_2;U_AC_3;I_AC;F_AC;U_DC_1;I_DC_1;U_DC_2;I_DC_2;U_DC_3;I_DC_3;S;E_WR;M_WR;I_AC_1;I_AC_2;I_AC_3;P_AC_1;P_AC_2;P_AC_3;F_AC_1;F_AC_2;F_AC_3;R_DC;PC;PCS;PCS_LL;COS_PHI;COS_PHI_LL;S_COS_PHI;Current_Day_Energy;current_Day_Offset;ccEnergyOfDay_WithoutOffset
60;2014-05-14 20:01:00;909402N262;143;52.880;38;235;235;236;236;0.347;50.01;502.1;0.126;548.5;0.070;662.2;0.063;60;0;0;0.292;0.420;0.331;40;54;46;50.01;50.01;50.01;5610;1000;0.0;0;0.0000;0;0;52880;52880;52880
60;2014-05-14 20:02:00;909402N262;135;52.883;38;235;234;235;235;0.314;50.01;498.1;0.119;552.2;0.066;672.7;0.058;60;0;0;0.275;0.382;0.285;40;52;41;50.01;50.01;50.01;5610;1000;0.0;0;0.0000;0;0;52883;52883;52883
60;2014-05-14 20:03:00;909402N262;127;52.885;38;234;234;235;234;0.313;49.99;499.3;0.112;550.5;0.062;663.9;0.055;60;0;0;0.221;0.487;0.232;26;69;30;49.99;49.99;49.99;5610;1000;0.0;0;0.0000;0;0;52885;52885;52885
60;2014-05-14 20:04:00;909402N262;120;52.887;38;234;234;235;234;0.285;49.99;498.2;0.107;542.8;0.059;667.9;0.051;60;0;0;0.249;0.366;0.241;32;50;35;49.99;49.99;49.99;5610;1000;0.0;0;0.0000;0;0;52887;52887;52887
60;2014-05-14 20:05:00;909402N262;111;52.888;38;234;234;235;234;0.271;50.00;497.1;0.099;545.4;0.053;666.8;0.047;60;0;0;0.242;0.344;0.227;31;46;32;50.00;50.00;50.00;5610;1000;0.0;0;0.0000;0;0;52888;52888;52888
60;2014-05-14 20:06:00;909402N262;100;52.891;37;234;234;235;234;0.299;50.00;493.3;0.092;528.2;0.049;646.6;0.044;60;0;0;0.286;0.431;0.182;26;52;21;50.00;50.00;50.00;5610;1000;0.0;0;0.0000;0;0;52891;52891;52891
60;2014-05-14 20:07:00;909402N262;87;52.892;37;234;234;234;234;0.280;49.98;485.9;0.083;519.3;0.042;638.1;0.039;60;0;0;0.276;0.373;0.191;22;42;20;49.98;49.98;49.98;5610;1000;0.0;0;0.0000;0;0;52892;52892;52892
60;2014-05-14 20:08:00;909402N262;72;52.894;37;234;234;234;234;0.247;49.99;476.9;0.073;502.4;0.037;620.1;0.031;60;0;0;0.224;0.367;0.152;16;45;10;49.99;49.99;49.99;5610;1000;0.0;0;0.0000;0;0;52894;52894;52894
60;2014-05-14 20:09:00;909402N262;61;52.895;37;234;234;234;234;0.231;49.99;470.4;0.064;488.1;0.031;607.9;0.027;60;0;0;0.249;0.303;0.143;12;38;10;49.99;49.99;49.99;5610;1000;0.0;0;0.0000;0;0;52895;52895;52895
60;2014-05-14 20:10:00;909402N262;52;52.896;37;234;234;234;234;0.215;49.99;470.6;0.055;483.7;0.026;609.8;0.023;60;0;0;0.236;0.270;0.140;10;34;8;49.99;49.99;49.99;5610;1000;0.0;0;0.0000;0;0;52896;52896;52896
60;2014-05-14 20:11:00;909402N262;44;52.896;37;234;234;233;234;0.201;49.99;463.9;0.049;467.6;0.023;582.0;0.019;60;0;0;0.199;0.210;0.194;5;26;12;49.99;49.99;49.99;5610;1000;0.0;0;0.0000;0;0;52896;52896;52896
60;2014-05-14 20:12:00;909402N262;36;52.896;37;234;234;233;234;0.175;50.00;447.7;0.044;447.8;0.019;542.8;0.017;60;0;0;0.215;0.131;0.179;8;14;13;50.00;50.00;50.00;5610;1000;0.0;0;0.0000;0;0;52896;52896;52896
60;2014-05-14 20:13:00;909402N262;30;52.897;37;234;234;233;235;0.175;49.99;448.3;0.038;461.1;0.015;522.2;0.014;60;0;0;0.205;0.114;0.206;6;13;12;49.99;49.99;49.99;5610;1000;0.0;0;0.0000;0;0;52897;52897;52897
60;2014-05-14 20:14:00;909402N262;25;52.898;37;234;234;233;235;0.148;49.98;429.5;0.034;443.8;0.011;538.1;0.011;60;0;0;0.141;0.091;0.212;3;10;14;49.98;49.99;49.99;5610;1000;0.0;0;0.0000;0;0;52898;52898;52898
60;2014-05-14 20:15:00;909402N262;21;52.898;37;234;234;234;234;0.119;49.98;454.0;0.028;468.6;0.008;528.3;0.009;60;0;0;0.098;0.098;0.163;1;10;10;49.98;49.98;49.98;5610;1000;0.0;0;0.0000;0;0;52898;52898;52898
60;2014-05-14 20:16:00;909402N262;18;52.898;37;234;234;234;234;0.118;49.99;441.4;0.027;436.9;0.008;520.4;0.007;60;0;0;0.097;0.129;0.128;2;11;8;49.99;49.99;49.99;5610;1000;0.0;0;0.0000;0;0;52898;52898;52898
60;2014-05-14 20:17:00;909402N262;18;52.898;37;234;234;234;234;0.132;50.00;444.8;0.027;443.0;0.007;524.9;0.007;60;0;0;0.171;0.124;0.101;4;9;6;50.00;50.00;50.00;5610;1000;0.0;0;0.0000;0;0;52898;52898;52898
60;2014-05-14 20:18:00;909402N262;19;52.899;37;234;234;234;233;0.114;50.00;445.4;0.027;449.0;0.007;523.7;0.007;60;0;0;0.142;0.136;0.066;2;10;7;50.00;50.00;50.00;5610;1000;0.0;0;0.0000;0;0;52899;52899;52899
60;2014-05-14 20:19:00;909402N262;18;52.899;36;234;234;235;233;0.113;49.99;445.7;0.027;448.4;0.007;523.5;0.007;60;0;0;0.134;0.150;0.055;3;9;6;49.99;49.99;49.99;5610;1000;0.0;0;0.0000;0;0;52899;52899;52899
60;2014-05-14 20:20:00;909402N262;17;52.899;36;234;234;234;232;0.129;50.00;449.3;0.024;440.5;0.008;526.6;0.007;60;0;0;0.165;0.162;0.062;3;10;8;50.00;50.00;50.00;5610;1000;0.0;0;0.0000;0;0;52899;52899;52899
60;2014-05-14 20:21:00;909402N262;16;52.900;36;234;234;234;232;0.154;50.00;452.2;0.023;433.6;0.007;524.7;0.007;60;0;0;0.223;0.129;0.111;1;7;14;50.00;50.00;50.00;5610;1000;0.0;0;0.0000;0;0;52900;52900;52900
60;2014-05-14 20:22:00;909402N262;15;52.900;36;233;234;234;233;0.136;50.00;448.3;0.023;420.8;0.007;517.9;0.007;60;0;0;0.213;0.130;0.065;2;9;7;50.00;50.00;50.00;5610;1000;0.0;0;0.0000;0;0;52900;52900;52900
60;2014-05-14 20:23:00;909402N262;12;52.900;36;233;234;234;233;0.112;49.99;437.5;0.022;399.2;0.007;449.4;0.007;60;0;0;0.152;0.120;0.064;1;7;8;49.99;49.99;49.99;5610;1000;0.0;0;0.0000;0;0;52900;52900;52900
60;2014-05-14 20:24:00;909402N262;9;52.901;36;233;234;234;233;0.112;49.99;438.1;0.019;367.0;0.007;344.7;0.007;60;0;0;0.166;0.115;0.056;1;9;6;49.99;49.99;49.99;5610;1000;0.0;0;0.0000;0;0;52901;52901;52901
60;2014-05-14 20:25:00;909402N262;6;52.901;36;233;234;234;233;0.101;49.99;431.2;0.018;337.3;0.007;304.9;0.007;60;0;0;0.150;0.079;0.074;0;4;8;49.99;49.99;49.99;5610;1000;0.0;0;0.0000;0;0;52901;52901;52901
60;2014-05-14 20:26:00;909402N262;3;52.901;36;233;233;233;233;0.076;49.98;401.5;0.015;301.5;0.006;307.0;0.005;60;0;0;0.118;0.060;0.050;0;5;3;49.98;49.98;49.98;5610;1000;0.0;0;0.0000;0;0;52901;52901;52901
60;2014-05-14 20:27:00;909402N262;0;52.901;36;233;233;233;233;0.048;49.97;393.5;0.010;305.9;0.003;274.5;0.003;60;0;0;0.067;0.019;0.058;0;1;5;49.97;49.97;49.97;5610;1000;0.0;0;0.0000;0;0;52901;52901;52901
60;2014-05-14 20:28:00;909402N262;0;52.901;36;233;233;233;234;0.003;49.97;288.9;0.007;282.5;0.000;306.2;0.000;60;0;0;0.007;0.002;0.001;0;0;0;49.97;49.97;49.97;5610;1000;0.0;0;0.0000;0;0;52901;52901;52901
60;2014-05-14 20:29:00;909402N262;0;52.901;36;233;233;234;234;0.016;49.98;262.5;0.002;255.1;0.000;255.0;0.000;60;0;0;0.046;0.000;0.004;0;0;0;49.98;49.98;49.98;5610;1000;0.0;0;0.0000;0;0;52901;52901;52901
60;2014-05-14 20:30:00;909402N262;0;52.901;36;234;233;234;234;0.036;49.97;255.5;0.000;253.5;0.000;252.8;0.000;60;0;0;0.020;0.088;0.000;0;0;0;49.97;49.97;49.97;5610;1000;0.0;0;0.0000;0;0;52901;52901;52901
60;2014-05-14 20:31:00;909402N262;0;52.901;36;233;233;234;233;0.041;49.96;245.2;0.000;237.1;0.000;250.9;0.000;60;0;0;0.026;0.099;0.000;0;0;0;49.96;49.96;49.96;5610;1000;0.0;0;0.0000;0;0;52901;52901;52900
60;2014-05-14 20:32:00;909402N262;0;52.901;36;233;233;234;233;0.042;49.97;252.3;0.000;238.7;0.000;221.7;0.000;60;0;0;0.068;0.060;0.000;0;0;0;49.97;49.97;49.97;5610;1000;0.0;0;0.0000;0;0;52901;52901;52900
60;2014-05-14 20:33:00;909402N262;0;52.901;36;233;233;234;233;0.043;49.98;251.9;0.000;251.4;0.000;251.1;0.000;60;0;0;0.074;0.057;0.000;0;0;0;49.98;49.98;49.98;5610;1000;0.0;0;0.0000;0;0;52901;52901;52899
60;2014-05-14 20:34:00;909402N262;0;52.901;32;208;208;210;207;0.008;44.63;218.5;0.000;216.5;0.000;216.4;0.000;50;0;0;0.010;0.014;0.000;0;0;0;44.63;44.63;44.63;3838;1000;0.0;0;0.0000;0;0;52901;52901;0
60;2014-05-14 20:35:00;909402N262;0;52.901;35;233;233;235;231;0.000;49.97;225.7;0.000;225.2;0.000;226.7;0.000;50;0;0;0.000;0.000;0.000;0;0;0;49.97;49.97;49.97;0;1000;0.0;0;0.0000;0;0;52901;52901;0
60;2014-05-14 20:36:00;909402N262;0;52.901;35;233;233;235;231;0.000;49.98;230.6;0.000;230.0;0.000;229.9;0.000;50;0;0;0.000;0.000;0.000;0;0;0;49.98;49.98;49.98;0;1000;0.0;0;0.0000;0;0;52901;52901;0
60;2014-05-14 20:37:00;909402N262;0;52.901;35;233;233;234;231;0.000;49.99;229.3;0.000;228.7;0.000;228.9;0.000;50;0;0;0.000;0.000;0.000;0;0;0;49.99;49.99;49.99;0;1000;0.0;0;0.0000;0;0;52901;52901;0
60;2014-05-14 20:38:00;909402N262;0;52.901;34;232;232;234;230;0.000;49.98;229.1;0.000;228.5;0.000;228.9;0.000;50;0;0;0.000;0.000;0.000;0;0;0;49.98;49.98;49.98;0;1000;0.0;0;0.0000;0;0;52901;52901;0
60;2014-05-14 20:39:00;909402N262;0;52.901;34;232;233;234;229;0.000;49.97;228.8;0.000;228.2;0.000;228.5;0.000;50;0;0;0.000;0.000;0.000;0;0;0;49.97;49.97;49.97;0;1000;0.0;0;0.0000;0;0;52901;52901;0
60;2014-05-14 20:40:00;909402N262;0;52.901;34;232;233;234;230;0.000;49.98;227.7;0.000;227.2;0.000;227.4;0.000;50;0;0;0.000;0.000;0.000;0;0;0;49.98;49.98;49.98;0;1000;0.0;0;0.0000;0;0;52901;52901;0
60;2014-05-14 20:41:00;909402N262;0;52.901;33;233;233;235;230;0.000;49.99;230.1;0.000;229.5;0.000;229.7;0.000;50;0;0;0.000;0.000;0.000;0;0;0;49.99;49.99;49.99;0;1000;0.0;0;0.0000;0;0;52901;52901;0
60;2014-05-14 20:42:00;909402N262;0;52.901;33;232;233;234;230;0.000;50.00;227.1;0.000;226.6;0.000;227.1;0.000;50;0;0;0.000;0.000;0.000;0;0;0;50.00;50.00;50.00;0;1000;0.0;0;0.0000;0;0;52901;52901;0
60;2014-05-14 20:43:00;909402N262;0;52.901;33;232;233;234;230;0.000;50.00;227.9;0.000;227.0;0.000;228.9;0.000;50;0;0;0.000;0.000;0.000;0;0;0;50.00;50.00;50.00;0;1000;0.0;0;0.0000;0;0;52901;52901;0
60;2014-05-14 20:44:00;909402N262;0;52.901;33;232;232;234;229;0.000;49.99;230.0;0.000;221.1;0.000;229.9;0.000;50;0;0;0.000;0.000;0.000;0;0;0;49.99;49.99;49.99;0;1000;0.0;0;0.0000;0;0;52901;52901;0
60;2014-05-14 20:45:00;909402N262;0;52.901;32;232;232;234;230;0.000;49.99;234.5;0.000;206.0;0.000;229.3;0.000;50;0;0;0.000;0.000;0.000;0;0;0;49.99;49.99;49.99;0;1000;0.0;0;0.0000;0;0;52901;52901;0
60;2014-05-14 20:46:00;909402N262;0;52.901;32;233;233;236;231;0.000;49.99;220.1;0.000;188.2;0.000;210.8;0.000;50;0;0;0.000;0.000;0.000;0;0;0;49.99;49.99;49.99;0;1000;0.0;0;0.0000;0;0;52901;52901;0
60;2014-05-14 20:47:00;909402N262;0;52.901;32;235;235;237;232;0.000;49.97;230.2;0.000;171.5;0.000;192.0;0.000;50;0;0;0.000;0.000;0.000;0;0;0;49.97;49.97;49.97;0;1000;0.0;0;0.0000;0;0;52901;52901;0
60;2014-05-14 20:48:00;909402N262;0;52.901;32;235;235;237;232;0.000;49.99;227.0;0.000;155.2;0.000;171.5;0.000;50;0;0;0.000;0.000;0.000;0;0;0;49.99;49.99;49.99;0;1000;0.0;0;0.0000;0;0;52901;52901;0
60;2014-05-14 20:49:00;909402N262;0;52.901;31;235;234;237;233;0.000;49.98;217.3;0.000;139.6;0.000;151.9;0.000;80;0;0;0.000;0.000;0.000;0;0;0;49.98;49.98;49.98;0;1000;0.0;0;0.0000;0;0;52901;52901;0
[wr_ende]
