20150124;150004;danfoss;My Plant;+0100
[wr_def_start]
909402N262;Inverter Type;Inverter Group;Hanzl
[wr_def_end]
[wr]
INTERVAL;TIMESTAMP;SERIAL;P_AC;E_DAY;T_WR;U_AC;U_AC_1;U_AC_2;U_AC_3;I_AC;F_AC;U_DC_1;I_DC_1;U_DC_2;I_DC_2;U_DC_3;I_DC_3;S;E_WR;M_WR;I_AC_1;I_AC_2;I_AC_3;P_AC_1;P_AC_2;P_AC_3;F_AC_1;F_AC_2;F_AC_3;R_DC;PC;PCS;PCS_LL;COS_PHI;COS_PHI_LL;S_COS_PHI;Current_Day_Energy;current_Day_Offset;ccEnergyOfDay_WithoutOffset
60;2015-01-24 14:01:00;909402N262;116;1.123;29;232;232;232;233;0.289;49.97;556.3;0.228;0.0;0.000;0.0;0.000;60;0;0;0.250;0.385;0.232;32;52;30;49.97;49.97;49.97;35195;1000;0.0;0;1.0000;0;2;1123;1123;1123
60;2015-01-24 14:02:00;909402N262;108;1.124;29;232;232;232;233;0.273;49.97;555.3;0.212;0.0;0.000;0.0;0.000;60;0;0;0.233;0.330;0.257;30;43;33;49.97;49.97;49.97;35195;1000;0.0;0;1.0000;0;2;1124;1124;1124
60;2015-01-24 14:03:00;909402N262;99;1.126;29;232;232;231;233;0.257;49.97;554.8;0.196;0.0;0.000;0.0;0.000;60;0;0;0.251;0.208;0.314;34;25;38;49.97;49.97;49.97;35195;1000;0.0;0;1.0000;0;2;1126;1126;1126
60;2015-01-24 14:04:00;909402N262;94;1.127;29;232;232;231;233;0.252;49.97;556.2;0.188;0.0;0.000;0.0;0.000;60;0;0;0.244;0.238;0.274;29;32;32;49.97;49.97;49.97;35195;1000;0.0;0;1.0000;0;2;1127;1127;1127
60;2015-01-24 14:05:00;909402N262;90;1.129;29;232;233;230;233;0.268;49.97;555.5;0.181;0.0;0.000;0.0;0.000;60;0;0;0.292;0.265;0.247;28;35;25;49.97;49.97;49.97;35195;1000;0.0;0;1.0000;0;2;1129;1129;1129
60;2015-01-24 14:06:00;909402N262;89;1.130;29;232;232;231;233;0.251;49.98;557.3;0.177;0.0;0.000;0.0;0.000;60;0;0;0.278;0.246;0.230;30;33;24;49.98;49.98;49.98;35195;1000;0.0;0;1.0000;0;2;1130;1130;1130
60;2015-01-24 14:07:00;909402N262;86;1.132;29;232;232;231;233;0.231;49.99;556.1;0.173;0.0;0.000;0.0;0.000;60;0;0;0.257;0.214;0.223;31;29;25;49.99;49.99;49.99;35195;1000;0.0;0;1.0000;0;2;1132;1132;1132
60;2015-01-24 14:08:00;909402N262;84;1.133;29;232;232;232;233;0.217;50.01;556.6;0.169;0.0;0.000;0.0;0.000;60;0;0;0.206;0.223;0.222;25;29;28;50.01;50.01;50.01;35195;1000;0.0;0;1.0000;0;2;1133;1133;1133
60;2015-01-24 14:09:00;909402N262;85;1.135;29;232;232;232;233;0.224;50.01;556.7;0.171;0.0;0.000;0.0;0.000;60;0;0;0.198;0.262;0.214;23;33;28;50.01;50.01;50.01;35195;1000;0.0;0;1.0000;0;2;1135;1135;1135
60;2015-01-24 14:10:00;909402N262;83;1.136;29;232;231;233;233;0.225;50.01;555.6;0.168;0.0;0.000;0.0;0.000;60;0;0;0.172;0.297;0.208;20;34;28;50.01;50.01;50.01;35195;1000;0.0;0;1.0000;0;2;1136;1136;1136
60;2015-01-24 14:11:00;909402N262;83;1.138;29;232;231;233;233;0.224;50.02;555.1;0.168;0.0;0.000;0.0;0.000;60;0;0;0.182;0.257;0.235;23;28;30;50.02;50.02;50.02;35195;1000;0.0;0;1.0000;0;2;1138;1138;1138
60;2015-01-24 14:12:00;909402N262;84;1.139;29;232;231;233;233;0.226;50.02;554.8;0.170;0.0;0.000;0.0;0.000;60;0;0;0.168;0.282;0.228;21;31;30;50.02;50.02;50.02;35195;1000;0.0;0;1.0000;0;2;1139;1139;1139
60;2015-01-24 14:13:00;909402N262;85;1.140;29;232;231;233;233;0.227;50.02;555.4;0.172;0.0;0.000;0.0;0.000;60;0;0;0.186;0.304;0.192;24;35;24;50.02;50.02;50.02;35195;1000;0.0;0;1.0000;0;2;1140;1140;1140
60;2015-01-24 14:14:00;909402N262;89;1.142;29;232;231;233;233;0.235;50.03;554.7;0.179;0.0;0.000;0.0;0.000;60;0;0;0.195;0.305;0.207;25;36;25;50.03;50.03;50.03;35195;1000;0.0;0;1.0000;0;2;1142;1142;1142
60;2015-01-24 14:15:00;909402N262;91;1.144;29;233;232;233;233;0.239;50.03;553.5;0.183;0.0;0.000;0.0;0.000;60;0;0;0.184;0.331;0.202;23;41;26;50.03;50.03;50.03;35195;1000;0.0;0;1.0000;0;2;1144;1144;1144
60;2015-01-24 14:16:00;909402N262;93;1.145;29;233;232;233;234;0.238;50.03;548.1;0.186;0.0;0.000;0.0;0.000;60;0;0;0.206;0.275;0.234;26;36;29;50.03;50.03;50.03;35195;1000;0.0;0;1.0000;0;2;1145;1145;1145
60;2015-01-24 14:17:00;909402N262;94;1.146;29;233;232;232;233;0.246;50.02;552.8;0.189;0.0;0.000;0.0;0.000;60;0;0;0.232;0.288;0.219;27;37;28;50.02;50.02;50.02;35195;1000;0.0;0;1.0000;0;2;1146;1146;1146
60;2015-01-24 14:18:00;909402N262;90;1.149;29;233;232;233;233;0.244;50.00;552.5;0.182;0.0;0.000;0.0;0.000;60;0;0;0.210;0.347;0.175;23;44;22;50.00;50.00;50.00;35195;1000;0.0;0;1.0000;0;2;1149;1149;1149
60;2015-01-24 14:19:00;909402N262;93;1.149;29;233;232;233;233;0.248;50.00;555.1;0.186;0.0;0.000;0.0;0.000;60;0;0;0.247;0.277;0.220;30;34;27;50.00;50.00;50.00;35195;1000;0.0;0;1.0000;0;2;1149;1149;1149
60;2015-01-24 14:20:00;909402N262;95;1.152;29;232;231;233;234;0.257;50.00;554.9;0.189;0.0;0.000;0.0;0.000;60;0;0;0.264;0.239;0.268;35;26;31;50.00;50.00;50.00;35195;1000;0.0;0;1.0000;0;2;1152;1152;1152
60;2015-01-24 14:21:00;909402N262;95;1.152;29;232;231;233;233;0.256;50.00;554.9;0.189;0.0;0.000;0.0;0.000;60;0;0;0.220;0.321;0.227;28;36;29;50.00;50.00;50.00;35195;1000;0.0;0;1.0000;0;2;1152;1152;1152
60;2015-01-24 14:22:00;909402N262;95;1.155;29;232;231;233;233;0.252;50.02;553.5;0.190;0.0;0.000;0.0;0.000;60;0;0;0.207;0.354;0.197;25;42;25;50.02;50.02;50.02;35195;1000;0.0;0;1.0000;0;2;1155;1155;1155
60;2015-01-24 14:23:00;909402N262;96;1.156;29;232;231;233;233;0.246;50.03;555.2;0.191;0.0;0.000;0.0;0.000;60;0;0;0.177;0.405;0.156;23;53;19;50.03;50.03;50.03;35195;1000;0.0;0;1.0000;0;2;1156;1156;1156
60;2015-01-24 14:24:00;909402N262;101;1.158;29;232;231;233;233;0.269;50.02;556.6;0.200;0.0;0.000;0.0;0.000;60;0;0;0.221;0.357;0.229;28;42;29;50.02;50.02;50.02;35195;1000;0.0;0;1.0000;0;2;1158;1158;1158
60;2015-01-24 14:25:00;909402N262;104;1.159;29;232;231;233;233;0.276;50.02;558.0;0.205;0.0;0.000;0.0;0.000;60;0;0;0.236;0.339;0.255;31;40;31;50.02;50.02;50.02;35195;1000;0.0;0;1.0000;0;2;1159;1159;1159
60;2015-01-24 14:26:00;909402N262;109;1.162;29;232;231;233;233;0.286;50.02;559.2;0.214;0.0;0.000;0.0;0.000;60;0;0;0.247;0.361;0.251;31;43;33;50.02;50.02;50.02;35195;1000;0.0;0;1.0000;0;2;1162;1162;1162
60;2015-01-24 14:27:00;909402N262;115;1.163;29;232;232;233;233;0.283;50.02;560.2;0.225;0.0;0.000;0.0;0.000;60;0;0;0.084;0.663;0.103;10;90;13;50.02;50.02;50.02;35195;1000;0.0;0;1.0000;0;2;1163;1163;1163
60;2015-01-24 14:28:00;909402N262;120;1.165;29;232;232;232;233;0.304;50.01;561.9;0.232;0.0;0.000;0.0;0.000;60;0;0;0.211;0.492;0.210;26;65;27;50.01;50.01;50.01;35195;1000;0.0;0;1.0000;0;2;1165;1165;1165
60;2015-01-24 14:29:00;909402N262;121;1.167;29;233;232;232;233;0.309;50.00;564.3;0.234;0.0;0.000;0.0;0.000;60;0;0;0.252;0.400;0.277;30;54;36;50.00;50.00;50.00;35195;1000;0.0;0;1.0000;0;2;1167;1167;1167
60;2015-01-24 14:30:00;909402N262;124;1.169;29;233;233;232;233;0.328;49.98;564.2;0.240;0.0;0.000;0.0;0.000;60;0;0;0.274;0.464;0.246;29;64;30;49.98;49.98;49.98;35195;1000;0.0;0;1.0000;0;2;1169;1169;1169
60;2015-01-24 14:31:00;909402N262;124;1.172;29;233;233;232;233;0.328;50.00;562.4;0.241;0.0;0.000;0.0;0.000;60;0;0;0.276;0.457;0.251;29;63;30;50.00;50.00;50.00;35195;1000;0.0;0;1.0000;0;2;1172;1172;1172
60;2015-01-24 14:32:00;909402N262;122;1.173;29;233;233;233;233;0.321;50.00;565.7;0.235;0.0;0.000;0.0;0.000;60;0;0;0.264;0.451;0.248;29;60;31;50.00;50.00;50.00;35195;1000;0.0;0;1.0000;0;2;1173;1173;1173
60;2015-01-24 14:33:00;909402N262;116;1.176;29;233;233;233;233;0.298;50.00;565.8;0.223;0.0;0.000;0.0;0.000;60;0;0;0.250;0.448;0.197;28;60;26;50.00;50.00;50.00;35195;1000;0.0;0;1.0000;0;2;1176;1176;1176
60;2015-01-24 14:34:00;909402N262;115;1.177;29;233;233;232;233;0.296;50.01;559.4;0.226;0.0;0.000;0.0;0.000;60;0;0;0.235;0.467;0.187;25;64;24;50.01;50.01;50.01;35195;1000;0.0;0;1.0000;0;2;1177;1177;1177
60;2015-01-24 14:35:00;909402N262;122;1.180;29;233;233;233;232;0.319;50.01;562.6;0.236;0.0;0.000;0.0;0.000;60;0;0;0.253;0.482;0.223;24;66;30;50.01;50.01;50.01;35195;1000;0.0;0;1.0000;0;2;1180;1180;1180
60;2015-01-24 14:36:00;909402N262;126;1.181;29;233;233;233;233;0.317;50.01;569.3;0.241;0.0;0.000;0.0;0.000;60;0;0;0.212;0.509;0.231;22;70;32;50.01;50.01;50.01;35195;1000;0.0;0;1.0000;0;2;1181;1181;1181
60;2015-01-24 14:37:00;909402N262;122;1.183;29;233;233;233;233;0.313;50.01;568.4;0.234;0.0;0.000;0.0;0.000;60;0;0;0.212;0.577;0.152;22;79;20;50.01;50.01;50.01;35195;1000;0.0;0;1.0000;0;2;1183;1183;1183
60;2015-01-24 14:38:00;909402N262;119;1.186;29;233;233;233;233;0.304;50.01;568.4;0.228;0.0;0.000;0.0;0.000;60;0;0;0.224;0.489;0.199;22;69;27;50.01;50.01;50.01;35195;1000;0.0;0;1.0000;0;2;1186;1186;1186
60;2015-01-24 14:39:00;909402N262;119;1.188;29;233;233;233;233;0.309;50.01;566.6;0.230;0.0;0.000;0.0;0.000;60;0;0;0.232;0.472;0.223;25;63;29;50.01;50.01;50.01;35195;1000;0.0;0;1.0000;0;2;1188;1188;1188
60;2015-01-24 14:40:00;909402N262;117;1.190;29;233;233;233;233;0.305;50.01;568.2;0.225;0.0;0.000;0.0;0.000;60;0;0;0.208;0.532;0.175;22;71;23;50.02;50.02;50.02;35195;1000;0.0;0;1.0000;0;2;1190;1190;1190
60;2015-01-24 14:41:00;909402N262;111;1.192;29;233;233;233;233;0.291;50.00;546.3;0.223;0.0;0.000;0.0;0.000;60;0;0;0.259;0.423;0.193;28;56;25;50.00;50.00;50.00;35195;1000;0.0;0;1.0000;0;2;1192;1192;1192
60;2015-01-24 14:42:00;909402N262;111;1.194;29;233;233;233;233;0.293;49.99;558.8;0.217;0.0;0.000;0.0;0.000;60;0;0;0.277;0.420;0.182;30;56;23;49.99;49.99;49.99;35195;1000;0.0;0;1.0000;0;2;1194;1194;1194
60;2015-01-24 14:43:00;909402N262;111;1.195;29;233;233;233;233;0.292;50.00;566.6;0.213;0.0;0.000;0.0;0.000;60;0;0;0.290;0.434;0.153;30;59;20;50.00;50.00;50.00;35195;1000;0.0;0;1.0000;0;2;1195;1195;1195
60;2015-01-24 14:44:00;909402N262;109;1.198;29;233;233;233;233;0.284;49.99;565.1;0.210;0.0;0.000;0.0;0.000;60;0;0;0.285;0.350;0.219;34;45;28;49.99;49.99;49.99;35195;1000;0.0;0;1.0000;0;2;1198;1198;1198
60;2015-01-24 14:45:00;909402N262;105;1.198;29;233;233;233;234;0.274;49.98;563.7;0.204;0.0;0.000;0.0;0.000;60;0;0;0.267;0.338;0.218;33;42;27;49.98;49.98;49.98;35195;1000;0.0;0;1.0000;0;2;1198;1198;1198
60;2015-01-24 14:46:00;909402N262;96;1.201;29;233;233;233;234;0.259;49.98;543.6;0.200;0.0;0.000;0.0;0.000;60;0;0;0.239;0.330;0.209;28;41;26;49.98;49.98;49.98;35195;1000;0.0;0;1.0000;0;2;1201;1201;1201
60;2015-01-24 14:47:00;909402N262;92;1.202;29;233;233;233;234;0.250;49.99;541.1;0.190;0.0;0.000;0.0;0.000;60;0;0;0.225;0.321;0.206;26;39;24;49.99;49.99;49.99;35195;1000;0.0;0;1.0000;0;2;1202;1202;1202
60;2015-01-24 14:48:00;909402N262;86;1.203;29;233;233;233;234;0.238;49.99;541.7;0.177;0.0;0.000;0.0;0.000;60;0;0;0.233;0.282;0.199;27;33;24;49.99;49.99;49.99;35195;1000;0.0;0;1.0000;0;2;1203;1203;1203
60;2015-01-24 14:49:00;909402N262;82;1.205;29;233;233;233;234;0.226;49.99;542.3;0.171;0.0;0.000;0.0;0.000;60;0;0;0.209;0.308;0.161;23;39;19;49.99;49.99;49.99;35195;1000;0.0;0;1.0000;0;2;1205;1205;1205
60;2015-01-24 14:50:00;909402N262;77;1.206;29;233;233;233;234;0.218;49.99;538.3;0.163;0.0;0.000;0.0;0.000;60;0;0;0.206;0.295;0.155;20;38;17;49.99;49.99;49.99;35195;1000;0.0;0;1.0000;0;2;1206;1206;1206
60;2015-01-24 14:51:00;909402N262;68;1.207;29;233;233;233;234;0.197;49.99;532.7;0.146;0.0;0.000;0.0;0.000;60;0;0;0.218;0.219;0.155;23;26;17;49.99;49.99;49.99;35195;1000;0.0;0;1.0000;0;2;1207;1207;1207
60;2015-01-24 14:52:00;909402N262;58;1.208;29;233;233;233;234;0.166;49.98;527.6;0.129;0.0;0.000;0.0;0.000;60;0;0;0.162;0.207;0.131;15;26;15;49.98;49.98;49.98;35195;1000;0.0;0;1.0000;0;2;1208;1208;1208
60;2015-01-24 14:53:00;909402N262;48;1.209;29;233;233;233;234;0.147;49.99;523.6;0.111;0.0;0.000;0.0;0.000;60;0;0;0.153;0.177;0.113;13;21;12;49.99;49.99;49.99;35195;1000;0.0;0;1.0000;0;2;1209;1209;1209
60;2015-01-24 14:54:00;909402N262;40;1.210;29;234;233;233;234;0.116;49.99;519.1;0.095;0.0;0.000;0.0;0.000;60;0;0;0.131;0.106;0.112;13;13;13;49.99;49.99;49.99;35195;1000;0.0;0;1.0000;0;2;1210;1210;1210
60;2015-01-24 14:55:00;909402N262;32;1.210;29;234;233;233;234;0.093;49.99;511.3;0.081;0.0;0.000;0.0;0.000;60;0;0;0.080;0.100;0.099;9;12;10;49.99;49.99;49.99;35195;1000;0.0;0;1.0000;0;2;1210;1210;1210
60;2015-01-24 14:56:00;909402N262;27;1.210;29;234;233;233;234;0.084;50.01;505.4;0.072;0.0;0.000;0.0;0.000;60;0;0;0.088;0.067;0.099;8;8;9;50.01;50.01;50.01;35195;1000;0.0;0;1.0000;0;2;1210;1210;1210
60;2015-01-24 14:57:00;909402N262;23;1.211;29;233;233;233;234;0.066;50.00;499.5;0.065;0.0;0.000;0.0;0.000;60;0;0;0.066;0.068;0.064;6;8;7;50.00;50.00;50.00;35195;1000;0.0;0;1.0000;0;2;1211;1211;1211
60;2015-01-24 14:58:00;909402N262;20;1.212;29;234;233;233;234;0.063;50.01;498.4;0.059;0.0;0.000;0.0;0.000;60;0;0;0.070;0.069;0.052;5;8;6;50.01;50.01;50.01;35195;1000;0.0;0;1.0000;0;2;1212;1212;1212
60;2015-01-24 14:59:00;909402N262;18;1.212;29;233;233;233;234;0.051;50.01;490.8;0.054;0.0;0.000;0.0;0.000;60;0;0;0.051;0.058;0.045;5;7;5;50.01;50.01;50.01;35195;1000;0.0;0;1.0000;0;2;1212;1212;1212
60;2015-01-24 15:00:00;909402N262;16;1.212;29;234;234;233;234;0.052;49.99;494.5;0.051;0.0;0.000;0.0;0.000;60;0;0;0.064;0.056;0.036;5;7;4;49.99;49.99;49.99;35195;1000;0.0;0;1.0000;0;2;1212;1212;1212
[wr_ende]
