20140523;200003;danfoss;My Plant;+0100
[wr_def_start]
909402N262;Inverter Type;Inverter Group;Hanzl
[wr_def_end]
[wr]
INTERVAL;TIMESTAMP;SERIAL;P_AC;E_DAY;T_WR;U_AC;U_AC_1;U_AC_2;U_AC_3;I_AC;F_AC;U_DC_1;I_DC_1;U_DC_2;I_DC_2;U_DC_3;I_DC_3;S;E_WR;M_WR;I_AC_1;I_AC_2;I_AC_3;P_AC_1;P_AC_2;P_AC_3;F_AC_1;F_AC_2;F_AC_3;R_DC;PC;PCS;PCS_LL;COS_PHI;COS_PHI_LL;S_COS_PHI;Current_Day_Energy;current_Day_Offset;ccEnergyOfDay_WithoutOffset
60;2014-05-23 19:01:00;909402N262;1227;72.786;46;235;236;235;236;1.840;49.99;395.5;1.036;593.6;0.645;765.4;0.593;60;0;0;1.803;1.868;1.849;399;415;412;49.99;49.99;49.99;8248;1000;0.0;0;0.0000;0;0;72786;72786;72786
60;2014-05-23 19:02:00;909402N262;1151;72.806;46;235;236;236;235;1.780;50.01;503.4;0.745;604.9;0.599;754.8;0.560;60;0;0;1.748;1.826;1.768;375;393;381;50.01;50.01;50.01;8248;1000;0.0;0;0.0000;0;0;72806;72806;72806
60;2014-05-23 19:03:00;909402N262;1051;72.823;46;235;235;235;235;1.671;49.99;496.0;0.722;601.7;0.539;743.6;0.507;60;0;0;1.633;1.726;1.654;339;362;347;49.99;49.99;49.99;8248;1000;0.0;0;0.0000;0;0;72823;72823;72823
60;2014-05-23 19:04:00;909402N262;1024;72.840;45;235;235;236;235;1.636;49.98;496.3;0.704;601.4;0.529;742.7;0.493;60;0;0;1.604;1.686;1.620;332;353;338;49.98;49.98;49.98;8248;1000;0.0;0;0.0000;0;0;72840;72840;72840
60;2014-05-23 19:05:00;909402N262;1031;72.858;45;235;235;235;236;1.649;50.00;500.3;0.689;603.1;0.539;747.4;0.497;60;0;0;1.616;1.701;1.630;334;354;341;50.00;50.00;50.00;8248;1000;0.0;0;0.0000;0;0;72858;72858;72858
60;2014-05-23 19:06:00;909402N262;1009;72.875;45;235;235;235;236;1.617;49.99;500.8;0.672;603.0;0.530;750.6;0.483;60;0;0;1.586;1.665;1.602;327;346;334;49.99;49.99;49.99;8248;1000;0.0;0;0.0000;0;0;72875;72875;72875
60;2014-05-23 19:07:00;909402N262;960;72.891;45;235;235;235;236;1.554;50.00;498.5;0.652;601.7;0.504;748.5;0.454;60;0;0;1.523;1.596;1.545;310;329;319;50.00;50.00;50.00;8248;1000;0.0;0;0.0000;0;0;72891;72891;72891
60;2014-05-23 19:08:00;909402N262;925;72.906;45;235;235;235;236;1.505;50.01;497.6;0.631;601.5;0.488;750.2;0.432;60;0;0;1.480;1.546;1.489;300;319;305;50.01;50.01;50.01;8248;1000;0.0;0;0.0000;0;0;72906;72906;72906
60;2014-05-23 19:09:00;909402N262;923;72.922;45;235;235;236;236;1.498;50.00;476.0;0.656;602.2;0.496;757.7;0.423;60;0;0;1.481;1.531;1.483;300;317;303;50.01;50.00;50.00;8248;1000;0.0;0;0.0000;0;0;72922;72922;72922
60;2014-05-23 19:10:00;909402N262;926;72.937;45;236;235;236;236;1.507;50.00;480.9;0.636;604.4;0.513;771.5;0.412;60;0;0;1.501;1.519;1.502;305;313;306;50.00;50.00;50.00;8248;1000;0.0;0;0.0000;0;0;72937;72937;72937
60;2014-05-23 19:11:00;909402N262;903;72.952;45;236;235;236;236;1.490;50.00;480.8;0.620;603.9;0.504;773.3;0.398;60;0;0;1.490;1.498;1.482;299;304;298;50.00;50.00;50.00;8248;1000;0.0;0;0.0000;0;0;72952;72952;72952
60;2014-05-23 19:12:00;909402N262;860;72.966;45;236;235;236;236;1.450;49.99;477.8;0.606;603.7;0.474;765.3;0.382;60;0;0;1.432;1.482;1.436;280;294;284;49.99;49.99;49.99;8248;1000;0.0;0;0.0000;0;0;72966;72966;72966
60;2014-05-23 19:13:00;909402N262;851;72.981;45;236;235;236;236;1.443;50.00;477.9;0.599;603.3;0.471;764.6;0.378;60;0;0;1.430;1.466;1.433;279;288;282;50.00;50.00;50.00;8248;1000;0.0;0;0.0000;0;0;72981;72981;72981
60;2014-05-23 19:14:00;909402N262;840;72.994;45;236;235;236;236;1.429;50.00;477.0;0.595;601.9;0.464;764.1;0.375;60;0;0;1.415;1.459;1.415;275;286;278;50.00;50.00;50.00;8248;1000;0.0;0;0.0000;0;0;72994;72994;72994
60;2014-05-23 19:15:00;909402N262;845;73.008;45;236;236;235;236;1.433;49.99;478.1;0.592;603.6;0.470;764.1;0.375;60;0;0;1.417;1.468;1.415;277;287;279;49.99;49.99;49.99;8248;1000;0.0;0;0.0000;0;0;73008;73008;73008
60;2014-05-23 19:16:00;909402N262;834;73.023;45;236;236;236;236;1.400;49.99;475.9;0.590;587.3;0.475;761.2;0.376;60;0;0;1.386;1.429;1.387;273;284;276;49.99;49.99;49.99;8248;1000;0.0;0;0.0000;0;0;73023;73023;73023
60;2014-05-23 19:17:00;909402N262;847;73.037;45;236;236;236;236;1.436;49.99;479.1;0.585;605.7;0.476;764.4;0.375;60;0;0;1.426;1.456;1.427;277;286;281;49.99;49.99;49.99;8248;1000;0.0;0;0.0000;0;0;73037;73037;73037
60;2014-05-23 19:18:00;909402N262;845;73.051;45;236;236;236;236;1.431;49.99;479.1;0.582;606.2;0.477;766.0;0.374;60;0;0;1.414;1.464;1.417;276;288;279;49.99;49.99;49.99;8248;1000;0.0;0;0.0000;0;0;73051;73051;73051
60;2014-05-23 19:19:00;909402N262;801;73.064;45;236;236;236;236;1.371;49.99;473.2;0.572;600.3;0.441;758.2;0.362;60;0;0;1.348;1.415;1.350;262;275;262;49.99;49.99;49.99;8248;1000;0.0;0;0.0000;0;0;73064;73064;73064
60;2014-05-23 19:20:00;909402N262;767;73.077;45;236;236;236;236;1.326;49.98;469.3;0.561;597.8;0.420;748.3;0.351;60;0;0;1.301;1.369;1.310;250;264;252;49.98;49.98;49.98;8248;1000;0.0;0;0.0000;0;0;73077;73077;73077
60;2014-05-23 19:21:00;909402N262;783;73.090;45;236;236;235;236;1.344;49.98;473.9;0.552;600.9;0.441;757.7;0.352;60;0;0;1.318;1.393;1.321;256;270;255;49.98;49.98;49.98;8248;1000;0.0;0;0.0000;0;0;73090;73090;73090
60;2014-05-23 19:22:00;909402N262;768;73.103;45;236;236;236;236;1.317;49.99;473.3;0.540;599.8;0.433;756.9;0.345;60;0;0;1.284;1.372;1.296;248;269;249;49.99;49.99;49.99;8248;1000;0.0;0;0.0000;0;0;73103;73103;73103
60;2014-05-23 19:23:00;909402N262;750;73.115;45;236;236;236;235;1.297;50.00;472.0;0.531;599.1;0.425;757.6;0.335;60;0;0;1.282;1.339;1.272;244;260;244;50.00;50.00;50.00;8248;1000;0.0;0;0.0000;0;0;73115;73115;73115
60;2014-05-23 19:24:00;909402N262;734;73.127;45;236;236;236;235;1.273;49.99;469.3;0.524;598.2;0.416;750.6;0.330;60;0;0;1.255;1.305;1.261;239;253;240;49.99;49.99;49.99;8248;1000;0.0;0;0.0000;0;0;73127;73127;73127
60;2014-05-23 19:25:00;909402N262;713;73.139;45;235;236;235;235;1.256;49.99;466.5;0.515;596.9;0.403;744.9;0.324;60;0;0;1.218;1.281;1.271;229;242;240;49.99;49.99;49.99;8248;1000;0.0;0;0.0000;0;0;73139;73139;73139
60;2014-05-23 19:26:00;909402N262;691;73.151;45;235;236;235;235;1.230;49.99;463.6;0.505;595.8;0.388;739.3;0.316;60;0;0;1.222;1.246;1.223;227;233;228;49.99;49.99;49.99;8248;1000;0.0;0;0.0000;0;0;73151;73151;73151
60;2014-05-23 19:27:00;909402N262;673;73.161;45;235;236;235;235;1.204;49.99;463.9;0.494;594.9;0.378;738.7;0.308;60;0;0;1.193;1.235;1.184;221;229;221;49.99;49.99;49.99;8248;1000;0.0;0;0.0000;0;0;73161;73161;73161
60;2014-05-23 19:28:00;909402N262;663;73.173;45;235;236;236;235;1.179;49.99;465.0;0.484;594.7;0.375;740.7;0.300;60;0;0;1.138;1.224;1.177;212;228;220;49.99;49.99;49.99;8248;1000;0.0;0;0.0000;0;0;73173;73173;73173
60;2014-05-23 19:29:00;909402N262;653;73.184;44;235;236;236;235;1.161;49.99;465.8;0.474;594.7;0.372;742.6;0.294;60;0;0;1.103;1.202;1.178;206;224;221;49.99;49.99;49.99;8248;1000;0.0;0;0.0000;0;0;73184;73184;73184
60;2014-05-23 19:30:00;909402N262;636;73.194;44;235;235;236;235;1.138;49.99;463.0;0.466;593.8;0.362;739.4;0.288;60;0;0;1.071;1.190;1.154;199;219;216;49.99;49.99;49.99;8248;1000;0.0;0;0.0000;0;0;73194;73194;73194
60;2014-05-23 19:31:00;909402N262;617;73.205;44;235;236;235;236;1.112;49.99;466.4;0.452;586.6;0.353;727.8;0.283;60;0;0;1.056;1.152;1.128;196;211;208;49.99;49.99;49.99;8248;1000;0.0;0;0.0000;0;0;73205;73205;73205
60;2014-05-23 19:32:00;909402N262;608;73.214;44;236;236;235;236;1.079;49.99;508.1;0.409;592.2;0.341;733.0;0.277;60;0;0;1.030;1.115;1.093;192;208;205;49.99;49.99;49.99;8248;1000;0.0;0;0.0000;0;0;73214;73214;73214
60;2014-05-23 19:33:00;909402N262;594;73.225;44;236;236;236;235;1.060;49.98;506.6;0.402;590.9;0.334;728.9;0.272;60;0;0;1.021;1.094;1.067;189;204;199;49.98;49.98;49.98;8248;1000;0.0;0;0.0000;0;0;73225;73225;73225
60;2014-05-23 19:34:00;909402N262;579;73.235;44;236;236;236;235;1.040;49.99;505.1;0.394;592.9;0.324;725.7;0.265;60;0;0;1.028;1.076;1.018;188;200;188;49.99;49.99;49.99;8248;1000;0.0;0;0.0000;0;0;73235;73235;73235
60;2014-05-23 19:35:00;909402N262;562;73.244;44;235;236;235;235;1.017;49.98;503.8;0.384;589.9;0.315;722.5;0.258;60;0;0;0.988;1.071;0.993;180;198;182;49.98;49.98;49.98;8248;1000;0.0;0;0.0000;0;0;73244;73244;73244
60;2014-05-23 19:36:00;909402N262;542;73.254;44;235;236;235;235;0.991;49.98;502.4;0.374;588.1;0.303;718.7;0.250;60;0;0;0.955;1.044;0.975;171;191;178;49.98;49.98;49.98;8248;1000;0.0;0;0.0000;0;0;73254;73254;73254
60;2014-05-23 19:37:00;909402N262;521;73.262;44;235;236;236;235;0.958;49.98;500.9;0.362;586.6;0.291;715.2;0.243;60;0;0;0.910;1.039;0.927;160;189;169;49.98;49.98;49.98;8248;1000;0.0;0;0.0000;0;0;73262;73262;73262
60;2014-05-23 19:38:00;909402N262;497;73.270;44;235;235;235;235;0.922;49.98;498.5;0.348;584.5;0.277;711.4;0.233;60;0;0;0.893;0.988;0.887;157;178;160;49.98;49.98;49.98;8248;1000;0.0;0;0.0000;0;0;73270;73270;73270
60;2014-05-23 19:39:00;909402N262;475;73.278;44;235;235;236;235;0.887;49.99;496.9;0.334;582.9;0.263;707.4;0.224;60;0;0;0.824;0.988;0.851;143;178;152;49.99;49.99;49.99;8248;1000;0.0;0;0.0000;0;0;73278;73278;73278
60;2014-05-23 19:40:00;909402N262;452;73.285;44;235;235;235;235;0.848;49.99;495.4;0.322;580.9;0.250;707.5;0.214;60;0;0;0.761;0.985;0.798;133;175;142;49.99;49.99;49.99;8248;1000;0.0;0;0.0000;0;0;73285;73285;73285
60;2014-05-23 19:41:00;909402N262;433;73.293;44;235;235;235;235;0.820;49.99;493.7;0.309;578.6;0.240;702.7;0.208;60;0;0;0.755;0.932;0.775;131;164;135;49.99;49.99;49.99;8248;1000;0.0;0;0.0000;0;0;73293;73293;73293
60;2014-05-23 19:42:00;909402N262;414;73.300;44;235;236;235;235;0.799;49.99;492.2;0.296;577.0;0.229;697.3;0.200;60;0;0;0.706;0.915;0.778;119;160;133;49.99;49.99;49.99;8248;1000;0.0;0;0.0000;0;0;73300;73300;73300
60;2014-05-23 19:43:00;909402N262;395;73.307;44;235;236;235;235;0.787;49.99;490.5;0.286;574.4;0.219;693.4;0.192;60;0;0;0.734;0.876;0.751;121;147;125;49.99;49.99;49.99;8248;1000;0.0;0;0.0000;0;0;73307;73307;73307
60;2014-05-23 19:44:00;909402N262;375;73.312;44;235;235;236;235;0.754;49.99;488.8;0.273;572.6;0.208;688.1;0.184;60;0;0;0.583;0.904;0.777;95;152;126;49.99;49.99;49.99;8248;1000;0.0;0;0.0000;0;0;73312;73312;73312
60;2014-05-23 19:45:00;909402N262;354;73.318;44;235;236;236;235;0.732;49.98;486.0;0.260;569.7;0.195;685.0;0.174;60;0;0;0.568;0.870;0.759;90;141;121;49.98;49.98;49.98;8248;1000;0.0;0;0.0000;0;0;73318;73318;73318
60;2014-05-23 19:46:00;909402N262;326;73.324;44;236;236;236;235;0.693;49.99;476.5;0.248;552.9;0.181;679.4;0.165;60;0;0;0.609;0.794;0.677;94;123;106;49.99;49.99;49.99;8248;1000;0.0;0;0.0000;0;0;73324;73324;73324
60;2014-05-23 19:47:00;909402N262;310;73.330;44;235;235;236;235;0.675;49.99;480.1;0.234;567.5;0.167;676.5;0.156;60;0;0;0.576;0.782;0.667;86;120;103;49.99;49.99;49.99;8248;1000;0.0;0;0.0000;0;0;73330;73330;73330
60;2014-05-23 19:48:00;909402N262;291;73.335;44;235;236;236;235;0.639;49.98;478.1;0.222;559.8;0.159;670.9;0.147;60;0;0;0.376;0.809;0.734;53;123;113;49.98;49.98;49.98;8248;1000;0.0;0;0.0000;0;0;73335;73335;73335
60;2014-05-23 19:49:00;909402N262;274;73.338;44;235;236;236;235;0.624;49.98;476.3;0.210;556.7;0.151;668.4;0.139;60;0;0;0.543;0.704;0.627;75;104;93;49.98;49.98;49.98;8248;1000;0.0;0;0.0000;0;0;73338;73338;73338
60;2014-05-23 19:50:00;909402N262;258;73.343;43;235;236;236;234;0.598;49.99;473.4;0.200;553.3;0.141;662.9;0.132;60;0;0;0.478;0.701;0.617;61;103;92;49.99;49.99;49.99;8248;1000;0.0;0;0.0000;0;0;73343;73343;73343
60;2014-05-23 19:51:00;909402N262;241;73.347;43;235;236;236;234;0.593;49.98;470.6;0.189;550.7;0.132;657.2;0.124;60;0;0;0.530;0.661;0.588;59;94;85;49.98;49.98;49.98;8248;1000;0.0;0;0.0000;0;0;73347;73347;73347
60;2014-05-23 19:52:00;909402N262;224;73.350;43;235;236;236;234;0.576;49.98;468.7;0.178;548.3;0.123;651.4;0.117;60;0;0;0.541;0.655;0.532;55;92;75;49.98;49.98;49.98;8248;1000;0.0;0;0.0000;0;0;73350;73350;73350
60;2014-05-23 19:53:00;909402N262;210;73.355;43;235;236;236;234;0.577;49.97;466.7;0.168;545.4;0.116;649.2;0.110;60;0;0;0.582;0.646;0.504;52;86;70;49.97;49.97;49.97;8248;1000;0.0;0;0.0000;0;0;73355;73355;73355
60;2014-05-23 19:54:00;909402N262;196;73.358;43;235;236;236;234;0.573;49.97;461.8;0.161;540.4;0.109;643.9;0.103;60;0;0;0.556;0.638;0.526;41;81;72;49.97;49.97;49.97;8248;1000;0.0;0;0.0000;0;0;73358;73358;73358
60;2014-05-23 19:55:00;909402N262;184;73.360;43;235;236;236;234;0.563;49.98;458.6;0.153;539.0;0.101;641.6;0.097;60;0;0;0.569;0.665;0.456;42;80;60;49.98;49.98;49.98;8248;1000;0.0;0;0.0000;0;0;73360;73360;73360
60;2014-05-23 19:56:00;909402N262;172;73.364;43;235;236;236;235;0.531;50.00;456.1;0.144;534.2;0.095;638.6;0.091;60;0;0;0.503;0.692;0.398;35;84;52;50.00;50.00;50.00;8248;1000;0.0;0;0.0000;0;0;73364;73364;73364
60;2014-05-23 19:57:00;909402N262;163;73.366;43;235;236;236;234;0.497;50.00;483.9;0.128;528.4;0.090;635.0;0.087;60;0;0;0.307;0.674;0.512;9;85;72;50.00;50.00;50.00;8248;1000;0.0;0;0.0000;0;0;73366;73366;73366
60;2014-05-23 19:58:00;909402N262;152;73.369;43;235;235;235;234;0.453;50.00;484.2;0.121;528.4;0.083;633.6;0.082;60;0;0;0.324;0.625;0.410;14;83;57;50.00;50.00;50.00;8248;1000;0.0;0;0.0000;0;0;73369;73369;73369
60;2014-05-23 19:59:00;909402N262;142;73.371;43;235;236;236;234;0.448;49.99;480.4;0.114;519.4;0.079;630.7;0.076;60;0;0;0.333;0.620;0.393;12;77;53;49.99;49.99;49.99;8248;1000;0.0;0;0.0000;0;0;73371;73371;73371
60;2014-05-23 20:00:00;909402N262;133;73.373;43;236;236;236;235;0.379;50.00;476.5;0.108;523.4;0.074;627.7;0.071;60;0;0;0.288;0.554;0.297;21;71;39;50.00;50.00;50.00;8248;1000;0.0;0;0.0000;0;0;73373;73373;73373
[wr_ende]
