20141128;080005;danfoss;My Plant;+0100
[wr_def_start]
909402N262;Inverter Type;Inverter Group;Hanzl
[wr_def_end]
[wr]
INTERVAL;TIMESTAMP;SERIAL;P_AC;E_DAY;T_WR;U_AC;U_AC_1;U_AC_2;U_AC_3;I_AC;F_AC;U_DC_1;I_DC_1;U_DC_2;I_DC_2;U_DC_3;I_DC_3;S;E_WR;M_WR;I_AC_1;I_AC_2;I_AC_3;P_AC_1;P_AC_2;P_AC_3;F_AC_1;F_AC_2;F_AC_3;R_DC;PC;PCS;PCS_LL;COS_PHI;COS_PHI_LL;S_COS_PHI;Current_Day_Energy;current_Day_Offset;ccEnergyOfDay_WithoutOffset
60;2014-11-28 07:01:00;909402N262;0;0.000;17;227;226;227;228;0.000;49.18;221.5;0.000;210.2;0.000;221.5;0.000;50;0;0;0.000;0.000;0.000;0;0;0;49.01;49.01;49.01;0;1000;0.0;0;1.0000;0;2;0;0;0
60;2014-11-28 07:02:00;909402N262;0;0.000;18;230;228;231;232;0.000;50.07;230.3;0.000;227.2;0.000;230.3;0.000;50;0;0;0.000;0.000;0.000;0;0;0;50.07;50.07;50.07;0;1000;0.0;0;1.0000;0;2;0;0;0
60;2014-11-28 07:03:00;909402N262;0;0.000;19;230;228;231;232;0.000;50.07;227.7;0.000;227.1;0.000;227.7;0.000;50;0;0;0.000;0.000;0.000;0;0;0;50.07;50.07;50.07;0;1000;0.0;0;1.0000;0;2;0;0;0
60;2014-11-28 07:04:00;909402N262;0;0.000;19;232;230;232;234;0.000;50.06;228.2;0.000;227.6;0.000;228.2;0.000;50;0;0;0.000;0.000;0.000;0;0;0;50.06;50.06;50.06;0;1000;0.0;0;1.0000;0;2;0;0;0
60;2014-11-28 07:05:00;909402N262;0;0.000;20;232;230;232;233;0.000;50.05;229.3;0.000;228.8;0.000;229.4;0.000;50;0;0;0.000;0.000;0.000;0;0;0;50.05;50.05;50.05;0;1000;0.0;0;1.0000;0;2;0;0;0
60;2014-11-28 07:06:00;909402N262;0;0.000;20;232;231;232;233;0.000;50.04;228.4;0.000;227.8;0.000;228.3;0.000;50;0;0;0.000;0.000;0.000;0;0;0;50.04;50.04;50.04;0;1000;0.0;0;1.0000;0;2;0;0;0
60;2014-11-28 07:07:00;909402N262;0;0.000;21;232;231;231;233;0.000;50.04;229.1;0.000;228.5;0.000;229.0;0.000;50;0;0;0.000;0.000;0.000;0;0;0;50.04;50.04;50.04;0;1000;0.0;0;1.0000;0;2;0;0;0
60;2014-11-28 07:08:00;909402N262;0;0.000;21;232;231;231;233;0.000;50.02;231.0;0.000;230.5;0.000;230.6;0.000;50;0;0;0.000;0.000;0.000;0;0;0;50.02;50.02;50.02;0;1000;0.0;0;1.0000;0;2;0;0;0
60;2014-11-28 07:09:00;909402N262;0;0.000;21;232;231;232;233;0.000;50.01;227.4;0.000;226.8;0.000;227.2;0.000;50;0;0;0.000;0.000;0.000;0;0;0;50.00;50.01;50.00;0;1000;0.0;0;1.0000;0;2;0;0;0
60;2014-11-28 07:10:00;909402N262;0;0.000;22;232;231;232;233;0.000;49.99;227.3;0.000;226.7;0.000;227.3;0.000;50;0;0;0.000;0.000;0.000;0;0;0;49.99;49.99;49.99;0;1000;0.0;0;1.0000;0;2;0;0;0
60;2014-11-28 07:11:00;909402N262;0;0.000;22;231;232;231;232;0.000;49.98;227.9;0.000;227.4;0.000;227.9;0.000;50;0;0;0.000;0.000;0.000;0;0;0;49.98;49.98;49.98;0;1000;0.0;0;1.0000;0;2;0;0;0
60;2014-11-28 07:12:00;909402N262;0;0.000;22;232;233;231;231;0.000;49.98;229.1;0.000;228.5;0.000;228.9;0.000;50;0;0;0.000;0.000;0.000;0;0;0;49.98;49.98;49.98;0;1000;0.0;0;1.0000;0;2;0;0;0
60;2014-11-28 07:13:00;909402N262;0;0.000;22;232;232;231;232;0.000;49.98;230.1;0.000;229.5;0.000;229.9;0.000;50;0;0;0.000;0.000;0.000;0;0;0;49.98;49.98;49.98;0;1000;0.0;0;1.0000;0;2;0;0;0
60;2014-11-28 07:14:00;909402N262;0;0.000;22;232;232;231;232;0.000;49.98;231.1;0.000;230.6;0.000;231.2;0.000;50;0;0;0.000;0.000;0.000;0;0;0;49.98;49.98;49.98;0;1000;0.0;0;1.0000;0;2;0;0;0
60;2014-11-28 07:15:00;909402N262;0;0.000;22;232;233;231;232;0.000;49.98;229.4;0.000;228.8;0.000;229.4;0.000;50;0;0;0.000;0.000;0.000;0;0;0;49.98;49.98;49.98;0;1000;0.0;0;1.0000;0;2;0;0;0
60;2014-11-28 07:16:00;909402N262;0;0.000;23;232;233;231;232;0.000;49.98;228.9;0.000;228.4;0.000;229.2;0.000;50;0;0;0.000;0.000;0.000;0;0;0;49.98;49.98;49.98;0;1000;0.0;0;1.0000;0;2;0;0;0
60;2014-11-28 07:17:00;909402N262;0;0.000;23;232;233;231;232;0.000;49.98;229.4;0.000;228.9;0.000;229.5;0.000;50;0;0;0.000;0.000;0.000;0;0;0;49.98;49.98;49.98;0;1000;0.0;0;1.0000;0;2;0;0;0
60;2014-11-28 07:18:00;909402N262;0;0.000;23;232;233;231;232;0.000;49.98;231.7;0.000;231.1;0.000;231.2;0.000;50;0;0;0.000;0.000;0.000;0;0;0;49.98;49.98;49.98;0;1000;0.0;0;1.0000;0;2;0;0;0
60;2014-11-28 07:19:00;909402N262;0;0.000;23;232;232;231;232;0.000;50.00;233.2;0.000;232.7;0.000;233.2;0.000;50;0;0;0.000;0.000;0.000;0;0;0;50.00;50.00;50.00;0;1000;0.0;0;1.0000;0;2;0;0;0
60;2014-11-28 07:20:00;909402N262;0;0.000;23;232;232;232;232;0.000;49.99;235.4;0.000;234.9;0.000;235.5;0.000;50;0;0;0.000;0.000;0.000;0;0;0;49.99;49.99;49.99;0;1000;0.0;0;1.0000;0;2;0;0;0
60;2014-11-28 07:21:00;909402N262;0;0.000;23;232;231;232;232;0.000;49.99;237.3;0.000;236.8;0.000;237.3;0.000;50;0;0;0.000;0.000;0.000;0;0;0;49.99;49.99;49.99;0;1000;0.0;0;1.0000;0;2;0;0;0
60;2014-11-28 07:22:00;909402N262;0;0.000;23;231;232;231;232;0.000;49.97;229.0;0.000;228.5;0.000;229.2;0.000;50;0;0;0.000;0.000;0.000;0;0;0;49.97;49.97;49.97;0;1000;0.0;0;1.0000;0;2;0;0;0
60;2014-11-28 07:23:00;909402N262;0;0.000;23;231;232;230;232;0.000;49.98;226.9;0.000;226.4;0.000;227.0;0.000;50;0;0;0.000;0.000;0.000;0;0;0;49.98;49.98;49.98;0;1000;0.0;0;1.0000;0;2;0;0;0
60;2014-11-28 07:24:00;909402N262;0;0.000;23;232;232;231;232;0.000;49.98;227.2;0.000;226.7;0.000;227.6;0.000;50;0;0;0.000;0.000;0.000;0;0;0;49.98;49.98;49.98;0;1000;0.0;0;1.0000;0;2;0;0;0
60;2014-11-28 07:26:00;909402N262;0;0.000;23;233;233;232;233;0.000;49.97;231.2;0.000;230.7;0.000;230.8;0.000;50;0;0;0.000;0.000;0.000;0;0;0;49.97;49.97;49.97;0;1000;0.0;0;1.0000;0;2;0;0;0
60;2014-11-28 07:27:00;909402N262;0;0.000;23;232;233;232;233;0.000;49.98;231.6;0.000;231.1;0.000;231.2;0.000;50;0;0;0.000;0.000;0.000;0;0;0;49.98;49.98;49.98;0;1000;0.0;0;1.0000;0;2;0;0;0
60;2014-11-28 07:28:00;909402N262;0;0.000;23;232;233;231;233;0.000;49.99;233.3;0.000;232.7;0.000;233.0;0.000;50;0;0;0.000;0.000;0.000;0;0;0;49.99;49.99;49.99;0;1000;0.0;0;1.0000;0;2;0;0;0
60;2014-11-28 07:29:00;909402N262;0;0.000;23;232;233;231;233;0.000;49.98;233.7;0.000;233.1;0.000;234.0;0.000;50;0;0;0.000;0.000;0.000;0;0;0;49.98;49.98;49.98;0;1000;0.0;0;1.0000;0;2;0;0;0
60;2014-11-28 07:30:00;909402N262;0;0.000;23;232;233;231;233;0.000;49.98;237.4;0.000;236.8;0.000;237.4;0.000;50;0;0;0.000;0.000;0.000;0;0;0;49.98;49.98;49.98;0;1000;0.0;0;1.0000;0;2;0;0;0
60;2014-11-28 07:31:00;909402N262;0;0.000;23;233;233;232;233;0.000;49.99;240.2;0.000;239.6;0.000;240.5;0.000;50;0;0;0.000;0.000;0.000;0;0;0;49.99;49.99;49.99;0;1000;0.0;0;1.0000;0;2;0;0;0
60;2014-11-28 07:32:00;909402N262;0;0.000;23;233;233;232;233;0.000;49.99;252.4;0.000;251.9;0.000;251.3;0.000;50;0;0;0.000;0.000;0.000;0;0;0;49.99;49.99;49.99;0;1000;0.0;0;1.0000;0;2;0;0;0
60;2014-11-28 07:33:00;909402N262;0;0.000;23;233;233;232;233;0.000;49.99;266.1;0.000;265.7;0.000;266.1;0.000;50;0;0;0.000;0.000;0.000;0;0;0;49.99;49.99;49.99;0;1000;0.0;0;1.0000;0;2;0;0;0
60;2014-11-28 07:34:00;909402N262;0;0.000;24;232;233;231;233;0.000;50.01;258.2;0.000;258.0;0.000;258.5;0.000;50;0;0;0.000;0.000;0.000;0;0;0;50.01;50.01;50.01;0;1000;0.0;0;1.0000;0;2;0;0;0
60;2014-11-28 07:35:00;909402N262;0;0.000;24;232;233;231;233;0.000;50.01;251.2;0.000;251.1;0.000;251.2;0.000;50;0;0;0.000;0.000;0.000;0;0;0;50.01;50.01;50.01;0;1000;0.0;0;1.0000;0;2;0;0;0
60;2014-11-28 07:36:00;909402N262;0;0.000;24;232;233;232;233;0.007;49.99;281.5;0.000;280.7;0.000;281.1;0.000;50;0;0;0.007;0.007;0.007;0;0;0;49.99;49.99;49.99;0;1000;0.0;0;1.0000;0;2;0;0;0
60;2014-11-28 07:37:00;909402N262;0;0.000;24;232;233;232;232;0.002;50.00;463.3;0.000;422.5;0.000;495.0;0.000;51;0;0;0.002;0.004;0.002;0;0;0;50.00;50.00;50.00;3508;1000;0.0;0;1.0000;0;2;0;0;0
60;2014-11-28 07:38:00;909402N262;0;0.000;24;232;232;231;233;0.078;49.99;455.3;0.003;385.0;0.001;469.3;0.002;60;0;0;0.052;0.026;0.158;3;2;0;49.99;49.99;49.99;13333;1000;0.0;0;1.0000;0;2;0;0;0
60;2014-11-28 07:39:00;909402N262;0;0.000;24;232;232;230;234;0.313;49.99;331.6;0.007;264.6;0.003;343.6;0.003;60;0;0;0.290;0.140;0.511;11;16;0;49.99;49.99;49.99;13333;1000;0.0;0;1.0000;0;2;0;0;0
60;2014-11-28 07:40:00;909402N262;0;0.000;24;232;232;231;234;0.364;50.00;345.9;0.008;265.2;0.003;363.5;0.003;60;0;0;0.280;0.193;0.621;9;20;0;50.00;50.00;50.00;13333;1000;0.0;0;1.0000;0;2;0;0;0
60;2014-11-28 07:41:00;909402N262;1;0.000;24;233;232;231;234;0.379;50.01;424.9;0.011;309.9;0.003;413.5;0.005;60;0;0;0.281;0.202;0.656;14;17;0;50.01;50.01;50.01;13333;1000;0.0;0;1.0000;0;2;0;0;0
60;2014-11-28 07:42:00;909402N262;4;0.001;24;233;233;231;234;0.352;50.01;433.3;0.013;378.0;0.004;355.2;0.007;60;0;0;0.291;0.183;0.583;13;18;0;50.01;50.01;50.01;13333;1000;0.0;0;1.0000;0;2;1;1;1
60;2014-11-28 07:43:00;909402N262;6;0.002;24;233;233;231;235;0.380;50.01;437.7;0.015;404.6;0.004;424.6;0.007;60;0;0;0.343;0.194;0.603;12;19;0;50.01;50.01;50.01;13333;1000;0.0;0;1.0000;0;2;2;2;2
60;2014-11-28 07:44:00;909402N262;2;0.002;24;233;233;231;235;0.341;50.01;427.8;0.012;345.6;0.004;330.3;0.007;60;0;0;0.265;0.173;0.586;9;19;0;50.01;50.01;50.01;13333;1000;0.0;0;1.0000;0;2;2;2;2
60;2014-11-28 07:45:00;909402N262;0;0.003;24;233;233;231;234;0.360;50.01;423.9;0.011;309.3;0.003;266.2;0.007;60;0;0;0.320;0.195;0.566;13;21;0;50.01;50.01;50.01;13333;1000;0.0;0;1.0000;0;2;3;3;3
60;2014-11-28 07:46:00;909402N262;1;0.003;24;232;233;230;234;0.359;50.00;421.1;0.011;325.4;0.003;300.3;0.006;60;0;0;0.317;0.187;0.575;10;20;0;50.00;50.00;50.00;13333;1000;0.0;0;1.0000;0;2;3;3;3
60;2014-11-28 07:47:00;909402N262;6;0.004;24;232;232;230;234;0.360;50.00;437.0;0.014;406.8;0.005;424.8;0.007;60;0;0;0.299;0.195;0.588;11;20;0;50.00;50.00;50.00;13333;1000;0.0;0;1.0000;0;2;4;4;4
60;2014-11-28 07:48:00;909402N262;8;0.005;24;232;232;230;234;0.412;50.00;442.7;0.016;317.7;0.007;520.0;0.007;60;0;0;0.341;0.247;0.648;16;25;0;50.00;50.00;50.00;13333;1000;0.0;0;1.0000;0;2;5;5;5
60;2014-11-28 07:49:00;909402N262;7;0.005;24;232;232;230;234;0.422;50.00;437.9;0.018;295.8;0.007;513.8;0.007;60;0;0;0.368;0.236;0.663;16;22;0;50.00;50.00;50.00;13333;1000;0.0;0;1.0000;0;2;5;5;5
60;2014-11-28 07:50:00;909402N262;8;0.006;24;232;232;230;234;0.379;49.99;438.1;0.019;294.9;0.007;516.8;0.007;60;0;0;0.292;0.232;0.613;13;24;0;49.99;49.99;49.99;13333;1000;0.0;0;1.0000;0;2;6;6;6
60;2014-11-28 07:51:00;909402N262;8;0.006;24;232;231;231;233;0.377;49.98;441.7;0.019;311.0;0.007;521.7;0.007;60;0;0;0.220;0.257;0.655;16;20;0;49.98;49.98;49.98;13333;1000;0.0;0;1.0000;0;2;6;6;6
60;2014-11-28 07:52:00;909402N262;8;0.007;24;232;232;230;234;0.384;49.99;439.0;0.019;302.4;0.007;519.4;0.007;60;0;0;0.270;0.250;0.634;16;22;0;49.99;49.99;49.99;13333;1000;0.0;0;1.0000;0;2;7;7;7
60;2014-11-28 07:53:00;909402N262;9;0.008;24;231;231;230;234;0.373;49.97;445.8;0.019;319.4;0.007;522.1;0.007;60;0;0;0.183;0.223;0.714;17;22;0;49.97;49.97;49.97;13333;1000;0.0;0;1.0000;0;2;8;8;8
60;2014-11-28 07:54:00;909402N262;15;0.008;24;232;232;229;234;0.436;49.98;463.3;0.021;419.4;0.007;542.7;0.011;60;0;0;0.321;0.255;0.733;26;28;0;49.98;49.98;49.98;13333;1000;0.0;0;1.0000;0;2;8;8;8
60;2014-11-28 07:55:00;909402N262;21;0.010;24;231;231;229;234;0.419;49.99;466.8;0.026;479.0;0.008;523.2;0.015;60;0;0;0.336;0.221;0.702;39;26;0;49.99;49.99;49.99;13333;1000;0.0;0;1.0000;0;2;10;10;10
60;2014-11-28 07:56:00;909402N262;23;0.011;25;231;231;228;234;0.429;49.99;459.8;0.028;476.6;0.010;539.5;0.015;60;0;0;0.326;0.240;0.722;39;28;0;49.99;49.99;49.99;13333;1000;0.0;0;1.0000;0;2;11;11;11
60;2014-11-28 07:57:00;909402N262;28;0.012;25;231;231;229;234;0.431;49.99;469.6;0.032;457.2;0.012;549.3;0.018;60;0;0;0.347;0.205;0.741;35;23;0;49.99;49.99;49.99;13333;1000;0.0;0;1.0000;0;2;12;12;12
60;2014-11-28 07:58:00;909402N262;35;0.013;25;231;232;229;234;0.454;50.00;478.0;0.038;462.8;0.016;602.4;0.020;60;0;0;0.391;0.210;0.762;21;26;4;50.00;50.00;50.00;13333;1000;0.0;0;1.0000;0;2;13;13;13
60;2014-11-28 07:59:00;909402N262;39;0.014;25;231;232;229;233;0.500;50.00;485.4;0.040;458.0;0.019;616.8;0.023;60;0;0;0.528;0.247;0.726;19;30;4;50.00;50.00;50.00;13333;1000;0.0;0;1.0000;0;2;14;14;14
60;2014-11-28 08:00:00;909402N262;42;0.014;25;231;232;229;233;0.525;49.99;493.2;0.042;470.8;0.022;588.5;0.026;60;0;0;0.538;0.273;0.766;23;29;3;49.99;49.99;49.99;13333;1000;0.0;0;1.0000;0;2;14;14;14
[wr_ende]
