20140711;210004;danfoss;My Plant;+0100
[wr_def_start]
909402N262;Inverter Type;Inverter Group;Hanzl
[wr_def_end]
[wr]
INTERVAL;TIMESTAMP;SERIAL;P_AC;E_DAY;T_WR;U_AC;U_AC_1;U_AC_2;U_AC_3;I_AC;F_AC;U_DC_1;I_DC_1;U_DC_2;I_DC_2;U_DC_3;I_DC_3;S;E_WR;M_WR;I_AC_1;I_AC_2;I_AC_3;P_AC_1;P_AC_2;P_AC_3;F_AC_1;F_AC_2;F_AC_3;R_DC;PC;PCS;PCS_LL;COS_PHI;COS_PHI_LL;S_COS_PHI;Current_Day_Energy;current_Day_Offset;ccEnergyOfDay_WithoutOffset
60;2014-07-11 20:01:00;909402N262;228;21.675;40;234;233;236;234;0.492;50.01;506.2;0.202;555.7;0.102;674.2;0.092;60;0;0;0.442;0.567;0.468;68;85;73;50.01;50.01;50.01;5567;1000;0.0;0;0.0000;0;0;21675;21675;21675
60;2014-07-11 20:02:00;909402N262;231;21.680;40;234;233;236;234;0.498;50.02;512.1;0.201;565.6;0.103;676.4;0.093;60;0;0;0.442;0.583;0.470;68;88;73;50.02;50.02;50.02;5567;1000;0.0;0;0.0000;0;0;21680;21680;21680
60;2014-07-11 20:03:00;909402N262;229;21.683;40;234;233;235;234;0.495;50.00;510.3;0.200;565.8;0.102;675.9;0.092;60;0;0;0.431;0.590;0.466;66;89;72;50.00;50.00;50.00;5567;1000;0.0;0;0.0000;0;0;21683;21683;21683
60;2014-07-11 20:04:00;909402N262;226;21.687;40;234;233;235;234;0.497;49.99;509.2;0.198;565.1;0.101;671.8;0.092;60;0;0;0.417;0.593;0.483;63;89;73;49.99;49.99;49.99;5567;1000;0.0;0;0.0000;0;0;21687;21687;21687
60;2014-07-11 20:05:00;909402N262;222;21.691;40;234;233;236;234;0.498;50.00;511.0;0.193;569.3;0.098;670.2;0.089;60;0;0;0.388;0.632;0.476;58;91;71;50.00;50.00;50.00;5567;1000;0.0;0;0.0000;0;0;21691;21691;21691
60;2014-07-11 20:06:00;909402N262;216;21.694;40;234;233;236;234;0.506;50.02;508.7;0.189;568.4;0.097;662.7;0.089;60;0;0;0.382;0.605;0.533;53;83;78;50.02;50.02;50.02;5567;1000;0.0;0;0.0000;0;0;21694;21694;21694
60;2014-07-11 20:07:00;909402N262;207;21.698;40;234;234;235;234;0.481;49.99;507.5;0.182;559.0;0.094;661.6;0.085;60;0;0;0.356;0.614;0.475;49;87;70;49.99;49.99;49.99;5567;1000;0.0;0;0.0000;0;0;21698;21698;21698
60;2014-07-11 20:08:00;909402N262;198;21.701;40;234;234;235;234;0.463;50.01;507.6;0.174;563.7;0.088;666.8;0.081;60;0;0;0.423;0.544;0.424;58;77;62;50.01;50.01;50.01;5567;1000;0.0;0;0.0000;0;0;21701;21701;21701
60;2014-07-11 20:09:00;909402N262;191;21.705;40;235;234;235;234;0.473;50.00;507.9;0.167;559.0;0.085;652.2;0.078;60;0;0;0.335;0.622;0.462;40;84;66;50.00;50.00;50.00;5567;1000;0.0;0;0.0000;0;0;21705;21705;21705
60;2014-07-11 20:10:00;909402N262;185;21.708;40;235;234;235;235;0.478;49.99;506.1;0.164;553.8;0.085;647.7;0.077;60;0;0;0.354;0.559;0.523;44;68;72;49.99;49.99;49.99;5567;1000;0.0;0;0.0000;0;0;21708;21708;21708
60;2014-07-11 20:11:00;909402N262;182;21.711;40;235;234;235;235;0.425;49.99;501.7;0.161;551.3;0.083;663.2;0.074;60;0;0;0.372;0.512;0.392;51;72;58;49.99;49.99;49.99;5567;1000;0.0;0;0.0000;0;0;21711;21711;21711
60;2014-07-11 20:12:00;909402N262;177;21.714;40;235;234;235;235;0.424;49.99;503.3;0.156;550.7;0.081;658.4;0.073;60;0;0;0.374;0.535;0.363;50;74;51;49.99;49.99;49.99;5567;1000;0.0;0;0.0000;0;0;21714;21714;21714
60;2014-07-11 20:13:00;909402N262;170;21.717;40;235;234;235;235;0.421;50.01;500.0;0.151;552.9;0.078;652.7;0.070;60;0;0;0.304;0.573;0.387;38;77;53;50.01;50.01;50.01;5567;1000;0.0;0;0.0000;0;0;21717;21717;21717
60;2014-07-11 20:14:00;909402N262;162;21.720;40;235;234;235;235;0.420;50.00;500.2;0.144;541.0;0.076;643.2;0.068;60;0;0;0.274;0.526;0.461;29;68;65;50.00;50.00;50.00;5567;1000;0.0;0;0.0000;0;0;21720;21720;21720
60;2014-07-11 20:15:00;909402N262;154;21.722;40;235;234;235;235;0.402;50.00;498.4;0.136;541.9;0.071;648.7;0.063;60;0;0;0.287;0.513;0.408;31;65;57;50.00;50.00;50.00;5567;1000;0.0;0;0.0000;0;0;21722;21722;21722
60;2014-07-11 20:16:00;909402N262;142;21.724;40;235;234;235;235;0.377;50.00;489.1;0.129;516.4;0.067;632.8;0.061;60;0;0;0.253;0.491;0.388;29;58;53;50.00;50.00;50.00;5567;1000;0.0;0;0.0000;0;0;21724;21724;21724
60;2014-07-11 20:17:00;909402N262;135;21.726;40;235;234;235;235;0.352;49.99;492.2;0.122;529.7;0.062;641.8;0.056;60;0;0;0.282;0.441;0.335;34;53;47;49.99;49.99;49.99;5567;1000;0.0;0;0.0000;0;0;21726;21726;21726
60;2014-07-11 20:18:00;909402N262;126;21.729;40;235;234;235;235;0.315;49.99;490.7;0.113;526.4;0.057;649.0;0.051;60;0;0;0.152;0.632;0.163;17;86;21;49.99;49.99;49.99;5567;1000;0.0;0;0.0000;0;0;21729;21729;21729
60;2014-07-11 20:19:00;909402N262;116;21.730;40;235;234;235;235;0.329;50.00;487.0;0.105;520.0;0.052;642.7;0.047;60;0;0;0.265;0.480;0.242;28;57;29;50.00;50.00;50.00;5567;1000;0.0;0;0.0000;0;0;21730;21730;21730
60;2014-07-11 20:20:00;909402N262;105;21.733;39;235;234;235;235;0.298;49.99;484.2;0.096;515.5;0.046;620.2;0.045;60;0;0;0.276;0.416;0.203;30;48;25;49.99;49.99;49.99;5567;1000;0.0;0;0.0000;0;0;21733;21733;21733
60;2014-07-11 20:21:00;909402N262;96;21.734;39;235;235;235;235;0.280;50.00;479.7;0.089;499.2;0.043;607.2;0.041;60;0;0;0.277;0.432;0.132;26;55;13;50.00;50.00;50.00;5567;1000;0.0;0;0.0000;0;0;21734;21734;21734
60;2014-07-11 20:22:00;909402N262;89;21.736;39;235;235;235;235;0.262;50.02;476.5;0.083;504.8;0.040;617.1;0.038;60;0;0;0.279;0.373;0.136;27;45;15;50.02;50.02;50.02;5567;1000;0.0;0;0.0000;0;0;21736;21736;21736
60;2014-07-11 20:23:00;909402N262;82;21.736;39;235;235;235;235;0.248;50.01;476.9;0.076;497.4;0.039;610.5;0.035;60;0;0;0.263;0.388;0.094;23;50;8;50.01;50.01;50.01;5567;1000;0.0;0;0.0000;0;0;21736;21736;21736
60;2014-07-11 20:24:00;909402N262;77;21.737;39;235;235;235;234;0.243;50.01;470.8;0.073;482.3;0.038;611.0;0.032;60;0;0;0.225;0.424;0.080;14;55;7;50.01;50.01;50.01;5567;1000;0.0;0;0.0000;0;0;21737;21737;21737
60;2014-07-11 20:25:00;909402N262;74;21.740;39;235;235;235;235;0.238;50.01;469.8;0.069;484.2;0.035;600.0;0.031;60;0;0;0.252;0.360;0.103;17;45;10;50.01;50.01;50.01;5567;1000;0.0;0;0.0000;0;0;21740;21740;21740
60;2014-07-11 20:26:00;909402N262;71;21.741;39;235;235;235;235;0.228;50.01;472.1;0.066;479.8;0.034;588.9;0.031;60;0;0;0.229;0.355;0.100;16;43;10;50.01;50.01;50.01;5567;1000;0.0;0;0.0000;0;0;21741;21741;21741
60;2014-07-11 20:27:00;909402N262;68;21.742;39;235;235;235;235;0.207;50.00;464.0;0.065;484.8;0.031;582.9;0.030;60;0;0;0.204;0.328;0.090;17;40;10;50.00;50.00;50.00;5567;1000;0.0;0;0.0000;0;0;21742;21742;21742
60;2014-07-11 20:28:00;909402N262;63;21.742;39;235;235;236;235;0.195;50.00;463.4;0.059;485.2;0.028;599.1;0.027;60;0;0;0.127;0.314;0.144;11;32;19;50.00;50.00;50.00;5567;1000;0.0;0;0.0000;0;0;21742;21742;21742
60;2014-07-11 20:29:00;909402N262;56;21.745;39;235;235;236;235;0.175;49.99;457.1;0.053;463.3;0.026;570.2;0.025;60;0;0;0.112;0.266;0.148;11;24;19;49.99;49.99;49.99;5567;1000;0.0;0;0.0000;0;0;21745;21745;21745
60;2014-07-11 20:30:00;909402N262;50;21.745;39;235;235;236;235;0.162;49.98;455.5;0.047;458.6;0.022;541.0;0.023;60;0;0;0.115;0.241;0.130;11;20;16;49.98;49.98;49.98;5567;1000;0.0;0;0.0000;0;0;21745;21745;21745
60;2014-07-11 20:31:00;909402N262;42;21.745;39;235;235;236;235;0.134;49.98;441.6;0.043;456.3;0.019;510.9;0.021;60;0;0;0.101;0.170;0.131;7;18;16;49.98;49.98;49.98;5567;1000;0.0;0;0.0000;0;0;21745;21745;21745
60;2014-07-11 20:32:00;909402N262;38;21.745;39;235;235;235;235;0.112;49.98;444.7;0.038;435.2;0.017;508.3;0.018;60;0;0;0.095;0.105;0.136;8;13;17;49.98;49.98;49.98;5567;1000;0.0;0;0.0000;0;0;21745;21745;21745
60;2014-07-11 20:33:00;909402N262;33;21.747;39;235;235;235;235;0.104;49.98;431.7;0.034;420.3;0.015;524.0;0.015;60;0;0;0.080;0.081;0.152;4;10;19;49.98;49.98;49.98;5567;1000;0.0;0;0.0000;0;0;21747;21747;21747
60;2014-07-11 20:34:00;909402N262;28;21.747;39;235;235;235;235;0.086;49.99;427.7;0.030;438.3;0.010;476.9;0.013;60;0;0;0.096;0.086;0.076;8;10;9;49.99;49.99;49.99;5567;1000;0.0;0;0.0000;0;0;21747;21747;21747
60;2014-07-11 20:35:00;909402N262;24;21.747;39;235;235;235;235;0.077;49.99;421.7;0.026;429.1;0.007;494.0;0.010;60;0;0;0.087;0.095;0.049;7;11;5;49.99;49.99;49.99;5567;1000;0.0;0;0.0000;0;0;21747;21747;21747
60;2014-07-11 20:36:00;909402N262;19;21.747;39;235;235;235;235;0.069;49.99;408.6;0.021;420.3;0.005;474.0;0.007;60;0;0;0.076;0.084;0.049;4;10;4;49.99;49.99;49.99;5567;1000;0.0;0;0.0000;0;0;21747;21747;21747
60;2014-07-11 20:37:00;909402N262;12;21.748;39;235;236;235;235;0.048;49.99;404.7;0.016;410.7;0.003;305.4;0.007;60;0;0;0.052;0.064;0.029;2;8;2;49.99;49.99;49.99;5567;1000;0.0;0;0.0000;0;0;21748;21748;21748
60;2014-07-11 20:38:00;909402N262;8;21.748;39;235;235;235;235;0.028;50.00;397.7;0.012;323.8;0.003;334.1;0.005;60;0;0;0.037;0.029;0.020;3;2;2;50.00;50.00;50.00;5567;1000;0.0;0;0.0000;0;0;21748;21748;21748
60;2014-07-11 20:39:00;909402N262;3;21.748;39;235;235;235;235;0.012;50.00;378.7;0.009;264.6;0.003;309.9;0.003;60;0;0;0.013;0.018;0.007;1;2;0;50.00;50.00;50.00;5567;1000;0.0;0;0.0000;0;0;21748;21748;21748
60;2014-07-11 20:40:00;909402N262;0;21.748;39;235;234;235;235;0.004;49.98;354.0;0.007;276.9;0.001;257.9;0.002;60;0;0;0.005;0.006;0.001;0;0;0;49.98;49.98;49.98;5567;1000;0.0;0;0.0000;0;0;21748;21748;21748
60;2014-07-11 20:41:00;909402N262;0;21.748;39;235;234;236;235;0.000;49.98;332.3;0.003;256.7;0.000;262.4;0.000;60;0;0;0.000;0.000;0.000;0;0;0;49.98;49.98;49.98;5567;1000;0.0;0;0.0000;0;0;21748;21748;21748
60;2014-07-11 20:42:00;909402N262;0;21.748;38;235;234;236;235;0.005;49.99;269.9;0.001;253.6;0.000;254.0;0.000;60;0;0;0.000;0.016;0.000;0;0;0;49.99;49.99;49.99;5567;1000;0.0;0;0.0000;0;0;21748;21748;21748
60;2014-07-11 20:43:00;909402N262;0;21.748;38;235;234;236;235;0.015;49.99;261.3;0.000;253.5;0.000;252.2;0.000;60;0;0;0.000;0.047;0.000;0;0;0;49.99;49.99;49.99;5567;1000;0.0;0;0.0000;0;0;21748;21748;21748
60;2014-07-11 20:44:00;909402N262;0;21.748;38;235;234;236;235;0.019;49.99;263.5;0.000;253.2;0.000;252.8;0.000;60;0;0;0.000;0.057;0.000;0;0;0;49.99;49.99;49.99;5567;1000;0.0;0;0.0000;0;0;21748;21748;21748
60;2014-07-11 20:45:00;909402N262;0;21.748;38;235;234;236;235;0.017;49.99;263.0;0.000;252.8;0.000;254.1;0.000;60;0;0;0.000;0.053;0.000;0;0;0;49.99;49.99;49.99;5567;1000;0.0;0;0.0000;0;0;21748;21748;21748
60;2014-07-11 20:46:00;909402N262;0;21.748;38;235;234;236;235;0.016;50.00;295.0;0.000;266.5;0.000;268.5;0.000;80;0;0;0.002;0.046;0.000;0;0;0;50.00;50.00;50.00;5567;1000;0.0;0;0.0000;0;0;21748;21748;21748
60;2014-07-11 20:47:00;909402N262;0;21.748;38;235;235;237;234;0.000;50.01;385.7;0.000;311.6;0.000;318.1;0.000;50;0;0;0.000;0.000;0.000;0;0;0;50.01;50.01;50.01;5567;1000;0.0;0;0.0000;0;0;21748;21748;21748
60;2014-07-11 20:48:00;909402N262;0;21.748;38;236;236;237;234;0.000;50.01;255.2;0.000;253.8;0.000;253.7;0.000;50;0;0;0.000;0.000;0.000;0;0;0;50.01;50.01;50.01;5567;1000;0.0;0;0.0000;0;0;21748;21748;21748
60;2014-07-11 20:49:00;909402N262;0;21.748;38;236;236;237;234;0.000;50.00;237.8;0.000;237.2;0.000;237.8;0.000;50;0;0;0.000;0.000;0.000;0;0;0;50.00;50.00;50.00;5567;1000;0.0;0;0.0000;0;0;21748;21748;21748
60;2014-07-11 20:50:00;909402N262;0;21.748;37;235;236;237;234;0.000;49.99;234.8;0.000;234.2;0.000;235.1;0.000;50;0;0;0.000;0.000;0.000;0;0;0;49.99;49.99;49.99;5567;1000;0.0;0;0.0000;0;0;21748;21748;21748
60;2014-07-11 20:51:00;909402N262;0;21.748;37;235;235;237;234;0.000;49.99;231.3;0.000;230.7;0.000;232.0;0.000;50;0;0;0.000;0.000;0.000;0;0;0;49.99;49.99;49.99;5567;1000;0.0;0;0.0000;0;0;21748;21748;21748
60;2014-07-11 20:52:00;909402N262;0;21.748;37;235;235;237;234;0.000;50.00;229.3;0.000;228.7;0.000;229.2;0.000;50;0;0;0.000;0.000;0.000;0;0;0;50.00;50.00;50.00;5567;1000;0.0;0;0.0000;0;0;21748;21748;21748
60;2014-07-11 20:53:00;909402N262;0;21.748;37;235;235;237;234;0.000;50.00;226.4;0.000;225.8;0.000;226.4;0.000;50;0;0;0.000;0.000;0.000;0;0;0;50.00;50.00;50.00;5567;1000;0.0;0;0.0000;0;0;21748;21748;21748
60;2014-07-11 20:54:00;909402N262;0;21.748;36;235;235;236;233;0.000;50.00;233.0;0.000;232.4;0.000;233.6;0.000;50;0;0;0.000;0.000;0.000;0;0;0;50.00;50.00;50.00;5567;1000;0.0;0;0.0000;0;0;21748;21748;21748
60;2014-07-11 20:55:00;909402N262;0;21.748;36;235;235;237;233;0.000;49.99;236.6;0.000;236.1;0.000;236.7;0.000;50;0;0;0.000;0.000;0.000;0;0;0;49.99;49.99;49.99;5567;1000;0.0;0;0.0000;0;0;21748;21748;21748
60;2014-07-11 20:56:00;909402N262;0;21.748;36;235;235;237;234;0.000;49.97;234.0;0.000;233.4;0.000;234.0;0.000;50;0;0;0.000;0.000;0.000;0;0;0;49.97;49.97;49.97;5567;1000;0.0;0;0.0000;0;0;21748;21748;21748
60;2014-07-11 20:57:00;909402N262;0;21.748;35;235;235;237;234;0.000;49.98;232.5;0.000;231.9;0.000;232.5;0.000;50;0;0;0.000;0.000;0.000;0;0;0;49.98;49.98;49.98;5567;1000;0.0;0;0.0000;0;0;21748;21748;21748
60;2014-07-11 20:58:00;909402N262;0;21.748;35;235;235;237;234;0.000;49.98;229.9;0.000;229.3;0.000;229.9;0.000;50;0;0;0.000;0.000;0.000;0;0;0;49.98;49.98;49.98;5567;1000;0.0;0;0.0000;0;0;21748;21748;21748
60;2014-07-11 20:59:00;909402N262;0;21.748;35;235;235;236;233;0.000;49.98;228.5;0.000;227.9;0.000;228.3;0.000;50;0;0;0.000;0.000;0.000;0;0;0;49.98;49.98;49.98;5567;1000;0.0;0;0.0000;0;0;21748;21748;21748
60;2014-07-11 21:00:00;909402N262;0;21.748;35;235;235;237;233;0.000;49.97;230.8;0.000;230.3;0.000;230.6;0.000;50;0;0;0.000;0.000;0.000;0;0;0;49.97;49.97;49.97;5567;1000;0.0;0;0.0000;0;0;21748;21748;21748
[wr_ende]
