20140515;070004;danfoss;My Plant;+0100
[wr_def_start]
909402N262;Inverter Type;Inverter Group;Hanzl
[wr_def_end]
[wr]
INTERVAL;TIMESTAMP;SERIAL;P_AC;E_DAY;T_WR;U_AC;U_AC_1;U_AC_2;U_AC_3;I_AC;F_AC;U_DC_1;I_DC_1;U_DC_2;I_DC_2;U_DC_3;I_DC_3;S;E_WR;M_WR;I_AC_1;I_AC_2;I_AC_3;P_AC_1;P_AC_2;P_AC_3;F_AC_1;F_AC_2;F_AC_3;R_DC;PC;PCS;PCS_LL;COS_PHI;COS_PHI_LL;S_COS_PHI;Current_Day_Energy;current_Day_Offset;ccEnergyOfDay_WithoutOffset
60;2014-05-15 06:01:00;909402N262;288;0.066;24;233;233;234;233;0.534;50.04;545.8;0.231;569.5;0.138;723.4;0.119;60;0;0;0.500;0.644;0.458;90;114;83;50.04;50.04;50.04;31461;1000;0.0;0;0.0000;0;0;66;66;66
60;2014-05-15 06:02:00;909402N262;318;0.071;24;233;233;233;233;0.584;50.04;551.9;0.248;605.2;0.146;735.2;0.128;60;0;0;0.559;0.681;0.514;100;121;94;50.04;50.04;50.04;31461;1000;0.0;0;0.0000;0;0;71;71;71
60;2014-05-15 06:03:00;909402N262;342;0.076;24;233;233;233;233;0.620;50.05;552.3;0.267;608.3;0.156;741.2;0.136;60;0;0;0.629;0.685;0.548;114;123;102;50.05;50.05;50.05;31461;1000;0.0;0;0.0000;0;0;76;76;76
60;2014-05-15 06:04:00;909402N262;356;0.082;24;234;234;234;235;0.650;50.04;552.1;0.281;609.1;0.160;739.8;0.143;60;0;0;0.629;0.726;0.595;113;130;109;50.04;50.04;50.04;31461;1000;0.0;0;0.0000;0;0;82;82;82
60;2014-05-15 06:05:00;909402N262;359;0.088;24;234;234;234;235;0.657;50.02;552.8;0.284;611.0;0.161;739.3;0.144;60;0;0;0.632;0.711;0.629;114;128;115;50.02;50.02;50.02;31461;1000;0.0;0;0.0000;0;0;88;88;88
60;2014-05-15 06:06:00;909402N262;373;0.094;25;234;233;233;235;0.674;50.00;554.5;0.292;616.7;0.167;745.8;0.147;60;0;0;0.652;0.723;0.647;119;132;119;50.00;50.00;50.00;31461;1000;0.0;0;0.0000;0;0;94;94;94
60;2014-05-15 06:07:00;909402N262;399;0.101;25;233;233;233;234;0.714;49.97;557.1;0.310;616.4;0.182;751.1;0.156;60;0;0;0.657;0.789;0.697;121;146;129;49.97;49.97;49.97;31461;1000;0.0;0;0.0000;0;0;101;101;101
60;2014-05-15 06:08:00;909402N262;412;0.107;25;233;233;233;234;0.734;49.97;557.4;0.319;616.3;0.188;752.4;0.160;60;0;0;0.702;0.795;0.705;130;147;133;49.97;49.97;49.97;31461;1000;0.0;0;0.0000;0;0;107;107;107
60;2014-05-15 06:09:00;909402N262;400;0.115;25;233;233;233;234;0.711;49.97;558.1;0.311;615.2;0.178;752.4;0.156;60;0;0;0.630;0.797;0.707;118;149;132;49.97;49.97;49.97;31461;1000;0.0;0;0.0000;0;0;115;115;115
60;2014-05-15 06:10:00;909402N262;367;0.121;25;234;234;234;234;0.664;49.97;560.0;0.290;611.9;0.163;747.1;0.143;60;0;0;0.626;0.726;0.641;115;132;118;49.97;49.97;49.97;31461;1000;0.0;0;0.0000;0;0;121;121;121
60;2014-05-15 06:11:00;909402N262;334;0.126;25;234;234;234;234;0.613;49.97;544.9;0.275;605.6;0.148;738.1;0.130;60;0;0;0.601;0.674;0.564;108;119;104;49.97;49.97;49.97;31461;1000;0.0;0;0.0000;0;0;126;126;126
60;2014-05-15 06:12:00;909402N262;311;0.132;25;234;234;234;234;0.567;49.97;540.5;0.259;600.9;0.138;735.9;0.119;60;0;0;0.550;0.674;0.479;100;121;88;49.97;49.97;49.97;31461;1000;0.0;0;0.0000;0;0;132;132;132
60;2014-05-15 06:13:00;909402N262;294;0.136;25;234;234;234;234;0.545;49.98;540.4;0.248;599.1;0.131;728.8;0.114;60;0;0;0.510;0.661;0.464;92;117;84;49.98;49.98;49.98;31461;1000;0.0;0;0.0000;0;0;136;136;136
60;2014-05-15 06:14:00;909402N262;282;0.142;25;234;234;234;234;0.521;49.97;540.1;0.239;596.2;0.126;727.8;0.109;60;0;0;0.458;0.650;0.456;83;115;82;49.97;49.97;49.97;31461;1000;0.0;0;0.0000;0;0;142;142;142
60;2014-05-15 06:15:00;909402N262;279;0.146;26;234;234;234;234;0.517;49.98;540.9;0.237;597.9;0.125;721.5;0.108;60;0;0;0.466;0.643;0.442;84;112;80;49.98;49.98;49.98;31461;1000;0.0;0;0.0000;0;0;146;146;146
60;2014-05-15 06:16:00;909402N262;278;0.150;26;234;234;234;234;0.520;49.99;534.1;0.240;590.3;0.126;712.0;0.110;60;0;0;0.459;0.657;0.446;81;114;79;49.99;49.99;49.99;31461;1000;0.0;0;0.0000;0;0;150;150;150
60;2014-05-15 06:17:00;909402N262;282;0.156;26;234;234;234;234;0.544;50.02;540.5;0.240;597.5;0.126;722.6;0.107;60;0;0;0.498;0.674;0.462;86;113;81;50.02;50.02;50.02;31461;1000;0.0;0;0.0000;0;0;156;156;156
60;2014-05-15 06:18:00;909402N262;294;0.160;26;234;234;233;234;0.553;50.01;541.6;0.250;603.5;0.131;734.3;0.110;60;0;0;0.520;0.652;0.488;92;113;88;50.01;50.01;50.01;31461;1000;0.0;0;0.0000;0;0;160;160;160
60;2014-05-15 06:19:00;909402N262;306;0.166;26;234;234;234;234;0.583;50.00;542.5;0.260;603.4;0.135;731.5;0.116;60;0;0;0.558;0.700;0.491;97;121;86;50.00;50.00;50.00;31461;1000;0.0;0;0.0000;0;0;166;166;166
60;2014-05-15 06:20:00;909402N262;314;0.171;26;234;234;234;234;0.588;50.00;543.3;0.269;601.0;0.138;741.6;0.117;60;0;0;0.579;0.695;0.491;102;123;88;50.00;50.00;50.00;31461;1000;0.0;0;0.0000;0;0;171;171;171
60;2014-05-15 06:21:00;909402N262;319;0.176;26;234;234;234;234;0.595;49.99;543.9;0.273;601.5;0.138;744.0;0.118;60;0;0;0.603;0.697;0.485;106;124;87;49.99;49.99;49.99;31461;1000;0.0;0;0.0000;0;0;176;176;176
60;2014-05-15 06:22:00;909402N262;330;0.181;26;234;234;234;234;0.618;49.99;543.7;0.283;606.1;0.143;737.1;0.124;60;0;0;0.583;0.713;0.560;102;126;100;49.99;49.99;49.99;31461;1000;0.0;0;0.0000;0;0;181;181;181
60;2014-05-15 06:23:00;909402N262;344;0.187;26;233;233;233;234;0.636;50.00;545.7;0.293;606.5;0.150;745.9;0.127;60;0;0;0.630;0.744;0.534;112;133;97;50.00;50.00;50.00;31461;1000;0.0;0;0.0000;0;0;187;187;187
60;2014-05-15 06:24:00;909402N262;338;0.193;26;233;233;233;234;0.633;50.00;545.6;0.290;606.3;0.146;739.3;0.126;60;0;0;0.619;0.731;0.549;109;129;97;50.00;50.00;50.00;31461;1000;0.0;0;0.0000;0;0;193;193;193
60;2014-05-15 06:25:00;909402N262;328;0.198;26;233;233;233;234;0.615;50.01;545.7;0.281;607.2;0.143;741.1;0.121;60;0;0;0.631;0.694;0.521;110;121;93;50.01;50.01;50.01;31461;1000;0.0;0;0.0000;0;0;198;198;198
60;2014-05-15 06:26:00;909402N262;331;0.205;27;233;233;233;233;0.621;49.99;546.5;0.283;606.6;0.147;739.8;0.122;60;0;0;0.623;0.707;0.535;110;124;95;49.99;49.99;49.99;31461;1000;0.0;0;0.0000;0;0;205;205;205
60;2014-05-15 06:27:00;909402N262;351;0.210;27;233;233;233;233;0.646;49.99;547.3;0.297;611.0;0.157;743.2;0.128;60;0;0;0.628;0.739;0.573;113;132;104;49.99;49.99;49.99;31461;1000;0.0;0;0.0000;0;0;210;210;210
60;2014-05-15 06:28:00;909402N262;377;0.216;27;233;233;233;233;0.685;49.98;549.7;0.316;617.6;0.165;749.1;0.139;60;0;0;0.631;0.762;0.663;115;138;121;49.98;49.98;49.98;31461;1000;0.0;0;0.0000;0;0;216;216;216
60;2014-05-15 06:29:00;909402N262;382;0.222;27;233;233;233;233;0.694;49.98;550.1;0.322;616.7;0.164;746.4;0.142;60;0;0;0.645;0.776;0.662;118;140;122;49.98;49.98;49.98;31461;1000;0.0;0;0.0000;0;0;222;222;222
60;2014-05-15 06:30:00;909402N262;387;0.229;27;233;233;233;234;0.700;49.98;551.2;0.327;617.0;0.165;749.7;0.145;60;0;0;0.632;0.783;0.686;116;142;126;49.98;49.98;49.98;31461;1000;0.0;0;0.0000;0;0;229;229;229
60;2014-05-15 06:31:00;909402N262;393;0.235;27;234;233;234;234;0.706;49.97;544.8;0.336;588.1;0.173;760.0;0.148;60;0;0;0.644;0.798;0.678;117;147;126;49.97;49.97;49.97;31461;1000;0.0;0;0.0000;0;0;235;235;235
60;2014-05-15 06:32:00;909402N262;387;0.242;27;234;234;234;234;0.693;49.98;550.6;0.326;618.0;0.167;749.2;0.142;60;0;0;0.658;0.760;0.663;122;141;123;49.98;49.98;49.98;31461;1000;0.0;0;0.0000;0;0;242;242;242
60;2014-05-15 06:33:00;909402N262;387;0.248;27;234;234;234;234;0.696;49.98;551.1;0.324;619.5;0.170;749.2;0.142;60;0;0;0.630;0.778;0.681;116;143;126;49.98;49.98;49.98;31461;1000;0.0;0;0.0000;0;0;248;248;248
60;2014-05-15 06:34:00;909402N262;425;0.256;27;234;234;234;234;0.753;49.97;552.0;0.348;620.5;0.189;756.2;0.157;60;0;0;0.734;0.818;0.707;138;153;132;49.97;49.97;49.97;31461;1000;0.0;0;0.0000;0;0;256;256;256
60;2014-05-15 06:35:00;909402N262;437;0.263;27;234;234;234;234;0.770;49.97;551.9;0.359;621.0;0.188;760.3;0.164;60;0;0;0.756;0.837;0.717;143;156;136;49.97;49.97;49.97;31461;1000;0.0;0;0.0000;0;0;263;263;263
60;2014-05-15 06:36:00;909402N262;405;0.270;27;234;234;234;234;0.719;49.99;550.9;0.339;618.3;0.173;755.9;0.151;60;0;0;0.692;0.764;0.702;129;143;132;49.99;49.99;49.99;31461;1000;0.0;0;0.0000;0;0;270;270;270
60;2014-05-15 06:37:00;909402N262;392;0.276;27;234;234;233;234;0.704;50.00;551.8;0.328;618.4;0.170;746.2;0.143;60;0;0;0.636;0.782;0.694;117;144;129;50.00;50.00;50.00;31461;1000;0.0;0;0.0000;0;0;276;276;276
60;2014-05-15 06:38:00;909402N262;409;0.283;27;233;233;233;234;0.728;49.99;551.9;0.336;617.9;0.184;752.8;0.148;60;0;0;0.674;0.821;0.690;125;151;130;49.99;49.99;49.99;31461;1000;0.0;0;0.0000;0;0;283;283;283
60;2014-05-15 06:39:00;909402N262;440;0.290;27;233;233;233;234;0.777;49.97;552.8;0.356;624.4;0.201;757.1;0.160;60;0;0;0.771;0.818;0.744;145;154;139;49.97;49.97;49.97;31461;1000;0.0;0;0.0000;0;0;290;290;290
60;2014-05-15 06:40:00;909402N262;490;0.298;28;233;233;233;234;0.861;49.96;554.4;0.389;631.6;0.224;763.6;0.177;60;0;0;0.848;0.903;0.832;160;170;158;49.96;49.96;49.96;31461;1000;0.0;0;0.0000;0;0;298;298;298
60;2014-05-15 06:41:00;909402N262;532;0.307;28;233;233;233;233;0.928;49.97;558.4;0.416;635.1;0.242;769.8;0.194;60;0;0;0.923;0.966;0.895;176;183;170;49.97;49.97;49.97;31461;1000;0.0;0;0.0000;0;0;307;307;307
60;2014-05-15 06:42:00;909402N262;558;0.316;28;233;233;233;233;0.972;49.96;569.4;0.429;635.6;0.254;772.5;0.205;60;0;0;0.935;1.045;0.938;179;198;179;49.96;49.96;49.96;31461;1000;0.0;0;0.0000;0;0;316;316;316
60;2014-05-15 06:43:00;909402N262;561;0.326;28;233;233;233;233;0.979;49.97;573.9;0.431;638.5;0.252;770.8;0.204;60;0;0;0.940;1.047;0.950;180;199;181;49.97;49.97;49.97;31461;1000;0.0;0;0.0000;0;0;326;326;326
60;2014-05-15 06:44:00;909402N262;579;0.335;28;233;233;233;232;1.005;49.97;575.7;0.442;638.1;0.264;774.8;0.209;60;0;0;0.965;1.074;0.976;185;207;187;49.97;49.97;49.97;31461;1000;0.0;0;0.0000;0;0;335;335;335
60;2014-05-15 06:45:00;909402N262;639;0.347;28;232;233;232;232;1.098;49.96;576.6;0.481;640.4;0.288;777.4;0.233;60;0;0;1.071;1.141;1.082;206;220;210;49.96;49.96;49.96;31461;1000;0.0;0;0.0000;0;0;347;347;347
60;2014-05-15 06:46:00;909402N262;665;0.358;28;232;233;232;232;1.149;49.96;573.4;0.511;630.8;0.303;764.7;0.253;60;0;0;1.125;1.174;1.148;218;233;219;49.96;49.96;49.96;31461;1000;0.0;0;0.0000;0;0;358;358;358
60;2014-05-15 06:47:00;909402N262;648;0.368;28;232;233;232;232;1.110;49.96;576.1;0.497;639.0;0.281;779.9;0.239;60;0;0;1.075;1.164;1.091;208;226;212;49.96;49.96;49.96;31461;1000;0.0;0;0.0000;0;0;368;368;368
60;2014-05-15 06:48:00;909402N262;630;0.378;28;232;232;232;232;1.080;49.96;577.1;0.485;638.5;0.273;777.9;0.231;60;0;0;1.051;1.143;1.048;203;221;205;49.96;49.96;49.96;31461;1000;0.0;0;0.0000;0;0;378;378;378
60;2014-05-15 06:49:00;909402N262;628;0.390;28;232;232;231;232;1.079;49.96;577.9;0.482;640.5;0.272;777.8;0.231;60;0;0;1.048;1.134;1.056;203;219;205;49.96;49.96;49.96;31461;1000;0.0;0;0.0000;0;0;390;390;390
60;2014-05-15 06:50:00;909402N262;621;0.400;28;234;234;233;234;1.067;49.97;578.2;0.474;641.1;0.276;776.8;0.225;60;0;0;1.038;1.132;1.033;200;219;200;49.97;49.97;49.97;31461;1000;0.0;0;0.0000;0;0;400;400;400
60;2014-05-15 06:51:00;909402N262;652;0.411;28;235;236;235;235;1.116;49.97;577.9;0.491;644.6;0.293;778.1;0.237;60;0;0;1.098;1.135;1.115;214;220;217;49.97;49.97;49.97;31461;1000;0.0;0;0.0000;0;0;411;411;411
60;2014-05-15 06:52:00;909402N262;683;0.422;28;235;235;234;236;1.170;49.95;577.5;0.511;646.8;0.306;779.0;0.251;60;0;0;1.145;1.190;1.176;222;230;229;49.95;49.95;49.95;31461;1000;0.0;0;0.0000;0;0;422;422;422
60;2014-05-15 06:53:00;909402N262;693;0.433;28;235;235;234;235;1.182;49.96;577.8;0.520;645.3;0.304;780.0;0.257;60;0;0;1.158;1.214;1.175;226;236;229;49.96;49.96;49.96;31461;1000;0.0;0;0.0000;0;0;433;433;433
60;2014-05-15 06:54:00;909402N262;650;0.445;28;235;235;234;235;1.115;49.96;578.7;0.488;641.6;0.288;777.1;0.240;60;0;0;1.097;1.140;1.108;213;219;216;49.96;49.96;49.96;31461;1000;0.0;0;0.0000;0;0;445;445;445
60;2014-05-15 06:55:00;909402N262;599;0.454;28;234;234;234;235;1.035;49.95;561.3;0.466;637.1;0.273;776.6;0.217;60;0;0;0.993;1.091;1.023;191;209;198;49.95;49.95;49.95;31461;1000;0.0;0;0.0000;0;0;454;454;454
60;2014-05-15 06:56:00;909402N262;593;0.465;29;234;234;234;235;1.024;49.96;560.7;0.461;639.1;0.274;777.4;0.211;60;0;0;0.981;1.085;1.008;188;208;195;49.96;49.96;49.96;31461;1000;0.0;0;0.0000;0;0;465;465;465
60;2014-05-15 06:57:00;909402N262;607;0.474;29;234;234;234;235;1.045;49.96;573.2;0.462;638.2;0.281;778.5;0.215;60;0;0;1.030;1.079;1.027;198;208;200;49.96;49.96;49.96;31461;1000;0.0;0;0.0000;0;0;474;474;474
60;2014-05-15 06:58:00;909402N262;610;0.485;29;234;234;233;235;1.049;49.97;577.9;0.464;639.1;0.280;778.5;0.215;60;0;0;1.043;1.100;1.004;201;213;194;49.97;49.97;49.97;31461;1000;0.0;0;0.0000;0;0;485;485;485
60;2014-05-15 06:59:00;909402N262;632;0.495;29;234;234;233;235;1.087;49.98;579.4;0.481;639.6;0.287;775.2;0.225;60;0;0;1.064;1.136;1.062;206;218;206;49.98;49.98;49.98;31461;1000;0.0;0;0.0000;0;0;495;495;495
60;2014-05-15 07:00:00;909402N262;677;0.506;29;234;234;233;235;1.161;50.02;579.1;0.511;641.6;0.310;777.3;0.241;60;0;0;1.138;1.193;1.153;220;231;224;50.02;50.02;50.02;31461;1000;0.0;0;0.0000;0;0;506;506;506
[wr_ende]
