20140517;070003;danfoss;My Plant;+0100
[wr_def_start]
909402N262;Inverter Type;Inverter Group;Hanzl
[wr_def_end]
[wr]
INTERVAL;TIMESTAMP;SERIAL;P_AC;E_DAY;T_WR;U_AC;U_AC_1;U_AC_2;U_AC_3;I_AC;F_AC;U_DC_1;I_DC_1;U_DC_2;I_DC_2;U_DC_3;I_DC_3;S;E_WR;M_WR;I_AC_1;I_AC_2;I_AC_3;P_AC_1;P_AC_2;P_AC_3;F_AC_1;F_AC_2;F_AC_3;R_DC;PC;PCS;PCS_LL;COS_PHI;COS_PHI_LL;S_COS_PHI;Current_Day_Energy;current_Day_Offset;ccEnergyOfDay_WithoutOffset
60;2014-05-17 06:01:00;909402N262;16;0.004;23;236;236;236;236;0.073;50.06;423.6;0.019;440.3;0.007;527.5;0.007;60;0;0;0.080;0.087;0.054;7;5;4;50.06;50.06;50.06;12214;1000;0.0;0;0.0000;0;0;4;4;4
60;2014-05-17 06:02:00;909402N262;18;0.004;23;236;236;236;236;0.084;50.05;435.5;0.019;460.9;0.008;533.4;0.011;60;0;0;0.106;0.115;0.032;9;5;3;50.05;50.05;50.05;12214;1000;0.0;0;0.0000;0;0;4;4;4
60;2014-05-17 06:03:00;909402N262;20;0.005;24;236;236;236;235;0.073;50.05;440.4;0.020;479.8;0.007;543.5;0.011;60;0;0;0.098;0.084;0.039;8;7;4;50.05;50.05;50.05;12214;1000;0.0;0;0.0000;0;0;5;5;5
60;2014-05-17 06:04:00;909402N262;22;0.005;24;235;235;236;235;0.070;50.04;421.5;0.023;470.0;0.010;553.1;0.011;60;0;0;0.133;0.052;0.026;14;3;3;50.04;50.04;50.04;12214;1000;0.0;0;0.0000;0;0;5;5;5
60;2014-05-17 06:05:00;909402N262;24;0.005;24;235;235;236;235;0.087;50.02;427.1;0.025;430.2;0.013;548.3;0.012;60;0;0;0.086;0.107;0.070;6;8;8;50.02;50.02;50.02;12214;1000;0.0;0;0.0000;0;0;5;5;5
60;2014-05-17 06:06:00;909402N262;26;0.007;24;235;235;236;235;0.092;50.02;434.6;0.027;465.3;0.014;520.9;0.015;60;0;0;0.083;0.141;0.053;8;12;6;50.02;50.02;50.02;12214;1000;0.0;0;0.0000;0;0;7;7;7
60;2014-05-17 06:07:00;909402N262;30;0.007;24;235;235;236;235;0.115;50.01;455.4;0.028;462.3;0.015;544.3;0.015;60;0;0;0.077;0.165;0.105;8;11;11;50.01;50.01;50.01;12214;1000;0.0;0;0.0000;0;0;7;7;7
60;2014-05-17 06:08:00;909402N262;34;0.008;24;235;234;235;235;0.104;49.99;445.8;0.034;451.5;0.019;546.9;0.019;60;0;0;0.056;0.183;0.074;6;19;8;49.99;49.99;49.99;12214;1000;0.0;0;0.0000;0;0;8;8;8
60;2014-05-17 06:09:00;909402N262;40;0.008;24;235;234;235;235;0.126;49.99;459.8;0.038;467.5;0.022;584.2;0.019;60;0;0;0.077;0.209;0.092;8;22;10;49.99;49.99;49.99;12214;1000;0.0;0;0.0000;0;0;8;8;8
60;2014-05-17 06:10:00;909402N262;47;0.008;24;235;234;235;235;0.146;49.99;469.9;0.041;490.4;0.023;620.3;0.023;60;0;0;0.095;0.242;0.103;9;27;10;49.99;49.99;49.99;12214;1000;0.0;0;0.0000;0;0;8;8;8
60;2014-05-17 06:11:00;909402N262;52;0.009;24;235;235;235;235;0.148;49.99;474.4;0.046;484.3;0.026;604.1;0.025;60;0;0;0.104;0.250;0.091;11;30;9;49.99;49.99;49.99;12214;1000;0.0;0;0.0000;0;0;9;9;9
60;2014-05-17 06:12:00;909402N262;57;0.011;25;235;234;235;235;0.177;50.00;484.2;0.050;489.2;0.030;614.7;0.027;60;0;0;0.136;0.265;0.130;13;29;13;50.00;50.00;50.00;12214;1000;0.0;0;0.0000;0;0;11;11;11
60;2014-05-17 06:13:00;909402N262;62;0.012;25;234;234;235;235;0.194;49.99;482.8;0.055;493.7;0.031;617.4;0.029;60;0;0;0.151;0.290;0.142;17;30;13;49.99;49.99;49.99;12214;1000;0.0;0;0.0000;0;0;12;12;12
60;2014-05-17 06:14:00;909402N262;67;0.013;25;235;234;235;235;0.201;49.99;493.8;0.058;509.4;0.034;626.2;0.031;60;0;0;0.158;0.310;0.135;17;35;13;49.99;49.99;49.99;12214;1000;0.0;0;0.0000;0;0;13;13;13
60;2014-05-17 06:15:00;909402N262;70;0.013;25;235;234;235;234;0.225;49.99;492.6;0.060;518.7;0.035;639.7;0.031;60;0;0;0.169;0.374;0.132;15;41;12;49.99;49.99;49.99;12214;1000;0.0;0;0.0000;0;0;13;13;13
60;2014-05-17 06:16:00;909402N262;71;0.016;25;235;234;235;235;0.221;50.00;481.7;0.064;490.6;0.037;627.6;0.034;60;0;0;0.153;0.351;0.159;15;37;17;50.00;50.00;50.00;12214;1000;0.0;0;0.0000;0;0;16;16;16
60;2014-05-17 06:17:00;909402N262;73;0.016;25;234;234;235;234;0.225;50.00;489.3;0.066;500.7;0.039;608.2;0.038;60;0;0;0.142;0.362;0.172;13;39;20;50.00;50.00;50.00;12214;1000;0.0;0;0.0000;0;0;16;16;16
60;2014-05-17 06:18:00;909402N262;75;0.017;25;234;234;235;234;0.226;50.00;491.5;0.066;502.9;0.039;611.2;0.038;60;0;0;0.164;0.351;0.164;17;37;19;50.00;50.00;50.00;12214;1000;0.0;0;0.0000;0;0;17;17;17
60;2014-05-17 06:19:00;909402N262;75;0.019;25;234;234;235;234;0.230;50.01;493.9;0.066;504.0;0.039;612.5;0.038;60;0;0;0.147;0.375;0.170;13;42;18;50.01;50.01;50.01;12214;1000;0.0;0;0.0000;0;0;19;19;19
60;2014-05-17 06:20:00;909402N262;78;0.021;25;234;234;235;234;0.241;50.00;498.7;0.066;509.4;0.039;621.5;0.038;60;0;0;0.164;0.401;0.158;13;47;16;50.00;50.00;50.00;12214;1000;0.0;0;0.0000;0;0;21;21;21
60;2014-05-17 06:21:00;909402N262;83;0.021;25;234;234;235;234;0.263;50.00;497.3;0.072;509.6;0.041;644.9;0.038;60;0;0;0.206;0.410;0.174;17;48;17;50.00;50.00;50.00;12214;1000;0.0;0;0.0000;0;0;21;21;21
60;2014-05-17 06:22:00;909402N262;90;0.023;25;234;234;235;234;0.275;49.98;503.3;0.078;533.8;0.042;640.1;0.041;60;0;0;0.221;0.411;0.193;19;48;22;49.98;49.98;49.98;12214;1000;0.0;0;0.0000;0;0;23;23;23
60;2014-05-17 06:23:00;909402N262;97;0.025;25;234;234;235;234;0.281;49.99;501.4;0.083;523.0;0.046;641.2;0.044;60;0;0;0.272;0.394;0.177;29;46;19;49.99;49.99;49.99;12214;1000;0.0;0;0.0000;0;0;25;25;25
60;2014-05-17 06:24:00;909402N262;101;0.026;26;234;234;235;234;0.295;49.99;508.1;0.085;530.2;0.049;635.9;0.046;60;0;0;0.273;0.437;0.177;30;53;16;49.99;49.99;49.99;12214;1000;0.0;0;0.0000;0;0;26;26;26
60;2014-05-17 06:25:00;909402N262;101;0.029;26;234;234;234;235;0.302;50.00;509.3;0.085;527.0;0.048;633.3;0.045;60;0;0;0.248;0.420;0.239;25;54;20;50.00;50.00;50.00;12214;1000;0.0;0;0.0000;0;0;29;29;29
60;2014-05-17 06:26:00;909402N262;100;0.030;26;234;234;234;234;0.274;49.99;506.7;0.085;523.4;0.046;644.5;0.044;60;0;0;0.250;0.395;0.179;28;54;16;49.99;49.99;49.99;12214;1000;0.0;0;0.0000;0;0;30;30;30
60;2014-05-17 06:27:00;909402N262;94;0.032;26;234;234;234;234;0.287;49.98;500.9;0.082;533.1;0.042;648.9;0.041;60;0;0;0.252;0.414;0.197;24;54;15;49.98;49.98;49.98;12214;1000;0.0;0;0.0000;0;0;32;32;32
60;2014-05-17 06:28:00;909402N262;85;0.033;26;234;234;234;234;0.275;49.99;499.0;0.076;509.2;0.041;643.7;0.039;60;0;0;0.225;0.392;0.210;19;48;17;49.99;49.99;49.99;12214;1000;0.0;0;0.0000;0;0;33;33;33
60;2014-05-17 06:29:00;909402N262;80;0.034;26;234;234;234;234;0.257;49.99;494.0;0.072;508.3;0.039;625.9;0.038;60;0;0;0.188;0.426;0.159;16;52;10;49.99;49.99;49.99;12214;1000;0.0;0;0.0000;0;0;34;34;34
60;2014-05-17 06:30:00;909402N262;75;0.036;26;234;234;235;234;0.245;50.01;499.8;0.068;507.8;0.037;617.4;0.036;60;0;0;0.160;0.446;0.129;12;55;8;50.01;50.01;50.01;12214;1000;0.0;0;0.0000;0;0;36;36;36
60;2014-05-17 06:31:00;909402N262;70;0.037;26;234;234;234;234;0.240;50.03;488.4;0.065;507.0;0.035;617.4;0.032;60;0;0;0.152;0.400;0.168;10;47;12;50.03;50.03;50.03;12214;1000;0.0;0;0.0000;0;0;37;37;37
60;2014-05-17 06:32:00;909402N262;69;0.038;26;234;234;235;234;0.231;50.03;486.5;0.063;510.4;0.034;623.9;0.031;60;0;0;0.208;0.351;0.135;19;38;10;50.03;50.03;50.03;12214;1000;0.0;0;0.0000;0;0;38;38;38
60;2014-05-17 06:33:00;909402N262;71;0.038;26;234;234;235;234;0.239;50.04;487.7;0.065;517.9;0.035;634.1;0.031;60;0;0;0.249;0.344;0.125;25;32;12;50.04;50.04;50.04;12214;1000;0.0;0;0.0000;0;0;38;38;38
60;2014-05-17 06:34:00;909402N262;72;0.041;26;234;234;235;234;0.257;50.03;489.2;0.066;520.6;0.035;640.0;0.031;60;0;0;0.268;0.357;0.146;22;35;14;50.03;50.03;50.03;12214;1000;0.0;0;0.0000;0;0;41;41;41
60;2014-05-17 06:35:00;909402N262;73;0.042;26;234;234;235;234;0.256;50.02;490.2;0.066;520.8;0.035;640.7;0.031;60;0;0;0.223;0.394;0.151;14;44;14;50.02;50.02;50.02;12214;1000;0.0;0;0.0000;0;0;42;42;42
60;2014-05-17 06:36:00;909402N262;75;0.042;26;234;234;234;234;0.256;50.01;496.8;0.066;500.8;0.038;633.8;0.033;60;0;0;0.233;0.387;0.148;19;48;7;50.01;50.01;50.01;12214;1000;0.0;0;0.0000;0;0;42;42;42
60;2014-05-17 06:37:00;909402N262;76;0.044;26;234;234;234;234;0.253;50.01;500.6;0.068;503.7;0.039;612.7;0.036;60;0;0;0.207;0.321;0.233;19;36;19;50.01;50.01;50.01;12214;1000;0.0;0;0.0000;0;0;44;44;44
60;2014-05-17 06:38:00;909402N262;75;0.046;26;234;234;234;234;0.241;50.01;498.6;0.066;500.5;0.039;630.0;0.034;60;0;0;0.195;0.318;0.212;20;36;18;50.01;50.01;50.01;12214;1000;0.0;0;0.0000;0;0;46;46;46
60;2014-05-17 06:39:00;909402N262;75;0.046;26;234;233;234;234;0.247;49.99;496.8;0.066;502.1;0.038;637.1;0.033;60;0;0;0.171;0.322;0.249;20;33;20;49.99;49.99;49.99;12214;1000;0.0;0;0.0000;0;0;46;46;46
60;2014-05-17 06:40:00;909402N262;76;0.048;26;234;233;234;235;0.257;49.98;498.2;0.066;501.7;0.039;630.5;0.033;60;0;0;0.178;0.338;0.256;21;33;20;49.98;49.98;49.98;12214;1000;0.0;0;0.0000;0;0;48;48;48
60;2014-05-17 06:41:00;909402N262;77;0.049;26;234;233;234;235;0.263;49.99;500.7;0.069;509.3;0.039;613.4;0.037;60;0;0;0.187;0.322;0.281;23;29;23;49.99;49.99;49.99;12214;1000;0.0;0;0.0000;0;0;49;49;49
60;2014-05-17 06:42:00;909402N262;80;0.051;27;234;233;234;235;0.269;50.00;495.4;0.072;511.9;0.039;623.2;0.038;60;0;0;0.224;0.294;0.290;28;25;25;50.00;50.00;50.00;12214;1000;0.0;0;0.0000;0;0;51;51;51
60;2014-05-17 06:43:00;909402N262;82;0.052;27;234;233;234;234;0.270;49.99;495.9;0.074;509.0;0.041;638.7;0.038;60;0;0;0.208;0.366;0.236;24;34;22;49.99;49.99;49.99;12214;1000;0.0;0;0.0000;0;0;52;52;52
60;2014-05-17 06:44:00;909402N262;82;0.053;27;234;233;234;234;0.263;49.99;496.2;0.074;508.6;0.041;639.9;0.038;60;0;0;0.189;0.380;0.221;21;39;20;49.99;49.99;49.99;12214;1000;0.0;0;0.0000;0;0;53;53;53
60;2014-05-17 06:45:00;909402N262;83;0.055;27;234;233;234;234;0.261;49.99;497.2;0.074;505.0;0.041;642.7;0.038;60;0;0;0.186;0.378;0.220;21;40;20;49.99;49.99;49.99;12214;1000;0.0;0;0.0000;0;0;55;55;55
60;2014-05-17 06:46:00;909402N262;84;0.055;27;234;233;234;234;0.277;49.99;494.3;0.077;499.6;0.042;629.4;0.039;60;0;0;0.198;0.405;0.228;20;46;15;49.99;49.99;49.99;12214;1000;0.0;0;0.0000;0;0;55;55;55
60;2014-05-17 06:47:00;909402N262;85;0.058;27;234;233;234;234;0.283;50.00;498.7;0.077;507.2;0.042;645.8;0.039;60;0;0;0.211;0.381;0.258;22;43;17;50.00;50.00;50.00;12214;1000;0.0;0;0.0000;0;0;58;58;58
60;2014-05-17 06:48:00;909402N262;87;0.059;27;234;233;234;234;0.277;49.99;501.2;0.078;517.8;0.042;647.0;0.039;60;0;0;0.206;0.375;0.251;21;45;19;49.99;49.99;49.99;12214;1000;0.0;0;0.0000;0;0;59;59;59
60;2014-05-17 06:49:00;909402N262;89;0.060;27;234;234;233;234;0.270;50.00;505.9;0.078;531.9;0.042;639.3;0.040;60;0;0;0.225;0.356;0.230;23;46;18;50.00;50.00;50.00;12214;1000;0.0;0;0.0000;0;0;60;60;60
60;2014-05-17 06:50:00;909402N262;91;0.062;27;233;233;233;234;0.275;50.01;507.0;0.078;539.0;0.042;640.2;0.040;60;0;0;0.246;0.328;0.251;31;41;17;50.01;50.01;50.01;12214;1000;0.0;0;0.0000;0;0;62;62;62
60;2014-05-17 06:51:00;909402N262;92;0.063;27;233;233;233;234;0.276;50.00;504.0;0.080;542.0;0.042;642.8;0.041;60;0;0;0.251;0.311;0.268;31;38;21;50.00;50.00;50.00;12214;1000;0.0;0;0.0000;0;0;63;63;63
60;2014-05-17 06:52:00;909402N262;93;0.065;27;233;233;233;234;0.291;50.01;499.8;0.082;539.8;0.043;645.7;0.041;60;0;0;0.253;0.349;0.272;32;38;21;50.01;50.01;50.01;12214;1000;0.0;0;0.0000;0;0;65;65;65
60;2014-05-17 06:53:00;909402N262;94;0.067;27;233;232;233;234;0.308;50.00;499.6;0.082;528.9;0.045;645.2;0.041;60;0;0;0.251;0.364;0.309;32;37;24;50.00;50.00;50.00;12214;1000;0.0;0;0.0000;0;0;67;67;67
60;2014-05-17 06:54:00;909402N262;100;0.068;27;233;233;233;234;0.304;49.99;506.7;0.086;531.3;0.049;638.0;0.044;60;0;0;0.250;0.386;0.278;30;43;25;49.99;49.99;49.99;12214;1000;0.0;0;0.0000;0;0;68;68;68
60;2014-05-17 06:55:00;909402N262;110;0.071;27;233;232;234;234;0.297;49.99;507.5;0.093;546.6;0.051;660.5;0.047;60;0;0;0.253;0.370;0.269;35;38;35;49.99;49.99;49.99;12214;1000;0.0;0;0.0000;0;0;71;71;71
60;2014-05-17 06:56:00;909402N262;116;0.072;27;233;233;234;233;0.238;50.00;514.6;0.097;557.5;0.054;678.2;0.049;60;0;0;0.224;0.274;0.218;36;43;35;50.00;50.00;50.00;12214;1000;0.0;0;0.0000;0;0;72;72;72
60;2014-05-17 06:57:00;909402N262;118;0.074;27;233;233;233;233;0.284;50.00;511.4;0.101;543.1;0.057;667.4;0.051;60;0;0;0.244;0.363;0.246;33;48;35;50.00;50.00;50.00;12214;1000;0.0;0;0.0000;0;0;74;74;74
60;2014-05-17 06:58:00;909402N262;124;0.077;27;233;232;233;233;0.270;50.01;513.6;0.104;546.4;0.059;671.9;0.053;60;0;0;0.260;0.307;0.244;40;43;39;50.01;50.01;50.01;12214;1000;0.0;0;0.0000;0;0;77;77;77
60;2014-05-17 06:59:00;909402N262;134;0.079;27;233;232;233;233;0.249;50.00;516.0;0.112;559.7;0.062;692.2;0.055;60;0;0;0.237;0.262;0.248;42;45;44;50.00;50.00;50.00;12214;1000;0.0;0;0.0000;0;0;79;79;79
60;2014-05-17 07:00:00;909402N262;143;0.081;27;233;233;234;233;0.265;50.02;521.0;0.119;557.4;0.068;690.6;0.058;60;0;0;0.217;0.319;0.259;38;57;47;50.02;50.02;50.02;12214;1000;0.0;0;0.0000;0;0;81;81;81
[wr_ende]
