20140520;170002;danfoss;My Plant;+0100
[wr_def_start]
909402N262;Inverter Type;Inverter Group;Hanzl
[wr_def_end]
[wr]
INTERVAL;TIMESTAMP;SERIAL;P_AC;E_DAY;T_WR;U_AC;U_AC_1;U_AC_2;U_AC_3;I_AC;F_AC;U_DC_1;I_DC_1;U_DC_2;I_DC_2;U_DC_3;I_DC_3;S;E_WR;M_WR;I_AC_1;I_AC_2;I_AC_3;P_AC_1;P_AC_2;P_AC_3;F_AC_1;F_AC_2;F_AC_3;R_DC;PC;PCS;PCS_LL;COS_PHI;COS_PHI_LL;S_COS_PHI;Current_Day_Energy;current_Day_Offset;ccEnergyOfDay_WithoutOffset
60;2014-05-20 16:01:00;909402N262;8983;58.837;51;236;236;237;236;12.675;49.98;503.9;7.211;610.8;3.911;751.2;4.164;60;0;0;12.642;12.740;12.645;2988;3015;2978;49.98;49.98;49.98;10775;1000;0.0;0;0.0000;0;0;58837;58837;58837
60;2014-05-20 16:02:00;909402N262;9053;58.988;51;236;236;237;236;12.773;50.00;509.7;7.193;619.8;3.896;752.4;4.150;60;0;0;12.736;12.839;12.744;3008;3041;3002;50.00;50.00;50.00;10775;1000;0.0;0;0.0000;0;0;58988;58988;58988
60;2014-05-20 16:03:00;909402N262;9017;59.138;51;236;235;236;235;12.760;50.01;508.8;7.178;618.9;3.889;751.1;4.142;60;0;0;12.708;12.822;12.750;2992;3027;2996;50.01;50.01;50.01;10775;1000;0.0;0;0.0000;0;0;59138;59138;59138
60;2014-05-20 16:04:00;909402N262;8986;59.288;51;236;236;236;235;12.715;49.99;507.5;7.166;618.4;3.879;750.5;4.135;60;0;0;12.708;12.757;12.682;3000;3006;2978;49.99;49.99;49.99;10775;1000;0.0;0;0.0000;0;0;59288;59288;59288
60;2014-05-20 16:05:00;909402N262;8946;59.437;51;235;236;235;235;12.669;49.99;506.7;7.144;617.7;3.865;749.3;4.126;60;0;0;12.668;12.693;12.647;2989;2985;2970;49.99;49.99;49.99;10775;1000;0.0;0;0.0000;0;0;59437;59437;59437
60;2014-05-20 16:06:00;909402N262;8930;59.586;51;235;236;235;235;12.644;49.99;505.7;7.138;617.1;3.865;748.3;4.123;60;0;0;12.659;12.653;12.621;2993;2973;2963;49.99;49.99;49.99;10775;1000;0.0;0;0.0000;0;0;59586;59586;59586
60;2014-05-20 16:07:00;909402N262;8921;59.735;51;236;237;235;235;12.623;50.00;506.6;7.123;618.3;3.854;749.2;4.110;60;0;0;12.639;12.639;12.591;2990;2972;2957;50.00;50.00;50.00;10775;1000;0.0;0;0.0000;0;0;59735;59735;59735
60;2014-05-20 16:08:00;909402N262;8907;59.883;51;236;236;235;236;12.593;50.00;507.5;7.101;618.6;3.842;750.3;4.098;60;0;0;12.570;12.583;12.626;2971;2957;2977;50.00;50.00;50.00;10775;1000;0.0;0;0.0000;0;0;59883;59883;59883
60;2014-05-20 16:09:00;909402N262;8888;60.031;51;236;236;235;236;12.567;49.99;507.7;7.082;618.5;3.833;751.2;4.087;60;0;0;12.539;12.535;12.628;2956;2945;2985;49.99;49.99;49.99;10775;1000;0.0;0;0.0000;0;0;60031;60031;60031
60;2014-05-20 16:10:00;909402N262;8871;60.179;51;236;236;236;236;12.540;49.98;508.1;7.062;619.8;3.819;752.0;4.074;60;0;0;12.503;12.540;12.577;2947;2953;2971;49.98;49.98;49.98;10775;1000;0.0;0;0.0000;0;0;60179;60179;60179
60;2014-05-20 16:11:00;909402N262;8857;60.326;51;236;236;236;236;12.527;50.00;509.6;7.038;620.7;3.803;753.0;4.062;60;0;0;12.482;12.560;12.539;2940;2959;2956;50.00;50.00;50.00;10775;1000;0.0;0;0.0000;0;0;60326;60326;60326
60;2014-05-20 16:12:00;909402N262;8830;60.473;51;236;236;236;236;12.487;50.00;509.7;7.015;620.6;3.789;752.9;4.049;60;0;0;12.434;12.520;12.507;2928;2949;2951;50.00;50.00;50.00;10775;1000;0.0;0;0.0000;0;0;60473;60473;60473
60;2014-05-20 16:13:00;909402N262;8816;60.620;51;236;236;236;236;12.463;49.99;510.4;7.001;620.6;3.782;752.9;4.040;60;0;0;12.413;12.488;12.489;2924;2943;2948;49.99;49.99;49.99;10775;1000;0.0;0;0.0000;0;0;60620;60620;60620
60;2014-05-20 16:14:00;909402N262;8804;60.767;51;236;236;236;236;12.444;50.00;511.0;6.987;621.3;3.771;753.3;4.033;60;0;0;12.398;12.468;12.468;2922;2938;2943;50.00;50.00;50.00;10775;1000;0.0;0;0.0000;0;0;60767;60767;60767
60;2014-05-20 16:15:00;909402N262;8775;60.913;51;236;236;236;236;12.408;49.99;510.1;6.970;620.8;3.760;753.2;4.021;60;0;0;12.369;12.428;12.427;2914;2927;2931;49.99;49.99;49.99;10775;1000;0.0;0;0.0000;0;0;60913;60913;60913
60;2014-05-20 16:16:00;909402N262;8685;61.058;51;236;236;236;236;12.250;49.98;506.8;6.939;607.2;3.764;751.2;4.015;60;0;0;12.219;12.257;12.276;2875;2898;2894;49.98;49.98;49.98;10775;1000;0.0;0;0.0000;0;0;61058;61058;61058
60;2014-05-20 16:17:00;909402N262;8711;61.204;51;236;236;236;236;12.324;49.99;509.3;6.931;619.9;3.738;752.3;4.001;60;0;0;12.284;12.359;12.331;2892;2912;2905;49.99;49.99;49.99;10775;1000;0.0;0;0.0000;0;0;61204;61204;61204
60;2014-05-20 16:18:00;909402N262;8682;61.348;51;236;236;236;236;12.275;49.99;509.4;6.909;620.4;3.724;752.3;3.988;60;0;0;12.237;12.307;12.283;2884;2901;2897;49.99;49.99;49.99;10775;1000;0.0;0;0.0000;0;0;61348;61348;61348
60;2014-05-20 16:19:00;909402N262;8661;61.493;51;236;236;236;236;12.244;49.99;509.7;6.887;620.3;3.711;753.0;3.977;60;0;0;12.222;12.277;12.234;2882;2895;2883;49.99;49.99;49.99;10775;1000;0.0;0;0.0000;0;0;61493;61493;61493
60;2014-05-20 16:20:00;909402N262;8625;61.637;51;236;236;236;236;12.187;49.99;510.9;6.849;620.5;3.691;752.7;3.956;60;0;0;12.170;12.220;12.173;2872;2881;2869;49.99;49.99;49.99;10775;1000;0.0;0;0.0000;0;0;61637;61637;61637
60;2014-05-20 16:21:00;909402N262;8586;61.780;51;236;237;236;236;12.133;49.99;511.2;6.819;620.4;3.675;752.2;3.939;60;0;0;12.123;12.159;12.119;2862;2865;2857;49.99;49.99;49.99;10775;1000;0.0;0;0.0000;0;0;61780;61780;61780
60;2014-05-20 16:22:00;909402N262;8573;61.922;51;236;237;236;236;12.112;49.98;512.4;6.803;621.1;3.661;752.7;3.926;60;0;0;12.118;12.123;12.097;2862;2854;2855;49.98;49.98;49.98;10775;1000;0.0;0;0.0000;0;0;61922;61922;61922
60;2014-05-20 16:23:00;909402N262;8566;62.066;51;236;237;236;237;12.102;50.00;514.3;6.782;622.5;3.646;753.4;3.915;60;0;0;12.086;12.111;12.110;2853;2851;2860;50.00;50.00;50.00;10775;1000;0.0;0;0.0000;0;0;62066;62066;62066
60;2014-05-20 16:24:00;909402N262;8558;62.208;51;236;236;236;237;12.089;50.01;515.5;6.766;623.3;3.637;754.2;3.904;60;0;0;12.054;12.102;12.113;2844;2851;2861;50.01;50.01;50.01;10775;1000;0.0;0;0.0000;0;0;62208;62208;62208
60;2014-05-20 16:25:00;909402N262;8555;62.350;51;236;236;236;237;12.085;50.00;516.2;6.754;624.3;3.628;755.6;3.898;60;0;0;12.045;12.123;12.088;2840;2859;2854;50.00;50.00;50.00;10775;1000;0.0;0;0.0000;0;0;62350;62350;62350
60;2014-05-20 16:26:00;909402N262;8528;62.493;51;236;236;236;237;12.041;50.00;515.7;6.736;624.0;3.617;755.5;3.888;60;0;0;11.995;12.082;12.047;2828;2851;2845;50.00;50.00;50.00;10775;1000;0.0;0;0.0000;0;0;62493;62493;62493
60;2014-05-20 16:27:00;909402N262;8506;62.632;51;236;236;236;236;12.025;49.99;516.6;6.714;624.7;3.602;755.7;3.876;60;0;0;12.002;12.054;12.019;2830;2841;2833;49.99;49.99;49.99;10775;1000;0.0;0;0.0000;0;0;62632;62632;62632
60;2014-05-20 16:28:00;909402N262;8474;62.773;50;236;236;236;236;11.984;49.99;516.1;6.686;624.2;3.590;756.1;3.862;60;0;0;11.965;12.003;11.986;2820;2825;2827;49.99;49.99;49.99;10775;1000;0.0;0;0.0000;0;0;62773;62773;62773
60;2014-05-20 16:29:00;909402N262;8434;62.914;50;236;236;236;237;11.914;50.01;515.9;6.659;624.3;3.573;755.9;3.846;60;0;0;11.888;11.923;11.931;2805;2810;2817;50.01;50.01;50.01;10775;1000;0.0;0;0.0000;0;0;62914;62914;62914
60;2014-05-20 16:30:00;909402N262;8404;63.054;50;236;236;236;237;11.878;49.99;515.9;6.633;624.7;3.558;756.7;3.830;60;0;0;11.852;11.901;11.881;2794;2804;2804;49.99;49.99;49.99;10775;1000;0.0;0;0.0000;0;0;63054;63054;63054
60;2014-05-20 16:31:00;909402N262;8293;63.192;50;236;236;236;237;11.702;50.00;511.7;6.608;609.2;3.567;756.7;3.819;60;0;0;11.674;11.711;11.721;2754;2769;2769;50.00;50.00;50.00;10775;1000;0.0;0;0.0000;0;0;63192;63192;63192
60;2014-05-20 16:32:00;909402N262;8359;63.332;50;237;237;236;237;11.800;50.00;516.1;6.593;624.2;3.540;756.8;3.811;60;0;0;11.767;11.814;11.820;2777;2786;2794;50.00;50.00;50.00;10775;1000;0.0;0;0.0000;0;0;63332;63332;63332
60;2014-05-20 16:33:00;909402N262;8339;63.471;50;237;237;236;237;11.770;50.00;516.9;6.572;625.0;3.526;757.2;3.797;60;0;0;11.729;11.789;11.793;2769;2781;2787;50.00;50.00;50.00;10775;1000;0.0;0;0.0000;0;0;63471;63471;63471
60;2014-05-20 16:34:00;909402N262;8327;63.611;50;236;236;236;236;11.766;50.01;517.9;6.555;625.7;3.514;758.0;3.784;60;0;0;11.722;11.787;11.791;2765;2777;2782;50.01;50.01;50.01;10775;1000;0.0;0;0.0000;0;0;63611;63611;63611
60;2014-05-20 16:35:00;909402N262;8311;63.751;50;236;236;236;237;11.745;50.00;519.4;6.530;626.8;3.499;759.1;3.771;60;0;0;11.693;11.772;11.771;2757;2775;2778;50.00;50.00;50.00;10775;1000;0.0;0;0.0000;0;0;63751;63751;63751
60;2014-05-20 16:36:00;909402N262;8289;63.888;50;236;236;236;237;11.711;49.98;519.9;6.509;627.5;3.484;759.7;3.757;60;0;0;11.673;11.739;11.721;2753;2768;2766;49.98;49.98;49.98;10775;1000;0.0;0;0.0000;0;0;63888;63888;63888
60;2014-05-20 16:37:00;909402N262;8249;64.026;50;236;236;236;237;11.657;49.97;519.2;6.484;626.6;3.471;758.4;3.747;60;0;0;11.617;11.674;11.681;2738;2751;2758;49.97;49.97;49.97;10775;1000;0.0;0;0.0000;0;0;64026;64026;64026
60;2014-05-20 16:38:00;909402N262;8209;64.163;50;236;236;236;237;11.607;49.97;518.6;6.459;625.7;3.460;757.5;3.735;60;0;0;11.564;11.624;11.634;2722;2738;2746;49.97;49.97;49.97;10775;1000;0.0;0;0.0000;0;0;64163;64163;64163
60;2014-05-20 16:39:00;909402N262;8188;64.299;50;236;236;236;237;11.578;49.99;519.0;6.444;625.4;3.450;758.1;3.722;60;0;0;11.529;11.604;11.601;2714;2733;2738;49.99;49.99;49.99;10775;1000;0.0;0;0.0000;0;0;64299;64299;64299
60;2014-05-20 16:40:00;909402N262;8176;64.436;50;236;236;235;237;11.562;49.99;520.0;6.423;625.9;3.438;759.3;3.710;60;0;0;11.551;11.551;11.584;2723;2714;2737;49.99;49.99;49.99;10775;1000;0.0;0;0.0000;0;0;64436;64436;64436
60;2014-05-20 16:41:00;909402N262;8145;64.571;50;236;236;235;237;11.525;49.98;519.8;6.399;625.5;3.425;760.3;3.697;60;0;0;11.513;11.504;11.558;2712;2700;2731;49.98;49.98;49.98;10775;1000;0.0;0;0.0000;0;0;64571;64571;64571
60;2014-05-20 16:42:00;909402N262;8109;64.706;50;236;236;236;237;11.458;49.98;520.2;6.364;625.7;3.407;761.1;3.676;60;0;0;11.434;11.448;11.494;2695;2693;2718;49.98;49.98;49.98;10775;1000;0.0;0;0.0000;0;0;64706;64706;64706
60;2014-05-20 16:43:00;909402N262;8076;64.841;50;237;236;236;237;11.405;50.00;521.2;6.334;627.1;3.384;762.0;3.653;60;0;0;11.371;11.406;11.440;2680;2687;2707;50.00;50.00;50.00;10775;1000;0.0;0;0.0000;0;0;64841;64841;64841
60;2014-05-20 16:44:00;909402N262;8044;64.975;50;237;236;237;237;11.356;49.98;521.7;6.303;628.2;3.363;763.1;3.634;60;0;0;11.320;11.372;11.378;2666;2683;2692;49.98;49.98;49.98;10775;1000;0.0;0;0.0000;0;0;64975;64975;64975
60;2014-05-20 16:45:00;909402N262;8010;65.108;50;237;237;236;237;11.310;49.98;522.0;6.271;628.6;3.346;762.9;3.621;60;0;0;11.306;11.309;11.316;2668;2664;2676;49.98;49.98;49.98;10775;1000;0.0;0;0.0000;0;0;65108;65108;65108
60;2014-05-20 16:46:00;909402N262;7898;65.240;50;237;237;236;237;11.146;49.99;518.5;6.230;623.4;3.333;755.1;3.614;60;0;0;11.139;11.149;11.150;2630;2629;2638;49.99;49.99;49.99;10775;1000;0.0;0;0.0000;0;0;65240;65240;65240
60;2014-05-20 16:47:00;909402N262;7932;65.373;50;237;237;236;237;11.177;49.99;520.5;6.224;628.2;3.313;762.8;3.588;60;0;0;11.167;11.170;11.194;2641;2636;2653;49.99;49.99;49.99;10775;1000;0.0;0;0.0000;0;0;65373;65373;65373
60;2014-05-20 16:48:00;909402N262;7875;65.505;50;236;236;236;237;11.115;49.99;520.2;6.180;627.1;3.296;761.2;3.573;60;0;0;11.110;11.108;11.128;2624;2615;2634;49.99;49.99;49.99;10775;1000;0.0;0;0.0000;0;0;65505;65505;65505
60;2014-05-20 16:49:00;909402N262;7822;65.634;50;236;236;236;237;11.048;49.99;521.6;6.114;626.9;3.277;760.6;3.554;60;0;0;11.025;11.043;11.076;2601;2600;2620;49.99;49.99;49.99;10775;1000;0.0;0;0.0000;0;0;65634;65634;65634
60;2014-05-20 16:50:00;909402N262;7786;65.764;50;236;236;235;237;11.002;49.99;525.1;6.044;627.5;3.260;760.7;3.536;60;0;0;10.978;10.993;11.035;2589;2585;2609;49.99;49.99;49.99;10775;1000;0.0;0;0.0000;0;0;65764;65764;65764
60;2014-05-20 16:51:00;909402N262;7758;65.893;50;236;236;235;237;10.959;50.01;528.7;5.977;627.6;3.249;760.6;3.526;60;0;0;10.909;10.947;11.023;2573;2574;2608;50.01;50.01;50.01;10775;1000;0.0;0;0.0000;0;0;65893;65893;65893
60;2014-05-20 16:52:00;909402N262;7721;66.022;50;236;236;236;237;10.907;49.99;531.2;5.917;626.9;3.238;759.8;3.515;60;0;0;10.872;10.908;10.943;2563;2567;2589;49.99;49.99;49.99;10775;1000;0.0;0;0.0000;0;0;66022;66022;66022
60;2014-05-20 16:53:00;909402N262;7685;66.150;50;236;236;236;237;10.850;49.99;532.7;5.863;626.4;3.229;758.9;3.507;60;0;0;10.805;10.863;10.884;2548;2560;2576;49.99;49.99;49.99;10775;1000;0.0;0;0.0000;0;0;66150;66150;66150
60;2014-05-20 16:54:00;909402N262;7593;66.277;50;236;236;236;237;10.715;49.98;533.5;5.729;625.1;3.215;757.9;3.490;60;0;0;10.667;10.737;10.741;2515;2534;2542;49.98;49.98;49.98;10775;1000;0.0;0;0.0000;0;0;66277;66277;66277
60;2014-05-20 16:55:00;909402N262;7522;66.403;50;236;236;237;237;10.615;49.99;526.0;5.721;624.6;3.199;758.2;3.474;60;0;0;10.561;10.659;10.626;2490;2520;2510;49.99;49.99;49.99;10775;1000;0.0;0;0.0000;0;0;66403;66403;66403
60;2014-05-20 16:56:00;909402N262;7480;66.527;50;236;236;237;236;10.563;50.00;527.8;5.659;624.7;3.183;758.1;3.459;60;0;0;10.519;10.601;10.569;2480;2504;2495;50.00;50.00;50.00;10775;1000;0.0;0;0.0000;0;0;66527;66527;66527
60;2014-05-20 16:57:00;909402N262;7446;66.651;50;236;236;237;237;10.513;50.00;529.8;5.602;624.9;3.169;758.3;3.446;60;0;0;10.449;10.553;10.537;2463;2493;2489;50.00;50.00;50.00;10775;1000;0.0;0;0.0000;0;0;66651;66651;66651
60;2014-05-20 16:58:00;909402N262;7443;66.775;50;236;236;237;236;10.507;50.00;509.2;5.848;625.7;3.157;759.6;3.435;60;0;0;10.451;10.552;10.520;2463;2494;2485;50.00;50.00;50.00;10775;1000;0.0;0;0.0000;0;0;66775;66775;66775
60;2014-05-20 16:59:00;909402N262;7423;66.898;50;237;236;237;237;10.469;50.01;502.2;5.923;626.2;3.140;760.0;3.420;60;0;0;10.418;10.520;10.470;2459;2490;2473;50.01;50.01;50.01;10775;1000;0.0;0;0.0000;0;0;66898;66898;66898
60;2014-05-20 17:00:00;909402N262;7387;67.022;50;236;236;237;236;10.423;50.00;503.1;5.891;626.6;3.122;760.6;3.398;60;0;0;10.370;10.474;10.425;2446;2478;2462;50.00;50.00;50.00;10775;1000;0.0;0;0.0000;0;0;67022;67022;67022
[wr_ende]
