20140429;160005;danfoss;My Plant;+0100
[wr_def_start]
909402N262;Inverter Type;Inverter Group;Hanzl
[wr_def_end]
[wr]
INTERVAL;TIMESTAMP;SERIAL;P_AC;E_DAY;T_WR;U_AC;U_AC_1;U_AC_2;U_AC_3;I_AC;F_AC;U_DC_1;I_DC_1;U_DC_2;I_DC_2;U_DC_3;I_DC_3;S;E_WR;M_WR;I_AC_1;I_AC_2;I_AC_3;P_AC_1;P_AC_2;P_AC_3;F_AC_1;F_AC_2;F_AC_3;R_DC;PC;PCS;PCS_LL;COS_PHI;COS_PHI_LL;S_COS_PHI;Current_Day_Energy;current_Day_Offset;ccEnergyOfDay_WithoutOffset
60;2014-04-29 15:01:00;909402N262;2361;20.099;42;234;235;233;235;3.394;49.97;557.8;1.904;619.5;0.968;794.7;0.926;60;0;0;3.358;3.422;3.404;781;787;790;49.97;49.97;49.97;9321;1000;0.0;0;0.0000;0;0;20099;20099;20099
60;2014-04-29 15:02:00;909402N262;2576;20.142;42;234;235;234;234;3.699;49.98;562.3;2.063;642.5;1.018;794.6;1.000;60;0;0;3.658;3.725;3.714;853;862;860;49.98;49.98;49.97;9321;1000;0.0;0;0.0000;0;0;20142;20142;20142
60;2014-04-29 15:03:00;909402N262;5443;20.232;42;235;235;234;234;7.739;49.98;572.4;4.126;653.2;2.011;793.3;2.343;60;0;0;7.729;7.732;7.757;1816;1817;1815;49.98;49.98;49.98;9321;1000;0.0;0;0.0000;0;0;20232;20232;20232
60;2014-04-29 15:04:00;909402N262;4773;20.313;42;235;235;234;235;6.808;50.00;565.3;3.822;648.9;1.906;793.8;1.820;60;0;0;6.768;6.843;6.813;1588;1592;1591;50.00;50.00;50.00;9321;1000;0.0;0;0.0000;0;0;20313;20313;20313
60;2014-04-29 15:05:00;909402N262;3031;20.363;42;234;235;234;234;4.344;50.00;553.6;2.461;643.1;1.217;795.0;1.163;60;0;0;4.294;4.374;4.364;1000;1015;1014;50.00;50.00;50.00;9321;1000;0.0;0;0.0000;0;0;20363;20363;20363
60;2014-04-29 15:06:00;909402N262;3111;20.416;42;234;235;234;234;4.459;50.00;553.8;2.520;645.4;1.246;794.9;1.197;60;0;0;4.412;4.481;4.485;1028;1039;1043;50.00;50.00;50.00;9321;1000;0.0;0;0.0000;0;0;20416;20416;20416
60;2014-04-29 15:07:00;909402N262;3412;20.472;42;234;235;234;235;4.884;49.99;570.9;2.685;646.5;1.363;795.0;1.313;60;0;0;4.847;4.902;4.905;1130;1138;1142;49.99;49.99;49.99;9321;1000;0.0;0;0.0000;0;0;20472;20472;20472
60;2014-04-29 15:08:00;909402N262;3719;20.535;42;235;235;234;235;5.316;50.01;566.9;2.956;646.0;1.456;795.0;1.466;60;0;0;5.274;5.311;5.363;1232;1239;1251;50.01;50.01;50.01;9321;1000;0.0;0;0.0000;0;0;20535;20535;20535
60;2014-04-29 15:09:00;909402N262;6540;20.643;42;235;235;234;235;9.288;50.01;558.9;5.177;653.6;2.512;793.3;2.660;60;0;0;9.264;9.278;9.324;2181;2165;2191;50.01;50.01;50.01;9321;1000;0.0;0;0.0000;0;0;20643;20643;20643
60;2014-04-29 15:10:00;909402N262;3176;20.696;42;234;235;234;234;4.556;49.99;562.6;2.561;644.3;1.276;794.5;1.199;60;0;0;4.528;4.575;4.567;1055;1059;1060;49.99;49.99;49.99;9321;1000;0.0;0;0.0000;0;0;20696;20696;20696
60;2014-04-29 15:11:00;909402N262;2942;20.745;42;234;235;234;234;4.236;49.99;564.9;2.355;641.6;1.192;791.1;1.115;60;0;0;4.202;4.257;4.249;976;980;984;49.99;49.99;49.99;9321;1000;0.0;0;0.0000;0;0;20745;20745;20745
60;2014-04-29 15:12:00;909402N262;2794;20.792;42;234;235;233;234;4.031;49.99;567.4;2.217;639.2;1.145;787.6;1.063;60;0;0;3.997;4.046;4.051;926;930;936;49.99;49.99;49.99;9321;1000;0.0;0;0.0000;0;0;20792;20792;20792
60;2014-04-29 15:13:00;909402N262;2737;20.837;42;234;235;233;234;3.954;50.00;554.9;2.212;640.6;1.130;785.6;1.042;60;0;0;3.915;3.962;3.985;906;909;920;50.00;50.00;50.00;9321;1000;0.0;0;0.0000;0;0;20837;20837;20837
60;2014-04-29 15:14:00;909402N262;2739;20.884;42;234;235;233;234;3.956;50.00;552.1;2.211;641.6;1.141;784.5;1.044;60;0;0;3.913;3.975;3.981;904;913;920;50.00;50.00;50.00;9321;1000;0.0;0;0.0000;0;0;20884;20884;20884
60;2014-04-29 15:15:00;909402N262;2788;20.929;42;234;235;234;234;4.022;49.99;553.8;2.229;643.0;1.169;786.8;1.063;60;0;0;3.989;4.050;4.029;922;934;929;49.99;49.99;49.99;9321;1000;0.0;0;0.0000;0;0;20929;20929;20929
60;2014-04-29 15:16:00;909402N262;2844;20.977;42;234;234;234;233;4.096;49.99;549.4;2.289;624.1;1.225;792.4;1.093;60;0;0;4.052;4.134;4.104;939;957;946;49.99;49.99;49.99;9321;1000;0.0;0;0.0000;0;0;20977;20977;20977
60;2014-04-29 15:17:00;909402N262;2958;21.026;42;234;234;234;233;4.256;49.99;555.0;2.335;643.8;1.253;794.2;1.127;60;0;0;4.217;4.296;4.256;979;996;981;49.99;49.99;49.99;9321;1000;0.0;0;0.0000;0;0;21026;21026;21026
60;2014-04-29 15:18:00;909402N262;3094;21.077;42;234;235;235;233;4.437;49.99;554.4;2.428;644.4;1.310;794.9;1.187;60;0;0;4.398;4.479;4.436;1025;1042;1024;49.99;49.99;49.99;9321;1000;0.0;0;0.0000;0;0;21077;21077;21077
60;2014-04-29 15:19:00;909402N262;3239;21.132;42;234;235;235;233;4.647;49.99;563.9;2.494;642.6;1.369;795.0;1.254;60;0;0;4.614;4.691;4.636;1075;1092;1070;49.99;49.99;49.99;9321;1000;0.0;0;0.0000;0;0;21132;21132;21132
60;2014-04-29 15:20:00;909402N262;3303;21.187;42;234;235;235;233;4.736;49.99;567.4;2.539;640.0;1.386;795.1;1.283;60;0;0;4.704;4.779;4.727;1097;1112;1092;49.99;49.99;49.99;9321;1000;0.0;0;0.0000;0;0;21187;21187;21187
60;2014-04-29 15:21:00;909402N262;3295;21.243;42;234;235;234;233;4.726;49.99;563.6;2.575;638.6;1.367;795.1;1.279;60;0;0;4.697;4.758;4.724;1096;1106;1092;49.99;49.99;49.99;9321;1000;0.0;0;0.0000;0;0;21243;21243;21243
60;2014-04-29 15:22:00;909402N262;3077;21.294;42;234;235;235;233;4.415;49.99;561.8;2.436;639.2;1.266;794.6;1.182;60;0;0;4.385;4.455;4.407;1022;1034;1019;49.99;49.99;49.99;9321;1000;0.0;0;0.0000;0;0;21294;21294;21294
60;2014-04-29 15:23:00;909402N262;2827;21.341;42;234;235;235;233;4.070;50.00;561.8;2.252;640.3;1.162;792.7;1.077;60;0;0;4.039;4.120;4.052;938;954;932;50.00;50.00;50.00;9321;1000;0.0;0;0.0000;0;0;21341;21341;21341
60;2014-04-29 15:24:00;909402N262;2568;21.383;42;234;235;235;233;3.712;49.99;564.1;2.031;640.2;1.063;787.6;0.983;60;0;0;3.671;3.760;3.706;849;869;850;49.99;49.99;49.99;9321;1000;0.0;0;0.0000;0;0;21383;21383;21383
60;2014-04-29 15:25:00;909402N262;2485;21.425;42;234;235;235;233;3.595;49.99;567.2;1.944;639.2;1.035;784.4;0.958;60;0;0;3.557;3.638;3.591;822;839;823;49.99;49.99;49.99;9321;1000;0.0;0;0.0000;0;0;21425;21425;21425
60;2014-04-29 15:26:00;909402N262;2460;21.466;42;235;235;235;234;3.555;49.98;562.9;1.928;639.4;1.030;784.1;0.953;60;0;0;3.513;3.600;3.554;812;830;816;49.98;49.98;49.98;9321;1000;0.0;0;0.0000;0;0;21466;21466;21466
60;2014-04-29 15:27:00;909402N262;2444;21.507;42;234;235;235;233;3.534;49.99;555.5;1.935;640.1;1.023;783.7;0.950;60;0;0;3.492;3.575;3.535;807;824;811;49.99;49.99;49.99;9321;1000;0.0;0;0.0000;0;0;21507;21507;21507
60;2014-04-29 15:28:00;909402N262;2429;21.548;42;234;235;235;233;3.513;49.98;558.3;1.913;639.8;1.016;783.2;0.946;60;0;0;3.474;3.555;3.511;803;819;805;49.98;49.98;49.98;9321;1000;0.0;0;0.0000;0;0;21548;21548;21548
60;2014-04-29 15:29:00;909402N262;2471;21.588;42;234;235;234;234;3.569;49.99;563.1;1.929;640.1;1.031;784.6;0.962;60;0;0;3.530;3.600;3.578;817;827;824;49.99;49.99;49.99;9321;1000;0.0;0;0.0000;0;0;21588;21588;21588
60;2014-04-29 15:30:00;909402N262;5522;21.681;42;235;236;234;234;7.869;49.99;573.7;4.363;654.7;2.189;789.1;2.104;60;0;0;7.865;7.901;7.842;1851;1839;1830;49.99;49.99;49.99;9321;1000;0.0;0;0.0000;0;0;21681;21681;21681
60;2014-04-29 15:31:00;909402N262;3188;21.734;42;234;235;234;234;4.601;49.98;562.3;2.511;632.2;1.401;780.5;1.176;60;0;0;4.556;4.658;4.590;1059;1064;1062;49.98;49.98;49.98;9321;1000;0.0;0;0.0000;0;0;21734;21734;21734
60;2014-04-29 15:32:00;909402N262;2638;21.779;42;234;235;234;234;3.838;49.98;564.0;2.040;641.1;1.099;787.8;1.035;60;0;0;3.814;3.860;3.842;876;881;879;49.98;49.98;49.98;9321;1000;0.0;0;0.0000;0;0;21779;21779;21779
60;2014-04-29 15:33:00;909402N262;2706;21.824;42;235;235;234;235;3.918;49.99;562.6;2.098;642.3;1.125;793.0;1.056;60;0;0;3.878;3.947;3.931;894;906;904;49.99;49.99;49.99;9321;1000;0.0;0;0.0000;0;0;21824;21824;21824
60;2014-04-29 15:34:00;909402N262;2817;21.869;42;235;235;234;235;4.054;49.98;562.2;2.189;642.1;1.169;795.0;1.097;60;0;0;4.023;4.063;4.078;932;937;946;49.98;49.98;49.98;9321;1000;0.0;0;0.0000;0;0;21869;21869;21869
60;2014-04-29 15:35:00;909402N262;2913;21.919;42;235;235;235;235;4.184;49.99;563.3;2.258;641.0;1.209;795.2;1.136;60;0;0;4.132;4.218;4.203;958;979;974;49.99;49.99;49.99;9321;1000;0.0;0;0.0000;0;0;21919;21919;21919
60;2014-04-29 15:36:00;909402N262;2974;21.968;42;235;235;235;235;4.273;50.00;564.0;2.302;641.4;1.232;795.1;1.161;60;0;0;4.213;4.312;4.294;976;1000;996;50.00;50.00;50.00;9321;1000;0.0;0;0.0000;0;0;21968;21968;21968
60;2014-04-29 15:37:00;909402N262;3051;22.018;42;235;235;235;235;4.383;49.99;563.2;2.367;642.6;1.260;795.4;1.192;60;0;0;4.333;4.416;4.400;1004;1025;1021;49.99;49.99;49.99;9321;1000;0.0;0;0.0000;0;0;22018;22018;22018
60;2014-04-29 15:38:00;909402N262;3013;22.069;42;235;235;235;235;4.332;49.99;564.9;2.334;640.8;1.250;795.3;1.171;60;0;0;4.276;4.357;4.364;990;1009;1012;49.99;49.99;49.99;9321;1000;0.0;0;0.0000;0;0;22069;22069;22069
60;2014-04-29 15:39:00;909402N262;2995;22.119;42;235;235;234;235;4.304;50.00;565.2;2.326;641.5;1.241;795.3;1.160;60;0;0;4.246;4.328;4.339;985;1002;1007;50.00;50.00;50.00;9321;1000;0.0;0;0.0000;0;0;22119;22119;22119
60;2014-04-29 15:40:00;909402N262;3003;22.170;42;235;235;235;235;4.315;50.00;564.1;2.341;645.1;1.237;795.2;1.163;60;0;0;4.267;4.335;4.345;990;1004;1007;50.00;50.00;50.00;9321;1000;0.0;0;0.0000;0;0;22170;22170;22170
60;2014-04-29 15:41:00;909402N262;3073;22.221;42;235;235;234;235;4.413;50.00;563.1;2.399;646.3;1.259;795.4;1.192;60;0;0;4.372;4.430;4.439;1016;1025;1030;50.00;50.00;50.00;9321;1000;0.0;0;0.0000;0;0;22221;22221;22221
60;2014-04-29 15:42:00;909402N262;3380;22.278;42;235;235;234;235;4.847;50.00;561.1;2.659;646.5;1.376;795.4;1.315;60;0;0;4.816;4.849;4.878;1120;1123;1135;50.00;50.00;50.00;9321;1000;0.0;0;0.0000;0;0;22278;22278;22278
60;2014-04-29 15:43:00;909402N262;3378;22.333;42;235;235;234;235;4.848;49.99;561.3;2.648;647.5;1.373;795.5;1.316;60;0;0;4.807;4.854;4.883;1118;1120;1137;49.99;49.99;49.99;9321;1000;0.0;0;0.0000;0;0;22333;22333;22333
60;2014-04-29 15:44:00;909402N262;3342;22.390;42;235;235;234;235;4.794;50.01;562.5;2.619;647.3;1.353;795.5;1.305;60;0;0;4.744;4.812;4.828;1103;1113;1124;50.01;50.01;50.01;9321;1000;0.0;0;0.0000;0;0;22390;22390;22390
60;2014-04-29 15:45:00;909402N262;3393;22.446;42;235;235;234;235;4.871;50.00;561.3;2.676;646.2;1.364;795.4;1.327;60;0;0;4.830;4.876;4.908;1122;1127;1141;50.00;50.00;50.00;9321;1000;0.0;0;0.0000;0;0;22446;22446;22446
60;2014-04-29 15:46:00;909402N262;3547;22.505;42;235;235;234;235;5.080;50.01;552.8;2.868;625.0;1.445;794.3;1.402;60;0;0;5.036;5.092;5.112;1172;1182;1191;50.01;50.01;50.01;9321;1000;0.0;0;0.0000;0;0;22505;22505;22505
60;2014-04-29 15:47:00;909402N262;3322;22.560;42;235;235;234;235;4.773;50.00;556.3;2.674;639.4;1.338;795.5;1.288;60;0;0;4.719;4.796;4.804;1095;1109;1116;50.00;50.00;50.00;9321;1000;0.0;0;0.0000;0;0;22560;22560;22560
60;2014-04-29 15:48:00;909402N262;2935;22.608;43;234;235;234;234;4.230;49.99;555.0;2.380;644.0;1.170;794.8;1.129;60;0;0;4.189;4.250;4.253;969;981;983;49.99;49.99;49.99;9321;1000;0.0;0;0.0000;0;0;22608;22608;22608
60;2014-04-29 15:49:00;909402N262;2699;22.653;43;235;235;235;234;3.895;50.00;552.6;2.209;644.4;1.073;794.9;1.032;60;0;0;3.858;3.930;3.899;892;907;899;50.00;50.00;50.00;9321;1000;0.0;0;0.0000;0;0;22653;22653;22653
60;2014-04-29 15:50:00;909402N262;2519;22.695;43;234;235;235;234;3.655;49.99;552.2;2.075;640.9;1.006;790.9;0.959;60;0;0;3.608;3.690;3.669;829;847;840;49.99;49.99;49.99;9321;1000;0.0;0;0.0000;0;0;22695;22695;22695
60;2014-04-29 15:51:00;909402N262;2233;22.733;43;234;235;235;234;3.267;50.01;554.8;1.829;637.3;0.904;783.8;0.852;60;0;0;3.220;3.311;3.270;734;754;742;50.01;50.01;50.01;9321;1000;0.0;0;0.0000;0;0;22733;22733;22733
60;2014-04-29 15:52:00;909402N262;2055;22.766;43;234;235;235;234;3.020;50.01;557.3;1.672;635.4;0.841;780.2;0.788;60;0;0;2.976;3.057;3.027;675;694;684;50.01;50.01;50.01;9321;1000;0.0;0;0.0000;0;0;22766;22766;22766
60;2014-04-29 15:53:00;909402N262;1951;22.800;43;235;235;235;234;2.878;50.02;559.6;1.572;636.5;0.803;779.3;0.751;60;0;0;2.840;2.933;2.863;642;663;644;50.02;50.02;50.02;9321;1000;0.0;0;0.0000;0;0;22800;22800;22800
60;2014-04-29 15:54:00;909402N262;1880;22.830;42;235;235;235;235;2.783;50.02;561.2;1.502;635.1;0.781;779.2;0.725;60;0;0;2.740;2.840;2.771;616;640;622;50.02;50.02;50.02;9321;1000;0.0;0;0.0000;0;0;22830;22830;22830
60;2014-04-29 15:55:00;909402N262;1803;22.860;42;235;235;235;235;2.679;50.01;562.5;1.432;634.8;0.751;779.5;0.695;60;0;0;2.627;2.723;2.687;589;610;602;50.01;50.01;50.01;9321;1000;0.0;0;0.0000;0;0;22860;22860;22860
60;2014-04-29 15:56:00;909402N262;1725;22.890;42;235;235;235;235;2.571;50.00;561.5;1.375;634.6;0.719;778.9;0.664;60;0;0;2.527;2.604;2.582;564;581;577;50.00;50.00;50.00;9321;1000;0.0;0;0.0000;0;0;22890;22890;22890
60;2014-04-29 15:57:00;909402N262;1650;22.917;42;235;235;235;235;2.466;50.00;560.9;1.320;632.2;0.691;778.2;0.634;60;0;0;2.427;2.499;2.472;541;556;552;50.00;50.00;50.00;9321;1000;0.0;0;0.0000;0;0;22917;22917;22917
60;2014-04-29 15:58:00;909402N262;1597;22.944;42;235;235;235;235;2.389;50.02;562.3;1.272;631.4;0.671;777.8;0.613;60;0;0;2.342;2.427;2.400;520;539;535;50.02;50.02;50.02;9321;1000;0.0;0;0.0000;0;0;22944;22944;22944
60;2014-04-29 15:59:00;909402N262;1582;22.970;42;235;235;236;235;2.367;50.01;549.8;1.285;632.2;0.667;778.5;0.610;60;0;0;2.317;2.411;2.374;515;536;529;50.01;50.01;50.01;9321;1000;0.0;0;0.0000;0;0;22970;22970;22970
60;2014-04-29 16:00:00;909402N262;1626;22.998;42;235;235;236;235;2.437;49.96;552.5;1.307;633.4;0.684;779.1;0.630;60;0;0;2.390;2.478;2.444;529;551;543;49.96;49.96;49.96;9321;1000;0.0;0;0.0000;0;0;22998;22998;22998
[wr_ende]
