20140724;150001;danfoss;My Plant;+0100
[wr_def_start]
909402N262;Inverter Type;Inverter Group;Hanzl
[wr_def_end]
[wr]
INTERVAL;TIMESTAMP;SERIAL;P_AC;E_DAY;T_WR;U_AC;U_AC_1;U_AC_2;U_AC_3;I_AC;F_AC;U_DC_1;I_DC_1;U_DC_2;I_DC_2;U_DC_3;I_DC_3;S;E_WR;M_WR;I_AC_1;I_AC_2;I_AC_3;P_AC_1;P_AC_2;P_AC_3;F_AC_1;F_AC_2;F_AC_3;R_DC;PC;PCS;PCS_LL;COS_PHI;COS_PHI_LL;S_COS_PHI;Current_Day_Energy;current_Day_Offset;ccEnergyOfDay_WithoutOffset
60;2014-07-24 14:01:00;909402N262;9316;33.493;53;237;237;236;238;13.098;49.98;476.5;8.275;580.2;4.317;725.7;4.211;60;0;0;13.096;13.048;13.151;3101;3085;3128;49.98;49.98;49.98;8144;1000;0.0;0;0.0000;0;0;33493;33493;33493
60;2014-07-24 14:02:00;909402N262;9369;33.649;53;237;236;236;238;13.206;49.99;477.4;8.279;591.4;4.281;725.1;4.203;60;0;0;13.176;13.180;13.263;3110;3106;3151;49.99;49.99;49.99;8144;1000;0.0;0;0.0000;0;0;33649;33649;33649
60;2014-07-24 14:03:00;909402N262;9312;33.804;53;237;236;236;237;13.129;50.00;476.5;8.246;590.5;4.258;723.9;4.187;60;0;0;13.069;13.140;13.179;3084;3099;3127;50.00;50.00;50.00;8144;1000;0.0;0;0.0000;0;0;33804;33804;33804
60;2014-07-24 14:04:00;909402N262;9301;33.958;53;237;236;236;238;13.111;50.01;476.4;8.248;590.1;4.253;722.9;4.185;60;0;0;13.046;13.124;13.165;3078;3095;3125;50.01;50.01;50.01;8144;1000;0.0;0;0.0000;0;0;33958;33958;33958
60;2014-07-24 14:05:00;909402N262;9294;34.114;53;236;237;236;237;13.106;50.00;476.5;8.247;590.6;4.249;722.3;4.177;60;0;0;13.044;13.114;13.160;3083;3088;3121;50.00;50.00;50.00;8144;1000;0.0;0;0.0000;0;0;34114;34114;34114
60;2014-07-24 14:06:00;909402N262;9284;34.268;53;236;236;235;237;13.112;50.00;476.3;8.239;590.3;4.247;722.1;4.174;60;0;0;13.056;13.122;13.160;3082;3086;3114;50.00;50.00;50.00;8144;1000;0.0;0;0.0000;0;0;34268;34268;34268
60;2014-07-24 14:07:00;909402N262;9284;34.423;53;236;236;235;237;13.123;50.00;476.3;8.244;590.4;4.247;721.3;4.175;60;0;0;13.070;13.125;13.175;3082;3083;3117;50.00;50.00;50.00;8144;1000;0.0;0;0.0000;0;0;34423;34423;34423
60;2014-07-24 14:08:00;909402N262;9250;34.578;53;236;236;235;236;13.088;50.01;476.1;8.218;590.5;4.231;721.0;4.161;60;0;0;13.050;13.092;13.123;3078;3070;3100;50.01;50.01;50.01;8144;1000;0.0;0;0.0000;0;0;34578;34578;34578
60;2014-07-24 14:09:00;909402N262;9208;34.731;53;235;236;235;235;13.042;50.00;475.3;8.194;589.3;4.222;720.2;4.149;60;0;0;13.034;13.072;13.022;3076;3067;3063;50.00;50.00;50.00;8144;1000;0.0;0;0.0000;0;0;34731;34731;34731
60;2014-07-24 14:10:00;909402N262;9182;34.884;53;236;236;236;235;12.990;50.00;474.9;8.174;588.7;4.217;719.3;4.144;60;0;0;12.954;13.075;12.942;3060;3078;3042;50.00;50.00;50.00;8144;1000;0.0;0;0.0000;0;0;34884;34884;34884
60;2014-07-24 14:11:00;909402N262;9200;35.038;53;235;236;235;235;13.036;50.01;475.6;8.178;589.0;4.225;719.0;4.151;60;0;0;12.985;13.108;13.015;3058;3084;3057;50.01;50.01;50.01;8144;1000;0.0;0;0.0000;0;0;35038;35038;35038
60;2014-07-24 14:12:00;909402N262;9245;35.192;53;235;235;235;235;13.109;49.99;476.2;8.206;589.5;4.244;719.3;4.169;60;0;0;13.046;13.171;13.110;3063;3098;3082;49.99;49.99;49.99;8144;1000;0.0;0;0.0000;0;0;35192;35192;35192
60;2014-07-24 14:13:00;909402N262;9310;35.348;53;235;235;235;235;13.202;49.99;476.1;8.252;590.0;4.274;719.9;4.200;60;0;0;13.177;13.251;13.179;3099;3112;3096;49.99;49.99;49.99;8144;1000;0.0;0;0.0000;0;0;35348;35348;35348
60;2014-07-24 14:14:00;909402N262;9325;35.505;53;235;236;235;235;13.209;49.99;475.1;8.268;588.1;4.293;719.4;4.219;60;0;0;13.194;13.257;13.177;3110;3115;3098;49.99;49.99;49.99;8144;1000;0.0;0;0.0000;0;0;35505;35505;35505
60;2014-07-24 14:15:00;909402N262;9379;35.661;53;235;236;235;235;13.289;49.99;473.7;8.334;587.0;4.327;718.5;4.253;60;0;0;13.295;13.336;13.238;3137;3130;3110;49.99;49.99;49.99;8144;1000;0.0;0;0.0000;0;0;35661;35661;35661
60;2014-07-24 14:16:00;909402N262;9329;35.817;53;235;236;235;235;13.201;49.99;471.0;8.354;572.8;4.388;718.1;4.276;60;0;0;13.219;13.255;13.131;3120;3127;3080;49.99;49.99;49.99;8144;1000;0.0;0;0.0000;0;0;35817;35817;35817
60;2014-07-24 14:17:00;909402N262;9430;35.975;53;235;236;235;235;13.344;49.98;473.6;8.375;586.8;4.353;718.0;4.285;60;0;0;13.352;13.384;13.296;3157;3145;3127;49.98;49.98;49.98;8144;1000;0.0;0;0.0000;0;0;35975;35975;35975
60;2014-07-24 14:18:00;909402N262;9498;36.133;53;235;236;235;235;13.437;49.99;472.5;8.448;586.6;4.386;716.8;4.330;60;0;0;13.446;13.470;13.397;3180;3165;3152;49.99;49.99;49.99;8144;1000;0.0;0;0.0000;0;0;36133;36133;36133
60;2014-07-24 14:19:00;909402N262;9504;36.291;53;236;236;235;236;13.435;50.00;472.0;8.464;586.8;4.387;716.1;4.334;60;0;0;13.419;13.472;13.415;3173;3168;3161;50.00;50.00;50.00;8144;1000;0.0;0;0.0000;0;0;36291;36291;36291
60;2014-07-24 14:20:00;909402N262;9474;36.449;53;236;236;235;236;13.391;50.01;472.1;8.439;586.6;4.373;715.9;4.320;60;0;0;13.342;13.411;13.421;3147;3152;3172;50.01;50.01;50.01;8144;1000;0.0;0;0.0000;0;0;36449;36449;36449
60;2014-07-24 14:21:00;909402N262;9499;36.607;53;236;236;236;236;13.421;50.00;472.5;8.462;586.8;4.384;715.6;4.330;60;0;0;13.356;13.469;13.439;3148;3174;3175;50.00;50.00;50.00;8144;1000;0.0;0;0.0000;0;0;36607;36607;36607
60;2014-07-24 14:22:00;909402N262;9468;36.766;53;236;235;235;237;13.389;50.00;472.9;8.436;585.9;4.371;715.9;4.311;60;0;0;13.335;13.406;13.426;3135;3153;3178;50.00;50.00;50.00;8144;1000;0.0;0;0.0000;0;0;36766;36766;36766
60;2014-07-24 14:23:00;909402N262;9495;36.923;53;236;235;235;237;13.416;50.00;472.7;8.464;586.4;4.382;715.0;4.326;60;0;0;13.356;13.446;13.446;3141;3167;3185;50.00;50.00;50.00;8144;1000;0.0;0;0.0000;0;0;36923;36923;36923
60;2014-07-24 14:24:00;909402N262;9509;37.082;53;236;235;235;237;13.435;50.00;473.1;8.472;587.1;4.383;714.9;4.330;60;0;0;13.383;13.460;13.462;3150;3169;3188;50.00;50.00;50.00;8144;1000;0.0;0;0.0000;0;0;37082;37082;37082
60;2014-07-24 14:25:00;909402N262;9461;37.240;53;236;236;235;236;13.372;49.99;474.3;8.419;587.9;4.353;716.3;4.294;60;0;0;13.336;13.379;13.401;3143;3147;3170;49.99;49.99;49.99;8144;1000;0.0;0;0.0000;0;0;37240;37240;37240
60;2014-07-24 14:26:00;909402N262;9380;37.396;53;236;235;235;236;13.265;50.00;474.8;8.341;588.2;4.310;717.1;4.252;60;0;0;13.235;13.278;13.282;3116;3123;3139;50.00;50.00;50.00;8144;1000;0.0;0;0.0000;0;0;37396;37396;37396
60;2014-07-24 14:27:00;909402N262;9343;37.552;53;236;236;235;237;13.198;50.01;475.7;8.300;588.8;4.282;717.5;4.232;60;0;0;13.160;13.206;13.230;3101;3108;3132;50.01;50.01;50.01;8144;1000;0.0;0;0.0000;0;0;37552;37552;37552
60;2014-07-24 14:28:00;909402N262;9304;37.707;53;236;236;236;236;13.142;50.01;477.2;8.247;590.2;4.251;717.1;4.212;60;0;0;13.090;13.190;13.148;3085;3111;3106;50.01;50.01;50.01;8144;1000;0.0;0;0.0000;0;0;37707;37707;37707
60;2014-07-24 14:29:00;909402N262;9292;37.862;53;235;236;235;236;13.146;49.99;477.8;8.233;591.5;4.230;718.6;4.201;60;0;0;13.133;13.175;13.132;3099;3097;3094;49.99;49.99;49.99;8144;1000;0.0;0;0.0000;0;0;37862;37862;37862
60;2014-07-24 14:30:00;909402N262;9354;38.017;53;235;235;235;236;13.253;49.98;478.1;8.288;591.6;4.254;719.5;4.223;60;0;0;13.218;13.275;13.267;3110;3116;3127;49.98;49.98;49.98;8144;1000;0.0;0;0.0000;0;0;38017;38017;38017
60;2014-07-24 14:31:00;909402N262;9218;38.172;53;235;235;235;235;13.053;49.97;475.5;8.235;580.0;4.249;719.7;4.200;60;0;0;13.022;13.087;13.051;3061;3083;3072;49.97;49.97;49.97;8144;1000;0.0;0;0.0000;0;0;38172;38172;38172
60;2014-07-24 14:32:00;909402N262;9250;38.326;53;235;235;235;236;13.097;49.99;477.9;8.203;591.2;4.204;719.0;4.182;60;0;0;13.059;13.137;13.096;3073;3090;3086;49.99;49.99;49.99;8144;1000;0.0;0;0.0000;0;0;38326;38326;38326
60;2014-07-24 14:33:00;909402N262;9261;38.480;53;235;235;235;236;13.106;50.01;477.7;8.217;591.5;4.207;718.8;4.186;60;0;0;13.062;13.154;13.102;3075;3096;3089;50.01;50.01;50.01;8144;1000;0.0;0;0.0000;0;0;38480;38480;38480
60;2014-07-24 14:34:00;909402N262;9289;38.635;53;235;235;236;235;13.154;50.00;478.1;8.240;591.6;4.220;718.1;4.198;60;0;0;13.075;13.239;13.150;3067;3123;3097;50.00;50.00;50.00;8144;1000;0.0;0;0.0000;0;0;38635;38635;38635
60;2014-07-24 14:35:00;909402N262;9443;38.791;53;235;235;236;236;13.358;50.00;477.4;8.379;592.2;4.286;719.4;4.266;60;0;0;13.312;13.419;13.344;3133;3163;3145;50.00;50.00;50.00;8144;1000;0.0;0;0.0000;0;0;38791;38791;38791
60;2014-07-24 14:36:00;909402N262;9448;38.950;53;235;235;236;236;13.366;50.01;477.1;8.378;592.6;4.290;721.4;4.262;60;0;0;13.318;13.434;13.348;3136;3167;3144;50.01;50.01;50.01;8144;1000;0.0;0;0.0000;0;0;38950;38950;38950
60;2014-07-24 14:37:00;909402N262;9469;39.107;54;236;235;236;235;13.391;50.00;476.6;8.381;592.5;4.316;721.3;4.272;60;0;0;13.335;13.470;13.370;3139;3179;3148;50.00;50.00;50.00;8144;1000;0.0;0;0.0000;0;0;39107;39107;39107
60;2014-07-24 14:38:00;909402N262;8975;39.257;54;235;235;236;235;12.705;49.99;478.6;7.895;593.5;4.091;720.9;4.035;60;0;0;12.653;12.781;12.682;2976;3004;2986;49.99;49.99;49.99;8144;1000;0.0;0;0.0000;0;0;39257;39257;39257
60;2014-07-24 14:39:00;909402N262;9895;39.421;54;236;235;235;236;13.990;49.98;475.2;8.745;592.4;4.540;722.3;4.468;60;0;0;13.942;14.019;14.010;3282;3301;3310;49.98;49.98;49.98;8144;1000;0.0;0;0.0000;0;0;39421;39421;39421
60;2014-07-24 14:40:00;909402N262;10108;39.590;54;235;235;235;236;14.300;49.98;474.1;8.928;590.6;4.665;720.5;4.588;60;0;0;14.236;14.351;14.314;3344;3381;3381;49.98;49.98;49.98;8144;1000;0.0;0;0.0000;0;0;39590;39590;39590
60;2014-07-24 14:41:00;909402N262;9207;39.743;54;235;235;235;236;13.014;49.98;476.3;8.024;589.8;4.202;718.9;4.277;60;0;0;12.999;12.974;13.069;3056;3073;3082;49.98;49.98;49.98;8144;1000;0.0;0;0.0000;0;0;39743;39743;39743
60;2014-07-24 14:42:00;909402N262;6000;39.843;54;235;235;234;235;8.542;49.99;482.1;5.274;588.5;2.764;712.0;2.685;60;0;0;8.474;8.600;8.553;1987;2002;2010;49.99;49.99;49.99;8144;1000;0.0;0;0.0000;0;0;39843;39843;39843
60;2014-07-24 14:43:00;909402N262;4156;39.912;54;234;234;234;235;5.924;49.99;488.8;3.662;587.7;1.919;709.6;1.813;60;0;0;5.889;5.927;5.956;1373;1389;1392;49.99;49.99;49.99;8144;1000;0.0;0;0.0000;0;0;39912;39912;39912
60;2014-07-24 14:44:00;909402N262;3025;39.962;53;234;234;234;235;4.347;49.99;495.4;2.686;588.0;1.398;709.5;1.274;60;0;0;4.290;4.384;4.368;994;1013;1015;49.99;49.99;49.99;8144;1000;0.0;0;0.0000;0;0;39962;39962;39962
60;2014-07-24 14:45:00;909402N262;6485;40.070;53;235;235;235;235;9.162;49.99;501.7;5.440;599.4;2.745;729.7;3.013;60;0;0;9.170;9.085;9.232;2153;2166;2170;49.99;49.99;49.99;8144;1000;0.0;0;0.0000;0;0;40070;40070;40070
60;2014-07-24 14:46:00;909402N262;9265;40.223;53;235;235;235;236;13.088;49.97;490.1;8.183;598.6;4.269;728.6;4.001;60;0;0;13.078;13.085;13.103;3080;3096;3087;49.97;49.97;49.97;8144;1000;0.0;0;0.0000;0;0;40223;40223;40223
60;2014-07-24 14:47:00;909402N262;6829;40.339;53;235;235;235;235;9.740;49.98;496.3;5.868;602.7;3.063;730.5;2.973;60;0;0;9.640;9.873;9.708;2257;2285;2278;49.98;49.98;49.98;8144;1000;0.0;0;0.0000;0;0;40339;40339;40339
60;2014-07-24 14:48:00;909402N262;5108;40.423;53;234;234;235;235;7.272;49.99;498.2;4.381;600.2;2.226;728.2;2.269;60;0;0;7.236;7.278;7.302;1688;1713;1707;49.99;49.99;49.99;8144;1000;0.0;0;0.0000;0;0;40423;40423;40423
60;2014-07-24 14:49:00;909402N262;5954;40.523;53;235;235;235;235;8.475;49.99;501.0;5.034;603.7;2.520;729.0;2.720;60;0;0;8.420;8.529;8.477;1973;1991;1987;49.99;49.99;49.99;8144;1000;0.0;0;0.0000;0;0;40523;40523;40523
60;2014-07-24 14:50:00;909402N262;4654;40.600;53;235;235;234;235;6.628;50.00;502.5;4.082;604.3;2.033;728.4;1.995;60;0;0;6.612;6.605;6.668;1543;1555;1554;50.00;50.00;50.00;8144;1000;0.0;0;0.0000;0;0;40600;40600;40600
60;2014-07-24 14:51:00;909402N262;6649;40.710;53;235;235;235;236;9.418;50.02;502.3;5.752;606.7;2.890;736.0;2.851;60;0;0;9.373;9.410;9.471;2197;2223;2230;50.02;50.02;50.02;8144;1000;0.0;0;0.0000;0;0;40710;40710;40710
60;2014-07-24 14:52:00;909402N262;8238;40.848;52;236;235;236;236;11.660;50.01;499.5;7.080;610.8;3.612;742.8;3.553;60;0;0;11.601;11.689;11.690;2728;2749;2758;50.01;50.01;50.01;8144;1000;0.0;0;0.0000;0;0;40848;40848;40848
60;2014-07-24 14:53:00;909402N262;9532;41.006;52;236;235;235;236;13.494;50.01;494.0;8.202;606.2;4.239;739.6;4.159;60;0;0;13.426;13.536;13.520;3162;3180;3193;50.01;50.01;50.01;8144;1000;0.0;0;0.0000;0;0;41006;41006;41006
60;2014-07-24 14:54:00;909402N262;10065;41.174;52;236;236;236;236;14.212;50.01;488.6;8.665;604.4;4.492;736.6;4.476;60;0;0;14.164;14.229;14.243;3338;3359;3366;50.01;50.01;50.01;8144;1000;0.0;0;0.0000;0;0;41174;41174;41174
60;2014-07-24 14:55:00;909402N262;4862;41.255;53;235;235;235;235;6.931;50.01;493.8;4.263;596.1;2.200;723.3;2.104;60;0;0;6.875;6.953;6.965;1606;1626;1629;50.01;50.01;50.01;8144;1000;0.0;0;0.0000;0;0;41255;41255;41255
60;2014-07-24 14:56:00;909402N262;8709;41.400;53;236;235;235;236;12.335;50.02;493.3;7.549;603.7;3.990;735.6;3.735;60;0;0;12.280;12.370;12.356;2890;2909;2915;50.02;50.02;50.02;8144;1000;0.0;0;0.0000;0;0;41400;41400;41400
60;2014-07-24 14:57:00;909402N262;10085;41.569;53;236;236;236;236;14.216;50.03;488.0;8.594;601.8;4.519;736.5;4.525;60;0;0;14.178;14.251;14.219;3352;3366;3365;50.03;50.03;50.03;8144;1000;0.0;0;0.0000;0;0;41569;41569;41569
60;2014-07-24 14:58:00;909402N262;3640;41.630;53;236;235;236;236;5.233;50.02;496.4;3.149;588.7;1.729;714.8;1.560;60;0;0;5.134;5.362;5.204;1197;1220;1215;50.02;50.02;50.02;8144;1000;0.0;0;0.0000;0;0;41630;41630;41630
60;2014-07-24 14:59:00;909402N262;4119;41.700;53;235;235;235;236;5.879;50.00;498.9;3.622;593.3;1.872;719.8;1.740;60;0;0;5.811;5.941;5.887;1358;1381;1378;50.00;50.00;50.00;8144;1000;0.0;0;0.0000;0;0;41700;41700;41700
60;2014-07-24 15:00:00;909402N262;9307;41.857;52;236;236;236;236;13.161;49.97;495.3;8.069;606.2;4.344;741.4;3.859;60;0;0;13.078;13.231;13.176;3081;3112;3114;49.97;49.97;49.97;8144;1000;0.0;0;0.0000;0;0;41857;41857;41857
[wr_ende]
