20141220;160010;danfoss;My Plant;+0100
[wr_def_start]
909402N262;Inverter Type;Inverter Group;Hanzl
[wr_def_end]
[wr]
INTERVAL;TIMESTAMP;SERIAL;P_AC;E_DAY;T_WR;U_AC;U_AC_1;U_AC_2;U_AC_3;I_AC;F_AC;U_DC_1;I_DC_1;U_DC_2;I_DC_2;U_DC_3;I_DC_3;S;E_WR;M_WR;I_AC_1;I_AC_2;I_AC_3;P_AC_1;P_AC_2;P_AC_3;F_AC_1;F_AC_2;F_AC_3;R_DC;PC;PCS;PCS_LL;COS_PHI;COS_PHI_LL;S_COS_PHI;Current_Day_Energy;current_Day_Offset;ccEnergyOfDay_WithoutOffset
60;2014-12-20 15:01:00;909402N262;501;20.904;42;232;231;232;232;1.313;50.00;557.4;0.443;596.4;0.208;748.5;0.172;60;0;0;1.290;1.327;1.322;157;172;171;50.00;50.00;50.00;1663;1000;0.0;0;1.0000;0;2;20904;20904;20904
60;2014-12-20 15:02:00;909402N262;492;20.912;42;232;231;232;232;1.316;50.00;558.4;0.432;616.6;0.199;752.0;0.165;60;0;0;1.295;1.328;1.326;154;168;168;50.00;50.00;50.00;1663;1000;0.0;0;1.0000;0;2;20912;20912;20912
60;2014-12-20 15:03:00;909402N262;483;20.921;42;231;231;232;232;1.306;50.00;557.9;0.428;615.0;0.194;741.8;0.163;60;0;0;1.285;1.320;1.314;151;165;165;50.00;50.00;50.00;1663;1000;0.0;0;1.0000;0;2;20921;20921;20921
60;2014-12-20 15:04:00;909402N262;470;20.929;42;231;231;232;231;1.298;50.00;557.9;0.419;612.8;0.188;749.7;0.156;60;0;0;1.283;1.312;1.299;148;161;158;50.00;50.00;50.00;1663;1000;0.0;0;1.0000;0;2;20929;20929;20929
60;2014-12-20 15:05:00;909402N262;458;20.936;42;231;231;231;231;1.283;49.99;557.1;0.413;612.7;0.183;736.5;0.154;60;0;0;1.264;1.296;1.289;144;157;156;49.99;49.99;49.99;1663;1000;0.0;0;1.0000;0;2;20936;20936;20936
60;2014-12-20 15:06:00;909402N262;448;20.944;42;231;231;231;231;1.279;50.00;556.7;0.407;609.3;0.178;747.9;0.146;60;0;0;1.269;1.290;1.280;142;152;151;50.00;50.00;50.00;1663;1000;0.0;0;1.0000;0;2;20944;20944;20944
60;2014-12-20 15:07:00;909402N262;440;20.951;42;231;231;231;231;1.232;50.00;555.6;0.403;610.7;0.173;735.3;0.144;60;0;0;1.203;1.251;1.243;137;151;150;50.00;50.00;50.00;1663;1000;0.0;0;1.0000;0;2;20951;20951;20951
60;2014-12-20 15:08:00;909402N262;426;20.959;42;231;230;232;231;0.919;49.99;554.3;0.394;613.0;0.167;740.8;0.139;60;0;0;0.892;0.988;0.878;135;153;135;49.99;49.99;49.99;1663;1000;0.0;0;1.0000;0;2;20959;20959;20959
60;2014-12-20 15:09:00;909402N262;414;20.966;42;231;230;232;230;0.744;50.00;553.3;0.386;609.9;0.164;736.4;0.136;60;0;0;0.725;0.832;0.677;134;155;124;50.00;50.00;50.00;1663;1000;0.0;0;1.0000;0;2;20966;20966;20966
60;2014-12-20 15:10:00;909402N262;407;20.972;41;231;231;231;230;0.739;49.99;554.1;0.381;608.6;0.161;726.1;0.134;60;0;0;0.712;0.836;0.669;131;153;122;49.99;49.99;49.99;1663;1000;0.0;0;1.0000;0;2;20972;20972;20972
60;2014-12-20 15:11:00;909402N262;403;20.979;41;231;231;231;230;0.728;49.98;555.8;0.381;605.6;0.160;733.7;0.129;60;0;0;0.693;0.837;0.654;128;153;120;49.98;49.98;49.98;1663;1000;0.0;0;1.0000;0;2;20979;20979;20979
60;2014-12-20 15:12:00;909402N262;412;20.986;41;231;230;231;231;0.735;49.99;558.9;0.395;607.6;0.160;735.1;0.126;60;0;0;0.722;0.838;0.645;133;156;122;49.99;49.99;49.99;1663;1000;0.0;0;1.0000;0;2;20986;20986;20986
60;2014-12-20 15:13:00;909402N262;430;20.993;41;231;231;231;231;0.917;49.98;562.7;0.425;614.3;0.160;727.5;0.125;60;0;0;0.893;0.965;0.894;138;152;139;49.98;49.98;49.98;1663;1000;0.0;0;1.0000;0;2;20993;20993;20993
60;2014-12-20 15:14:00;909402N262;442;21.000;41;231;230;231;231;1.263;49.99;566.4;0.444;617.0;0.160;722.2;0.124;60;0;0;1.246;1.274;1.270;140;153;150;49.99;49.99;49.99;1663;1000;0.0;0;1.0000;0;2;21000;21000;21000
60;2014-12-20 15:15:00;909402N262;444;21.008;41;232;231;232;233;1.266;49.98;570.6;0.448;615.1;0.160;732.6;0.119;60;0;0;1.241;1.278;1.281;138;152;153;49.98;49.98;49.98;1663;1000;0.0;0;1.0000;0;2;21008;21008;21008
60;2014-12-20 15:16:00;909402N262;455;21.016;41;233;233;232;234;1.279;49.98;566.3;0.475;608.7;0.161;738.3;0.117;60;0;0;1.267;1.283;1.287;145;154;156;49.98;49.98;49.98;1663;1000;0.0;0;1.0000;0;2;21016;21016;21016
60;2014-12-20 15:17:00;909402N262;529;21.025;41;233;233;232;234;1.344;49.99;559.1;0.596;629.4;0.168;742.6;0.117;60;0;0;1.318;1.352;1.363;165;179;183;49.99;49.99;49.99;1663;1000;0.0;0;1.0000;0;2;21025;21025;21025
60;2014-12-20 15:18:00;909402N262;588;21.034;41;233;233;232;234;1.392;49.99;564.8;0.684;628.1;0.175;745.4;0.117;60;0;0;1.366;1.397;1.415;185;198;202;49.99;49.99;49.99;1663;1000;0.0;0;1.0000;0;2;21034;21034;21034
60;2014-12-20 15:19:00;909402N262;609;21.044;41;233;233;233;234;1.408;49.99;565.5;0.724;629.4;0.175;743.3;0.116;60;0;0;1.381;1.414;1.430;192;206;208;49.99;49.99;49.99;1663;1000;0.0;0;1.0000;0;2;21044;21044;21044
60;2014-12-20 15:20:00;909402N262;564;21.054;41;233;233;233;234;1.361;49.99;563.9;0.661;626.6;0.168;736.2;0.113;60;0;0;1.331;1.375;1.379;176;193;193;49.99;49.99;49.99;1663;1000;0.0;0;1.0000;0;2;21054;21054;21054
60;2014-12-20 15:21:00;909402N262;600;21.063;41;234;233;234;234;1.384;49.99;566.4;0.727;634.2;0.166;737.3;0.111;60;0;0;1.353;1.397;1.402;189;205;204;49.99;49.99;49.99;1663;1000;0.0;0;1.0000;0;2;21063;21063;21063
60;2014-12-20 15:22:00;909402N262;663;21.075;41;233;233;233;234;1.443;49.99;571.2;0.834;638.8;0.165;740.3;0.109;60;0;0;1.407;1.461;1.462;209;227;226;49.99;49.99;49.99;1663;1000;0.0;0;1.0000;0;2;21075;21075;21075
60;2014-12-20 15:23:00;909402N262;588;21.085;41;233;232;232;234;1.369;49.99;565.8;0.720;626.6;0.160;729.4;0.105;60;0;0;1.340;1.382;1.386;185;200;201;49.99;49.99;49.99;1663;1000;0.0;0;1.0000;0;2;21085;21085;21085
60;2014-12-20 15:24:00;909402N262;528;21.094;41;233;232;232;234;1.279;49.99;562.6;0.637;621.6;0.151;716.7;0.101;60;0;0;1.239;1.291;1.308;162;181;184;49.99;49.99;49.99;1663;1000;0.0;0;1.0000;0;2;21094;21094;21094
60;2014-12-20 15:25:00;909402N262;497;21.101;41;232;232;233;233;1.287;49.99;559.9;0.598;618.8;0.145;721.8;0.095;60;0;0;1.246;1.303;1.314;152;170;173;49.99;49.99;49.99;1663;1000;0.0;0;1.0000;0;2;21101;21101;21101
60;2014-12-20 15:26:00;909402N262;459;21.109;41;233;232;233;233;1.230;49.99;556.9;0.551;618.6;0.137;710.8;0.092;60;0;0;1.180;1.250;1.262;135;160;162;49.99;49.99;49.99;1663;1000;0.0;0;1.0000;0;2;21109;21109;21109
60;2014-12-20 15:27:00;909402N262;388;21.115;41;233;232;233;234;0.759;49.99;550.4;0.456;605.5;0.126;704.8;0.085;60;0;0;0.748;0.814;0.717;127;139;121;49.99;49.99;49.99;1663;1000;0.0;0;1.0000;0;2;21115;21115;21115
60;2014-12-20 15:28:00;909402N262;347;21.121;41;233;232;233;234;0.672;49.99;546.6;0.403;595.9;0.117;699.9;0.080;60;0;0;0.611;0.741;0.665;106;126;112;49.99;49.99;49.99;1663;1000;0.0;0;1.0000;0;2;21121;21121;21121
60;2014-12-20 15:29:00;909402N262;358;21.127;41;233;232;233;234;0.689;49.98;549.3;0.427;599.3;0.115;698.5;0.078;60;0;0;0.610;0.774;0.684;104;134;117;49.98;49.98;49.98;1663;1000;0.0;0;1.0000;0;2;21127;21127;21127
60;2014-12-20 15:30:00;909402N262;358;21.134;41;233;232;233;234;0.696;49.99;550.4;0.433;600.4;0.113;693.5;0.075;60;0;0;0.611;0.789;0.689;104;134;116;49.99;49.99;49.99;1663;1000;0.0;0;1.0000;0;2;21134;21134;21134
60;2014-12-20 15:31:00;909402N262;347;21.140;41;233;231;233;234;0.695;49.99;544.5;0.423;585.5;0.110;677.8;0.074;60;0;0;0.615;0.786;0.684;103;131;112;49.99;49.99;49.99;1663;1000;0.0;0;1.0000;0;2;21140;21140;21140
60;2014-12-20 15:32:00;909402N262;356;21.145;40;233;232;233;233;0.732;49.99;552.2;0.442;598.0;0.108;680.7;0.071;60;0;0;0.617;0.819;0.762;99;134;122;49.99;49.99;49.99;1663;1000;0.0;0;1.0000;0;2;21145;21145;21145
60;2014-12-20 15:33:00;909402N262;426;21.152;40;233;232;233;233;0.939;49.99;559.7;0.546;615.8;0.115;684.9;0.072;60;0;0;0.841;1.008;0.968;119;157;148;49.99;49.99;49.99;1663;1000;0.0;0;1.0000;0;2;21152;21152;21152
60;2014-12-20 15:34:00;909402N262;447;21.159;40;232;231;233;234;1.225;49.99;561.7;0.576;612.8;0.120;688.3;0.072;60;0;0;1.154;1.251;1.272;124;157;164;49.99;49.99;49.99;1663;1000;0.0;0;1.0000;0;2;21159;21159;21159
60;2014-12-20 15:35:00;909402N262;481;21.168;40;232;231;233;233;1.180;49.98;565.5;0.629;619.8;0.121;687.9;0.070;60;0;0;1.140;1.201;1.201;143;169;166;49.98;49.98;49.98;1663;1000;0.0;0;1.0000;0;2;21168;21168;21168
60;2014-12-20 15:36:00;909402N262;547;21.176;40;233;231;233;234;1.237;49.98;570.7;0.732;612.4;0.129;687.8;0.072;60;0;0;1.194;1.262;1.256;165;191;188;49.98;49.98;49.98;1663;1000;0.0;0;1.0000;0;2;21176;21176;21176
60;2014-12-20 15:37:00;909402N262;444;21.184;40;233;232;233;234;1.007;49.98;562.9;0.585;608.7;0.110;680.9;0.066;60;0;0;1.095;0.775;1.152;156;107;179;49.98;49.98;49.98;1663;1000;0.0;0;1.0000;0;2;21184;21184;21184
60;2014-12-20 15:38:00;909402N262;335;21.190;40;233;232;233;234;0.711;49.98;552.9;0.431;589.3;0.093;668.1;0.059;60;0;0;0.704;0.661;0.768;111;100;122;49.98;49.98;49.98;1663;1000;0.0;0;1.0000;0;2;21190;21190;21190
60;2014-12-20 15:39:00;909402N262;284;21.194;40;233;232;233;234;0.629;49.98;547.2;0.363;574.7;0.082;666.7;0.053;60;0;0;0.543;0.660;0.686;80;99;103;49.98;49.98;49.98;1663;1000;0.0;0;1.0000;0;2;21194;21194;21194
60;2014-12-20 15:40:00;909402N262;258;21.199;40;233;232;233;233;0.585;49.98;544.9;0.334;568.5;0.075;658.2;0.049;60;0;0;0.569;0.575;0.612;82;84;89;49.98;49.98;49.98;1663;1000;0.0;0;1.0000;0;2;21199;21199;21199
60;2014-12-20 15:41:00;909402N262;258;21.203;40;233;232;233;233;0.600;49.99;546.5;0.342;565.3;0.071;641.6;0.046;60;0;0;0.568;0.589;0.643;80;85;91;49.99;49.99;49.99;1663;1000;0.0;0;1.0000;0;2;21203;21203;21203
60;2014-12-20 15:42:00;909402N262;221;21.207;40;233;233;233;233;0.524;50.00;540.9;0.292;554.8;0.062;636.0;0.042;60;0;0;0.520;0.532;0.522;71;73;75;50.00;50.00;50.00;1663;1000;0.0;0;1.0000;0;2;21207;21207;21207
60;2014-12-20 15:43:00;909402N262;200;21.210;40;233;232;233;234;0.480;50.00;538.2;0.267;550.0;0.055;633.1;0.038;60;0;0;0.447;0.503;0.492;61;68;68;50.00;50.00;50.00;1663;1000;0.0;0;1.0000;0;2;21210;21210;21210
60;2014-12-20 15:44:00;909402N262;162;21.213;40;233;232;234;234;0.408;50.00;530.4;0.214;534.1;0.048;617.6;0.034;60;0;0;0.389;0.420;0.417;53;50;58;50.00;50.00;50.00;1663;1000;0.0;0;1.0000;0;2;21213;21213;21213
60;2014-12-20 15:45:00;909402N262;145;21.215;40;233;232;233;234;0.366;49.99;527.4;0.192;521.3;0.042;616.7;0.031;60;0;0;0.337;0.394;0.367;46;47;50;49.99;49.99;49.99;1663;1000;0.0;0;1.0000;0;2;21215;21215;21215
60;2014-12-20 15:46:00;909402N262;122;21.217;40;233;232;233;234;0.314;50.00;514.5;0.164;504.6;0.038;589.2;0.028;60;0;0;0.265;0.360;0.317;35;43;43;50.00;50.00;50.00;1663;1000;0.0;0;1.0000;0;2;21217;21217;21217
60;2014-12-20 15:47:00;909402N262;107;21.220;40;233;232;233;233;0.283;50.00;515.6;0.143;497.4;0.034;581.5;0.025;60;0;0;0.241;0.310;0.299;31;37;38;50.00;50.00;50.00;1663;1000;0.0;0;1.0000;0;2;21220;21220;21220
60;2014-12-20 15:48:00;909402N262;93;21.221;40;233;232;233;234;0.244;50.00;510.9;0.123;480.8;0.030;604.8;0.022;60;0;0;0.249;0.201;0.282;33;23;34;50.00;50.00;50.00;1663;1000;0.0;0;1.0000;0;2;21221;21221;21221
60;2014-12-20 15:49:00;909402N262;77;21.222;39;232;231;233;234;0.212;50.00;504.0;0.101;483.6;0.024;575.4;0.019;60;0;0;0.201;0.170;0.265;26;18;31;50.00;50.00;50.00;1663;1000;0.0;0;1.0000;0;2;21222;21222;21222
60;2014-12-20 15:50:00;909402N262;65;21.223;39;232;232;232;233;0.187;50.00;496.7;0.085;456.5;0.022;534.3;0.019;60;0;0;0.199;0.200;0.163;20;24;18;50.00;50.00;50.00;1663;1000;0.0;0;1.0000;0;2;21223;21223;21223
60;2014-12-20 15:51:00;909402N262;55;21.224;39;232;232;232;232;0.160;49.99;488.4;0.073;443.1;0.018;522.3;0.017;60;0;0;0.158;0.258;0.066;13;34;7;49.99;49.99;49.99;1663;1000;0.0;0;1.0000;0;2;21224;21224;21224
60;2014-12-20 15:52:00;909402N262;43;21.225;39;232;232;233;232;0.130;49.99;475.6;0.054;461.4;0.015;517.5;0.015;60;0;0;0.139;0.191;0.060;11;23;7;49.99;49.99;49.99;1663;1000;0.0;0;1.0000;0;2;21225;21225;21225
60;2014-12-20 15:53:00;909402N262;33;21.225;39;232;232;233;232;0.108;49.99;461.8;0.041;451.7;0.013;497.3;0.013;60;0;0;0.123;0.140;0.063;9;16;8;49.99;49.99;49.99;1663;1000;0.0;0;1.0000;0;2;21225;21225;21225
60;2014-12-20 15:54:00;909402N262;27;21.226;39;232;233;233;232;0.089;49.98;451.3;0.033;461.6;0.010;529.8;0.011;60;0;0;0.108;0.107;0.053;7;12;6;49.98;49.98;49.98;1663;1000;0.0;0;1.0000;0;2;21226;21226;21226
60;2014-12-20 15:55:00;909402N262;21;21.226;39;232;232;233;232;0.066;49.98;439.1;0.024;416.0;0.009;516.4;0.008;60;0;0;0.095;0.072;0.033;8;8;4;49.98;49.98;49.98;1663;1000;0.0;0;1.0000;0;2;21226;21226;21226
60;2014-12-20 15:56:00;909402N262;16;21.227;39;232;232;233;233;0.046;49.99;415.9;0.020;369.9;0.007;479.5;0.007;60;0;0;0.054;0.058;0.027;5;7;3;49.99;49.99;49.99;1663;1000;0.0;0;1.0000;0;2;21227;21227;21227
60;2014-12-20 15:57:00;909402N262;14;21.227;39;232;232;233;232;0.044;49.99;413.3;0.019;349.7;0.007;452.2;0.007;60;0;0;0.035;0.072;0.027;2;8;3;49.99;49.99;49.99;1663;1000;0.0;0;1.0000;0;2;21227;21227;21227
60;2014-12-20 15:58:00;909402N262;13;21.227;39;232;232;233;232;0.043;50.00;422.2;0.016;336.0;0.007;432.3;0.007;60;0;0;0.027;0.076;0.028;2;7;3;50.00;50.00;50.00;1663;1000;0.0;0;1.0000;0;2;21227;21227;21227
60;2014-12-20 15:59:00;909402N262;12;21.228;39;232;231;233;233;0.037;50.01;435.0;0.015;297.7;0.007;409.6;0.007;60;0;0;0.022;0.055;0.036;2;5;4;50.01;50.01;50.01;1663;1000;0.0;0;1.0000;0;2;21228;21228;21228
60;2014-12-20 16:00:00;909402N262;9;21.228;39;233;231;233;234;0.040;50.03;433.9;0.015;270.2;0.007;360.6;0.007;60;0;0;0.016;0.061;0.044;1;6;2;50.03;50.03;50.03;1663;1000;0.0;0;1.0000;0;2;21228;21228;21228
[wr_ende]
