20150118;140004;danfoss;My Plant;+0100
[wr_def_start]
909402N262;Inverter Type;Inverter Group;Hanzl
[wr_def_end]
[wr]
INTERVAL;TIMESTAMP;SERIAL;P_AC;E_DAY;T_WR;U_AC;U_AC_1;U_AC_2;U_AC_3;I_AC;F_AC;U_DC_1;I_DC_1;U_DC_2;I_DC_2;U_DC_3;I_DC_3;S;E_WR;M_WR;I_AC_1;I_AC_2;I_AC_3;P_AC_1;P_AC_2;P_AC_3;F_AC_1;F_AC_2;F_AC_3;R_DC;PC;PCS;PCS_LL;COS_PHI;COS_PHI_LL;S_COS_PHI;Current_Day_Energy;current_Day_Offset;ccEnergyOfDay_WithoutOffset
60;2015-01-18 13:01:00;909402N262;364;0.930;30;234;235;234;235;0.820;49.94;585.6;0.633;0.0;0.000;0.0;0.000;60;0;0;0.851;0.917;0.693;125;139;99;49.94;49.94;49.94;22326;1000;0.0;0;1.0000;0;2;930;930;930
60;2015-01-18 13:02:00;909402N262;383;0.936;30;232;232;232;233;0.813;49.95;584.7;0.665;0.0;0.000;0.0;0.000;60;0;0;0.967;0.973;0.500;147;159;75;49.95;49.95;49.95;22326;1000;0.0;0;1.0000;0;2;936;936;936
60;2015-01-18 13:03:00;909402N262;390;0.943;30;232;232;231;232;0.814;49.95;583.7;0.679;0.0;0.000;0.0;0.000;60;0;0;1.058;1.120;0.264;159;190;39;49.95;49.95;49.95;22326;1000;0.0;0;1.0000;0;2;943;943;943
60;2015-01-18 13:04:00;909402N262;397;0.949;30;232;232;231;232;0.893;49.95;584.2;0.694;0.0;0.000;0.0;0.000;60;0;0;0.929;1.028;0.724;139;159;97;49.95;49.95;49.95;22326;1000;0.0;0;1.0000;0;2;949;949;949
60;2015-01-18 13:05:00;909402N262;407;0.956;30;232;232;231;232;0.909;49.97;585.7;0.709;0.0;0.000;0.0;0.000;60;0;0;0.905;0.943;0.881;136;141;129;49.97;49.97;49.97;22326;1000;0.0;0;1.0000;0;2;956;956;956
60;2015-01-18 13:06:00;909402N262;440;0.963;30;232;233;232;232;0.992;49.98;587.9;0.763;0.0;0.000;0.0;0.000;60;0;0;1.019;1.099;0.860;154;163;120;49.98;49.98;49.98;22326;1000;0.0;0;1.0000;0;2;963;963;963
60;2015-01-18 13:07:00;909402N262;431;0.971;30;232;233;231;232;0.898;49.98;587.9;0.747;0.0;0.000;0.0;0.000;60;0;0;1.010;1.112;0.573;154;194;81;49.98;49.98;49.98;22326;1000;0.0;0;1.0000;0;2;971;971;971
60;2015-01-18 13:08:00;909402N262;391;0.977;30;232;232;230;232;0.842;49.98;585.2;0.679;0.0;0.000;0.0;0.000;60;0;0;1.000;1.029;0.497;156;165;68;49.98;49.98;49.98;22326;1000;0.0;0;1.0000;0;2;977;977;977
60;2015-01-18 13:09:00;909402N262;387;0.983;30;231;232;231;232;0.848;49.99;583.6;0.675;0.0;0.000;0.0;0.000;60;0;0;0.933;0.977;0.636;140;154;91;49.99;49.99;49.99;22326;1000;0.0;0;1.0000;0;2;983;983;983
60;2015-01-18 13:10:00;909402N262;416;0.991;30;232;232;232;231;0.794;49.99;583.1;0.727;0.0;0.000;0.0;0.000;60;0;0;0.683;1.041;0.659;106;189;120;49.99;49.99;49.99;22326;1000;0.0;0;1.0000;0;2;991;991;991
60;2015-01-18 13:11:00;909402N262;426;0.997;30;231;232;231;231;0.911;50.00;584.0;0.745;0.0;0.000;0.0;0.000;60;0;0;0.704;1.054;0.975;106;157;161;50.00;50.00;50.00;22326;1000;0.0;0;1.0000;0;2;997;997;997
60;2015-01-18 13:12:00;909402N262;417;1.005;30;231;231;231;231;0.827;49.99;583.9;0.727;0.0;0.000;0.0;0.000;60;0;0;0.607;0.991;0.884;94;162;159;49.99;49.99;49.99;22326;1000;0.0;0;1.0000;0;2;1005;1005;1005
60;2015-01-18 13:13:00;909402N262;399;1.011;30;231;231;231;232;0.799;49.99;583.9;0.695;0.0;0.000;0.0;0.000;60;0;0;0.848;1.058;0.491;126;194;77;49.99;49.99;49.99;22326;1000;0.0;0;1.0000;0;2;1011;1011;1011
60;2015-01-18 13:14:00;909402N262;381;1.017;30;232;231;231;232;0.847;49.98;584.4;0.664;0.0;0.000;0.0;0.000;60;0;0;0.860;0.841;0.840;130;126;123;49.98;49.98;49.98;22326;1000;0.0;0;1.0000;0;2;1017;1017;1017
60;2015-01-18 13:15:00;909402N262;371;1.023;30;232;232;231;233;0.832;49.98;585.4;0.646;0.0;0.000;0.0;0.000;60;0;0;0.830;0.861;0.806;124;127;118;49.98;49.98;49.98;22326;1000;0.0;0;1.0000;0;2;1023;1023;1023
60;2015-01-18 13:16:00;909402N262;364;1.029;30;232;232;232;233;0.795;49.99;581.4;0.639;0.0;0.000;0.0;0.000;60;0;0;0.716;0.810;0.861;111;116;135;49.99;49.99;49.99;22326;1000;0.0;0;1.0000;0;2;1029;1029;1029
60;2015-01-18 13:17:00;909402N262;373;1.036;30;232;232;232;233;0.814;49.99;587.8;0.646;0.0;0.000;0.0;0.000;60;0;0;0.723;0.818;0.901;110;118;143;49.99;49.99;49.99;22326;1000;0.0;0;1.0000;0;2;1036;1036;1036
60;2015-01-18 13:18:00;909402N262;369;1.042;30;232;232;232;233;0.814;49.99;589.4;0.637;0.0;0.000;0.0;0.000;60;0;0;0.713;0.836;0.894;107;121;140;49.99;49.99;49.99;22326;1000;0.0;0;1.0000;0;2;1042;1042;1042
60;2015-01-18 13:19:00;909402N262;354;1.049;30;232;232;232;232;0.801;49.99;572.4;0.630;0.0;0.000;0.0;0.000;60;0;0;0.793;0.874;0.737;112;133;107;49.99;49.99;49.99;22326;1000;0.0;0;1.0000;0;2;1049;1049;1049
60;2015-01-18 13:20:00;909402N262;348;1.055;30;232;232;232;233;0.800;50.00;572.0;0.622;0.0;0.000;0.0;0.000;60;0;0;0.739;0.855;0.807;105;125;116;50.00;50.00;50.00;22326;1000;0.0;0;1.0000;0;2;1055;1055;1055
60;2015-01-18 13:21:00;909402N262;348;1.060;30;232;231;232;233;0.802;49.99;574.2;0.619;0.0;0.000;0.0;0.000;60;0;0;0.709;0.861;0.837;102;124;121;49.99;49.99;49.99;22326;1000;0.0;0;1.0000;0;2;1060;1060;1060
60;2015-01-18 13:22:00;909402N262;324;1.066;30;232;232;232;233;0.737;50.00;573.7;0.576;0.0;0.000;0.0;0.000;60;0;0;0.696;0.765;0.752;107;109;107;50.00;50.00;50.00;22326;1000;0.0;0;1.0000;0;2;1066;1066;1066
60;2015-01-18 13:23:00;909402N262;314;1.071;30;232;231;232;233;0.745;50.00;573.5;0.559;0.0;0.000;0.0;0.000;60;0;0;0.579;0.793;0.865;86;106;120;50.00;50.00;50.00;22326;1000;0.0;0;1.0000;0;2;1071;1071;1071
60;2015-01-18 13:24:00;909402N262;335;1.076;30;232;231;232;233;0.770;50.00;573.8;0.596;0.0;0.000;0.0;0.000;60;0;0;0.687;0.748;0.875;104;104;125;50.00;50.00;50.00;22326;1000;0.0;0;1.0000;0;2;1076;1076;1076
60;2015-01-18 13:25:00;909402N262;366;1.082;30;232;231;231;233;0.842;50.01;573.9;0.650;0.0;0.000;0.0;0.000;60;0;0;0.807;0.873;0.847;116;125;122;50.01;50.01;50.01;22326;1000;0.0;0;1.0000;0;2;1082;1082;1082
60;2015-01-18 13:26:00;909402N262;404;1.090;30;232;232;231;233;0.884;49.99;573.1;0.720;0.0;0.000;0.0;0.000;60;0;0;0.939;0.970;0.744;140;154;109;49.99;49.99;49.99;22326;1000;0.0;0;1.0000;0;2;1090;1090;1090
60;2015-01-18 13:27:00;909402N262;445;1.096;30;232;232;231;233;0.935;49.99;582.5;0.778;0.0;0.000;0.0;0.000;60;0;0;1.103;1.045;0.658;169;172;102;49.99;49.99;49.99;22326;1000;0.0;0;1.0000;0;2;1096;1096;1096
60;2015-01-18 13:28:00;909402N262;459;1.104;30;232;232;231;232;0.817;49.99;575.9;0.809;0.0;0.000;0.0;0.000;60;0;0;1.093;1.360;0.000;171;288;0;49.99;49.99;49.99;22326;1000;0.0;0;1.0000;0;2;1104;1104;1104
60;2015-01-18 13:29:00;909402N262;476;1.112;30;232;232;231;232;0.854;49.99;577.2;0.839;0.0;0.000;0.0;0.000;60;0;0;1.106;1.354;0.102;175;286;15;49.99;49.99;49.99;22326;1000;0.0;0;1.0000;0;2;1112;1112;1112
60;2015-01-18 13:30:00;909402N262;482;1.120;30;232;232;231;232;0.875;49.99;585.8;0.836;0.0;0.000;0.0;0.000;60;0;0;1.144;1.380;0.102;177;288;16;49.99;49.99;49.99;22326;1000;0.0;0;1.0000;0;2;1120;1120;1120
60;2015-01-18 13:31:00;909402N262;520;1.129;30;232;233;231;233;1.037;49.97;596.6;0.888;0.0;0.000;0.0;0.000;60;0;0;0.746;1.229;1.138;108;223;187;49.97;49.97;49.97;22326;1000;0.0;0;1.0000;0;2;1129;1129;1129
60;2015-01-18 13:32:00;909402N262;530;1.139;30;232;232;232;233;1.137;49.96;590.5;0.915;0.0;0.000;0.0;0.000;60;0;0;1.027;1.098;1.288;147;173;208;49.96;49.96;49.96;22326;1000;0.0;0;1.0000;0;2;1139;1139;1139
60;2015-01-18 13:33:00;909402N262;539;1.147;30;232;232;232;233;1.114;49.97;592.5;0.926;0.0;0.000;0.0;0.000;60;0;0;1.041;1.028;1.274;160;160;217;49.97;49.97;49.97;22326;1000;0.0;0;1.0000;0;2;1147;1147;1147
60;2015-01-18 13:34:00;909402N262;559;1.155;30;232;233;232;232;1.022;49.97;598.1;0.950;0.0;0.000;0.0;0.000;60;0;0;1.353;1.237;0.476;260;231;66;49.97;49.97;49.97;22326;1000;0.0;0;1.0000;0;2;1155;1155;1155
60;2015-01-18 13:35:00;909402N262;538;1.165;30;232;232;232;232;1.003;49.98;594.8;0.920;0.0;0.000;0.0;0.000;60;0;0;1.316;1.229;0.464;251;225;60;49.98;49.98;49.98;22326;1000;0.0;0;1.0000;0;2;1165;1165;1165
60;2015-01-18 13:36:00;909402N262;483;1.173;30;232;232;233;232;1.025;49.98;577.9;0.852;0.0;0.000;0.0;0.000;60;0;0;1.135;1.174;0.768;188;186;107;49.98;49.98;49.98;22326;1000;0.0;0;1.0000;0;2;1173;1173;1173
60;2015-01-18 13:37:00;909402N262;446;1.181;30;232;232;233;232;0.976;49.98;585.1;0.778;0.0;0.000;0.0;0.000;60;0;0;1.044;1.111;0.775;166;171;107;49.98;49.98;49.98;22326;1000;0.0;0;1.0000;0;2;1181;1181;1181
60;2015-01-18 13:38:00;909402N262;458;1.188;30;232;232;232;232;0.996;49.99;587.6;0.794;0.0;0.000;0.0;0.000;60;0;0;1.068;1.133;0.788;170;176;110;49.99;49.99;49.99;22326;1000;0.0;0;1.0000;0;2;1188;1188;1188
60;2015-01-18 13:39:00;909402N262;442;1.196;30;232;232;232;232;0.837;49.99;583.2;0.771;0.0;0.000;0.0;0.000;60;0;0;1.260;1.044;0.208;256;156;28;49.99;49.99;49.99;22326;1000;0.0;0;1.0000;0;2;1196;1196;1196
60;2015-01-18 13:40:00;909402N262;427;1.204;30;232;232;232;232;0.816;49.99;579.0;0.752;0.0;0.000;0.0;0.000;60;0;0;1.209;1.070;0.169;233;172;20;49.99;49.99;49.99;22326;1000;0.0;0;1.0000;0;2;1204;1204;1204
60;2015-01-18 13:41:00;909402N262;390;1.210;30;232;232;232;232;0.791;49.98;575.0;0.690;0.0;0.000;0.0;0.000;60;0;0;1.047;1.065;0.263;173;180;35;49.98;49.98;49.98;22326;1000;0.0;0;1.0000;0;2;1210;1210;1210
60;2015-01-18 13:42:00;909402N262;327;1.215;30;232;233;232;232;0.746;49.98;571.1;0.584;0.0;0.000;0.0;0.000;60;0;0;0.817;0.761;0.661;119;114;92;49.98;49.98;49.98;22326;1000;0.0;0;1.0000;0;2;1215;1215;1215
60;2015-01-18 13:43:00;909402N262;276;1.219;30;232;233;232;232;0.647;49.98;567.5;0.495;0.0;0.000;0.0;0.000;60;0;0;0.629;0.731;0.581;86;104;84;49.98;49.98;49.98;22326;1000;0.0;0;1.0000;0;2;1219;1219;1219
60;2015-01-18 13:44:00;909402N262;236;1.223;30;232;233;232;233;0.565;49.99;563.7;0.426;0.0;0.000;0.0;0.000;60;0;0;0.554;0.637;0.505;72;91;70;49.99;49.99;49.99;22326;1000;0.0;0;1.0000;0;2;1223;1223;1223
60;2015-01-18 13:45:00;909402N262;203;1.226;30;232;233;231;233;0.511;49.98;560.6;0.369;0.0;0.000;0.0;0.000;60;0;0;0.499;0.594;0.440;61;82;58;49.98;49.98;49.98;22326;1000;0.0;0;1.0000;0;2;1226;1226;1226
60;2015-01-18 13:46:00;909402N262;179;1.229;30;233;233;231;233;0.453;49.98;559.3;0.325;0.0;0.000;0.0;0.000;60;0;0;0.471;0.497;0.392;61;68;48;49.98;49.98;49.98;22326;1000;0.0;0;1.0000;0;2;1229;1229;1229
60;2015-01-18 13:47:00;909402N262;166;1.232;30;233;232;232;234;0.414;49.99;557.0;0.303;0.0;0.000;0.0;0.000;60;0;0;0.499;0.309;0.434;69;39;56;49.99;49.99;49.99;22326;1000;0.0;0;1.0000;0;2;1232;1232;1232
60;2015-01-18 13:48:00;909402N262;163;1.236;30;233;232;232;234;0.406;49.99;556.3;0.298;0.0;0.000;0.0;0.000;60;0;0;0.468;0.274;0.476;64;34;63;49.99;49.99;49.99;22326;1000;0.0;0;1.0000;0;2;1236;1236;1236
60;2015-01-18 13:49:00;909402N262;163;1.238;30;232;232;232;233;0.408;50.01;557.9;0.297;0.0;0.000;0.0;0.000;60;0;0;0.445;0.294;0.485;61;36;64;50.01;50.01;50.01;22326;1000;0.0;0;1.0000;0;2;1238;1238;1238
60;2015-01-18 13:50:00;909402N262;165;1.241;30;232;231;233;233;0.423;49.99;560.2;0.301;0.0;0.000;0.0;0.000;60;0;0;0.448;0.356;0.465;62;39;63;49.99;49.99;49.99;22326;1000;0.0;0;1.0000;0;2;1241;1241;1241
60;2015-01-18 13:51:00;909402N262;173;1.244;30;233;231;233;233;0.454;49.99;563.6;0.313;0.0;0.000;0.0;0.000;60;0;0;0.499;0.475;0.390;69;49;53;49.99;49.99;49.99;22326;1000;0.0;0;1.0000;0;2;1244;1244;1244
60;2015-01-18 13:52:00;909402N262;183;1.247;30;233;232;233;233;0.469;49.99;563.1;0.331;0.0;0.000;0.0;0.000;60;0;0;0.409;0.465;0.534;55;53;73;49.99;49.99;49.99;22326;1000;0.0;0;1.0000;0;2;1247;1247;1247
60;2015-01-18 13:53:00;909402N262;192;1.250;30;233;233;233;233;0.483;49.99;561.5;0.348;0.0;0.000;0.0;0.000;60;0;0;0.430;0.544;0.477;52;73;65;49.99;49.99;49.99;22326;1000;0.0;0;1.0000;0;2;1250;1250;1250
60;2015-01-18 13:54:00;909402N262;199;1.253;30;233;232;232;233;0.498;50.01;560.5;0.362;0.0;0.000;0.0;0.000;60;0;0;0.423;0.589;0.484;52;80;64;50.01;50.01;50.01;22326;1000;0.0;0;1.0000;0;2;1253;1253;1253
60;2015-01-18 13:55:00;909402N262;194;1.256;31;233;232;232;233;0.486;50.00;560.5;0.353;0.0;0.000;0.0;0.000;60;0;0;0.394;0.576;0.488;49;77;66;50.00;50.00;50.00;22326;1000;0.0;0;1.0000;0;2;1256;1256;1256
60;2015-01-18 13:56:00;909402N262;185;1.260;31;233;233;232;233;0.470;50.00;559.9;0.337;0.0;0.000;0.0;0.000;60;0;0;0.480;0.536;0.394;60;72;52;50.00;50.00;50.00;22326;1000;0.0;0;1.0000;0;2;1260;1260;1260
60;2015-01-18 13:57:00;909402N262;171;1.262;31;232;233;232;232;0.427;50.00;559.6;0.312;0.0;0.000;0.0;0.000;60;0;0;0.536;0.550;0.197;68;76;26;50.00;50.00;50.00;22326;1000;0.0;0;1.0000;0;2;1262;1262;1262
60;2015-01-18 13:58:00;909402N262;155;1.265;31;232;233;232;232;0.393;50.00;557.0;0.284;0.0;0.000;0.0;0.000;60;0;0;0.416;0.507;0.256;50;70;33;50.00;50.00;50.00;22326;1000;0.0;0;1.0000;0;2;1265;1265;1265
60;2015-01-18 13:59:00;909402N262;139;1.267;31;232;232;232;232;0.351;50.00;554.7;0.255;0.0;0.000;0.0;0.000;60;0;0;0.341;0.466;0.247;42;62;32;50.00;50.00;50.00;22326;1000;0.0;0;1.0000;0;2;1267;1267;1267
60;2015-01-18 14:00:00;909402N262;129;1.270;31;232;232;232;233;0.327;50.00;553.0;0.238;0.0;0.000;0.0;0.000;60;0;0;0.275;0.475;0.231;34;63;30;50.00;50.00;50.00;22326;1000;0.0;0;1.0000;0;2;1270;1270;1270
[wr_ende]
