20140831;170004;danfoss;My Plant;+0100
[wr_def_start]
909402N262;Inverter Type;Inverter Group;Hanzl
[wr_def_end]
[wr]
INTERVAL;TIMESTAMP;SERIAL;P_AC;E_DAY;T_WR;U_AC;U_AC_1;U_AC_2;U_AC_3;I_AC;F_AC;U_DC_1;I_DC_1;U_DC_2;I_DC_2;U_DC_3;I_DC_3;S;E_WR;M_WR;I_AC_1;I_AC_2;I_AC_3;P_AC_1;P_AC_2;P_AC_3;F_AC_1;F_AC_2;F_AC_3;R_DC;PC;PCS;PCS_LL;COS_PHI;COS_PHI_LL;S_COS_PHI;Current_Day_Energy;current_Day_Offset;ccEnergyOfDay_WithoutOffset
60;2014-08-31 16:01:00;909402N262;3734;15.736;46;234;234;233;235;5.393;49.99;540.3;3.251;602.3;1.523;776.2;1.438;60;0;0;5.349;5.400;5.430;1233;1242;1258;49.99;49.99;49.99;6084;1000;0.0;0;0.0000;0;0;15736;15736;15736
60;2014-08-31 16:02:00;909402N262;4342;15.808;46;234;234;233;235;6.251;50.00;540.2;3.788;619.0;1.722;778.2;1.653;60;0;0;6.194;6.264;6.295;1432;1443;1464;50.00;50.00;50.00;6084;1000;0.0;0;0.0000;0;0;15808;15808;15808
60;2014-08-31 16:03:00;909402N262;4820;15.889;46;234;234;233;235;6.923;50.00;538.2;4.203;619.7;1.912;780.0;1.846;60;0;0;6.867;6.935;6.968;1592;1601;1625;50.00;50.00;50.00;6084;1000;0.0;0;0.0000;0;0;15889;15889;15889
60;2014-08-31 16:04:00;909402N262;5161;15.976;46;234;233;234;235;7.407;50.00;536.4;4.517;619.3;2.043;781.0;1.975;60;0;0;7.325;7.434;7.464;1694;1722;1742;50.00;50.00;50.00;6084;1000;0.0;0;0.0000;0;0;15976;15976;15976
60;2014-08-31 16:05:00;909402N262;4435;16.049;46;234;233;233;235;6.389;50.00;537.0;3.877;616.1;1.758;777.8;1.701;60;0;0;6.315;6.417;6.435;1456;1478;1498;50.00;50.00;50.00;6084;1000;0.0;0;0.0000;0;0;16049;16049;16049
60;2014-08-31 16:06:00;909402N262;3580;16.108;46;234;233;233;235;5.182;50.00;539.0;3.135;611.4;1.446;771.5;1.351;60;0;0;5.102;5.223;5.222;1171;1197;1210;50.00;50.00;50.00;6084;1000;0.0;0;0.0000;0;0;16108;16108;16108
60;2014-08-31 16:07:00;909402N262;3691;16.171;46;234;233;233;235;5.342;49.99;543.5;3.219;612.5;1.508;770.0;1.374;60;0;0;5.289;5.362;5.377;1216;1228;1245;49.99;49.99;49.99;6084;1000;0.0;0;0.0000;0;0;16171;16171;16171
60;2014-08-31 16:08:00;909402N262;3757;16.232;46;234;233;233;235;5.430;50.00;542.7;3.263;614.2;1.478;771.4;1.456;60;0;0;5.371;5.449;5.470;1236;1251;1267;50.00;50.00;50.00;6084;1000;0.0;0;0.0000;0;0;16232;16232;16232
60;2014-08-31 16:09:00;909402N262;3922;16.298;46;234;233;233;235;5.659;50.00;542.2;3.434;614.1;1.561;771.4;1.488;60;0;0;5.597;5.684;5.697;1289;1309;1322;50.00;50.00;50.00;6084;1000;0.0;0;0.0000;0;0;16298;16298;16298
60;2014-08-31 16:10:00;909402N262;4407;16.372;46;234;233;233;235;6.349;50.00;538.5;3.879;615.9;1.743;773.8;1.681;60;0;0;6.287;6.372;6.390;1451;1468;1486;50.00;50.00;50.00;6084;1000;0.0;0;0.0000;0;0;16372;16372;16372
60;2014-08-31 16:11:00;909402N262;4382;16.444;46;234;233;233;235;6.310;50.01;536.8;3.873;616.6;1.735;773.5;1.666;60;0;0;6.240;6.340;6.350;1441;1461;1478;50.01;50.01;50.01;6084;1000;0.0;0;0.0000;0;0;16444;16444;16444
60;2014-08-31 16:12:00;909402N262;4154;16.514;46;234;234;233;235;5.990;50.01;538.2;3.659;615.5;1.652;771.8;1.578;60;0;0;5.927;6.018;6.025;1367;1386;1398;50.01;50.01;50.01;6084;1000;0.0;0;0.0000;0;0;16514;16514;16514
60;2014-08-31 16:13:00;909402N262;4122;16.583;46;234;233;234;235;5.940;50.02;539.2;3.624;615.7;1.639;772.0;1.565;60;0;0;5.881;5.977;5.963;1357;1382;1382;50.02;50.02;50.02;6084;1000;0.0;0;0.0000;0;0;16583;16583;16583
60;2014-08-31 16:14:00;909402N262;4129;16.651;46;234;234;233;235;5.951;50.01;539.2;3.629;615.9;1.641;772.7;1.567;60;0;0;5.892;5.982;5.979;1361;1379;1387;50.01;50.01;50.01;6084;1000;0.0;0;0.0000;0;0;16651;16651;16651
60;2014-08-31 16:15:00;909402N262;4085;16.720;46;234;234;233;235;5.889;50.01;540.0;3.587;616.0;1.624;773.2;1.548;60;0;0;5.822;5.919;5.926;1345;1363;1374;50.01;50.01;50.01;6084;1000;0.0;0;0.0000;0;0;16720;16720;16720
60;2014-08-31 16:16:00;909402N262;4149;16.788;46;234;233;233;234;5.981;50.01;535.8;3.687;603.1;1.677;773.9;1.583;60;0;0;5.922;5.998;6.023;1367;1383;1397;50.01;50.01;50.01;6084;1000;0.0;0;0.0000;0;0;16788;16788;16788
60;2014-08-31 16:17:00;909402N262;4200;16.860;46;234;234;233;235;6.053;50.01;539.3;3.695;616.0;1.669;774.1;1.589;60;0;0;5.993;6.082;6.085;1384;1401;1412;50.01;50.01;50.01;6084;1000;0.0;0;0.0000;0;0;16860;16860;16860
60;2014-08-31 16:18:00;909402N262;4304;16.930;46;234;234;233;235;6.200;50.02;538.3;3.798;616.9;1.709;774.5;1.625;60;0;0;6.139;6.231;6.230;1418;1437;1447;50.02;50.02;50.02;6084;1000;0.0;0;0.0000;0;0;16930;16930;16930
60;2014-08-31 16:19:00;909402N262;4047;16.997;46;234;234;234;235;5.834;50.01;541.1;3.540;615.4;1.614;777.9;1.524;60;0;0;5.770;5.873;5.859;1332;1355;1358;50.01;50.01;50.01;6084;1000;0.0;0;0.0000;0;0;16997;16997;16997
60;2014-08-31 16:20:00;909402N262;4185;17.067;46;234;234;233;235;6.033;50.01;540.3;3.678;615.9;1.670;779.3;1.568;60;0;0;5.970;6.060;6.071;1378;1396;1409;50.01;50.01;50.01;6084;1000;0.0;0;0.0000;0;0;17067;17067;17067
60;2014-08-31 16:21:00;909402N262;4476;17.142;46;234;233;233;235;6.441;50.02;537.7;3.959;617.3;1.779;784.9;1.666;60;0;0;6.386;6.466;6.472;1476;1494;1504;50.02;50.02;50.02;6084;1000;0.0;0;0.0000;0;0;17142;17142;17142
60;2014-08-31 16:22:00;909402N262;4694;17.220;46;234;234;233;235;6.748;50.01;535.2;4.179;617.4;1.866;777.2;1.760;60;0;0;6.689;6.780;6.777;1549;1567;1577;50.01;50.01;50.01;6084;1000;0.0;0;0.0000;0;0;17220;17220;17220
60;2014-08-31 16:23:00;909402N262;4563;17.297;46;234;234;234;235;6.561;50.02;534.0;4.062;616.6;1.817;772.6;1.722;60;0;0;6.499;6.600;6.584;1504;1527;1530;50.02;50.02;50.02;6084;1000;0.0;0;0.0000;0;0;17297;17297;17297
60;2014-08-31 16:24:00;909402N262;4336;17.369;47;234;234;233;235;6.246;50.01;533.8;3.855;615.9;1.733;778.2;1.626;60;0;0;6.186;6.274;6.279;1429;1446;1459;50.01;50.01;50.01;6084;1000;0.0;0;0.0000;0;0;17369;17369;17369
60;2014-08-31 16:25:00;909402N262;4003;17.436;47;234;233;233;235;5.782;50.02;534.7;3.539;614.3;1.606;776.4;1.508;60;0;0;5.707;5.822;5.819;1311;1340;1350;50.02;50.02;50.02;6084;1000;0.0;0;0.0000;0;0;17436;17436;17436
60;2014-08-31 16:26:00;909402N262;3557;17.495;47;234;233;234;235;5.147;50.01;538.2;3.112;612.4;1.433;776.5;1.341;60;0;0;5.070;5.190;5.183;1163;1192;1199;50.01;50.01;50.01;6084;1000;0.0;0;0.0000;0;0;17495;17495;17495
60;2014-08-31 16:27:00;909402N262;3263;17.549;47;234;233;233;235;4.735;50.01;540.6;2.837;611.1;1.323;773.3;1.233;60;0;0;4.669;4.769;4.769;1070;1090;1100;50.01;50.01;50.01;6084;1000;0.0;0;0.0000;0;0;17549;17549;17549
60;2014-08-31 16:28:00;909402N262;2967;17.599;47;233;233;232;235;4.319;50.01;543.5;2.558;610.3;1.209;769.7;1.124;60;0;0;4.257;4.338;4.362;974;986;1004;50.01;50.01;50.01;6084;1000;0.0;0;0.0000;0;0;17599;17599;17599
60;2014-08-31 16:29:00;909402N262;2607;17.641;47;233;233;232;235;3.812;50.00;537.5;2.262;608.7;1.075;766.9;0.986;60;0;0;3.744;3.833;3.859;853;866;886;50.00;50.00;50.00;6084;1000;0.0;0;0.0000;0;0;17641;17641;17641
60;2014-08-31 16:30:00;909402N262;2434;17.683;47;233;233;232;235;3.563;50.01;527.5;2.157;608.3;1.008;766.6;0.915;60;0;0;3.498;3.587;3.604;795;812;825;50.01;50.01;50.01;6084;1000;0.0;0;0.0000;0;0;17683;17683;17683
60;2014-08-31 16:31:00;909402N262;2452;17.724;46;233;233;233;234;3.566;50.00;526.2;2.183;598.5;1.023;765.3;0.922;60;0;0;3.504;3.595;3.601;800;823;827;50.00;50.00;50.00;6084;1000;0.0;0;0.0000;0;0;17724;17724;17724
60;2014-08-31 16:32:00;909402N262;2746;17.769;46;234;233;233;235;3.998;50.01;530.2;2.451;612.6;1.113;773.8;1.021;60;0;0;3.938;4.027;4.031;900;918;926;50.01;50.01;50.01;6084;1000;0.0;0;0.0000;0;0;17769;17769;17769
60;2014-08-31 16:33:00;909402N262;3209;17.823;46;234;233;233;235;4.655;50.00;539.6;2.840;615.7;1.284;776.2;1.184;60;0;0;4.592;4.679;4.694;1052;1073;1082;50.00;50.00;50.00;6084;1000;0.0;0;0.0000;0;0;17823;17823;17823
60;2014-08-31 16:34:00;909402N262;4276;17.894;46;234;234;233;235;6.159;50.01;543.7;3.815;620.9;1.683;755.8;1.602;60;0;0;6.087;6.191;6.199;1405;1429;1441;50.01;50.01;50.01;6084;1000;0.0;0;0.0000;0;0;17894;17894;17894
60;2014-08-31 16:35:00;909402N262;4388;17.967;46;234;233;234;235;6.315;50.01;542.0;3.919;621.1;1.723;754.0;1.655;60;0;0;6.240;6.352;6.355;1440;1469;1477;50.01;50.01;50.01;6084;1000;0.0;0;0.0000;0;0;17967;17967;17967
60;2014-08-31 16:36:00;909402N262;4083;18.035;46;234;234;234;235;5.884;50.02;542.1;3.627;620.1;1.604;765.1;1.531;60;0;0;5.810;5.936;5.906;1340;1371;1370;50.02;50.02;50.02;6084;1000;0.0;0;0.0000;0;0;18035;18035;18035
60;2014-08-31 16:37:00;909402N262;3372;18.091;46;234;233;234;235;4.884;50.01;545.3;2.937;616.7;1.338;768.3;1.273;60;0;0;4.804;4.936;4.912;1099;1136;1134;50.01;50.01;50.01;6084;1000;0.0;0;0.0000;0;0;18091;18091;18091
60;2014-08-31 16:38:00;909402N262;2626;18.134;46;234;233;234;234;3.833;50.01;550.7;2.229;612.1;1.067;771.4;0.992;60;0;0;3.759;3.878;3.862;854;885;885;50.01;50.01;50.01;6084;1000;0.0;0;0.0000;0;0;18134;18134;18134
60;2014-08-31 16:39:00;909402N262;2630;18.178;46;233;233;234;234;3.838;50.00;550.1;2.236;613.2;1.068;772.7;0.991;60;0;0;3.768;3.879;3.868;856;886;886;50.00;50.00;50.00;6084;1000;0.0;0;0.0000;0;0;18178;18178;18178
60;2014-08-31 16:40:00;909402N262;2749;18.225;46;234;233;234;234;4.006;49.99;546.3;2.356;614.8;1.109;775.0;1.036;60;0;0;3.931;4.054;4.035;896;926;926;49.99;49.99;49.99;6084;1000;0.0;0;0.0000;0;0;18225;18225;18225
60;2014-08-31 16:41:00;909402N262;2311;18.264;46;234;233;234;234;3.384;50.01;547.6;1.952;612.4;0.953;769.0;0.874;60;0;0;3.318;3.422;3.413;753;777;779;50.01;50.01;50.01;6084;1000;0.0;0;0.0000;0;0;18264;18264;18264
60;2014-08-31 16:42:00;909402N262;2170;18.299;46;234;233;233;234;3.185;49.99;547.7;1.824;611.8;0.905;768.0;0.822;60;0;0;3.124;3.222;3.211;708;729;730;49.99;49.99;49.99;6084;1000;0.0;0;0.0000;0;0;18299;18299;18299
60;2014-08-31 16:43:00;909402N262;2076;18.333;46;234;233;233;234;3.057;50.01;549.1;1.733;611.8;0.873;766.4;0.788;60;0;0;2.996;3.092;3.085;676;698;700;50.01;50.01;50.01;6084;1000;0.0;0;0.0000;0;0;18333;18333;18333
60;2014-08-31 16:44:00;909402N262;2046;18.368;46;233;233;233;233;3.022;49.99;551.1;1.698;611.6;0.863;767.0;0.776;60;0;0;2.957;3.064;3.046;666;691;688;49.99;49.99;49.99;6084;1000;0.0;0;0.0000;0;0;18368;18368;18368
60;2014-08-31 16:45:00;909402N262;1966;18.400;46;233;233;233;233;2.912;49.99;551.9;1.624;611.2;0.831;766.0;0.748;60;0;0;2.849;2.965;2.923;640;666;658;49.99;49.99;49.99;6084;1000;0.0;0;0.0000;0;0;18400;18400;18400
60;2014-08-31 16:46:00;909402N262;1801;18.430;46;233;233;233;233;2.682;50.00;529.6;1.555;595.7;0.788;749.4;0.699;60;0;0;2.632;2.734;2.682;587;613;600;50.00;50.00;50.00;6084;1000;0.0;0;0.0000;0;0;18430;18430;18430
60;2014-08-31 16:47:00;909402N262;1657;18.458;46;233;233;233;233;2.497;50.01;535.8;1.412;607.6;0.719;740.8;0.640;60;0;0;2.450;2.531;2.512;540;559;556;50.01;50.01;50.01;6084;1000;0.0;0;0.0000;0;0;18458;18458;18458
60;2014-08-31 16:48:00;909402N262;1565;18.485;46;233;233;233;233;2.370;50.00;547.5;1.310;607.2;0.680;739.0;0.598;60;0;0;2.314;2.413;2.385;507;531;525;50.00;50.00;50.00;6084;1000;0.0;0;0.0000;0;0;18485;18485;18485
60;2014-08-31 16:49:00;909402N262;1517;18.510;46;233;232;233;233;2.306;50.01;544.9;1.284;607.3;0.658;739.8;0.574;60;0;0;2.249;2.344;2.325;489;514;512;50.01;50.01;50.01;6084;1000;0.0;0;0.0000;0;0;18510;18510;18510
60;2014-08-31 16:50:00;909402N262;1475;18.535;46;233;232;233;233;2.246;50.01;543.7;1.256;608.1;0.636;742.3;0.554;60;0;0;2.190;2.285;2.265;476;500;497;50.01;50.01;50.01;6084;1000;0.0;0;0.0000;0;0;18535;18535;18535
60;2014-08-31 16:51:00;909402N262;1417;18.559;46;233;233;233;234;2.157;50.01;543.2;1.209;607.1;0.612;754.4;0.524;60;0;0;2.103;2.197;2.171;457;480;477;50.01;50.01;50.01;6084;1000;0.0;0;0.0000;0;0;18559;18559;18559
60;2014-08-31 16:52:00;909402N262;1369;18.581;46;233;233;233;234;2.089;50.01;545.2;1.163;607.6;0.589;756.4;0.506;60;0;0;2.038;2.126;2.105;442;464;462;50.01;50.01;50.01;6084;1000;0.0;0;0.0000;0;0;18581;18581;18581
60;2014-08-31 16:53:00;909402N262;1340;18.603;46;233;233;233;234;2.050;50.01;546.8;1.134;608.1;0.575;746.9;0.503;60;0;0;1.999;2.090;2.062;432;455;451;50.01;50.01;50.01;6084;1000;0.0;0;0.0000;0;0;18603;18603;18603
60;2014-08-31 16:54:00;909402N262;1357;18.627;46;233;233;233;234;2.070;50.00;546.5;1.151;609.6;0.578;757.2;0.504;60;0;0;2.020;2.108;2.082;439;460;456;50.00;50.00;50.00;6084;1000;0.0;0;0.0000;0;0;18627;18627;18627
60;2014-08-31 16:55:00;909402N262;1401;18.650;46;235;234;234;235;2.119;50.01;547.2;1.184;611.0;0.593;760.9;0.520;60;0;0;2.069;2.157;2.132;454;475;471;50.01;50.01;50.01;6084;1000;0.0;0;0.0000;0;0;18650;18650;18650
60;2014-08-31 16:56:00;909402N262;1431;18.674;46;236;236;236;237;2.154;50.01;547.9;1.203;612.4;0.604;749.4;0.541;60;0;0;2.097;2.202;2.165;461;487;480;50.01;50.01;50.01;6084;1000;0.0;0;0.0000;0;0;18674;18674;18674
60;2014-08-31 16:57:00;909402N262;1429;18.698;46;236;236;236;236;2.156;50.01;547.1;1.202;612.6;0.604;746.2;0.544;60;0;0;2.100;2.204;2.165;461;487;479;50.01;50.01;50.01;6084;1000;0.0;0;0.0000;0;0;18698;18698;18698
60;2014-08-31 16:58:00;909402N262;1424;18.721;46;236;236;236;237;2.148;50.02;545.9;1.200;612.6;0.603;745.3;0.541;60;0;0;2.098;2.188;2.158;460;483;478;50.02;50.02;50.02;6084;1000;0.0;0;0.0000;0;0;18721;18721;18721
60;2014-08-31 16:59:00;909402N262;1416;18.745;45;236;236;237;237;2.136;50.04;545.4;1.195;612.5;0.601;745.7;0.537;60;0;0;2.084;2.175;2.151;457;481;476;50.04;50.04;50.04;6084;1000;0.0;0;0.0000;0;0;18745;18745;18745
60;2014-08-31 17:00:00;909402N262;1410;18.768;45;236;236;237;237;2.127;50.03;545.4;1.188;612.4;0.601;744.5;0.535;60;0;0;2.075;2.168;2.139;455;479;474;50.03;50.03;50.03;6084;1000;0.0;0;0.0000;0;0;18768;18768;18768
[wr_ende]
