20140128;170004;danfoss;My Plant;+0100
[wr_def_start]
909402N262;Inverter Type;Inverter Group;Hanzl
[wr_def_end]
[wr]
INTERVAL;TIMESTAMP;SERIAL;P_AC;E_DAY;T_WR;U_AC;U_AC_1;U_AC_2;U_AC_3;I_AC;F_AC;U_DC_1;I_DC_1;U_DC_2;I_DC_2;U_DC_3;I_DC_3;S;E_WR;M_WR;I_AC_1;I_AC_2;I_AC_3;P_AC_1;P_AC_2;P_AC_3;F_AC_1;F_AC_2;F_AC_3;R_DC;PC;PCS;PCS_LL;COS_PHI;COS_PHI_LL;S_COS_PHI;Current_Day_Energy;current_Day_Offset;ccEnergyOfDay_WithoutOffset
60;2014-01-28 16:01:00;909402N262;0;2.638;26;232;231;232;233;0.054;50.00;252.4;0.007;333.9;0.000;335.8;0.002;60;0;0;0.008;0.047;0.107;0;3;0;50.00;50.00;50.00;13704;1000;0.0;0;0.0000;0;0;2638;2638;2638
60;2014-01-28 16:02:00;909402N262;0;2.638;26;232;231;232;233;0.019;50.02;256.0;0.004;311.7;0.000;279.5;0.003;60;0;0;0.002;0.000;0.055;0;0;0;50.02;50.02;50.02;13704;1000;0.0;0;0.0000;0;0;2638;2638;2638
60;2014-01-28 16:03:00;909402N262;0;2.638;26;232;232;233;233;0.014;50.03;327.0;0.001;312.2;0.000;310.6;0.003;80;0;0;0.004;0.000;0.038;0;0;0;50.03;50.03;50.03;13704;1000;0.0;0;0.0000;0;0;2638;2638;2638
60;2014-01-28 16:04:00;909402N262;0;2.638;26;232;232;234;231;0.000;50.03;452.4;0.000;334.6;0.000;393.0;0.002;50;0;0;0.000;0.000;0.000;0;0;0;50.03;50.03;50.03;13704;1000;0.0;0;0.0000;0;0;2638;2638;2638
60;2014-01-28 16:05:00;909402N262;0;2.638;25;232;232;234;231;0.000;50.03;452.0;0.000;320.3;0.000;393.8;0.002;50;0;0;0.000;0.000;0.000;0;0;0;50.03;50.03;50.03;13704;1000;0.0;0;0.0000;0;0;2638;2638;2638
60;2014-01-28 16:06:00;909402N262;0;2.638;25;232;232;234;231;0.000;50.02;445.5;0.000;321.9;0.000;384.9;0.002;50;0;0;0.000;0.000;0.000;0;0;0;50.02;50.02;50.02;13704;1000;0.0;0;0.0000;0;0;2638;2638;2638
60;2014-01-28 16:07:00;909402N262;0;2.638;25;232;232;234;231;0.000;50.03;407.9;0.000;318.2;0.000;381.0;0.000;50;0;0;0.000;0.000;0.000;0;0;0;50.02;50.03;50.03;13704;1000;0.0;0;0.0000;0;0;2638;2638;2638
60;2014-01-28 16:08:00;909402N262;0;2.638;25;232;231;234;231;0.000;50.02;291.1;0.001;279.3;0.000;290.8;0.001;50;0;0;0.000;0.000;0.000;0;0;0;50.02;50.02;50.02;13704;1000;0.0;0;0.0000;0;0;2638;2638;2638
60;2014-01-28 16:09:00;909402N262;0;2.638;24;232;231;234;231;0.000;50.03;240.8;0.001;240.2;0.000;240.8;0.000;50;0;0;0.000;0.000;0.000;0;0;0;50.03;50.03;50.03;13704;1000;0.0;0;0.0000;0;0;2638;2638;2638
60;2014-01-28 16:10:00;909402N262;0;2.638;24;232;231;234;231;0.000;50.02;237.6;0.000;237.0;0.000;237.7;0.000;50;0;0;0.000;0.000;0.000;0;0;0;50.02;50.02;50.02;13704;1000;0.0;0;0.0000;0;0;2638;2638;2638
60;2014-01-28 16:11:00;909402N262;0;2.638;24;232;231;234;231;0.000;50.02;235.8;0.000;235.2;0.000;235.8;0.000;50;0;0;0.000;0.000;0.000;0;0;0;50.02;50.02;50.02;13704;1000;0.0;0;0.0000;0;0;2638;2638;2638
60;2014-01-28 16:12:00;909402N262;0;2.638;23;232;231;234;231;0.000;50.02;234.1;0.000;233.5;0.000;234.4;0.000;50;0;0;0.000;0.000;0.000;0;0;0;50.02;50.02;50.02;13704;1000;0.0;0;0.0000;0;0;2638;2638;2638
60;2014-01-28 16:13:00;909402N262;0;2.638;23;232;232;234;231;0.000;50.02;234.0;0.000;233.4;0.000;233.8;0.000;50;0;0;0.000;0.000;0.000;0;0;0;50.02;50.02;50.02;13704;1000;0.0;0;0.0000;0;0;2638;2638;2638
60;2014-01-28 16:14:00;909402N262;0;2.638;23;232;233;234;230;0.000;50.01;233.3;0.000;232.7;0.000;233.6;0.000;50;0;0;0.000;0.000;0.000;0;0;0;50.01;50.01;50.01;13704;1000;0.0;0;0.0000;0;0;2638;2638;2638
60;2014-01-28 16:15:00;909402N262;0;2.638;23;232;233;234;231;0.000;50.03;232.5;0.000;231.9;0.000;232.6;0.000;50;0;0;0.000;0.000;0.000;0;0;0;50.03;50.03;50.03;13704;1000;0.0;0;0.0000;0;0;2638;2638;2638
60;2014-01-28 16:16:00;909402N262;0;2.638;22;232;233;234;230;0.000;50.02;231.4;0.000;230.8;0.000;231.8;0.000;50;0;0;0.000;0.000;0.000;0;0;0;50.02;50.02;50.02;13704;1000;0.0;0;0.0000;0;0;2638;2638;2638
60;2014-01-28 16:17:00;909402N262;0;2.638;22;232;232;234;230;0.000;50.02;232.1;0.000;231.5;0.000;232.8;0.000;50;0;0;0.000;0.000;0.000;0;0;0;50.02;50.02;50.02;13704;1000;0.0;0;0.0000;0;0;2638;2638;2638
60;2014-01-28 16:18:00;909402N262;0;2.638;22;232;232;234;229;0.000;50.01;232.0;0.000;231.4;0.000;232.0;0.000;50;0;0;0.000;0.000;0.000;0;0;0;50.01;50.01;50.01;13704;1000;0.0;0;0.0000;0;0;2638;2638;2638
60;2014-01-28 16:19:00;909402N262;0;2.638;22;232;231;234;230;0.000;50.01;232.4;0.000;231.8;0.000;232.0;0.000;50;0;0;0.000;0.000;0.000;0;0;0;50.01;50.01;50.01;13704;1000;0.0;0;0.0000;0;0;2638;2638;2638
60;2014-01-28 16:20:00;909402N262;0;2.638;22;232;231;233;230;0.000;50.00;232.3;0.000;231.7;0.000;233.0;0.000;50;0;0;0.000;0.000;0.000;0;0;0;50.00;50.00;50.00;13704;1000;0.0;0;0.0000;0;0;2638;2638;2638
60;2014-01-28 16:21:00;909402N262;0;2.638;22;232;232;234;231;0.000;50.01;233.4;0.000;232.9;0.000;233.5;0.000;50;0;0;0.000;0.000;0.000;0;0;0;50.01;50.01;50.01;13704;1000;0.0;0;0.0000;0;0;2638;2638;2638
60;2014-01-28 16:22:00;909402N262;0;2.638;22;232;232;234;230;0.000;50.01;232.2;0.000;231.7;0.000;232.2;0.000;50;0;0;0.000;0.000;0.000;0;0;0;50.01;50.01;50.01;13704;1000;0.0;0;0.0000;0;0;2638;2638;2638
60;2014-01-28 16:23:00;909402N262;0;2.638;22;232;232;234;231;0.000;50.01;232.1;0.000;231.6;0.000;232.3;0.000;50;0;0;0.000;0.000;0.000;0;0;0;50.01;50.01;50.01;13704;1000;0.0;0;0.0000;0;0;2638;2638;2638
60;2014-01-28 16:24:00;909402N262;0;2.638;22;232;232;234;231;0.000;50.00;230.7;0.000;230.1;0.000;230.3;0.000;50;0;0;0.000;0.000;0.000;0;0;0;50.00;50.00;50.00;13704;1000;0.0;0;0.0000;0;0;2638;2638;2638
60;2014-01-28 16:25:00;909402N262;0;2.638;22;232;232;233;231;0.000;49.99;229.5;0.000;228.9;0.000;229.5;0.000;50;0;0;0.000;0.000;0.000;0;0;0;49.99;49.99;49.99;13704;1000;0.0;0;0.0000;0;0;2638;2638;2638
60;2014-01-28 16:26:00;909402N262;0;2.638;22;232;232;234;231;0.000;50.00;229.3;0.000;228.7;0.000;229.3;0.000;50;0;0;0.000;0.000;0.000;0;0;0;50.00;50.00;50.00;13704;1000;0.0;0;0.0000;0;0;2638;2638;2638
60;2014-01-28 16:27:00;909402N262;0;2.638;22;232;232;234;231;0.000;50.00;229.0;0.000;228.4;0.000;229.4;0.000;50;0;0;0.000;0.000;0.000;0;0;0;50.00;50.00;50.00;13704;1000;0.0;0;0.0000;0;0;2638;2638;2638
60;2014-01-28 16:28:00;909402N262;0;2.638;22;232;232;234;231;0.000;50.01;228.4;0.000;227.8;0.000;228.4;0.000;50;0;0;0.000;0.000;0.000;0;0;0;50.01;50.01;50.01;13704;1000;0.0;0;0.0000;0;0;2638;2638;2638
60;2014-01-28 16:29:00;909402N262;0;2.638;22;232;231;234;231;0.000;50.01;227.7;0.000;227.2;0.000;228.7;0.000;50;0;0;0.000;0.000;0.000;0;0;0;50.01;50.01;50.01;13704;1000;0.0;0;0.0000;0;0;2638;2638;2638
60;2014-01-28 16:30:00;909402N262;0;2.638;22;232;231;234;231;0.000;50.01;228.0;0.000;227.5;0.000;228.2;0.000;50;0;0;0.000;0.000;0.000;0;0;0;50.01;50.01;50.01;13704;1000;0.0;0;0.0000;0;0;2638;2638;2638
60;2014-01-28 16:31:00;909402N262;0;2.638;21;232;231;233;231;0.000;50.01;226.4;0.000;225.9;0.000;226.7;0.000;50;0;0;0.000;0.000;0.000;0;0;0;50.01;50.01;50.01;13704;1000;0.0;0;0.0000;0;0;2638;2638;2638
60;2014-01-28 16:32:00;909402N262;0;2.638;21;232;231;234;231;0.000;49.99;227.4;0.000;226.8;0.000;227.9;0.000;50;0;0;0.000;0.000;0.000;0;0;0;49.99;49.99;49.99;13704;1000;0.0;0;0.0000;0;0;2638;2638;2638
60;2014-01-28 16:33:00;909402N262;0;2.638;21;232;231;234;231;0.000;49.99;239.5;0.000;238.9;0.000;239.5;0.000;50;0;0;0.000;0.000;0.000;0;0;0;49.99;49.99;49.99;13704;1000;0.0;0;0.0000;0;0;2638;2638;2638
60;2014-01-28 16:34:00;909402N262;0;2.638;21;232;232;234;231;0.000;50.01;239.1;0.000;238.5;0.000;239.1;0.000;50;0;0;0.000;0.000;0.000;0;0;0;50.01;50.01;50.01;13704;1000;0.0;0;0.0000;0;0;2638;2638;2638
60;2014-01-28 16:35:00;909402N262;0;2.638;21;232;232;234;231;0.000;50.01;238.7;0.000;238.1;0.000;238.7;0.000;50;0;0;0.000;0.000;0.000;0;0;0;50.01;50.01;50.01;13704;1000;0.0;0;0.0000;0;0;2638;2638;2638
60;2014-01-28 16:36:00;909402N262;0;2.638;21;232;232;233;231;0.000;50.00;237.6;0.000;237.0;0.000;237.7;0.000;50;0;0;0.000;0.000;0.000;0;0;0;50.00;50.00;50.00;13704;1000;0.0;0;0.0000;0;0;2638;2638;2638
60;2014-01-28 16:37:00;909402N262;0;2.638;21;232;232;234;231;0.000;50.00;236.1;0.000;235.5;0.000;236.1;0.000;50;0;0;0.000;0.000;0.000;0;0;0;50.00;50.00;50.00;13704;1000;0.0;0;0.0000;0;0;2638;2638;2638
60;2014-01-28 16:38:00;909402N262;0;2.638;21;232;232;234;231;0.000;50.00;234.3;0.000;233.7;0.000;233.8;0.000;50;0;0;0.000;0.000;0.000;0;0;0;50.00;50.00;50.00;13704;1000;0.0;0;0.0000;0;0;2638;2638;2638
60;2014-01-28 16:39:00;909402N262;0;2.638;21;232;231;234;231;0.000;49.99;233.5;0.000;233.0;0.000;233.1;0.000;50;0;0;0.000;0.000;0.000;0;0;0;49.99;49.99;49.99;13704;1000;0.0;0;0.0000;0;0;2638;2638;2638
60;2014-01-28 16:40:00;909402N262;0;2.638;21;232;230;234;231;0.000;50.00;231.6;0.000;231.1;0.000;231.7;0.000;50;0;0;0.000;0.000;0.000;0;0;0;50.00;50.00;50.00;13704;1000;0.0;0;0.0000;0;0;2638;2638;2638
60;2014-01-28 16:41:00;909402N262;0;2.638;21;232;230;234;231;0.000;50.00;229.8;0.000;229.2;0.000;229.4;0.000;50;0;0;0.000;0.000;0.000;0;0;0;50.00;50.00;50.00;13704;1000;0.0;0;0.0000;0;0;2638;2638;2638
60;2014-01-28 16:42:00;909402N262;0;2.638;21;231;231;233;231;0.000;50.00;227.2;0.000;226.7;0.000;227.3;0.000;50;0;0;0.000;0.000;0.000;0;0;0;50.00;50.00;50.00;13704;1000;0.0;0;0.0000;0;0;2638;2638;2638
60;2014-01-28 16:43:00;909402N262;0;2.638;21;231;231;232;230;0.000;49.99;227.4;0.000;226.8;0.000;227.4;0.000;50;0;0;0.000;0.000;0.000;0;0;0;49.99;49.99;49.99;13704;1000;0.0;0;0.0000;0;0;2638;2638;2638
60;2014-01-28 16:44:00;909402N262;0;2.638;21;231;231;232;230;0.000;49.99;233.2;0.000;232.7;0.000;233.3;0.000;50;0;0;0.000;0.000;0.000;0;0;0;49.99;49.99;49.99;13704;1000;0.0;0;0.0000;0;0;2638;2638;2638
60;2014-01-28 16:45:00;909402N262;0;2.638;21;231;232;233;230;0.000;49.98;231.5;0.000;231.0;0.000;232.6;0.000;50;0;0;0.000;0.000;0.000;0;0;0;49.98;49.98;49.98;13704;1000;0.0;0;0.0000;0;0;2638;2638;2638
60;2014-01-28 16:46:00;909402N262;0;2.638;21;232;232;233;231;0.000;49.99;228.9;0.000;228.4;0.000;229.9;0.000;50;0;0;0.000;0.000;0.000;0;0;0;49.99;49.98;49.98;13704;1000;0.0;0;0.0000;0;0;2638;2638;2638
60;2014-01-28 16:47:00;909402N262;0;2.638;21;232;232;233;230;0.000;50.00;228.0;0.000;227.4;0.000;228.5;0.000;50;0;0;0.000;0.000;0.000;0;0;0;50.00;50.00;50.00;13704;1000;0.0;0;0.0000;0;0;2638;2638;2638
60;2014-01-28 16:48:00;909402N262;0;2.638;21;232;231;233;231;0.000;49.99;229.4;0.000;228.9;0.000;230.3;0.000;50;0;0;0.000;0.000;0.000;0;0;0;49.99;49.99;49.99;13704;1000;0.0;0;0.0000;0;0;2638;2638;2638
60;2014-01-28 16:49:00;909402N262;0;2.638;21;231;231;233;231;0.000;49.99;229.3;0.000;228.8;0.000;229.3;0.000;50;0;0;0.000;0.000;0.000;0;0;0;49.99;49.99;49.99;13704;1000;0.0;0;0.0000;0;0;2638;2638;2638
60;2014-01-28 16:50:00;909402N262;0;2.638;21;231;230;233;230;0.000;49.99;228.2;0.000;227.7;0.000;228.3;0.000;50;0;0;0.000;0.000;0.000;0;0;0;49.99;49.99;49.99;13704;1000;0.0;0;0.0000;0;0;2638;2638;2638
60;2014-01-28 16:51:00;909402N262;0;2.638;21;231;230;233;230;0.000;50.00;229.2;0.000;228.7;0.000;230.5;0.000;50;0;0;0.000;0.000;0.000;0;0;0;50.00;50.00;50.00;13704;1000;0.0;0;0.0000;0;0;2638;2638;2638
60;2014-01-28 16:52:00;909402N262;0;2.638;21;231;230;233;229;0.000;49.99;226.5;0.000;226.0;0.000;226.6;0.000;50;0;0;0.000;0.000;0.000;0;0;0;49.99;49.99;49.99;13704;1000;0.0;0;0.0000;0;0;2638;2638;2638
60;2014-01-28 16:53:00;909402N262;0;2.638;21;231;231;232;230;0.000;50.00;228.6;0.000;228.0;0.000;228.5;0.000;50;0;0;0.000;0.000;0.000;0;0;0;50.00;50.00;50.00;13704;1000;0.0;0;0.0000;0;0;2638;2638;2638
60;2014-01-28 16:54:00;909402N262;0;2.638;21;231;231;232;230;0.000;49.99;228.2;0.000;227.7;0.000;228.2;0.000;50;0;0;0.000;0.000;0.000;0;0;0;49.99;49.99;49.99;13704;1000;0.0;0;0.0000;0;0;2638;2638;2638
60;2014-01-28 16:55:00;909402N262;0;2.638;21;231;230;232;229;0.000;50.00;227.6;0.000;226.3;0.000;227.6;0.000;50;0;0;0.000;0.000;0.000;0;0;0;50.00;50.00;50.00;13704;1000;0.0;0;0.0000;0;0;2638;2638;2638
60;2014-01-28 16:56:00;909402N262;0;2.638;21;231;230;232;229;0.000;49.99;228.8;0.000;221.4;0.000;228.7;0.000;50;0;0;0.000;0.000;0.000;0;0;0;49.99;49.99;49.99;13704;1000;0.0;0;0.0000;0;0;2638;2638;2638
60;2014-01-28 16:57:00;909402N262;0;2.638;21;231;230;232;229;0.000;50.01;227.5;0.000;210.8;0.000;227.5;0.000;50;0;0;0.000;0.000;0.000;0;0;0;50.01;50.01;50.01;13704;1000;0.0;0;0.0000;0;0;2638;2638;2638
60;2014-01-28 16:58:00;909402N262;0;2.638;20;231;231;232;229;0.000;49.99;230.2;0.000;199.1;0.000;230.2;0.000;50;0;0;0.000;0.000;0.000;0;0;0;49.99;49.99;49.99;13704;1000;0.0;0;0.0000;0;0;2638;2638;2638
60;2014-01-28 16:59:00;909402N262;0;2.638;20;231;231;232;229;0.000;50.01;228.5;0.000;187.3;0.000;228.1;0.000;50;0;0;0.000;0.000;0.000;0;0;0;50.01;50.01;50.01;13704;1000;0.0;0;0.0000;0;0;2638;2638;2638
60;2014-01-28 17:00:00;909402N262;0;2.638;20;231;231;232;230;0.000;50.02;229.5;0.000;177.2;0.000;225.5;0.000;50;0;0;0.000;0.000;0.000;0;0;0;50.02;50.02;50.02;13704;1000;0.0;0;0.0000;0;0;2638;2638;2638
[wr_ende]
