20140320;150003;danfoss;My Plant;+0100
[wr_def_start]
909402N262;Inverter Type;Inverter Group;Hanzl
[wr_def_end]
[wr]
INTERVAL;TIMESTAMP;SERIAL;P_AC;E_DAY;T_WR;U_AC;U_AC_1;U_AC_2;U_AC_3;I_AC;F_AC;U_DC_1;I_DC_1;U_DC_2;I_DC_2;U_DC_3;I_DC_3;S;E_WR;M_WR;I_AC_1;I_AC_2;I_AC_3;P_AC_1;P_AC_2;P_AC_3;F_AC_1;F_AC_2;F_AC_3;R_DC;PC;PCS;PCS_LL;COS_PHI;COS_PHI_LL;S_COS_PHI;Current_Day_Energy;current_Day_Offset;ccEnergyOfDay_WithoutOffset
60;2014-03-20 14:01:00;909402N262;9941;44.479;50;235;235;235;236;14.082;49.99;499.0;8.023;599.7;4.278;741.5;4.795;60;0;0;14.041;14.070;14.135;3303;3300;3336;49.99;49.99;49.99;11691;1000;0.0;0;0.0000;0;0;44479;44479;44479
60;2014-03-20 14:02:00;909402N262;8528;44.620;50;235;235;235;236;12.104;49.97;505.7;6.832;612.2;3.622;739.6;4.055;60;0;0;12.035;12.130;12.149;2825;2844;2858;49.97;49.97;49.97;11691;1000;0.0;0;0.0000;0;0;44620;44620;44620
60;2014-03-20 14:03:00;909402N262;8286;44.758;50;235;235;235;236;11.752;49.97;510.8;6.594;614.1;3.514;742.4;3.904;60;0;0;11.675;11.806;11.776;2742;2775;2768;49.97;49.97;49.97;11691;1000;0.0;0;0.0000;0;0;44758;44758;44758
60;2014-03-20 14:04:00;909402N262;9306;44.913;50;236;236;236;236;13.176;49.97;510.6;7.385;617.4;3.932;747.3;4.374;60;0;0;13.109;13.220;13.201;3085;3115;3106;49.97;49.97;49.97;11691;1000;0.0;0;0.0000;0;0;44913;44913;44913
60;2014-03-20 14:05:00;909402N262;9167;45.066;50;236;236;236;236;12.975;49.97;512.3;7.256;617.9;3.859;747.9;4.306;60;0;0;12.893;13.022;13.012;3032;3069;3064;49.97;49.97;49.97;11691;1000;0.0;0;0.0000;0;0;45066;45066;45066
60;2014-03-20 14:06:00;909402N262;9392;45.223;50;236;235;236;236;13.298;49.96;512.1;7.436;619.2;3.948;748.5;4.411;60;0;0;13.211;13.355;13.329;3106;3147;3137;49.96;49.96;49.96;11691;1000;0.0;0;0.0000;0;0;45223;45223;45223
60;2014-03-20 14:07:00;909402N262;9478;45.381;50;236;235;236;236;13.424;49.95;511.7;7.507;619.5;3.985;749.3;4.449;60;0;0;13.283;13.525;13.466;3115;3192;3169;49.95;49.95;49.95;11691;1000;0.0;0;0.0000;0;0;45381;45381;45381
60;2014-03-20 14:08:00;909402N262;9708;45.543;50;236;235;236;236;13.729;49.97;511.4;7.688;620.1;4.082;750.5;4.553;60;0;0;13.605;13.801;13.783;3197;3260;3250;49.97;49.97;49.97;11691;1000;0.0;0;0.0000;0;0;45543;45543;45543
60;2014-03-20 14:09:00;909402N262;10082;45.711;50;236;235;236;236;14.259;49.97;511.2;7.966;621.5;4.227;753.1;4.728;60;0;0;14.140;14.318;14.321;3321;3382;3376;49.97;49.97;49.97;11691;1000;0.0;0;0.0000;0;0;45711;45711;45711
60;2014-03-20 14:10:00;909402N262;10066;45.878;50;236;235;236;236;14.242;49.96;510.4;7.961;621.7;4.223;752.2;4.726;60;0;0;14.131;14.285;14.312;3318;3372;3374;49.96;49.96;49.96;11691;1000;0.0;0;0.0000;0;0;45878;45878;45878
60;2014-03-20 14:11:00;909402N262;9945;46.045;50;236;235;236;236;14.081;49.95;508.8;7.895;619.8;4.185;750.3;4.679;60;0;0;13.969;14.135;14.141;3277;3332;3334;49.95;49.95;49.95;11691;1000;0.0;0;0.0000;0;0;46045;46045;46045
60;2014-03-20 14:12:00;909402N262;9818;46.208;50;236;235;236;236;13.891;49.95;508.5;7.807;619.1;4.134;749.2;4.625;60;0;0;13.803;13.909;13.962;3243;3279;3295;49.95;49.95;49.95;11691;1000;0.0;0;0.0000;0;0;46208;46208;46208
60;2014-03-20 14:13:00;909402N262;9552;46.368;50;236;235;236;236;13.504;49.96;508.2;7.600;618.6;4.020;748.4;4.501;60;0;0;13.408;13.521;13.585;3152;3189;3208;49.96;49.96;49.96;11691;1000;0.0;0;0.0000;0;0;46368;46368;46368
60;2014-03-20 14:14:00;909402N262;9724;46.529;50;236;236;237;237;13.726;49.97;509.5;7.722;619.9;4.085;749.8;4.570;60;0;0;13.630;13.755;13.793;3209;3251;3262;49.97;49.97;49.97;11691;1000;0.0;0;0.0000;0;0;46529;46529;46529
60;2014-03-20 14:15:00;909402N262;9946;46.692;50;236;236;237;237;14.036;49.97;509.9;7.891;620.3;4.172;750.9;4.673;60;0;0;13.934;14.069;14.107;3281;3324;3338;49.97;49.97;49.97;11691;1000;0.0;0;0.0000;0;0;46692;46692;46692
60;2014-03-20 14:16:00;909402N262;9786;46.856;50;236;236;236;237;13.831;49.96;506.9;7.857;605.7;4.152;747.4;4.651;60;0;0;13.765;13.829;13.900;3234;3264;3286;49.96;49.96;49.96;11691;1000;0.0;0;0.0000;0;0;46856;46856;46856
60;2014-03-20 14:17:00;909402N262;9764;47.019;50;236;236;236;237;13.788;49.96;513.3;7.717;621.6;4.075;751.7;4.575;60;0;0;13.712;13.801;13.853;3230;3257;3275;49.96;49.96;49.96;11691;1000;0.0;0;0.0000;0;0;47019;47019;47019
60;2014-03-20 14:18:00;909402N262;9881;47.183;50;236;235;236;236;13.965;49.97;512.1;7.822;620.9;4.133;751.6;4.635;60;0;0;13.840;14.027;14.030;3253;3312;3314;49.97;49.97;49.97;11691;1000;0.0;0;0.0000;0;0;47183;47183;47183
60;2014-03-20 14:19:00;909402N262;9692;47.345;50;236;235;236;236;13.709;49.97;511.0;7.687;619.7;4.056;749.7;4.560;60;0;0;13.562;13.791;13.775;3183;3255;3252;49.97;49.97;49.97;11691;1000;0.0;0;0.0000;0;0;47345;47345;47345
60;2014-03-20 14:20:00;909402N262;9373;47.502;50;236;235;236;236;13.255;49.97;511.8;7.437;619.7;3.919;749.5;4.402;60;0;0;13.147;13.300;13.319;3090;3139;3143;49.97;49.97;49.97;11691;1000;0.0;0;0.0000;0;0;47502;47502;47502
60;2014-03-20 14:21:00;909402N262;9250;47.656;50;236;235;236;236;13.087;49.97;511.2;7.354;618.9;3.867;748.3;4.352;60;0;0;12.989;13.128;13.146;3051;3095;3101;49.97;49.97;49.97;11691;1000;0.0;0;0.0000;0;0;47656;47656;47656
60;2014-03-20 14:22:00;909402N262;9007;47.806;50;236;235;236;236;12.758;49.97;510.6;7.169;617.9;3.768;746.7;4.244;60;0;0;12.646;12.817;12.812;2965;3020;3021;49.97;49.97;49.97;11691;1000;0.0;0;0.0000;0;0;47806;47806;47806
60;2014-03-20 14:23:00;909402N262;8951;47.955;50;236;235;236;236;12.662;49.97;510.6;7.126;617.7;3.754;746.4;4.215;60;0;0;12.571;12.698;12.718;2954;2994;3001;49.97;49.97;49.97;11691;1000;0.0;0;0.0000;0;0;47955;47955;47955
60;2014-03-20 14:24:00;909402N262;8897;48.102;50;236;235;236;236;12.598;49.97;510.4;7.085;616.9;3.727;746.5;4.193;60;0;0;12.515;12.639;12.640;2939;2975;2981;49.97;49.97;49.97;11691;1000;0.0;0;0.0000;0;0;48102;48102;48102
60;2014-03-20 14:25:00;909402N262;8902;48.251;50;236;235;236;236;12.600;49.96;510.5;7.090;617.3;3.731;746.6;4.192;60;0;0;12.514;12.635;12.651;2939;2979;2983;49.96;49.96;49.96;11691;1000;0.0;0;0.0000;0;0;48251;48251;48251
60;2014-03-20 14:26:00;909402N262;9315;48.407;50;236;235;236;236;13.186;49.96;508.3;7.442;618.0;3.901;747.1;4.393;60;0;0;13.086;13.237;13.235;3072;3121;3120;49.96;49.96;49.96;11691;1000;0.0;0;0.0000;0;0;48407;48407;48407
60;2014-03-20 14:27:00;909402N262;9546;48.565;50;236;236;236;236;13.499;49.97;506.9;7.639;617.2;4.006;746.6;4.510;60;0;0;13.438;13.539;13.520;3166;3194;3184;49.97;49.97;49.97;11691;1000;0.0;0;0.0000;0;0;48565;48565;48565
60;2014-03-20 14:28:00;909402N262;9673;48.727;50;236;236;236;235;13.681;49.97;506.0;7.750;616.9;4.053;746.2;4.583;60;0;0;13.634;13.734;13.675;3218;3239;3215;49.97;49.97;49.97;11691;1000;0.0;0;0.0000;0;0;48727;48727;48727
60;2014-03-20 14:29:00;909402N262;9314;48.882;50;236;236;236;235;13.188;49.97;507.6;7.450;617.3;3.898;746.0;4.405;60;0;0;13.126;13.259;13.181;3092;3125;3096;49.97;49.97;49.97;11691;1000;0.0;0;0.0000;0;0;48882;48882;48882
60;2014-03-20 14:30:00;909402N262;9342;49.038;50;236;236;236;235;13.225;49.98;508.9;7.460;618.1;3.904;746.8;4.409;60;0;0;13.161;13.295;13.219;3099;3137;3104;49.98;49.98;49.98;11691;1000;0.0;0;0.0000;0;0;49038;49038;49038
60;2014-03-20 14:31:00;909402N262;9078;49.190;50;236;236;236;235;12.847;49.98;504.4;7.333;599.9;3.845;744.6;4.346;60;0;0;12.794;12.915;12.833;3015;3047;3013;49.98;49.98;49.98;11691;1000;0.0;0;0.0000;0;0;49190;49190;49190
60;2014-03-20 14:32:00;909402N262;8268;49.327;50;235;236;236;235;11.719;49.97;509.4;6.613;615.6;3.444;744.0;3.918;60;0;0;11.671;11.788;11.698;2747;2776;2744;49.97;49.97;49.97;11691;1000;0.0;0;0.0000;0;0;49327;49327;49327
60;2014-03-20 14:33:00;909402N262;7611;49.455;50;235;235;236;235;10.800;49.98;511.1;6.086;615.1;3.169;743.0;3.598;60;0;0;10.726;10.883;10.793;2518;2562;2530;49.98;49.98;49.98;11691;1000;0.0;0;0.0000;0;0;49455;49455;49455
60;2014-03-20 14:34:00;909402N262;6274;49.559;50;235;235;235;234;8.922;49.98;513.3;5.023;613.2;2.616;740.6;2.954;60;0;0;8.855;8.991;8.921;2074;2110;2086;49.98;49.98;49.98;11691;1000;0.0;0;0.0000;0;0;49559;49559;49559
60;2014-03-20 14:35:00;909402N262;5855;49.657;50;235;235;235;235;8.326;49.99;516.3;4.679;613.7;2.432;742.1;2.743;60;0;0;8.275;8.375;8.328;1940;1964;1948;49.99;49.99;49.99;11691;1000;0.0;0;0.0000;0;0;49657;49657;49657
60;2014-03-20 14:36:00;909402N262;6625;49.768;49;235;236;236;235;9.395;49.99;520.9;5.248;619.2;2.743;749.7;3.065;60;0;0;9.356;9.428;9.403;2201;2218;2204;49.99;49.99;49.99;11691;1000;0.0;0;0.0000;0;0;49768;49768;49768
60;2014-03-20 14:37:00;909402N262;7444;49.891;49;236;236;236;235;10.544;49.98;524.4;5.859;623.9;3.048;756.0;3.429;60;0;0;10.502;10.578;10.552;2472;2493;2478;49.98;49.98;49.98;11691;1000;0.0;0;0.0000;0;0;49891;49891;49891
60;2014-03-20 14:38:00;909402N262;8540;50.034;49;235;236;236;235;12.095;49.98;522.8;6.715;625.5;3.500;759.3;3.933;60;0;0;12.057;12.122;12.107;2839;2856;2843;49.98;49.98;49.98;11691;1000;0.0;0;0.0000;0;0;50034;50034;50034
60;2014-03-20 14:39:00;909402N262;9054;50.187;49;235;235;235;235;12.847;49.99;520.4;7.120;625.7;3.702;758.4;4.201;60;0;0;12.805;12.860;12.877;3009;3019;3024;49.99;49.99;49.99;11691;1000;0.0;0;0.0000;0;0;50187;50187;50187
60;2014-03-20 14:40:00;909402N262;8273;50.325;49;233;233;233;234;11.829;49.98;519.9;6.514;623.9;3.385;755.6;3.852;60;0;0;11.755;11.849;11.884;2733;2761;2777;49.98;49.98;49.98;11691;1000;0.0;0;0.0000;0;0;50325;50325;50325
60;2014-03-20 14:41:00;909402N262;7640;50.451;49;234;233;234;234;10.901;49.96;520.8;6.033;623.5;3.122;754.7;3.544;60;0;0;10.825;10.925;10.954;2520;2554;2564;49.96;49.96;49.96;11691;1000;0.0;0;0.0000;0;0;50451;50451;50451
60;2014-03-20 14:42:00;909402N262;7571;50.579;49;234;233;234;234;10.808;49.96;522.1;5.974;623.6;3.093;755.2;3.501;60;0;0;10.733;10.833;10.859;2499;2531;2540;49.96;49.96;49.96;11691;1000;0.0;0;0.0000;0;0;50579;50579;50579
60;2014-03-20 14:43:00;909402N262;7465;50.702;49;234;233;234;234;10.662;49.97;522.9;5.888;623.5;3.044;755.0;3.456;60;0;0;10.591;10.693;10.703;2465;2496;2501;49.97;49.97;49.97;11691;1000;0.0;0;0.0000;0;0;50702;50702;50702
60;2014-03-20 14:44:00;909402N262;7751;50.832;49;234;233;234;234;11.057;49.96;523.7;6.104;625.1;3.165;756.5;3.574;60;0;0;10.983;11.084;11.106;2559;2593;2596;49.96;49.96;49.96;11691;1000;0.0;0;0.0000;0;0;50832;50832;50832
60;2014-03-20 14:45:00;909402N262;7932;50.964;49;236;235;236;236;11.223;49.96;523.3;6.240;625.6;3.220;757.7;3.671;60;0;0;11.165;11.247;11.258;2627;2651;2653;49.96;49.96;49.96;11691;1000;0.0;0;0.0000;0;0;50964;50964;50964
60;2014-03-20 14:46:00;909402N262;7511;51.090;49;236;235;236;236;10.632;49.97;520.7;5.974;605.7;3.107;758.8;3.496;60;0;0;10.551;10.666;10.679;2477;2515;2516;49.97;49.97;49.97;11691;1000;0.0;0;0.0000;0;0;51090;51090;51090
60;2014-03-20 14:47:00;909402N262;8023;51.224;49;236;235;236;236;11.374;49.97;523.9;6.310;626.9;3.252;759.4;3.704;60;0;0;11.282;11.427;11.415;2645;2691;2686;49.97;49.97;49.97;11691;1000;0.0;0;0.0000;0;0;51224;51224;51224
60;2014-03-20 14:48:00;909402N262;8491;51.364;49;236;235;237;236;12.011;49.98;522.6;6.689;627.2;3.457;760.1;3.911;60;0;0;11.888;12.086;12.059;2788;2858;2844;49.98;49.98;49.98;11691;1000;0.0;0;0.0000;0;0;51364;51364;51364
60;2014-03-20 14:49:00;909402N262;8670;51.510;49;236;235;237;237;12.251;49.98;520.7;6.840;626.0;3.526;759.4;4.014;60;0;0;12.112;12.331;12.311;2841;2917;2911;49.98;49.98;49.98;11691;1000;0.0;0;0.0000;0;0;51510;51510;51510
60;2014-03-20 14:50:00;909402N262;8711;51.654;49;236;235;237;237;12.295;49.98;520.7;6.871;625.9;3.546;759.3;4.033;60;0;0;12.140;12.412;12.334;2850;2938;2920;49.98;49.98;49.98;11691;1000;0.0;0;0.0000;0;0;51654;51654;51654
60;2014-03-20 14:51:00;909402N262;8739;51.800;49;237;235;237;237;12.327;49.98;520.9;6.894;626.1;3.553;759.8;4.042;60;0;0;12.170;12.449;12.362;2859;2949;2929;49.98;49.98;49.98;11691;1000;0.0;0;0.0000;0;0;51800;51800;51800
60;2014-03-20 14:52:00;909402N262;9011;51.950;49;237;236;237;237;12.707;49.98;520.7;7.104;627.3;3.658;761.7;4.164;60;0;0;12.601;12.754;12.766;2967;3018;3024;49.98;49.97;49.98;11691;1000;0.0;0;0.0000;0;0;51950;51950;51950
60;2014-03-20 14:53:00;909402N262;9021;52.101;49;237;237;237;237;12.697;49.98;520.3;7.113;627.1;3.663;761.1;4.175;60;0;0;12.610;12.758;12.723;2980;3023;3017;49.98;49.98;49.98;11691;1000;0.0;0;0.0000;0;0;52101;52101;52101
60;2014-03-20 14:54:00;909402N262;9176;52.254;49;235;234;235;235;13.045;49.98;519.7;7.245;627.2;3.730;761.4;4.245;60;0;0;12.980;13.072;13.085;3038;3067;3069;49.98;49.98;49.98;11691;1000;0.0;0;0.0000;0;0;52254;52254;52254
60;2014-03-20 14:55:00;909402N262;9258;52.409;49;234;233;234;234;13.204;49.97;518.6;7.319;626.7;3.760;760.9;4.294;60;0;0;13.128;13.232;13.253;3061;3095;3101;49.97;49.97;49.97;11691;1000;0.0;0;0.0000;0;0;52409;52409;52409
60;2014-03-20 14:56:00;909402N262;9376;52.564;49;234;234;235;235;13.351;49.98;518.6;7.414;626.8;3.810;760.2;4.351;60;0;0;13.252;13.391;13.411;3092;3139;3144;49.98;49.98;49.98;11691;1000;0.0;0;0.0000;0;0;52564;52564;52564
60;2014-03-20 14:57:00;909402N262;9388;52.721;49;234;233;235;235;13.373;49.98;518.1;7.431;626.2;3.813;759.9;4.361;60;0;0;13.252;13.440;13.427;3089;3152;3145;49.98;49.98;49.98;11691;1000;0.0;0;0.0000;0;0;52721;52721;52721
60;2014-03-20 14:58:00;909402N262;9490;52.880;49;234;233;235;235;13.510;50.00;517.9;7.519;626.3;3.858;759.5;4.406;60;0;0;13.368;13.602;13.562;3112;3196;3179;50.00;50.00;50.00;11691;1000;0.0;0;0.0000;0;0;52880;52880;52880
60;2014-03-20 14:59:00;909402N262;9396;53.035;49;234;233;235;235;13.376;50.02;517.1;7.453;625.2;3.819;758.2;4.376;60;0;0;13.236;13.418;13.475;3080;3154;3161;50.02;50.02;50.02;11691;1000;0.0;0;0.0000;0;0;53035;53035;53035
60;2014-03-20 15:00:00;909402N262;8913;53.184;49;235;233;236;235;12.671;50.01;517.6;7.073;624.8;3.625;756.6;4.151;60;0;0;12.525;12.756;12.733;2918;3004;2989;50.01;50.01;50.01;11691;1000;0.0;0;0.0000;0;0;53184;53184;53184
[wr_ende]
