20141102;080001;danfoss;My Plant;+0100
[wr_def_start]
909402N262;Inverter Type;Inverter Group;Hanzl
[wr_def_end]
[wr]
INTERVAL;TIMESTAMP;SERIAL;P_AC;E_DAY;T_WR;U_AC;U_AC_1;U_AC_2;U_AC_3;I_AC;F_AC;U_DC_1;I_DC_1;U_DC_2;I_DC_2;U_DC_3;I_DC_3;S;E_WR;M_WR;I_AC_1;I_AC_2;I_AC_3;P_AC_1;P_AC_2;P_AC_3;F_AC_1;F_AC_2;F_AC_3;R_DC;PC;PCS;PCS_LL;COS_PHI;COS_PHI_LL;S_COS_PHI;Current_Day_Energy;current_Day_Offset;ccEnergyOfDay_WithoutOffset
60;2014-11-02 07:01:00;909402N262;74;0.011;23;235;235;235;235;0.222;49.99;502.5;0.062;513.4;0.035;309.5;0.078;60;0;0;0.241;0.263;0.163;27;31;15;49.99;49.99;49.99;7753;1000;0.0;0;1.0000;0;2;11;11;11
60;2014-11-02 07:02:00;909402N262;82;0.012;23;235;236;234;236;0.250;49.98;512.8;0.068;515.8;0.037;321.8;0.083;60;0;0;0.275;0.275;0.201;30;36;15;49.98;49.98;49.98;7753;1000;0.0;0;1.0000;0;2;12;12;12
60;2014-11-02 07:03:00;909402N262;90;0.014;23;235;236;234;236;0.276;49.97;517.9;0.074;516.4;0.041;330.0;0.089;60;0;0;0.248;0.244;0.336;25;32;32;49.97;49.97;49.97;7753;1000;0.0;0;1.0000;0;2;14;14;14
60;2014-11-02 07:04:00;909402N262;96;0.015;23;235;235;234;236;0.291;49.98;518.1;0.079;536.5;0.042;325.1;0.096;60;0;0;0.262;0.277;0.335;28;36;30;49.98;49.98;49.98;7753;1000;0.0;0;1.0000;0;2;15;15;15
60;2014-11-02 07:05:00;909402N262;101;0.018;23;235;235;234;236;0.294;49.99;519.9;0.082;549.7;0.042;332.6;0.097;60;0;0;0.255;0.297;0.332;29;39;31;49.99;49.99;49.99;7753;1000;0.0;0;1.0000;0;2;18;18;18
60;2014-11-02 07:06:00;909402N262;105;0.018;23;234;234;233;236;0.298;49.99;524.8;0.084;532.8;0.045;333.0;0.102;60;0;0;0.245;0.299;0.351;33;37;33;49.99;49.99;49.99;7753;1000;0.0;0;1.0000;0;2;18;18;18
60;2014-11-02 07:07:00;909402N262;108;0.021;23;234;234;234;236;0.307;50.01;523.0;0.088;535.9;0.049;330.9;0.106;60;0;0;0.285;0.296;0.341;39;36;31;50.01;50.01;50.01;7753;1000;0.0;0;1.0000;0;2;21;21;21
60;2014-11-02 07:08:00;909402N262;112;0.023;23;234;234;234;236;0.307;50.01;524.1;0.091;541.4;0.050;337.9;0.108;60;0;0;0.252;0.332;0.337;34;42;33;50.01;50.01;50.01;7753;1000;0.0;0;1.0000;0;2;23;23;23
60;2014-11-02 07:09:00;909402N262;114;0.024;23;235;234;234;236;0.311;50.00;525.3;0.093;542.5;0.050;340.9;0.109;60;0;0;0.291;0.312;0.330;37;40;35;50.00;50.00;50.00;7753;1000;0.0;0;1.0000;0;2;24;24;24
60;2014-11-02 07:10:00;909402N262;114;0.027;23;235;234;234;236;0.303;50.00;527.3;0.093;542.9;0.050;341.4;0.109;60;0;0;0.269;0.322;0.320;36;41;36;50.00;50.00;50.00;7753;1000;0.0;0;1.0000;0;2;27;27;27
60;2014-11-02 07:11:00;909402N262;117;0.028;23;235;234;234;236;0.313;50.00;527.9;0.094;543.8;0.050;338.6;0.111;60;0;0;0.243;0.368;0.329;30;47;37;50.00;50.00;50.00;7753;1000;0.0;0;1.0000;0;2;28;28;28
60;2014-11-02 07:12:00;909402N262;117;0.031;23;235;234;234;235;0.310;50.00;527.8;0.095;544.6;0.050;335.6;0.113;60;0;0;0.255;0.372;0.305;32;49;34;50.00;50.00;50.00;7753;1000;0.0;0;1.0000;0;2;31;31;31
60;2014-11-02 07:13:00;909402N262;119;0.033;23;235;235;234;235;0.341;50.00;524.0;0.098;549.2;0.051;334.7;0.115;60;0;0;0.309;0.413;0.301;34;56;27;50.00;50.00;50.00;7753;1000;0.0;0;1.0000;0;2;33;33;33
60;2014-11-02 07:14:00;909402N262;125;0.034;23;235;235;234;236;0.359;50.01;528.4;0.102;562.9;0.054;342.3;0.118;60;0;0;0.327;0.407;0.345;37;54;32;50.01;50.01;50.01;7753;1000;0.0;0;1.0000;0;2;34;34;34
60;2014-11-02 07:15:00;909402N262;132;0.037;23;235;235;234;236;0.359;50.00;527.9;0.109;549.7;0.058;340.5;0.126;60;0;0;0.331;0.384;0.362;41;52;38;50.00;50.00;50.00;7753;1000;0.0;0;1.0000;0;2;37;37;37
60;2014-11-02 07:16:00;909402N262;141;0.039;23;234;234;233;236;0.374;50.01;525.2;0.117;554.3;0.062;341.0;0.135;60;0;0;0.429;0.354;0.341;59;47;33;50.01;50.01;50.01;7753;1000;0.0;0;1.0000;0;2;39;39;39
60;2014-11-02 07:17:00;909402N262;153;0.042;24;235;235;233;235;0.415;50.01;534.6;0.124;563.2;0.066;345.8;0.143;60;0;0;0.468;0.432;0.346;59;59;33;50.01;50.01;50.01;7753;1000;0.0;0;1.0000;0;2;42;42;42
60;2014-11-02 07:18:00;909402N262;158;0.045;24;235;234;235;235;0.422;50.01;534.3;0.128;563.9;0.069;351.2;0.146;60;0;0;0.406;0.418;0.443;55;50;52;50.01;50.01;50.01;7753;1000;0.0;0;1.0000;0;2;45;45;45
60;2014-11-02 07:19:00;909402N262;164;0.047;24;234;233;234;235;0.423;50.01;538.3;0.132;568.6;0.070;349.2;0.152;60;0;0;0.464;0.261;0.545;64;28;71;50.01;50.01;50.01;7753;1000;0.0;0;1.0000;0;2;47;47;47
60;2014-11-02 07:20:00;909402N262;171;0.050;24;235;234;235;236;0.437;50.00;537.1;0.138;579.8;0.073;353.3;0.156;60;0;0;0.477;0.295;0.541;66;33;71;50.00;50.00;50.00;7753;1000;0.0;0;1.0000;0;2;50;50;50
60;2014-11-02 07:21:00;909402N262;173;0.053;24;235;234;234;236;0.434;50.01;538.4;0.140;582.8;0.074;353.4;0.158;60;0;0;0.451;0.258;0.594;62;33;77;50.01;50.01;50.01;7753;1000;0.0;0;1.0000;0;2;53;53;53
60;2014-11-02 07:22:00;909402N262;180;0.056;24;235;235;234;236;0.461;50.01;540.6;0.145;576.1;0.077;352.6;0.164;60;0;0;0.430;0.344;0.610;57;46;75;50.01;50.01;50.01;7753;1000;0.0;0;1.0000;0;2;56;56;56
60;2014-11-02 07:23:00;909402N262;189;0.060;24;235;235;234;235;0.489;50.00;542.9;0.151;576.1;0.082;352.9;0.172;60;0;0;0.403;0.512;0.553;47;70;70;50.00;50.00;50.00;7753;1000;0.0;0;1.0000;0;2;60;60;60
60;2014-11-02 07:24:00;909402N262;196;0.063;24;235;234;234;235;0.529;50.02;543.1;0.157;589.9;0.082;355.7;0.179;60;0;0;0.461;0.562;0.564;54;74;66;50.02;50.02;50.02;7753;1000;0.0;0;1.0000;0;2;63;63;63
60;2014-11-02 07:25:00;909402N262;199;0.066;25;235;234;234;236;0.528;50.01;543.9;0.159;592.4;0.082;353.7;0.183;60;0;0;0.514;0.443;0.628;68;58;71;50.01;50.01;50.01;7753;1000;0.0;0;1.0000;0;2;66;66;66
60;2014-11-02 07:26:00;909402N262;200;0.069;25;235;234;234;236;0.538;50.01;544.7;0.159;588.8;0.083;354.3;0.183;60;0;0;0.533;0.424;0.657;71;54;72;50.01;50.01;50.01;7753;1000;0.0;0;1.0000;0;2;69;69;69
60;2014-11-02 07:27:00;909402N262;207;0.072;25;235;234;235;236;0.535;50.02;548.0;0.164;582.4;0.087;357.6;0.187;60;0;0;0.523;0.518;0.566;72;66;67;50.02;50.02;50.02;7753;1000;0.0;0;1.0000;0;2;72;72;72
60;2014-11-02 07:28:00;909402N262;216;0.077;25;235;234;235;236;0.537;50.02;549.0;0.170;586.8;0.089;358.6;0.194;60;0;0;0.504;0.526;0.581;70;69;74;50.02;50.02;50.02;7753;1000;0.0;0;1.0000;0;2;77;77;77
60;2014-11-02 07:29:00;909402N262;227;0.080;25;235;234;234;236;0.575;50.02;549.4;0.179;592.6;0.094;366.2;0.200;60;0;0;0.567;0.516;0.644;79;68;78;50.02;50.02;50.02;7753;1000;0.0;0;1.0000;0;2;80;80;80
60;2014-11-02 07:30:00;909402N262;237;0.083;25;235;234;234;236;0.603;50.02;550.4;0.187;590.3;0.100;363.8;0.210;60;0;0;0.595;0.574;0.640;83;76;76;50.02;50.02;50.02;7753;1000;0.0;0;1.0000;0;2;83;83;83
60;2014-11-02 07:31:00;909402N262;242;0.089;25;235;235;234;236;0.600;50.03;545.9;0.194;592.0;0.102;364.5;0.216;60;0;0;0.637;0.539;0.625;90;73;77;50.03;50.03;50.03;7753;1000;0.0;0;1.0000;0;2;89;89;89
60;2014-11-02 07:32:00;909402N262;256;0.093;25;235;234;234;236;0.640;50.03;554.2;0.201;596.3;0.107;367.2;0.225;60;0;0;0.696;0.533;0.691;100;71;83;50.03;50.03;50.03;7753;1000;0.0;0;1.0000;0;2;93;93;93
60;2014-11-02 07:33:00;909402N262;263;0.096;25;235;235;234;236;0.667;50.03;553.7;0.207;597.2;0.109;366.7;0.232;60;0;0;0.715;0.533;0.755;103;69;89;50.03;50.03;50.03;7753;1000;0.0;0;1.0000;0;2;96;96;96
60;2014-11-02 07:34:00;909402N262;268;0.101;25;235;234;235;236;0.654;50.03;555.8;0.209;603.9;0.111;370.3;0.234;60;0;0;0.675;0.534;0.753;95;72;99;50.03;50.03;50.03;7753;1000;0.0;0;1.0000;0;2;101;101;101
60;2014-11-02 07:35:00;909402N262;275;0.106;26;235;234;235;236;0.622;50.03;556.0;0.214;609.3;0.113;368.7;0.241;60;0;0;0.843;0.224;0.799;123;32;118;50.03;50.03;50.03;7753;1000;0.0;0;1.0000;0;2;106;106;106
60;2014-11-02 07:36:00;909402N262;280;0.110;26;235;234;235;236;0.621;50.02;556.2;0.220;601.3;0.117;371.1;0.243;60;0;0;0.884;0.130;0.850;130;20;129;50.02;50.02;50.02;7753;1000;0.0;0;1.0000;0;2;110;110;110
60;2014-11-02 07:37:00;909402N262;284;0.115;26;235;234;235;236;0.628;50.03;554.6;0.224;601.7;0.117;371.9;0.245;60;0;0;0.959;0.039;0.887;142;5;137;50.03;50.03;50.03;7753;1000;0.0;0;1.0000;0;2;115;115;115
60;2014-11-02 07:38:00;909402N262;290;0.120;26;235;234;235;236;0.643;50.03;556.6;0.229;603.8;0.120;370.5;0.250;60;0;0;0.927;0.085;0.919;137;12;141;50.03;50.03;50.03;7753;1000;0.0;0;1.0000;0;2;120;120;120
60;2014-11-02 07:39:00;909402N262;305;0.125;26;235;234;234;236;0.690;50.03;558.6;0.240;609.3;0.124;373.1;0.261;60;0;0;0.852;0.331;0.889;126;45;132;50.03;50.03;50.03;7753;1000;0.0;0;1.0000;0;2;125;125;125
60;2014-11-02 07:40:00;909402N262;318;0.131;26;235;234;234;237;0.740;50.05;560.5;0.250;612.3;0.129;374.6;0.272;60;0;0;0.722;0.618;0.880;106;83;127;50.05;50.05;50.05;7753;1000;0.0;0;1.0000;0;2;131;131;131
60;2014-11-02 07:41:00;909402N262;328;0.135;26;235;234;234;237;0.774;50.04;560.8;0.257;615.0;0.133;376.3;0.279;60;0;0;0.629;0.831;0.862;93;112;122;50.04;50.04;50.04;7753;1000;0.0;0;1.0000;0;2;135;135;135
60;2014-11-02 07:42:00;909402N262;335;0.141;26;235;234;234;236;0.774;50.02;561.4;0.262;609.6;0.137;377.5;0.285;60;0;0;0.664;0.762;0.897;103;104;126;50.02;50.02;50.02;7753;1000;0.0;0;1.0000;0;2;141;141;141
60;2014-11-02 07:43:00;909402N262;335;0.147;26;235;234;234;236;0.786;50.02;561.3;0.263;609.7;0.138;377.4;0.286;60;0;0;0.685;0.789;0.886;103;108;122;50.02;50.02;50.02;7753;1000;0.0;0;1.0000;0;2;147;147;147
60;2014-11-02 07:44:00;909402N262;344;0.154;26;235;234;235;236;0.784;50.02;562.7;0.268;616.5;0.140;377.6;0.293;60;0;0;0.742;0.777;0.834;110;111;121;50.02;50.02;50.02;7753;1000;0.0;0;1.0000;0;2;154;154;154
60;2014-11-02 07:45:00;909402N262;358;0.159;26;235;234;235;236;0.820;50.03;564.4;0.277;617.2;0.146;379.5;0.305;60;0;0;0.751;0.822;0.889;110;113;132;50.03;50.03;50.03;7753;1000;0.0;0;1.0000;0;2;159;159;159
60;2014-11-02 07:46:00;909402N262;367;0.165;26;235;233;235;236;0.832;50.03;560.5;0.286;616.3;0.151;376.3;0.317;60;0;0;0.802;0.772;0.922;121;106;138;50.03;50.03;50.03;7753;1000;0.0;0;1.0000;0;2;165;165;165
60;2014-11-02 07:47:00;909402N262;377;0.171;26;235;233;235;236;0.845;50.02;568.2;0.288;618.4;0.155;381.5;0.321;60;0;0;0.836;0.759;0.941;128;105;142;50.02;50.02;50.02;7753;1000;0.0;0;1.0000;0;2;171;171;171
60;2014-11-02 07:48:00;909402N262;389;0.178;27;235;234;234;236;0.841;50.01;568.8;0.296;623.7;0.159;382.4;0.330;60;0;0;1.097;0.382;1.044;177;47;163;50.01;50.01;50.01;7753;1000;0.0;0;1.0000;0;2;178;178;178
60;2014-11-02 07:49:00;909402N262;407;0.184;27;234;234;234;235;0.883;50.01;569.5;0.310;630.7;0.164;384.8;0.343;60;0;0;1.075;0.535;1.039;172;67;166;50.01;50.01;50.01;7753;1000;0.0;0;1.0000;0;2;184;184;184
60;2014-11-02 07:50:00;909402N262;428;0.192;27;234;234;234;235;0.958;50.01;571.7;0.324;627.9;0.172;389.0;0.358;60;0;0;1.071;0.763;1.040;162;101;164;50.01;50.01;50.01;7753;1000;0.0;0;1.0000;0;2;192;192;192
60;2014-11-02 07:51:00;909402N262;446;0.199;27;234;234;233;235;0.998;50.01;571.8;0.336;632.1;0.179;388.8;0.375;60;0;0;1.111;0.822;1.061;168;110;165;50.01;50.01;50.01;7753;1000;0.0;0;1.0000;0;2;199;199;199
60;2014-11-02 07:52:00;909402N262;461;0.207;27;234;233;234;235;1.018;50.00;573.5;0.346;629.2;0.186;390.1;0.387;60;0;0;1.133;0.847;1.074;175;115;170;50.00;50.00;50.00;7753;1000;0.0;0;1.0000;0;2;207;207;207
60;2014-11-02 07:53:00;909402N262;482;0.215;27;234;234;235;234;1.060;50.01;575.3;0.361;632.1;0.195;391.4;0.404;60;0;0;1.187;0.939;1.056;183;131;167;50.01;50.01;50.01;7753;1000;0.0;0;1.0000;0;2;215;215;215
60;2014-11-02 07:54:00;909402N262;487;0.223;27;234;235;234;234;1.068;50.01;576.3;0.364;630.7;0.197;391.6;0.407;60;0;0;1.196;0.966;1.042;183;136;165;50.01;50.01;50.01;7753;1000;0.0;0;1.0000;0;2;223;223;223
60;2014-11-02 07:55:00;909402N262;502;0.232;27;235;235;234;234;1.100;50.01;577.4;0.376;634.3;0.202;392.3;0.418;60;0;0;1.235;0.991;1.074;190;140;171;50.01;50.01;50.01;7753;1000;0.0;0;1.0000;0;2;232;232;232
60;2014-11-02 07:56:00;909402N262;510;0.240;27;234;235;234;234;1.114;50.00;578.6;0.380;631.6;0.207;393.0;0.424;60;0;0;1.254;1.010;1.078;193;143;172;50.00;50.00;50.00;7753;1000;0.0;0;1.0000;0;2;240;240;240
60;2014-11-02 07:57:00;909402N262;517;0.249;27;234;235;233;234;1.128;50.01;579.4;0.384;635.8;0.207;393.1;0.430;60;0;0;1.272;1.023;1.089;196;144;174;50.01;50.01;50.01;7753;1000;0.0;0;1.0000;0;2;249;249;249
60;2014-11-02 07:58:00;909402N262;517;0.257;27;234;235;234;234;1.119;50.00;578.5;0.387;635.2;0.207;392.8;0.427;60;0;0;1.276;1.024;1.058;201;145;169;50.00;50.00;50.00;7753;1000;0.0;0;1.0000;0;2;257;257;257
60;2014-11-02 07:59:00;909402N262;531;0.266;27;234;235;234;234;1.092;50.01;579.3;0.396;634.0;0.213;393.8;0.439;60;0;0;1.284;0.945;1.049;231;131;168;50.01;50.01;50.01;7753;1000;0.0;0;1.0000;0;2;266;266;266
60;2014-11-02 08:00:00;909402N262;527;0.275;27;234;235;233;234;1.112;50.01;579.4;0.394;640.0;0.209;393.9;0.435;60;0;0;1.284;0.989;1.064;216;140;170;50.01;50.01;50.01;7753;1000;0.0;0;1.0000;0;2;275;275;275
[wr_ende]
