20140303;160000;danfoss;My Plant;+0100
[wr_def_start]
909402N262;Inverter Type;Inverter Group;Hanzl
[wr_def_end]
[wr]
INTERVAL;TIMESTAMP;SERIAL;P_AC;E_DAY;T_WR;U_AC;U_AC_1;U_AC_2;U_AC_3;I_AC;F_AC;U_DC_1;I_DC_1;U_DC_2;I_DC_2;U_DC_3;I_DC_3;S;E_WR;M_WR;I_AC_1;I_AC_2;I_AC_3;P_AC_1;P_AC_2;P_AC_3;F_AC_1;F_AC_2;F_AC_3;R_DC;PC;PCS;PCS_LL;COS_PHI;COS_PHI_LL;S_COS_PHI;Current_Day_Energy;current_Day_Offset;ccEnergyOfDay_WithoutOffset
60;2014-03-03 15:01:00;909402N262;699;9.032;28;233;233;233;233;1.178;50.00;564.6;0.486;640.0;0.310;791.2;0.302;60;0;0;1.146;1.222;1.166;225;241;231;50.00;50.00;50.00;7457;1000;0.0;0;0.0000;0;0;9032;9032;9032
60;2014-03-03 15:02:00;909402N262;672;9.043;28;232;232;232;231;1.138;50.00;568.3;0.467;654.6;0.295;788.3;0.283;60;0;0;1.115;1.178;1.121;218;232;219;50.00;50.00;50.00;7457;1000;0.0;0;0.0000;0;0;9043;9043;9043
60;2014-03-03 15:03:00;909402N262;607;9.053;28;232;232;232;231;1.045;50.02;565.3;0.424;648.0;0.269;778.9;0.257;60;0;0;1.024;1.087;1.024;196;211;197;50.02;50.02;50.02;7457;1000;0.0;0;0.0000;0;0;9053;9053;9053
60;2014-03-03 15:04:00;909402N262;590;9.063;28;232;232;232;231;1.023;50.02;564.8;0.410;652.5;0.260;778.3;0.254;60;0;0;0.997;1.067;1.006;190;205;193;50.02;50.02;50.02;7457;1000;0.0;0;0.0000;0;0;9063;9063;9063
60;2014-03-03 15:05:00;909402N262;608;9.073;28;231;231;232;231;1.046;50.01;565.9;0.420;653.7;0.268;780.8;0.261;60;0;0;1.037;1.102;0.999;199;214;193;50.01;50.01;50.01;7457;1000;0.0;0;0.0000;0;0;9073;9073;9073
60;2014-03-03 15:06:00;909402N262;613;9.083;28;231;232;232;231;1.052;50.01;566.2;0.423;652.7;0.270;779.7;0.263;60;0;0;1.033;1.098;1.026;199;214;197;50.01;50.01;50.01;7457;1000;0.0;0;0.0000;0;0;9083;9083;9083
60;2014-03-03 15:07:00;909402N262;603;9.093;28;231;231;232;231;1.032;50.00;565.6;0.418;651.5;0.264;781.0;0.258;60;0;0;1.023;1.077;0.998;198;209;193;50.00;50.00;50.00;7457;1000;0.0;0;0.0000;0;0;9093;9093;9093
60;2014-03-03 15:08:00;909402N262;551;9.103;28;231;232;232;231;0.958;50.00;565.4;0.389;641.1;0.243;775.5;0.236;60;0;0;0.923;1.029;0.922;176;197;176;50.00;50.00;50.00;7457;1000;0.0;0;0.0000;0;0;9103;9103;9103
60;2014-03-03 15:09:00;909402N262;462;9.111;28;232;232;232;231;0.811;50.00;565.4;0.328;636.4;0.203;765.5;0.203;60;0;0;0.792;0.873;0.768;149;166;145;50.00;50.00;50.00;7457;1000;0.0;0;0.0000;0;0;9111;9111;9111
60;2014-03-03 15:10:00;909402N262;403;9.117;28;232;232;232;231;0.718;49.99;559.1;0.290;621.6;0.180;752.5;0.178;60;0;0;0.697;0.770;0.687;131;142;128;49.99;49.99;49.99;7457;1000;0.0;0;0.0000;0;0;9117;9117;9117
60;2014-03-03 15:11:00;909402N262;339;9.123;28;231;232;232;231;0.618;49.99;544.3;0.253;606.0;0.160;738.4;0.152;60;0;0;0.590;0.703;0.562;107;127;104;49.99;49.99;49.99;7457;1000;0.0;0;0.0000;0;0;9123;9123;9123
60;2014-03-03 15:12:00;909402N262;329;9.129;28;232;231;232;231;0.598;50.00;553.9;0.239;604.3;0.156;735.5;0.147;60;0;0;0.595;0.684;0.516;108;123;95;50.00;50.00;50.00;7457;1000;0.0;0;0.0000;0;0;9129;9129;9129
60;2014-03-03 15:13:00;909402N262;355;9.134;28;231;232;232;231;0.643;50.01;549.7;0.260;610.8;0.167;743.4;0.157;60;0;0;0.618;0.723;0.590;112;133;108;50.01;50.01;50.01;7457;1000;0.0;0;0.0000;0;0;9134;9134;9134
60;2014-03-03 15:14:00;909402N262;386;9.141;28;232;232;232;231;0.694;50.00;551.8;0.277;619.3;0.182;750.6;0.170;60;0;0;0.641;0.765;0.676;117;142;125;50.00;50.00;50.00;7457;1000;0.0;0;0.0000;0;0;9141;9141;9141
60;2014-03-03 15:15:00;909402N262;426;9.148;28;231;231;232;231;0.752;49.98;554.8;0.300;629.7;0.197;758.6;0.187;60;0;0;0.733;0.790;0.733;137;149;137;49.98;49.98;49.98;7457;1000;0.0;0;0.0000;0;0;9148;9148;9148
60;2014-03-03 15:16:00;909402N262;428;9.155;28;231;231;232;231;0.748;49.97;552.5;0.305;637.1;0.198;748.3;0.193;60;0;0;0.725;0.827;0.694;137;157;133;49.97;49.97;49.97;7457;1000;0.0;0;0.0000;0;0;9155;9155;9155
60;2014-03-03 15:17:00;909402N262;426;9.162;28;231;231;232;231;0.750;49.98;555.8;0.296;638.5;0.193;761.1;0.189;60;0;0;0.755;0.799;0.697;145;149;130;49.98;49.98;49.98;7457;1000;0.0;0;0.0000;0;0;9162;9162;9162
60;2014-03-03 15:18:00;909402N262;412;9.169;28;231;231;232;232;0.731;49.99;555.4;0.287;638.9;0.187;753.2;0.185;60;0;0;0.695;0.784;0.715;129;146;134;49.99;49.99;49.99;7457;1000;0.0;0;0.0000;0;0;9169;9169;9169
60;2014-03-03 15:19:00;909402N262;402;9.176;28;231;231;232;231;0.713;49.99;554.4;0.279;640.5;0.181;758.8;0.179;60;0;0;0.678;0.766;0.695;126;143;130;50.00;50.00;50.00;7457;1000;0.0;0;0.0000;0;0;9176;9176;9176
60;2014-03-03 15:20:00;909402N262;394;9.183;28;231;232;231;231;0.706;50.01;554.8;0.274;643.3;0.177;752.5;0.178;60;0;0;0.645;0.771;0.703;119;143;130;50.01;50.01;50.01;7457;1000;0.0;0;0.0000;0;0;9183;9183;9183
60;2014-03-03 15:21:00;909402N262;385;9.189;28;231;231;231;232;0.693;50.01;554.1;0.268;643.9;0.172;748.5;0.175;60;0;0;0.649;0.743;0.688;118;138;127;50.01;50.01;50.01;7457;1000;0.0;0;0.0000;0;0;9189;9189;9189
60;2014-03-03 15:22:00;909402N262;373;9.195;28;231;231;231;231;0.671;50.00;553.1;0.260;638.8;0.168;751.3;0.169;60;0;0;0.645;0.733;0.636;119;135;118;50.00;50.00;50.00;7457;1000;0.0;0;0.0000;0;0;9195;9195;9195
60;2014-03-03 15:23:00;909402N262;364;9.201;28;232;232;232;231;0.663;50.01;552.9;0.254;632.9;0.165;741.6;0.167;60;0;0;0.633;0.723;0.633;115;130;116;50.01;50.01;50.01;7457;1000;0.0;0;0.0000;0;0;9201;9201;9201
60;2014-03-03 15:24:00;909402N262;350;9.208;28;232;232;232;232;0.635;50.00;551.6;0.247;634.3;0.158;744.3;0.161;60;0;0;0.622;0.713;0.570;113;129;105;50.00;50.00;50.00;7457;1000;0.0;0;0.0000;0;0;9208;9208;9208
60;2014-03-03 15:25:00;909402N262;329;9.212;28;231;231;232;231;0.601;50.01;549.8;0.233;631.6;0.148;741.8;0.152;60;0;0;0.611;0.669;0.524;110;121;96;50.01;50.01;50.01;7457;1000;0.0;0;0.0000;0;0;9212;9212;9212
60;2014-03-03 15:26:00;909402N262;314;9.218;28;232;232;232;232;0.572;49.98;547.6;0.225;630.3;0.141;734.9;0.145;60;0;0;0.561;0.651;0.506;101;117;94;49.98;49.98;49.98;7457;1000;0.0;0;0.0000;0;0;9218;9218;9218
60;2014-03-03 15:27:00;909402N262;292;9.222;28;232;232;232;232;0.534;49.99;544.7;0.211;623.0;0.133;730.7;0.135;60;0;0;0.489;0.652;0.461;89;117;84;49.99;49.99;49.99;7457;1000;0.0;0;0.0000;0;0;9222;9222;9222
60;2014-03-03 15:28:00;909402N262;272;9.227;28;232;232;232;232;0.498;49.99;543.0;0.197;614.6;0.126;726.2;0.125;60;0;0;0.424;0.630;0.442;77;112;80;49.99;49.99;49.99;7457;1000;0.0;0;0.0000;0;0;9227;9227;9227
60;2014-03-03 15:29:00;909402N262;260;9.231;28;232;232;233;232;0.487;49.99;543.9;0.189;611.8;0.124;722.8;0.121;60;0;0;0.444;0.582;0.436;79;102;78;49.99;49.99;49.99;7457;1000;0.0;0;0.0000;0;0;9231;9231;9231
60;2014-03-03 15:30:00;909402N262;258;9.236;28;232;232;233;232;0.481;49.98;543.5;0.187;614.8;0.123;717.9;0.120;60;0;0;0.411;0.592;0.442;74;104;79;49.98;49.98;49.98;7457;1000;0.0;0;0.0000;0;0;9236;9236;9236
60;2014-03-03 15:31:00;909402N262;258;9.241;28;232;231;232;232;0.484;49.97;538.2;0.188;596.3;0.126;712.5;0.121;60;0;0;0.438;0.581;0.433;77;102;77;49.97;49.97;49.97;7457;1000;0.0;0;0.0000;0;0;9241;9241;9241
60;2014-03-03 15:32:00;909402N262;270;9.244;28;232;232;232;232;0.499;49.99;544.9;0.193;614.4;0.127;726.9;0.124;60;0;0;0.448;0.599;0.452;80;106;82;49.99;49.99;49.99;7457;1000;0.0;0;0.0000;0;0;9244;9244;9244
60;2014-03-03 15:33:00;909402N262;282;9.249;28;232;232;232;231;0.517;49.97;544.2;0.202;619.5;0.133;731.6;0.130;60;0;0;0.486;0.613;0.452;87;111;82;49.97;49.97;49.97;7457;1000;0.0;0;0.0000;0;0;9249;9249;9249
60;2014-03-03 15:34:00;909402N262;290;9.254;28;232;232;232;231;0.531;49.97;544.3;0.208;613.7;0.136;729.2;0.134;60;0;0;0.488;0.652;0.455;89;118;82;49.97;49.97;49.97;7457;1000;0.0;0;0.0000;0;0;9254;9254;9254
60;2014-03-03 15:35:00;909402N262;288;9.259;28;232;232;232;231;0.525;49.97;543.7;0.209;621.6;0.132;731.1;0.134;60;0;0;0.497;0.634;0.446;92;113;81;49.97;49.97;49.97;7457;1000;0.0;0;0.0000;0;0;9259;9259;9259
60;2014-03-03 15:36:00;909402N262;274;9.263;28;232;232;232;231;0.505;49.97;543.5;0.201;618.2;0.125;728.2;0.126;60;0;0;0.453;0.629;0.435;83;112;78;49.97;49.97;49.97;7457;1000;0.0;0;0.0000;0;0;9263;9263;9263
60;2014-03-03 15:37:00;909402N262;252;9.268;28;231;232;232;230;0.467;49.97;542.3;0.187;609.0;0.116;720.5;0.116;60;0;0;0.426;0.561;0.416;75;98;75;49.97;49.97;49.97;7457;1000;0.0;0;0.0000;0;0;9268;9268;9268
60;2014-03-03 15:38:00;909402N262;222;9.272;28;232;233;232;230;0.417;49.98;536.1;0.171;594.4;0.104;709.5;0.103;60;0;0;0.382;0.525;0.346;68;91;62;49.98;49.98;49.98;7457;1000;0.0;0;0.0000;0;0;9272;9272;9272
60;2014-03-03 15:39:00;909402N262;201;9.276;28;232;233;232;231;0.381;49.99;536.8;0.156;578.7;0.097;703.1;0.093;60;0;0;0.333;0.480;0.332;59;81;59;49.99;49.99;49.99;7457;1000;0.0;0;0.0000;0;0;9276;9276;9276
60;2014-03-03 15:40:00;909402N262;209;9.279;28;232;232;232;230;0.399;49.99;541.4;0.159;583.7;0.102;704.8;0.096;60;0;0;0.375;0.484;0.339;65;82;60;49.99;49.99;49.99;7457;1000;0.0;0;0.0000;0;0;9279;9279;9279
60;2014-03-03 15:41:00;909402N262;235;9.282;28;231;232;232;230;0.441;49.98;545.3;0.175;591.7;0.113;713.0;0.107;60;0;0;0.401;0.533;0.389;71;92;70;49.98;49.98;49.98;7457;1000;0.0;0;0.0000;0;0;9282;9282;9282
60;2014-03-03 15:42:00;909402N262;259;9.286;28;232;232;232;231;0.482;50.00;548.6;0.192;597.4;0.124;722.5;0.118;60;0;0;0.430;0.579;0.437;77;101;79;50.00;50.00;50.00;7457;1000;0.0;0;0.0000;0;0;9286;9286;9286
60;2014-03-03 15:43:00;909402N262;286;9.292;28;231;232;232;231;0.527;50.00;549.6;0.210;602.3;0.135;729.0;0.129;60;0;0;0.492;0.632;0.459;89;112;83;50.00;50.00;50.00;7457;1000;0.0;0;0.0000;0;0;9292;9292;9292
60;2014-03-03 15:44:00;909402N262;318;9.296;28;231;232;232;231;0.581;50.00;552.0;0.230;608.1;0.151;734.3;0.143;60;0;0;0.571;0.683;0.490;103;123;89;50.00;50.00;50.00;7457;1000;0.0;0;0.0000;0;0;9296;9296;9296
60;2014-03-03 15:45:00;909402N262;356;9.302;28;231;232;232;231;0.647;50.00;553.1;0.254;618.7;0.167;744.7;0.160;60;0;0;0.625;0.714;0.604;114;130;111;50.00;50.00;50.00;7457;1000;0.0;0;0.0000;0;0;9302;9302;9302
60;2014-03-03 15:46:00;909402N262;385;9.309;28;232;232;232;231;0.691;50.00;548.8;0.276;603.5;0.184;745.7;0.175;60;0;0;0.660;0.786;0.627;120;146;117;50.00;50.00;50.00;7457;1000;0.0;0;0.0000;0;0;9309;9309;9309
60;2014-03-03 15:47:00;909402N262;403;9.315;28;232;233;233;231;0.721;49.99;555.9;0.282;633.2;0.184;758.3;0.179;60;0;0;0.627;0.817;0.720;116;151;134;49.99;49.99;49.99;7457;1000;0.0;0;0.0000;0;0;9315;9315;9315
60;2014-03-03 15:48:00;909402N262;368;9.322;28;232;232;233;232;0.673;49.98;552.9;0.261;633.1;0.166;747.8;0.166;60;0;0;0.625;0.766;0.629;114;138;114;49.98;49.98;49.98;7457;1000;0.0;0;0.0000;0;0;9322;9322;9322
60;2014-03-03 15:49:00;909402N262;297;9.328;28;232;232;233;232;0.555;49.98;545.2;0.218;616.6;0.136;731.1;0.136;60;0;0;0.513;0.681;0.472;90;119;85;49.98;49.98;49.98;7457;1000;0.0;0;0.0000;0;0;9328;9328;9328
60;2014-03-03 15:50:00;909402N262;243;9.331;28;232;232;233;232;0.472;49.99;540.0;0.183;596.3;0.115;715.9;0.113;60;0;0;0.416;0.575;0.425;72;97;72;49.98;49.98;49.98;7457;1000;0.0;0;0.0000;0;0;9331;9331;9331
60;2014-03-03 15:51:00;909402N262;249;9.335;28;232;232;232;232;0.477;49.99;540.8;0.186;593.0;0.120;719.0;0.116;60;0;0;0.441;0.572;0.420;76;98;73;49.99;49.99;49.99;7457;1000;0.0;0;0.0000;0;0;9335;9335;9335
60;2014-03-03 15:52:00;909402N262;290;9.340;28;232;232;233;232;0.546;49.99;543.6;0.211;605.7;0.138;729.4;0.132;60;0;0;0.505;0.668;0.465;88;115;83;49.99;49.99;49.99;7457;1000;0.0;0;0.0000;0;0;9340;9340;9340
60;2014-03-03 15:53:00;909402N262;308;9.345;28;232;232;233;232;0.578;50.00;547.3;0.222;614.4;0.143;741.5;0.141;60;0;0;0.594;0.671;0.470;105;119;84;50.00;50.00;50.00;7457;1000;0.0;0;0.0000;0;0;9345;9345;9345
60;2014-03-03 15:54:00;909402N262;294;9.350;28;232;232;233;232;0.557;50.01;544.8;0.213;616.2;0.136;732.4;0.137;60;0;0;0.529;0.664;0.478;93;116;85;50.01;50.01;50.01;7457;1000;0.0;0;0.0000;0;0;9350;9350;9350
60;2014-03-03 15:55:00;909402N262;265;9.355;28;232;232;233;232;0.512;50.01;543.4;0.193;610.6;0.124;724.1;0.124;60;0;0;0.460;0.636;0.440;79;108;76;50.01;50.01;50.01;7457;1000;0.0;0;0.0000;0;0;9355;9355;9355
60;2014-03-03 15:56:00;909402N262;247;9.359;28;232;232;233;232;0.478;50.01;540.1;0.182;604.7;0.116;719.4;0.117;60;0;0;0.433;0.581;0.422;73;99;73;50.01;50.01;50.01;7457;1000;0.0;0;0.0000;0;0;9359;9359;9359
60;2014-03-03 15:57:00;909402N262;236;9.363;28;232;233;233;232;0.453;50.01;538.6;0.175;605.9;0.110;718.3;0.112;60;0;0;0.427;0.572;0.360;72;98;64;50.01;50.01;50.01;7457;1000;0.0;0;0.0000;0;0;9363;9363;9363
60;2014-03-03 15:58:00;909402N262;219;9.366;28;233;233;233;232;0.425;50.01;534.9;0.165;601.2;0.102;711.1;0.105;60;0;0;0.396;0.537;0.343;67;90;60;50.01;50.01;50.01;7457;1000;0.0;0;0.0000;0;0;9366;9366;9366
60;2014-03-03 15:59:00;909402N262;197;9.370;28;233;233;233;233;0.391;50.01;532.3;0.150;592.5;0.092;699.1;0.095;60;0;0;0.320;0.507;0.348;52;83;60;50.01;50.01;50.01;7457;1000;0.0;0;0.0000;0;0;9370;9370;9370
60;2014-03-03 16:00:00;909402N262;175;9.373;28;233;233;234;233;0.354;50.03;528.0;0.135;580.8;0.084;691.5;0.085;60;0;0;0.327;0.429;0.307;55;69;51;50.03;50.03;50.03;7457;1000;0.0;0;0.0000;0;0;9373;9373;9373
[wr_ende]
