20140429;150001;danfoss;My Plant;+0100
[wr_def_start]
909402N262;Inverter Type;Inverter Group;Hanzl
[wr_def_end]
[wr]
INTERVAL;TIMESTAMP;SERIAL;P_AC;E_DAY;T_WR;U_AC;U_AC_1;U_AC_2;U_AC_3;I_AC;F_AC;U_DC_1;I_DC_1;U_DC_2;I_DC_2;U_DC_3;I_DC_3;S;E_WR;M_WR;I_AC_1;I_AC_2;I_AC_3;P_AC_1;P_AC_2;P_AC_3;F_AC_1;F_AC_2;F_AC_3;R_DC;PC;PCS;PCS_LL;COS_PHI;COS_PHI_LL;S_COS_PHI;Current_Day_Energy;current_Day_Offset;ccEnergyOfDay_WithoutOffset
60;2014-04-29 14:01:00;909402N262;1933;17.248;43;234;235;234;234;2.829;49.98;558.9;1.579;612.6;0.808;779.1;0.749;60;0;0;2.788;2.854;2.847;635;648;648;49.98;49.98;49.98;9321;1000;0.0;0;0.0000;0;0;17248;17248;17248
60;2014-04-29 14:02:00;909402N262;1694;17.275;43;234;234;233;234;2.538;49.97;560.9;1.364;630.5;0.710;776.3;0.648;60;0;0;2.497;2.569;2.548;555;569;567;49.97;49.97;49.97;9321;1000;0.0;0;0.0000;0;0;17275;17275;17275
60;2014-04-29 14:03:00;909402N262;1657;17.303;43;234;234;233;234;2.485;49.98;554.4;1.330;632.2;0.706;776.4;0.639;60;0;0;2.444;2.514;2.499;543;557;556;49.98;49.98;49.98;9321;1000;0.0;0;0.0000;0;0;17303;17303;17303
60;2014-04-29 14:04:00;909402N262;1713;17.331;43;234;234;233;234;2.566;49.98;556.6;1.353;634.0;0.736;777.8;0.663;60;0;0;2.521;2.598;2.579;561;575;574;49.98;49.98;49.98;9321;1000;0.0;0;0.0000;0;0;17331;17331;17331
60;2014-04-29 14:05:00;909402N262;1832;17.362;43;234;234;233;234;2.730;49.98;557.7;1.437;638.2;0.791;779.6;0.706;60;0;0;2.687;2.760;2.745;601;615;614;49.98;49.98;49.98;9321;1000;0.0;0;0.0000;0;0;17362;17362;17362
60;2014-04-29 14:06:00;909402N262;2064;17.397;43;234;234;233;234;3.040;49.98;558.9;1.599;641.6;0.888;782.0;0.804;60;0;0;2.996;3.059;3.065;679;690;695;49.98;49.98;49.98;9321;1000;0.0;0;0.0000;0;0;17397;17397;17397
60;2014-04-29 14:07:00;909402N262;2300;17.436;43;234;234;233;234;3.360;49.96;568.6;1.741;645.7;0.978;789.3;0.896;60;0;0;3.318;3.376;3.386;758;767;773;49.96;49.96;49.96;9321;1000;0.0;0;0.0000;0;0;17436;17436;17436
60;2014-04-29 14:08:00;909402N262;2439;17.477;42;233;234;233;234;3.540;49.97;571.9;1.836;645.8;1.032;794.7;0.948;60;0;0;3.488;3.562;3.572;803;814;820;49.97;49.97;49.97;9321;1000;0.0;0;0.0000;0;0;17477;17477;17477
60;2014-04-29 14:09:00;909402N262;2417;17.516;42;234;234;233;234;3.511;49.98;568.3;1.839;641.8;1.023;794.1;0.938;60;0;0;3.463;3.540;3.530;797;809;809;49.98;49.98;49.98;9321;1000;0.0;0;0.0000;0;0;17516;17516;17516
60;2014-04-29 14:10:00;909402N262;2262;17.555;42;233;234;233;234;3.316;49.98;565.8;1.745;638.8;0.957;790.7;0.875;60;0;0;3.271;3.340;3.337;746;756;759;49.98;49.98;49.98;9321;1000;0.0;0;0.0000;0;0;17555;17555;17555
60;2014-04-29 14:11:00;909402N262;1980;17.587;42;233;234;233;233;2.931;49.97;565.3;1.546;635.9;0.837;782.5;0.765;60;0;0;2.894;2.962;2.937;653;664;661;49.97;49.97;49.97;9321;1000;0.0;0;0.0000;0;0;17587;17587;17587
60;2014-04-29 14:12:00;909402N262;1680;17.615;42;233;234;233;233;2.520;49.98;565.7;1.325;631.7;0.709;780.0;0.646;60;0;0;2.483;2.553;2.526;553;564;562;49.98;49.98;49.98;9321;1000;0.0;0;0.0000;0;0;17615;17615;17615
60;2014-04-29 14:13:00;909402N262;1419;17.638;42;233;234;233;234;2.145;49.98;565.2;1.132;629.2;0.599;776.4;0.540;60;0;0;2.106;2.173;2.156;465;477;475;49.98;49.98;49.98;9321;1000;0.0;0;0.0000;0;0;17638;17638;17638
60;2014-04-29 14:14:00;909402N262;1237;17.659;42;233;234;232;233;1.899;49.98;551.2;1.017;626.8;0.527;772.3;0.470;60;0;0;1.869;1.932;1.897;405;418;412;49.98;49.98;49.98;9321;1000;0.0;0;0.0000;0;0;17659;17659;17659
60;2014-04-29 14:15:00;909402N262;1127;17.677;42;233;234;233;233;1.764;49.97;540.7;0.941;627.3;0.484;768.9;0.431;60;0;0;1.757;1.803;1.734;373;384;368;49.97;49.97;49.97;9321;1000;0.0;0;0.0000;0;0;17677;17677;17677
60;2014-04-29 14:16:00;909402N262;1096;17.696;42;233;234;233;233;1.703;49.98;531.7;0.927;606.6;0.486;769.4;0.429;60;0;0;1.681;1.747;1.682;360;375;358;49.98;49.98;49.98;9321;1000;0.0;0;0.0000;0;0;17696;17696;17696
60;2014-04-29 14:17:00;909402N262;1131;17.715;42;233;234;233;233;1.727;49.97;537.3;0.935;629.3;0.489;770.7;0.440;60;0;0;1.704;1.762;1.716;371;386;373;49.97;49.97;49.97;9321;1000;0.0;0;0.0000;0;0;17715;17715;17715
60;2014-04-29 14:18:00;909402N262;1169;17.735;42;233;234;233;233;1.775;49.97;538.8;0.958;629.4;0.505;772.9;0.457;60;0;0;1.747;1.809;1.770;382;397;387;49.97;49.97;49.97;9321;1000;0.0;0;0.0000;0;0;17735;17735;17735
60;2014-04-29 14:19:00;909402N262;1223;17.755;42;233;234;233;233;1.842;49.97;539.7;0.996;630.2;0.528;775.8;0.477;60;0;0;1.813;1.876;1.837;400;416;405;49.97;49.97;49.97;9321;1000;0.0;0;0.0000;0;0;17755;17755;17755
60;2014-04-29 14:20:00;909402N262;1300;17.777;42;233;234;233;233;1.945;49.99;541.3;1.054;631.7;0.557;777.8;0.510;60;0;0;1.910;1.979;1.948;425;441;433;49.99;49.99;49.99;9321;1000;0.0;0;0.0000;0;0;17777;17777;17777
60;2014-04-29 14:21:00;909402N262;1375;17.799;42;233;234;233;233;2.051;49.98;543.2;1.112;632.8;0.583;779.6;0.540;60;0;0;2.013;2.086;2.054;450;466;458;49.98;49.98;49.98;9321;1000;0.0;0;0.0000;0;0;17799;17799;17799
60;2014-04-29 14:22:00;909402N262;1445;17.823;42;233;234;233;233;2.149;49.99;544.5;1.170;633.9;0.607;781.2;0.568;60;0;0;2.114;2.180;2.154;474;487;482;49.99;49.99;49.99;9321;1000;0.0;0;0.0000;0;0;17823;17823;17823
60;2014-04-29 14:23:00;909402N262;1508;17.848;42;233;234;233;233;2.237;49.99;555.9;1.204;635.0;0.627;783.3;0.588;60;0;0;2.194;2.273;2.246;493;509;504;49.99;49.99;49.99;9321;1000;0.0;0;0.0000;0;0;17848;17848;17848
60;2014-04-29 14:24:00;909402N262;1533;17.874;42;233;234;233;232;2.274;50.01;557.0;1.231;638.2;0.630;783.9;0.594;60;0;0;2.233;2.311;2.280;502;518;511;50.01;50.01;50.01;9321;1000;0.0;0;0.0000;0;0;17874;17874;17874
60;2014-04-29 14:25:00;909402N262;1570;17.900;42;233;234;233;232;2.331;50.01;555.6;1.266;640.4;0.644;783.5;0.607;60;0;0;2.288;2.368;2.339;514;531;524;50.01;50.01;50.01;9321;1000;0.0;0;0.0000;0;0;17900;17900;17900
60;2014-04-29 14:26:00;909402N262;1635;17.927;42;233;234;233;232;2.420;50.01;571.2;1.278;640.3;0.669;784.6;0.633;60;0;0;2.377;2.452;2.431;536;550;547;50.01;50.01;50.01;9321;1000;0.0;0;0.0000;0;0;17927;17927;17927
60;2014-04-29 14:27:00;909402N262;1740;17.957;42;233;234;233;232;2.561;49.99;568.2;1.368;639.9;0.708;791.5;0.672;60;0;0;2.522;2.599;2.563;572;587;579;49.99;49.99;49.99;9321;1000;0.0;0;0.0000;0;0;17957;17957;17957
60;2014-04-29 14:28:00;909402N262;2666;18.002;42;233;234;232;233;3.850;50.00;569.6;2.041;645.4;1.030;792.0;1.097;60;0;0;3.824;3.846;3.882;885;887;894;50.00;50.00;50.00;9321;1000;0.0;0;0.0000;0;0;18002;18002;18002
60;2014-04-29 14:29:00;909402N262;4398;18.074;42;233;235;232;233;6.337;50.00;580.4;3.320;655.5;1.740;791.6;1.771;60;0;0;6.304;6.353;6.354;1469;1453;1474;50.00;50.00;50.00;9321;1000;0.0;0;0.0000;0;0;18074;18074;18074
60;2014-04-29 14:30:00;909402N262;5099;18.160;42;233;234;232;234;7.297;49.98;571.1;3.881;657.2;2.002;793.9;2.073;60;0;0;7.292;7.258;7.343;1704;1682;1713;49.98;49.98;49.98;9321;1000;0.0;0;0.0000;0;0;18160;18160;18160
60;2014-04-29 14:31:00;909402N262;6229;18.265;42;234;235;233;234;8.890;49.98;561.3;4.733;642.4;2.470;791.9;2.664;60;0;0;8.879;8.865;8.928;2079;2063;2086;49.98;49.98;49.98;9321;1000;0.0;0;0.0000;0;0;18265;18265;18265
60;2014-04-29 14:32:00;909402N262;10150;18.434;42;235;235;234;235;14.405;49.98;554.9;7.897;654.7;3.983;795.0;4.213;60;0;0;14.441;14.357;14.419;3402;3360;3386;49.98;49.98;49.98;9321;1000;0.0;0;0.0000;0;0;18434;18434;18434
60;2014-04-29 14:33:00;909402N262;10050;18.600;42;235;235;234;234;14.263;49.98;548.1;7.883;654.5;3.951;795.1;4.189;60;0;0;14.282;14.240;14.267;3365;3335;3347;49.98;49.98;49.98;9321;1000;0.0;0;0.0000;0;0;18600;18600;18600
60;2014-04-29 14:34:00;909402N262;9519;18.760;42;235;236;234;234;13.505;49.99;543.4;7.533;659.1;3.759;794.6;3.922;60;0;0;13.524;13.508;13.484;3189;3165;3162;49.99;49.99;49.99;9321;1000;0.0;0;0.0000;0;0;18760;18760;18760
60;2014-04-29 14:35:00;909402N262;8566;18.902;42;235;236;234;234;12.163;49.99;542.0;6.806;658.8;3.412;794.5;3.501;60;0;0;12.182;12.164;12.143;2871;2852;2842;49.99;49.99;49.99;9321;1000;0.0;0;0.0000;0;0;18902;18902;18902
60;2014-04-29 14:36:00;909402N262;9602;19.063;42;235;236;234;234;13.630;49.99;539.3;7.499;660.1;3.779;794.5;4.073;60;0;0;13.629;13.631;13.630;3212;3187;3195;49.99;49.99;49.99;9321;1000;0.0;0;0.0000;0;0;19063;19063;19063
60;2014-04-29 14:37:00;909402N262;9203;19.216;43;234;235;234;234;13.074;49.99;531.4;7.469;656.7;3.641;794.4;3.801;60;0;0;13.083;13.079;13.062;3081;3062;3060;49.99;49.99;49.99;9321;1000;0.0;0;0.0000;0;0;19216;19216;19216
60;2014-04-29 14:38:00;909402N262;6754;19.328;43;234;235;234;234;9.638;50.00;532.0;5.455;642.4;2.728;788.4;2.775;60;0;0;9.606;9.670;9.640;2252;2245;2250;50.00;50.00;50.00;9321;1000;0.0;0;0.0000;0;0;19328;19328;19328
60;2014-04-29 14:39:00;909402N262;3681;19.390;43;234;234;233;234;5.304;50.00;530.1;3.020;628.5;1.574;771.8;1.470;60;0;0;5.261;5.329;5.324;1220;1227;1232;50.00;50.00;50.00;9321;1000;0.0;0;0.0000;0;0;19390;19390;19390
60;2014-04-29 14:40:00;909402N262;2405;19.430;43;233;234;232;234;3.498;50.00;531.4;1.955;620.9;1.027;763.9;0.994;60;0;0;3.449;3.515;3.531;793;801;810;50.00;50.00;50.00;9321;1000;0.0;0;0.0000;0;0;19430;19430;19430
60;2014-04-29 14:41:00;909402N262;1900;19.462;43;233;234;232;233;2.791;50.01;539.2;1.536;617.3;0.818;756.8;0.782;60;0;0;2.736;2.816;2.823;622;635;642;50.01;50.01;50.01;9321;1000;0.0;0;0.0000;0;0;19462;19462;19462
60;2014-04-29 14:42:00;909402N262;1513;19.487;43;233;234;232;233;2.257;50.00;523.2;1.277;614.0;0.656;750.9;0.616;60;0;0;2.217;2.274;2.282;495;506;510;50.00;50.00;50.00;9321;1000;0.0;0;0.0000;0;0;19487;19487;19487
60;2014-04-29 14:43:00;909402N262;1309;19.509;43;233;234;232;233;1.967;50.01;523.1;1.112;612.9;0.575;748.1;0.527;60;0;0;1.928;1.987;1.986;427;439;442;50.01;50.01;50.01;9321;1000;0.0;0;0.0000;0;0;19509;19509;19509
60;2014-04-29 14:44:00;909402N262;1262;19.530;43;233;234;232;233;1.899;50.00;524.8;1.063;615.7;0.558;748.0;0.507;60;0;0;1.861;1.925;1.913;412;424;424;50.00;50.00;50.00;9321;1000;0.0;0;0.0000;0;0;19530;19530;19530
60;2014-04-29 14:45:00;909402N262;1297;19.551;43;233;234;232;234;1.947;50.00;541.7;1.049;620.5;0.576;753.7;0.518;60;0;0;1.907;1.974;1.962;423;436;436;50.00;50.00;50.00;9321;1000;0.0;0;0.0000;0;0;19551;19551;19551
60;2014-04-29 14:46:00;909402N262;1361;19.575;43;233;234;233;233;2.030;49.99;544.6;1.087;605.7;0.618;755.2;0.547;60;0;0;1.989;2.050;2.051;444;458;457;49.99;49.99;49.99;9321;1000;0.0;0;0.0000;0;0;19575;19575;19575
60;2014-04-29 14:47:00;909402N262;1468;19.599;43;233;234;233;233;2.190;50.00;552.2;1.148;626.8;0.652;759.8;0.588;60;0;0;2.150;2.212;2.208;480;493;493;50.00;50.00;50.00;9321;1000;0.0;0;0.0000;0;0;19599;19599;19599
60;2014-04-29 14:48:00;909402N262;1603;19.626;43;234;234;233;234;2.378;49.99;554.9;1.237;630.5;0.703;765.7;0.645;60;0;0;2.339;2.402;2.393;525;538;538;49.99;49.99;49.99;9321;1000;0.0;0;0.0000;0;0;19626;19626;19626
60;2014-04-29 14:49:00;909402N262;1721;19.654;43;234;234;233;234;2.539;50.00;556.2;1.319;633.0;0.749;771.6;0.693;60;0;0;2.500;2.564;2.555;564;578;577;50.00;50.00;50.00;9321;1000;0.0;0;0.0000;0;0;19654;19654;19654
60;2014-04-29 14:50:00;909402N262;1806;19.685;43;234;234;233;234;2.661;50.00;557.5;1.384;635.3;0.778;774.6;0.728;60;0;0;2.622;2.690;2.673;593;607;604;50.00;50.00;50.00;9321;1000;0.0;0;0.0000;0;0;19685;19685;19685
60;2014-04-29 14:51:00;909402N262;1840;19.715;43;233;234;233;233;2.706;50.00;559.2;1.409;636.9;0.785;776.6;0.741;60;0;0;2.671;2.735;2.712;605;618;614;50.00;50.00;50.00;9321;1000;0.0;0;0.0000;0;0;19715;19715;19715
60;2014-04-29 14:52:00;909402N262;1844;19.746;43;234;234;233;234;2.711;50.00;560.9;1.414;637.2;0.782;777.8;0.742;60;0;0;2.670;2.744;2.720;605;621;616;50.00;50.00;50.00;9321;1000;0.0;0;0.0000;0;0;19746;19746;19746
60;2014-04-29 14:53:00;909402N262;1829;19.777;43;234;234;233;234;2.690;50.00;564.0;1.398;637.3;0.775;778.2;0.732;60;0;0;2.653;2.721;2.698;601;615;612;50.00;50.00;50.00;9321;1000;0.0;0;0.0000;0;0;19777;19777;19777
60;2014-04-29 14:54:00;909402N262;1880;19.807;43;234;234;234;234;2.757;50.01;566.7;1.434;639.0;0.792;779.2;0.751;60;0;0;2.717;2.793;2.761;617;634;627;50.01;50.01;50.01;9321;1000;0.0;0;0.0000;0;0;19807;19807;19807
60;2014-04-29 14:55:00;909402N262;1950;19.840;43;234;234;233;234;2.852;50.01;568.0;1.487;639.3;0.816;780.0;0.779;60;0;0;2.809;2.877;2.871;640;654;653;50.01;50.01;50.01;9321;1000;0.0;0;0.0000;0;0;19840;19840;19840
60;2014-04-29 14:56:00;909402N262;2002;19.873;42;234;235;234;234;2.920;50.02;568.9;1.533;638.2;0.834;781.1;0.797;60;0;0;2.874;2.940;2.948;657;670;672;50.02;50.02;50.02;9321;1000;0.0;0;0.0000;0;0;19873;19873;19873
60;2014-04-29 14:57:00;909402N262;2156;19.909;42;234;235;234;234;3.130;50.01;569.6;1.658;637.1;0.890;785.5;0.858;60;0;0;3.084;3.148;3.160;709;721;725;50.01;50.01;50.01;9321;1000;0.0;0;0.0000;0;0;19909;19909;19909
60;2014-04-29 14:58:00;909402N262;4218;19.980;42;234;235;233;234;6.037;50.00;567.7;3.295;646.6;1.640;792.6;1.704;60;0;0;5.993;6.051;6.068;1401;1401;1414;50.00;50.00;50.00;9321;1000;0.0;0;0.0000;0;0;19980;19980;19980
60;2014-04-29 14:59:00;909402N262;2433;20.020;42;234;235;233;235;3.523;50.02;568.6;1.894;636.2;1.005;787.9;0.944;60;0;0;3.475;3.542;3.553;802;808;820;50.02;50.02;50.02;9321;1000;0.0;0;0.0000;0;0;20020;20020;20020
60;2014-04-29 15:00:00;909402N262;2358;20.059;42;234;235;233;235;3.396;49.98;571.7;1.836;636.5;0.952;792.9;0.922;60;0;0;3.359;3.405;3.425;779;784;794;49.98;49.98;49.98;9321;1000;0.0;0;0.0000;0;0;20059;20059;20059
[wr_ende]
