20150222;070002;danfoss;My Plant;+0100
[wr_def_start]
909402N262;Inverter Type;Inverter Group;Hanzl
[wr_def_end]
[wr]
INTERVAL;TIMESTAMP;SERIAL;P_AC;E_DAY;T_WR;U_AC;U_AC_1;U_AC_2;U_AC_3;I_AC;F_AC;U_DC_1;I_DC_1;U_DC_2;I_DC_2;U_DC_3;I_DC_3;S;E_WR;M_WR;I_AC_1;I_AC_2;I_AC_3;P_AC_1;P_AC_2;P_AC_3;F_AC_1;F_AC_2;F_AC_3;R_DC;PC;PCS;PCS_LL;COS_PHI;COS_PHI_LL;S_COS_PHI;Current_Day_Energy;current_Day_Offset;ccEnergyOfDay_WithoutOffset
60;2015-02-22 06:57:00;909402N262;0;0.000;20;234;232;235;233;0.000;50.00;255.7;0.000;255.2;0.000;255.8;0.000;50;0;0;0.000;0.000;0.000;0;0;0;50.00;50.00;50.00;0;1000;0.0;0;1.0000;0;2;0;0;0
60;2015-02-22 06:58:00;909402N262;0;0.000;20;234;233;235;233;0.000;50.00;256.3;0.000;256.0;0.000;256.1;0.000;50;0;0;0.000;0.000;0.000;0;0;0;50.00;50.00;50.00;0;1000;0.0;0;1.0000;0;2;0;0;0
60;2015-02-22 06:59:00;909402N262;0;0.000;20;234;234;235;234;0.009;50.02;427.1;0.000;417.4;0.000;459.5;0.000;51;0;0;0.009;0.009;0.009;0;0;0;50.02;50.02;50.02;2039;1000;0.0;0;1.0000;0;2;0;0;0
60;2015-02-22 07:00:00;909402N262;0;0.000;20;233;233;234;233;0.002;50.04;467.8;0.002;459.1;0.001;525.7;0.001;52;0;0;0.007;0.000;0.000;0;0;0;50.04;50.04;50.04;12918;1000;0.0;0;1.0000;0;2;0;0;0
[wr_ende]
