20140602;130004;danfoss;My Plant;+0100
[wr_def_start]
909402N262;Inverter Type;Inverter Group;Hanzl
[wr_def_end]
[wr]
INTERVAL;TIMESTAMP;SERIAL;P_AC;E_DAY;T_WR;U_AC;U_AC_1;U_AC_2;U_AC_3;I_AC;F_AC;U_DC_1;I_DC_1;U_DC_2;I_DC_2;U_DC_3;I_DC_3;S;E_WR;M_WR;I_AC_1;I_AC_2;I_AC_3;P_AC_1;P_AC_2;P_AC_3;F_AC_1;F_AC_2;F_AC_3;R_DC;PC;PCS;PCS_LL;COS_PHI;COS_PHI_LL;S_COS_PHI;Current_Day_Energy;current_Day_Offset;ccEnergyOfDay_WithoutOffset
60;2014-06-02 12:01:00;909402N262;1692;14.126;43;234;234;234;234;2.492;50.01;552.6;1.275;625.3;0.786;775.8;0.657;60;0;0;2.446;2.527;2.503;553;570;566;50.01;50.01;50.01;8840;1000;0.0;0;0.0000;0;0;14126;14126;14126
60;2014-06-02 12:02:00;909402N262;1619;14.153;43;234;235;233;234;2.399;50.00;555.8;1.217;639.8;0.741;756.7;0.632;60;0;0;2.363;2.419;2.417;532;543;543;50.00;50.00;50.00;8840;1000;0.0;0;0.0000;0;0;14153;14153;14153
60;2014-06-02 12:03:00;909402N262;1575;14.179;43;233;234;233;233;2.341;50.01;555.9;1.179;639.2;0.719;754.3;0.622;60;0;0;2.303;2.360;2.362;516;527;530;50.01;50.01;50.01;8840;1000;0.0;0;0.0000;0;0;14179;14179;14179
60;2014-06-02 12:04:00;909402N262;1569;14.204;43;233;234;232;234;2.330;50.02;555.1;1.170;638.6;0.716;771.0;0.614;60;0;0;2.289;2.346;2.355;514;523;530;50.02;50.02;50.02;8840;1000;0.0;0;0.0000;0;0;14204;14204;14204
60;2014-06-02 12:05:00;909402N262;1580;14.231;43;234;234;233;234;2.341;50.01;555.5;1.173;640.5;0.714;781.6;0.615;60;0;0;2.304;2.367;2.354;518;530;530;50.01;50.01;50.01;8840;1000;0.0;0;0.0000;0;0;14231;14231;14231
60;2014-06-02 12:06:00;909402N262;1588;14.257;43;233;234;232;234;2.355;50.01;556.6;1.175;639.1;0.712;782.5;0.625;60;0;0;2.313;2.382;2.372;520;533;534;50.01;50.01;50.01;8840;1000;0.0;0;0.0000;0;0;14257;14257;14257
60;2014-06-02 12:07:00;909402N262;1570;14.284;43;233;234;232;234;2.329;50.00;556.7;1.165;639.1;0.695;784.2;0.621;60;0;0;2.281;2.358;2.348;513;526;529;50.00;50.00;50.00;8840;1000;0.0;0;0.0000;0;0;14284;14284;14284
60;2014-06-02 12:08:00;909402N262;1515;14.309;43;233;233;232;234;2.249;50.00;557.4;1.132;638.9;0.666;783.3;0.596;60;0;0;2.203;2.273;2.272;493;508;512;50.00;50.00;50.00;8840;1000;0.0;0;0.0000;0;0;14309;14309;14309
60;2014-06-02 12:09:00;909402N262;1453;14.333;43;233;233;233;234;2.157;49.99;557.6;1.094;638.1;0.640;782.0;0.567;60;0;0;2.114;2.184;2.175;472;489;490;49.99;49.99;49.99;8840;1000;0.0;0;0.0000;0;0;14333;14333;14333
60;2014-06-02 12:10:00;909402N262;1396;14.356;42;234;233;233;234;2.077;50.00;556.2;1.062;635.7;0.620;780.7;0.536;60;0;0;2.026;2.112;2.093;451;472;470;50.00;50.00;50.00;8840;1000;0.0;0;0.0000;0;0;14356;14356;14356
60;2014-06-02 12:11:00;909402N262;1341;14.379;42;234;233;234;234;2.001;50.00;554.4;1.030;633.8;0.597;779.0;0.512;60;0;0;1.957;2.034;2.013;435;454;450;50.00;50.00;50.00;8840;1000;0.0;0;0.0000;0;0;14379;14379;14379
60;2014-06-02 12:12:00;909402N262;1303;14.400;42;234;234;234;234;1.947;49.99;553.2;1.007;632.5;0.577;778.6;0.500;60;0;0;1.907;1.974;1.962;424;439;438;49.99;49.99;49.99;8840;1000;0.0;0;0.0000;0;0;14400;14400;14400
60;2014-06-02 12:13:00;909402N262;1272;14.422;42;234;234;234;234;1.903;49.98;554.8;0.980;632.8;0.556;778.5;0.492;60;0;0;1.865;1.932;1.912;414;430;426;49.98;49.98;49.98;8840;1000;0.0;0;0.0000;0;0;14422;14422;14422
60;2014-06-02 12:14:00;909402N262;1233;14.441;42;234;234;234;234;1.850;49.99;558.0;0.946;632.7;0.533;778.2;0.480;60;0;0;1.820;1.882;1.849;403;418;410;49.99;49.99;49.99;8840;1000;0.0;0;0.0000;0;0;14441;14441;14441
60;2014-06-02 12:15:00;909402N262;1179;14.462;42;234;234;234;234;1.784;50.00;555.4;0.913;632.1;0.509;778.1;0.458;60;0;0;1.754;1.822;1.776;385;402;390;50.00;50.00;50.00;8840;1000;0.0;0;0.0000;0;0;14462;14462;14462
60;2014-06-02 12:16:00;909402N262;1117;14.481;42;234;234;235;234;1.695;50.01;541.6;0.893;616.4;0.494;772.8;0.438;60;0;0;1.666;1.733;1.687;364;383;369;50.01;50.01;50.01;8840;1000;0.0;0;0.0000;0;0;14481;14481;14481
60;2014-06-02 12:17:00;909402N262;1117;14.499;42;234;233;235;234;1.708;50.00;548.4;0.874;633.7;0.492;775.2;0.429;60;0;0;1.681;1.746;1.697;364;383;368;50.00;50.00;50.00;8840;1000;0.0;0;0.0000;0;0;14499;14499;14499
60;2014-06-02 12:18:00;909402N262;1141;14.518;42;234;234;234;234;1.737;50.02;544.4;0.890;635.7;0.511;775.1;0.436;60;0;0;1.711;1.771;1.729;373;388;378;50.02;50.02;50.02;8840;1000;0.0;0;0.0000;0;0;14518;14518;14518
60;2014-06-02 12:19:00;909402N262;1197;14.538;42;234;234;233;234;1.804;50.03;540.2;0.932;637.4;0.544;775.3;0.456;60;0;0;1.769;1.840;1.804;389;407;399;50.03;50.03;50.03;8840;1000;0.0;0;0.0000;0;0;14538;14538;14538
60;2014-06-02 12:20:00;909402N262;1280;14.559;42;234;234;233;235;1.915;50.02;541.1;0.987;639.4;0.588;775.3;0.489;60;0;0;1.874;1.943;1.928;415;432;431;50.02;50.02;50.02;8840;1000;0.0;0;0.0000;0;0;14559;14559;14559
60;2014-06-02 12:21:00;909402N262;1381;14.582;42;234;234;232;235;2.055;50.01;547.0;1.045;642.2;0.635;777.0;0.529;60;0;0;2.018;2.073;2.074;451;462;466;50.01;50.01;50.01;8840;1000;0.0;0;0.0000;0;0;14582;14582;14582
60;2014-06-02 12:22:00;909402N262;1493;14.608;42;234;235;233;235;2.219;50.03;558.5;1.099;646.0;0.685;759.8;0.586;60;0;0;2.180;2.238;2.241;488;499;503;50.03;50.03;50.03;8840;1000;0.0;0;0.0000;0;0;14608;14608;14608
60;2014-06-02 12:23:00;909402N262;1613;14.635;42;234;234;233;235;2.387;50.01;558.7;1.179;648.7;0.739;760.1;0.639;60;0;0;2.342;2.407;2.414;527;540;545;50.01;50.01;50.01;8840;1000;0.0;0;0.0000;0;0;14635;14635;14635
60;2014-06-02 12:24:00;909402N262;1742;14.664;42;234;235;234;235;2.563;50.01;558.4;1.267;651.0;0.795;762.7;0.693;60;0;0;2.516;2.594;2.581;569;586;585;50.01;50.01;50.01;8840;1000;0.0;0;0.0000;0;0;14664;14664;14664
60;2014-06-02 12:25:00;909402N262;1871;14.695;42;235;235;234;235;2.722;50.01;558.6;1.354;652.4;0.850;785.7;0.729;60;0;0;2.689;2.758;2.720;616;630;623;50.01;50.01;50.01;8840;1000;0.0;0;0.0000;0;0;14695;14695;14695
60;2014-06-02 12:26:00;909402N262;1990;14.728;42;235;235;235;235;2.873;50.02;558.5;1.434;655.0;0.898;795.0;0.773;60;0;0;2.818;2.911;2.892;649;671;668;50.02;50.02;50.02;8840;1000;0.0;0;0.0000;0;0;14728;14728;14728
60;2014-06-02 12:27:00;909402N262;2119;14.763;42;235;235;235;235;3.047;50.01;558.4;1.524;657.5;0.951;795.1;0.829;60;0;0;2.980;3.076;3.085;690;713;715;50.01;50.01;50.01;8840;1000;0.0;0;0.0000;0;0;14763;14763;14763
60;2014-06-02 12:28:00;909402N262;2264;14.802;42;235;235;235;235;3.250;50.01;559.3;1.621;660.3;1.007;794.7;0.894;60;0;0;3.194;3.279;3.277;742;760;760;50.01;50.01;50.01;8840;1000;0.0;0;0.0000;0;0;14802;14802;14802
60;2014-06-02 12:29:00;909402N262;2405;14.841;42;235;235;235;235;3.447;50.02;560.4;1.718;662.5;1.063;794.5;0.955;60;0;0;3.389;3.473;3.480;788;805;809;50.02;50.02;50.02;8840;1000;0.0;0;0.0000;0;0;14841;14841;14841
60;2014-06-02 12:30:00;909402N262;2526;14.883;42;235;235;234;235;3.618;50.00;560.4;1.801;663.0;1.117;794.6;1.003;60;0;0;3.559;3.644;3.653;828;845;851;50.00;50.00;50.00;8840;1000;0.0;0;0.0000;0;0;14883;14883;14883
60;2014-06-02 12:31:00;909402N262;2617;14.927;42;235;235;234;235;3.755;50.00;568.5;1.845;647.3;1.184;792.3;1.053;60;0;0;3.698;3.775;3.792;861;877;880;50.00;50.00;50.00;8840;1000;0.0;0;0.0000;0;0;14927;14927;14927
60;2014-06-02 12:32:00;909402N262;2782;14.973;42;235;235;234;235;3.984;49.99;573.8;1.934;661.8;1.239;794.7;1.103;60;0;0;3.935;4.011;4.007;916;932;932;49.99;49.99;49.99;8840;1000;0.0;0;0.0000;0;0;14973;14973;14973
60;2014-06-02 12:33:00;909402N262;2940;15.022;42;235;235;234;235;4.210;49.99;571.3;2.053;661.0;1.315;794.9;1.164;60;0;0;4.157;4.238;4.236;968;984;987;49.99;49.99;49.99;8840;1000;0.0;0;0.0000;0;0;15022;15022;15022
60;2014-06-02 12:34:00;909402N262;3128;15.075;42;235;235;235;235;4.474;50.00;568.1;2.195;657.8;1.407;795.1;1.241;60;0;0;4.417;4.496;4.511;1030;1046;1051;50.00;50.00;50.00;8840;1000;0.0;0;0.0000;0;0;15075;15075;15075
60;2014-06-02 12:35:00;909402N262;3328;15.130;42;235;235;235;235;4.759;50.02;565.5;2.344;654.7;1.500;794.5;1.328;60;0;0;4.707;4.784;4.786;1097;1114;1115;50.02;50.02;50.02;8840;1000;0.0;0;0.0000;0;0;15130;15130;15130
60;2014-06-02 12:36:00;909402N262;3517;15.188;42;235;234;235;235;5.026;50.01;562.6;2.492;655.2;1.574;795.0;1.411;60;0;0;4.951;5.060;5.069;1150;1181;1184;50.01;50.01;50.01;8840;1000;0.0;0;0.0000;0;0;15188;15188;15188
60;2014-06-02 12:37:00;909402N262;3722;15.250;42;235;234;235;235;5.312;50.00;560.4;2.653;655.7;1.655;795.0;1.498;60;0;0;5.240;5.342;5.355;1220;1247;1252;50.00;50.00;50.00;8840;1000;0.0;0;0.0000;0;0;15250;15250;15250
60;2014-06-02 12:38:00;909402N262;4112;15.319;42;235;234;235;235;5.870;50.01;558.9;2.934;657.4;1.800;792.2;1.689;60;0;0;5.801;5.898;5.912;1351;1377;1381;50.01;50.01;50.01;8840;1000;0.0;0;0.0000;0;0;15319;15319;15319
60;2014-06-02 12:39:00;909402N262;4368;15.392;42;235;234;235;236;6.232;50.00;557.8;3.119;658.9;1.907;789.9;1.806;60;0;0;6.156;6.261;6.280;1434;1462;1470;50.00;50.00;50.00;8840;1000;0.0;0;0.0000;0;0;15392;15392;15392
60;2014-06-02 12:40:00;909402N262;4195;15.462;42;235;234;235;235;5.983;50.01;556.1;3.025;656.2;1.840;794.8;1.706;60;0;0;5.902;6.020;6.029;1375;1406;1412;50.01;50.01;50.01;8840;1000;0.0;0;0.0000;0;0;15462;15462;15462
60;2014-06-02 12:41:00;909402N262;4253;15.533;42;235;235;235;235;6.066;50.00;554.8;3.074;656.0;1.858;794.7;1.737;60;0;0;6.009;6.104;6.086;1403;1428;1421;50.00;50.00;50.00;8840;1000;0.0;0;0.0000;0;0;15533;15533;15533
60;2014-06-02 12:42:00;909402N262;4516;15.608;42;235;234;235;235;6.436;50.02;554.2;3.251;657.5;1.954;792.9;1.875;60;0;0;6.380;6.461;6.467;1489;1515;1510;50.02;50.02;50.02;8840;1000;0.0;0;0.0000;0;0;15608;15608;15608
60;2014-06-02 12:43:00;909402N262;4643;15.686;42;235;235;235;235;6.623;50.02;553.3;3.382;659.0;2.025;793.5;1.900;60;0;0;6.564;6.669;6.638;1532;1559;1549;50.02;50.02;50.02;8840;1000;0.0;0;0.0000;0;0;15686;15686;15686
60;2014-06-02 12:44:00;909402N262;4587;15.762;42;235;234;235;235;6.533;50.02;551.6;3.341;658.1;1.969;794.8;1.895;60;0;0;6.471;6.576;6.554;1512;1542;1531;50.02;50.02;50.02;8840;1000;0.0;0;0.0000;0;0;15762;15762;15762
60;2014-06-02 12:45:00;909402N262;7119;15.881;42;235;235;236;234;10.105;50.02;553.5;5.026;665.1;2.973;793.3;3.105;60;0;0;10.054;10.174;10.089;2365;2389;2361;50.02;50.02;50.02;8840;1000;0.0;0;0.0000;0;0;15881;15881;15881
60;2014-06-02 12:46:00;909402N262;5303;15.968;42;234;235;235;234;7.553;50.01;544.2;3.885;642.0;2.292;792.4;2.273;60;0;0;7.504;7.601;7.554;1756;1784;1760;50.01;50.01;50.01;8840;1000;0.0;0;0.0000;0;0;15968;15968;15968
60;2014-06-02 12:47:00;909402N262;4704;16.047;42;235;235;235;234;6.712;50.03;545.8;3.459;653.9;2.012;794.6;1.952;60;0;0;6.660;6.764;6.712;1557;1581;1564;50.03;50.03;50.03;8840;1000;0.0;0;0.0000;0;0;16047;16047;16047
60;2014-06-02 12:48:00;909402N262;4228;16.117;42;235;235;235;234;6.034;50.01;545.2;3.139;651.3;1.802;795.0;1.750;60;0;0;5.988;6.079;6.035;1400;1420;1405;50.01;50.01;50.01;8840;1000;0.0;0;0.0000;0;0;16117;16117;16117
60;2014-06-02 12:49:00;909402N262;4112;16.185;42;234;235;235;234;5.878;50.01;545.6;3.060;650.8;1.746;794.8;1.702;60;0;0;5.837;5.925;5.873;1363;1382;1364;50.01;50.01;50.01;8840;1000;0.0;0;0.0000;0;0;16185;16185;16185
60;2014-06-02 12:50:00;909402N262;4083;16.254;43;234;235;234;234;5.839;50.01;546.7;3.041;651.2;1.726;795.0;1.688;60;0;0;5.805;5.874;5.840;1357;1368;1357;50.01;50.01;50.01;8840;1000;0.0;0;0.0000;0;0;16254;16254;16254
60;2014-06-02 12:51:00;909402N262;4204;16.324;43;234;235;234;234;6.006;50.01;546.8;3.135;651.3;1.774;794.8;1.741;60;0;0;5.964;6.030;6.024;1395;1404;1403;50.01;50.01;50.01;8840;1000;0.0;0;0.0000;0;0;16324;16324;16324
60;2014-06-02 12:52:00;909402N262;4365;16.396;43;234;235;234;234;6.235;50.01;546.4;3.269;650.7;1.850;794.7;1.798;60;0;0;6.194;6.261;6.251;1449;1459;1455;50.01;50.01;50.01;8840;1000;0.0;0;0.0000;0;0;16396;16396;16396
60;2014-06-02 12:53:00;909402N262;4500;16.471;43;235;235;235;234;6.413;50.01;546.4;3.365;649.4;1.933;794.6;1.838;60;0;0;6.387;6.427;6.427;1497;1503;1499;50.01;50.01;50.01;8840;1000;0.0;0;0.0000;0;0;16471;16471;16471
60;2014-06-02 12:54:00;909402N262;4576;16.548;43;235;235;235;235;6.515;50.01;545.3;3.425;647.8;1.973;794.6;1.873;60;0;0;6.464;6.532;6.550;1515;1527;1533;50.01;50.01;50.01;8840;1000;0.0;0;0.0000;0;0;16548;16548;16548
60;2014-06-02 12:55:00;909402N262;6086;16.651;43;235;236;235;235;8.623;50.01;545.5;4.423;654.2;2.604;792.9;2.593;60;0;0;8.599;8.614;8.656;2027;2030;2027;50.01;50.01;50.01;8840;1000;0.0;0;0.0000;0;0;16651;16651;16651
60;2014-06-02 12:56:00;909402N262;5350;16.739;43;235;235;235;235;7.595;50.01;543.7;3.973;652.8;2.309;794.8;2.207;60;0;0;7.544;7.606;7.635;1772;1787;1791;50.01;50.01;50.01;8840;1000;0.0;0;0.0000;0;0;16739;16739;16739
60;2014-06-02 12:57:00;909402N262;8967;16.890;43;235;236;236;235;12.667;50.01;540.8;6.568;659.7;3.817;794.9;3.828;60;0;0;12.655;12.656;12.690;2990;2996;2979;50.01;50.01;50.01;8840;1000;0.0;0;0.0000;0;0;16890;16890;16890
60;2014-06-02 12:58:00;909402N262;10491;17.064;43;236;236;236;236;14.807;50.02;533.1;7.642;657.1;4.512;794.9;4.578;60;0;0;14.735;14.828;14.859;3482;3502;3505;50.02;50.02;50.02;8840;1000;0.0;0;0.0000;0;0;17064;17064;17064
60;2014-06-02 12:59:00;909402N262;6480;17.172;43;236;236;236;235;9.184;50.02;534.8;4.808;649.8;2.851;793.9;2.713;60;0;0;9.144;9.210;9.200;2156;2164;2158;50.02;50.02;50.02;8840;1000;0.0;0;0.0000;0;0;17172;17172;17172
60;2014-06-02 13:00:00;909402N262;9701;17.334;43;236;236;235;236;13.696;49.97;530.3;7.127;653.3;4.156;794.8;4.251;60;0;0;13.659;13.684;13.747;3232;3221;3246;49.97;49.97;49.97;8840;1000;0.0;0;0.0000;0;0;17334;17334;17334
[wr_ende]
