20140616;190004;danfoss;My Plant;+0100
[wr_def_start]
909402N262;Inverter Type;Inverter Group;Hanzl
[wr_def_end]
[wr]
INTERVAL;TIMESTAMP;SERIAL;P_AC;E_DAY;T_WR;U_AC;U_AC_1;U_AC_2;U_AC_3;I_AC;F_AC;U_DC_1;I_DC_1;U_DC_2;I_DC_2;U_DC_3;I_DC_3;S;E_WR;M_WR;I_AC_1;I_AC_2;I_AC_3;P_AC_1;P_AC_2;P_AC_3;F_AC_1;F_AC_2;F_AC_3;R_DC;PC;PCS;PCS_LL;COS_PHI;COS_PHI_LL;S_COS_PHI;Current_Day_Energy;current_Day_Offset;ccEnergyOfDay_WithoutOffset
60;2014-06-16 18:01:00;909402N262;2882;63.822;47;235;235;235;235;4.141;50.04;501.5;2.270;638.8;1.285;767.4;1.254;60;0;0;4.093;4.162;4.168;950;962;967;50.04;50.04;50.04;12405;1000;0.0;0;0.0000;0;0;63822;63822;63822
60;2014-06-16 18:02:00;909402N262;3259;63.877;47;235;236;235;235;4.692;50.04;505.9;2.527;644.9;1.427;780.6;1.403;60;0;0;4.649;4.718;4.710;1075;1087;1092;50.04;50.04;50.04;12405;1000;0.0;0;0.0000;0;0;63877;63877;63877
60;2014-06-16 18:03:00;909402N262;3508;63.935;47;235;236;235;236;5.046;50.04;509.9;2.692;646.4;1.539;781.3;1.519;60;0;0;5.007;5.070;5.062;1160;1175;1172;50.04;50.04;50.04;12405;1000;0.0;0;0.0000;0;0;63935;63935;63935
60;2014-06-16 18:04:00;909402N262;4096;64.004;47;236;236;235;236;5.868;50.04;515.8;3.069;649.6;1.789;784.0;1.791;60;0;0;5.832;5.883;5.891;1358;1365;1372;50.04;50.04;50.04;12405;1000;0.0;0;0.0000;0;0;64004;64004;64004
60;2014-06-16 18:05:00;909402N262;4350;64.076;47;234;234;233;234;6.270;50.03;526.4;3.116;650.1;1.914;784.4;1.944;60;0;0;6.222;6.288;6.302;1440;1451;1459;50.03;50.03;50.03;12405;1000;0.0;0;0.0000;0;0;64076;64076;64076
60;2014-06-16 18:06:00;909402N262;4316;64.147;47;233;233;233;233;6.245;50.01;535.8;2.933;649.4;1.932;783.4;1.979;60;0;0;6.196;6.277;6.264;1427;1445;1442;50.01;50.01;50.01;12405;1000;0.0;0;0.0000;0;0;64147;64147;64147
60;2014-06-16 18:07:00;909402N262;3966;64.214;47;233;233;233;233;5.747;50.01;541.0;2.581;646.7;1.821;781.4;1.848;60;0;0;5.694;5.783;5.766;1309;1330;1327;50.01;50.01;50.01;12405;1000;0.0;0;0.0000;0;0;64214;64214;64214
60;2014-06-16 18:08:00;909402N262;3821;64.278;47;233;233;233;233;5.540;50.00;547.5;2.341;645.7;1.804;780.1;1.822;60;0;0;5.489;5.574;5.558;1262;1279;1279;50.00;50.00;50.00;12405;1000;0.0;0;0.0000;0;0;64278;64278;64278
60;2014-06-16 18:09:00;909402N262;3543;64.337;47;233;233;233;233;5.147;50.01;548.7;2.108;644.3;1.704;778.9;1.709;60;0;0;5.094;5.174;5.173;1168;1185;1187;50.01;50.01;50.01;12405;1000;0.0;0;0.0000;0;0;64337;64337;64337
60;2014-06-16 18:10:00;909402N262;3378;64.393;47;233;233;232;233;4.929;50.02;550.8;1.954;642.8;1.648;778.5;1.648;60;0;0;4.875;4.955;4.959;1115;1127;1136;50.02;50.02;50.02;12405;1000;0.0;0;0.0000;0;0;64393;64393;64393
60;2014-06-16 18:11:00;909402N262;3119;64.444;46;235;235;234;236;4.509;50.02;548.9;1.822;641.0;1.526;777.0;1.508;60;0;0;4.458;4.534;4.536;1027;1042;1049;50.02;50.02;50.02;12405;1000;0.0;0;0.0000;0;0;64444;64444;64444
60;2014-06-16 18:12:00;909402N262;2767;64.492;46;235;235;234;236;4.017;50.03;540.0;1.747;637.5;1.334;774.1;1.294;60;0;0;3.961;4.034;4.057;911;921;935;50.03;50.03;50.03;12405;1000;0.0;0;0.0000;0;0;64492;64492;64492
60;2014-06-16 18:13:00;909402N262;2590;64.534;46;235;236;234;236;3.759;50.03;535.0;1.708;635.6;1.242;771.8;1.184;60;0;0;3.709;3.778;3.792;853;862;873;50.03;50.03;50.03;12405;1000;0.0;0;0.0000;0;0;64534;64534;64534
60;2014-06-16 18:14:00;909402N262;2699;64.580;46;235;234;235;236;3.907;50.02;542.1;1.691;637.9;1.307;775.2;1.256;60;0;0;3.828;3.948;3.947;877;908;912;50.02;50.02;50.02;12405;1000;0.0;0;0.0000;0;0;64580;64580;64580
60;2014-06-16 18:15:00;909402N262;2682;64.624;46;235;234;236;236;3.893;50.01;542.2;1.677;638.7;1.291;775.9;1.259;60;0;0;3.816;3.934;3.931;872;903;906;50.01;50.01;50.01;12405;1000;0.0;0;0.0000;0;0;64624;64624;64624
60;2014-06-16 18:16:00;909402N262;2338;64.664;46;235;233;235;236;3.410;50.02;514.2;1.682;620.4;1.120;769.4;1.046;60;0;0;3.335;3.444;3.452;758;788;791;50.02;50.02;50.02;12405;1000;0.0;0;0.0000;0;0;64664;64664;64664
60;2014-06-16 18:17:00;909402N262;2470;64.705;46;235;233;236;235;3.592;50.03;481.9;1.941;635.4;1.144;772.1;1.081;60;0;0;3.518;3.629;3.630;800;834;834;50.03;50.03;50.03;12405;1000;0.0;0;0.0000;0;0;64705;64705;64705
60;2014-06-16 18:18:00;909402N262;3167;64.757;46;235;234;236;236;4.566;50.01;474.6;2.492;642.8;1.443;778.1;1.405;60;0;0;4.486;4.613;4.599;1029;1071;1065;50.01;50.01;50.01;12405;1000;0.0;0;0.0000;0;0;64757;64757;64757
60;2014-06-16 18:19:00;909402N262;3589;64.818;46;235;234;236;236;5.156;50.01;470.1;2.816;645.5;1.618;779.8;1.622;60;0;0;5.082;5.204;5.182;1173;1209;1205;50.01;50.01;50.01;12405;1000;0.0;0;0.0000;0;0;64818;64818;64818
60;2014-06-16 18:20:00;909402N262;3601;64.877;46;235;235;236;236;5.173;50.00;456.1;2.909;645.1;1.624;779.5;1.628;60;0;0;5.105;5.216;5.200;1179;1208;1210;50.01;50.00;50.00;12405;1000;0.0;0;0.0000;0;0;64877;64877;64877
60;2014-06-16 18:21:00;909402N262;3589;64.935;46;235;235;236;235;5.165;50.00;455.7;2.906;644.6;1.624;779.0;1.629;60;0;0;5.109;5.204;5.184;1182;1206;1200;50.00;50.00;50.00;12405;1000;0.0;0;0.0000;0;0;64935;64935;64935
60;2014-06-16 18:22:00;909402N262;3571;64.995;46;235;235;235;236;5.139;49.99;455.5;2.889;644.0;1.617;778.5;1.620;60;0;0;5.087;5.165;5.165;1177;1194;1198;49.99;49.99;49.99;12405;1000;0.0;0;0.0000;0;0;64995;64995;64995
60;2014-06-16 18:23:00;909402N262;3420;65.052;46;235;235;235;236;4.927;49.99;454.8;2.771;642.4;1.554;777.6;1.550;60;0;0;4.872;4.954;4.955;1127;1143;1148;49.99;49.99;49.99;12405;1000;0.0;0;0.0000;0;0;65052;65052;65052
60;2014-06-16 18:24:00;909402N262;3341;65.108;46;235;235;235;236;4.813;49.99;454.5;2.706;641.4;1.520;777.6;1.512;60;0;0;4.760;4.847;4.834;1099;1118;1120;49.99;49.99;49.99;12405;1000;0.0;0;0.0000;0;0;65108;65108;65108
60;2014-06-16 18:25:00;909402N262;3270;65.163;46;235;235;235;236;4.719;49.99;454.3;2.653;640.9;1.491;776.9;1.481;60;0;0;4.663;4.752;4.743;1076;1095;1097;49.99;49.99;49.99;12405;1000;0.0;0;0.0000;0;0;65163;65163;65163
60;2014-06-16 18:26:00;909402N262;2924;65.212;46;235;235;235;235;4.235;50.01;452.1;2.388;638.3;1.341;774.4;1.323;60;0;0;4.180;4.272;4.255;963;979;980;50.01;50.01;50.01;12405;1000;0.0;0;0.0000;0;0;65212;65212;65212
60;2014-06-16 18:27:00;909402N262;2650;65.256;46;235;236;235;235;3.835;50.02;458.1;2.140;636.2;1.239;771.0;1.179;60;0;0;3.788;3.868;3.850;872;889;886;50.02;50.02;50.02;12405;1000;0.0;0;0.0000;0;0;65256;65256;65256
60;2014-06-16 18:28:00;909402N262;2635;65.299;46;235;236;235;235;3.816;50.00;466.1;2.070;636.4;1.230;772.6;1.186;60;0;0;3.767;3.848;3.833;867;883;882;50.00;50.00;50.00;12405;1000;0.0;0;0.0000;0;0;65299;65299;65299
60;2014-06-16 18:29:00;909402N262;2674;65.343;46;235;236;235;235;3.871;49.99;443.9;2.205;638.0;1.238;773.8;1.208;60;0;0;3.822;3.904;3.889;880;896;895;49.99;49.99;49.99;12405;1000;0.0;0;0.0000;0;0;65343;65343;65343
60;2014-06-16 18:30:00;909402N262;2575;65.388;46;235;236;235;235;3.734;50.01;443.6;2.128;637.3;1.194;773.4;1.161;60;0;0;3.680;3.769;3.754;846;864;862;50.01;50.01;50.01;12405;1000;0.0;0;0.0000;0;0;65388;65388;65388
60;2014-06-16 18:31:00;909402N262;2489;65.429;46;235;235;235;235;3.606;50.01;441.1;2.080;621.4;1.173;774.2;1.132;60;0;0;3.552;3.634;3.632;816;835;834;50.01;50.01;50.01;12405;1000;0.0;0;0.0000;0;0;65429;65429;65429
60;2014-06-16 18:32:00;909402N262;2423;65.469;46;235;235;235;236;3.519;50.01;443.8;2.005;636.2;1.130;772.9;1.090;60;0;0;3.457;3.556;3.544;792;814;814;50.01;50.01;50.01;12405;1000;0.0;0;0.0000;0;0;65469;65469;65469
60;2014-06-16 18:33:00;909402N262;2292;65.507;46;236;235;236;236;3.329;50.00;450.7;1.860;634.6;1.076;772.0;1.028;60;0;0;3.270;3.366;3.353;748;771;769;50.00;50.00;50.00;12405;1000;0.0;0;0.0000;0;0;65507;65507;65507
60;2014-06-16 18:34:00;909402N262;2467;65.549;46;235;235;236;236;3.580;49.99;453.4;1.969;637.6;1.152;775.3;1.116;60;0;0;3.511;3.622;3.608;804;831;829;49.99;49.99;49.99;12405;1000;0.0;0;0.0000;0;0;65549;65549;65549
60;2014-06-16 18:35:00;909402N262;2672;65.593;46;236;235;236;236;3.869;50.00;437.5;2.203;639.8;1.234;777.1;1.222;60;0;0;3.796;3.913;3.898;870;900;899;50.00;50.00;50.00;12405;1000;0.0;0;0.0000;0;0;65593;65593;65593
60;2014-06-16 18:36:00;909402N262;2427;65.634;46;236;235;235;236;3.531;50.01;443.8;1.969;637.5;1.135;774.7;1.110;60;0;0;3.469;3.566;3.558;796;814;817;50.01;50.01;50.01;12405;1000;0.0;0;0.0000;0;0;65634;65634;65634
60;2014-06-16 18:37:00;909402N262;2188;65.670;46;236;235;236;236;3.192;50.00;449.1;1.742;634.7;1.038;772.0;0.997;60;0;0;3.128;3.233;3.216;714;738;736;50.00;50.00;50.00;12405;1000;0.0;0;0.0000;0;0;65670;65670;65670
60;2014-06-16 18:38:00;909402N262;1974;65.703;46;235;235;236;236;2.904;50.00;449.3;1.573;631.6;0.948;769.8;0.894;60;0;0;2.839;2.958;2.917;642;669;660;50.00;50.00;50.00;12405;1000;0.0;0;0.0000;0;0;65703;65703;65703
60;2014-06-16 18:39:00;909402N262;1926;65.735;46;235;235;236;235;2.840;50.00;431.9;1.606;631.5;0.926;769.9;0.869;60;0;0;2.778;2.895;2.848;625;655;643;50.00;50.00;50.00;12405;1000;0.0;0;0.0000;0;0;65735;65735;65735
60;2014-06-16 18:40:00;909402N262;1917;65.768;46;235;235;235;235;2.828;49.99;423.8;1.628;631.9;0.920;770.9;0.864;60;0;0;2.772;2.883;2.830;624;651;639;49.99;49.99;49.99;12405;1000;0.0;0;0.0000;0;0;65768;65768;65768
60;2014-06-16 18:41:00;909402N262;2004;65.801;46;235;235;235;235;2.945;50.00;424.7;1.695;634.2;0.954;773.0;0.907;60;0;0;2.877;2.993;2.965;650;677;674;50.00;50.00;50.00;12405;1000;0.0;0;0.0000;0;0;65801;65801;65801
60;2014-06-16 18:42:00;909402N262;1958;65.833;46;235;235;235;235;2.886;49.99;424.5;1.655;633.6;0.935;772.6;0.885;60;0;0;2.827;2.934;2.899;637;662;656;49.99;49.99;49.99;12405;1000;0.0;0;0.0000;0;0;65833;65833;65833
60;2014-06-16 18:43:00;909402N262;1998;65.867;46;235;235;235;235;2.934;49.98;428.3;1.666;634.8;0.951;773.6;0.906;60;0;0;2.866;2.979;2.958;648;675;671;49.98;49.98;49.98;12405;1000;0.0;0;0.0000;0;0;65867;65867;65867
60;2014-06-16 18:44:00;909402N262;1909;65.898;46;235;235;235;235;2.822;49.99;435.4;1.558;633.4;0.917;773.4;0.868;60;0;0;2.769;2.879;2.820;622;649;636;49.99;49.99;49.99;12405;1000;0.0;0;0.0000;0;0;65898;65898;65898
60;2014-06-16 18:45:00;909402N262;1777;65.929;46;235;234;235;235;2.648;50.00;438.4;1.438;631.5;0.863;771.6;0.807;60;0;0;2.592;2.695;2.659;577;603;596;50.00;50.00;50.00;12405;1000;0.0;0;0.0000;0;0;65929;65929;65929
60;2014-06-16 18:46:00;909402N262;1804;65.959;46;235;235;236;236;2.670;50.01;437.2;1.449;618.2;0.888;773.7;0.832;60;0;0;2.611;2.716;2.684;584;613;605;50.01;50.01;50.01;12405;1000;0.0;0;0.0000;0;0;65959;65959;65959
60;2014-06-16 18:47:00;909402N262;1993;65.992;45;235;236;236;234;2.928;49.99;407.3;1.698;636.5;0.958;775.9;0.919;60;0;0;2.883;2.976;2.926;653;676;661;49.99;49.99;49.99;12405;1000;0.0;0;0.0000;0;0;65992;65992;65992
60;2014-06-16 18:48:00;909402N262;2047;66.026;45;235;236;236;235;2.997;49.96;408.1;1.737;637.6;0.979;776.7;0.946;60;0;0;2.947;3.039;3.006;670;692;683;49.96;49.96;49.96;12405;1000;0.0;0;0.0000;0;0;66026;66026;66026
60;2014-06-16 18:49:00;909402N262;2040;66.060;45;236;235;236;236;2.986;49.96;408.0;1.729;637.9;0.977;776.5;0.943;60;0;0;2.927;3.019;3.013;664;686;687;49.96;49.96;49.96;12405;1000;0.0;0;0.0000;0;0;66060;66060;66060
60;2014-06-16 18:50:00;909402N262;2008;66.093;45;236;236;236;236;2.945;49.96;407.5;1.702;637.1;0.964;776.0;0.931;60;0;0;2.888;2.983;2.964;655;677;675;49.96;49.96;49.96;12405;1000;0.0;0;0.0000;0;0;66093;66093;66093
60;2014-06-16 18:51:00;909402N262;2012;66.127;45;236;236;236;236;2.948;49.95;407.3;1.702;636.7;0.968;776.4;0.929;60;0;0;2.893;2.987;2.965;656;677;675;49.95;49.95;49.95;12405;1000;0.0;0;0.0000;0;0;66127;66127;66127
60;2014-06-16 18:52:00;909402N262;1922;66.159;45;235;235;235;236;2.829;49.96;410.1;1.611;635.4;0.930;775.7;0.886;60;0;0;2.776;2.875;2.837;626;651;644;49.96;49.96;49.96;12405;1000;0.0;0;0.0000;0;0;66159;66159;66159
60;2014-06-16 18:53:00;909402N262;1971;66.192;45;235;235;235;235;2.904;49.99;421.1;1.586;636.0;0.961;776.2;0.918;60;0;0;2.847;2.945;2.920;642;665;661;49.99;49.99;49.99;12405;1000;0.0;0;0.0000;0;0;66192;66192;66192
60;2014-06-16 18:54:00;909402N262;1674;66.219;45;235;235;235;235;2.506;49.99;416.7;1.373;631.3;0.830;772.1;0.774;60;0;0;2.453;2.544;2.523;545;565;563;49.99;49.99;49.99;12405;1000;0.0;0;0.0000;0;0;66219;66219;66219
60;2014-06-16 18:55:00;909402N262;1682;66.248;45;235;234;235;235;2.520;50.00;415.8;1.359;631.8;0.838;772.9;0.786;60;0;0;2.467;2.562;2.532;547;569;565;50.00;50.00;50.00;12405;1000;0.0;0;0.0000;0;0;66248;66248;66248
60;2014-06-16 18:56:00;909402N262;1653;66.275;45;235;234;235;235;2.475;50.00;426.0;1.283;631.1;0.829;772.5;0.776;60;0;0;2.419;2.518;2.488;537;560;555;50.00;50.00;50.00;12405;1000;0.0;0;0.0000;0;0;66275;66275;66275
60;2014-06-16 18:57:00;909402N262;1578;66.302;45;235;235;235;235;2.373;50.00;429.0;1.219;630.9;0.794;771.5;0.741;60;0;0;2.321;2.412;2.386;513;534;530;50.00;50.00;50.00;12405;1000;0.0;0;0.0000;0;0;66302;66302;66302
60;2014-06-16 18:58:00;909402N262;1474;66.326;45;235;235;235;235;2.220;50.00;475.5;1.094;627.8;0.731;768.3;0.670;60;0;0;2.171;2.260;2.231;478;500;494;50.00;50.00;50.00;12405;1000;0.0;0;0.0000;0;0;66326;66326;66326
60;2014-06-16 18:59:00;909402N262;1378;66.349;45;235;235;234;235;2.092;50.01;519.1;0.989;625.9;0.670;765.4;0.602;60;0;0;2.042;2.131;2.104;447;467;463;50.01;50.01;50.01;12405;1000;0.0;0;0.0000;0;0;66349;66349;66349
60;2014-06-16 19:00:00;909402N262;1317;66.371;45;235;235;234;236;2.000;49.99;515.6;0.967;625.2;0.636;764.0;0.566;60;0;0;1.953;2.032;2.016;427;444;443;49.99;49.99;49.99;12405;1000;0.0;0;0.0000;0;0;66371;66371;66371
[wr_ende]
