20140305;070000;danfoss;My Plant;+0100
[wr_def_start]
909402N262;Inverter Type;Inverter Group;Hanzl
[wr_def_end]
[wr]
INTERVAL;TIMESTAMP;SERIAL;P_AC;E_DAY;T_WR;U_AC;U_AC_1;U_AC_2;U_AC_3;I_AC;F_AC;U_DC_1;I_DC_1;U_DC_2;I_DC_2;U_DC_3;I_DC_3;S;E_WR;M_WR;I_AC_1;I_AC_2;I_AC_3;P_AC_1;P_AC_2;P_AC_3;F_AC_1;F_AC_2;F_AC_3;R_DC;PC;PCS;PCS_LL;COS_PHI;COS_PHI_LL;S_COS_PHI;Current_Day_Energy;current_Day_Offset;ccEnergyOfDay_WithoutOffset
60;2014-03-05 06:10:00;909402N262;0;0.000;0;0;0;0;0;0.000;0.11;0.4;0.000;0.3;0.000;0.3;0.000;50;0;0;0.000;0.000;0.000;0;0;0;0.11;0.11;0.11;50;1000;0.0;0;0.0000;0;0;0;0;0
60;2014-03-05 06:11:00;909402N262;0;0.000;12;235;235;236;234;0.000;49.95;229.8;0.000;229.0;0.000;229.7;0.000;50;0;0;0.000;0.000;0.000;0;0;0;49.95;49.95;49.95;0;1000;0.0;0;0.0000;0;0;0;0;0
60;2014-03-05 06:12:00;909402N262;0;0.000;12;235;235;236;234;0.000;49.95;228.8;0.000;228.3;0.000;228.8;0.000;50;0;0;0.000;0.000;0.000;0;0;0;49.95;49.95;49.95;0;1000;0.0;0;0.0000;0;0;0;0;0
60;2014-03-05 06:13:00;909402N262;0;0.000;13;235;235;236;234;0.000;49.95;228.9;0.000;228.3;0.000;228.8;0.000;50;0;0;0.000;0.000;0.000;0;0;0;49.95;49.95;49.95;0;1000;0.0;0;0.0000;0;0;0;0;0
60;2014-03-05 06:14:00;909402N262;0;0.000;13;235;235;237;234;0.000;49.95;228.3;0.000;228.1;0.000;228.5;0.000;50;0;0;0.000;0.000;0.000;0;0;0;49.95;49.95;49.95;0;1000;0.0;0;0.0000;0;0;0;0;0
60;2014-03-05 06:15:00;909402N262;0;0.000;14;234;234;236;233;0.000;49.96;228.8;0.000;228.0;0.000;228.7;0.000;50;0;0;0.000;0.000;0.000;0;0;0;49.96;49.96;49.96;0;1000;0.0;0;0.0000;0;0;0;0;0
60;2014-03-05 06:16:00;909402N262;0;0.000;14;233;233;235;232;0.000;49.98;231.0;0.000;230.4;0.000;230.4;0.000;50;0;0;0.000;0.000;0.000;0;0;0;49.98;49.98;49.98;0;1000;0.0;0;0.0000;0;0;0;0;0
60;2014-03-05 06:17:00;909402N262;0;0.000;15;233;233;234;232;0.000;49.98;229.3;0.000;228.8;0.000;229.3;0.000;50;0;0;0.000;0.000;0.000;0;0;0;49.98;49.98;49.98;0;1000;0.0;0;0.0000;0;0;0;0;0
60;2014-03-05 06:18:00;909402N262;0;0.000;15;233;233;234;232;0.000;49.98;230.3;0.000;229.7;0.000;229.8;0.000;50;0;0;0.000;0.000;0.000;0;0;0;49.98;49.98;49.98;0;1000;0.0;0;0.0000;0;0;0;0;0
60;2014-03-05 06:19:00;909402N262;0;0.000;15;233;232;234;232;0.000;50.00;233.3;0.000;232.8;0.000;232.9;0.000;50;0;0;0.000;0.000;0.000;0;0;0;50.00;50.00;50.00;0;1000;0.0;0;0.0000;0;0;0;0;0
60;2014-03-05 06:20:00;909402N262;0;0.000;16;232;232;233;232;0.000;50.00;237.9;0.000;237.3;0.000;238.1;0.000;50;0;0;0.000;0.000;0.000;0;0;0;50.00;50.00;50.00;0;1000;0.0;0;0.0000;0;0;0;0;0
60;2014-03-05 06:21:00;909402N262;0;0.000;16;232;232;233;231;0.000;49.99;229.1;0.000;228.5;0.000;228.9;0.000;50;0;0;0.000;0.000;0.000;0;0;0;49.99;49.99;49.99;0;1000;0.0;0;0.0000;0;0;0;0;0
60;2014-03-05 06:22:00;909402N262;0;0.000;16;232;232;233;232;0.000;49.99;228.4;0.000;227.8;0.000;228.8;0.000;50;0;0;0.000;0.000;0.000;0;0;0;49.99;49.99;49.99;0;1000;0.0;0;0.0000;0;0;0;0;0
60;2014-03-05 06:23:00;909402N262;0;0.000;16;232;232;233;232;0.000;50.01;231.0;0.000;230.3;0.000;231.0;0.000;50;0;0;0.000;0.000;0.000;0;0;0;50.01;50.01;50.01;0;1000;0.0;0;0.0000;0;0;0;0;0
60;2014-03-05 06:24:00;909402N262;0;0.000;16;232;232;233;231;0.000;49.99;233.6;0.000;233.0;0.000;233.7;0.000;50;0;0;0.000;0.000;0.000;0;0;0;49.99;49.99;49.99;0;1000;0.0;0;0.0000;0;0;0;0;0
60;2014-03-05 06:25:00;909402N262;0;0.000;16;232;232;232;231;0.000;49.98;235.5;0.000;234.9;0.000;235.9;0.000;50;0;0;0.000;0.000;0.000;0;0;0;49.98;49.98;49.98;0;1000;0.0;0;0.0000;0;0;0;0;0
60;2014-03-05 06:26:00;909402N262;0;0.000;16;233;233;234;232;0.000;49.98;240.6;0.000;240.0;0.000;240.8;0.000;50;0;0;0.000;0.000;0.000;0;0;0;49.98;49.98;49.98;0;1000;0.0;0;0.0000;0;0;0;0;0
60;2014-03-05 06:27:00;909402N262;0;0.000;16;234;235;235;233;0.000;49.97;243.5;0.000;243.0;0.000;243.5;0.000;50;0;0;0.000;0.000;0.000;0;0;0;49.97;49.97;49.97;0;1000;0.0;0;0.0000;0;0;0;0;0
60;2014-03-05 06:28:00;909402N262;0;0.000;16;235;236;236;233;0.000;49.98;251.8;0.000;251.3;0.000;251.9;0.000;50;0;0;0.000;0.000;0.000;0;0;0;49.98;49.98;49.98;0;1000;0.0;0;0.0000;0;0;0;0;0
60;2014-03-05 06:29:00;909402N262;0;0.000;17;232;233;234;231;0.000;49.97;253.8;0.000;253.6;0.000;253.8;0.000;50;0;0;0.000;0.000;0.000;0;0;0;49.97;49.97;49.97;0;1000;0.0;0;0.0000;0;0;0;0;0
60;2014-03-05 06:30:00;909402N262;0;0.000;17;232;233;233;231;0.004;49.99;350.9;0.000;338.9;0.000;351.3;0.000;51;0;0;0.005;0.004;0.005;0;0;0;49.99;49.99;49.99;0;1000;0.0;0;0.0000;0;0;0;0;0
60;2014-03-05 06:31:00;909402N262;0;0.000;17;232;233;233;231;0.005;50.01;475.2;0.001;463.1;0.001;547.6;0.001;51;0;0;0.009;0.003;0.003;0;0;0;50.01;50.01;50.01;6095;1000;0.0;0;0.0000;0;0;0;0;0
60;2014-03-05 06:32:00;909402N262;5;0.000;17;232;232;232;232;0.440;50.01;421.8;0.007;422.1;0.005;528.7;0.005;60;0;0;0.346;0.579;0.395;2;38;0;50.01;50.01;50.01;7897;1000;0.0;0;0.0000;0;0;0;0;0
60;2014-03-05 06:33:00;909402N262;7;0.001;17;232;232;232;232;0.432;50.01;439.0;0.011;364.9;0.009;529.6;0.007;60;0;0;0.307;0.544;0.446;2;34;0;50.01;50.01;50.01;7897;1000;0.0;0;0.0000;0;0;1;1;1
60;2014-03-05 06:34:00;909402N262;10;0.001;17;232;231;232;232;0.462;50.01;426.9;0.013;425.4;0.010;513.5;0.008;60;0;0;0.296;0.616;0.474;0;40;0;50.01;50.01;50.01;7897;1000;0.0;0;0.0000;0;0;1;1;1
60;2014-03-05 06:35:00;909402N262;14;0.002;17;232;231;232;232;0.452;49.99;436.1;0.016;442.5;0.011;526.1;0.011;60;0;0;0.302;0.582;0.474;4;40;0;49.99;49.99;49.99;7897;1000;0.0;0;0.0000;0;0;2;2;2
60;2014-03-05 06:36:00;909402N262;17;0.003;17;231;231;231;232;0.413;49.98;444.4;0.019;432.4;0.014;532.2;0.011;60;0;0;0.270;0.487;0.484;3;38;0;49.98;49.98;49.98;7897;1000;0.0;0;0.0000;0;0;3;3;3
60;2014-03-05 06:37:00;909402N262;21;0.003;17;231;231;231;232;0.402;49.99;453.0;0.022;469.8;0.014;542.9;0.014;60;0;0;0.288;0.408;0.510;2;37;1;49.99;49.99;49.99;7897;1000;0.0;0;0.0000;0;0;3;3;3
60;2014-03-05 06:38:00;909402N262;25;0.004;17;231;231;231;232;0.419;49.99;462.4;0.023;466.9;0.017;584.9;0.015;60;0;0;0.310;0.379;0.568;7;24;4;49.99;49.99;49.99;7897;1000;0.0;0;0.0000;0;0;4;4;4
60;2014-03-05 06:39:00;909402N262;29;0.004;17;231;231;231;232;0.429;49.98;469.3;0.026;481.6;0.019;610.0;0.015;60;0;0;0.291;0.387;0.609;16;19;2;49.98;49.98;49.98;7897;1000;0.0;0;0.0000;0;0;4;4;4
60;2014-03-05 06:40:00;909402N262;34;0.004;17;231;231;231;232;0.416;50.00;477.1;0.030;504.5;0.019;588.0;0.018;60;0;0;0.317;0.360;0.571;16;18;8;50.00;50.00;50.00;7897;1000;0.0;0;0.0000;0;0;4;4;4
60;2014-03-05 06:41:00;909402N262;37;0.005;17;232;231;231;232;0.525;49.98;469.8;0.034;485.7;0.022;604.1;0.023;60;0;0;0.476;0.456;0.644;11;25;12;49.98;49.98;49.98;7897;1000;0.0;0;0.0000;0;0;5;5;5
60;2014-03-05 06:42:00;909402N262;42;0.006;17;231;231;231;232;0.620;49.98;479.6;0.038;498.2;0.023;612.1;0.023;60;0;0;0.588;0.635;0.638;5;50;7;49.98;49.98;49.98;7897;1000;0.0;0;0.0000;0;0;6;6;6
60;2014-03-05 06:43:00;909402N262;47;0.006;17;231;231;232;231;0.622;49.98;493.8;0.040;499.3;0.026;625.4;0.027;60;0;0;0.577;0.778;0.511;5;45;10;49.98;49.98;49.98;7897;1000;0.0;0;0.0000;0;0;6;6;6
60;2014-03-05 06:44:00;909402N262;53;0.007;17;231;231;232;231;0.549;49.98;492.1;0.044;496.0;0.030;619.7;0.029;60;0;0;0.409;0.807;0.432;0;53;14;49.98;49.98;49.98;7897;1000;0.0;0;0.0000;0;0;7;7;7
60;2014-03-05 06:45:00;909402N262;58;0.008;18;231;231;232;231;0.583;49.98;504.0;0.048;506.4;0.032;623.6;0.031;60;0;0;0.433;0.839;0.478;1;53;17;49.98;49.98;49.98;7897;1000;0.0;0;0.0000;0;0;8;8;8
60;2014-03-05 06:46:00;909402N262;63;0.009;18;234;233;234;233;0.643;49.97;501.1;0.052;517.6;0.035;629.4;0.034;60;0;0;0.480;0.864;0.585;0;51;47;49.97;49.97;49.97;7897;1000;0.0;0;0.0000;0;0;9;9;9
60;2014-03-05 06:47:00;909402N262;71;0.010;18;234;233;234;233;0.586;49.98;510.1;0.057;516.3;0.038;647.6;0.037;60;0;0;0.382;0.835;0.543;4;43;41;49.98;49.98;49.98;7897;1000;0.0;0;0.0000;0;0;10;10;10
60;2014-03-05 06:48:00;909402N262;76;0.012;18;234;233;234;234;0.643;49.99;513.2;0.062;519.6;0.041;637.9;0.040;60;0;0;0.481;0.852;0.596;7;48;36;49.99;49.99;49.99;7897;1000;0.0;0;0.0000;0;0;12;12;12
60;2014-03-05 06:49:00;909402N262;85;0.012;18;234;234;234;234;0.426;49.98;517.3;0.067;542.6;0.042;660.1;0.042;60;0;0;0.407;0.547;0.324;20;47;20;49.98;49.98;49.98;7897;1000;0.0;0;0.0000;0;0;12;12;12
60;2014-03-05 06:50:00;909402N262;92;0.013;18;233;233;234;233;0.464;49.97;521.7;0.071;540.7;0.046;659.9;0.044;60;0;0;0.406;0.628;0.360;14;54;25;49.97;49.97;49.97;7897;1000;0.0;0;0.0000;0;0;13;13;13
60;2014-03-05 06:51:00;909402N262;100;0.015;18;234;233;234;233;0.317;49.98;525.2;0.077;544.1;0.050;671.0;0.047;60;0;0;0.292;0.413;0.246;26;43;29;49.98;49.98;49.98;7897;1000;0.0;0;0.0000;0;0;15;15;15
60;2014-03-05 06:52:00;909402N262;107;0.016;18;233;233;234;233;0.335;49.97;531.7;0.081;558.8;0.053;672.1;0.051;60;0;0;0.294;0.435;0.277;25;46;36;49.97;49.97;49.97;7897;1000;0.0;0;0.0000;0;0;16;16;16
60;2014-03-05 06:53:00;909402N262;117;0.018;18;234;233;234;234;0.272;49.97;535.8;0.085;555.8;0.057;683.5;0.055;60;0;0;0.256;0.307;0.254;36;44;34;49.97;49.97;49.97;7897;1000;0.0;0;0.0000;0;0;18;18;18
60;2014-03-05 06:54:00;909402N262;125;0.020;18;234;233;234;234;0.232;49.98;528.9;0.094;563.0;0.062;696.6;0.058;60;0;0;0.227;0.244;0.226;41;43;40;49.98;49.98;49.98;7897;1000;0.0;0;0.0000;0;0;20;20;20
60;2014-03-05 06:55:00;909402N262;135;0.022;18;233;233;234;234;0.237;49.99;529.7;0.101;567.5;0.066;702.0;0.060;60;0;0;0.234;0.243;0.235;44;45;44;49.99;49.99;49.99;7897;1000;0.0;0;0.0000;0;0;22;22;22
60;2014-03-05 06:56:00;909402N262;144;0.024;18;233;233;233;234;0.246;49.99;533.7;0.107;567.5;0.070;712.8;0.062;60;0;0;0.244;0.257;0.239;47;49;46;49.99;49.99;49.99;7897;1000;0.0;0;0.0000;0;0;24;24;24
60;2014-03-05 06:57:00;909402N262;150;0.027;18;234;233;234;234;0.285;50.00;536.2;0.113;575.9;0.073;699.2;0.068;60;0;0;0.267;0.352;0.237;46;62;41;50.00;50.00;50.00;7897;1000;0.0;0;0.0000;0;0;27;27;27
60;2014-03-05 06:58:00;909402N262;157;0.030;18;234;233;234;234;0.302;50.03;540.6;0.117;575.4;0.075;695.3;0.072;60;0;0;0.292;0.333;0.282;50;56;49;50.03;50.03;50.03;7897;1000;0.0;0;0.0000;0;0;30;30;30
60;2014-03-05 06:59:00;909402N262;164;0.033;18;234;234;234;234;0.298;50.03;541.9;0.122;574.5;0.079;713.4;0.073;60;0;0;0.299;0.317;0.278;54;57;51;50.03;50.03;50.03;7897;1000;0.0;0;0.0000;0;0;33;33;33
60;2014-03-05 07:00:00;909402N262;173;0.036;18;234;234;235;234;0.323;50.04;542.4;0.127;581.4;0.082;702.9;0.077;60;0;0;0.319;0.375;0.277;56;65;50;50.04;50.04;50.04;7897;1000;0.0;0;0.0000;0;0;36;36;36
[wr_ende]
