20140621;100000;danfoss;My Plant;+0100
[wr_def_start]
909402N262;Inverter Type;Inverter Group;Hanzl
[wr_def_end]
[wr]
INTERVAL;TIMESTAMP;SERIAL;P_AC;E_DAY;T_WR;U_AC;U_AC_1;U_AC_2;U_AC_3;I_AC;F_AC;U_DC_1;I_DC_1;U_DC_2;I_DC_2;U_DC_3;I_DC_3;S;E_WR;M_WR;I_AC_1;I_AC_2;I_AC_3;P_AC_1;P_AC_2;P_AC_3;F_AC_1;F_AC_2;F_AC_3;R_DC;PC;PCS;PCS_LL;COS_PHI;COS_PHI_LL;S_COS_PHI;Current_Day_Energy;current_Day_Offset;ccEnergyOfDay_WithoutOffset
60;2014-06-21 09:01:00;909402N262;2262;3.098;39;235;235;235;234;3.295;50.02;576.3;1.628;630.4;1.151;781.1;0.799;60;0;0;3.250;3.337;3.299;743;764;753;50.02;50.02;50.02;10915;1000;0.0;0;0.0000;0;0;3098;3098;3098
60;2014-06-21 09:02:00;909402N262;2240;3.135;39;234;235;234;234;3.277;50.01;573.7;1.624;644.6;1.100;775.4;0.801;60;0;0;3.231;3.314;3.287;737;754;748;50.01;50.01;50.01;10915;1000;0.0;0;0.0000;0;0;3135;3135;3135
60;2014-06-21 09:03:00;909402N262;2133;3.171;39;234;235;234;234;3.128;50.01;564.1;1.596;633.5;1.008;779.9;0.788;60;0;0;3.088;3.154;3.143;702;715;714;50.01;50.01;50.01;10915;1000;0.0;0;0.0000;0;0;3171;3171;3171
60;2014-06-21 09:04:00;909402N262;2143;3.207;39;234;234;234;235;3.142;50.00;562.4;1.616;634.5;0.998;781.1;0.797;60;0;0;3.085;3.180;3.163;700;721;720;50.00;50.00;50.00;10915;1000;0.0;0;0.0000;0;0;3207;3207;3207
60;2014-06-21 09:05:00;909402N262;2128;3.242;39;234;234;233;234;3.129;50.01;560.6;1.621;635.9;0.966;781.6;0.801;60;0;0;3.069;3.161;3.157;695;713;718;50.01;50.01;50.01;10915;1000;0.0;0;0.0000;0;0;3242;3242;3242
60;2014-06-21 09:06:00;909402N262;2105;3.278;39;234;234;233;235;3.090;50.01;559.4;1.620;634.3;0.932;779.8;0.807;60;0;0;3.044;3.112;3.116;691;703;709;50.01;50.01;50.01;10915;1000;0.0;0;0.0000;0;0;3278;3278;3278
60;2014-06-21 09:07:00;909402N262;2113;3.313;39;234;234;233;233;3.107;50.01;561.6;1.633;632.7;0.920;779.7;0.816;60;0;0;3.063;3.136;3.122;695;708;707;50.01;50.01;50.01;10915;1000;0.0;0;0.0000;0;0;3313;3313;3313
60;2014-06-21 09:08:00;909402N262;2144;3.349;39;234;234;234;233;3.151;50.01;570.8;1.640;635.9;0.920;780.0;0.827;60;0;0;3.098;3.201;3.155;703;727;713;50.01;50.01;50.01;10915;1000;0.0;0;0.0000;0;0;3349;3349;3349
60;2014-06-21 09:09:00;909402N262;2156;3.384;39;233;234;234;232;3.169;49.99;572.7;1.648;636.0;0.920;780.1;0.831;60;0;0;3.132;3.216;3.160;712;730;712;49.99;49.99;49.99;10915;1000;0.0;0;0.0000;0;0;3384;3384;3384
60;2014-06-21 09:10:00;909402N262;2165;3.421;39;234;234;234;233;3.181;50.00;572.8;1.660;636.2;0.919;780.6;0.834;60;0;0;3.140;3.222;3.181;714;731;719;50.00;50.00;50.00;10915;1000;0.0;0;0.0000;0;0;3421;3421;3421
60;2014-06-21 09:11:00;909402N262;2144;3.457;39;233;234;233;233;3.152;50.00;572.9;1.647;635.9;0.909;779.8;0.826;60;0;0;3.102;3.190;3.165;703;722;716;50.00;50.00;50.00;10915;1000;0.0;0;0.0000;0;0;3457;3457;3457
60;2014-06-21 09:12:00;909402N262;2110;3.492;39;233;234;234;233;3.106;50.01;569.6;1.640;635.8;0.882;779.0;0.818;60;0;0;3.053;3.150;3.116;691;714;704;50.01;50.01;50.01;10915;1000;0.0;0;0.0000;0;0;3492;3492;3492
60;2014-06-21 09:13:00;909402N262;2117;3.527;39;233;234;234;233;3.119;49.99;566.6;1.656;636.5;0.878;779.1;0.824;60;0;0;3.075;3.169;3.114;696;717;702;49.99;49.99;49.99;10915;1000;0.0;0;0.0000;0;0;3527;3527;3527
60;2014-06-21 09:14:00;909402N262;2132;3.563;39;233;234;234;232;3.138;50.00;564.5;1.672;637.8;0.882;779.8;0.830;60;0;0;3.094;3.184;3.137;701;722;707;50.00;50.00;50.00;10915;1000;0.0;0;0.0000;0;0;3563;3563;3563
60;2014-06-21 09:15:00;909402N262;2172;3.599;39;233;234;234;233;3.191;50.01;562.2;1.706;639.1;0.900;781.0;0.844;60;0;0;3.137;3.237;3.200;711;736;723;50.01;50.01;50.01;10915;1000;0.0;0;0.0000;0;0;3599;3599;3599
60;2014-06-21 09:16:00;909402N262;2177;3.636;40;233;233;234;233;3.194;50.03;559.6;1.719;618.5;0.930;781.6;0.857;60;0;0;3.135;3.242;3.206;712;737;726;50.03;50.03;50.03;10915;1000;0.0;0;0.0000;0;0;3636;3636;3636
60;2014-06-21 09:17:00;909402N262;2187;3.672;40;233;234;233;233;3.215;50.03;563.3;1.706;640.1;0.913;781.0;0.850;60;0;0;3.160;3.261;3.226;716;738;731;50.03;50.03;50.03;10915;1000;0.0;0;0.0000;0;0;3672;3672;3672
60;2014-06-21 09:18:00;909402N262;2135;3.707;40;233;233;234;233;3.142;50.03;564.2;1.668;639.1;0.892;779.5;0.828;60;0;0;3.086;3.189;3.153;698;722;713;50.03;50.03;50.03;10915;1000;0.0;0;0.0000;0;0;3707;3707;3707
60;2014-06-21 09:19:00;909402N262;2132;3.743;40;233;232;235;233;3.140;50.01;564.2;1.669;638.8;0.891;779.0;0.827;60;0;0;3.064;3.195;3.163;689;727;715;50.01;50.01;50.01;10915;1000;0.0;0;0.0000;0;0;3743;3743;3743
60;2014-06-21 09:20:00;909402N262;2219;3.781;40;233;232;234;233;3.264;50.02;564.0;1.734;639.5;0.929;780.7;0.859;60;0;0;3.187;3.320;3.287;718;755;744;50.02;50.02;50.02;10915;1000;0.0;0;0.0000;0;0;3781;3781;3781
60;2014-06-21 09:21:00;909402N262;2363;3.820;40;233;232;235;233;3.466;50.01;563.2;1.839;637.6;0.997;782.1;0.916;60;0;0;3.390;3.523;3.485;766;805;791;50.01;50.01;50.01;10915;1000;0.0;0;0.0000;0;0;3820;3820;3820
60;2014-06-21 09:22:00;909402N262;2445;3.860;40;233;232;235;233;3.585;50.01;563.1;1.899;636.8;1.039;783.5;0.945;60;0;0;3.513;3.646;3.598;793;833;817;50.01;50.01;50.01;10915;1000;0.0;0;0.0000;0;0;3860;3860;3860
60;2014-06-21 09:23:00;909402N262;2420;3.901;40;233;232;234;233;3.549;50.00;562.8;1.881;640.1;1.025;782.9;0.934;60;0;0;3.481;3.605;3.562;787;822;810;50.00;50.00;50.00;10915;1000;0.0;0;0.0000;0;0;3901;3901;3901
60;2014-06-21 09:24:00;909402N262;2375;3.940;40;233;232;234;233;3.480;50.01;562.1;1.850;640.5;1.001;782.0;0.919;60;0;0;3.411;3.532;3.498;772;805;795;50.01;50.01;50.01;10915;1000;0.0;0;0.0000;0;0;3940;3940;3940
60;2014-06-21 09:25:00;909402N262;2368;3.980;40;233;233;234;233;3.469;50.01;561.1;1.849;639.6;0.997;781.5;0.917;60;0;0;3.400;3.519;3.489;771;801;793;50.01;50.01;50.01;10915;1000;0.0;0;0.0000;0;0;3980;3980;3980
60;2014-06-21 09:26:00;909402N262;2387;4.020;40;234;233;234;234;3.491;50.01;561.0;1.866;639.7;1.004;781.6;0.925;60;0;0;3.421;3.542;3.512;776;809;800;50.01;50.01;50.01;10915;1000;0.0;0;0.0000;0;0;4020;4020;4020
60;2014-06-21 09:27:00;909402N262;2381;4.058;40;233;233;233;234;3.491;49.99;561.1;1.865;640.1;0.999;781.8;0.921;60;0;0;3.426;3.536;3.512;777;803;799;49.99;49.99;49.99;10915;1000;0.0;0;0.0000;0;0;4058;4058;4058
60;2014-06-21 09:28:00;909402N262;2338;4.098;40;233;233;233;233;3.430;49.98;561.1;1.833;640.1;0.980;781.0;0.903;60;0;0;3.368;3.474;3.448;763;789;784;49.98;49.98;49.98;10915;1000;0.0;0;0.0000;0;0;4098;4098;4098
60;2014-06-21 09:29:00;909402N262;2298;4.136;40;233;233;233;234;3.375;49.99;560.0;1.808;637.6;0.970;780.1;0.885;60;0;0;3.321;3.411;3.395;752;772;772;49.99;49.99;49.99;10915;1000;0.0;0;0.0000;0;0;4136;4136;4136
60;2014-06-21 09:30:00;909402N262;2257;4.173;40;233;233;233;234;3.315;49.99;559.8;1.779;639.6;0.956;779.3;0.863;60;0;0;3.265;3.344;3.337;740;756;759;49.99;49.99;49.99;10915;1000;0.0;0;0.0000;0;0;4173;4173;4173
60;2014-06-21 09:31:00;909402N262;2195;4.210;40;233;233;234;233;3.220;50.01;556.8;1.749;621.4;0.956;780.4;0.840;60;0;0;3.155;3.266;3.241;714;742;736;50.01;50.01;50.01;10915;1000;0.0;0;0.0000;0;0;4210;4210;4210
60;2014-06-21 09:32:00;909402N262;2215;4.247;40;233;233;233;233;3.257;50.01;562.8;1.734;638.4;0.956;780.1;0.835;60;0;0;3.196;3.301;3.274;724;748;741;50.01;50.01;50.01;10915;1000;0.0;0;0.0000;0;0;4247;4247;4247
60;2014-06-21 09:33:00;909402N262;2241;4.285;40;233;234;233;233;3.289;50.03;563.7;1.742;638.7;0.963;779.0;0.856;60;0;0;3.245;3.323;3.301;738;753;748;50.03;50.03;50.03;10915;1000;0.0;0;0.0000;0;0;4285;4285;4285
60;2014-06-21 09:34:00;909402N262;2252;4.322;40;233;234;234;233;3.305;50.02;565.0;1.739;638.8;0.963;777.8;0.870;60;0;0;3.255;3.347;3.314;740;760;750;50.02;50.02;50.02;10915;1000;0.0;0;0.0000;0;0;4322;4322;4322
60;2014-06-21 09:35:00;909402N262;2196;4.359;40;233;234;234;233;3.233;50.02;566.5;1.692;639.9;0.937;778.3;0.849;60;0;0;3.174;3.283;3.242;718;743;733;50.02;50.02;50.02;10915;1000;0.0;0;0.0000;0;0;4359;4359;4359
60;2014-06-21 09:36:00;909402N262;2133;4.394;40;233;234;233;233;3.142;50.01;567.9;1.642;638.0;0.916;776.1;0.823;60;0;0;3.091;3.182;3.155;700;718;713;50.01;50.01;50.01;10915;1000;0.0;0;0.0000;0;0;4394;4394;4394
60;2014-06-21 09:37:00;909402N262;2119;4.429;40;233;233;233;233;3.124;50.01;568.7;1.628;635.6;0.921;775.2;0.811;60;0;0;3.073;3.162;3.139;695;713;709;50.01;50.01;50.01;10915;1000;0.0;0;0.0000;0;0;4429;4429;4429
60;2014-06-21 09:38:00;909402N262;2145;4.466;40;233;234;233;233;3.160;50.01;569.6;1.648;640.4;0.937;775.5;0.811;60;0;0;3.110;3.199;3.171;704;724;716;50.01;50.01;50.01;10915;1000;0.0;0;0.0000;0;0;4466;4466;4466
60;2014-06-21 09:39:00;909402N262;2196;4.502;40;233;234;233;233;3.230;50.00;570.9;1.684;637.7;0.976;777.5;0.818;60;0;0;3.179;3.272;3.240;721;741;733;50.00;50.00;50.00;10915;1000;0.0;0;0.0000;0;0;4502;4502;4502
60;2014-06-21 09:40:00;909402N262;2280;4.540;41;233;234;234;233;3.345;49.99;573.4;1.726;637.4;1.030;780.2;0.843;60;0;0;3.297;3.390;3.349;749;770;758;49.99;49.99;49.99;10915;1000;0.0;0;0.0000;0;0;4540;4540;4540
60;2014-06-21 09:41:00;909402N262;2383;4.579;41;233;233;233;233;3.494;50.00;566.3;1.801;640.6;1.088;780.7;0.886;60;0;0;3.439;3.529;3.515;782;802;797;50.00;50.00;50.00;10915;1000;0.0;0;0.0000;0;0;4579;4579;4579
60;2014-06-21 09:42:00;909402N262;2234;4.618;41;233;233;232;233;3.287;50.02;556.1;1.739;640.5;1.017;778.4;0.820;60;0;0;3.236;3.323;3.303;734;749;749;50.02;50.02;50.02;10915;1000;0.0;0;0.0000;0;0;4618;4618;4618
60;2014-06-21 09:43:00;909402N262;2183;4.653;41;233;233;232;233;3.215;50.00;557.9;1.698;641.7;0.997;775.3;0.797;60;0;0;3.159;3.247;3.241;716;731;733;50.00;50.00;50.00;10915;1000;0.0;0;0.0000;0;0;4653;4653;4653
60;2014-06-21 09:44:00;909402N262;2517;4.695;41;233;233;232;233;3.685;50.00;570.3;1.930;653.9;1.105;781.3;0.922;60;0;0;3.642;3.705;3.708;830;840;845;50.00;50.00;50.00;10915;1000;0.0;0;0.0000;0;0;4695;4695;4695
60;2014-06-21 09:45:00;909402N262;3771;4.758;41;233;233;233;233;5.470;49.99;574.9;3.150;716.6;1.220;675.8;1.701;60;0;0;5.412;5.521;5.477;1247;1261;1261;49.99;49.99;49.99;10915;1000;0.0;0;0.0000;0;0;4758;4758;4758
60;2014-06-21 09:46:00;909402N262;3210;4.812;41;233;233;232;233;4.650;50.00;573.0;2.429;657.7;1.367;750.8;1.340;60;0;0;4.612;4.657;4.683;1061;1077;1076;50.00;50.00;50.00;10915;1000;0.0;0;0.0000;0;0;4812;4812;4812
60;2014-06-21 09:47:00;909402N262;2918;4.860;41;233;233;232;233;4.224;50.00;580.8;2.056;636.6;1.376;782.3;1.151;60;0;0;4.168;4.259;4.247;960;979;979;50.00;50.00;50.00;10915;1000;0.0;0;0.0000;0;0;4860;4860;4860
60;2014-06-21 09:48:00;909402N262;3598;4.921;41;233;233;232;233;5.184;50.02;576.0;2.535;623.3;1.615;727.9;1.667;60;0;0;5.140;5.196;5.216;1188;1201;1207;50.02;50.02;50.02;10915;1000;0.0;0;0.0000;0;0;4921;4921;4921
60;2014-06-21 09:49:00;909402N262;3129;4.973;41;233;233;232;233;4.521;50.02;578.8;2.297;637.3;1.329;776.3;1.288;60;0;0;4.487;4.543;4.534;1038;1045;1047;50.02;50.02;50.02;10915;1000;0.0;0;0.0000;0;0;4973;4973;4973
60;2014-06-21 09:50:00;909402N262;3115;5.024;41;233;234;232;234;4.508;50.03;565.1;2.374;676.8;1.166;752.5;1.344;60;0;0;4.460;4.551;4.514;1031;1034;1042;50.03;50.03;50.03;10915;1000;0.0;0;0.0000;0;0;5024;5024;5024
60;2014-06-21 09:51:00;909402N262;2233;5.061;41;233;233;232;234;3.257;50.01;547.7;1.722;630.5;1.036;772.1;0.851;60;0;0;3.205;3.281;3.285;733;744;754;50.01;50.01;50.01;10915;1000;0.0;0;0.0000;0;0;5061;5061;5061
60;2014-06-21 09:52:00;909402N262;2346;5.100;41;233;233;232;234;3.414;50.02;556.8;1.770;641.3;1.052;776.5;0.912;60;0;0;3.361;3.436;3.446;771;783;792;50.02;50.02;50.02;10915;1000;0.0;0;0.0000;0;0;5100;5100;5100
60;2014-06-21 09:53:00;909402N262;2260;5.139;41;233;233;232;234;3.294;50.02;556.7;1.718;631.8;1.033;767.7;0.876;60;0;0;3.246;3.319;3.318;743;755;761;50.02;50.02;50.02;10915;1000;0.0;0;0.0000;0;0;5139;5139;5139
60;2014-06-21 09:54:00;909402N262;2623;5.183;41;233;234;232;234;3.792;50.02;573.3;1.929;669.4;1.045;773.1;1.092;60;0;0;3.742;3.807;3.829;863;874;884;50.02;50.02;50.02;10915;1000;0.0;0;0.0000;0;0;5183;5183;5183
60;2014-06-21 09:55:00;909402N262;2418;5.222;41;233;234;232;234;3.513;50.00;570.3;1.788;659.8;1.013;776.5;0.965;60;0;0;3.460;3.542;3.539;795;808;814;50.00;50.00;50.00;10915;1000;0.0;0;0.0000;0;0;5222;5222;5222
60;2014-06-21 09:56:00;909402N262;2216;5.260;41;233;233;232;234;3.230;50.00;562.7;1.669;638.3;0.996;772.3;0.853;60;0;0;3.182;3.264;3.246;728;743;743;50.00;50.00;50.00;10915;1000;0.0;0;0.0000;0;0;5260;5260;5260
60;2014-06-21 09:57:00;909402N262;2055;5.294;41;233;233;232;234;3.006;50.01;554.8;1.569;626.8;0.952;762.8;0.791;60;0;0;2.942;3.049;3.027;671;689;693;50.01;50.01;50.01;10915;1000;0.0;0;0.0000;0;0;5294;5294;5294
60;2014-06-21 09:58:00;909402N262;1850;5.325;41;233;233;233;234;2.719;50.00;548.6;1.451;630.4;0.853;760.9;0.699;60;0;0;2.657;2.768;2.734;601;626;622;50.00;50.00;50.00;10915;1000;0.0;0;0.0000;0;0;5325;5325;5325
60;2014-06-21 09:59:00;909402N262;1979;5.359;41;233;233;233;234;2.892;50.02;555.8;1.540;611.1;0.912;767.8;0.766;60;0;0;2.833;2.929;2.914;644;667;666;50.02;50.02;50.02;10915;1000;0.0;0;0.0000;0;0;5359;5359;5359
60;2014-06-21 10:00:00;909402N262;2368;5.397;41;233;233;233;234;3.434;50.02;569.3;1.777;575.2;1.172;785.6;0.896;60;0;0;3.384;3.461;3.458;777;794;795;50.02;50.02;50.02;10915;1000;0.0;0;0.0000;0;0;5397;5397;5397
[wr_ende]
