20150113;130004;danfoss;My Plant;+0100
[wr_def_start]
909402N262;Inverter Type;Inverter Group;Hanzl
[wr_def_end]
[wr]
INTERVAL;TIMESTAMP;SERIAL;P_AC;E_DAY;T_WR;U_AC;U_AC_1;U_AC_2;U_AC_3;I_AC;F_AC;U_DC_1;I_DC_1;U_DC_2;I_DC_2;U_DC_3;I_DC_3;S;E_WR;M_WR;I_AC_1;I_AC_2;I_AC_3;P_AC_1;P_AC_2;P_AC_3;F_AC_1;F_AC_2;F_AC_3;R_DC;PC;PCS;PCS_LL;COS_PHI;COS_PHI_LL;S_COS_PHI;Current_Day_Energy;current_Day_Offset;ccEnergyOfDay_WithoutOffset
60;2015-01-13 12:01:00;909402N262;6517;9.707;41;234;232;234;235;9.304;49.97;540.6;5.873;492.7;2.825;642.3;3.242;60;0;0;9.173;9.372;9.367;2125;2192;2199;49.97;49.97;49.97;11360;1000;0.0;0;1.0000;0;2;9707;9707;9707
60;2015-01-13 12:02:00;909402N262;6609;9.818;41;234;233;235;236;9.415;49.98;543.8;5.892;494.1;2.840;650.2;3.266;60;0;0;9.274;9.502;9.469;2152;2229;2226;49.98;49.98;49.98;11360;1000;0.0;0;1.0000;0;2;9818;9818;9818
60;2015-01-13 12:03:00;909402N262;6635;9.928;41;235;233;235;235;9.443;49.99;543.8;5.909;493.6;2.847;651.1;3.287;60;0;0;9.342;9.531;9.458;2175;2238;2219;49.99;49.99;49.99;11360;1000;0.0;0;1.0000;0;2;9928;9928;9928
60;2015-01-13 12:04:00;909402N262;6659;10.040;41;235;234;235;235;9.477;50.00;544.2;5.926;493.5;2.854;650.8;3.305;60;0;0;9.387;9.562;9.484;2187;2246;2223;50.00;50.00;50.00;11360;1000;0.0;0;1.0000;0;2;10040;10040;10040
60;2015-01-13 12:05:00;909402N262;6701;10.151;41;233;232;233;233;9.613;50.02;545.2;5.946;493.6;2.862;658.7;3.297;60;0;0;9.523;9.675;9.641;2201;2254;2243;50.02;50.02;50.02;11360;1000;0.0;0;1.0000;0;2;10151;10151;10151
60;2015-01-13 12:06:00;909402N262;6731;10.263;41;232;231;233;232;9.698;50.01;545.4;5.961;494.0;2.863;663.5;3.301;60;0;0;9.601;9.781;9.712;2210;2270;2250;50.01;50.01;50.01;11360;1000;0.0;0;1.0000;0;2;10263;10263;10263
60;2015-01-13 12:07:00;909402N262;6796;10.377;41;232;231;233;232;9.786;50.01;545.5;5.963;514.9;2.810;672.5;3.302;60;0;0;9.685;9.896;9.777;2229;2305;2260;50.01;50.01;50.01;11360;1000;0.0;0;1.0000;0;2;10377;10377;10377
60;2015-01-13 12:08:00;909402N262;6858;10.490;41;232;231;233;232;9.873;50.00;545.4;5.978;514.0;2.858;682.2;3.306;60;0;0;9.793;9.964;9.864;2259;2316;2282;50.00;50.00;50.00;11360;1000;0.0;0;1.0000;0;2;10490;10490;10490
60;2015-01-13 12:09:00;909402N262;6914;10.606;42;232;231;233;232;9.960;50.00;545.6;5.985;532.7;2.830;680.3;3.333;60;0;0;9.875;10.037;9.969;2274;2330;2308;50.00;50.00;50.00;11360;1000;0.0;0;1.0000;0;2;10606;10606;10606
60;2015-01-13 12:10:00;909402N262;6952;10.721;42;232;231;233;232;10.002;49.99;545.3;6.016;528.2;2.877;681.5;3.346;60;0;0;9.925;10.094;9.988;2289;2347;2314;49.99;49.99;49.99;11360;1000;0.0;0;1.0000;0;2;10721;10721;10721
60;2015-01-13 12:11:00;909402N262;6965;10.838;42;232;231;234;232;10.014;50.01;545.3;6.019;528.1;2.877;688.7;3.328;60;0;0;9.888;10.148;10.006;2276;2369;2318;50.01;50.01;50.01;11360;1000;0.0;0;1.0000;0;2;10838;10838;10838
60;2015-01-13 12:12:00;909402N262;6982;10.954;42;232;231;234;232;10.037;50.00;545.6;6.028;528.0;2.877;690.4;3.335;60;0;0;9.918;10.171;10.023;2281;2377;2322;50.00;50.00;50.00;11360;1000;0.0;0;1.0000;0;2;10954;10954;10954
60;2015-01-13 12:13:00;909402N262;7012;11.072;42;232;231;234;232;10.077;50.00;545.7;6.034;527.9;2.878;703.2;3.312;60;0;0;9.964;10.193;10.075;2296;2380;2334;50.00;50.00;50.00;11360;1000;0.0;0;1.0000;0;2;11072;11072;11072
60;2015-01-13 12:14:00;909402N262;7022;11.189;42;232;231;234;232;10.086;50.01;545.1;6.039;527.7;2.877;699.9;3.346;60;0;0;9.974;10.183;10.101;2301;2378;2341;50.01;50.01;50.01;11360;1000;0.0;0;1.0000;0;2;11189;11189;11189
60;2015-01-13 12:15:00;909402N262;7047;11.306;42;232;230;234;233;10.120;49.99;544.7;6.045;527.3;2.881;708.0;3.342;60;0;0;9.989;10.240;10.133;2297;2391;2357;49.99;49.99;49.99;11360;1000;0.0;0;1.0000;0;2;11306;11306;11306
60;2015-01-13 12:16:00;909402N262;6995;11.422;42;232;230;234;234;10.054;49.98;534.6;6.056;543.9;2.812;711.6;3.350;60;0;0;9.897;10.165;10.101;2271;2369;2353;49.98;49.98;49.98;11360;1000;0.0;0;1.0000;0;2;11422;11422;11422
60;2015-01-13 12:17:00;909402N262;7182;11.541;42;233;231;234;233;10.302;49.99;543.2;6.070;564.4;2.856;711.2;3.378;60;0;0;10.159;10.441;10.306;2340;2439;2400;49.99;49.99;49.99;11360;1000;0.0;0;1.0000;0;2;11541;11541;11541
60;2015-01-13 12:18:00;909402N262;7209;11.661;42;233;231;234;233;10.347;49.99;542.9;6.080;560.7;2.885;727.5;3.324;60;0;0;10.225;10.486;10.330;2357;2450;2400;49.99;49.99;49.99;11360;1000;0.0;0;1.0000;0;2;11661;11661;11661
60;2015-01-13 12:19:00;909402N262;7195;11.781;42;233;231;234;233;10.347;50.01;542.2;6.090;560.3;2.886;743.3;3.224;60;0;0;10.172;10.460;10.409;2336;2439;2418;50.01;50.01;50.01;11360;1000;0.0;0;1.0000;0;2;11781;11781;11781
60;2015-01-13 12:20:00;909402N262;7146;11.900;42;233;231;234;233;10.257;50.01;542.0;6.109;560.2;2.894;702.4;3.336;60;0;0;10.113;10.323;10.336;2330;2407;2406;50.01;50.01;50.01;11360;1000;0.0;0;1.0000;0;2;11900;11900;11900
60;2015-01-13 12:21:00;909402N262;7135;12.019;42;233;231;234;233;10.234;49.99;541.9;6.126;560.4;2.898;690.0;3.367;60;0;0;10.102;10.360;10.240;2331;2421;2381;49.99;49.99;49.99;11360;1000;0.0;0;1.0000;0;2;12019;12019;12019
60;2015-01-13 12:22:00;909402N262;7146;12.139;42;232;231;234;233;10.264;50.01;541.9;6.142;560.3;2.902;683.3;3.399;60;0;0;10.124;10.356;10.312;2331;2419;2394;50.01;50.01;50.01;11360;1000;0.0;0;1.0000;0;2;12139;12139;12139
60;2015-01-13 12:23:00;909402N262;7152;12.257;42;232;230;234;233;10.278;50.01;541.4;6.154;559.6;2.907;685.9;3.392;60;0;0;10.104;10.392;10.338;2319;2428;2403;50.01;50.01;50.01;11360;1000;0.0;0;1.0000;0;2;12257;12257;12257
60;2015-01-13 12:24:00;909402N262;7188;12.377;42;232;230;234;233;10.324;49.99;540.9;6.173;559.3;2.912;702.6;3.348;60;0;0;10.153;10.472;10.349;2332;2449;2405;49.99;49.99;49.99;11360;1000;0.0;0;1.0000;0;2;12377;12377;12377
60;2015-01-13 12:25:00;909402N262;7197;12.497;42;233;230;234;233;10.333;49.99;540.1;6.195;561.4;2.911;698.6;3.362;60;0;0;10.143;10.463;10.393;2330;2446;2420;49.99;49.99;49.99;11360;1000;0.0;0;1.0000;0;2;12497;12497;12497
60;2015-01-13 12:26:00;909402N262;7211;12.617;42;232;230;234;234;10.354;50.00;539.3;6.199;577.8;2.898;679.7;3.422;60;0;0;10.174;10.443;10.445;2337;2437;2436;50.00;50.00;50.00;11360;1000;0.0;0;1.0000;0;2;12617;12617;12617
60;2015-01-13 12:27:00;909402N262;7230;12.738;42;232;230;233;234;10.390;49.99;538.7;6.211;579.6;2.903;683.9;3.415;60;0;0;10.218;10.474;10.480;2345;2438;2445;49.99;49.99;49.99;11360;1000;0.0;0;1.0000;0;2;12738;12738;12738
60;2015-01-13 12:28:00;909402N262;7298;12.860;43;233;230;234;233;10.471;50.00;538.0;6.235;596.5;2.893;683.3;3.444;60;0;0;10.309;10.584;10.522;2372;2473;2451;50.00;50.00;50.00;11360;1000;0.0;0;1.0000;0;2;12860;12860;12860
60;2015-01-13 12:29:00;909402N262;7154;12.978;43;233;231;234;234;10.263;50.01;538.2;6.098;591.6;2.860;684.8;3.376;60;0;0;10.127;10.332;10.331;2334;2409;2408;50.01;50.01;50.01;11360;1000;0.0;0;1.0000;0;2;12978;12978;12978
60;2015-01-13 12:30:00;909402N262;7329;13.101;43;233;232;234;233;10.494;50.02;538.2;6.235;591.5;2.921;694.5;3.428;60;0;0;10.358;10.580;10.544;2394;2476;2457;50.02;50.02;50.02;11360;1000;0.0;0;1.0000;0;2;13101;13101;13101
60;2015-01-13 12:31:00;909402N262;7300;13.223;43;233;231;234;233;10.458;49.99;534.1;6.259;581.5;2.894;707.4;3.417;60;0;0;10.334;10.545;10.496;2384;2464;2446;49.99;49.99;49.99;11360;1000;0.0;0;1.0000;0;2;13223;13223;13223
60;2015-01-13 12:32:00;909402N262;7386;13.346;43;233;231;234;233;10.598;49.98;537.2;6.241;590.7;2.922;705.7;3.456;60;0;0;10.480;10.688;10.627;2421;2492;2471;49.98;49.98;49.98;11360;1000;0.0;0;1.0000;0;2;13346;13346;13346
60;2015-01-13 12:33:00;909402N262;7219;13.466;43;233;231;234;233;10.363;49.98;537.5;6.099;590.0;2.854;704.7;3.383;60;0;0;10.232;10.462;10.397;2362;2438;2418;49.98;49.98;49.98;11360;1000;0.0;0;1.0000;0;2;13466;13466;13466
60;2015-01-13 12:34:00;909402N262;7171;13.586;43;232;230;234;233;10.298;49.98;537.5;6.060;589.7;2.832;713.4;3.321;60;0;0;10.136;10.428;10.330;2330;2437;2403;49.98;49.98;49.98;11360;1000;0.0;0;1.0000;0;2;13586;13586;13586
60;2015-01-13 12:35:00;909402N262;7561;13.712;43;232;230;233;233;10.900;49.99;555.3;6.175;602.7;2.911;720.4;3.479;60;0;0;10.721;11.004;10.975;2456;2555;2548;49.99;49.99;49.99;11360;1000;0.0;0;1.0000;0;2;13712;13712;13712
60;2015-01-13 12:36:00;909402N262;7642;13.838;43;233;231;234;233;11.028;49.99;547.9;6.301;609.1;2.938;725.1;3.486;60;0;0;10.871;11.139;11.075;2492;2582;2567;49.99;49.99;49.99;11360;1000;0.0;0;1.0000;0;2;13838;13838;13838
60;2015-01-13 12:37:00;909402N262;7730;13.968;43;233;230;234;234;11.181;49.99;545.5;6.381;608.0;2.966;744.0;3.454;60;0;0;10.996;11.287;11.262;2506;2611;2612;49.99;49.99;49.99;11360;1000;0.0;0;1.0000;0;2;13968;13968;13968
60;2015-01-13 12:38:00;909402N262;7734;14.097;43;233;230;234;234;11.176;49.99;544.9;6.382;607.2;2.966;738.5;3.497;60;0;0;10.998;11.265;11.265;2509;2608;2615;49.99;49.99;49.99;11360;1000;0.0;0;1.0000;0;2;14097;14097;14097
60;2015-01-13 12:39:00;909402N262;7444;14.221;43;233;230;234;235;10.706;49.99;544.6;6.135;605.8;2.855;737.3;3.384;60;0;0;10.526;10.801;10.793;2412;2510;2519;49.99;49.99;49.99;11360;1000;0.0;0;1.0000;0;2;14221;14221;14221
60;2015-01-13 12:40:00;909402N262;7734;14.350;43;233;231;234;235;11.148;49.99;544.2;6.362;620.5;2.909;740.4;3.507;60;0;0;10.983;11.245;11.216;2515;2610;2608;49.99;49.99;49.99;11360;1000;0.0;0;1.0000;0;2;14350;14350;14350
60;2015-01-13 12:41:00;909402N262;7412;14.474;43;233;231;233;235;10.708;49.98;544.1;6.047;624.0;2.788;750.6;3.327;60;0;0;10.578;10.769;10.779;2420;2485;2506;49.98;49.98;49.98;11360;1000;0.0;0;1.0000;0;2;14474;14474;14474
60;2015-01-13 12:42:00;909402N262;7466;14.598;43;233;231;234;235;10.751;49.99;544.0;6.082;621.2;2.809;757.3;3.343;60;0;0;10.617;10.824;10.813;2437;2509;2518;49.99;49.99;49.99;11360;1000;0.0;0;1.0000;0;2;14598;14598;14598
60;2015-01-13 12:43:00;909402N262;7657;14.726;43;233;232;234;235;11.042;49.98;543.7;6.229;621.8;2.879;755.3;3.441;60;0;0;10.921;11.115;11.091;2507;2572;2575;49.98;49.98;49.98;11360;1000;0.0;0;1.0000;0;2;14726;14726;14726
60;2015-01-13 12:44:00;909402N262;6976;14.842;43;234;232;234;235;10.058;49.98;544.3;5.668;620.1;2.632;753.2;3.137;60;0;0;9.919;10.154;10.102;2276;2350;2348;49.98;49.98;49.98;11360;1000;0.0;0;1.0000;0;2;14842;14842;14842
60;2015-01-13 12:45:00;909402N262;7741;14.971;43;234;232;234;235;11.171;49.99;544.7;6.288;622.5;2.906;760.6;3.456;60;0;0;11.044;11.260;11.210;2532;2608;2599;49.99;49.99;49.99;11360;1000;0.0;0;1.0000;0;2;14971;14971;14971
60;2015-01-13 12:46:00;909402N262;7785;15.101;43;233;231;234;234;11.285;49.98;540.1;6.344;635.2;2.883;762.6;3.487;60;0;0;11.111;11.440;11.306;2533;2633;2616;49.98;49.98;49.98;11360;1000;0.0;0;1.0000;0;2;15101;15101;15101
60;2015-01-13 12:47:00;909402N262;7912;15.232;43;233;231;234;235;11.460;49.99;543.3;6.358;640.1;2.925;771.1;3.512;60;0;0;11.309;11.577;11.496;2579;2671;2660;49.99;49.99;49.99;11360;1000;0.0;0;1.0000;0;2;15232;15232;15232
60;2015-01-13 12:48:00;909402N262;7900;15.364;43;234;232;234;235;11.438;50.00;543.0;6.352;639.1;2.926;771.1;3.506;60;0;0;11.286;11.514;11.515;2575;2655;2668;50.00;50.00;50.00;11360;1000;0.0;0;1.0000;0;2;15364;15364;15364
60;2015-01-13 12:49:00;909402N262;7893;15.497;43;233;231;234;235;11.430;49.99;542.8;6.351;639.1;2.921;770.6;3.503;60;0;0;11.262;11.541;11.487;2568;2663;2660;49.99;49.99;49.99;11360;1000;0.0;0;1.0000;0;2;15497;15497;15497
60;2015-01-13 12:50:00;909402N262;7896;15.630;43;233;231;234;235;11.444;50.00;542.6;6.345;638.0;2.920;776.8;3.490;60;0;0;11.288;11.532;11.512;2570;2657;2666;50.00;50.00;50.00;11360;1000;0.0;0;1.0000;0;2;15630;15630;15630
60;2015-01-13 12:51:00;909402N262;7927;15.762;43;233;232;234;235;11.484;49.99;542.6;6.344;637.8;2.919;783.8;3.502;60;0;0;11.335;11.573;11.545;2585;2667;2673;49.99;49.99;49.99;11360;1000;0.0;0;1.0000;0;2;15762;15762;15762
60;2015-01-13 12:52:00;909402N262;7930;15.894;43;233;232;234;235;11.489;50.00;542.7;6.341;637.7;2.914;783.7;3.511;60;0;0;11.346;11.570;11.551;2588;2666;2674;50.00;50.00;50.00;11360;1000;0.0;0;1.0000;0;2;15894;15894;15894
60;2015-01-13 12:53:00;909402N262;7914;16.026;43;233;231;234;235;11.461;50.00;542.5;6.328;642.0;2.889;784.1;3.502;60;0;0;11.292;11.542;11.551;2572;2660;2679;50.00;50.00;50.00;11360;1000;0.0;0;1.0000;0;2;16026;16026;16026
60;2015-01-13 12:54:00;909402N262;7949;16.159;44;233;232;234;234;11.521;49.99;543.1;6.342;650.1;2.886;784.7;3.507;60;0;0;11.388;11.606;11.569;2603;2673;2672;49.99;49.99;49.99;11360;1000;0.0;0;1.0000;0;2;16159;16159;16159
60;2015-01-13 12:55:00;909402N262;7986;16.291;44;233;232;234;234;11.597;49.99;543.2;6.353;656.4;2.897;784.6;3.513;60;0;0;11.480;11.688;11.623;2620;2688;2676;49.99;49.99;49.99;11360;1000;0.0;0;1.0000;0;2;16291;16291;16291
60;2015-01-13 12:56:00;909402N262;7984;16.425;44;233;232;233;234;11.593;50.00;543.1;6.354;654.5;2.907;784.3;3.512;60;0;0;11.499;11.644;11.637;2630;2671;2681;50.00;50.00;50.00;11360;1000;0.0;0;1.0000;0;2;16425;16425;16425
60;2015-01-13 12:57:00;909402N262;7976;16.558;44;233;232;232;234;11.589;49.99;542.7;6.351;654.2;2.904;784.2;3.510;60;0;0;11.487;11.631;11.650;2625;2661;2686;49.99;49.99;49.99;11360;1000;0.0;0;1.0000;0;2;16558;16558;16558
60;2015-01-13 12:58:00;909402N262;7980;16.691;44;233;231;233;234;11.600;50.00;542.5;6.361;653.1;2.911;783.2;3.516;60;0;0;11.477;11.679;11.646;2616;2679;2683;50.00;50.00;50.00;11360;1000;0.0;0;1.0000;0;2;16691;16691;16691
60;2015-01-13 12:59:00;909402N262;7984;16.824;44;233;232;233;234;11.588;50.00;543.0;6.363;653.8;2.905;783.4;3.515;60;0;0;11.468;11.679;11.618;2618;2685;2679;50.00;50.00;50.00;11360;1000;0.0;0;1.0000;0;2;16824;16824;16824
60;2015-01-13 13:00:00;909402N262;7997;16.957;44;233;232;234;234;11.593;49.99;542.7;6.376;653.0;2.913;783.5;3.521;60;0;0;11.480;11.664;11.635;2627;2684;2683;49.99;49.99;49.99;11360;1000;0.0;0;1.0000;0;2;16957;16957;16957
[wr_ende]
