20141119;120001;danfoss;My Plant;+0100
[wr_def_start]
909402N262;Inverter Type;Inverter Group;Hanzl
[wr_def_end]
[wr]
INTERVAL;TIMESTAMP;SERIAL;P_AC;E_DAY;T_WR;U_AC;U_AC_1;U_AC_2;U_AC_3;I_AC;F_AC;U_DC_1;I_DC_1;U_DC_2;I_DC_2;U_DC_3;I_DC_3;S;E_WR;M_WR;I_AC_1;I_AC_2;I_AC_3;P_AC_1;P_AC_2;P_AC_3;F_AC_1;F_AC_2;F_AC_3;R_DC;PC;PCS;PCS_LL;COS_PHI;COS_PHI_LL;S_COS_PHI;Current_Day_Energy;current_Day_Offset;ccEnergyOfDay_WithoutOffset
60;2014-11-19 11:01:00;909402N262;1052;4.891;40;233;232;232;233;1.778;49.98;537.6;1.226;497.4;0.320;311.6;0.826;60;0;0;1.729;1.799;1.806;334;357;357;49.98;49.98;49.98;5497;1000;0.0;0;1.0000;0;2;4891;4891;4891
60;2014-11-19 11:02:00;909402N262;1153;4.910;40;232;232;232;233;1.903;49.97;543.5;1.318;407.5;0.437;311.3;0.911;60;0;0;1.850;1.933;1.928;368;392;391;49.97;49.97;49.97;5497;1000;0.0;0;1.0000;0;2;4910;4910;4910
60;2014-11-19 11:03:00;909402N262;1518;4.936;40;232;232;232;233;2.374;49.98;547.6;1.684;387.8;0.663;308.7;1.209;60;0;0;2.323;2.395;2.404;491;512;513;49.98;49.98;49.98;5497;1000;0.0;0;1.0000;0;2;4936;4936;4936
60;2014-11-19 11:04:00;909402N262;2851;4.983;40;232;232;233;233;4.182;49.99;564.7;2.864;393.9;0.924;277.6;3.389;60;0;0;4.116;4.211;4.220;930;957;962;49.99;49.99;49.99;5497;1000;0.0;0;1.0000;0;2;4983;4983;4983
60;2014-11-19 11:05:00;909402N262;4355;5.055;40;233;232;233;234;6.285;49.99;555.4;4.744;405.1;1.601;274.0;4.295;60;0;0;6.227;6.297;6.333;1430;1456;1466;49.99;49.99;49.99;5497;1000;0.0;0;1.0000;0;2;5055;5055;5055
60;2014-11-19 11:06:00;909402N262;4136;5.125;40;233;231;233;234;5.988;49.99;555.9;4.794;405.3;1.557;276.8;3.346;60;0;0;5.898;6.035;6.032;1351;1388;1395;49.99;49.99;49.99;5497;1000;0.0;0;1.0000;0;2;5125;5125;5125
60;2014-11-19 11:07:00;909402N262;1228;5.145;40;232;231;232;233;2.019;50.00;556.4;1.478;470.2;0.366;302.2;0.824;60;0;0;1.951;2.064;2.043;390;420;417;50.00;50.00;50.00;5497;1000;0.0;0;1.0000;0;2;5145;5145;5145
60;2014-11-19 11:08:00;909402N262;2025;5.179;40;232;232;232;233;3.061;49.99;559.6;2.651;567.5;0.318;283.3;1.423;60;0;0;3.003;3.083;3.097;659;681;685;49.99;49.99;49.99;5497;1000;0.0;0;1.0000;0;2;5179;5179;5179
60;2014-11-19 11:09:00;909402N262;1646;5.206;40;232;231;232;233;2.550;49.99;553.8;1.989;555.9;0.301;306.2;1.314;60;0;0;2.490;2.578;2.582;531;555;557;49.99;49.99;49.99;5497;1000;0.0;0;1.0000;0;2;5206;5206;5206
60;2014-11-19 11:10:00;909402N262;2666;5.251;40;233;231;233;234;3.948;50.00;566.0;3.427;577.1;0.312;283.1;2.174;60;0;0;3.866;3.983;3.996;864;896;903;50.00;50.00;50.00;5497;1000;0.0;0;1.0000;0;2;5251;5251;5251
60;2014-11-19 11:11:00;909402N262;1714;5.278;40;232;231;232;233;2.648;49.99;558.6;2.180;565.9;0.296;304.9;1.183;60;0;0;2.575;2.684;2.687;550;581;582;49.99;49.99;49.99;5497;1000;0.0;0;1.0000;0;2;5278;5278;5278
60;2014-11-19 11:12:00;909402N262;799;5.293;40;232;231;233;233;1.502;49.99;538.7;0.893;513.8;0.253;344.0;0.574;60;0;0;1.443;1.535;1.529;248;276;273;49.99;49.99;49.99;5497;1000;0.0;0;1.0000;0;2;5293;5293;5293
60;2014-11-19 11:13:00;909402N262;852;5.307;40;232;231;233;234;1.554;50.01;536.6;0.976;528.7;0.257;347.0;0.593;60;0;0;1.497;1.587;1.578;266;293;291;50.01;50.01;50.01;5497;1000;0.0;0;1.0000;0;2;5307;5307;5307
60;2014-11-19 11:14:00;909402N262;1117;5.325;40;233;232;233;234;1.872;50.00;542.8;1.282;534.1;0.322;337.2;0.823;60;0;0;1.814;1.903;1.900;354;381;380;50.00;50.00;50.00;5497;1000;0.0;0;1.0000;0;2;5325;5325;5325
60;2014-11-19 11:15:00;909402N262;3756;5.387;40;233;232;233;234;5.442;49.99;554.0;4.296;442.8;1.629;304.7;2.455;60;0;0;5.383;5.458;5.487;1230;1260;1263;49.99;49.99;49.99;5497;1000;0.0;0;1.0000;0;2;5387;5387;5387
60;2014-11-19 11:16:00;909402N262;5149;5.473;40;233;231;234;234;7.413;49.99;541.6;5.834;446.8;1.980;274.0;4.538;60;0;0;7.305;7.478;7.457;1678;1733;1735;49.99;49.99;49.99;5497;1000;0.0;0;1.0000;0;2;5473;5473;5473
60;2014-11-19 11:17:00;909402N262;5139;5.559;40;233;231;233;234;7.394;50.00;545.4;5.743;454.7;1.831;261.5;4.938;60;0;0;7.287;7.439;7.457;1676;1724;1737;50.00;50.00;50.00;5497;1000;0.0;0;1.0000;0;2;5559;5559;5559
60;2014-11-19 11:18:00;909402N262;3082;5.610;40;233;231;232;234;4.511;49.99;574.1;3.507;444.5;1.073;266.3;2.474;60;0;0;4.435;4.543;4.557;1004;1031;1044;49.99;49.99;49.99;5497;1000;0.0;0;1.0000;0;2;5610;5610;5610
60;2014-11-19 11:19:00;909402N262;4266;5.681;40;233;231;233;234;6.180;49.99;543.6;4.521;470.9;1.675;270.8;4.149;60;0;0;6.096;6.203;6.243;1393;1426;1446;49.99;49.99;49.99;5497;1000;0.0;0;1.0000;0;2;5681;5681;5681
60;2014-11-19 11:20:00;909402N262;5146;5.768;40;233;232;233;234;7.405;49.99;534.1;5.747;472.5;1.930;280.8;4.563;60;0;0;7.324;7.433;7.460;1690;1719;1735;49.99;49.99;49.99;5497;1000;0.0;0;1.0000;0;2;5768;5768;5768
60;2014-11-19 11:21:00;909402N262;5130;5.853;40;233;232;232;235;7.379;50.00;531.3;5.746;471.4;1.932;264.1;4.872;60;0;0;7.289;7.402;7.447;1683;1710;1736;50.00;50.00;50.00;5497;1000;0.0;0;1.0000;0;2;5853;5853;5853
60;2014-11-19 11:22:00;909402N262;5182;5.940;40;233;232;233;235;7.447;50.00;555.4;5.619;470.1;1.946;264.4;4.784;60;0;0;7.359;7.460;7.524;1698;1725;1756;50.00;50.00;50.00;5497;1000;0.0;0;1.0000;0;2;5940;5940;5940
60;2014-11-19 11:23:00;909402N262;5196;6.027;40;233;232;233;235;7.466;50.00;557.2;5.635;468.7;1.954;256.0;4.919;60;0;0;7.384;7.472;7.543;1704;1728;1762;50.00;50.00;50.00;5497;1000;0.0;0;1.0000;0;2;6027;6027;6027
60;2014-11-19 11:24:00;909402N262;5229;6.114;40;233;233;232;235;7.509;50.00;552.4;5.700;476.3;1.962;254.1;4.994;60;0;0;7.439;7.505;7.585;1720;1735;1772;50.00;50.00;50.00;5497;1000;0.0;0;1.0000;0;2;6114;6114;6114
60;2014-11-19 11:25:00;909402N262;5252;6.204;41;234;233;233;235;7.535;50.00;547.2;5.774;483.7;1.967;255.6;4.947;60;0;0;7.462;7.543;7.601;1727;1746;1776;50.00;50.00;50.00;5497;1000;0.0;0;1.0000;0;2;6204;6204;6204
60;2014-11-19 11:26:00;909402N262;5307;6.292;41;234;233;233;235;7.607;49.99;543.1;5.844;496.4;1.980;252.4;5.046;60;0;0;7.547;7.606;7.669;1749;1763;1793;49.99;49.99;49.99;5497;1000;0.0;0;1.0000;0;2;6292;6292;6292
60;2014-11-19 11:27:00;909402N262;5328;6.381;41;234;233;234;235;7.635;50.00;540.0;5.901;499.6;1.991;257.9;4.921;60;0;0;7.566;7.648;7.691;1753;1777;1796;50.00;50.00;50.00;5497;1000;0.0;0;1.0000;0;2;6381;6381;6381
60;2014-11-19 11:28:00;909402N262;5329;6.469;41;233;233;233;235;7.652;50.01;538.0;5.943;498.4;2.003;252.1;4.992;60;0;0;7.572;7.660;7.726;1751;1774;1803;50.01;50.01;50.01;5497;1000;0.0;0;1.0000;0;2;6469;6469;6469
60;2014-11-19 11:29:00;909402N262;5364;6.559;41;233;232;232;235;7.711;50.00;537.0;5.969;497.2;2.014;250.7;5.127;60;0;0;7.645;7.698;7.792;1767;1777;1819;50.00;50.00;50.00;5497;1000;0.0;0;1.0000;0;2;6559;6559;6559
60;2014-11-19 11:30:00;909402N262;5379;6.648;41;233;233;232;235;7.724;50.02;536.5;5.988;496.5;2.024;250.7;5.145;60;0;0;7.671;7.691;7.811;1778;1775;1825;50.02;50.02;50.02;5497;1000;0.0;0;1.0000;0;2;6648;6648;6648
60;2014-11-19 11:31:00;909402N262;5341;6.738;41;233;233;230;235;7.693;50.00;525.2;6.031;494.7;2.024;258.0;5.106;60;0;0;7.666;7.617;7.796;1775;1743;1821;50.00;50.00;50.00;5497;1000;0.0;0;1.0000;0;2;6738;6738;6738
60;2014-11-19 11:32:00;909402N262;5449;6.829;41;232;233;230;234;7.848;50.01;534.2;6.039;494.9;2.044;259.8;5.153;60;0;0;7.812;7.782;7.952;1808;1783;1856;50.01;50.01;50.01;5497;1000;0.0;0;1.0000;0;2;6829;6829;6829
60;2014-11-19 11:33:00;909402N262;5503;6.921;41;232;233;230;235;7.926;50.01;533.3;6.093;494.1;2.065;263.7;5.169;60;0;0;7.885;7.856;8.037;1824;1799;1877;50.01;50.01;50.01;5497;1000;0.0;0;1.0000;0;2;6921;6921;6921
60;2014-11-19 11:34:00;909402N262;5590;7.014;41;232;232;231;235;8.049;50.00;532.9;6.151;503.2;2.088;261.6;5.321;60;0;0;7.989;8.009;8.149;1847;1839;1902;50.00;50.00;50.00;5497;1000;0.0;0;1.0000;0;2;7014;7014;7014
60;2014-11-19 11:35:00;909402N262;5671;7.108;42;233;233;231;235;8.147;50.00;532.3;6.188;525.8;2.098;262.3;5.363;60;0;0;8.099;8.094;8.248;1876;1861;1932;50.00;50.00;50.00;5497;1000;0.0;0;1.0000;0;2;7108;7108;7108
60;2014-11-19 11:36:00;909402N262;5718;7.205;42;233;233;232;235;8.215;50.00;530.8;6.241;527.3;2.116;262.3;5.423;60;0;0;8.156;8.188;8.301;1891;1887;1938;50.00;50.00;50.00;5497;1000;0.0;0;1.0000;0;2;7205;7205;7205
60;2014-11-19 11:37:00;909402N262;5734;7.299;42;233;234;231;235;8.224;50.01;529.6;6.269;526.3;2.128;261.8;5.453;60;0;0;8.186;8.160;8.326;1905;1877;1950;50.01;50.01;50.01;5497;1000;0.0;0;1.0000;0;2;7299;7299;7299
60;2014-11-19 11:38:00;909402N262;5741;7.395;42;233;234;231;235;8.225;50.00;528.3;6.284;525.7;2.132;264.7;5.417;60;0;0;8.192;8.165;8.319;1909;1880;1951;50.00;50.00;50.00;5497;1000;0.0;0;1.0000;0;2;7395;7395;7395
60;2014-11-19 11:39:00;909402N262;5786;7.492;42;233;234;231;235;8.286;50.00;527.3;6.284;524.9;2.130;279.8;5.308;60;0;0;8.250;8.239;8.371;1920;1900;1963;50.00;50.00;50.00;5497;1000;0.0;0;1.0000;0;2;7492;7492;7492
60;2014-11-19 11:40:00;909402N262;5809;7.588;42;234;232;233;235;8.318;50.01;526.9;6.263;524.4;2.121;296.1;5.160;60;0;0;8.223;8.334;8.397;1904;1936;1968;50.01;50.01;50.01;5497;1000;0.0;0;1.0000;0;2;7588;7588;7588
60;2014-11-19 11:41:00;909402N262;5819;7.685;42;234;233;233;235;8.327;50.00;527.2;6.231;524.1;2.106;298.1;5.232;60;0;0;8.266;8.310;8.406;1919;1927;1970;50.00;50.00;50.00;5497;1000;0.0;0;1.0000;0;2;7685;7685;7685
60;2014-11-19 11:42:00;909402N262;5808;7.783;42;234;233;233;235;8.307;49.99;527.1;6.197;526.4;2.096;294.9;5.325;60;0;0;8.244;8.304;8.375;1914;1931;1962;49.99;49.99;49.99;5497;1000;0.0;0;1.0000;0;2;7783;7783;7783
60;2014-11-19 11:43:00;909402N262;5818;7.880;42;234;234;233;235;8.314;50.00;527.1;6.167;544.5;2.085;294.6;5.304;60;0;0;8.262;8.302;8.380;1925;1929;1963;50.00;50.00;50.00;5497;1000;0.0;0;1.0000;0;2;7880;7880;7880
60;2014-11-19 11:44:00;909402N262;5809;7.976;42;234;234;232;236;8.301;50.00;527.7;6.133;555.4;2.069;294.6;5.269;60;0;0;8.277;8.245;8.382;1934;1907;1967;50.00;50.00;50.00;5497;1000;0.0;0;1.0000;0;2;7976;7976;7976
60;2014-11-19 11:45:00;909402N262;5822;8.072;42;234;234;232;236;8.326;49.99;528.0;6.135;558.2;2.065;296.7;5.251;60;0;0;8.301;8.259;8.419;1938;1906;1976;49.99;49.99;49.99;5497;1000;0.0;0;1.0000;0;2;8072;8072;8072
60;2014-11-19 11:46:00;909402N262;5812;8.170;42;234;234;232;235;8.308;49.99;526.3;6.173;557.0;2.066;309.8;5.159;60;0;0;8.281;8.253;8.391;1931;1911;1968;49.99;49.99;49.99;5497;1000;0.0;0;1.0000;0;2;8170;8170;8170
60;2014-11-19 11:47:00;909402N262;6009;8.270;42;234;234;232;235;8.596;50.00;526.8;6.230;558.1;2.101;336.0;5.018;60;0;0;8.571;8.548;8.671;2000;1977;2030;50.00;50.00;50.00;5497;1000;0.0;0;1.0000;0;2;8270;8270;8270
60;2014-11-19 11:48:00;909402N262;6098;8.372;42;234;235;232;235;8.714;50.00;526.5;6.278;557.6;2.118;329.3;5.305;60;0;0;8.706;8.660;8.776;2037;2002;2057;50.00;50.00;50.00;5497;1000;0.0;0;1.0000;0;2;8372;8372;8372
60;2014-11-19 11:49:00;909402N262;6146;8.474;42;234;235;232;235;8.785;50.00;526.6;6.323;557.6;2.134;329.0;5.356;60;0;0;8.774;8.720;8.863;2053;2016;2075;50.00;50.00;50.00;5497;1000;0.0;0;1.0000;0;2;8474;8474;8474
60;2014-11-19 11:50:00;909402N262;6200;8.577;43;234;235;231;235;8.866;50.01;526.6;6.375;557.5;2.154;329.1;5.406;60;0;0;8.846;8.782;8.971;2068;2026;2104;50.01;50.01;50.01;5497;1000;0.0;0;1.0000;0;2;8577;8577;8577
60;2014-11-19 11:51:00;909402N262;6232;8.682;43;234;235;231;235;8.915;50.00;526.1;6.388;563.9;2.166;329.7;5.423;60;0;0;8.904;8.836;9.006;2081;2038;2110;50.00;50.00;50.00;5497;1000;0.0;0;1.0000;0;2;8682;8682;8682
60;2014-11-19 11:52:00;909402N262;6271;8.787;43;234;235;232;235;8.965;49.99;525.9;6.380;574.4;2.169;336.5;5.371;60;0;0;8.961;8.924;9.012;2095;2066;2109;49.99;49.99;49.99;5497;1000;0.0;0;1.0000;0;2;8787;8787;8787
60;2014-11-19 11:53:00;909402N262;6284;8.891;43;234;234;233;235;8.979;50.00;525.5;6.367;574.3;2.169;341.1;5.362;60;0;0;8.949;8.955;9.034;2090;2078;2114;50.00;50.00;50.00;5497;1000;0.0;0;1.0000;0;2;8891;8891;8891
60;2014-11-19 11:54:00;909402N262;6314;8.996;43;234;235;234;235;9.005;50.00;525.5;6.338;583.3;2.158;351.7;5.287;60;0;0;8.969;9.001;9.046;2098;2096;2117;50.00;50.00;50.00;5497;1000;0.0;0;1.0000;0;2;8996;8996;8996
60;2014-11-19 11:55:00;909402N262;6262;9.100;43;234;235;232;236;8.936;50.00;525.8;6.253;589.4;2.115;360.2;5.167;60;0;0;8.921;8.850;9.039;2090;2045;2125;50.00;50.00;50.00;5497;1000;0.0;0;1.0000;0;2;9100;9100;9100
60;2014-11-19 11:56:00;909402N262;6281;9.203;43;234;235;232;236;8.960;50.01;526.1;6.268;589.3;2.113;364.4;5.136;60;0;0;8.913;8.904;9.064;2085;2064;2130;50.01;50.01;50.01;5497;1000;0.0;0;1.0000;0;2;9203;9203;9203
60;2014-11-19 11:57:00;909402N262;3098;9.256;43;234;234;232;235;4.631;50.01;521.8;2.904;579.7;1.055;359.0;2.714;60;0;0;4.573;4.645;4.675;1020;1016;1051;50.01;50.01;50.01;5497;1000;0.0;0;1.0000;0;2;9256;9256;9256
60;2014-11-19 11:58:00;909402N262;613;9.267;43;233;234;231;235;1.305;50.02;510.7;0.642;567.4;0.215;353.8;0.489;60;0;0;1.262;1.315;1.340;189;209;214;50.02;50.02;50.02;5497;1000;0.0;0;1.0000;0;2;9267;9267;9267
60;2014-11-19 11:59:00;909402N262;525;9.275;43;233;234;232;235;1.224;50.02;511.8;0.560;560.4;0.186;350.1;0.406;60;0;0;1.191;1.230;1.253;160;179;183;50.02;50.02;50.02;5497;1000;0.0;0;1.0000;0;2;9275;9275;9275
60;2014-11-19 12:00:00;909402N262;470;9.283;43;234;234;233;234;1.190;50.02;505.7;0.517;567.0;0.165;348.9;0.355;60;0;0;1.161;1.199;1.210;142;163;163;50.02;50.02;50.02;5497;1000;0.0;0;1.0000;0;2;9283;9283;9283
[wr_ende]
