20140915;170000;danfoss;My Plant;+0100
[wr_def_start]
909402N262;Inverter Type;Inverter Group;Hanzl
[wr_def_end]
[wr]
INTERVAL;TIMESTAMP;SERIAL;P_AC;E_DAY;T_WR;U_AC;U_AC_1;U_AC_2;U_AC_3;I_AC;F_AC;U_DC_1;I_DC_1;U_DC_2;I_DC_2;U_DC_3;I_DC_3;S;E_WR;M_WR;I_AC_1;I_AC_2;I_AC_3;P_AC_1;P_AC_2;P_AC_3;F_AC_1;F_AC_2;F_AC_3;R_DC;PC;PCS;PCS_LL;COS_PHI;COS_PHI_LL;S_COS_PHI;Current_Day_Energy;current_Day_Offset;ccEnergyOfDay_WithoutOffset
60;2014-09-15 16:01:00;909402N262;2705;13.630;43;234;233;234;235;3.902;50.01;543.4;2.429;609.1;1.072;769.0;1.020;60;0;0;3.840;3.943;3.924;882;912;908;50.01;50.01;50.01;3227;1000;0.0;0;0.0000;0;0;13630;13630;13630
60;2014-09-15 16:02:00;909402N262;2674;13.674;43;234;233;234;234;3.898;49.99;547.4;2.378;625.1;1.034;776.2;0.991;60;0;0;3.827;3.952;3.915;871;904;896;49.99;49.99;49.99;3227;1000;0.0;0;0.0000;0;0;13674;13674;13674
60;2014-09-15 16:03:00;909402N262;2416;13.714;43;233;232;234;234;3.541;49.98;545.6;2.154;626.6;0.940;771.6;0.895;60;0;0;3.467;3.601;3.557;784;819;810;49.98;49.98;49.98;3227;1000;0.0;0;0.0000;0;0;13714;13714;13714
60;2014-09-15 16:04:00;909402N262;2013;13.748;43;233;233;233;234;2.978;49.98;544.6;1.791;625.8;0.797;764.0;0.749;60;0;0;2.915;3.024;2.995;654;681;676;49.98;49.98;49.98;3227;1000;0.0;0;0.0000;0;0;13748;13748;13748
60;2014-09-15 16:05:00;909402N262;1660;13.775;43;233;233;232;234;2.499;49.98;548.2;1.460;623.0;0.667;757.1;0.625;60;0;0;2.450;2.531;2.517;539;558;560;49.98;49.98;49.98;3227;1000;0.0;0;0.0000;0;0;13775;13775;13775
60;2014-09-15 16:06:00;909402N262;1443;13.799;43;233;233;233;234;2.195;49.98;550.9;1.256;618.7;0.590;754.6;0.550;60;0;0;2.144;2.232;2.209;467;488;486;49.98;49.98;49.98;3227;1000;0.0;0;0.0000;0;0;13799;13799;13799
60;2014-09-15 16:07:00;909402N262;1275;13.820;43;233;232;233;234;1.955;49.98;551.9;1.105;616.2;0.526;750.0;0.489;60;0;0;1.902;1.994;1.969;410;434;430;49.98;49.98;49.98;3227;1000;0.0;0;0.0000;0;0;13820;13820;13820
60;2014-09-15 16:08:00;909402N262;1117;13.840;43;233;232;233;234;1.746;49.99;547.6;0.978;613.5;0.470;746.4;0.427;60;0;0;1.701;1.794;1.744;359;382;374;49.99;49.99;49.99;3227;1000;0.0;0;0.0000;0;0;13840;13840;13840
60;2014-09-15 16:09:00;909402N262;1005;13.857;43;233;232;233;233;1.615;49.98;548.2;0.875;611.1;0.431;742.7;0.387;60;0;0;1.579;1.673;1.595;323;348;333;49.98;49.98;49.98;3227;1000;0.0;0;0.0000;0;0;13857;13857;13857
60;2014-09-15 16:10:00;909402N262;981;13.873;43;232;232;233;233;1.583;49.98;545.9;0.849;612.7;0.423;743.5;0.380;60;0;0;1.548;1.636;1.565;316;339;325;49.98;49.98;49.98;3227;1000;0.0;0;0.0000;0;0;13873;13873;13873
60;2014-09-15 16:11:00;909402N262;1030;13.889;43;232;231;233;233;1.646;49.97;548.9;0.880;616.7;0.440;746.2;0.403;60;0;0;1.609;1.701;1.629;332;354;342;49.97;49.97;49.97;3227;1000;0.0;0;0.0000;0;0;13889;13889;13889
60;2014-09-15 16:12:00;909402N262;1079;13.907;43;232;231;233;233;1.707;49.98;551.5;0.918;619.5;0.454;748.7;0.424;60;0;0;1.664;1.754;1.705;347;370;360;49.98;49.98;49.98;3227;1000;0.0;0;0.0000;0;0;13907;13907;13907
60;2014-09-15 16:13:00;909402N262;1097;13.926;43;232;232;232;233;1.725;49.98;554.3;0.934;619.8;0.457;750.4;0.428;60;0;0;1.693;1.766;1.716;356;374;365;49.98;49.98;49.98;3227;1000;0.0;0;0.0000;0;0;13926;13926;13926
60;2014-09-15 16:14:00;909402N262;1068;13.944;43;233;232;233;233;1.692;49.99;547.4;0.927;619.0;0.445;750.5;0.416;60;0;0;1.654;1.750;1.674;345;369;352;49.99;49.99;49.99;3227;1000;0.0;0;0.0000;0;0;13944;13944;13944
60;2014-09-15 16:15:00;909402N262;1017;13.961;43;233;232;233;234;1.630;50.00;537.6;0.897;616.9;0.426;749.4;0.395;60;0;0;1.589;1.688;1.615;326;351;337;50.00;50.00;50.00;3227;1000;0.0;0;0.0000;0;0;13961;13961;13961
60;2014-09-15 16:16:00;909402N262;977;13.976;43;233;232;233;234;1.554;49.99;534.9;0.866;599.7;0.422;747.6;0.384;60;0;0;1.512;1.604;1.546;312;337;325;49.99;49.99;49.99;3227;1000;0.0;0;0.0000;0;0;13976;13976;13976
60;2014-09-15 16:17:00;909402N262;976;13.994;43;233;232;233;234;1.530;49.99;552.9;0.833;615.1;0.415;749.5;0.380;60;0;0;1.490;1.573;1.528;314;334;326;49.99;49.99;49.99;3227;1000;0.0;0;0.0000;0;0;13994;13994;13994
60;2014-09-15 16:18:00;909402N262;985;14.010;43;233;232;233;234;1.539;49.99;556.0;0.834;616.3;0.420;750.7;0.380;60;0;0;1.496;1.584;1.539;316;337;329;49.99;49.99;49.99;3227;1000;0.0;0;0.0000;0;0;14010;14010;14010
60;2014-09-15 16:19:00;909402N262;996;14.027;43;233;232;233;233;1.555;50.00;556.7;0.839;618.1;0.428;754.0;0.382;60;0;0;1.526;1.594;1.547;323;340;330;50.00;50.00;50.00;3227;1000;0.0;0;0.0000;0;0;14027;14027;14027
60;2014-09-15 16:20:00;909402N262;1013;14.044;43;233;232;232;233;1.576;49.99;558.8;0.844;619.5;0.439;757.5;0.388;60;0;0;1.536;1.619;1.575;327;347;338;49.99;49.99;49.99;3227;1000;0.0;0;0.0000;0;0;14044;14044;14044
60;2014-09-15 16:21:00;909402N262;1051;14.061;43;233;232;232;233;1.628;49.99;561.3;0.866;621.1;0.456;758.5;0.404;60;0;0;1.592;1.670;1.622;340;359;349;49.99;49.99;49.99;3227;1000;0.0;0;0.0000;0;0;14061;14061;14061
60;2014-09-15 16:22:00;909402N262;1108;14.080;43;233;232;232;234;1.700;49.99;563.3;0.907;624.9;0.478;760.2;0.426;60;0;0;1.668;1.734;1.698;359;377;370;49.99;49.99;49.99;3227;1000;0.0;0;0.0000;0;0;14080;14080;14080
60;2014-09-15 16:23:00;909402N262;1176;14.099;43;233;232;232;234;1.782;49.99;564.8;0.957;624.6;0.505;763.3;0.452;60;0;0;1.740;1.814;1.793;380;398;396;49.99;49.99;49.99;3227;1000;0.0;0;0.0000;0;0;14099;14099;14099
60;2014-09-15 16:24:00;909402N262;1254;14.120;43;233;232;233;234;1.886;50.00;566.1;1.016;624.6;0.536;765.2;0.483;60;0;0;1.843;1.920;1.895;405;426;422;50.00;50.00;50.00;3227;1000;0.0;0;0.0000;0;0;14120;14120;14120
60;2014-09-15 16:25:00;909402N262;1324;14.143;43;233;232;233;234;1.984;50.01;566.6;1.074;625.1;0.564;767.1;0.509;60;0;0;1.937;2.025;1.991;427;450;445;50.01;50.01;50.01;3227;1000;0.0;0;0.0000;0;0;14143;14143;14143
60;2014-09-15 16:26:00;909402N262;1390;14.166;43;233;232;233;234;2.075;49.99;553.9;1.155;625.8;0.588;771.4;0.531;60;0;0;2.034;2.107;2.086;451;470;467;49.99;49.99;49.99;3227;1000;0.0;0;0.0000;0;0;14166;14166;14166
60;2014-09-15 16:27:00;909402N262;1452;14.190;43;233;232;233;234;2.165;49.99;553.5;1.209;627.0;0.610;770.5;0.556;60;0;0;2.115;2.199;2.182;469;491;490;49.99;49.99;49.99;3227;1000;0.0;0;0.0000;0;0;14190;14190;14190
60;2014-09-15 16:28:00;909402N262;1510;14.214;43;233;232;233;234;2.249;49.99;559.7;1.249;628.1;0.628;771.6;0.578;60;0;0;2.200;2.280;2.267;489;510;510;49.99;49.99;49.99;3227;1000;0.0;0;0.0000;0;0;14214;14214;14214
60;2014-09-15 16:29:00;909402N262;1571;14.241;43;233;232;233;234;2.334;49.99;569.1;1.281;629.1;0.647;773.0;0.601;60;0;0;2.286;2.364;2.353;510;530;530;49.99;49.99;49.99;3227;1000;0.0;0;0.0000;0;0;14241;14241;14241
60;2014-09-15 16:30:00;909402N262;1632;14.268;43;233;232;233;234;2.419;49.98;568.9;1.336;629.1;0.667;774.6;0.622;60;0;0;2.364;2.455;2.440;528;550;551;49.98;49.98;49.98;3227;1000;0.0;0;0.0000;0;0;14268;14268;14268
60;2014-09-15 16:31:00;909402N262;1674;14.297;43;233;232;233;234;2.481;49.97;560.5;1.393;621.1;0.690;775.2;0.645;60;0;0;2.426;2.513;2.504;542;564;565;49.97;49.97;49.97;3227;1000;0.0;0;0.0000;0;0;14297;14297;14297
60;2014-09-15 16:32:00;909402N262;1765;14.326;43;233;232;233;234;2.644;49.98;570.1;1.453;629.4;0.711;777.3;0.672;60;0;0;2.586;2.687;2.661;573;597;595;49.98;49.98;49.98;3227;1000;0.0;0;0.0000;0;0;14326;14326;14326
60;2014-09-15 16:33:00;909402N262;1941;14.359;43;233;232;233;234;2.878;49.98;571.0;1.610;631.1;0.765;780.1;0.736;60;0;0;2.827;2.913;2.895;632;654;652;49.98;49.98;49.98;3227;1000;0.0;0;0.0000;0;0;14359;14359;14359
60;2014-09-15 16:34:00;909402N262;2115;14.392;43;233;232;233;234;3.115;50.00;572.6;1.760;632.3;0.820;783.3;0.796;60;0;0;3.046;3.150;3.149;686;712;715;50.00;50.00;50.00;3227;1000;0.0;0;0.0000;0;0;14392;14392;14392
60;2014-09-15 16:35:00;909402N262;2144;14.430;43;233;232;233;234;3.152;49.99;554.2;1.846;631.5;0.828;781.3;0.813;60;0;0;3.091;3.180;3.187;696;720;725;49.99;49.99;49.99;3227;1000;0.0;0;0.0000;0;0;14430;14430;14430
60;2014-09-15 16:36:00;909402N262;2343;14.469;43;233;233;233;234;3.433;49.99;548.9;2.060;631.7;0.895;780.5;0.880;60;0;0;3.368;3.463;3.468;763;786;792;49.99;49.99;49.99;3227;1000;0.0;0;0.0000;0;0;14469;14469;14469
60;2014-09-15 16:37:00;909402N262;2334;14.507;43;233;233;233;234;3.417;49.99;547.8;2.059;631.3;0.894;782.0;0.870;60;0;0;3.357;3.447;3.447;761;783;787;49.99;49.99;49.99;3227;1000;0.0;0;0.0000;0;0;14507;14507;14507
60;2014-09-15 16:38:00;909402N262;2366;14.546;43;234;233;233;235;3.464;50.00;547.0;2.100;630.5;0.903;778.2;0.885;60;0;0;3.397;3.494;3.501;771;794;800;50.00;50.00;50.00;3227;1000;0.0;0;0.0000;0;0;14546;14546;14546
60;2014-09-15 16:39:00;909402N262;2152;14.582;43;233;233;233;234;3.164;49.99;545.1;1.905;628.6;0.831;777.7;0.806;60;0;0;3.103;3.197;3.193;701;723;725;49.99;49.99;49.99;3227;1000;0.0;0;0.0000;0;0;14582;14582;14582
60;2014-09-15 16:40:00;909402N262;2129;14.618;43;233;233;233;234;3.135;49.99;544.5;1.892;626.9;0.825;776.9;0.797;60;0;0;3.075;3.166;3.165;694;715;718;49.99;49.99;49.99;3227;1000;0.0;0;0.0000;0;0;14618;14618;14618
60;2014-09-15 16:41:00;909402N262;1908;14.650;43;233;233;232;234;2.833;49.98;543.9;1.690;626.4;0.746;772.2;0.718;60;0;0;2.779;2.866;2.854;622;641;643;49.98;49.98;49.98;3227;1000;0.0;0;0.0000;0;0;14650;14650;14650
60;2014-09-15 16:42:00;909402N262;1839;14.680;43;233;233;233;234;2.742;49.98;543.6;1.631;626.3;0.717;771.1;0.698;60;0;0;2.683;2.789;2.755;597;621;618;49.98;49.98;49.98;3227;1000;0.0;0;0.0000;0;0;14680;14680;14680
60;2014-09-15 16:43:00;909402N262;1835;14.711;43;233;233;233;234;2.735;49.99;543.1;1.633;625.7;0.719;772.0;0.688;60;0;0;2.681;2.774;2.752;597;619;617;49.99;49.99;49.99;3227;1000;0.0;0;0.0000;0;0;14711;14711;14711
60;2014-09-15 16:44:00;909402N262;1668;14.739;43;233;233;233;234;2.506;49.99;543.7;1.478;625.1;0.662;767.8;0.627;60;0;0;2.456;2.539;2.523;543;562;562;49.99;49.99;49.99;3227;1000;0.0;0;0.0000;0;0;14739;14739;14739
60;2014-09-15 16:45:00;909402N262;1520;14.764;43;234;234;233;234;2.295;49.98;543.6;1.342;622.6;0.612;764.5;0.573;60;0;0;2.249;2.327;2.310;495;512;512;49.98;49.98;49.98;3227;1000;0.0;0;0.0000;0;0;14764;14764;14764
60;2014-09-15 16:46:00;909402N262;1429;14.788;43;234;234;233;234;2.155;49.98;540.7;1.265;614.1;0.590;756.0;0.546;60;0;0;2.114;2.182;2.170;465;481;481;49.98;49.98;49.98;3227;1000;0.0;0;0.0000;0;0;14788;14788;14788
60;2014-09-15 16:47:00;909402N262;1408;14.812;43;234;234;234;234;2.096;49.98;546.0;1.229;622.5;0.573;766.3;0.532;60;0;0;2.057;2.132;2.101;458;477;471;49.98;49.98;49.98;3227;1000;0.0;0;0.0000;0;0;14812;14812;14812
60;2014-09-15 16:48:00;909402N262;1446;14.835;43;234;233;234;235;2.153;49.99;547.9;1.262;623.0;0.585;764.7;0.548;60;0;0;2.100;2.191;2.170;465;491;488;49.99;49.99;49.99;3227;1000;0.0;0;0.0000;0;0;14835;14835;14835
60;2014-09-15 16:49:00;909402N262;1482;14.860;43;234;233;233;235;2.203;49.98;549.7;1.296;620.4;0.594;764.8;0.563;60;0;0;2.157;2.232;2.221;480;500;500;49.98;49.98;49.98;3227;1000;0.0;0;0.0000;0;0;14860;14860;14860
60;2014-09-15 16:50:00;909402N262;1656;14.887;43;234;233;233;235;2.448;49.98;549.9;1.468;622.0;0.655;763.6;0.619;60;0;0;2.405;2.474;2.465;539;557;558;49.98;49.98;49.98;3227;1000;0.0;0;0.0000;0;0;14887;14887;14887
60;2014-09-15 16:51:00;909402N262;1649;14.915;43;234;233;233;235;2.436;49.99;552.0;1.448;619.5;0.663;762.8;0.615;60;0;0;2.387;2.466;2.457;536;554;556;49.99;49.99;49.99;3227;1000;0.0;0;0.0000;0;0;14915;14915;14915
60;2014-09-15 16:52:00;909402N262;1751;14.945;43;234;233;233;235;2.580;49.99;554.4;1.537;619.9;0.695;764.1;0.655;60;0;0;2.529;2.610;2.601;569;589;591;49.99;49.99;49.99;3227;1000;0.0;0;0.0000;0;0;14945;14945;14945
60;2014-09-15 16:53:00;909402N262;1807;14.975;43;234;234;233;235;2.654;49.99;556.1;1.583;621.0;0.717;766.8;0.672;60;0;0;2.614;2.690;2.660;592;608;605;49.99;49.99;49.99;3227;1000;0.0;0;0.0000;0;0;14975;14975;14975
60;2014-09-15 16:54:00;909402N262;1904;15.006;43;234;234;233;235;2.786;49.99;557.1;1.671;621.7;0.750;769.0;0.704;60;0;0;2.736;2.820;2.803;622;640;640;49.99;49.99;49.99;3227;1000;0.0;0;0.0000;0;0;15006;15006;15006
60;2014-09-15 16:55:00;909402N262;2030;15.040;43;234;234;233;235;2.956;49.99;557.7;1.792;623.4;0.791;775.5;0.740;60;0;0;2.907;2.979;2.984;665;678;685;49.99;49.99;49.99;3227;1000;0.0;0;0.0000;0;0;15040;15040;15040
60;2014-09-15 16:56:00;909402N262;1801;15.070;43;234;234;233;235;2.644;50.01;549.9;1.588;619.4;0.723;766.3;0.668;60;0;0;2.590;2.675;2.668;586;604;608;50.01;50.01;50.01;3227;1000;0.0;0;0.0000;0;0;15070;15070;15070
60;2014-09-15 16:57:00;909402N262;1690;15.098;43;234;234;233;235;2.493;50.01;539.8;1.510;617.1;0.676;765.6;0.640;60;0;0;2.438;2.523;2.520;548;569;572;50.01;50.01;50.01;3227;1000;0.0;0;0.0000;0;0;15098;15098;15098
60;2014-09-15 16:58:00;909402N262;1825;15.129;43;234;234;233;235;2.678;50.01;555.7;1.608;618.7;0.722;762.2;0.680;60;0;0;2.621;2.714;2.700;593;615;616;50.01;50.01;50.01;3227;1000;0.0;0;0.0000;0;0;15129;15129;15129
60;2014-09-15 16:59:00;909402N262;1620;15.156;43;234;233;233;235;2.397;50.02;543.4;1.447;616.4;0.656;760.2;0.603;60;0;0;2.341;2.438;2.412;525;548;546;50.02;50.02;50.02;3227;1000;0.0;0;0.0000;0;0;15156;15156;15156
60;2014-09-15 17:00:00;909402N262;1443;15.180;43;234;233;233;235;2.150;50.02;538.9;1.297;613.8;0.588;762.6;0.540;60;0;0;2.103;2.181;2.167;468;487;487;50.02;50.02;50.02;3227;1000;0.0;0;0.0000;0;0;15180;15180;15180
[wr_ende]
