20140716;170004;danfoss;My Plant;+0100
[wr_def_start]
909402N262;Inverter Type;Inverter Group;Hanzl
[wr_def_end]
[wr]
INTERVAL;TIMESTAMP;SERIAL;P_AC;E_DAY;T_WR;U_AC;U_AC_1;U_AC_2;U_AC_3;I_AC;F_AC;U_DC_1;I_DC_1;U_DC_2;I_DC_2;U_DC_3;I_DC_3;S;E_WR;M_WR;I_AC_1;I_AC_2;I_AC_3;P_AC_1;P_AC_2;P_AC_3;F_AC_1;F_AC_2;F_AC_3;R_DC;PC;PCS;PCS_LL;COS_PHI;COS_PHI_LL;S_COS_PHI;Current_Day_Energy;current_Day_Offset;ccEnergyOfDay_WithoutOffset
60;2014-07-16 16:01:00;909402N262;8112;49.401;53;235;235;235;235;11.541;49.97;487.9;7.180;584.0;3.609;726.8;3.670;60;0;0;11.496;11.614;11.514;2695;2713;2702;49.97;49.97;49.97;4784;1000;0.0;0;0.0000;0;0;49401;49401;49401
60;2014-07-16 16:02:00;909402N262;8151;49.537;53;235;234;234;235;11.604;49.97;489.9;7.154;602.2;3.549;727.9;3.643;60;0;0;11.584;11.626;11.602;2710;2716;2723;49.97;49.97;49.97;4784;1000;0.0;0;0.0000;0;0;49537;49537;49537
60;2014-07-16 16:03:00;909402N262;8195;49.673;53;235;235;234;236;11.658;49.97;490.7;7.188;603.1;3.563;728.1;3.654;60;0;0;11.642;11.673;11.659;2727;2726;2741;49.97;49.97;49.97;4784;1000;0.0;0;0.0000;0;0;49673;49673;49673
60;2014-07-16 16:04:00;909402N262;8110;49.806;53;234;234;234;235;11.553;49.97;491.2;7.105;603.0;3.528;728.2;3.614;60;0;0;11.538;11.562;11.559;2699;2695;2713;49.97;49.97;49.97;4784;1000;0.0;0;0.0000;0;0;49806;49806;49806
60;2014-07-16 16:05:00;909402N262;8009;49.941;53;234;234;233;235;11.431;49.97;492.4;7.002;604.0;3.478;729.7;3.561;60;0;0;11.403;11.441;11.449;2661;2662;2683;49.97;49.97;49.97;4784;1000;0.0;0;0.0000;0;0;49941;49941;49941
60;2014-07-16 16:06:00;909402N262;6981;50.057;53;233;234;232;235;9.997;49.98;496.5;6.146;602.0;3.092;725.0;3.009;60;0;0;9.984;9.970;10.037;2326;2301;2352;49.98;49.98;49.98;4784;1000;0.0;0;0.0000;0;0;50057;50057;50057
60;2014-07-16 16:07:00;909402N262;8109;50.193;53;234;234;231;236;11.585;49.98;493.0;7.070;607.1;3.507;731.7;3.603;60;0;0;11.620;11.496;11.640;2716;2654;2737;49.98;49.98;49.98;4784;1000;0.0;0;0.0000;0;0;50193;50193;50193
60;2014-07-16 16:08:00;909402N262;8011;50.327;53;234;234;232;235;11.449;49.98;493.0;6.983;606.9;3.462;731.5;3.563;60;0;0;11.463;11.377;11.509;2677;2628;2704;49.98;49.98;49.98;4784;1000;0.0;0;0.0000;0;0;50327;50327;50327
60;2014-07-16 16:09:00;909402N262;8017;50.461;53;234;234;232;235;11.455;49.98;492.8;6.990;606.6;3.462;731.4;3.570;60;0;0;11.455;11.408;11.504;2673;2643;2699;49.98;49.98;49.98;4784;1000;0.0;0;0.0000;0;0;50461;50461;50461
60;2014-07-16 16:10:00;909402N262;7164;50.581;53;235;235;235;236;10.169;49.98;494.6;6.307;601.9;3.151;722.9;3.150;60;0;0;10.143;10.164;10.202;2379;2378;2405;49.98;49.98;49.98;4784;1000;0.0;0;0.0000;0;0;50581;50581;50581
60;2014-07-16 16:11:00;909402N262;7968;50.713;53;236;236;236;237;11.251;49.98;494.0;6.953;606.8;3.434;732.0;3.532;60;0;0;11.197;11.271;11.285;2639;2659;2668;49.98;49.98;49.98;4784;1000;0.0;0;0.0000;0;0;50713;50713;50713
60;2014-07-16 16:12:00;909402N262;4502;50.788;53;236;236;236;236;6.415;49.99;497.5;3.848;589.8;1.991;709.3;1.958;60;0;0;6.313;6.538;6.396;1483;1505;1507;49.99;49.99;49.99;4784;1000;0.0;0;0.0000;0;0;50788;50788;50788
60;2014-07-16 16:13:00;909402N262;7022;50.906;53;236;236;236;236;9.930;49.99;501.1;6.092;604.6;2.970;726.7;3.143;60;0;0;9.879;9.972;9.940;2327;2350;2346;49.99;49.99;49.99;4784;1000;0.0;0;0.0000;0;0;50906;50906;50906
60;2014-07-16 16:14:00;909402N262;7997;51.039;52;236;236;236;237;11.299;50.00;497.7;6.931;610.4;3.414;736.8;3.528;60;0;0;11.254;11.331;11.314;2653;2670;2672;50.00;50.00;50.00;4784;1000;0.0;0;0.0000;0;0;51039;51039;51039
60;2014-07-16 16:15:00;909402N262;7944;51.171;52;236;236;236;237;11.226;50.00;496.7;6.897;609.3;3.396;736.2;3.510;60;0;0;11.187;11.242;11.250;2637;2646;2658;50.00;50.00;50.00;4784;1000;0.0;0;0.0000;0;0;51171;51171;51171
60;2014-07-16 16:16:00;909402N262;7813;51.303;52;237;236;236;237;11.028;49.98;492.3;6.878;589.1;3.415;736.2;3.494;60;0;0;10.987;11.054;11.044;2593;2607;2611;49.98;49.98;49.98;4784;1000;0.0;0;0.0000;0;0;51303;51303;51303
60;2014-07-16 16:17:00;909402N262;7790;51.432;52;236;236;237;236;11.007;49.99;495.5;6.778;607.4;3.344;733.7;3.453;60;0;0;10.957;11.062;11.004;2583;2611;2594;49.99;49.99;49.99;4784;1000;0.0;0;0.0000;0;0;51432;51432;51432
60;2014-07-16 16:18:00;909402N262;7797;51.562;52;236;237;235;237;11.027;50.00;495.7;6.780;607.6;3.347;734.0;3.453;60;0;0;11.025;11.010;11.048;2603;2580;2612;50.00;50.00;50.00;4784;1000;0.0;0;0.0000;0;0;51562;51562;51562
60;2014-07-16 16:19:00;909402N262;7815;51.693;52;236;237;235;237;11.063;49.99;495.4;6.792;607.3;3.358;733.9;3.464;60;0;0;11.077;11.046;11.068;2614;2586;2612;49.99;49.99;49.99;4784;1000;0.0;0;0.0000;0;0;51693;51693;51693
60;2014-07-16 16:20:00;909402N262;7820;51.823;52;236;236;235;236;11.082;49.99;495.6;6.789;607.6;3.359;734.4;3.470;60;0;0;11.088;11.064;11.094;2613;2589;2616;49.99;49.99;49.99;4784;1000;0.0;0;0.0000;0;0;51823;51823;51823
60;2014-07-16 16:21:00;909402N262;7779;51.953;52;235;236;234;236;11.040;49.98;494.8;6.756;607.4;3.347;733.9;3.455;60;0;0;11.039;11.008;11.075;2597;2570;2610;49.98;49.98;49.98;4784;1000;0.0;0;0.0000;0;0;51953;51953;51953
60;2014-07-16 16:22:00;909402N262;7758;52.083;52;235;235;235;236;11.007;49.98;495.5;6.728;608.1;3.330;735.1;3.441;60;0;0;10.981;10.996;11.046;2578;2575;2603;49.98;49.98;49.98;4784;1000;0.0;0;0.0000;0;0;52083;52083;52083
60;2014-07-16 16:23:00;909402N262;7781;52.212;52;236;236;235;237;11.016;49.98;495.7;6.750;607.9;3.341;734.9;3.449;60;0;0;10.983;11.007;11.059;2584;2583;2612;49.98;49.98;49.98;4784;1000;0.0;0;0.0000;0;0;52212;52212;52212
60;2014-07-16 16:24:00;909402N262;6865;52.327;52;236;236;235;237;9.711;49.99;499.3;6.046;602.8;3.057;726.3;2.912;60;0;0;9.680;9.695;9.760;2276;2280;2305;49.99;49.99;49.99;4784;1000;0.0;0;0.0000;0;0;52327;52327;52327
60;2014-07-16 16:25:00;909402N262;3210;52.379;52;235;235;235;236;4.537;49.98;504.6;2.924;577.5;1.459;695.1;1.353;60;0;0;4.524;4.483;4.605;1057;1070;1080;49.98;49.98;49.98;4784;1000;0.0;0;0.0000;0;0;52379;52379;52379
60;2014-07-16 16:26:00;909402N262;7699;52.508;52;236;236;235;237;10.888;49.98;499.8;6.654;611.0;3.270;741.1;3.382;60;0;0;10.862;10.886;10.918;2557;2556;2584;49.98;49.98;49.98;4784;1000;0.0;0;0.0000;0;0;52508;52508;52508
60;2014-07-16 16:27:00;909402N262;7595;52.634;52;236;236;236;237;10.738;49.99;499.0;6.573;609.5;3.234;739.9;3.341;60;0;0;10.711;10.736;10.768;2523;2522;2548;49.99;49.99;49.99;4784;1000;0.0;0;0.0000;0;0;52634;52634;52634
60;2014-07-16 16:28:00;909402N262;7599;52.761;52;237;236;236;237;10.733;50.00;499.2;6.577;609.7;3.232;739.6;3.344;60;0;0;10.687;10.731;10.782;2521;2523;2554;50.00;50.00;50.00;4784;1000;0.0;0;0.0000;0;0;52761;52761;52761
60;2014-07-16 16:29:00;909402N262;7589;52.888;52;236;236;235;238;10.726;50.01;499.0;6.571;609.2;3.231;739.0;3.342;60;0;0;10.677;10.710;10.792;2518;2512;2556;50.01;50.01;50.01;4784;1000;0.0;0;0.0000;0;0;52888;52888;52888
60;2014-07-16 16:30:00;909402N262;7563;53.013;52;236;236;234;238;10.708;50.01;498.8;6.553;609.3;3.221;738.2;3.332;60;0;0;10.684;10.637;10.803;2518;2478;2564;50.01;50.01;50.01;4784;1000;0.0;0;0.0000;0;0;53013;53013;53013
60;2014-07-16 16:31:00;909402N262;7494;53.137;52;236;236;234;238;10.606;50.00;498.7;6.536;603.6;3.220;730.1;3.346;60;0;0;10.602;10.541;10.677;2501;2457;2534;50.00;50.00;50.00;4784;1000;0.0;0;0.0000;0;0;53137;53137;53137
60;2014-07-16 16:32:00;909402N262;7493;53.263;52;236;237;234;238;10.610;50.00;497.4;6.508;608.3;3.197;735.7;3.313;60;0;0;10.608;10.541;10.681;2503;2454;2533;50.00;50.00;50.00;4784;1000;0.0;0;0.0000;0;0;53263;53263;53263
60;2014-07-16 16:33:00;909402N262;7455;53.388;52;236;237;235;238;10.542;50.00;497.2;6.476;607.8;3.183;734.5;3.304;60;0;0;10.522;10.502;10.604;2483;2457;2513;50.00;50.00;50.00;4784;1000;0.0;0;0.0000;0;0;53388;53388;53388
60;2014-07-16 16:34:00;909402N262;7434;53.511;52;237;237;236;238;10.499;49.99;496.4;6.464;607.0;3.176;734.1;3.301;60;0;0;10.467;10.492;10.538;2469;2466;2496;49.99;49.99;49.99;4784;1000;0.0;0;0.0000;0;0;53511;53511;53511
60;2014-07-16 16:35:00;909402N262;7430;53.635;52;237;237;236;237;10.496;49.98;496.0;6.460;606.7;3.176;734.0;3.301;60;0;0;10.470;10.486;10.532;2470;2464;2494;49.98;49.98;49.98;4784;1000;0.0;0;0.0000;0;0;53635;53635;53635
60;2014-07-16 16:36:00;909402N262;7410;53.758;52;237;237;235;238;10.468;49.98;496.2;6.443;607.0;3.166;733.6;3.293;60;0;0;10.449;10.449;10.507;2466;2453;2489;49.98;49.98;49.98;4784;1000;0.0;0;0.0000;0;0;53758;53758;53758
60;2014-07-16 16:37:00;909402N262;7406;53.882;52;236;236;235;238;10.466;49.99;498.0;6.423;608.7;3.152;735.6;3.281;60;0;0;10.418;10.458;10.522;2456;2456;2492;49.99;49.99;49.99;4784;1000;0.0;0;0.0000;0;0;53882;53882;53882
60;2014-07-16 16:38:00;909402N262;7410;54.005;52;237;236;236;238;10.467;50.00;497.8;6.424;610.2;3.149;736.8;3.279;60;0;0;10.405;10.481;10.516;2454;2463;2492;50.00;50.00;50.00;4784;1000;0.0;0;0.0000;0;0;54005;54005;54005
60;2014-07-16 16:39:00;909402N262;7387;54.129;52;237;236;236;238;10.436;50.00;497.1;6.405;611.1;3.139;735.9;3.273;60;0;0;10.377;10.430;10.502;2447;2450;2489;50.00;50.00;50.00;4784;1000;0.0;0;0.0000;0;0;54129;54129;54129
60;2014-07-16 16:40:00;909402N262;7344;54.251;52;237;237;235;238;10.370;50.00;496.7;6.371;611.1;3.120;735.7;3.257;60;0;0;10.320;10.344;10.446;2436;2427;2479;50.00;50.00;50.00;4784;1000;0.0;0;0.0000;0;0;54251;54251;54251
60;2014-07-16 16:41:00;909402N262;7296;54.373;52;237;237;236;238;10.297;50.00;497.0;6.327;611.0;3.099;736.2;3.232;60;0;0;10.249;10.272;10.370;2419;2413;2462;50.00;50.00;50.00;4784;1000;0.0;0;0.0000;0;0;54373;54373;54373
60;2014-07-16 16:42:00;909402N262;7264;54.494;52;237;236;235;238;10.261;49.99;497.5;6.293;611.9;3.079;736.8;3.215;60;0;0;10.226;10.241;10.317;2411;2404;2446;49.99;49.99;49.99;4784;1000;0.0;0;0.0000;0;0;54494;54494;54494
60;2014-07-16 16:43:00;909402N262;7250;54.615;52;237;237;235;238;10.236;49.99;498.2;6.276;612.4;3.068;737.5;3.206;60;0;0;10.217;10.201;10.291;2412;2394;2443;49.99;49.99;49.99;4784;1000;0.0;0;0.0000;0;0;54615;54615;54615
60;2014-07-16 16:44:00;909402N262;7203;54.734;52;237;237;235;238;10.178;49.98;498.1;6.236;612.3;3.051;737.1;3.186;60;0;0;10.162;10.144;10.228;2397;2378;2426;49.98;49.98;49.98;4784;1000;0.0;0;0.0000;0;0;54734;54734;54734
60;2014-07-16 16:45:00;909402N262;7164;54.855;52;237;237;235;238;10.123;49.99;499.1;6.194;612.6;3.033;737.1;3.165;60;0;0;10.107;10.085;10.179;2385;2364;2414;49.99;49.99;49.99;4784;1000;0.0;0;0.0000;0;0;54855;54855;54855
60;2014-07-16 16:46:00;909402N262;7061;54.970;52;236;237;235;238;9.968;49.99;496.0;6.167;592.7;3.059;735.8;3.162;60;0;0;9.954;9.929;10.022;2348;2334;2377;49.99;49.99;49.99;4784;1000;0.0;0;0.0000;0;0;54970;54970;54970
60;2014-07-16 16:47:00;909402N262;7128;55.090;52;236;236;235;238;10.058;49.99;499.5;6.156;610.7;3.022;737.1;3.154;60;0;0;10.036;10.035;10.105;2370;2358;2399;49.99;49.99;49.99;4784;1000;0.0;0;0.0000;0;0;55090;55090;55090
60;2014-07-16 16:48:00;909402N262;7116;55.208;52;236;236;235;237;10.050;49.98;499.8;6.146;610.2;3.017;736.6;3.151;60;0;0;10.026;10.032;10.094;2364;2356;2394;49.98;49.98;49.98;4784;1000;0.0;0;0.0000;0;0;55208;55208;55208
60;2014-07-16 16:49:00;909402N262;7057;55.325;52;237;236;236;238;9.952;49.99;499.8;6.095;609.9;2.994;735.3;3.127;60;0;0;9.919;9.945;9.993;2342;2341;2372;49.99;49.99;49.99;4784;1000;0.0;0;0.0000;0;0;55325;55325;55325
60;2014-07-16 16:50:00;909402N262;6987;55.442;52;237;236;236;238;9.853;49.98;499.6;6.037;610.1;2.963;735.3;3.097;60;0;0;9.826;9.844;9.889;2320;2318;2348;49.98;49.98;49.98;4784;1000;0.0;0;0.0000;0;0;55442;55442;55442
60;2014-07-16 16:51:00;909402N262;6963;55.558;52;237;236;237;237;9.818;49.98;500.8;6.005;611.0;2.946;736.3;3.081;60;0;0;9.765;9.853;9.838;2303;2327;2330;49.98;49.98;49.98;4784;1000;0.0;0;0.0000;0;0;55558;55558;55558
60;2014-07-16 16:52:00;909402N262;6934;55.674;52;237;236;237;237;9.778;49.98;501.7;5.974;611.4;2.929;737.2;3.063;60;0;0;9.720;9.813;9.802;2292;2317;2323;49.98;49.98;49.98;4784;1000;0.0;0;0.0000;0;0;55674;55674;55674
60;2014-07-16 16:53:00;909402N262;6936;55.790;52;237;236;236;237;9.785;49.99;503.0;5.971;611.6;2.925;737.9;3.059;60;0;0;9.736;9.807;9.813;2296;2312;2327;49.99;49.99;49.99;4784;1000;0.0;0;0.0000;0;0;55790;55790;55790
60;2014-07-16 16:54:00;909402N262;6894;55.904;52;236;236;236;237;9.730;49.99;502.8;5.937;610.9;2.909;738.2;3.042;60;0;0;9.671;9.768;9.753;2279;2306;2308;49.99;49.99;49.99;4784;1000;0.0;0;0.0000;0;0;55904;55904;55904
60;2014-07-16 16:55:00;909402N262;6873;56.021;52;236;236;236;237;9.704;49.99;502.5;5.918;610.5;2.901;738.6;3.030;60;0;0;9.643;9.738;9.731;2271;2298;2303;49.99;49.99;49.99;4784;1000;0.0;0;0.0000;0;0;56021;56021;56021
60;2014-07-16 16:56:00;909402N262;6837;56.134;52;236;236;236;237;9.650;49.99;503.6;5.875;610.8;2.884;740.3;3.011;60;0;0;9.587;9.683;9.680;2259;2285;2290;49.99;49.99;49.99;4784;1000;0.0;0;0.0000;0;0;56134;56134;56134
60;2014-07-16 16:57:00;909402N262;6804;56.248;52;236;236;237;237;9.605;49.99;505.5;5.818;610.8;2.870;740.7;2.996;60;0;0;9.541;9.650;9.626;2247;2278;2277;49.99;49.99;49.99;4784;1000;0.0;0;0.0000;0;0;56248;56248;56248
60;2014-07-16 16:58:00;909402N262;6784;56.361;52;237;236;237;238;9.558;50.02;507.9;5.767;610.6;2.863;740.7;2.991;60;0;0;9.474;9.604;9.596;2235;2273;2275;50.02;50.02;50.02;4784;1000;0.0;0;0.0000;0;0;56361;56361;56361
60;2014-07-16 16:59:00;909402N262;6736;56.474;52;237;236;237;237;9.490;50.01;511.4;5.680;610.8;2.843;741.0;2.973;60;0;0;9.414;9.536;9.521;2222;2255;2257;50.01;50.01;50.01;4784;1000;0.0;0;0.0000;0;0;56474;56474;56474
60;2014-07-16 17:00:00;909402N262;6701;56.585;52;237;237;237;238;9.436;49.97;515.3;5.600;611.4;2.826;741.9;2.956;60;0;0;9.377;9.474;9.458;2216;2240;2243;49.97;49.97;49.97;4784;1000;0.0;0;0.0000;0;0;56585;56585;56585
[wr_ende]
