20140530;120004;danfoss;My Plant;+0100
[wr_def_start]
909402N262;Inverter Type;Inverter Group;Hanzl
[wr_def_end]
[wr]
INTERVAL;TIMESTAMP;SERIAL;P_AC;E_DAY;T_WR;U_AC;U_AC_1;U_AC_2;U_AC_3;I_AC;F_AC;U_DC_1;I_DC_1;U_DC_2;I_DC_2;U_DC_3;I_DC_3;S;E_WR;M_WR;I_AC_1;I_AC_2;I_AC_3;P_AC_1;P_AC_2;P_AC_3;F_AC_1;F_AC_2;F_AC_3;R_DC;PC;PCS;PCS_LL;COS_PHI;COS_PHI_LL;S_COS_PHI;Current_Day_Energy;current_Day_Offset;ccEnergyOfDay_WithoutOffset
60;2014-05-30 11:01:00;909402N262;7031;13.983;46;235;235;235;235;10.020;49.99;551.0;4.699;652.6;3.042;757.3;3.303;60;0;0;9.930;10.124;10.007;2328;2351;2349;49.99;49.99;49.99;8909;1000;0.0;0;0.0000;0;0;13983;13983;13983
60;2014-05-30 11:02:00;909402N262;6560;14.092;46;235;235;235;235;9.352;50.00;563.1;4.472;653.3;2.779;780.1;2.962;60;0;0;9.284;9.415;9.359;2172;2194;2192;50.00;50.00;50.00;8909;1000;0.0;0;0.0000;0;0;14092;14092;14092
60;2014-05-30 11:03:00;909402N262;8551;14.235;46;235;235;235;235;12.148;50.00;564.0;5.754;669.1;3.574;793.7;3.880;60;0;0;12.088;12.198;12.158;2840;2857;2855;50.00;50.00;50.00;8909;1000;0.0;0;0.0000;0;0;14235;14235;14235
60;2014-05-30 11:04:00;909402N262;8617;14.379;46;235;236;235;235;12.212;49.99;561.7;5.774;672.5;3.568;795.2;3.925;60;0;0;12.201;12.206;12.229;2875;2866;2874;49.99;49.99;49.99;8909;1000;0.0;0;0.0000;0;0;14379;14379;14379
60;2014-05-30 11:05:00;909402N262;8524;14.521;46;235;235;235;235;12.074;49.99;561.3;5.711;671.4;3.536;795.3;3.884;60;0;0;12.035;12.093;12.095;2833;2844;2845;49.99;49.99;49.99;8909;1000;0.0;0;0.0000;0;0;14521;14521;14521
60;2014-05-30 11:06:00;909402N262;8472;14.662;46;235;236;236;235;11.993;50.01;561.3;5.673;672.4;3.509;795.4;3.863;60;0;0;11.951;12.026;12.003;2816;2833;2821;50.01;50.01;50.01;8909;1000;0.0;0;0.0000;0;0;14662;14662;14662
60;2014-05-30 11:07:00;909402N262;8444;14.802;46;235;236;236;235;11.958;50.00;560.2;5.665;673.2;3.487;795.4;3.851;60;0;0;11.934;11.998;11.943;2812;2826;2804;50.00;50.00;50.00;8909;1000;0.0;0;0.0000;0;0;14802;14802;14802
60;2014-05-30 11:08:00;909402N262;8450;14.943;46;235;235;236;235;11.988;49.98;558.7;5.685;672.3;3.489;795.2;3.862;60;0;0;11.951;12.055;11.958;2806;2839;2803;49.98;49.98;49.98;8909;1000;0.0;0;0.0000;0;0;14943;14943;14943
60;2014-05-30 11:09:00;909402N262;8445;15.085;46;235;235;236;235;11.974;49.99;557.4;5.694;672.4;3.483;795.3;3.863;60;0;0;11.922;12.044;11.956;2799;2839;2805;49.99;49.99;49.99;8909;1000;0.0;0;0.0000;0;0;15085;15085;15085
60;2014-05-30 11:10:00;909402N262;8458;15.227;46;235;235;236;235;11.991;50.01;556.6;5.714;671.6;3.488;795.3;3.871;60;0;0;11.919;12.047;12.009;2797;2839;2821;50.01;50.01;50.01;8909;1000;0.0;0;0.0000;0;0;15227;15227;15227
60;2014-05-30 11:11:00;909402N262;8486;15.369;47;235;235;236;235;12.025;50.01;556.7;5.737;671.7;3.494;795.4;3.883;60;0;0;11.978;12.069;12.030;2816;2842;2826;50.01;50.01;50.01;8909;1000;0.0;0;0.0000;0;0;15369;15369;15369
60;2014-05-30 11:12:00;909402N262;8523;15.509;47;235;234;236;236;12.075;50.01;558.0;5.761;671.9;3.511;795.4;3.892;60;0;0;11.964;12.146;12.117;2799;2867;2855;50.01;50.01;50.01;8909;1000;0.0;0;0.0000;0;0;15509;15509;15509
60;2014-05-30 11:13:00;909402N262;8549;15.651;47;235;234;236;236;12.113;49.99;557.7;5.784;672.7;3.515;795.4;3.903;60;0;0;11.990;12.212;12.138;2805;2883;2860;49.99;49.99;49.99;8909;1000;0.0;0;0.0000;0;0;15651;15651;15651
60;2014-05-30 11:14:00;909402N262;8573;15.794;47;235;234;236;236;12.142;50.00;557.3;5.805;673.3;3.516;795.3;3.918;60;0;0;12.030;12.236;12.161;2818;2890;2863;50.00;50.00;50.00;8909;1000;0.0;0;0.0000;0;0;15794;15794;15794
60;2014-05-30 11:15:00;909402N262;8593;15.937;47;235;235;236;235;12.165;50.00;556.9;5.822;673.0;3.523;795.4;3.930;60;0;0;12.088;12.245;12.162;2841;2890;2860;50.00;50.00;50.00;8909;1000;0.0;0;0.0000;0;0;15937;15937;15937
60;2014-05-30 11:16:00;909402N262;8503;16.080;47;236;236;236;235;12.014;50.01;553.5;5.822;651.5;3.578;795.8;3.930;60;0;0;11.974;12.069;12.001;2824;2857;2820;50.01;50.01;50.01;8909;1000;0.0;0;0.0000;0;0;16080;16080;16080
60;2014-05-30 11:17:00;909402N262;8646;16.224;47;236;236;236;235;12.219;50.00;556.7;5.869;673.2;3.538;794.8;3.953;60;0;0;12.178;12.284;12.197;2878;2897;2870;50.00;50.00;50.00;8909;1000;0.0;0;0.0000;0;0;16224;16224;16224
60;2014-05-30 11:18:00;909402N262;8653;16.368;47;236;236;235;235;12.229;50.00;555.5;5.885;673.6;3.533;795.1;3.961;60;0;0;12.211;12.269;12.209;2890;2889;2871;50.00;50.00;50.00;8909;1000;0.0;0;0.0000;0;0;16368;16368;16368
60;2014-05-30 11:19:00;909402N262;8667;16.513;47;236;235;236;236;12.255;49.99;554.6;5.906;674.0;3.530;795.1;3.972;60;0;0;12.188;12.323;12.255;2869;2909;2888;49.99;49.99;49.99;8909;1000;0.0;0;0.0000;0;0;16513;16513;16513
60;2014-05-30 11:20:00;909402N262;8679;16.657;47;235;236;235;235;12.277;49.99;554.0;5.925;673.2;3.532;795.1;3.979;60;0;0;12.234;12.320;12.278;2884;2901;2892;49.99;49.99;49.99;8909;1000;0.0;0;0.0000;0;0;16657;16657;16657
60;2014-05-30 11:21:00;909402N262;8694;16.802;47;236;236;236;235;12.292;49.99;553.5;5.945;672.4;3.540;795.1;3.988;60;0;0;12.241;12.353;12.283;2886;2913;2893;49.99;49.99;49.99;8909;1000;0.0;0;0.0000;0;0;16802;16802;16802
60;2014-05-30 11:22:00;909402N262;8722;16.946;47;236;236;236;235;12.333;49.99;552.9;5.974;672.2;3.548;795.1;4.002;60;0;0;12.301;12.391;12.307;2901;2925;2894;49.99;49.99;49.99;8909;1000;0.0;0;0.0000;0;0;16946;16946;16946
60;2014-05-30 11:23:00;909402N262;8751;17.093;47;236;236;236;235;12.374;49.99;552.7;6.002;672.0;3.561;795.1;4.012;60;0;0;12.337;12.439;12.346;2907;2938;2904;49.99;49.99;49.99;8909;1000;0.0;0;0.0000;0;0;17093;17093;17093
60;2014-05-30 11:24:00;909402N262;8803;17.239;48;236;236;236;235;12.446;49.99;553.8;6.034;672.4;3.580;795.0;4.030;60;0;0;12.419;12.503;12.418;2929;2951;2921;49.99;49.99;49.99;8909;1000;0.0;0;0.0000;0;0;17239;17239;17239
60;2014-05-30 11:25:00;909402N262;8837;17.387;48;236;236;236;235;12.496;49.99;554.1;6.056;673.3;3.590;795.0;4.045;60;0;0;12.459;12.543;12.486;2937;2959;2939;49.99;49.99;49.99;8909;1000;0.0;0;0.0000;0;0;17387;17387;17387
60;2014-05-30 11:26:00;909402N262;8856;17.535;48;235;236;235;235;12.528;49.99;553.3;6.075;672.9;3.598;795.2;4.055;60;0;0;12.509;12.549;12.526;2951;2955;2947;49.99;49.99;49.99;8909;1000;0.0;0;0.0000;0;0;17535;17535;17535
60;2014-05-30 11:27:00;909402N262;8879;17.683;48;236;236;235;236;12.549;49.99;552.9;6.097;673.5;3.604;795.2;4.066;60;0;0;12.514;12.559;12.576;2949;2957;2970;49.99;49.99;49.99;8909;1000;0.0;0;0.0000;0;0;17683;17683;17683
60;2014-05-30 11:28:00;909402N262;8914;17.831;48;235;235;236;236;12.609;49.99;552.3;6.123;673.8;3.618;795.2;4.082;60;0;0;12.524;12.670;12.634;2941;2988;2982;49.99;49.99;49.99;8909;1000;0.0;0;0.0000;0;0;17831;17831;17831
60;2014-05-30 11:29:00;909402N262;8930;17.980;48;236;234;236;236;12.627;50.01;552.0;6.136;673.8;3.626;795.1;4.090;60;0;0;12.525;12.673;12.684;2939;2991;2998;50.01;50.01;50.01;8909;1000;0.0;0;0.0000;0;0;17980;17980;17980
60;2014-05-30 11:30:00;909402N262;8958;18.129;48;235;235;235;235;12.688;49.99;550.7;6.171;672.1;3.644;795.0;4.105;60;0;0;12.627;12.749;12.688;2968;3004;2984;49.99;49.99;49.99;8909;1000;0.0;0;0.0000;0;0;18129;18129;18129
60;2014-05-30 11:31:00;909402N262;8889;18.278;48;235;235;235;235;12.566;49.98;547.7;6.201;652.5;3.692;795.6;4.114;60;0;0;12.534;12.588;12.576;2954;2972;2962;49.98;49.98;49.98;8909;1000;0.0;0;0.0000;0;0;18278;18278;18278
60;2014-05-30 11:32:00;909402N262;9034;18.428;48;236;236;236;235;12.770;49.98;551.2;6.236;672.8;3.666;795.0;4.132;60;0;0;12.763;12.821;12.726;3018;3021;2992;49.98;49.98;49.98;8909;1000;0.0;0;0.0000;0;0;18428;18428;18428
60;2014-05-30 11:33:00;909402N262;9057;18.579;48;236;236;236;236;12.788;49.99;551.7;6.257;673.2;3.664;795.1;4.142;60;0;0;12.761;12.821;12.782;3016;3025;3014;49.99;49.99;49.99;8909;1000;0.0;0;0.0000;0;0;18579;18579;18579
60;2014-05-30 11:34:00;909402N262;9078;18.731;48;236;236;236;235;12.826;50.00;551.8;6.276;673.3;3.673;794.8;4.149;60;0;0;12.800;12.893;12.787;3026;3043;3007;50.00;50.00;50.00;8909;1000;0.0;0;0.0000;0;0;18731;18731;18731
60;2014-05-30 11:35:00;909402N262;9131;18.882;48;236;236;235;236;12.911;50.00;553.1;6.306;675.2;3.681;795.0;4.168;60;0;0;12.860;12.953;12.922;3031;3050;3048;50.00;50.00;50.00;8909;1000;0.0;0;0.0000;0;0;18882;18882;18882
60;2014-05-30 11:36:00;909402N262;9154;19.035;48;235;236;235;235;12.955;50.00;552.8;6.329;674.2;3.690;795.1;4.183;60;0;0;12.928;12.999;12.938;3048;3061;3043;50.00;50.00;50.00;8909;1000;0.0;0;0.0000;0;0;19035;19035;19035
60;2014-05-30 11:37:00;909402N262;9178;19.188;48;236;236;235;236;12.976;50.00;552.2;6.358;673.4;3.698;795.0;4.196;60;0;0;12.925;12.978;13.027;3046;3050;3080;50.00;49.99;50.00;8909;1000;0.0;0;0.0000;0;0;19188;19188;19188
60;2014-05-30 11:38:00;909402N262;9199;19.342;48;236;236;235;236;13.003;50.00;552.3;6.374;673.7;3.702;795.0;4.206;60;0;0;12.996;12.998;13.017;3072;3054;3071;50.00;50.00;50.00;8909;1000;0.0;0;0.0000;0;0;19342;19342;19342
60;2014-05-30 11:39:00;909402N262;9230;19.495;49;236;236;235;236;13.040;50.00;551.7;6.404;674.1;3.712;795.0;4.220;60;0;0;13.015;13.034;13.073;3075;3065;3089;50.00;50.00;50.00;8909;1000;0.0;0;0.0000;0;0;19495;19495;19495
60;2014-05-30 11:40:00;909402N262;9250;19.650;49;235;236;235;236;13.079;50.00;550.6;6.428;673.5;3.721;794.9;4.233;60;0;0;13.077;13.079;13.082;3091;3071;3085;50.00;50.00;50.00;8909;1000;0.0;0;0.0000;0;0;19650;19650;19650
60;2014-05-30 11:41:00;909402N262;9270;19.805;49;236;236;235;236;13.107;50.00;550.4;6.451;672.1;3.731;795.1;4.240;60;0;0;13.107;13.107;13.109;3097;3080;3091;50.00;50.00;50.00;8909;1000;0.0;0;0.0000;0;0;19805;19805;19805
60;2014-05-30 11:42:00;909402N262;9284;19.959;49;236;236;235;236;13.116;50.00;550.4;6.468;671.0;3.734;795.1;4.248;60;0;0;13.103;13.125;13.120;3097;3089;3095;50.00;50.00;50.00;8909;1000;0.0;0;0.0000;0;0;19959;19959;19959
60;2014-05-30 11:43:00;909402N262;9288;20.114;49;236;237;235;236;13.117;50.01;548.5;6.491;669.5;3.747;794.9;4.252;60;0;0;13.114;13.137;13.100;3104;3094;3088;50.01;50.01;50.01;8909;1000;0.0;0;0.0000;0;0;20114;20114;20114
60;2014-05-30 11:44:00;909402N262;9301;20.270;49;236;236;236;236;13.126;50.01;547.3;6.516;669.2;3.757;794.4;4.257;60;0;0;13.112;13.130;13.136;3102;3094;3103;50.01;50.01;50.01;8909;1000;0.0;0;0.0000;0;0;20270;20270;20270
60;2014-05-30 11:45:00;909402N262;9324;20.425;49;236;236;235;236;13.166;49.99;547.2;6.542;668.6;3.769;794.5;4.263;60;0;0;13.168;13.166;13.164;3114;3100;3109;49.99;49.99;49.99;8909;1000;0.0;0;0.0000;0;0;20425;20425;20425
60;2014-05-30 11:46:00;909402N262;9282;20.580;49;236;236;235;237;13.077;50.01;544.2;6.557;654.9;3.812;788.1;4.293;60;0;0;13.034;13.049;13.150;3074;3085;3114;50.01;50.01;50.01;8909;1000;0.0;0;0.0000;0;0;20580;20580;20580
60;2014-05-30 11:47:00;909402N262;9417;20.736;49;236;237;235;236;13.300;50.01;549.2;6.592;669.3;3.792;795.0;4.303;60;0;0;13.296;13.295;13.310;3147;3127;3142;50.01;50.01;50.01;8909;1000;0.0;0;0.0000;0;0;20736;20736;20736
60;2014-05-30 11:48:00;909402N262;9433;20.893;49;236;236;236;237;13.306;50.01;549.2;6.610;668.5;3.800;795.0;4.310;60;0;0;13.283;13.315;13.320;3140;3138;3152;50.01;50.01;50.01;8909;1000;0.0;0;0.0000;0;0;20893;20893;20893
60;2014-05-30 11:49:00;909402N262;9451;21.051;49;236;236;236;236;13.323;50.02;549.2;6.632;668.4;3.804;794.8;4.315;60;0;0;13.279;13.365;13.326;3139;3160;3150;50.02;50.02;50.02;8909;1000;0.0;0;0.0000;0;0;21051;21051;21051
60;2014-05-30 11:50:00;909402N262;9476;21.209;49;236;236;235;237;13.361;50.03;549.1;6.649;669.8;3.810;794.9;4.325;60;0;0;13.331;13.361;13.393;3153;3148;3173;50.03;50.03;50.03;8909;1000;0.0;0;0.0000;0;0;21209;21209;21209
60;2014-05-30 11:51:00;909402N262;9491;21.367;49;236;236;236;237;13.383;50.03;548.5;6.668;670.8;3.812;794.4;4.334;60;0;0;13.337;13.409;13.405;3152;3165;3172;50.03;50.03;50.03;8909;1000;0.0;0;0.0000;0;0;21367;21367;21367
60;2014-05-30 11:52:00;909402N262;9514;21.526;49;236;236;237;236;13.406;50.03;547.8;6.690;670.2;3.822;794.7;4.343;60;0;0;13.350;13.454;13.414;3156;3184;3172;50.03;50.03;50.03;8909;1000;0.0;0;0.0000;0;0;21526;21526;21526
60;2014-05-30 11:53:00;909402N262;9529;21.684;49;236;236;237;237;13.421;50.03;546.6;6.715;670.1;3.834;794.1;4.352;60;0;0;13.346;13.470;13.448;3151;3189;3186;50.03;50.03;50.03;8909;1000;0.0;0;0.0000;0;0;21684;21684;21684
60;2014-05-30 11:54:00;909402N262;9530;21.843;49;236;236;237;237;13.421;50.02;545.4;6.735;668.6;3.842;793.3;4.351;60;0;0;13.342;13.469;13.454;3150;3190;3188;50.02;50.02;50.02;8909;1000;0.0;0;0.0000;0;0;21843;21843;21843
60;2014-05-30 11:55:00;909402N262;9557;22.000;49;236;236;236;236;13.474;50.03;545.7;6.762;668.9;3.848;792.2;4.366;60;0;0;13.427;13.518;13.479;3173;3195;3187;50.03;50.03;50.03;8909;1000;0.0;0;0.0000;0;0;22000;22000;22000
60;2014-05-30 11:56:00;909402N262;9581;22.159;49;236;237;236;236;13.504;50.02;545.7;6.783;668.9;3.858;793.3;4.372;60;0;0;13.472;13.540;13.500;3188;3199;3192;50.02;50.02;50.02;8909;1000;0.0;0;0.0000;0;0;22159;22159;22159
60;2014-05-30 11:57:00;909402N262;9601;22.320;50;236;237;236;237;13.526;50.03;545.0;6.810;668.5;3.870;789.7;4.396;60;0;0;13.496;13.548;13.536;3194;3201;3204;50.03;50.03;50.03;8909;1000;0.0;0;0.0000;0;0;22320;22320;22320
60;2014-05-30 11:58:00;909402N262;9627;22.480;50;237;237;236;237;13.551;50.03;545.3;6.826;668.6;3.876;792.3;4.395;60;0;0;13.534;13.555;13.564;3208;3203;3214;50.03;50.03;50.03;8909;1000;0.0;0;0.0000;0;0;22480;22480;22480
60;2014-05-30 11:59:00;909402N262;9659;22.642;50;237;238;237;237;13.581;50.03;545.3;6.850;669.2;3.884;793.0;4.407;60;0;0;13.567;13.605;13.571;3222;3218;3217;50.03;50.03;50.03;8909;1000;0.0;0;0.0000;0;0;22642;22642;22642
60;2014-05-30 12:00:00;909402N262;9662;22.802;50;237;237;236;237;13.599;50.00;544.6;6.866;668.1;3.892;785.4;4.443;60;0;0;13.586;13.625;13.587;3220;3222;3217;50.00;50.00;50.00;8909;1000;0.0;0;0.0000;0;0;22802;22802;22802
[wr_ende]
