20140509;070000;danfoss;My Plant;+0100
[wr_def_start]
909402N262;Inverter Type;Inverter Group;Hanzl
[wr_def_end]
[wr]
INTERVAL;TIMESTAMP;SERIAL;P_AC;E_DAY;T_WR;U_AC;U_AC_1;U_AC_2;U_AC_3;I_AC;F_AC;U_DC_1;I_DC_1;U_DC_2;I_DC_2;U_DC_3;I_DC_3;S;E_WR;M_WR;I_AC_1;I_AC_2;I_AC_3;P_AC_1;P_AC_2;P_AC_3;F_AC_1;F_AC_2;F_AC_3;R_DC;PC;PCS;PCS_LL;COS_PHI;COS_PHI_LL;S_COS_PHI;Current_Day_Energy;current_Day_Offset;ccEnergyOfDay_WithoutOffset
60;2014-05-09 06:01:00;909402N262;170;0.042;23;233;233;233;233;0.351;50.03;529.2;0.144;561.4;0.083;684.1;0.066;60;0;0;0.307;0.439;0.308;48;69;51;50.03;50.03;50.03;6948;1000;0.0;0;0.0000;0;0;42;42;42
60;2014-05-09 06:02:00;909402N262;177;0.045;23;233;233;233;233;0.366;50.01;537.5;0.147;570.8;0.085;689.4;0.067;60;0;0;0.356;0.418;0.326;56;66;54;50.01;50.01;50.01;6948;1000;0.0;0;0.0000;0;0;45;45;45
60;2014-05-09 06:03:00;909402N262;181;0.048;23;233;233;232;232;0.374;49.99;537.7;0.151;572.4;0.087;684.0;0.070;60;0;0;0.355;0.448;0.321;54;72;53;49.99;49.99;49.99;6948;1000;0.0;0;0.0000;0;0;48;48;48
60;2014-05-09 06:04:00;909402N262;185;0.052;23;233;234;233;233;0.364;49.98;540.4;0.154;572.4;0.089;693.5;0.070;60;0;0;0.337;0.438;0.317;56;72;54;49.98;49.98;49.98;6948;1000;0.0;0;0.0000;0;0;52;52;52
60;2014-05-09 06:05:00;909402N262;190;0.055;23;235;235;235;235;0.382;49.98;542.7;0.158;575.6;0.089;700.5;0.070;60;0;0;0.364;0.456;0.328;59;73;56;49.98;49.98;49.98;6948;1000;0.0;0;0.0000;0;0;55;55;55
60;2014-05-09 06:06:00;909402N262;197;0.058;23;235;235;235;235;0.411;50.00;545.2;0.163;583.1;0.092;692.1;0.074;60;0;0;0.387;0.514;0.332;58;81;54;50.00;50.00;50.00;6948;1000;0.0;0;0.0000;0;0;58;58;58
60;2014-05-09 06:07:00;909402N262;204;0.061;23;235;235;234;236;0.407;50.00;549.0;0.167;576.0;0.097;704.1;0.079;60;0;0;0.385;0.526;0.311;64;86;53;50.00;50.00;50.00;6948;1000;0.0;0;0.0000;0;0;61;61;61
60;2014-05-09 06:08:00;909402N262;212;0.064;24;235;235;235;235;0.427;50.00;550.6;0.174;583.9;0.101;707.8;0.083;60;0;0;0.407;0.523;0.352;67;86;58;50.00;50.00;50.00;6948;1000;0.0;0;0.0000;0;0;64;64;64
60;2014-05-09 06:09:00;909402N262;226;0.068;24;235;235;234;235;0.447;49.99;550.0;0.184;585.3;0.107;713.0;0.088;60;0;0;0.415;0.556;0.372;70;92;63;49.99;49.99;49.99;6948;1000;0.0;0;0.0000;0;0;68;68;68
60;2014-05-09 06:10:00;909402N262;242;0.072;24;234;235;233;235;0.471;49.99;555.7;0.192;593.4;0.114;718.7;0.092;60;0;0;0.444;0.569;0.401;76;95;70;49.99;49.99;49.99;6948;1000;0.0;0;0.0000;0;0;72;72;72
60;2014-05-09 06:11:00;909402N262;253;0.077;24;234;235;234;235;0.496;49.99;564.2;0.198;596.8;0.120;715.9;0.098;60;0;0;0.441;0.610;0.439;74;101;74;49.99;49.99;49.99;6948;1000;0.0;0;0.0000;0;0;77;77;77
60;2014-05-09 06:12:00;909402N262;266;0.081;24;234;235;234;235;0.510;49.99;565.6;0.206;599.3;0.125;725.9;0.101;60;0;0;0.457;0.601;0.473;79;102;83;49.99;49.99;49.99;6948;1000;0.0;0;0.0000;0;0;81;81;81
60;2014-05-09 06:13:00;909402N262;275;0.086;24;234;235;234;235;0.525;50.01;567.0;0.211;602.2;0.128;722.8;0.105;60;0;0;0.426;0.671;0.480;73;114;84;50.01;50.01;50.01;6948;1000;0.0;0;0.0000;0;0;86;86;86
60;2014-05-09 06:14:00;909402N262;285;0.090;24;234;234;234;235;0.541;50.02;567.7;0.218;607.2;0.133;726.3;0.109;60;0;0;0.479;0.679;0.466;83;117;83;50.02;50.02;50.02;6948;1000;0.0;0;0.0000;0;0;90;90;90
60;2014-05-09 06:15:00;909402N262;293;0.095;24;234;234;234;235;0.550;49.99;569.0;0.225;609.2;0.138;732.8;0.112;60;0;0;0.516;0.647;0.489;91;113;87;49.99;49.99;49.99;6948;1000;0.0;0;0.0000;0;0;95;95;95
60;2014-05-09 06:16:00;909402N262;298;0.100;24;234;234;234;235;0.562;49.99;565.8;0.230;605.2;0.144;711.0;0.117;60;0;0;0.548;0.667;0.473;97;115;84;49.99;49.99;49.99;6948;1000;0.0;0;0.0000;0;0;100;100;100
60;2014-05-09 06:17:00;909402N262;307;0.105;24;234;233;234;235;0.571;49.97;567.7;0.234;611.8;0.148;727.6;0.117;60;0;0;0.567;0.661;0.487;100;117;88;49.97;49.97;49.97;6948;1000;0.0;0;0.0000;0;0;105;105;105
60;2014-05-09 06:18:00;909402N262;307;0.110;25;235;234;235;235;0.569;49.98;557.8;0.237;612.0;0.149;727.3;0.116;60;0;0;0.530;0.684;0.493;94;122;88;49.98;49.98;49.98;6948;1000;0.0;0;0.0000;0;0;110;110;110
60;2014-05-09 06:19:00;909402N262;300;0.115;25;234;234;235;235;0.552;49.98;555.8;0.231;606.8;0.147;731.6;0.111;60;0;0;0.507;0.671;0.479;91;119;86;49.98;49.98;49.98;6948;1000;0.0;0;0.0000;0;0;115;115;115
60;2014-05-09 06:20:00;909402N262;287;0.120;25;234;234;235;235;0.542;49.99;554.2;0.220;605.8;0.142;719.1;0.107;60;0;0;0.520;0.647;0.460;90;112;82;49.99;49.99;49.99;6948;1000;0.0;0;0.0000;0;0;120;120;120
60;2014-05-09 06:21:00;909402N262;270;0.125;25;235;235;235;235;0.505;49.99;553.4;0.210;600.4;0.137;726.2;0.101;60;0;0;0.454;0.616;0.446;80;108;80;49.99;49.99;49.99;6948;1000;0.0;0;0.0000;0;0;125;125;125
60;2014-05-09 06:22:00;909402N262;262;0.129;25;235;235;235;235;0.501;49.98;553.4;0.203;602.7;0.131;714.4;0.099;60;0;0;0.439;0.615;0.449;77;106;78;49.98;49.98;49.98;6948;1000;0.0;0;0.0000;0;0;129;129;129
60;2014-05-09 06:23:00;909402N262;257;0.133;25;235;235;235;235;0.488;49.98;553.0;0.200;597.6;0.128;715.2;0.097;60;0;0;0.428;0.568;0.470;75;97;83;49.98;49.98;49.98;6948;1000;0.0;0;0.0000;0;0;133;133;133
60;2014-05-09 06:24:00;909402N262;253;0.137;25;235;234;235;235;0.491;49.99;553.9;0.197;596.8;0.126;708.2;0.096;60;0;0;0.443;0.594;0.437;76;100;77;49.99;49.99;49.99;6948;1000;0.0;0;0.0000;0;0;137;137;137
60;2014-05-09 06:25:00;909402N262;250;0.142;25;234;234;234;235;0.472;49.99;555.5;0.195;599.2;0.124;721.0;0.092;60;0;0;0.441;0.570;0.407;78;98;71;49.99;49.99;49.99;6948;1000;0.0;0;0.0000;0;0;142;142;142
60;2014-05-09 06:26:00;909402N262;245;0.146;25;234;234;234;235;0.468;49.99;557.7;0.194;602.2;0.121;720.6;0.091;60;0;0;0.438;0.545;0.423;77;93;74;49.99;49.99;49.99;6948;1000;0.0;0;0.0000;0;0;146;146;146
60;2014-05-09 06:27:00;909402N262;245;0.150;25;234;234;234;234;0.471;50.00;557.0;0.194;602.4;0.121;715.9;0.090;60;0;0;0.440;0.564;0.410;76;96;72;50.00;50.00;50.00;6948;1000;0.0;0;0.0000;0;0;150;150;150
60;2014-05-09 06:28:00;909402N262;245;0.155;25;234;234;234;235;0.475;50.00;556.8;0.194;602.0;0.121;710.7;0.090;60;0;0;0.443;0.579;0.405;76;98;69;50.00;50.00;50.00;6948;1000;0.0;0;0.0000;0;0;155;155;155
60;2014-05-09 06:29:00;909402N262;245;0.158;25;234;234;233;235;0.477;49.99;557.7;0.194;603.4;0.121;708.8;0.089;60;0;0;0.449;0.568;0.414;77;95;71;49.99;49.99;49.99;6948;1000;0.0;0;0.0000;0;0;158;158;158
60;2014-05-09 06:30:00;909402N262;247;0.162;25;234;234;233;235;0.479;50.01;559.7;0.194;604.4;0.121;707.3;0.089;60;0;0;0.473;0.577;0.388;80;97;67;50.01;50.01;50.01;6948;1000;0.0;0;0.0000;0;0;162;162;162
60;2014-05-09 06:31:00;909402N262;245;0.167;26;234;234;233;234;0.476;50.00;560.3;0.194;581.1;0.126;701.0;0.089;60;0;0;0.430;0.588;0.412;74;100;70;50.00;50.00;50.00;6948;1000;0.0;0;0.0000;0;0;167;167;167
60;2014-05-09 06:32:00;909402N262;253;0.171;26;233;234;232;234;0.490;49.99;568.8;0.197;602.4;0.128;711.0;0.089;60;0;0;0.451;0.600;0.419;79;101;72;49.99;49.99;49.99;6948;1000;0.0;0;0.0000;0;0;171;171;171
60;2014-05-09 06:33:00;909402N262;256;0.175;26;233;233;232;234;0.491;49.99;569.3;0.198;606.2;0.129;711.4;0.089;60;0;0;0.458;0.600;0.416;79;103;72;49.99;49.99;49.99;6948;1000;0.0;0;0.0000;0;0;175;175;175
60;2014-05-09 06:34:00;909402N262;254;0.179;26;233;233;232;234;0.489;50.01;569.8;0.197;605.4;0.126;710.8;0.089;60;0;0;0.437;0.607;0.425;75;104;74;50.01;50.01;50.01;6948;1000;0.0;0;0.0000;0;0;179;179;179
60;2014-05-09 06:35:00;909402N262;251;0.183;26;233;233;232;234;0.483;49.99;569.9;0.198;609.0;0.122;711.7;0.089;60;0;0;0.436;0.582;0.433;75;99;75;49.99;49.99;49.99;6948;1000;0.0;0;0.0000;0;0;183;183;183
60;2014-05-09 06:36:00;909402N262;251;0.188;26;233;233;232;234;0.482;49.99;565.8;0.201;603.9;0.121;712.3;0.089;60;0;0;0.438;0.572;0.436;76;97;75;49.99;49.99;49.99;6948;1000;0.0;0;0.0000;0;0;188;188;188
60;2014-05-09 06:37:00;909402N262;252;0.192;26;233;233;232;234;0.476;49.99;539.4;0.216;600.3;0.121;718.1;0.089;60;0;0;0.427;0.560;0.443;76;96;78;49.99;49.99;49.99;6948;1000;0.0;0;0.0000;0;0;192;192;192
60;2014-05-09 06:38:00;909402N262;256;0.196;26;233;233;232;233;0.485;49.99;540.1;0.221;599.1;0.120;723.1;0.089;60;0;0;0.465;0.556;0.435;81;96;77;49.99;49.99;49.99;6948;1000;0.0;0;0.0000;0;0;196;196;196
60;2014-05-09 06:39:00;909402N262;256;0.201;26;233;233;232;233;0.478;49.98;541.5;0.220;597.7;0.120;724.7;0.089;60;0;0;0.439;0.564;0.432;79;98;77;49.98;49.98;49.98;6948;1000;0.0;0;0.0000;0;0;201;201;201
60;2014-05-09 06:40:00;909402N262;257;0.205;26;233;232;233;233;0.487;49.99;556.4;0.213;599.2;0.120;729.1;0.089;60;0;0;0.450;0.581;0.430;79;100;76;49.99;49.99;49.99;6948;1000;0.0;0;0.0000;0;0;205;205;205
60;2014-05-09 06:41:00;909402N262;256;0.209;26;233;232;232;234;0.485;49.99;555.9;0.213;597.8;0.120;727.7;0.090;60;0;0;0.436;0.594;0.427;77;102;76;49.99;49.99;49.99;6948;1000;0.0;0;0.0000;0;0;209;209;209
60;2014-05-09 06:42:00;909402N262;260;0.214;26;233;233;232;233;0.494;49.98;554.0;0.216;593.1;0.120;717.8;0.094;60;0;0;0.440;0.585;0.458;77;99;82;49.98;49.98;49.98;6948;1000;0.0;0;0.0000;0;0;214;214;214
60;2014-05-09 06:43:00;909402N262;263;0.218;26;233;232;232;233;0.493;49.98;552.4;0.221;592.0;0.120;720.6;0.097;60;0;0;0.447;0.594;0.440;79;104;79;49.98;49.98;49.98;6948;1000;0.0;0;0.0000;0;0;218;218;218
60;2014-05-09 06:44:00;909402N262;269;0.223;26;233;233;232;234;0.498;49.98;549.2;0.228;592.4;0.120;727.3;0.099;60;0;0;0.443;0.591;0.460;79;104;83;49.98;49.98;49.98;6948;1000;0.0;0;0.0000;0;0;223;223;223
60;2014-05-09 06:45:00;909402N262;275;0.227;26;233;233;233;233;0.513;49.97;546.3;0.237;595.8;0.121;731.3;0.102;60;0;0;0.462;0.617;0.462;81;109;81;49.97;49.97;49.97;6948;1000;0.0;0;0.0000;0;0;227;227;227
60;2014-05-09 06:46:00;909402N262;281;0.231;26;233;233;233;233;0.519;49.98;542.8;0.245;592.2;0.122;720.1;0.109;60;0;0;0.497;0.622;0.439;89;112;79;49.98;49.98;49.98;6948;1000;0.0;0;0.0000;0;0;231;231;231
60;2014-05-09 06:47:00;909402N262;300;0.237;26;233;233;233;233;0.547;49.98;551.5;0.254;602.3;0.127;738.2;0.113;60;0;0;0.524;0.651;0.467;95;117;85;49.98;49.98;49.98;6948;1000;0.0;0;0.0000;0;0;237;237;237
60;2014-05-09 06:48:00;909402N262;316;0.242;26;233;233;233;232;0.577;49.99;553.6;0.266;608.0;0.134;740.6;0.120;60;0;0;0.585;0.696;0.451;105;126;85;49.99;49.99;49.99;6948;1000;0.0;0;0.0000;0;0;242;242;242
60;2014-05-09 06:49:00;909402N262;337;0.248;26;232;232;233;232;0.613;49.99;554.8;0.281;612.3;0.143;743.0;0.127;60;0;0;0.600;0.718;0.521;108;130;98;49.99;49.99;49.99;6948;1000;0.0;0;0.0000;0;0;248;248;248
60;2014-05-09 06:50:00;909402N262;362;0.254;26;232;232;232;232;0.653;49.98;554.2;0.299;616.5;0.154;748.1;0.137;60;0;0;0.631;0.722;0.607;116;130;113;49.98;49.98;49.98;6948;1000;0.0;0;0.0000;0;0;254;254;254
60;2014-05-09 06:51:00;909402N262;391;0.261;26;234;234;233;234;0.696;49.99;557.4;0.319;625.2;0.164;753.6;0.148;60;0;0;0.656;0.756;0.678;122;141;125;49.99;49.99;49.99;6948;1000;0.0;0;0.0000;0;0;261;261;261
60;2014-05-09 06:52:00;909402N262;426;0.268;27;235;235;235;235;0.752;49.98;560.7;0.341;628.9;0.180;759.0;0.163;60;0;0;0.711;0.840;0.705;134;157;134;49.98;49.98;49.98;6948;1000;0.0;0;0.0000;0;0;268;268;268
60;2014-05-09 06:53:00;909402N262;472;0.275;27;235;235;235;235;0.823;49.98;562.3;0.371;636.1;0.200;766.7;0.180;60;0;0;0.814;0.880;0.777;155;166;148;49.98;49.98;49.98;6948;1000;0.0;0;0.0000;0;0;275;275;275
60;2014-05-09 06:54:00;909402N262;527;0.284;27;236;237;237;236;0.913;49.98;564.3;0.407;642.0;0.227;775.2;0.200;60;0;0;0.910;0.970;0.861;173;187;165;49.98;49.98;49.98;6948;1000;0.0;0;0.0000;0;0;284;284;284
60;2014-05-09 06:55:00;909402N262;595;0.294;27;235;235;235;235;1.009;49.99;565.8;0.451;647.8;0.260;790.0;0.222;60;0;0;0.980;1.088;0.961;192;212;189;49.99;49.99;49.99;6948;1000;0.0;0;0.0000;0;0;294;294;294
60;2014-05-09 06:56:00;909402N262;673;0.305;27;235;236;235;235;1.131;49.98;568.3;0.498;653.4;0.297;791.8;0.253;60;0;0;1.091;1.175;1.127;216;232;224;49.98;49.98;49.98;6948;1000;0.0;0;0.0000;0;0;305;305;305
60;2014-05-09 06:57:00;909402N262;755;0.317;27;236;236;236;236;1.243;49.99;579.6;0.539;658.6;0.334;794.5;0.285;60;0;0;1.224;1.266;1.239;245;256;251;49.99;49.99;49.99;6948;1000;0.0;0;0.0000;0;0;317;317;317
60;2014-05-09 06:58:00;909402N262;823;0.332;27;236;235;236;235;1.317;49.97;587.4;0.575;661.9;0.366;794.6;0.311;60;0;0;1.315;1.333;1.304;272;279;269;49.97;49.97;49.97;6948;1000;0.0;0;0.0000;0;0;332;332;332
60;2014-05-09 06:59:00;909402N262;861;0.346;27;236;235;237;235;1.342;50.01;587.5;0.600;662.3;0.384;794.3;0.327;60;0;0;1.330;1.360;1.336;283;296;282;50.01;50.01;50.01;6948;1000;0.0;0;0.0000;0;0;346;346;346
60;2014-05-09 07:00:00;909402N262;873;0.360;27;236;235;236;235;1.359;50.03;587.3;0.608;661.2;0.390;794.1;0.332;60;0;0;1.324;1.382;1.372;282;297;292;50.03;50.03;50.03;6948;1000;0.0;0;0.0000;0;0;360;360;360
[wr_ende]
