20140405;170004;danfoss;My Plant;+0100
[wr_def_start]
909402N262;Inverter Type;Inverter Group;Hanzl
[wr_def_end]
[wr]
INTERVAL;TIMESTAMP;SERIAL;P_AC;E_DAY;T_WR;U_AC;U_AC_1;U_AC_2;U_AC_3;I_AC;F_AC;U_DC_1;I_DC_1;U_DC_2;I_DC_2;U_DC_3;I_DC_3;S;E_WR;M_WR;I_AC_1;I_AC_2;I_AC_3;P_AC_1;P_AC_2;P_AC_3;F_AC_1;F_AC_2;F_AC_3;R_DC;PC;PCS;PCS_LL;COS_PHI;COS_PHI_LL;S_COS_PHI;Current_Day_Energy;current_Day_Offset;ccEnergyOfDay_WithoutOffset
60;2014-04-05 16:01:00;909402N262;1723;34.659;42;234;234;235;234;2.546;50.01;547.9;1.202;638.0;0.772;759.3;0.780;60;0;0;2.501;2.589;2.550;562;584;575;50.01;50.01;50.01;12084;1000;0.0;0;0.0000;0;0;34659;34659;34659
60;2014-04-05 16:02:00;909402N262;1724;34.687;42;234;235;235;234;2.579;50.01;551.4;1.188;654.6;0.758;767.8;0.768;60;0;0;2.534;2.626;2.578;563;585;573;50.01;50.01;50.01;12084;1000;0.0;0;0.0000;0;0;34687;34687;34687
60;2014-04-05 16:03:00;909402N262;1698;34.716;42;234;234;234;233;2.544;50.01;551.3;1.170;654.2;0.748;767.5;0.757;60;0;0;2.496;2.590;2.547;554;577;565;50.01;50.01;50.01;12084;1000;0.0;0;0.0000;0;0;34716;34716;34716
60;2014-04-05 16:04:00;909402N262;1670;34.744;42;234;234;234;233;2.506;49.99;551.3;1.151;653.7;0.735;766.7;0.746;60;0;0;2.456;2.551;2.512;544;568;557;49.99;49.99;49.99;12084;1000;0.0;0;0.0000;0;0;34744;34744;34744
60;2014-04-05 16:05:00;909402N262;1640;34.771;42;234;234;234;233;2.464;49.99;552.1;1.129;653.4;0.722;766.4;0.732;60;0;0;2.416;2.511;2.467;534;557;546;49.99;49.99;49.99;12084;1000;0.0;0;0.0000;0;0;34771;34771;34771
60;2014-04-05 16:06:00;909402N262;1609;34.797;42;234;234;234;233;2.421;50.00;552.0;1.109;653.0;0.708;766.6;0.717;60;0;0;2.378;2.462;2.425;526;545;536;50.00;50.00;50.00;12084;1000;0.0;0;0.0000;0;0;34797;34797;34797
60;2014-04-05 16:07:00;909402N262;1576;34.824;42;234;234;234;233;2.373;50.00;551.6;1.087;652.5;0.694;766.1;0.703;60;0;0;2.328;2.414;2.377;514;535;525;50.00;50.00;50.00;12084;1000;0.0;0;0.0000;0;0;34824;34824;34824
60;2014-04-05 16:08:00;909402N262;1543;34.850;42;234;234;234;233;2.324;50.00;551.5;1.065;652.1;0.680;766.9;0.687;60;0;0;2.281;2.365;2.327;503;524;514;50.00;50.00;50.00;12084;1000;0.0;0;0.0000;0;0;34850;34850;34850
60;2014-04-05 16:09:00;909402N262;1509;34.875;42;234;234;235;233;2.277;50.01;551.6;1.042;651.8;0.666;765.1;0.673;60;0;0;2.233;2.324;2.274;492;514;501;50.01;50.01;50.01;12084;1000;0.0;0;0.0000;0;0;34875;34875;34875
60;2014-04-05 16:10:00;909402N262;1475;34.899;42;234;234;235;233;2.229;50.01;551.5;1.019;651.4;0.651;764.2;0.659;60;0;0;2.184;2.273;2.230;480;502;492;50.01;50.01;50.01;12084;1000;0.0;0;0.0000;0;0;34899;34899;34899
60;2014-04-05 16:11:00;909402N262;1443;34.923;42;234;234;235;234;2.181;50.00;551.1;0.997;651.2;0.637;763.6;0.645;60;0;0;2.137;2.224;2.184;469;491;480;50.00;50.00;50.00;12084;1000;0.0;0;0.0000;0;0;34923;34923;34923
60;2014-04-05 16:12:00;909402N262;1411;34.947;42;234;234;235;233;2.136;50.00;551.2;0.976;651.0;0.624;763.2;0.630;60;0;0;2.093;2.179;2.136;459;480;469;50.00;50.00;50.00;12084;1000;0.0;0;0.0000;0;0;34947;34947;34947
60;2014-04-05 16:13:00;909402N262;1381;34.971;42;234;234;235;233;2.096;50.00;550.8;0.957;651.0;0.610;762.4;0.618;60;0;0;2.052;2.141;2.095;449;470;460;50.00;50.00;50.00;12084;1000;0.0;0;0.0000;0;0;34971;34971;34971
60;2014-04-05 16:14:00;909402N262;1354;34.992;42;234;234;234;234;2.055;49.99;550.2;0.940;650.8;0.598;762.0;0.605;60;0;0;2.010;2.098;2.057;440;461;451;49.99;49.99;49.99;12084;1000;0.0;0;0.0000;0;0;34992;34992;34992
60;2014-04-05 16:15:00;909402N262;1331;35.015;42;234;234;235;233;2.023;49.99;550.0;0.924;650.8;0.587;761.4;0.595;60;0;0;1.978;2.066;2.026;432;454;443;49.99;49.99;49.99;12084;1000;0.0;0;0.0000;0;0;35015;35015;35015
60;2014-04-05 16:16:00;909402N262;1299;35.036;42;234;234;234;233;1.965;50.00;545.5;0.913;636.3;0.581;760.1;0.586;60;0;0;1.924;2.004;1.967;422;441;433;50.00;50.00;50.00;12084;1000;0.0;0;0.0000;0;0;35036;35036;35036
60;2014-04-05 16:17:00;909402N262;1297;35.058;42;234;234;234;233;1.940;49.98;549.7;0.903;650.4;0.573;760.9;0.580;60;0;0;1.898;1.981;1.943;421;442;433;49.98;49.98;49.98;12084;1000;0.0;0;0.0000;0;0;35058;35058;35058
60;2014-04-05 16:18:00;909402N262;1284;35.079;41;234;234;234;233;1.921;49.99;549.5;0.893;650.5;0.567;760.7;0.574;60;0;0;1.883;1.961;1.920;418;437;427;49.99;49.99;49.99;12084;1000;0.0;0;0.0000;0;0;35079;35079;35079
60;2014-04-05 16:19:00;909402N262;1270;35.100;41;233;234;234;233;1.903;49.99;549.3;0.884;650.2;0.561;761.1;0.567;60;0;0;1.865;1.944;1.902;414;433;422;49.99;49.99;49.99;12084;1000;0.0;0;0.0000;0;0;35100;35100;35100
60;2014-04-05 16:20:00;909402N262;1255;35.121;41;234;234;234;233;1.880;50.00;549.2;0.874;650.0;0.555;760.7;0.561;60;0;0;1.842;1.925;1.875;409;429;416;50.00;50.00;50.00;12084;1000;0.0;0;0.0000;0;0;35121;35121;35121
60;2014-04-05 16:21:00;909402N262;1241;35.142;41;234;234;234;233;1.863;49.99;549.4;0.865;649.9;0.549;760.6;0.554;60;0;0;1.829;1.904;1.858;405;423;411;49.99;49.99;49.99;12084;1000;0.0;0;0.0000;0;0;35142;35142;35142
60;2014-04-05 16:22:00;909402N262;1228;35.163;41;234;235;234;233;1.842;50.01;549.3;0.855;649.7;0.543;760.5;0.547;60;0;0;1.802;1.882;1.842;400;419;408;50.01;50.01;50.01;12084;1000;0.0;0;0.0000;0;0;35163;35163;35163
60;2014-04-05 16:23:00;909402N262;1213;35.183;41;234;234;234;233;1.824;50.01;549.4;0.844;649.4;0.537;759.9;0.541;60;0;0;1.784;1.866;1.823;394;414;403;50.01;50.01;50.01;12084;1000;0.0;0;0.0000;0;0;35183;35183;35183
60;2014-04-05 16:24:00;909402N262;1198;35.203;41;234;234;234;233;1.805;50.01;549.3;0.834;648.9;0.532;762.9;0.533;60;0;0;1.763;1.848;1.806;389;408;398;50.01;50.01;50.01;12084;1000;0.0;0;0.0000;0;0;35203;35203;35203
60;2014-04-05 16:25:00;909402N262;1179;35.223;41;234;234;235;233;1.782;50.00;549.9;0.821;648.6;0.523;762.2;0.525;60;0;0;1.745;1.821;1.780;383;402;391;50.00;50.00;50.00;12084;1000;0.0;0;0.0000;0;0;35223;35223;35223
60;2014-04-05 16:26:00;909402N262;1153;35.242;41;234;235;234;233;1.747;49.99;550.1;0.802;648.4;0.511;758.7;0.515;60;0;0;1.708;1.789;1.746;374;394;382;49.99;49.99;49.99;12084;1000;0.0;0;0.0000;0;0;35242;35242;35242
60;2014-04-05 16:27:00;909402N262;1125;35.261;41;234;234;234;234;1.715;50.00;549.3;0.785;648.6;0.499;757.3;0.504;60;0;0;1.682;1.759;1.704;366;385;371;50.00;50.00;50.00;12084;1000;0.0;0;0.0000;0;0;35261;35261;35261
60;2014-04-05 16:28:00;909402N262;1096;35.279;41;234;234;235;234;1.681;50.00;549.5;0.764;649.5;0.485;756.2;0.493;60;0;0;1.645;1.737;1.663;356;378;360;50.00;50.00;50.00;12084;1000;0.0;0;0.0000;0;0;35279;35279;35279
60;2014-04-05 16:29:00;909402N262;1068;35.296;41;234;234;235;234;1.647;50.01;549.7;0.745;649.0;0.474;754.6;0.481;60;0;0;1.616;1.697;1.628;348;367;351;50.01;50.01;50.01;12084;1000;0.0;0;0.0000;0;0;35296;35296;35296
60;2014-04-05 16:30:00;909402N262;1050;35.314;41;234;234;234;234;1.623;50.01;550.3;0.731;649.1;0.466;755.0;0.472;60;0;0;1.592;1.670;1.608;342;361;346;50.01;50.01;50.01;12084;1000;0.0;0;0.0000;0;0;35314;35314;35314
60;2014-04-05 16:31:00;909402N262;1041;35.331;41;234;234;234;234;1.608;50.01;546.0;0.731;642.7;0.467;746.2;0.474;60;0;0;1.570;1.661;1.595;337;359;343;50.01;50.01;50.01;12084;1000;0.0;0;0.0000;0;0;35331;35331;35331
60;2014-04-05 16:32:00;909402N262;1066;35.350;41;234;234;234;233;1.644;50.00;550.1;0.741;650.2;0.473;755.8;0.481;60;0;0;1.616;1.698;1.618;348;368;349;50.00;50.00;50.00;12084;1000;0.0;0;0.0000;0;0;35350;35350;35350
60;2014-04-05 16:33:00;909402N262;1082;35.368;41;234;234;234;234;1.666;50.01;550.0;0.751;650.3;0.480;756.4;0.486;60;0;0;1.640;1.715;1.643;354;372;354;50.01;50.01;50.01;12084;1000;0.0;0;0.0000;0;0;35368;35368;35368
60;2014-04-05 16:34:00;909402N262;1088;35.386;41;234;234;234;234;1.670;49.99;549.9;0.756;650.2;0.482;757.5;0.489;60;0;0;1.635;1.721;1.655;353;374;358;49.99;49.99;49.99;12084;1000;0.0;0;0.0000;0;0;35386;35386;35386
60;2014-04-05 16:35:00;909402N262;1079;35.404;41;234;234;234;234;1.656;49.97;549.6;0.751;649.0;0.478;756.8;0.485;60;0;0;1.622;1.699;1.647;351;370;356;49.97;49.97;49.97;12084;1000;0.0;0;0.0000;0;0;35404;35404;35404
60;2014-04-05 16:36:00;909402N262;1057;35.421;41;234;234;234;234;1.628;49.97;549.0;0.738;647.4;0.470;755.6;0.475;60;0;0;1.598;1.673;1.614;345;362;348;49.97;49.97;49.97;12084;1000;0.0;0;0.0000;0;0;35421;35421;35421
60;2014-04-05 16:37:00;909402N262;1034;35.438;41;234;234;234;234;1.597;49.97;548.8;0.722;646.2;0.462;754.7;0.464;60;0;0;1.561;1.651;1.579;335;357;340;49.97;49.97;49.97;12084;1000;0.0;0;0.0000;0;0;35438;35438;35438
60;2014-04-05 16:38:00;909402N262;1017;35.456;41;234;234;235;234;1.576;49.98;548.6;0.710;646.8;0.455;754.1;0.457;60;0;0;1.550;1.622;1.557;332;349;334;49.98;49.98;49.98;12084;1000;0.0;0;0.0000;0;0;35456;35456;35456
60;2014-04-05 16:39:00;909402N262;1001;35.472;40;234;234;234;234;1.555;49.98;548.5;0.701;647.7;0.445;753.6;0.452;60;0;0;1.524;1.601;1.541;325;344;330;49.98;49.98;49.98;12084;1000;0.0;0;0.0000;0;0;35472;35472;35472
60;2014-04-05 16:40:00;909402N262;984;35.489;40;234;234;234;234;1.532;49.98;548.1;0.689;648.1;0.436;752.5;0.444;60;0;0;1.496;1.576;1.525;319;337;326;49.98;49.98;49.98;12084;1000;0.0;0;0.0000;0;0;35489;35489;35489
60;2014-04-05 16:41:00;909402N262;963;35.505;40;234;234;234;234;1.506;49.99;547.8;0.676;648.4;0.426;751.9;0.435;60;0;0;1.475;1.550;1.495;313;331;318;49.99;49.99;49.99;12084;1000;0.0;0;0.0000;0;0;35505;35505;35505
60;2014-04-05 16:42:00;909402N262;944;35.520;40;234;234;234;234;1.482;49.99;548.5;0.661;647.6;0.418;750.7;0.426;60;0;0;1.457;1.521;1.470;308;324;310;49.99;49.99;49.99;12084;1000;0.0;0;0.0000;0;0;35520;35520;35520
60;2014-04-05 16:43:00;909402N262;933;35.536;40;234;234;234;234;1.467;49.99;549.2;0.652;647.7;0.414;749.9;0.421;60;0;0;1.448;1.501;1.454;306;319;306;49.99;49.99;49.99;12084;1000;0.0;0;0.0000;0;0;35536;35536;35536
60;2014-04-05 16:44:00;909402N262;930;35.551;40;234;234;234;234;1.464;49.99;549.3;0.650;648.1;0.412;749.9;0.421;60;0;0;1.439;1.506;1.447;303;320;305;49.99;49.99;49.99;12084;1000;0.0;0;0.0000;0;0;35551;35551;35551
60;2014-04-05 16:45:00;909402N262;923;35.566;40;234;234;234;234;1.454;49.99;549.4;0.645;646.8;0.409;749.9;0.418;60;0;0;1.433;1.493;1.437;302;317;302;49.99;49.99;49.99;12084;1000;0.0;0;0.0000;0;0;35566;35566;35566
60;2014-04-05 16:46:00;909402N262;889;35.581;40;234;234;234;234;1.409;49.99;545.1;0.630;637.1;0.401;740.6;0.406;60;0;0;1.389;1.440;1.398;290;304;293;49.99;49.99;49.99;12084;1000;0.0;0;0.0000;0;0;35581;35581;35581
60;2014-04-05 16:47:00;909402N262;858;35.596;40;234;235;234;234;1.386;49.99;549.0;0.603;642.6;0.384;745.4;0.388;60;0;0;1.360;1.417;1.381;279;292;285;49.99;49.99;49.99;12084;1000;0.0;0;0.0000;0;0;35596;35596;35596
60;2014-04-05 16:48:00;909402N262;824;35.610;40;234;235;234;234;1.354;49.99;548.0;0.580;642.0;0.370;747.1;0.373;60;0;0;1.335;1.375;1.353;269;280;274;49.99;49.99;49.99;12084;1000;0.0;0;0.0000;0;0;35610;35610;35610
60;2014-04-05 16:49:00;909402N262;801;35.624;40;234;235;234;234;1.328;49.98;546.3;0.565;640.3;0.362;741.8;0.365;60;0;0;1.308;1.347;1.329;262;272;266;49.98;49.98;49.98;12084;1000;0.0;0;0.0000;0;0;35624;35624;35624
60;2014-04-05 16:50:00;909402N262;789;35.637;40;234;235;234;234;1.315;49.99;545.0;0.558;639.0;0.358;740.4;0.360;60;0;0;1.294;1.334;1.318;258;267;262;49.99;49.99;49.99;12084;1000;0.0;0;0.0000;0;0;35637;35637;35637
60;2014-04-05 16:51:00;909402N262;783;35.649;40;234;235;234;234;1.306;49.99;543.8;0.554;639.2;0.354;741.6;0.356;60;0;0;1.288;1.325;1.307;256;265;260;49.99;49.99;49.99;12084;1000;0.0;0;0.0000;0;0;35649;35649;35649
60;2014-04-05 16:52:00;909402N262;778;35.663;40;234;235;234;234;1.300;49.99;542.8;0.551;639.3;0.352;741.0;0.354;60;0;0;1.287;1.318;1.295;255;263;257;49.99;49.99;49.99;12084;1000;0.0;0;0.0000;0;0;35663;35663;35663
60;2014-04-05 16:53:00;909402N262;772;35.675;40;234;235;234;233;1.297;49.99;542.4;0.548;640.1;0.348;739.3;0.352;60;0;0;1.283;1.323;1.287;252;263;254;49.99;49.99;49.99;12084;1000;0.0;0;0.0000;0;0;35675;35675;35675
60;2014-04-05 16:54:00;909402N262;767;35.689;40;234;234;234;233;1.289;49.99;542.3;0.544;642.5;0.344;739.3;0.351;60;0;0;1.276;1.307;1.286;251;260;253;49.99;49.99;49.99;12084;1000;0.0;0;0.0000;0;0;35689;35689;35689
60;2014-04-05 16:55:00;909402N262;770;35.701;40;234;234;234;233;1.294;49.98;542.6;0.545;643.6;0.343;740.1;0.353;60;0;0;1.281;1.320;1.282;252;263;252;49.98;49.98;49.98;12084;1000;0.0;0;0.0000;0;0;35701;35701;35701
60;2014-04-05 16:56:00;909402N262;772;35.713;40;234;234;234;233;1.296;49.99;542.9;0.546;643.9;0.344;741.1;0.354;60;0;0;1.278;1.321;1.290;252;263;255;49.99;49.99;49.99;12084;1000;0.0;0;0.0000;0;0;35713;35713;35713
60;2014-04-05 16:57:00;909402N262;772;35.727;40;234;234;234;233;1.297;49.99;543.5;0.545;643.1;0.345;741.1;0.354;60;0;0;1.284;1.314;1.293;254;262;255;49.99;49.99;49.99;12084;1000;0.0;0;0.0000;0;0;35727;35727;35727
60;2014-04-05 16:58:00;909402N262;764;35.740;40;234;234;234;233;1.286;49.99;544.7;0.538;642.8;0.342;739.9;0.351;60;0;0;1.269;1.313;1.278;249;262;252;49.99;49.99;49.99;12084;1000;0.0;0;0.0000;0;0;35740;35740;35740
60;2014-04-05 16:59:00;909402N262;749;35.752;40;234;234;234;233;1.269;49.99;545.9;0.527;643.3;0.334;739.2;0.345;60;0;0;1.251;1.290;1.267;246;255;247;49.99;49.99;49.99;12084;1000;0.0;0;0.0000;0;0;35752;35752;35752
60;2014-04-05 17:00:00;909402N262;734;35.765;39;234;234;234;234;1.250;49.99;546.8;0.514;641.5;0.331;738.9;0.337;60;0;0;1.241;1.279;1.230;241;252;239;49.99;49.99;49.99;12084;1000;0.0;0;0.0000;0;0;35765;35765;35765
[wr_ende]
