20150404;140000;danfoss;My Plant;+0100
[wr_def_start]
909402N262;Inverter Type;Inverter Group;Hanzl
[wr_def_end]
[wr]
INTERVAL;TIMESTAMP;SERIAL;P_AC;E_DAY;T_WR;U_AC;U_AC_1;U_AC_2;U_AC_3;I_AC;F_AC;U_DC_1;I_DC_1;U_DC_2;I_DC_2;U_DC_3;I_DC_3;S;E_WR;M_WR;I_AC_1;I_AC_2;I_AC_3;P_AC_1;P_AC_2;P_AC_3;F_AC_1;F_AC_2;F_AC_3;R_DC;PC;PCS;PCS_LL;COS_PHI;COS_PHI_LL;S_COS_PHI;Current_Day_Energy;current_Day_Offset;ccEnergyOfDay_WithoutOffset
60;2015-04-04 13:01:00;909402N262;4182;15.556;41;234;234;234;234;6.046;49.98;573.3;2.855;651.5;1.832;795.2;1.759;60;0;0;5.990;6.092;6.056;1378;1409;1393;49.98;49.98;49.98;25142;1000;0.0;0;0.9889;1;2;15556;15556;15556
60;2015-04-04 13:02:00;909402N262;4200;15.625;41;234;234;235;234;6.075;49.98;577.8;2.836;667.8;1.814;795.0;1.751;60;0;0;6.002;6.133;6.091;1379;1415;1404;49.98;49.98;49.98;25142;1000;0.0;0;0.9889;1;2;15625;15625;15625
60;2015-04-04 13:03:00;909402N262;4154;15.695;41;234;233;234;234;6.019;49.98;578.3;2.802;667.8;1.793;795.1;1.733;60;0;0;5.948;6.084;6.026;1364;1403;1385;49.98;49.98;49.98;25142;1000;0.0;0;0.9889;1;2;15695;15695;15695
60;2015-04-04 13:04:00;909402N262;4076;15.763;41;234;233;234;234;5.909;49.99;579.2;2.744;668.2;1.758;795.0;1.700;60;0;0;5.837;5.971;5.919;1339;1375;1361;49.99;49.99;49.99;25142;1000;0.0;0;0.9889;1;2;15763;15763;15763
60;2015-04-04 13:05:00;909402N262;3995;15.829;41;233;234;234;233;5.804;49.98;580.0;2.684;668.6;1.723;795.0;1.666;60;0;0;5.748;5.853;5.811;1318;1343;1332;49.98;49.98;49.98;25142;1000;0.0;0;0.9889;1;2;15829;15829;15829
60;2015-04-04 13:06:00;909402N262;3897;15.895;41;233;233;234;234;5.665;50.01;580.6;2.610;668.2;1.684;795.1;1.625;60;0;0;5.595;5.709;5.691;1279;1309;1307;50.01;50.01;50.01;25142;1000;0.0;0;0.9889;1;2;15895;15895;15895
60;2015-04-04 13:07:00;909402N262;3839;15.958;41;234;234;234;234;5.573;50.00;581.4;2.565;667.9;1.661;795.0;1.602;60;0;0;5.502;5.621;5.597;1260;1291;1286;50.00;50.00;50.00;25142;1000;0.0;0;0.9889;1;2;15958;15958;15958
60;2015-04-04 13:08:00;909402N262;3798;16.022;41;234;233;234;234;5.519;49.99;582.2;2.530;667.7;1.645;794.8;1.586;60;0;0;5.446;5.567;5.546;1241;1280;1275;49.99;49.99;49.99;25142;1000;0.0;0;0.9889;1;2;16022;16022;16022
60;2015-04-04 13:09:00;909402N262;3767;16.085;41;234;233;235;234;5.477;49.99;581.9;2.508;667.3;1.635;794.8;1.574;60;0;0;5.403;5.538;5.492;1230;1274;1261;49.99;49.99;49.99;25142;1000;0.0;0;0.9889;1;2;16085;16085;16085
60;2015-04-04 13:10:00;909402N262;3767;16.147;41;234;233;235;233;5.479;49.99;581.2;2.506;667.3;1.638;794.9;1.575;60;0;0;5.417;5.534;5.486;1237;1273;1255;49.99;49.99;49.99;25142;1000;0.0;0;0.9889;1;2;16147;16147;16147
60;2015-04-04 13:11:00;909402N262;3796;16.211;41;234;234;233;234;5.521;50.00;580.5;2.526;667.7;1.651;794.9;1.587;60;0;0;5.467;5.555;5.542;1253;1271;1270;50.00;50.00;50.00;25142;1000;0.0;0;0.9889;1;2;16211;16211;16211
60;2015-04-04 13:12:00;909402N262;3785;16.274;41;233;233;233;234;5.507;50.00;579.6;2.520;668.6;1.649;795.0;1.581;60;0;0;5.450;5.540;5.532;1247;1267;1269;50.00;50.00;50.00;25142;1000;0.0;0;0.9889;1;2;16274;16274;16274
60;2015-04-04 13:13:00;909402N262;3855;16.337;41;234;234;234;234;5.595;50.01;578.1;2.574;669.4;1.675;794.9;1.613;60;0;0;5.537;5.631;5.617;1270;1292;1291;50.01;50.01;50.01;25142;1000;0.0;0;0.9889;1;2;16337;16337;16337
60;2015-04-04 13:14:00;909402N262;3810;16.402;41;234;234;234;234;5.533;50.00;577.6;2.546;669.1;1.657;795.0;1.593;60;0;0;5.468;5.579;5.552;1252;1281;1275;50.00;50.00;50.00;25142;1000;0.0;0;0.9889;1;2;16402;16402;16402
60;2015-04-04 13:15:00;909402N262;3805;16.465;41;234;233;234;234;5.531;50.00;577.3;2.546;669.5;1.653;794.9;1.589;60;0;0;5.462;5.568;5.563;1248;1275;1280;50.00;50.00;50.00;25142;1000;0.0;0;0.9889;1;2;16465;16465;16465
60;2015-04-04 13:16:00;909402N262;3631;16.525;41;234;234;234;235;5.274;50.00;572.0;2.453;653.3;1.601;795.3;1.534;60;0;0;5.212;5.304;5.307;1193;1217;1220;50.00;50.00;50.00;25142;1000;0.0;0;0.9889;1;2;16525;16525;16525
60;2015-04-04 13:17:00;909402N262;3624;16.586;41;234;234;234;234;5.276;50.00;576.2;2.420;668.5;1.582;795.3;1.514;60;0;0;5.220;5.307;5.301;1194;1212;1215;50.00;50.00;50.00;25142;1000;0.0;0;0.9889;1;2;16586;16586;16586
60;2015-04-04 13:18:00;909402N262;3659;16.647;41;234;234;233;234;5.330;50.01;576.8;2.446;668.6;1.594;795.3;1.529;60;0;0;5.280;5.357;5.354;1208;1222;1228;50.01;50.01;50.01;25142;1000;0.0;0;0.9889;1;2;16647;16647;16647
60;2015-04-04 13:19:00;909402N262;3673;16.708;41;234;234;233;234;5.351;50.03;577.2;2.454;669.0;1.599;795.2;1.535;60;0;0;5.285;5.383;5.386;1207;1230;1234;50.03;50.03;50.03;25142;1000;0.0;0;0.9889;1;2;16708;16708;16708
60;2015-04-04 13:20:00;909402N262;3676;16.769;41;233;233;233;233;5.362;50.00;577.9;2.457;669.8;1.598;795.4;1.533;60;0;0;5.297;5.408;5.381;1207;1237;1231;50.00;50.00;50.00;25142;1000;0.0;0;0.9889;1;2;16769;16769;16769
60;2015-04-04 13:21:00;909402N262;3672;16.831;41;234;233;234;234;5.345;50.00;578.2;2.455;669.9;1.596;795.4;1.530;60;0;0;5.268;5.398;5.370;1201;1240;1230;50.00;50.00;50.00;25142;1000;0.0;0;0.9889;1;2;16831;16831;16831
60;2015-04-04 13:22:00;909402N262;3710;16.892;41;233;232;234;234;5.404;49.99;578.6;2.481;670.2;1.610;795.5;1.546;60;0;0;5.311;5.459;5.442;1207;1251;1249;49.99;49.99;49.99;25142;1000;0.0;0;0.9889;1;2;16892;16892;16892
60;2015-04-04 13:23:00;909402N262;3781;16.955;41;234;233;234;235;5.493;50.00;578.6;2.530;670.2;1.638;795.4;1.577;60;0;0;5.416;5.527;5.538;1237;1266;1276;50.00;50.00;50.00;25142;1000;0.0;0;0.9889;1;2;16955;16955;16955
60;2015-04-04 13:24:00;909402N262;3754;17.017;41;234;233;233;235;5.454;50.00;578.5;2.507;669.5;1.630;795.4;1.568;60;0;0;5.378;5.483;5.502;1228;1255;1268;50.00;50.00;50.00;25142;1000;0.0;0;0.9889;1;2;17017;17017;17017
60;2015-04-04 13:25:00;909402N262;3713;17.080;41;234;233;233;235;5.402;49.99;578.9;2.475;668.9;1.616;795.2;1.551;60;0;0;5.324;5.446;5.438;1215;1246;1250;49.99;49.99;49.99;25142;1000;0.0;0;0.9889;1;2;17080;17080;17080
60;2015-04-04 13:26:00;909402N262;3688;17.141;41;234;233;234;234;5.366;50.00;579.7;2.452;669.1;1.605;795.6;1.541;60;0;0;5.298;5.415;5.387;1210;1241;1234;50.00;50.00;50.00;25142;1000;0.0;0;0.9889;1;2;17141;17141;17141
60;2015-04-04 13:27:00;909402N262;3673;17.202;41;234;234;234;233;5.345;50.00;579.9;2.437;669.2;1.599;795.4;1.537;60;0;0;5.300;5.387;5.350;1215;1234;1222;50.00;50.00;50.00;25142;1000;0.0;0;0.9889;1;2;17202;17202;17202
60;2015-04-04 13:28:00;909402N262;3655;17.263;41;234;234;233;233;5.323;50.01;580.2;2.421;669.9;1.591;795.3;1.531;60;0;0;5.280;5.355;5.336;1210;1224;1219;50.01;50.01;50.01;25142;1000;0.0;0;0.9889;1;2;17263;17263;17263
60;2015-04-04 13:29:00;909402N262;3618;17.323;41;234;234;234;234;5.264;50.01;580.9;2.392;670.6;1.575;795.4;1.515;60;0;0;5.215;5.291;5.286;1195;1210;1211;50.01;50.01;50.01;25142;1000;0.0;0;0.9889;1;2;17323;17323;17323
60;2015-04-04 13:30:00;909402N262;3602;17.383;41;234;234;234;235;5.236;50.00;581.3;2.377;671.1;1.568;795.4;1.509;60;0;0;5.175;5.273;5.261;1185;1206;1209;50.00;50.00;50.00;25142;1000;0.0;0;0.9889;1;2;17383;17383;17383
60;2015-04-04 13:31:00;909402N262;3594;17.443;41;234;234;233;235;5.222;49.98;577.5;2.386;661.4;1.577;789.3;1.522;60;0;0;5.168;5.229;5.270;1184;1197;1213;49.98;49.98;49.98;25142;1000;0.0;0;0.9889;1;2;17443;17443;17443
60;2015-04-04 13:32:00;909402N262;3633;17.504;41;234;234;234;235;5.262;49.97;581.8;2.391;673.0;1.578;795.0;1.524;60;0;0;5.208;5.294;5.286;1197;1215;1218;49.97;49.97;49.97;25142;1000;0.0;0;0.9889;1;2;17504;17504;17504
60;2015-04-04 13:33:00;909402N262;3600;17.563;41;234;234;233;234;5.232;49.97;582.6;2.365;673.6;1.563;795.1;1.510;60;0;0;5.170;5.268;5.260;1184;1205;1210;49.97;49.97;49.97;25142;1000;0.0;0;0.9889;1;2;17563;17563;17563
60;2015-04-04 13:34:00;909402N262;3589;17.623;41;233;233;234;234;5.217;49.99;582.5;2.357;674.0;1.556;795.1;1.505;60;0;0;5.156;5.266;5.231;1179;1207;1201;49.99;49.99;49.99;25142;1000;0.0;0;0.9889;1;2;17623;17623;17623
60;2015-04-04 13:35:00;909402N262;3670;17.684;41;233;232;234;233;5.335;50.00;581.5;2.417;673.6;1.592;795.1;1.541;60;0;0;5.267;5.397;5.341;1200;1242;1225;50.00;50.00;50.00;25142;1000;0.0;0;0.9889;1;2;17684;17684;17684
60;2015-04-04 13:36:00;909402N262;3722;17.746;41;234;233;234;234;5.400;50.00;581.1;2.457;673.2;1.610;795.2;1.564;60;0;0;5.322;5.459;5.421;1216;1257;1246;50.00;50.00;50.00;25142;1000;0.0;0;0.9889;1;2;17746;17746;17746
60;2015-04-04 13:37:00;909402N262;3663;17.808;41;234;233;234;234;5.318;49.99;581.2;2.417;673.7;1.586;795.1;1.537;60;0;0;5.256;5.375;5.325;1202;1236;1223;49.99;49.99;49.99;25142;1000;0.0;0;0.9889;1;2;17808;17808;17808
60;2015-04-04 13:38:00;909402N262;3608;17.868;41;234;233;234;234;5.240;50.00;581.4;2.379;674.2;1.563;795.1;1.512;60;0;0;5.169;5.285;5.266;1182;1214;1210;50.00;50.00;50.00;25142;1000;0.0;0;0.9889;1;2;17868;17868;17868
60;2015-04-04 13:39:00;909402N262;3567;17.928;41;234;233;233;234;5.188;50.01;581.3;2.351;673.9;1.548;795.0;1.495;60;0;0;5.122;5.223;5.219;1170;1195;1200;50.01;50.01;50.01;25142;1000;0.0;0;0.9889;1;2;17928;17928;17928
60;2015-04-04 13:40:00;909402N262;3554;17.987;41;234;234;234;234;5.166;50.01;580.7;2.344;673.4;1.543;795.2;1.489;60;0;0;5.109;5.196;5.194;1169;1190;1193;50.01;50.01;50.01;25142;1000;0.0;0;0.9889;1;2;17987;17987;17987
60;2015-04-04 13:41:00;909402N262;3548;18.046;41;234;233;234;234;5.159;50.01;580.4;2.341;673.4;1.540;795.2;1.488;60;0;0;5.081;5.197;5.199;1158;1193;1196;50.01;50.01;50.01;25142;1000;0.0;0;0.9889;1;2;18046;18046;18046
60;2015-04-04 13:42:00;909402N262;3535;18.105;41;234;233;234;235;5.141;50.01;580.1;2.334;673.9;1.533;795.2;1.482;60;0;0;5.061;5.179;5.183;1154;1188;1192;50.01;50.01;50.01;25142;1000;0.0;0;0.9889;1;2;18105;18105;18105
60;2015-04-04 13:43:00;909402N262;3519;18.163;41;234;234;234;234;5.124;50.01;579.6;2.325;674.6;1.522;795.0;1.476;60;0;0;5.070;5.154;5.150;1157;1179;1181;50.01;50.01;50.01;25142;1000;0.0;0;0.9889;1;2;18163;18163;18163
60;2015-04-04 13:44:00;909402N262;3507;18.222;41;234;233;234;235;5.104;50.01;579.0;2.320;674.7;1.518;795.1;1.472;60;0;0;5.027;5.147;5.138;1146;1179;1180;50.01;50.01;50.01;25142;1000;0.0;0;0.9889;1;2;18222;18222;18222
60;2015-04-04 13:45:00;909402N262;3497;18.280;41;234;233;234;235;5.087;50.01;578.5;2.314;675.2;1.511;795.1;1.468;60;0;0;5.001;5.128;5.134;1138;1175;1182;50.01;50.01;50.01;25142;1000;0.0;0;0.9889;1;2;18280;18280;18280
60;2015-04-04 13:46:00;909402N262;3450;18.338;41;234;233;234;234;5.021;50.01;574.8;2.301;659.5;1.513;794.1;1.461;60;0;0;4.956;5.049;5.058;1129;1158;1160;50.01;50.01;50.01;25142;1000;0.0;0;0.9889;1;2;18338;18338;18338
60;2015-04-04 13:47:00;909402N262;3472;18.396;41;234;233;234;234;5.062;50.01;578.1;2.297;673.5;1.505;795.0;1.458;60;0;0;4.989;5.098;5.099;1136;1165;1169;50.01;50.01;50.01;25142;1000;0.0;0;0.9889;1;2;18396;18396;18396
60;2015-04-04 13:48:00;909402N262;3447;18.453;41;234;233;234;234;5.027;50.01;578.3;2.280;673.2;1.495;795.0;1.448;60;0;0;4.954;5.070;5.057;1126;1159;1160;50.01;50.01;50.01;25142;1000;0.0;0;0.9889;1;2;18453;18453;18453
60;2015-04-04 13:49:00;909402N262;3437;18.510;41;234;233;234;234;5.002;50.03;578.7;2.272;673.7;1.491;795.1;1.442;60;0;0;4.928;5.047;5.033;1123;1157;1155;50.03;50.03;50.03;25142;1000;0.0;0;0.9889;1;2;18510;18510;18510
60;2015-04-04 13:50:00;909402N262;3406;18.567;41;233;233;234;234;4.967;50.02;578.9;2.250;673.9;1.478;795.0;1.429;60;0;0;4.892;5.012;4.999;1114;1145;1145;50.02;50.02;50.02;25142;1000;0.0;0;0.9889;1;2;18567;18567;18567
60;2015-04-04 13:51:00;909402N262;3357;18.624;41;234;234;234;234;4.889;50.02;579.2;2.215;674.1;1.456;795.0;1.408;60;0;0;4.826;4.937;4.904;1103;1130;1123;50.02;50.02;50.02;25142;1000;0.0;0;0.9889;1;2;18624;18624;18624
60;2015-04-04 13:52:00;909402N262;3301;18.678;41;234;234;234;233;4.814;50.02;579.3;2.177;674.3;1.431;795.0;1.385;60;0;0;4.758;4.869;4.817;1089;1112;1098;50.02;50.02;50.02;25142;1000;0.0;0;0.9889;1;2;18678;18678;18678
60;2015-04-04 13:53:00;909402N262;3244;18.734;41;234;234;234;233;4.734;50.01;579.3;2.138;674.9;1.404;794.9;1.361;60;0;0;4.678;4.783;4.742;1068;1093;1081;50.01;50.01;50.01;25142;1000;0.0;0;0.9889;1;2;18734;18734;18734
60;2015-04-04 13:54:00;909402N262;3197;18.786;41;234;234;234;234;4.665;50.00;579.1;2.107;674.7;1.385;794.8;1.342;60;0;0;4.612;4.713;4.671;1053;1077;1065;50.00;50.00;50.00;25142;1000;0.0;0;0.9889;1;2;18786;18786;18786
60;2015-04-04 13:55:00;909402N262;3167;18.840;41;234;234;235;234;4.620;50.00;579.0;2.086;674.7;1.373;794.9;1.329;60;0;0;4.571;4.681;4.609;1043;1070;1052;50.00;50.00;50.00;25142;1000;0.0;0;0.9889;1;2;18840;18840;18840
60;2015-04-04 13:56:00;909402N262;3148;18.891;41;234;234;234;234;4.595;50.00;579.1;2.073;675.3;1.361;794.9;1.322;60;0;0;4.534;4.649;4.603;1032;1063;1051;50.00;50.00;50.00;25142;1000;0.0;0;0.9889;1;2;18891;18891;18891
60;2015-04-04 13:57:00;909402N262;3136;18.944;41;234;234;234;234;4.575;50.00;579.4;2.064;675.7;1.354;794.6;1.318;60;0;0;4.516;4.609;4.602;1030;1051;1052;50.00;50.00;50.00;25142;1000;0.0;0;0.9889;1;2;18944;18944;18944
60;2015-04-04 13:58:00;909402N262;3121;18.995;41;234;234;234;234;4.559;49.99;579.9;2.053;676.2;1.346;795.1;1.312;60;0;0;4.507;4.600;4.571;1028;1049;1043;49.99;49.99;49.99;25142;1000;0.0;0;0.9889;1;2;18995;18995;18995
60;2015-04-04 13:59:00;909402N262;3100;19.048;41;234;234;234;234;4.530;50.00;580.1;2.038;676.2;1.336;795.0;1.303;60;0;0;4.471;4.577;4.544;1017;1045;1036;50.00;50.00;50.00;25142;1000;0.0;0;0.9889;1;2;19048;19048;19048
[wr_ende]
