20140218;170004;danfoss;My Plant;+0100
[wr_def_start]
909402N262;Inverter Type;Inverter Group;Hanzl
[wr_def_end]
[wr]
INTERVAL;TIMESTAMP;SERIAL;P_AC;E_DAY;T_WR;U_AC;U_AC_1;U_AC_2;U_AC_3;I_AC;F_AC;U_DC_1;I_DC_1;U_DC_2;I_DC_2;U_DC_3;I_DC_3;S;E_WR;M_WR;I_AC_1;I_AC_2;I_AC_3;P_AC_1;P_AC_2;P_AC_3;F_AC_1;F_AC_2;F_AC_3;R_DC;PC;PCS;PCS_LL;COS_PHI;COS_PHI_LL;S_COS_PHI;Current_Day_Energy;current_Day_Offset;ccEnergyOfDay_WithoutOffset
60;2014-02-18 16:01:00;909402N262;161;8.258;28;232;231;234;233;0.334;50.02;522.5;0.131;564.9;0.081;661.9;0.078;60;0;0;0.300;0.407;0.297;48;62;49;50.02;50.02;50.02;6016;1000;0.0;0;0.0000;0;0;8258;8258;8258
60;2014-02-18 16:02:00;909402N262;157;8.259;28;232;231;234;233;0.340;50.03;528.6;0.126;566.2;0.079;678.5;0.074;60;0;0;0.302;0.417;0.301;47;61;48;50.03;50.03;50.03;6016;1000;0.0;0;0.0000;0;0;8259;8259;8259
60;2014-02-18 16:03:00;909402N262;154;8.262;28;232;231;234;233;0.298;50.03;527.6;0.124;564.7;0.077;689.9;0.070;60;0;0;0.276;0.344;0.274;47;57;48;50.03;50.03;50.03;6016;1000;0.0;0;0.0000;0;0;8262;8262;8262
60;2014-02-18 16:04:00;909402N262;152;8.265;28;232;231;233;233;0.304;50.03;526.5;0.124;567.0;0.075;681.6;0.071;60;0;0;0.290;0.343;0.281;49;53;48;50.03;50.03;50.03;6016;1000;0.0;0;0.0000;0;0;8265;8265;8265
60;2014-02-18 16:05:00;909402N262;175;8.268;28;232;231;234;233;0.345;50.03;532.4;0.139;572.9;0.085;692.1;0.080;60;0;0;0.307;0.410;0.319;52;66;55;50.03;50.03;50.03;6016;1000;0.0;0;0.0000;0;0;8268;8268;8268
60;2014-02-18 16:06:00;909402N262;177;8.271;28;232;230;234;233;0.334;50.02;532.3;0.138;576.3;0.086;699.1;0.081;60;0;0;0.318;0.394;0.292;56;67;53;50.02;50.02;50.02;6016;1000;0.0;0;0.0000;0;0;8271;8271;8271
60;2014-02-18 16:07:00;909402N262;156;8.274;28;232;230;234;233;0.318;50.01;527.8;0.125;564.4;0.079;683.3;0.073;60;0;0;0.278;0.384;0.292;47;59;48;50.01;50.01;50.01;6016;1000;0.0;0;0.0000;0;0;8274;8274;8274
60;2014-02-18 16:08:00;909402N262;139;8.275;28;232;230;234;233;0.312;50.01;524.5;0.113;559.7;0.070;673.4;0.066;60;0;0;0.233;0.422;0.283;38;53;46;50.01;50.01;50.01;6016;1000;0.0;0;0.0000;0;0;8275;8275;8275
60;2014-02-18 16:09:00;909402N262;129;8.278;28;232;231;234;233;0.283;50.01;523.1;0.105;565.7;0.064;671.2;0.062;60;0;0;0.249;0.353;0.247;39;48;40;50.01;50.01;50.01;6016;1000;0.0;0;0.0000;0;0;8278;8278;8278
60;2014-02-18 16:10:00;909402N262;122;8.281;28;233;231;233;233;0.288;50.01;517.3;0.102;555.0;0.062;668.7;0.059;60;0;0;0.243;0.350;0.271;35;45;39;50.01;50.01;50.01;6016;1000;0.0;0;0.0000;0;0;8281;8281;8281
60;2014-02-18 16:11:00;909402N262;132;8.282;28;232;231;233;233;0.233;50.00;519.8;0.109;555.8;0.066;698.4;0.060;60;0;0;0.230;0.239;0.230;44;43;43;50.00;50.00;50.00;6016;1000;0.0;0;0.0000;0;0;8282;8282;8282
60;2014-02-18 16:12:00;909402N262;139;8.284;28;233;231;233;233;0.295;50.01;523.3;0.112;558.6;0.070;673.6;0.066;60;0;0;0.276;0.344;0.267;45;52;41;50.01;50.01;50.01;6016;1000;0.0;0;0.0000;0;0;8284;8284;8284
60;2014-02-18 16:13:00;909402N262;115;8.287;28;233;232;233;233;0.294;50.02;516.9;0.094;553.3;0.059;663.5;0.057;60;0;0;0.241;0.379;0.264;33;47;33;50.02;50.02;50.02;6016;1000;0.0;0;0.0000;0;0;8287;8287;8287
60;2014-02-18 16:14:00;909402N262;100;8.288;28;233;232;234;233;0.308;50.02;510.9;0.084;540.2;0.051;651.5;0.049;60;0;0;0.221;0.446;0.259;21;44;33;50.02;50.02;50.02;6016;1000;0.0;0;0.0000;0;0;8288;8288;8288
60;2014-02-18 16:15:00;909402N262;95;8.289;28;233;232;234;233;0.289;50.03;504.3;0.082;530.9;0.050;655.3;0.046;60;0;0;0.224;0.385;0.258;25;35;32;50.03;50.03;50.03;6016;1000;0.0;0;0.0000;0;0;8289;8289;8289
60;2014-02-18 16:16:00;909402N262;91;8.291;28;233;232;233;233;0.285;50.03;500.5;0.080;517.4;0.048;647.0;0.046;60;0;0;0.252;0.355;0.248;25;34;30;50.03;50.03;50.03;6016;1000;0.0;0;0.0000;0;0;8291;8291;8291
60;2014-02-18 16:17:00;909402N262;82;8.292;28;233;233;233;233;0.275;50.03;499.4;0.074;532.1;0.042;649.9;0.042;60;0;0;0.296;0.301;0.230;27;27;26;50.03;50.03;50.03;6016;1000;0.0;0;0.0000;0;0;8292;8292;8292
60;2014-02-18 16:18:00;909402N262;78;8.294;28;233;233;234;233;0.289;50.03;500.9;0.071;512.1;0.042;637.6;0.041;60;0;0;0.236;0.402;0.230;15;34;27;50.03;50.03;50.03;6016;1000;0.0;0;0.0000;0;0;8294;8294;8294
60;2014-02-18 16:19:00;909402N262;78;8.296;28;231;230;232;231;0.256;50.02;497.3;0.070;514.2;0.042;638.5;0.040;60;0;0;0.125;0.448;0.195;12;45;20;50.02;50.02;50.02;6016;1000;0.0;0;0.0000;0;0;8296;8296;8296
60;2014-02-18 16:20:00;909402N262;84;8.296;28;232;231;233;233;0.292;50.02;502.8;0.076;528.1;0.043;647.9;0.042;60;0;0;0.218;0.403;0.255;27;30;26;50.02;50.02;50.02;6016;1000;0.0;0;0.0000;0;0;8296;8296;8296
60;2014-02-18 16:21:00;909402N262;102;8.299;28;232;231;233;233;0.269;50.02;513.6;0.086;545.5;0.052;664.9;0.049;60;0;0;0.236;0.340;0.233;34;38;29;50.02;50.02;50.02;6016;1000;0.0;0;0.0000;0;0;8299;8299;8299
60;2014-02-18 16:22:00;909402N262;102;8.300;28;231;230;232;232;0.282;50.03;514.3;0.085;545.6;0.053;656.9;0.050;60;0;0;0.229;0.376;0.241;31;40;28;50.03;50.03;50.03;6016;1000;0.0;0;0.0000;0;0;8300;8300;8300
60;2014-02-18 16:23:00;909402N262;102;8.302;28;231;230;232;232;0.274;50.03;514.6;0.085;545.6;0.053;657.9;0.050;60;0;0;0.229;0.362;0.232;31;41;28;50.03;50.03;50.03;6016;1000;0.0;0;0.0000;0;0;8302;8302;8302
60;2014-02-18 16:24:00;909402N262;98;8.303;28;231;230;232;231;0.263;50.02;507.1;0.084;535.5;0.050;655.8;0.047;60;0;0;0.212;0.378;0.200;27;43;25;50.02;50.02;50.02;6016;1000;0.0;0;0.0000;0;0;8303;8303;8303
60;2014-02-18 16:25:00;909402N262;93;8.305;28;231;229;232;231;0.287;50.01;504.4;0.082;533.0;0.050;651.6;0.046;60;0;0;0.223;0.405;0.233;29;36;27;50.01;50.01;50.01;6016;1000;0.0;0;0.0000;0;0;8305;8305;8305
60;2014-02-18 16:26:00;909402N262;90;8.306;28;231;229;233;232;0.277;50.03;510.2;0.078;525.0;0.047;651.4;0.044;60;0;0;0.145;0.448;0.238;18;39;30;50.03;50.03;50.03;6016;1000;0.0;0;0.0000;0;0;8306;8306;8306
60;2014-02-18 16:27:00;909402N262;95;8.309;28;231;229;233;232;0.293;50.02;508.1;0.082;530.2;0.049;651.9;0.046;60;0;0;0.218;0.404;0.259;28;34;31;50.02;50.02;50.02;6016;1000;0.0;0;0.0000;0;0;8309;8309;8309
60;2014-02-18 16:28:00;909402N262;98;8.309;28;231;230;232;232;0.285;50.02;508.5;0.084;536.5;0.051;655.8;0.048;60;0;0;0.218;0.382;0.255;29;34;33;50.02;50.02;50.02;6016;1000;0.0;0;0.0000;0;0;8309;8309;8309
60;2014-02-18 16:29:00;909402N262;94;8.311;27;231;230;232;232;0.274;50.01;504.3;0.082;532.0;0.050;652.2;0.046;60;0;0;0.216;0.378;0.229;27;41;23;50.01;50.01;50.01;6016;1000;0.0;0;0.0000;0;0;8311;8311;8311
60;2014-02-18 16:30:00;909402N262;97;8.313;27;231;230;231;232;0.245;50.02;506.6;0.084;532.2;0.050;661.7;0.046;60;0;0;0.204;0.308;0.225;27;40;28;50.02;50.02;50.02;6016;1000;0.0;0;0.0000;0;0;8313;8313;8313
60;2014-02-18 16:31:00;909402N262;89;8.315;27;232;230;232;232;0.304;50.00;504.0;0.079;511.6;0.048;638.7;0.046;60;0;0;0.227;0.434;0.251;26;41;20;50.00;50.00;50.00;6016;1000;0.0;0;0.0000;0;0;8315;8315;8315
60;2014-02-18 16:32:00;909402N262;86;8.316;27;234;232;234;234;0.289;50.02;505.5;0.075;532.5;0.043;653.6;0.043;60;0;0;0.218;0.368;0.282;27;31;25;50.02;50.02;50.02;6016;1000;0.0;0;0.0000;0;0;8316;8316;8316
60;2014-02-18 16:33:00;909402N262;81;8.317;27;234;233;234;234;0.305;50.02;499.5;0.074;530.3;0.042;647.6;0.042;60;0;0;0.192;0.461;0.263;18;41;20;50.02;50.02;50.02;6016;1000;0.0;0;0.0000;0;0;8317;8317;8317
60;2014-02-18 16:34:00;909402N262;78;8.319;27;234;233;234;234;0.295;50.02;500.7;0.070;522.2;0.042;641.5;0.041;60;0;0;0.187;0.461;0.239;15;39;23;50.02;50.02;50.02;6016;1000;0.0;0;0.0000;0;0;8319;8319;8319
60;2014-02-18 16:35:00;909402N262;66;8.320;27;234;233;235;234;0.265;50.02;496.9;0.060;511.8;0.037;630.4;0.035;60;0;0;0.145;0.410;0.240;8;32;25;50.02;50.02;50.02;6016;1000;0.0;0;0.0000;0;0;8320;8320;8320
60;2014-02-18 16:36:00;909402N262;56;8.320;27;234;233;234;234;0.237;50.00;482.5;0.054;497.3;0.031;614.8;0.031;60;0;0;0.150;0.365;0.196;8;27;19;50.00;50.00;50.00;6016;1000;0.0;0;0.0000;0;0;8320;8320;8320
60;2014-02-18 16:37:00;909402N262;49;8.321;27;234;233;234;234;0.232;50.00;481.7;0.047;479.8;0.029;623.0;0.027;60;0;0;0.171;0.374;0.151;11;27;10;50.00;50.00;50.00;6016;1000;0.0;0;0.0000;0;0;8321;8321;8321
60;2014-02-18 16:38:00;909402N262;43;8.322;27;234;233;234;234;0.211;50.01;463.8;0.045;496.6;0.023;602.4;0.023;60;0;0;0.183;0.296;0.155;8;23;11;50.01;50.01;50.01;6016;1000;0.0;0;0.0000;0;0;8322;8322;8322
60;2014-02-18 16:39:00;909402N262;37;8.323;27;234;234;233;234;0.240;50.01;468.3;0.040;480.5;0.022;593.8;0.022;60;0;0;0.284;0.243;0.194;6;26;7;50.01;50.01;50.01;6016;1000;0.0;0;0.0000;0;0;8323;8323;8323
60;2014-02-18 16:40:00;909402N262;32;8.323;27;234;234;233;234;0.210;50.01;461.7;0.037;496.4;0.019;571.0;0.019;60;0;0;0.192;0.191;0.247;6;19;8;50.01;50.01;50.01;6016;1000;0.0;0;0.0000;0;0;8323;8323;8323
60;2014-02-18 16:41:00;909402N262;35;8.324;27;234;233;233;234;0.235;50.01;474.0;0.039;487.0;0.020;580.0;0.021;60;0;0;0.210;0.171;0.326;13;12;9;50.01;50.01;50.01;6016;1000;0.0;0;0.0000;0;0;8324;8324;8324
60;2014-02-18 16:42:00;909402N262;35;8.325;27;234;233;233;234;0.230;50.01;471.0;0.039;490.8;0.020;586.7;0.021;60;0;0;0.206;0.200;0.284;11;16;8;50.01;50.01;50.01;6016;1000;0.0;0;0.0000;0;0;8325;8325;8325
60;2014-02-18 16:43:00;909402N262;34;8.325;27;233;233;233;234;0.205;50.00;467.4;0.039;502.3;0.019;580.5;0.020;60;0;0;0.202;0.149;0.265;10;14;10;50.00;50.00;50.00;6016;1000;0.0;0;0.0000;0;0;8325;8325;8325
60;2014-02-18 16:44:00;909402N262;33;8.326;27;233;233;233;234;0.195;49.99;467.3;0.037;496.7;0.019;575.3;0.019;60;0;0;0.156;0.163;0.266;6;13;13;49.99;49.99;49.99;6016;1000;0.0;0;0.0000;0;0;8326;8326;8326
60;2014-02-18 16:45:00;909402N262;29;8.326;27;234;234;234;234;0.199;50.01;471.4;0.034;481.4;0.019;562.8;0.017;60;0;0;0.183;0.227;0.187;7;16;6;50.01;50.01;50.01;6016;1000;0.0;0;0.0000;0;0;8326;8326;8326
60;2014-02-18 16:46:00;909402N262;30;8.327;27;234;233;235;234;0.207;49.99;456.0;0.036;470.4;0.019;554.4;0.019;60;0;0;0.126;0.344;0.151;6;14;10;49.99;49.99;49.99;6016;1000;0.0;0;0.0000;0;0;8327;8327;8327
60;2014-02-18 16:47:00;909402N262;32;8.327;27;234;233;235;234;0.227;50.01;462.2;0.036;495.7;0.019;565.9;0.019;60;0;0;0.100;0.390;0.192;5;10;16;50.01;50.01;50.01;6016;1000;0.0;0;0.0000;0;0;8327;8327;8327
60;2014-02-18 16:48:00;909402N262;30;8.328;27;234;233;235;234;0.205;50.00;468.3;0.035;489.3;0.019;559.9;0.019;60;0;0;0.091;0.343;0.182;6;8;17;50.00;50.00;50.00;6016;1000;0.0;0;0.0000;0;0;8328;8328;8328
60;2014-02-18 16:49:00;909402N262;28;8.329;27;234;233;235;234;0.167;50.01;469.9;0.033;478.2;0.019;533.0;0.019;60;0;0;0.103;0.275;0.123;8;12;8;50.01;50.01;50.01;6016;1000;0.0;0;0.0000;0;0;8329;8329;8329
60;2014-02-18 16:50:00;909402N262;26;8.329;27;234;233;235;234;0.151;50.01;458.2;0.031;463.2;0.019;567.0;0.015;60;0;0;0.089;0.229;0.137;6;8;14;50.01;50.01;50.01;6016;1000;0.0;0;0.0000;0;0;8329;8329;8329
60;2014-02-18 16:51:00;909402N262;29;8.329;27;234;233;234;234;0.152;50.00;467.2;0.034;478.1;0.019;570.3;0.017;60;0;0;0.081;0.236;0.141;6;11;11;50.00;50.00;50.00;6016;1000;0.0;0;0.0000;0;0;8329;8329;8329
60;2014-02-18 16:52:00;909402N262;31;8.330;27;234;233;234;234;0.176;49.98;466.3;0.035;492.3;0.019;564.7;0.019;60;0;0;0.121;0.256;0.151;11;15;5;49.98;49.98;49.98;6016;1000;0.0;0;0.0000;0;0;8330;8330;8330
60;2014-02-18 16:53:00;909402N262;25;8.330;27;234;233;234;234;0.168;49.98;455.7;0.031;469.6;0.017;539.9;0.017;60;0;0;0.095;0.242;0.168;4;14;8;49.98;49.98;49.98;6016;1000;0.0;0;0.0000;0;0;8330;8330;8330
60;2014-02-18 16:54:00;909402N262;19;8.330;27;233;232;234;234;0.146;49.97;439.7;0.027;450.2;0.014;531.4;0.012;60;0;0;0.069;0.224;0.145;7;7;6;49.97;49.97;49.97;6016;1000;0.0;0;0.0000;0;0;8330;8330;8330
60;2014-02-18 16:55:00;909402N262;19;8.331;27;234;232;235;234;0.152;49.99;440.0;0.027;449.9;0.015;532.7;0.013;60;0;0;0.068;0.249;0.139;7;3;11;49.99;49.99;49.99;6016;1000;0.0;0;0.0000;0;0;8331;8331;8331
60;2014-02-18 16:56:00;909402N262;16;8.332;27;234;232;235;234;0.140;49.99;433.6;0.024;424.4;0.013;527.9;0.011;60;0;0;0.051;0.247;0.122;5;4;8;49.99;49.99;49.99;6016;1000;0.0;0;0.0000;0;0;8332;8332;8332
60;2014-02-18 16:57:00;909402N262;14;8.332;27;234;233;234;234;0.144;49.98;428.6;0.022;407.2;0.011;525.6;0.011;60;0;0;0.090;0.208;0.136;9;4;4;49.98;49.98;49.98;6016;1000;0.0;0;0.0000;0;0;8332;8332;8332
60;2014-02-18 16:58:00;909402N262;11;8.332;27;234;233;234;234;0.113;49.99;442.8;0.019;383.6;0.010;512.4;0.008;60;0;0;0.070;0.167;0.102;6;3;3;49.99;49.99;49.99;6016;1000;0.0;0;0.0000;0;0;8332;8332;8332
60;2014-02-18 16:59:00;909402N262;10;8.332;27;234;233;234;234;0.115;50.01;436.8;0.019;403.6;0.010;507.8;0.007;60;0;0;0.065;0.156;0.126;4;2;7;50.01;50.01;50.01;6016;1000;0.0;0;0.0000;0;0;8332;8332;8332
60;2014-02-18 17:00:00;909402N262;12;8.332;27;233;233;233;234;0.118;50.01;434.8;0.021;399.2;0.011;519.4;0.009;60;0;0;0.073;0.131;0.150;5;9;1;50.01;50.01;50.01;6016;1000;0.0;0;0.0000;0;0;8332;8332;8332
[wr_ende]
