20150314;130003;danfoss;My Plant;+0100
[wr_def_start]
909402N262;Inverter Type;Inverter Group;Hanzl
[wr_def_end]
[wr]
INTERVAL;TIMESTAMP;SERIAL;P_AC;E_DAY;T_WR;U_AC;U_AC_1;U_AC_2;U_AC_3;I_AC;F_AC;U_DC_1;I_DC_1;U_DC_2;I_DC_2;U_DC_3;I_DC_3;S;E_WR;M_WR;I_AC_1;I_AC_2;I_AC_3;P_AC_1;P_AC_2;P_AC_3;F_AC_1;F_AC_2;F_AC_3;R_DC;PC;PCS;PCS_LL;COS_PHI;COS_PHI_LL;S_COS_PHI;Current_Day_Energy;current_Day_Offset;ccEnergyOfDay_WithoutOffset
60;2015-03-14 12:01:00;909402N262;1906;5.914;35;233;234;233;232;2.927;49.99;595.1;1.243;684.6;0.817;787.4;0.803;60;0;0;2.891;2.957;2.934;628;641;634;49.99;49.99;49.99;16968;1000;0.0;0;1.0000;0;2;5914;5914;5914
60;2015-03-14 12:02:00;909402N262;1981;5.948;35;233;235;234;231;3.032;49.98;596.4;1.278;686.7;0.841;795.2;0.824;60;0;0;3.008;3.074;3.016;658;670;651;49.98;49.98;49.98;16968;1000;0.0;0;1.0000;0;2;5948;5948;5948
60;2015-03-14 12:03:00;909402N262;2029;5.982;35;233;234;233;231;3.099;50.00;595.6;1.316;687.1;0.858;795.0;0.842;60;0;0;3.067;3.133;3.098;670;685;672;50.00;50.00;50.00;16968;1000;0.0;0;1.0000;0;2;5982;5982;5982
60;2015-03-14 12:04:00;909402N262;2069;6.017;35;233;233;233;232;3.153;49.99;593.7;1.351;686.9;0.872;795.0;0.859;60;0;0;3.107;3.191;3.163;679;698;690;49.99;49.99;49.99;16968;1000;0.0;0;1.0000;0;2;6017;6017;6017
60;2015-03-14 12:05:00;909402N262;2109;6.052;35;233;234;233;232;3.207;50.00;591.7;1.386;686.1;0.888;795.0;0.875;60;0;0;3.174;3.237;3.211;697;710;701;50.00;50.00;50.00;16968;1000;0.0;0;1.0000;0;2;6052;6052;6052
60;2015-03-14 12:06:00;909402N262;2151;6.088;35;233;234;233;233;3.261;50.00;590.6;1.420;685.1;0.907;795.0;0.890;60;0;0;3.213;3.293;3.278;706;723;720;50.00;50.00;50.00;16968;1000;0.0;0;1.0000;0;2;6088;6088;6088
60;2015-03-14 12:07:00;909402N262;2187;6.124;35;233;233;233;233;3.311;50.00;589.4;1.449;682.3;0.926;794.9;0.903;60;0;0;3.263;3.344;3.327;718;735;732;50.00;50.00;50.00;16968;1000;0.0;0;1.0000;0;2;6124;6124;6124
60;2015-03-14 12:08:00;909402N262;2205;6.160;35;233;233;233;234;3.331;50.01;589.1;1.464;678.9;0.939;795.1;0.909;60;0;0;3.271;3.361;3.362;719;741;743;50.01;50.01;50.01;16968;1000;0.0;0;1.0000;0;2;6160;6160;6160
60;2015-03-14 12:09:00;909402N262;2212;6.198;35;233;232;233;234;3.344;50.00;589.1;1.469;675.9;0.946;794.9;0.910;60;0;0;3.276;3.386;3.370;719;747;745;50.00;50.00;50.00;16968;1000;0.0;0;1.0000;0;2;6198;6198;6198
60;2015-03-14 12:10:00;909402N262;2214;6.234;35;233;233;233;234;3.347;50.01;588.8;1.472;673.6;0.952;795.0;0.910;60;0;0;3.286;3.382;3.374;721;745;746;50.01;50.01;50.01;16968;1000;0.0;0;1.0000;0;2;6234;6234;6234
60;2015-03-14 12:11:00;909402N262;2207;6.272;35;233;232;233;234;3.337;50.01;588.2;1.468;672.9;0.952;795.0;0.906;60;0;0;3.271;3.371;3.371;717;741;746;50.01;50.01;50.01;16968;1000;0.0;0;1.0000;0;2;6272;6272;6272
60;2015-03-14 12:12:00;909402N262;2194;6.308;35;233;234;233;233;3.317;50.00;587.7;1.461;673.0;0.947;795.1;0.899;60;0;0;3.265;3.347;3.339;718;737;736;50.00;50.00;50.00;16968;1000;0.0;0;1.0000;0;2;6308;6308;6308
60;2015-03-14 12:13:00;909402N262;2195;6.344;35;233;233;233;233;3.321;50.00;587.3;1.463;673.4;0.948;794.9;0.899;60;0;0;3.268;3.355;3.340;718;739;736;50.00;50.00;50.00;16968;1000;0.0;0;1.0000;0;2;6344;6344;6344
60;2015-03-14 12:14:00;909402N262;2199;6.381;35;234;233;234;234;3.321;50.01;587.6;1.466;673.2;0.949;795.0;0.901;60;0;0;3.258;3.361;3.346;715;743;739;50.01;50.01;50.01;16968;1000;0.0;0;1.0000;0;2;6381;6381;6381
60;2015-03-14 12:15:00;909402N262;2198;6.418;35;233;233;234;233;3.324;49.99;587.9;1.465;673.6;0.948;795.0;0.901;60;0;0;3.267;3.363;3.342;718;742;736;49.99;49.99;49.99;16968;1000;0.0;0;1.0000;0;2;6418;6418;6418
60;2015-03-14 12:16:00;909402N262;2174;6.454;35;233;233;234;233;3.286;50.00;583.7;1.468;656.0;0.953;789.1;0.903;60;0;0;3.234;3.328;3.296;710;735;727;50.00;50.00;50.00;16968;1000;0.0;0;1.0000;0;2;6454;6454;6454
60;2015-03-14 12:17:00;909402N262;2202;6.491;35;233;233;234;233;3.310;50.00;587.9;1.468;672.7;0.950;795.5;0.902;60;0;0;3.251;3.360;3.320;717;747;736;50.00;50.00;50.00;16968;1000;0.0;0;1.0000;0;2;6491;6491;6491
60;2015-03-14 12:18:00;909402N262;2206;6.527;35;234;233;234;233;3.313;50.01;588.0;1.471;672.5;0.951;795.4;0.903;60;0;0;3.268;3.353;3.318;722;747;735;50.01;50.01;50.01;16968;1000;0.0;0;1.0000;0;2;6527;6527;6527
60;2015-03-14 12:19:00;909402N262;2207;6.565;35;234;233;234;234;3.314;50.01;588.2;1.472;672.7;0.952;795.4;0.902;60;0;0;3.259;3.356;3.329;719;746;739;50.01;50.01;50.01;16968;1000;0.0;0;1.0000;0;2;6565;6565;6565
60;2015-03-14 12:20:00;909402N262;2200;6.601;35;234;234;234;234;3.305;50.01;588.3;1.467;672.9;0.949;795.5;0.899;60;0;0;3.256;3.346;3.314;719;743;735;50.01;50.01;50.01;16968;1000;0.0;0;1.0000;0;2;6601;6601;6601
60;2015-03-14 12:21:00;909402N262;2192;6.637;35;234;234;234;234;3.294;50.01;588.5;1.461;673.5;0.945;795.4;0.895;60;0;0;3.247;3.328;3.308;717;739;734;50.01;50.01;50.01;16968;1000;0.0;0;1.0000;0;2;6637;6637;6637
60;2015-03-14 12:22:00;909402N262;2200;6.675;35;234;233;234;235;3.303;50.02;588.6;1.467;674.6;0.947;795.4;0.899;60;0;0;3.240;3.339;3.331;714;741;742;50.02;50.02;50.02;16968;1000;0.0;0;1.0000;0;2;6675;6675;6675
60;2015-03-14 12:23:00;909402N262;2229;6.711;35;234;234;234;234;3.340;50.02;588.8;1.484;675.3;0.959;795.4;0.911;60;0;0;3.286;3.373;3.362;728;751;749;50.02;50.02;50.02;16968;1000;0.0;0;1.0000;0;2;6711;6711;6711
60;2015-03-14 12:24:00;909402N262;2264;6.749;35;234;233;233;235;3.393;50.01;588.7;1.507;675.0;0.975;795.3;0.927;60;0;0;3.334;3.413;3.432;738;759;767;50.01;50.01;50.01;16968;1000;0.0;0;1.0000;0;2;6749;6749;6749
60;2015-03-14 12:25:00;909402N262;2316;6.788;35;234;234;234;234;3.461;50.01;588.9;1.541;676.9;0.996;795.1;0.950;60;0;0;3.403;3.493;3.487;756;779;779;50.01;50.01;50.01;16968;1000;0.0;0;1.0000;0;2;6788;6788;6788
60;2015-03-14 12:26:00;909402N262;2376;6.827;35;234;234;235;234;3.544;50.02;588.9;1.579;679.6;1.017;794.8;0.975;60;0;0;3.491;3.584;3.558;777;803;794;50.02;50.02;50.02;16968;1000;0.0;0;1.0000;0;2;6827;6827;6827
60;2015-03-14 12:27:00;909402N262;2438;6.868;35;234;234;234;233;3.630;50.01;588.6;1.620;681.4;1.040;794.8;1.001;60;0;0;3.579;3.681;3.632;798;827;811;50.01;50.01;50.01;16968;1000;0.0;0;1.0000;0;2;6868;6868;6868
60;2015-03-14 12:28:00;909402N262;2496;6.910;35;234;234;234;233;3.709;50.00;588.2;1.662;681.4;1.064;794.9;1.026;60;0;0;3.655;3.753;3.720;817;844;833;50.00;50.00;50.00;16968;1000;0.0;0;1.0000;0;2;6910;6910;6910
60;2015-03-14 12:29:00;909402N262;2538;6.953;35;234;234;234;233;3.766;50.02;588.0;1.693;681.8;1.080;794.9;1.043;60;0;0;3.717;3.796;3.786;832;853;850;50.02;50.02;50.02;16968;1000;0.0;0;1.0000;0;2;6953;6953;6953
60;2015-03-14 12:30:00;909402N262;2565;6.995;36;234;234;234;234;3.799;50.01;588.1;1.714;682.1;1.088;794.9;1.054;60;0;0;3.743;3.831;3.824;839;863;860;50.01;50.01;50.01;16968;1000;0.0;0;1.0000;0;2;6995;6995;6995
60;2015-03-14 12:31:00;909402N262;2569;7.039;36;233;232;234;234;3.812;50.01;584.0;1.738;668.1;1.101;792.0;1.069;60;0;0;3.744;3.854;3.839;835;867;865;50.01;50.01;50.01;16968;1000;0.0;0;1.0000;0;2;7039;7039;7039
60;2015-03-14 12:32:00;909402N262;2635;7.082;36;234;234;234;233;3.895;49.98;588.4;1.764;681.5;1.116;795.0;1.083;60;0;0;3.846;3.931;3.908;865;888;880;49.98;49.98;49.98;16968;1000;0.0;0;1.0000;0;2;7082;7082;7082
60;2015-03-14 12:33:00;909402N262;2670;7.127;36;234;234;234;234;3.940;49.98;588.1;1.788;679.9;1.133;795.1;1.097;60;0;0;3.880;3.972;3.968;873;897;898;49.98;49.98;49.98;16968;1000;0.0;0;1.0000;0;2;7127;7127;7127
60;2015-03-14 12:34:00;909402N262;2701;7.172;36;233;233;232;235;3.996;50.00;587.7;1.810;680.8;1.146;795.0;1.111;60;0;0;3.930;4.009;4.049;882;899;918;50.00;50.00;50.00;16968;1000;0.0;0;1.0000;0;2;7172;7172;7172
60;2015-03-14 12:35:00;909402N262;2729;7.216;36;232;231;231;233;4.055;49.98;587.2;1.830;682.0;1.156;795.2;1.122;60;0;0;4.000;4.062;4.104;894;908;926;49.98;49.98;49.98;16968;1000;0.0;0;1.0000;0;2;7216;7216;7216
60;2015-03-14 12:36:00;909402N262;2760;7.263;36;232;231;232;232;4.096;49.99;586.5;1.853;682.5;1.168;795.1;1.135;60;0;0;4.024;4.136;4.129;898;930;931;49.99;49.99;49.99;16968;1000;0.0;0;1.0000;0;2;7263;7263;7263
60;2015-03-14 12:37:00;909402N262;2785;7.310;36;232;232;233;232;4.121;50.00;586.3;1.871;682.4;1.178;794.9;1.146;60;0;0;4.057;4.165;4.143;911;938;934;50.00;50.00;50.00;16968;1000;0.0;0;1.0000;0;2;7310;7310;7310
60;2015-03-14 12:38:00;909402N262;2820;7.356;36;232;232;232;231;4.180;49.99;586.1;1.897;682.5;1.191;794.9;1.159;60;0;0;4.138;4.216;4.187;930;948;939;49.99;49.99;49.99;16968;1000;0.0;0;1.0000;0;2;7356;7356;7356
60;2015-03-14 12:39:00;909402N262;2868;7.404;36;232;232;232;231;4.251;50.00;586.1;1.934;682.5;1.211;794.8;1.179;60;0;0;4.209;4.283;4.262;945;964;957;50.00;50.00;50.00;16968;1000;0.0;0;1.0000;0;2;7404;7404;7404
60;2015-03-14 12:40:00;909402N262;2936;7.453;36;231;231;231;232;4.346;50.00;586.1;1.982;682.9;1.236;794.9;1.208;60;0;0;4.284;4.370;4.384;960;983;990;50.00;50.00;50.00;16968;1000;0.0;0;1.0000;0;2;7453;7453;7453
60;2015-03-14 12:41:00;909402N262;3005;7.503;36;232;232;232;233;4.426;50.01;586.2;2.030;683.4;1.262;794.9;1.237;60;0;0;4.376;4.450;4.453;987;1007;1009;50.01;50.01;50.01;16968;1000;0.0;0;1.0000;0;2;7503;7503;7503
60;2015-03-14 12:42:00;909402N262;3062;7.554;36;232;232;232;232;4.512;50.03;585.6;2.075;683.4;1.284;795.0;1.260;60;0;0;4.466;4.535;4.536;1008;1025;1027;50.03;50.03;50.03;16968;1000;0.0;0;1.0000;0;2;7554;7554;7554
60;2015-03-14 12:43:00;909402N262;3130;7.606;36;232;232;232;233;4.600;50.03;584.8;2.125;683.5;1.312;794.9;1.287;60;0;0;4.556;4.619;4.625;1032;1045;1051;50.03;50.03;50.03;16968;1000;0.0;0;1.0000;0;2;7606;7606;7606
60;2015-03-14 12:44:00;909402N262;3196;7.660;36;232;232;232;233;4.694;50.03;583.9;2.174;684.0;1.340;795.3;1.314;60;0;0;4.647;4.721;4.714;1053;1071;1071;50.03;50.03;50.03;16968;1000;0.0;0;1.0000;0;2;7660;7660;7660
60;2015-03-14 12:45:00;909402N262;3237;7.714;36;232;231;232;232;4.758;50.00;583.9;2.203;683.7;1.356;795.2;1.330;60;0;0;4.703;4.787;4.784;1062;1085;1087;50.00;50.00;50.00;16968;1000;0.0;0;1.0000;0;2;7714;7714;7714
60;2015-03-14 12:46:00;909402N262;3218;7.767;36;232;232;232;232;4.734;50.01;576.2;2.222;676.3;1.361;794.4;1.336;60;0;0;4.682;4.774;4.748;1059;1083;1075;50.01;50.01;50.01;16968;1000;0.0;0;1.0000;0;2;7767;7767;7767
60;2015-03-14 12:47:00;909402N262;3265;7.822;36;232;232;232;231;4.803;50.02;582.9;2.234;682.7;1.366;795.2;1.339;60;0;0;4.750;4.855;4.805;1076;1102;1085;50.02;50.02;50.02;16968;1000;0.0;0;1.0000;0;2;7822;7822;7822
60;2015-03-14 12:48:00;909402N262;3275;7.876;36;231;232;232;230;4.823;50.02;582.3;2.249;682.6;1.367;795.3;1.343;60;0;0;4.779;4.880;4.812;1081;1108;1085;50.02;50.02;50.02;16968;1000;0.0;0;1.0000;0;2;7876;7876;7876
60;2015-03-14 12:49:00;909402N262;3294;7.932;36;231;232;232;230;4.851;49.99;581.9;2.268;682.1;1.374;795.2;1.349;60;0;0;4.812;4.899;4.843;1089;1111;1092;49.99;49.99;49.99;16968;1000;0.0;0;1.0000;0;2;7932;7932;7932
60;2015-03-14 12:50:00;909402N262;3328;7.987;36;231;232;232;230;4.899;49.99;581.4;2.294;682.2;1.387;795.2;1.363;60;0;0;4.863;4.942;4.894;1101;1120;1105;49.99;49.99;49.99;16968;1000;0.0;0;1.0000;0;2;7987;7987;7987
60;2015-03-14 12:51:00;909402N262;3367;8.042;36;231;231;232;230;4.958;50.01;581.5;2.324;682.9;1.402;795.2;1.379;60;0;0;4.907;5.006;4.961;1110;1135;1120;50.01;50.01;50.01;16968;1000;0.0;0;1.0000;0;2;8042;8042;8042
60;2015-03-14 12:52:00;909402N262;3383;8.099;36;231;231;231;231;4.978;50.01;581.8;2.335;683.1;1.406;795.1;1.385;60;0;0;4.921;5.026;4.987;1113;1139;1129;50.01;50.01;50.01;16968;1000;0.0;0;1.0000;0;2;8099;8099;8099
60;2015-03-14 12:53:00;909402N262;3393;8.156;36;231;232;231;231;4.989;50.01;582.1;2.343;683.2;1.408;795.1;1.389;60;0;0;4.943;5.035;4.991;1120;1141;1129;50.01;50.01;50.01;16968;1000;0.0;0;1.0000;0;2;8156;8156;8156
60;2015-03-14 12:54:00;909402N262;3392;8.212;36;231;232;231;231;4.986;50.01;582.2;2.341;683.4;1.407;795.1;1.389;60;0;0;4.952;5.023;4.983;1122;1139;1129;50.01;50.01;50.01;16968;1000;0.0;0;1.0000;0;2;8212;8212;8212
60;2015-03-14 12:55:00;909402N262;3382;8.269;36;232;232;232;231;4.965;50.01;582.4;2.334;683.4;1.402;795.2;1.385;60;0;0;4.917;5.013;4.965;1117;1138;1125;50.01;50.01;50.01;16968;1000;0.0;0;1.0000;0;2;8269;8269;8269
60;2015-03-14 12:56:00;909402N262;3368;8.325;36;232;232;233;232;4.938;50.01;582.4;2.321;682.8;1.399;795.2;1.379;60;0;0;4.889;4.988;4.939;1109;1135;1121;50.01;50.01;50.01;16968;1000;0.0;0;1.0000;0;2;8325;8325;8325
60;2015-03-14 12:57:00;909402N262;3346;8.381;36;232;232;232;231;4.915;50.00;582.9;2.303;681.1;1.396;795.1;1.370;60;0;0;4.869;4.964;4.913;1103;1129;1113;50.00;50.00;50.00;16968;1000;0.0;0;1.0000;0;2;8381;8381;8381
60;2015-03-14 12:58:00;909402N262;3343;8.436;36;231;231;232;231;4.920;50.01;583.4;2.299;681.2;1.395;795.2;1.369;60;0;0;4.863;4.972;4.926;1099;1128;1113;50.01;50.01;50.01;16968;1000;0.0;0;1.0000;0;2;8436;8436;8436
60;2015-03-14 12:59:00;909402N262;3362;8.493;36;231;231;232;231;4.953;50.00;583.6;2.314;682.5;1.399;795.1;1.376;60;0;0;4.899;5.000;4.960;1106;1133;1121;50.00;50.00;50.00;16968;1000;0.0;0;1.0000;0;2;8493;8493;8493
60;2015-03-14 13:00:00;909402N262;3432;8.550;36;232;233;232;231;5.033;49.98;583.8;2.362;682.3;1.427;795.2;1.405;60;0;0;4.989;5.078;5.033;1134;1154;1142;49.98;49.98;49.98;16968;1000;0.0;0;1.0000;0;2;8550;8550;8550
[wr_ende]
