20140910;150000;danfoss;My Plant;+0100
[wr_def_start]
909402N262;Inverter Type;Inverter Group;Hanzl
[wr_def_end]
[wr]
INTERVAL;TIMESTAMP;SERIAL;P_AC;E_DAY;T_WR;U_AC;U_AC_1;U_AC_2;U_AC_3;I_AC;F_AC;U_DC_1;I_DC_1;U_DC_2;I_DC_2;U_DC_3;I_DC_3;S;E_WR;M_WR;I_AC_1;I_AC_2;I_AC_3;P_AC_1;P_AC_2;P_AC_3;F_AC_1;F_AC_2;F_AC_3;R_DC;PC;PCS;PCS_LL;COS_PHI;COS_PHI_LL;S_COS_PHI;Current_Day_Energy;current_Day_Offset;ccEnergyOfDay_WithoutOffset
60;2014-09-10 14:01:00;909402N262;1382;11.538;43;233;233;233;234;2.090;50.00;561.1;1.119;611.1;0.606;765.8;0.518;60;0;0;2.047;2.120;2.104;451;470;464;50.00;50.00;50.00;4205;1000;0.0;0;0.0000;0;0;11538;11538;11538
60;2014-09-10 14:02:00;909402N262;1424;11.562;43;233;233;233;234;2.123;49.99;564.7;1.140;628.4;0.609;767.8;0.527;60;0;0;2.080;2.157;2.134;463;482;477;49.99;49.99;49.99;4205;1000;0.0;0;0.0000;0;0;11562;11562;11562
60;2014-09-10 14:03:00;909402N262;1433;11.586;43;233;234;232;234;2.136;49.98;564.3;1.148;628.4;0.613;767.9;0.529;60;0;0;2.092;2.164;2.154;466;481;483;49.98;49.98;49.98;4205;1000;0.0;0;0.0000;0;0;11586;11586;11586
60;2014-09-10 14:04:00;909402N262;1429;11.609;43;233;233;232;234;2.130;49.98;564.5;1.146;628.1;0.614;769.5;0.525;60;0;0;2.086;2.159;2.147;465;480;482;49.98;49.98;49.98;4205;1000;0.0;0;0.0000;0;0;11609;11609;11609
60;2014-09-10 14:05:00;909402N262;1432;11.633;43;233;233;232;234;2.135;49.97;564.6;1.151;628.9;0.614;770.0;0.524;60;0;0;2.088;2.168;2.151;465;482;482;49.97;49.97;49.97;4205;1000;0.0;0;0.0000;0;0;11633;11633;11633
60;2014-09-10 14:06:00;909402N262;1444;11.657;43;233;233;233;234;2.151;49.98;563.7;1.163;629.3;0.618;769.2;0.529;60;0;0;2.103;2.185;2.166;469;488;486;49.98;49.98;49.98;4205;1000;0.0;0;0.0000;0;0;11657;11657;11657
60;2014-09-10 14:07:00;909402N262;1474;11.683;43;234;234;233;234;2.192;49.99;562.5;1.191;630.4;0.626;769.7;0.540;60;0;0;2.143;2.226;2.208;478;497;496;49.99;49.99;49.99;4205;1000;0.0;0;0.0000;0;0;11683;11683;11683
60;2014-09-10 14:08:00;909402N262;1512;11.707;43;234;234;233;234;2.248;50.00;561.2;1.226;629.5;0.641;770.6;0.554;60;0;0;2.200;2.288;2.257;491;511;507;50.00;50.00;50.00;4205;1000;0.0;0;0.0000;0;0;11707;11707;11707
60;2014-09-10 14:09:00;909402N262;1527;11.733;43;234;234;233;235;2.269;50.01;559.9;1.243;628.8;0.648;769.9;0.560;60;0;0;2.216;2.309;2.284;495;516;514;50.01;50.01;50.01;4205;1000;0.0;0;0.0000;0;0;11733;11733;11733
60;2014-09-10 14:10:00;909402N262;1511;11.758;43;234;234;234;235;2.245;49.99;559.1;1.233;629.0;0.640;768.7;0.554;60;0;0;2.193;2.278;2.264;491;509;509;49.99;49.99;49.99;4205;1000;0.0;0;0.0000;0;0;11758;11758;11758
60;2014-09-10 14:11:00;909402N262;1489;11.784;43;234;234;234;234;2.218;50.00;558.9;1.218;630.1;0.630;767.9;0.546;60;0;0;2.160;2.267;2.229;482;506;500;50.00;50.00;50.00;4205;1000;0.0;0;0.0000;0;0;11784;11784;11784
60;2014-09-10 14:12:00;909402N262;1489;11.808;43;234;234;234;235;2.219;50.00;559.3;1.219;629.5;0.628;766.6;0.546;60;0;0;2.152;2.274;2.233;479;507;501;50.00;50.00;50.00;4205;1000;0.0;0;0.0000;0;0;11808;11808;11808
60;2014-09-10 14:13:00;909402N262;1512;11.833;43;234;234;234;235;2.245;49.99;559.4;1.241;628.2;0.636;766.9;0.555;60;0;0;2.190;2.284;2.261;490;512;509;49.99;49.99;49.99;4205;1000;0.0;0;0.0000;0;0;11833;11833;11833
60;2014-09-10 14:14:00;909402N262;1556;11.859;43;234;234;234;234;2.307;49.99;558.9;1.281;627.8;0.651;767.7;0.573;60;0;0;2.257;2.345;2.319;506;526;522;49.99;49.99;49.99;4205;1000;0.0;0;0.0000;0;0;11859;11859;11859
60;2014-09-10 14:15:00;909402N262;1597;11.886;43;234;235;234;234;2.363;49.99;558.0;1.320;628.2;0.664;768.3;0.588;60;0;0;2.312;2.399;2.380;520;539;536;49.99;49.99;49.99;4205;1000;0.0;0;0.0000;0;0;11886;11886;11886
60;2014-09-10 14:16:00;909402N262;1593;11.912;43;234;234;234;234;2.351;49.97;553.9;1.337;607.3;0.681;768.6;0.593;60;0;0;2.307;2.380;2.366;521;537;534;49.97;49.97;49.97;4205;1000;0.0;0;0.0000;0;0;11912;11912;11912
60;2014-09-10 14:17:00;909402N262;1605;11.940;43;234;234;233;234;2.376;49.97;556.0;1.338;628.5;0.664;770.2;0.587;60;0;0;2.330;2.411;2.388;524;541;538;49.97;49.97;49.97;4205;1000;0.0;0;0.0000;0;0;11940;11940;11940
60;2014-09-10 14:18:00;909402N262;1611;11.966;43;234;235;234;234;2.382;49.97;555.5;1.348;628.4;0.666;771.1;0.588;60;0;0;2.339;2.411;2.396;526;542;540;49.97;49.97;49.97;4205;1000;0.0;0;0.0000;0;0;11966;11966;11966
60;2014-09-10 14:19:00;909402N262;1656;11.993;43;234;234;234;234;2.446;49.97;555.8;1.385;628.9;0.682;772.2;0.605;60;0;0;2.400;2.480;2.459;541;558;555;49.97;49.97;49.97;4205;1000;0.0;0;0.0000;0;0;11993;11993;11993
60;2014-09-10 14:20:00;909402N262;1712;12.023;43;234;234;234;234;2.524;49.97;557.3;1.428;629.3;0.704;772.5;0.626;60;0;0;2.476;2.563;2.535;559;579;573;49.97;49.97;49.97;4205;1000;0.0;0;0.0000;0;0;12023;12023;12023
60;2014-09-10 14:21:00;909402N262;1771;12.052;43;234;234;234;234;2.606;49.97;558.0;1.475;629.5;0.728;772.8;0.649;60;0;0;2.559;2.644;2.615;579;598;592;49.97;49.97;49.97;4205;1000;0.0;0;0.0000;0;0;12052;12052;12052
60;2014-09-10 14:22:00;909402N262;1827;12.082;43;234;234;233;234;2.683;49.98;558.8;1.519;630.3;0.748;775.3;0.668;60;0;0;2.639;2.724;2.687;598;617;609;49.98;49.98;49.98;4205;1000;0.0;0;0.0000;0;0;12082;12082;12082
60;2014-09-10 14:23:00;909402N262;1868;12.115;43;234;234;233;234;2.741;49.98;558.8;1.553;630.1;0.765;775.5;0.685;60;0;0;2.700;2.789;2.735;613;632;621;49.98;49.98;49.98;4205;1000;0.0;0;0.0000;0;0;12115;12115;12115
60;2014-09-10 14:24:00;909402N262;1865;12.145;43;234;234;233;234;2.739;49.99;558.3;1.551;630.0;0.765;775.0;0.684;60;0;0;2.696;2.788;2.734;611;632;620;49.99;49.99;49.99;4205;1000;0.0;0;0.0000;0;0;12145;12145;12145
60;2014-09-10 14:25:00;909402N262;1796;12.175;43;234;234;233;234;2.645;49.99;557.5;1.494;629.6;0.740;773.6;0.659;60;0;0;2.601;2.689;2.646;587;607;599;49.99;49.99;49.99;4205;1000;0.0;0;0.0000;0;0;12175;12175;12175
60;2014-09-10 14:26:00;909402N262;1724;12.204;43;234;234;234;234;2.543;50.00;557.0;1.431;628.8;0.714;771.1;0.633;60;0;0;2.495;2.575;2.559;561;581;579;50.00;50.00;50.00;4205;1000;0.0;0;0.0000;0;0;12204;12204;12204
60;2014-09-10 14:27:00;909402N262;1667;12.231;43;234;234;234;234;2.464;49.99;556.3;1.385;627.8;0.694;769.8;0.613;60;0;0;2.413;2.504;2.476;543;564;559;49.99;49.99;49.99;4205;1000;0.0;0;0.0000;0;0;12231;12231;12231
60;2014-09-10 14:28:00;909402N262;1616;12.258;43;234;234;233;234;2.398;50.00;556.1;1.343;627.1;0.673;769.0;0.593;60;0;0;2.343;2.433;2.420;525;545;544;50.00;50.00;50.00;4205;1000;0.0;0;0.0000;0;0;12258;12258;12258
60;2014-09-10 14:29:00;909402N262;1571;12.284;43;234;234;233;234;2.333;50.00;556.1;1.308;626.3;0.655;767.4;0.577;60;0;0;2.284;2.368;2.347;512;530;527;50.00;50.00;50.00;4205;1000;0.0;0;0.0000;0;0;12284;12284;12284
60;2014-09-10 14:30:00;909402N262;1546;12.310;43;234;234;233;234;2.300;49.99;556.6;1.287;626.0;0.643;766.9;0.567;60;0;0;2.254;2.327;2.320;504;519;521;49.99;49.99;49.99;4205;1000;0.0;0;0.0000;0;0;12310;12310;12310
60;2014-09-10 14:31:00;909402N262;1518;12.336;43;234;234;232;234;2.261;50.00;553.1;1.279;606.6;0.647;767.3;0.565;60;0;0;2.218;2.289;2.277;496;510;512;50.00;50.00;50.00;4205;1000;0.0;0;0.0000;0;0;12336;12336;12336
60;2014-09-10 14:32:00;909402N262;1538;12.362;43;234;234;233;234;2.324;50.00;557.5;1.277;627.0;0.639;767.1;0.567;60;0;0;2.278;2.360;2.335;502;518;516;50.00;50.00;50.00;4205;1000;0.0;0;0.0000;0;0;12362;12362;12362
60;2014-09-10 14:33:00;909402N262;1536;12.387;43;234;234;233;234;2.319;49.98;557.8;1.270;627.0;0.640;766.8;0.566;60;0;0;2.272;2.353;2.334;501;517;517;49.98;49.98;49.98;4205;1000;0.0;0;0.0000;0;0;12387;12387;12387
60;2014-09-10 14:34:00;909402N262;1499;12.412;43;233;234;232;234;2.268;49.98;557.8;1.238;628.1;0.625;765.6;0.552;60;0;0;2.226;2.301;2.279;490;503;504;49.98;49.98;49.98;4205;1000;0.0;0;0.0000;0;0;12412;12412;12412
60;2014-09-10 14:35:00;909402N262;1442;12.436;43;234;234;232;234;2.185;49.99;557.8;1.193;626.2;0.605;765.9;0.529;60;0;0;2.140;2.212;2.204;470;483;486;49.99;49.99;49.99;4205;1000;0.0;0;0.0000;0;0;12436;12436;12436
60;2014-09-10 14:36:00;909402N262;1393;12.460;43;234;234;233;235;2.112;50.00;557.8;1.154;625.8;0.585;764.8;0.511;60;0;0;2.067;2.142;2.129;454;468;470;50.00;50.00;50.00;4205;1000;0.0;0;0.0000;0;0;12460;12460;12460
60;2014-09-10 14:37:00;909402N262;1366;12.482;43;234;234;234;235;2.074;49.99;558.1;1.133;625.7;0.572;762.6;0.503;60;0;0;2.028;2.110;2.085;444;462;459;49.99;49.99;49.99;4205;1000;0.0;0;0.0000;0;0;12482;12482;12482
60;2014-09-10 14:38:00;909402N262;1365;12.505;43;234;234;234;235;2.072;49.99;558.6;1.133;625.6;0.570;763.5;0.503;60;0;0;2.026;2.110;2.082;443;463;458;49.99;49.99;49.99;4205;1000;0.0;0;0.0000;0;0;12505;12505;12505
60;2014-09-10 14:39:00;909402N262;1388;12.528;43;234;234;234;235;2.104;49.99;558.9;1.150;625.6;0.579;765.7;0.511;60;0;0;2.059;2.142;2.111;451;470;466;49.99;49.99;49.99;4205;1000;0.0;0;0.0000;0;0;12528;12528;12528
60;2014-09-10 14:40:00;909402N262;1416;12.552;43;234;234;234;234;2.143;49.99;558.5;1.172;626.1;0.590;769.1;0.519;60;0;0;2.094;2.184;2.153;460;480;475;49.99;49.99;49.99;4205;1000;0.0;0;0.0000;0;0;12552;12552;12552
60;2014-09-10 14:41:00;909402N262;1439;12.576;43;234;234;234;234;2.179;49.99;557.6;1.192;626.8;0.600;766.1;0.531;60;0;0;2.132;2.216;2.190;467;487;483;49.99;49.99;49.99;4205;1000;0.0;0;0.0000;0;0;12576;12576;12576
60;2014-09-10 14:42:00;909402N262;1453;12.600;43;234;234;234;234;2.199;50.01;556.6;1.205;627.3;0.606;765.8;0.536;60;0;0;2.148;2.242;2.209;471;493;487;50.01;50.01;50.01;4205;1000;0.0;0;0.0000;0;0;12600;12600;12600
60;2014-09-10 14:43:00;909402N262;1453;12.624;43;234;234;233;234;2.202;50.01;556.1;1.207;627.7;0.605;766.1;0.536;60;0;0;2.156;2.239;2.211;473;491;488;50.01;50.01;50.01;4205;1000;0.0;0;0.0000;0;0;12624;12624;12624
60;2014-09-10 14:44:00;909402N262;1440;12.648;43;233;233;233;234;2.185;50.00;555.7;1.201;627.8;0.599;767.0;0.529;60;0;0;2.140;2.220;2.195;469;486;483;50.00;50.00;50.00;4205;1000;0.0;0;0.0000;0;0;12648;12648;12648
60;2014-09-10 14:45:00;909402N262;1429;12.672;43;233;233;233;234;2.167;50.00;555.8;1.196;627.8;0.592;769.5;0.521;60;0;0;2.119;2.202;2.180;464;483;480;50.00;50.00;50.00;4205;1000;0.0;0;0.0000;0;0;12672;12672;12672
60;2014-09-10 14:46:00;909402N262;1425;12.695;43;234;234;233;234;2.141;50.01;551.0;1.207;615.2;0.600;769.3;0.525;60;0;0;2.095;2.178;2.152;463;481;478;50.01;50.01;50.01;4205;1000;0.0;0;0.0000;0;0;12695;12695;12695
60;2014-09-10 14:47:00;909402N262;1462;12.719;43;234;234;233;234;2.179;50.01;557.8;1.221;628.6;0.601;765.8;0.535;60;0;0;2.131;2.210;2.196;475;493;492;50.01;50.01;50.01;4205;1000;0.0;0;0.0000;0;0;12719;12719;12719
60;2014-09-10 14:48:00;909402N262;1471;12.745;43;234;234;233;234;2.192;50.02;558.6;1.227;629.0;0.604;766.5;0.538;60;0;0;2.146;2.223;2.207;479;495;495;50.02;50.02;50.02;4205;1000;0.0;0;0.0000;0;0;12745;12745;12745
60;2014-09-10 14:49:00;909402N262;1474;12.769;43;234;234;233;234;2.194;50.02;559.8;1.226;629.6;0.606;766.8;0.540;60;0;0;2.145;2.228;2.209;479;497;496;50.02;50.02;50.02;4205;1000;0.0;0;0.0000;0;0;12769;12769;12769
60;2014-09-10 14:50:00;909402N262;1479;12.793;43;233;234;232;234;2.203;50.01;560.6;1.225;629.6;0.609;767.2;0.541;60;0;0;2.158;2.230;2.221;482;496;499;50.01;50.01;50.01;4205;1000;0.0;0;0.0000;0;0;12793;12793;12793
60;2014-09-10 14:51:00;909402N262;1471;12.818;43;234;234;232;235;2.190;50.02;560.9;1.217;629.6;0.608;767.8;0.538;60;0;0;2.146;2.216;2.210;480;493;497;50.02;50.02;50.02;4205;1000;0.0;0;0.0000;0;0;12818;12818;12818
60;2014-09-10 14:52:00;909402N262;1453;12.843;43;234;234;232;234;2.164;50.02;560.4;1.203;629.3;0.602;767.2;0.531;60;0;0;2.120;2.193;2.179;474;488;489;50.02;50.02;50.02;4205;1000;0.0;0;0.0000;0;0;12843;12843;12843
60;2014-09-10 14:53:00;909402N262;1429;12.867;43;234;234;232;235;2.127;50.01;559.1;1.188;629.2;0.592;770.5;0.518;60;0;0;2.081;2.156;2.145;465;480;482;50.01;50.01;50.01;4205;1000;0.0;0;0.0000;0;0;12867;12867;12867
60;2014-09-10 14:54:00;909402N262;1415;12.891;43;234;234;232;235;2.108;50.01;558.2;1.182;628.6;0.585;769.4;0.513;60;0;0;2.060;2.139;2.126;459;476;478;50.01;50.01;50.01;4205;1000;0.0;0;0.0000;0;0;12891;12891;12891
60;2014-09-10 14:55:00;909402N262;1418;12.915;43;234;234;233;235;2.111;50.02;557.7;1.188;628.6;0.585;770.6;0.513;60;0;0;2.064;2.144;2.126;461;478;477;50.02;50.02;50.02;4205;1000;0.0;0;0.0000;0;0;12915;12915;12915
60;2014-09-10 14:56:00;909402N262;1447;12.938;43;234;234;233;235;2.152;50.01;557.9;1.214;629.2;0.593;770.0;0.524;60;0;0;2.107;2.184;2.167;471;487;487;50.01;50.01;50.01;4205;1000;0.0;0;0.0000;0;0;12938;12938;12938
60;2014-09-10 14:57:00;909402N262;1495;12.962;43;234;235;234;235;2.221;50.01;558.2;1.255;630.0;0.610;768.7;0.544;60;0;0;2.173;2.253;2.237;486;504;504;50.01;50.01;50.01;4205;1000;0.0;0;0.0000;0;0;12962;12962;12962
60;2014-09-10 14:58:00;909402N262;1541;12.989;43;235;235;234;235;2.282;50.02;558.9;1.290;631.4;0.627;769.0;0.562;60;0;0;2.233;2.316;2.298;501;520;518;50.02;50.02;50.02;4205;1000;0.0;0;0.0000;0;0;12989;12989;12989
60;2014-09-10 14:59:00;909402N262;1593;13.016;43;235;235;234;235;2.350;50.00;559.2;1.330;631.1;0.649;769.7;0.582;60;0;0;2.303;2.379;2.369;519;535;536;50.00;50.00;50.00;4205;1000;0.0;0;0.0000;0;0;13016;13016;13016
60;2014-09-10 15:00:00;909402N262;1624;13.042;43;235;236;234;235;2.392;50.01;559.9;1.349;631.3;0.665;770.4;0.594;60;0;0;2.346;2.422;2.410;530;546;546;50.01;50.01;50.01;4205;1000;0.0;0;0.0000;0;0;13042;13042;13042
[wr_ende]
