20140318;120002;danfoss;My Plant;+0100
[wr_def_start]
909402N262;Inverter Type;Inverter Group;Hanzl
[wr_def_end]
[wr]
INTERVAL;TIMESTAMP;SERIAL;P_AC;E_DAY;T_WR;U_AC;U_AC_1;U_AC_2;U_AC_3;I_AC;F_AC;U_DC_1;I_DC_1;U_DC_2;I_DC_2;U_DC_3;I_DC_3;S;E_WR;M_WR;I_AC_1;I_AC_2;I_AC_3;P_AC_1;P_AC_2;P_AC_3;F_AC_1;F_AC_2;F_AC_3;R_DC;PC;PCS;PCS_LL;COS_PHI;COS_PHI_LL;S_COS_PHI;Current_Day_Energy;current_Day_Offset;ccEnergyOfDay_WithoutOffset
60;2014-03-18 11:01:00;909402N262;7397;13.878;43;234;234;234;234;10.574;49.97;550.7;5.315;611.5;3.214;780.5;3.439;60;0;0;10.541;10.616;10.567;2464;2471;2462;49.97;49.97;49.97;7715;1000;0.0;0;0.0000;0;0;13878;13878;13878
60;2014-03-18 11:02:00;909402N262;8793;14.025;43;234;235;234;234;12.531;49.97;558.6;6.161;606.9;3.909;780.5;4.009;60;0;0;12.512;12.548;12.534;2931;2932;2928;49.97;49.97;49.97;7715;1000;0.0;0;0.0000;0;0;14025;14025;14025
60;2014-03-18 11:03:00;909402N262;8264;14.162;43;234;234;234;234;11.784;49.98;555.4;5.840;605.4;3.673;779.2;3.760;60;0;0;11.752;11.809;11.792;2749;2754;2754;49.98;49.98;49.98;7715;1000;0.0;0;0.0000;0;0;14162;14162;14162
60;2014-03-18 11:04:00;909402N262;8813;14.309;43;235;235;234;234;12.545;49.98;552.7;6.260;605.2;3.919;779.0;4.023;60;0;0;12.526;12.557;12.553;2936;2938;2937;49.98;49.98;49.98;7715;1000;0.0;0;0.0000;0;0;14309;14309;14309
60;2014-03-18 11:05:00;909402N262;8743;14.455;43;234;234;235;234;12.453;49.99;549.4;6.248;604.3;3.894;778.4;3.993;60;0;0;12.420;12.484;12.456;2906;2923;2912;49.99;49.99;49.99;7715;1000;0.0;0;0.0000;0;0;14455;14455;14455
60;2014-03-18 11:06:00;909402N262;8750;14.601;44;234;235;235;234;12.460;50.01;545.1;6.302;603.8;3.901;778.2;3.998;60;0;0;12.425;12.488;12.468;2910;2923;2915;50.01;50.01;50.01;7715;1000;0.0;0;0.0000;0;0;14601;14601;14601
60;2014-03-18 11:07:00;909402N262;8721;14.745;44;234;234;233;234;12.444;50.00;542.2;6.324;602.8;3.889;777.4;3.987;60;0;0;12.408;12.428;12.497;2902;2892;2925;50.00;50.00;50.00;7715;1000;0.0;0;0.0000;0;0;14745;14745;14745
60;2014-03-18 11:08:00;909402N262;8689;14.891;44;234;234;233;234;12.395;50.02;541.1;6.320;603.1;3.871;777.1;3.972;60;0;0;12.369;12.379;12.439;2893;2884;2910;50.02;50.02;50.02;7715;1000;0.0;0;0.0000;0;0;14891;14891;14891
60;2014-03-18 11:09:00;909402N262;8744;15.037;44;234;234;233;234;12.478;50.03;540.1;6.345;623.4;3.813;777.7;3.975;60;0;0;12.468;12.456;12.512;2919;2899;2925;50.03;50.03;50.03;7715;1000;0.0;0;0.0000;0;0;15037;15037;15037
60;2014-03-18 11:10:00;909402N262;8771;15.184;44;234;234;233;234;12.517;50.02;537.8;6.376;617.6;3.885;776.8;3.984;60;0;0;12.488;12.521;12.544;2921;2915;2933;50.02;50.02;50.02;7715;1000;0.0;0;0.0000;0;0;15184;15184;15184
60;2014-03-18 11:11:00;909402N262;8784;15.329;44;234;234;233;234;12.549;50.02;536.4;6.407;617.2;3.890;775.8;3.994;60;0;0;12.519;12.552;12.577;2924;2919;2939;50.02;50.02;50.02;7715;1000;0.0;0;0.0000;0;0;15329;15329;15329
60;2014-03-18 11:12:00;909402N262;8768;15.475;44;234;234;233;234;12.528;50.02;534.6;6.419;616.2;3.887;774.4;3.994;60;0;0;12.501;12.527;12.558;2920;2913;2933;50.02;50.02;50.02;7715;1000;0.0;0;0.0000;0;0;15475;15475;15475
60;2014-03-18 11:13:00;909402N262;8763;15.621;44;234;234;233;234;12.515;50.02;534.9;6.423;615.9;3.884;773.5;3.992;60;0;0;12.468;12.519;12.558;2911;2912;2938;50.02;50.02;50.02;7715;1000;0.0;0;0.0000;0;0;15621;15621;15621
60;2014-03-18 11:14:00;909402N262;8778;15.768;45;234;234;233;234;12.532;50.03;534.3;6.446;615.6;3.889;772.7;4.002;60;0;0;12.501;12.514;12.583;2921;2911;2945;50.03;50.03;50.03;7715;1000;0.0;0;0.0000;0;0;15768;15768;15768
60;2014-03-18 11:15:00;909402N262;8802;15.914;45;234;234;233;234;12.574;50.02;534.0;6.467;615.7;3.895;773.6;4.013;60;0;0;12.568;12.553;12.603;2936;2917;2946;50.02;50.02;50.02;7715;1000;0.0;0;0.0000;0;0;15914;15914;15914
60;2014-03-18 11:16:00;909402N262;8733;16.061;45;234;234;233;234;12.465;50.01;530.6;6.477;602.2;3.915;767.9;4.025;60;0;0;12.436;12.470;12.490;2902;2896;2925;50.01;50.01;50.01;7715;1000;0.0;0;0.0000;0;0;16061;16061;16061
60;2014-03-18 11:17:00;909402N262;8856;16.208;45;234;233;233;234;12.640;50.02;534.5;6.505;617.1;3.906;775.2;4.029;60;0;0;12.596;12.655;12.670;2937;2949;2968;50.02;50.02;50.02;7715;1000;0.0;0;0.0000;0;0;16208;16208;16208
60;2014-03-18 11:18:00;909402N262;8861;16.356;45;234;233;233;235;12.641;50.01;534.0;6.515;620.3;3.892;775.3;4.030;60;0;0;12.600;12.639;12.684;2939;2946;2974;50.01;50.01;50.01;7715;1000;0.0;0;0.0000;0;0;16356;16356;16356
60;2014-03-18 11:19:00;909402N262;8916;16.504;45;234;234;233;234;12.720;50.01;533.2;6.537;633.5;3.869;775.4;4.044;60;0;0;12.687;12.723;12.750;2963;2967;2984;50.02;50.01;50.01;7715;1000;0.0;0;0.0000;0;0;16504;16504;16504
60;2014-03-18 11:20:00;909402N262;8936;16.654;45;233;234;232;234;12.770;50.01;531.8;6.547;632.6;3.915;773.9;4.049;60;0;0;12.747;12.716;12.847;2977;2948;3009;50.01;50.01;50.01;7715;1000;0.0;0;0.0000;0;0;16654;16654;16654
60;2014-03-18 11:21:00;909402N262;8917;16.802;45;233;233;233;234;12.731;50.01;531.6;6.537;632.6;3.907;773.5;4.040;60;0;0;12.685;12.716;12.793;2960;2956;2999;50.01;50.01;50.01;7715;1000;0.0;0;0.0000;0;0;16802;16802;16802
60;2014-03-18 11:22:00;909402N262;8879;16.949;45;234;234;233;235;12.664;50.01;532.3;6.507;633.2;3.885;774.3;4.017;60;0;0;12.598;12.668;12.727;2941;2953;2985;50.01;50.01;50.01;7715;1000;0.0;0;0.0000;0;0;16949;16949;16949
60;2014-03-18 11:23:00;909402N262;8784;17.096;45;234;233;233;234;12.537;50.01;532.3;6.441;632.5;3.842;774.2;3.975;60;0;0;12.485;12.543;12.584;2912;2925;2946;50.01;50.01;50.01;7715;1000;0.0;0;0.0000;0;0;17096;17096;17096
60;2014-03-18 11:24:00;909402N262;8910;17.245;45;234;234;234;235;12.690;50.02;531.5;6.541;633.1;3.895;774.2;4.032;60;0;0;12.622;12.713;12.737;2948;2971;2989;50.02;50.02;50.02;7715;1000;0.0;0;0.0000;0;0;17245;17245;17245
60;2014-03-18 11:25:00;909402N262;8836;17.393;46;234;234;233;234;12.599;50.02;530.6;6.498;632.0;3.867;772.8;4.006;60;0;0;12.544;12.626;12.629;2929;2945;2959;50.02;50.02;50.02;7715;1000;0.0;0;0.0000;0;0;17393;17393;17393
60;2014-03-18 11:26:00;909402N262;8826;17.540;46;234;234;233;234;12.585;50.02;530.8;6.493;632.2;3.860;772.5;4.000;60;0;0;12.549;12.591;12.617;2933;2935;2955;50.02;50.02;50.02;7715;1000;0.0;0;0.0000;0;0;17540;17540;17540
60;2014-03-18 11:27:00;909402N262;8812;17.685;46;234;234;233;235;12.563;50.02;531.2;6.486;632.1;3.854;772.2;3.993;60;0;0;12.509;12.558;12.622;2924;2928;2959;50.02;50.02;50.02;7715;1000;0.0;0;0.0000;0;0;17685;17685;17685
60;2014-03-18 11:28:00;909402N262;9032;17.836;46;234;234;233;235;12.874;50.02;529.8;6.659;632.3;3.949;771.6;4.101;60;0;0;12.805;12.862;12.955;2993;2996;3041;50.02;50.02;50.02;7715;1000;0.0;0;0.0000;0;0;17836;17836;17836
60;2014-03-18 11:29:00;909402N262;9174;17.989;46;234;234;233;235;13.069;50.02;529.0;6.770;631.5;4.020;770.8;4.171;60;0;0;12.987;13.056;13.166;3037;3041;3094;50.02;50.02;50.02;7715;1000;0.0;0;0.0000;0;0;17989;17989;17989
60;2014-03-18 11:30:00;909402N262;9183;18.142;46;234;234;233;235;13.087;50.01;529.3;6.780;631.1;4.021;770.7;4.175;60;0;0;12.999;13.092;13.170;3035;3054;3092;50.01;50.01;50.01;7715;1000;0.0;0;0.0000;0;0;18142;18142;18142
60;2014-03-18 11:31:00;909402N262;9044;18.295;46;234;234;234;235;12.888;50.01;524.3;6.778;615.0;4.027;769.2;4.179;60;0;0;12.802;12.930;12.932;2989;3020;3032;50.01;50.01;50.01;7715;1000;0.0;0;0.0000;0;0;18295;18295;18295
60;2014-03-18 11:32:00;909402N262;9136;18.446;46;234;234;234;235;13.014;50.01;527.8;6.769;628.6;4.014;767.4;4.168;60;0;0;12.916;13.048;13.080;3013;3054;3068;50.01;50.01;50.01;7715;1000;0.0;0;0.0000;0;0;18446;18446;18446
60;2014-03-18 11:33:00;909402N262;9174;18.598;46;234;234;234;235;13.062;50.01;526.5;6.814;628.3;4.033;766.3;4.192;60;0;0;12.978;13.076;13.132;3030;3059;3083;50.01;50.01;50.01;7715;1000;0.0;0;0.0000;0;0;18598;18598;18598
60;2014-03-18 11:34:00;909402N262;9221;18.753;46;234;234;234;235;13.134;50.01;526.7;6.850;628.5;4.052;766.2;4.213;60;0;0;13.061;13.158;13.185;3050;3077;3093;50.01;50.01;50.01;7715;1000;0.0;0;0.0000;0;0;18753;18753;18753
60;2014-03-18 11:35:00;909402N262;9237;18.907;46;234;233;234;235;13.165;50.01;526.6;6.864;628.4;4.057;765.9;4.221;60;0;0;13.049;13.183;13.263;3037;3082;3116;50.01;50.01;50.01;7715;1000;0.0;0;0.0000;0;0;18907;18907;18907
60;2014-03-18 11:36:00;909402N262;9222;19.060;46;234;233;234;235;13.150;50.01;526.7;6.859;627.8;4.051;765.0;4.217;60;0;0;13.054;13.189;13.208;3039;3083;3097;50.01;50.01;50.01;7715;1000;0.0;0;0.0000;0;0;19060;19060;19060
60;2014-03-18 11:37:00;909402N262;9264;19.214;46;234;233;234;235;13.212;50.00;526.7;6.897;627.5;4.067;765.5;4.233;60;0;0;13.107;13.265;13.264;3050;3101;3111;50.00;50.00;50.00;7715;1000;0.0;0;0.0000;0;0;19214;19214;19214
60;2014-03-18 11:38:00;909402N262;9344;19.371;46;234;233;234;235;13.327;50.00;527.3;6.958;627.4;4.100;765.9;4.266;60;0;0;13.238;13.375;13.368;3082;3128;3132;50.00;50.00;50.00;7715;1000;0.0;0;0.0000;0;0;19371;19371;19371
60;2014-03-18 11:39:00;909402N262;9352;19.527;47;234;233;234;235;13.341;50.00;528.4;6.956;627.9;4.095;766.5;4.266;60;0;0;13.258;13.363;13.402;3088;3116;3145;50.00;50.00;50.00;7715;1000;0.0;0;0.0000;0;0;19527;19527;19527
60;2014-03-18 11:40:00;909402N262;9361;19.685;47;234;233;233;235;13.366;50.00;529.1;6.958;628.6;4.093;767.1;4.264;60;0;0;13.299;13.388;13.413;3096;3120;3143;50.00;50.00;50.00;7715;1000;0.0;0;0.0000;0;0;19685;19685;19685
60;2014-03-18 11:41:00;909402N262;9405;19.841;47;234;233;233;235;13.436;50.00;529.3;6.991;628.4;4.111;767.3;4.282;60;0;0;13.357;13.431;13.522;3107;3122;3175;50.00;50.00;50.00;7715;1000;0.0;0;0.0000;0;0;19841;19841;19841
60;2014-03-18 11:42:00;909402N262;9322;19.998;47;233;233;232;235;13.344;50.01;528.1;6.948;628.0;4.075;765.6;4.254;60;0;0;13.297;13.314;13.422;3094;3083;3143;50.01;50.01;50.01;7715;1000;0.0;0;0.0000;0;0;19998;19998;19998
60;2014-03-18 11:43:00;909402N262;9290;20.152;47;234;234;232;235;13.277;50.01;527.9;6.927;627.7;4.061;765.1;4.242;60;0;0;13.226;13.236;13.369;3085;3068;3135;50.01;50.01;50.01;7715;1000;0.0;0;0.0000;0;0;20152;20152;20152
60;2014-03-18 11:44:00;909402N262;9107;20.304;47;234;234;233;235;13.004;50.01;527.1;6.804;626.5;3.986;764.4;4.163;60;0;0;12.940;12.971;13.101;3017;3013;3076;50.01;50.01;50.01;7715;1000;0.0;0;0.0000;0;0;20304;20304;20304
60;2014-03-18 11:45:00;909402N262;9125;20.456;47;234;234;233;235;13.016;50.01;525.7;6.833;626.0;3.995;763.9;4.177;60;0;0;12.940;13.015;13.095;3019;3033;3071;50.01;50.01;50.01;7715;1000;0.0;0;0.0000;0;0;20456;20456;20456
60;2014-03-18 11:46:00;909402N262;9125;20.608;47;234;234;234;235;12.982;50.02;522.4;6.886;612.9;4.034;763.3;4.224;60;0;0;12.913;12.969;13.066;3017;3037;3069;50.02;50.02;50.02;7715;1000;0.0;0;0.0000;0;0;20608;20608;20608
60;2014-03-18 11:47:00;909402N262;9232;20.762;47;234;234;233;235;13.139;50.01;524.5;6.921;626.3;4.046;764.8;4.226;60;0;0;13.075;13.110;13.233;3061;3058;3112;50.01;50.01;50.01;7715;1000;0.0;0;0.0000;0;0;20762;20762;20762
60;2014-03-18 11:48:00;909402N262;9301;20.918;47;234;234;234;235;13.242;50.02;525.1;6.974;626.7;4.072;764.4;4.253;60;0;0;13.160;13.240;13.327;3078;3091;3130;50.02;50.02;50.02;7715;1000;0.0;0;0.0000;0;0;20918;20918;20918
60;2014-03-18 11:49:00;909402N262;9439;21.075;47;234;234;233;235;13.432;50.03;524.6;7.080;626.4;4.131;764.4;4.323;60;0;0;13.369;13.405;13.522;3133;3126;3179;50.03;50.03;50.03;7715;1000;0.0;0;0.0000;0;0;21075;21075;21075
60;2014-03-18 11:50:00;909402N262;9405;21.232;47;234;234;233;235;13.381;50.02;523.7;7.067;625.7;4.117;764.2;4.310;60;0;0;13.302;13.359;13.484;3116;3114;3173;50.02;50.02;50.02;7715;1000;0.0;0;0.0000;0;0;21232;21232;21232
60;2014-03-18 11:51:00;909402N262;9508;21.390;47;234;234;233;235;13.538;50.03;523.9;7.146;626.1;4.161;764.0;4.354;60;0;0;13.472;13.495;13.649;3156;3138;3212;50.03;50.03;50.03;7715;1000;0.0;0;0.0000;0;0;21390;21390;21390
60;2014-03-18 11:52:00;909402N262;9521;21.549;47;234;234;233;235;13.559;50.04;523.4;7.168;625.5;4.169;762.9;4.365;60;0;0;13.478;13.542;13.657;3152;3158;3210;50.04;50.04;50.04;7715;1000;0.0;0;0.0000;0;0;21549;21549;21549
60;2014-03-18 11:53:00;909402N262;9434;21.706;47;234;234;234;235;13.417;50.04;523.4;7.101;625.6;4.127;761.9;4.332;60;0;0;13.363;13.396;13.493;3129;3129;3173;50.04;50.04;50.04;7715;1000;0.0;0;0.0000;0;0;21706;21706;21706
60;2014-03-18 11:54:00;909402N262;9439;21.863;47;234;234;234;235;13.422;50.03;523.2;7.115;625.6;4.133;761.3;4.331;60;0;0;13.322;13.411;13.534;3111;3140;3184;50.03;50.03;50.03;7715;1000;0.0;0;0.0000;0;0;21863;21863;21863
60;2014-03-18 11:55:00;909402N262;9537;22.022;47;234;234;234;235;13.561;50.03;523.3;7.189;626.1;4.175;761.0;4.377;60;0;0;13.460;13.557;13.667;3144;3174;3217;50.03;50.03;50.03;7715;1000;0.0;0;0.0000;0;0;22022;22022;22022
60;2014-03-18 11:56:00;909402N262;9553;22.181;47;235;234;234;236;13.572;50.04;522.6;7.207;625.6;4.184;760.4;4.391;60;0;0;13.480;13.535;13.701;3153;3166;3233;50.04;50.04;50.04;7715;1000;0.0;0;0.0000;0;0;22181;22181;22181
60;2014-03-18 11:57:00;909402N262;9545;22.341;48;234;234;233;236;13.567;50.04;521.3;7.216;625.1;4.184;759.4;4.393;60;0;0;13.463;13.532;13.707;3147;3159;3237;50.04;50.04;50.04;7715;1000;0.0;0;0.0000;0;0;22341;22341;22341
60;2014-03-18 11:58:00;909402N262;9481;22.499;48;235;235;233;236;13.450;50.03;521.0;7.172;624.6;4.158;758.6;4.368;60;0;0;13.399;13.385;13.567;3150;3124;3205;50.03;50.03;50.03;7715;1000;0.0;0;0.0000;0;0;22499;22499;22499
60;2014-03-18 11:59:00;909402N262;9482;22.657;48;235;236;234;236;13.436;50.03;522.4;7.164;625.0;4.150;759.7;4.360;60;0;0;13.408;13.409;13.491;3157;3141;3182;50.03;50.03;50.03;7715;1000;0.0;0;0.0000;0;0;22657;22657;22657
60;2014-03-18 12:00:00;909402N262;9518;22.814;48;235;236;234;237;13.490;50.02;524.0;7.178;625.5;4.158;760.9;4.369;60;0;0;13.430;13.432;13.610;3161;3137;3217;50.02;50.02;50.02;7715;1000;0.0;0;0.0000;0;0;22814;22814;22814
[wr_ende]
