20150108;080000;danfoss;My Plant;+0100
[wr_def_start]
909402N262;Inverter Type;Inverter Group;Hanzl
[wr_def_end]
[wr]
INTERVAL;TIMESTAMP;SERIAL;P_AC;E_DAY;T_WR;U_AC;U_AC_1;U_AC_2;U_AC_3;I_AC;F_AC;U_DC_1;I_DC_1;U_DC_2;I_DC_2;U_DC_3;I_DC_3;S;E_WR;M_WR;I_AC_1;I_AC_2;I_AC_3;P_AC_1;P_AC_2;P_AC_3;F_AC_1;F_AC_2;F_AC_3;R_DC;PC;PCS;PCS_LL;COS_PHI;COS_PHI_LL;S_COS_PHI;Current_Day_Energy;current_Day_Offset;ccEnergyOfDay_WithoutOffset
60;2015-01-08 07:16:00;909402N262;0;0.000;0;0;0;0;0;0.000;0.07;0.3;0.000;0.2;0.000;0.2;0.000;50;0;0;0.000;0.000;0.000;0;0;0;0.07;0.07;0.07;0;1000;0.0;0;1.0000;0;2;0;0;0
60;2015-01-08 07:17:00;909402N262;0;0.000;15;233;233;234;232;0.000;49.97;228.3;0.000;219.3;0.000;227.3;0.000;50;0;0;0.000;0.000;0.000;0;0;0;49.97;49.97;49.97;0;1000;0.0;0;1.0000;0;2;0;0;0
60;2015-01-08 07:18:00;909402N262;0;0.000;15;233;232;234;232;0.000;49.97;228.5;0.000;227.0;0.000;228.6;0.000;50;0;0;0.000;0.000;0.000;0;0;0;49.97;49.97;49.97;0;1000;0.0;0;1.0000;0;2;0;0;0
60;2015-01-08 07:19:00;909402N262;0;0.000;16;233;232;234;231;0.000;49.96;228.7;0.000;228.1;0.000;228.7;0.000;50;0;0;0.000;0.000;0.000;0;0;0;49.96;49.96;49.96;0;1000;0.0;0;1.0000;0;2;0;0;0
60;2015-01-08 07:20:00;909402N262;0;0.000;17;233;232;235;231;0.000;49.95;229.0;0.000;228.4;0.000;229.1;0.000;50;0;0;0.000;0.000;0.000;0;0;0;49.95;49.95;49.95;0;1000;0.0;0;1.0000;0;2;0;0;0
60;2015-01-08 07:21:00;909402N262;0;0.000;17;233;232;235;231;0.000;49.95;228.0;0.000;227.3;0.000;227.8;0.000;50;0;0;0.000;0.000;0.000;0;0;0;49.95;49.95;49.95;0;1000;0.0;0;1.0000;0;2;0;0;0
60;2015-01-08 07:22:00;909402N262;0;0.000;18;233;232;235;232;0.000;49.94;229.8;0.000;229.2;0.000;229.6;0.000;50;0;0;0.000;0.000;0.000;0;0;0;49.94;49.94;49.94;0;1000;0.0;0;1.0000;0;2;0;0;0
60;2015-01-08 07:23:00;909402N262;0;0.000;18;233;233;234;231;0.000;49.94;230.2;0.000;229.6;0.000;230.2;0.000;50;0;0;0.000;0.000;0.000;0;0;0;49.94;49.94;49.94;0;1000;0.0;0;1.0000;0;2;0;0;0
60;2015-01-08 07:24:00;909402N262;0;0.000;18;233;232;234;231;0.000;49.94;231.0;0.000;230.4;0.000;230.9;0.000;50;0;0;0.000;0.000;0.000;0;0;0;49.94;49.94;49.94;0;1000;0.0;0;1.0000;0;2;0;0;0
60;2015-01-08 07:25:00;909402N262;0;0.000;19;232;232;234;231;0.000;49.95;228.6;0.000;228.0;0.000;228.9;0.000;50;0;0;0.000;0.000;0.000;0;0;0;49.95;49.95;49.95;0;1000;0.0;0;1.0000;0;2;0;0;0
60;2015-01-08 07:26:00;909402N262;0;0.000;19;232;232;234;231;0.000;49.97;232.4;0.000;231.8;0.000;232.4;0.000;50;0;0;0.000;0.000;0.000;0;0;0;49.97;49.97;49.97;0;1000;0.0;0;1.0000;0;2;0;0;0
60;2015-01-08 07:27:00;909402N262;0;0.000;19;232;232;233;231;0.000;49.97;237.9;0.000;237.3;0.000;237.9;0.000;50;0;0;0.000;0.000;0.000;0;0;0;49.97;49.97;49.97;0;1000;0.0;0;1.0000;0;2;0;0;0
60;2015-01-08 07:28:00;909402N262;0;0.000;19;232;232;234;231;0.000;49.96;226.8;0.000;226.2;0.000;227.2;0.000;50;0;0;0.000;0.000;0.000;0;0;0;49.96;49.96;49.96;0;1000;0.0;0;1.0000;0;2;0;0;0
60;2015-01-08 07:29:00;909402N262;0;0.000;19;232;232;234;231;0.000;49.97;230.5;0.000;229.9;0.000;230.4;0.000;50;0;0;0.000;0.000;0.000;0;0;0;49.97;49.97;49.97;0;1000;0.0;0;1.0000;0;2;0;0;0
60;2015-01-08 07:30:00;909402N262;0;0.000;19;232;232;234;231;0.000;49.97;232.5;0.000;231.8;0.000;232.3;0.000;50;0;0;0.000;0.000;0.000;0;0;0;49.97;49.97;49.97;0;1000;0.0;0;1.0000;0;2;0;0;0
60;2015-01-08 07:31:00;909402N262;0;0.000;19;233;232;234;231;0.000;49.99;237.7;0.000;237.1;0.000;237.7;0.000;50;0;0;0.000;0.000;0.000;0;0;0;49.99;49.99;49.99;0;1000;0.0;0;1.0000;0;2;0;0;0
60;2015-01-08 07:32:00;909402N262;0;0.000;20;232;232;234;231;0.000;49.97;244.9;0.000;244.3;0.000;245.0;0.000;50;0;0;0.000;0.000;0.000;0;0;0;49.97;49.97;49.97;0;1000;0.0;0;1.0000;0;2;0;0;0
60;2015-01-08 07:33:00;909402N262;0;0.000;20;232;232;234;231;0.000;49.98;250.4;0.000;250.0;0.000;250.4;0.000;50;0;0;0.000;0.000;0.000;0;0;0;49.98;49.98;49.98;0;1000;0.0;0;1.0000;0;2;0;0;0
60;2015-01-08 07:34:00;909402N262;0;0.000;20;232;231;234;230;0.001;49.97;266.5;0.000;265.9;0.000;266.0;0.000;50;0;0;0.001;0.001;0.001;0;0;0;49.97;49.97;49.97;0;1000;0.0;0;1.0000;0;2;0;0;0
60;2015-01-08 07:35:00;909402N262;0;0.000;20;232;231;233;231;0.002;49.97;508.7;0.000;478.3;0.000;520.8;0.000;51;0;0;0.002;0.003;0.002;0;0;0;49.97;49.97;49.97;353;1000;0.0;0;1.0000;0;2;0;0;0
60;2015-01-08 07:36:00;909402N262;2;0.000;20;231;230;232;231;0.319;49.98;438.4;0.006;382.7;0.004;408.1;0.005;60;0;0;0.262;0.415;0.281;1;18;0;49.98;49.98;49.98;916;1000;0.0;0;1.0000;0;2;0;0;0
60;2015-01-08 07:37:00;909402N262;5;0.000;20;232;231;233;232;0.559;49.97;461.1;0.011;399.6;0.006;342.8;0.007;60;0;0;0.341;0.810;0.526;6;7;7;49.97;49.97;49.97;916;1000;0.0;0;1.0000;0;2;0;0;0
60;2015-01-08 07:38:00;909402N262;9;0.000;20;232;231;233;232;0.497;49.98;475.3;0.014;345.7;0.007;469.3;0.007;60;0;0;0.293;0.724;0.476;8;19;4;49.98;49.98;49.98;916;1000;0.0;0;1.0000;0;2;0;0;0
60;2015-01-08 07:39:00;909402N262;14;0.000;20;232;231;233;232;0.590;49.97;488.1;0.017;432.6;0.008;521.9;0.009;60;0;0;0.334;0.827;0.609;16;9;10;49.97;49.97;49.97;916;1000;0.0;0;1.0000;0;2;0;0;0
60;2015-01-08 07:40:00;909402N262;20;0.000;20;232;231;233;232;0.561;49.96;479.3;0.022;491.7;0.010;559.5;0.011;60;0;0;0.318;0.836;0.531;10;8;24;49.96;49.96;49.96;916;1000;0.0;0;1.0000;0;2;0;0;0
60;2015-01-08 07:41:00;909402N262;23;0.000;20;231;230;233;232;0.556;49.96;474.5;0.025;506.8;0.011;520.5;0.011;60;0;0;0.315;0.834;0.521;12;3;29;49.96;49.96;49.96;916;1000;0.0;0;1.0000;0;2;0;0;0
60;2015-01-08 07:42:00;909402N262;23;0.001;20;232;231;232;232;0.574;49.97;474.1;0.027;458.1;0.013;516.4;0.015;60;0;0;0.365;0.834;0.523;6;10;24;49.97;49.97;49.97;916;1000;0.0;0;1.0000;0;2;1;1;1
60;2015-01-08 07:43:00;909402N262;25;0.001;20;232;231;232;232;0.507;49.95;480.8;0.027;453.2;0.015;521.9;0.015;60;0;0;0.308;0.760;0.454;8;6;25;49.95;49.95;49.95;916;1000;0.0;0;1.0000;0;2;1;1;1
60;2015-01-08 07:44:00;909402N262;30;0.001;20;232;231;232;232;0.556;49.96;509.0;0.029;481.0;0.015;549.3;0.015;60;0;0;0.364;0.783;0.522;13;10;21;49.96;49.96;49.96;916;1000;0.0;0;1.0000;0;2;1;1;1
60;2015-01-08 07:45:00;909402N262;37;0.003;20;231;230;232;232;0.549;49.98;508.1;0.036;458.2;0.020;572.9;0.018;60;0;0;0.335;0.813;0.500;15;7;24;49.98;49.98;49.98;916;1000;0.0;0;1.0000;0;2;3;3;3
60;2015-01-08 07:46:00;909402N262;45;0.003;21;231;231;232;232;0.555;49.98;520.5;0.041;483.7;0.023;609.7;0.022;60;0;0;0.400;0.772;0.493;11;27;15;49.98;49.98;49.98;916;1000;0.0;0;1.0000;0;2;3;3;3
60;2015-01-08 07:47:00;909402N262;54;0.004;21;231;231;232;231;0.613;49.97;535.2;0.047;511.1;0.027;600.0;0.026;60;0;0;0.554;0.797;0.489;5;46;12;49.97;49.97;49.97;916;1000;0.0;0;1.0000;0;2;4;4;4
60;2015-01-08 07:48:00;909402N262;66;0.004;21;231;231;232;231;0.585;49.98;541.6;0.056;518.3;0.034;629.8;0.029;60;0;0;0.487;0.809;0.461;8;46;16;49.98;49.98;49.98;916;1000;0.0;0;1.0000;0;2;4;4;4
60;2015-01-08 07:49:00;909402N262;83;0.006;21;232;231;232;232;0.522;49.98;551.2;0.068;528.1;0.041;636.7;0.036;60;0;0;0.421;0.716;0.431;12;50;26;49.98;49.98;49.98;916;1000;0.0;0;1.0000;0;2;6;6;6
60;2015-01-08 07:50:00;909402N262;102;0.007;21;232;232;232;231;0.432;49.98;558.6;0.080;560.5;0.048;653.5;0.042;60;0;0;0.373;0.612;0.313;16;60;28;49.98;49.98;49.98;916;1000;0.0;0;1.0000;0;2;7;7;7
60;2015-01-08 07:51:00;909402N262;119;0.010;21;231;232;232;231;0.272;49.97;560.9;0.092;587.6;0.054;682.4;0.047;60;0;0;0.275;0.306;0.235;36;44;38;49.97;49.97;49.97;916;1000;0.0;0;1.0000;0;2;10;10;10
60;2015-01-08 07:52:00;909402N262;131;0.013;21;231;231;232;231;0.237;49.96;551.9;0.103;569.7;0.062;697.4;0.053;60;0;0;0.239;0.241;0.231;43;44;43;49.96;49.96;49.96;916;1000;0.0;0;1.0000;0;2;13;13;13
60;2015-01-08 07:53:00;909402N262;140;0.015;21;231;231;232;231;0.237;49.98;554.7;0.110;603.5;0.063;732.3;0.053;60;0;0;0.240;0.239;0.234;46;47;46;49.98;49.98;49.98;916;1000;0.0;0;1.0000;0;2;15;15;15
60;2015-01-08 07:54:00;909402N262;147;0.017;21;231;231;232;231;0.256;49.96;520.6;0.123;609.6;0.065;706.8;0.057;60;0;0;0.224;0.309;0.237;42;58;45;49.97;49.97;49.97;916;1000;0.0;0;1.0000;0;2;17;17;17
60;2015-01-08 07:55:00;909402N262;149;0.020;21;231;231;232;231;0.262;49.97;533.8;0.123;570.6;0.071;711.8;0.058;60;0;0;0.218;0.320;0.249;42;58;48;49.97;49.97;49.97;916;1000;0.0;0;1.0000;0;2;20;20;20
60;2015-01-08 07:56:00;909402N262;155;0.022;21;231;231;232;231;0.270;49.97;538.1;0.126;581.8;0.072;715.6;0.059;60;0;0;0.251;0.296;0.265;48;55;51;49.97;49.97;49.97;916;1000;0.0;0;1.0000;0;2;22;22;22
60;2015-01-08 07:57:00;909402N262;163;0.025;21;231;231;231;231;0.309;49.97;537.6;0.133;611.5;0.073;694.3;0.064;60;0;0;0.291;0.361;0.277;50;62;49;49.97;49.97;49.97;916;1000;0.0;0;1.0000;0;2;25;25;25
60;2015-01-08 07:58:00;909402N262;172;0.028;21;231;231;232;231;0.348;49.99;575.3;0.133;591.7;0.079;695.9;0.068;60;0;0;0.329;0.414;0.302;55;65;51;49.99;49.99;49.99;916;1000;0.0;0;1.0000;0;2;28;28;28
60;2015-01-08 07:59:00;909402N262;182;0.031;21;232;231;232;232;0.322;49.99;574.8;0.141;560.9;0.088;727.9;0.069;60;0;0;0.306;0.369;0.291;58;67;56;49.99;49.99;49.99;916;1000;0.0;0;1.0000;0;2;31;31;31
60;2015-01-08 08:00:00;909402N262;194;0.034;21;232;231;232;232;0.362;49.99;575.3;0.150;569.7;0.093;715.0;0.076;60;0;0;0.318;0.453;0.316;57;79;57;49.99;49.99;49.99;916;1000;0.0;0;1.0000;0;2;34;34;34
[wr_ende]
