20140228;090002;danfoss;My Plant;+0100
[wr_def_start]
909402N262;Inverter Type;Inverter Group;Hanzl
[wr_def_end]
[wr]
INTERVAL;TIMESTAMP;SERIAL;P_AC;E_DAY;T_WR;U_AC;U_AC_1;U_AC_2;U_AC_3;I_AC;F_AC;U_DC_1;I_DC_1;U_DC_2;I_DC_2;U_DC_3;I_DC_3;S;E_WR;M_WR;I_AC_1;I_AC_2;I_AC_3;P_AC_1;P_AC_2;P_AC_3;F_AC_1;F_AC_2;F_AC_3;R_DC;PC;PCS;PCS_LL;COS_PHI;COS_PHI_LL;S_COS_PHI;Current_Day_Energy;current_Day_Offset;ccEnergyOfDay_WithoutOffset
60;2014-02-28 08:01:00;909402N262;599;0.326;24;234;233;235;235;1.016;50.02;594.4;0.441;624.4;0.242;782.2;0.242;60;0;0;0.988;1.065;0.995;193;209;195;50.02;50.02;50.02;8754;1000;0.0;0;0.0000;0;0;326;326;326
60;2014-02-28 08:02:00;909402N262;612;0.336;24;234;233;235;235;1.034;50.01;597.9;0.447;641.2;0.245;790.1;0.248;60;0;0;1.028;1.069;1.007;201;210;198;50.01;50.01;50.01;8754;1000;0.0;0;0.0000;0;0;336;336;336
60;2014-02-28 08:03:00;909402N262;680;0.348;24;234;233;235;235;1.143;50.01;604.6;0.478;647.4;0.264;794.7;0.287;60;0;0;1.107;1.176;1.147;218;232;228;50.01;50.01;50.01;8754;1000;0.0;0;0.0000;0;0;348;348;348
60;2014-02-28 08:04:00;909402N262;745;0.360;24;234;233;234;234;1.234;50.02;610.5;0.506;652.3;0.286;795.4;0.324;60;0;0;1.219;1.250;1.233;242;252;249;50.02;50.02;50.02;8754;1000;0.0;0;0.0000;0;0;360;360;360
60;2014-02-28 08:05:00;909402N262;765;0.372;24;234;233;234;234;1.260;50.01;612.7;0.518;653.2;0.293;795.2;0.333;60;0;0;1.243;1.289;1.249;249;261;253;50.01;50.01;50.01;8754;1000;0.0;0;0.0000;0;0;372;372;372
60;2014-02-28 08:06:00;909402N262;785;0.386;24;234;233;233;234;1.291;50.00;614.3;0.526;655.6;0.299;795.0;0.346;60;0;0;1.279;1.331;1.264;257;270;256;50.00;50.00;50.00;8754;1000;0.0;0;0.0000;0;0;386;386;386
60;2014-02-28 08:07:00;909402N262;810;0.399;24;233;233;233;234;1.310;50.01;616.0;0.535;655.6;0.305;794.9;0.365;60;0;0;1.307;1.320;1.303;268;274;267;50.01;50.01;50.01;8754;1000;0.0;0;0.0000;0;0;399;399;399
60;2014-02-28 08:08:00;909402N262;834;0.413;24;233;232;233;235;1.327;50.01;605.1;0.558;656.7;0.313;794.8;0.378;60;0;0;1.322;1.332;1.329;274;282;276;50.01;50.01;50.01;8754;1000;0.0;0;0.0000;0;0;413;413;413
60;2014-02-28 08:09:00;909402N262;858;0.428;24;234;233;234;235;1.341;50.02;594.8;0.580;658.2;0.321;794.6;0.391;60;0;0;1.307;1.366;1.351;277;293;286;50.02;50.02;50.02;8754;1000;0.0;0;0.0000;0;0;428;428;428
60;2014-02-28 08:10:00;909402N262;883;0.443;24;234;233;234;235;1.364;50.03;595.6;0.587;661.4;0.328;794.4;0.410;60;0;0;1.335;1.383;1.374;285;301;296;50.03;50.03;50.03;8754;1000;0.0;0;0.0000;0;0;443;443;443
60;2014-02-28 08:11:00;909402N262;898;0.458;24;234;233;233;235;1.386;50.04;596.8;0.592;663.3;0.332;794.1;0.419;60;0;0;1.359;1.409;1.390;290;306;301;50.04;50.04;50.04;8754;1000;0.0;0;0.0000;0;0;458;458;458
60;2014-02-28 08:12:00;909402N262;905;0.473;25;234;233;233;235;1.392;50.05;597.8;0.599;661.3;0.339;794.3;0.417;60;0;0;1.368;1.412;1.398;293;307;303;50.05;50.05;50.05;8754;1000;0.0;0;0.0000;0;0;473;473;473
60;2014-02-28 08:13:00;909402N262;910;0.487;25;234;233;233;235;1.399;50.05;598.8;0.607;661.5;0.348;794.5;0.410;60;0;0;1.364;1.425;1.410;292;309;307;50.05;50.05;50.05;8754;1000;0.0;0;0.0000;0;0;487;487;487
60;2014-02-28 08:14:00;909402N262;921;0.502;25;233;232;233;235;1.415;50.02;600.3;0.609;664.0;0.355;794.1;0.414;60;0;0;1.376;1.441;1.428;295;313;312;50.02;50.02;50.02;8754;1000;0.0;0;0.0000;0;0;502;502;502
60;2014-02-28 08:15:00;909402N262;938;0.518;25;233;232;233;235;1.456;50.00;575.6;0.645;666.2;0.363;785.2;0.425;60;0;0;1.413;1.491;1.464;300;319;316;50.00;50.00;50.00;8754;1000;0.0;0;0.0000;0;0;518;518;518
60;2014-02-28 08:16:00;909402N262;934;0.534;25;233;233;233;235;1.432;49.98;569.8;0.651;646.3;0.366;728.1;0.468;60;0;0;1.374;1.474;1.448;297;319;316;49.98;49.98;49.98;8754;1000;0.0;0;0.0000;0;0;534;534;534
60;2014-02-28 08:17:00;909402N262;968;0.550;25;233;233;233;235;1.418;49.97;573.8;0.650;667.3;0.375;682.7;0.528;60;0;0;1.360;1.452;1.443;307;329;331;49.97;49.97;49.97;8754;1000;0.0;0;0.0000;0;0;550;550;550
60;2014-02-28 08:18:00;909402N262;972;0.567;25;233;233;233;235;1.425;49.98;573.7;0.653;668.2;0.381;645.7;0.556;60;0;0;1.366;1.459;1.450;308;330;332;49.98;49.98;49.98;8754;1000;0.0;0;0.0000;0;0;567;567;567
60;2014-02-28 08:19:00;909402N262;947;0.583;25;233;232;233;235;1.413;49.98;573.6;0.657;672.4;0.387;682.8;0.474;60;0;0;1.352;1.455;1.432;300;324;322;49.98;49.98;49.98;8754;1000;0.0;0;0.0000;0;0;583;583;583
60;2014-02-28 08:20:00;909402N262;948;0.598;25;233;233;233;235;1.399;49.97;569.2;0.665;678.6;0.392;717.2;0.440;60;0;0;1.343;1.434;1.420;301;322;323;49.97;49.97;49.97;8754;1000;0.0;0;0.0000;0;0;598;598;598
60;2014-02-28 08:21:00;909402N262;949;0.614;25;233;233;232;235;1.392;49.97;549.4;0.694;682.0;0.396;666.5;0.468;60;0;0;1.335;1.421;1.421;301;320;325;49.97;49.97;49.97;8754;1000;0.0;0;0.0000;0;0;614;614;614
60;2014-02-28 08:22:00;909402N262;947;0.630;25;233;233;233;235;1.389;49.99;543.5;0.702;682.7;0.401;647.1;0.474;60;0;0;1.331;1.420;1.416;300;321;324;49.99;49.99;49.99;8754;1000;0.0;0;0.0000;0;0;630;630;630
60;2014-02-28 08:23:00;909402N262;936;0.646;25;233;232;233;235;1.373;49.99;543.6;0.696;683.0;0.402;634.6;0.470;60;0;0;1.312;1.406;1.401;295;318;320;49.99;49.99;49.99;8754;1000;0.0;0;0.0000;0;0;646;646;646
60;2014-02-28 08:24:00;909402N262;920;0.660;25;233;232;233;235;1.350;49.99;543.7;0.690;686.2;0.398;636.7;0.450;60;0;0;1.287;1.387;1.377;290;314;314;49.99;49.99;49.99;8754;1000;0.0;0;0.0000;0;0;660;660;660
60;2014-02-28 08:25:00;909402N262;917;0.675;26;233;232;233;235;1.412;50.00;544.0;0.681;689.6;0.392;781.1;0.369;60;0;0;1.369;1.443;1.426;292;312;310;50.00;50.00;50.00;8754;1000;0.0;0;0.0000;0;0;675;675;675
60;2014-02-28 08:26:00;909402N262;904;0.691;26;233;232;233;235;1.404;49.99;541.4;0.670;686.5;0.390;795.1;0.356;60;0;0;1.367;1.431;1.414;291;308;303;49.99;49.99;49.99;8754;1000;0.0;0;0.0000;0;0;691;691;691
60;2014-02-28 08:27:00;909402N262;893;0.706;26;233;232;233;234;1.394;49.99;532.8;0.675;689.0;0.385;795.2;0.350;60;0;0;1.364;1.411;1.407;290;303;297;49.99;49.99;49.99;8754;1000;0.0;0;0.0000;0;0;706;706;706
60;2014-02-28 08:28:00;909402N262;897;0.721;26;233;233;233;234;1.401;50.00;532.6;0.677;691.2;0.390;795.0;0.347;60;0;0;1.374;1.417;1.412;292;304;298;50.00;50.00;50.00;8754;1000;0.0;0;0.0000;0;0;721;721;721
60;2014-02-28 08:29:00;909402N262;899;0.736;26;233;232;233;234;1.402;49.99;531.9;0.677;693.5;0.394;795.0;0.346;60;0;0;1.368;1.427;1.411;290;307;300;49.99;49.99;49.99;8754;1000;0.0;0;0.0000;0;0;736;736;736
60;2014-02-28 08:30:00;909402N262;877;0.751;26;233;232;233;234;1.384;50.00;529.7;0.662;687.8;0.395;795.0;0.334;60;0;0;1.356;1.399;1.397;285;300;290;50.00;50.00;50.00;8754;1000;0.0;0;0.0000;0;0;751;751;751
60;2014-02-28 08:31:00;909402N262;855;0.765;26;233;233;234;234;1.353;50.00;529.4;0.650;683.3;0.391;786.4;0.330;60;0;0;1.326;1.373;1.362;279;292;282;50.00;50.00;50.00;8754;1000;0.0;0;0.0000;0;0;765;765;765
60;2014-02-28 08:32:00;909402N262;842;0.779;26;234;233;234;234;1.329;49.99;530.2;0.630;694.3;0.384;795.0;0.316;60;0;0;1.306;1.347;1.336;275;287;279;49.99;49.99;49.99;8754;1000;0.0;0;0.0000;0;0;779;779;779
60;2014-02-28 08:33:00;909402N262;822;0.792;26;234;233;234;234;1.319;49.99;531.2;0.612;696.2;0.376;794.8;0.307;60;0;0;1.309;1.335;1.315;271;279;270;49.99;49.99;49.99;8754;1000;0.0;0;0.0000;0;0;792;792;792
60;2014-02-28 08:34:00;909402N262;811;0.806;26;233;233;234;234;1.309;49.98;532.0;0.604;701.0;0.370;795.0;0.301;60;0;0;1.315;1.310;1.302;270;273;266;49.98;49.98;49.98;8754;1000;0.0;0;0.0000;0;0;806;806;806
60;2014-02-28 08:35:00;909402N262;779;0.819;26;234;233;234;234;1.276;49.99;530.5;0.582;699.9;0.354;795.4;0.290;60;0;0;1.273;1.306;1.251;256;267;254;49.99;49.99;49.99;8754;1000;0.0;0;0.0000;0;0;819;819;819
60;2014-02-28 08:36:00;909402N262;757;0.832;26;234;233;234;234;1.246;49.98;529.6;0.570;698.0;0.344;795.5;0.282;60;0;0;1.230;1.269;1.241;246;257;252;49.98;49.98;49.98;8754;1000;0.0;0;0.0000;0;0;832;832;832
60;2014-02-28 08:37:00;909402N262;738;0.844;26;234;233;234;234;1.221;49.99;529.3;0.558;697.7;0.335;795.7;0.273;60;0;0;1.217;1.218;1.229;242;246;248;49.99;49.99;49.99;8754;1000;0.0;0;0.0000;0;0;844;844;844
60;2014-02-28 08:38:00;909402N262;727;0.856;26;233;232;234;233;1.208;49.98;528.6;0.554;695.2;0.332;795.7;0.267;60;0;0;1.205;1.201;1.220;239;243;244;49.98;49.98;49.98;8754;1000;0.0;0;0.0000;0;0;856;856;856
60;2014-02-28 08:39:00;909402N262;764;0.868;27;234;233;234;234;1.261;50.00;529.6;0.575;702.8;0.352;795.6;0.279;60;0;0;1.250;1.292;1.242;249;262;252;50.00;50.00;50.00;8754;1000;0.0;0;0.0000;0;0;868;868;868
60;2014-02-28 08:40:00;909402N262;819;0.883;27;234;233;234;234;1.314;49.99;534.5;0.602;711.9;0.381;795.0;0.295;60;0;0;1.309;1.326;1.309;271;278;269;49.99;49.99;49.99;8754;1000;0.0;0;0.0000;0;0;883;883;883
60;2014-02-28 08:41:00;909402N262;858;0.897;27;234;233;233;234;1.342;49.99;537.0;0.625;718.3;0.401;794.9;0.307;60;0;0;1.315;1.366;1.345;279;294;283;49.99;49.99;49.99;8754;1000;0.0;0;0.0000;0;0;897;897;897
60;2014-02-28 08:42:00;909402N262;889;0.911;27;234;233;234;234;1.366;49.99;539.6;0.637;716.2;0.425;794.9;0.315;60;0;0;1.338;1.392;1.370;287;304;296;49.99;49.99;49.99;8754;1000;0.0;0;0.0000;0;0;911;911;911
60;2014-02-28 08:43:00;909402N262;907;0.926;27;234;233;234;234;1.384;49.99;560.0;0.624;712.5;0.445;795.0;0.315;60;0;0;1.352;1.410;1.390;292;309;304;49.99;49.99;49.99;8754;1000;0.0;0;0.0000;0;0;926;926;926
60;2014-02-28 08:44:00;909402N262;943;0.942;27;234;233;233;235;1.428;50.00;591.6;0.604;669.3;0.510;794.8;0.320;60;0;0;1.389;1.452;1.445;303;319;318;50.00;50.00;50.00;8754;1000;0.0;0;0.0000;0;0;942;942;942
60;2014-02-28 08:45:00;909402N262;986;0.959;27;234;233;233;235;1.491;50.02;585.9;0.622;672.5;0.556;794.9;0.324;60;0;0;1.447;1.513;1.515;316;332;335;50.02;50.02;50.02;8754;1000;0.0;0;0.0000;0;0;959;959;959
60;2014-02-28 08:46:00;909402N262;1043;0.976;27;234;233;233;235;1.569;49.99;547.5;0.741;706.8;0.575;784.6;0.337;60;0;0;1.521;1.600;1.587;335;353;353;49.99;49.99;49.99;8754;1000;0.0;0;0.0000;0;0;976;976;976
60;2014-02-28 08:47:00;909402N262;1241;0.997;27;234;233;234;235;1.852;50.01;378.8;1.332;708.3;0.667;795.2;0.357;60;0;0;1.799;1.889;1.869;400;421;418;50.01;50.01;50.01;8754;1000;0.0;0;0.0000;0;0;997;997;997
60;2014-02-28 08:48:00;909402N262;1391;1.020;27;234;234;234;234;2.064;50.00;372.3;1.607;690.8;0.749;794.8;0.374;60;0;0;2.008;2.108;2.076;450;473;466;50.00;50.00;50.00;8754;1000;0.0;0;0.0000;0;0;1020;1020;1020
60;2014-02-28 08:49:00;909402N262;1468;1.044;27;234;234;234;234;2.173;50.00;366.0;1.760;674.1;0.805;794.6;0.383;60;0;0;2.117;2.214;2.188;475;499;493;50.00;50.00;50.00;8754;1000;0.0;0;0.0000;0;0;1044;1044;1044
60;2014-02-28 08:50:00;909402N262;1543;1.071;27;234;234;235;234;2.277;49.99;365.7;1.825;700.3;0.837;794.8;0.393;60;0;0;2.226;2.324;2.282;500;524;516;49.99;49.99;49.99;8754;1000;0.0;0;0.0000;0;0;1071;1071;1071
60;2014-02-28 08:51:00;909402N262;1656;1.098;27;234;234;234;234;2.436;49.99;366.0;1.942;735.4;0.887;794.9;0.400;60;0;0;2.381;2.485;2.442;537;562;555;49.99;49.99;49.99;8754;1000;0.0;0;0.0000;0;0;1098;1098;1098
60;2014-02-28 08:52:00;909402N262;1745;1.127;27;234;233;234;235;2.562;49.99;366.0;2.052;737.2;0.943;795.0;0.410;60;0;0;2.503;2.611;2.573;566;591;586;49.99;49.99;49.99;8754;1000;0.0;0;0.0000;0;0;1127;1127;1127
60;2014-02-28 08:53:00;909402N262;1756;1.157;27;234;233;234;235;2.577;49.99;365.3;2.098;738.2;0.937;795.1;0.409;60;0;0;2.517;2.632;2.583;568;597;589;49.99;49.99;49.99;8754;1000;0.0;0;0.0000;0;0;1157;1157;1157
60;2014-02-28 08:54:00;909402N262;1753;1.186;27;234;233;234;235;2.574;50.00;376.0;2.063;743.6;0.917;795.2;0.405;60;0;0;2.516;2.620;2.587;568;593;589;50.00;50.00;50.00;8754;1000;0.0;0;0.0000;0;0;1186;1186;1186
60;2014-02-28 08:55:00;909402N262;1827;1.216;27;234;233;234;235;2.677;49.99;374.2;2.128;710.4;1.041;795.3;0.402;60;0;0;2.619;2.726;2.688;592;618;615;49.99;49.99;49.99;8754;1000;0.0;0;0.0000;0;0;1216;1216;1216
60;2014-02-28 08:56:00;909402N262;1876;1.247;28;234;233;234;235;2.747;50.00;372.7;2.108;739.8;1.088;795.3;0.395;60;0;0;2.682;2.803;2.757;607;637;631;50.00;50.00;50.00;8754;1000;0.0;0;0.0000;0;0;1247;1247;1247
60;2014-02-28 08:57:00;909402N262;2002;1.281;28;234;233;234;235;2.917;50.00;371.9;2.161;732.3;1.248;795.4;0.394;60;0;0;2.853;2.950;2.948;649;673;677;50.00;50.00;50.00;8754;1000;0.0;0;0.0000;0;0;1281;1281;1281
60;2014-02-28 08:58:00;909402N262;2121;1.317;28;234;233;234;235;3.081;50.00;371.0;2.192;720.2;1.424;795.6;0.392;60;0;0;3.023;3.108;3.112;691;711;717;50.00;50.00;50.00;8754;1000;0.0;0;0.0000;0;0;1317;1317;1317
60;2014-02-28 08:59:00;909402N262;2144;1.352;28;234;233;234;235;3.114;50.00;370.0;2.191;712.1;1.478;795.4;0.391;60;0;0;3.043;3.152;3.147;695;722;725;50.00;50.00;50.00;8754;1000;0.0;0;0.0000;0;0;1352;1352;1352
60;2014-02-28 09:00:00;909402N262;2110;1.387;28;234;233;235;235;3.062;49.98;368.7;2.161;711.3;1.450;795.4;0.391;60;0;0;2.987;3.104;3.095;682;712;714;49.98;49.98;49.98;8754;1000;0.0;0;0.0000;0;0;1387;1387;1387
[wr_ende]
