20140729;150005;danfoss;My Plant;+0100
[wr_def_start]
909402N262;Inverter Type;Inverter Group;Hanzl
[wr_def_end]
[wr]
INTERVAL;TIMESTAMP;SERIAL;P_AC;E_DAY;T_WR;U_AC;U_AC_1;U_AC_2;U_AC_3;I_AC;F_AC;U_DC_1;I_DC_1;U_DC_2;I_DC_2;U_DC_3;I_DC_3;S;E_WR;M_WR;I_AC_1;I_AC_2;I_AC_3;P_AC_1;P_AC_2;P_AC_3;F_AC_1;F_AC_2;F_AC_3;R_DC;PC;PCS;PCS_LL;COS_PHI;COS_PHI_LL;S_COS_PHI;Current_Day_Energy;current_Day_Offset;ccEnergyOfDay_WithoutOffset
60;2014-07-29 14:01:00;909402N262;4119;23.278;50;234;235;234;235;5.917;50.00;508.3;3.760;577.8;1.775;748.8;1.666;60;0;0;5.878;5.936;5.937;1368;1368;1381;50.01;50.01;50.01;4298;1000;0.0;0;0.0000;0;0;23278;23278;23278
60;2014-07-29 14:02:00;909402N262;3924;23.344;50;234;234;233;235;5.631;50.00;513.3;3.607;607.0;1.601;748.6;1.545;60;0;0;5.589;5.651;5.653;1297;1309;1316;50.00;50.00;50.00;4298;1000;0.0;0;0.0000;0;0;23344;23344;23344
60;2014-07-29 14:03:00;909402N262;4322;23.416;50;234;234;233;235;6.192;49.99;514.6;3.953;610.8;1.744;753.0;1.706;60;0;0;6.152;6.207;6.218;1429;1440;1450;49.99;49.99;49.99;4298;1000;0.0;0;0.0000;0;0;23416;23416;23416
60;2014-07-29 14:04:00;909402N262;4257;23.486;50;234;234;234;234;6.102;49.99;515.6;3.905;611.4;1.711;753.5;1.672;60;0;0;6.046;6.145;6.117;1402;1431;1421;49.99;49.99;49.99;4298;1000;0.0;0;0.0000;0;0;23486;23486;23486
60;2014-07-29 14:05:00;909402N262;4979;23.570;50;234;234;235;234;7.123;49.99;516.9;4.532;615.4;1.982;758.3;1.966;60;0;0;7.067;7.175;7.128;1644;1673;1660;49.99;49.99;49.99;4298;1000;0.0;0;0.0000;0;0;23570;23570;23570
60;2014-07-29 14:06:00;909402N262;5127;23.653;50;234;234;235;234;7.331;49.99;517.5;4.674;616.7;2.034;759.9;2.019;60;0;0;7.290;7.383;7.320;1698;1727;1701;49.99;49.99;49.99;4298;1000;0.0;0;0.0000;0;0;23653;23653;23653
60;2014-07-29 14:07:00;909402N262;6562;23.763;50;234;234;235;233;9.355;50.00;516.3;5.908;620.4;2.605;770.3;2.602;60;0;0;9.323;9.409;9.335;2179;2207;2175;50.00;50.00;50.00;4298;1000;0.0;0;0.0000;0;0;23763;23763;23763
60;2014-07-29 14:08:00;909402N262;7359;23.887;50;234;234;235;233;10.485;49.99;512.8;6.625;619.9;2.927;776.3;2.930;60;0;0;10.449;10.553;10.453;2444;2476;2437;49.99;49.99;49.99;4298;1000;0.0;0;0.0000;0;0;23887;23887;23887
60;2014-07-29 14:09:00;909402N262;7584;24.013;50;234;234;235;234;10.800;49.99;510.3;6.835;618.1;3.034;775.0;3.036;60;0;0;10.765;10.870;10.767;2519;2551;2512;49.99;49.99;49.99;4298;1000;0.0;0;0.0000;0;0;24013;24013;24013
60;2014-07-29 14:10:00;909402N262;7457;24.137;50;235;234;235;234;10.606;49.99;508.3;6.727;616.2;2.995;771.7;3.003;60;0;0;10.551;10.671;10.597;2469;2504;2481;49.99;49.99;49.99;4298;1000;0.0;0;0.0000;0;0;24137;24137;24137
60;2014-07-29 14:11:00;909402N262;7138;24.256;50;235;234;235;235;10.138;49.99;506.9;6.453;614.5;2.875;768.3;2.883;60;0;0;10.070;10.178;10.166;2355;2391;2390;49.99;49.99;49.99;4298;1000;0.0;0;0.0000;0;0;24256;24256;24256
60;2014-07-29 14:12:00;909402N262;7217;24.376;50;235;235;235;236;10.246;50.00;505.3;6.519;611.9;2.929;766.6;2.935;60;0;0;10.190;10.275;10.275;2389;2409;2417;50.00;50.00;50.00;4298;1000;0.0;0;0.0000;0;0;24376;24376;24376
60;2014-07-29 14:13:00;909402N262;5991;24.476;50;235;235;235;235;8.527;50.01;506.8;5.431;609.4;2.423;755.7;2.457;60;0;0;8.463;8.562;8.557;1981;2000;2009;50.01;50.01;50.01;4298;1000;0.0;0;0.0000;0;0;24476;24476;24476
60;2014-07-29 14:14:00;909402N262;4828;24.556;50;235;234;234;235;6.891;50.00;508.2;4.388;607.4;1.969;749.8;1.963;60;0;0;6.838;6.920;6.917;1594;1613;1618;50.00;50.00;50.00;4298;1000;0.0;0;0.0000;0;0;24556;24556;24556
60;2014-07-29 14:15:00;909402N262;3948;24.622;50;234;234;234;235;5.657;50.00;508.1;3.614;603.2;1.620;744.9;1.593;60;0;0;5.602;5.692;5.679;1301;1321;1324;50.00;50.00;50.00;4298;1000;0.0;0;0.0000;0;0;24622;24622;24622
60;2014-07-29 14:16:00;909402N262;3636;24.682;50;234;234;234;235;5.218;50.00;505.8;3.367;590.8;1.516;744.3;1.472;60;0;0;5.162;5.256;5.238;1197;1219;1218;50.00;50.00;50.00;4298;1000;0.0;0;0.0000;0;0;24682;24682;24682
60;2014-07-29 14:17:00;909402N262;3449;24.741;50;234;234;234;234;4.962;50.00;512.8;3.145;598.5;1.424;746.0;1.378;60;0;0;4.902;5.008;4.978;1133;1159;1154;50.00;50.00;50.00;4298;1000;0.0;0;0.0000;0;0;24741;24741;24741
60;2014-07-29 14:18:00;909402N262;3091;24.792;50;234;234;234;234;4.460;50.00;514.8;2.838;602.1;1.271;744.2;1.214;60;0;0;4.396;4.511;4.473;1014;1041;1035;50.00;50.00;50.00;4298;1000;0.0;0;0.0000;0;0;24792;24792;24792
60;2014-07-29 14:19:00;909402N262;2941;24.841;50;234;234;234;235;4.237;50.00;517.6;2.681;604.8;1.209;745.7;1.151;60;0;0;4.181;4.279;4.253;966;989;984;50.00;50.00;50.00;4298;1000;0.0;0;0.0000;0;0;24841;24841;24841
60;2014-07-29 14:20:00;909402N262;3308;24.896;50;234;234;234;234;4.767;49.98;519.8;2.971;604.6;1.363;752.1;1.313;60;0;0;4.724;4.799;4.779;1091;1112;1105;49.98;49.98;49.98;4298;1000;0.0;0;0.0000;0;0;24896;24896;24896
60;2014-07-29 14:21:00;909402N262;4359;24.969;49;234;234;234;234;6.239;49.99;522.3;3.888;615.8;1.753;760.9;1.724;60;0;0;6.204;6.268;6.245;1443;1461;1454;49.99;49.99;49.99;4298;1000;0.0;0;0.0000;0;0;24969;24969;24969
60;2014-07-29 14:22:00;909402N262;4694;25.047;49;235;235;234;235;6.705;50.00;523.0;4.177;620.1;1.871;763.3;1.858;60;0;0;6.666;6.732;6.719;1554;1570;1567;50.00;50.00;50.00;4298;1000;0.0;0;0.0000;0;0;25047;25047;25047
60;2014-07-29 14:23:00;909402N262;5002;25.131;49;234;235;234;235;7.144;50.00;522.8;4.442;621.7;1.996;765.4;1.981;60;0;0;7.106;7.175;7.152;1657;1674;1669;50.00;50.00;50.00;4298;1000;0.0;0;0.0000;0;0;25131;25131;25131
60;2014-07-29 14:24:00;909402N262;5423;25.221;49;234;234;235;235;7.738;50.00;521.9;4.812;622.7;2.160;768.2;2.149;60;0;0;7.701;7.769;7.744;1798;1815;1809;50.00;50.00;50.00;4298;1000;0.0;0;0.0000;0;0;25221;25221;25221
60;2014-07-29 14:25:00;909402N262;6184;25.323;49;235;235;235;234;8.808;50.00;520.4;5.470;607.1;2.551;770.9;2.455;60;0;0;8.783;8.831;8.810;2055;2068;2060;50.00;50.00;50.00;4298;1000;0.0;0;0.0000;0;0;25323;25323;25323
60;2014-07-29 14:26:00;909402N262;6645;25.434;49;235;235;235;234;9.460;50.00;517.9;5.864;597.7;2.790;771.0;2.656;60;0;0;9.434;9.497;9.449;2210;2223;2210;50.00;50.00;50.00;4298;1000;0.0;0;0.0000;0;0;25434;25434;25434
60;2014-07-29 14:27:00;909402N262;5062;25.519;49;234;234;234;234;7.244;49.99;517.6;4.493;593.5;2.151;761.0;2.011;60;0;0;7.201;7.290;7.243;1677;1696;1686;49.99;49.99;49.99;4298;1000;0.0;0;0.0000;0;0;25519;25519;25519
60;2014-07-29 14:28:00;909402N262;4215;25.589;49;234;234;233;234;6.056;50.00;518.1;3.772;591.7;1.815;756.8;1.646;60;0;0;6.017;6.071;6.082;1395;1404;1414;50.00;50.00;50.00;4298;1000;0.0;0;0.0000;0;0;25589;25589;25589
60;2014-07-29 14:29:00;909402N262;4673;25.667;49;234;234;233;234;6.700;49.98;519.7;4.159;593.5;2.007;761.1;1.830;60;0;0;6.669;6.702;6.729;1549;1555;1567;49.98;49.98;49.98;4298;1000;0.0;0;0.0000;0;0;25667;25667;25667
60;2014-07-29 14:30:00;909402N262;4824;25.748;49;234;234;234;235;6.900;49.98;521.1;4.261;598.2;2.058;762.2;1.895;60;0;0;6.873;6.908;6.921;1600;1606;1615;49.98;49.98;49.98;4298;1000;0.0;0;0.0000;0;0;25748;25748;25748
60;2014-07-29 14:31:00;909402N262;5179;25.834;49;234;234;234;235;7.369;49.99;517.7;4.594;586.2;2.236;758.3;2.065;60;0;0;7.347;7.370;7.391;1714;1724;1734;49.99;49.99;49.99;4298;1000;0.0;0;0.0000;0;0;25834;25834;25834
60;2014-07-29 14:32:00;909402N262;5084;25.918;49;234;234;234;235;7.263;49.98;520.2;4.506;595.3;2.171;762.9;1.998;60;0;0;7.226;7.275;7.289;1684;1693;1705;49.98;49.98;49.98;4298;1000;0.0;0;0.0000;0;0;25918;25918;25918
60;2014-07-29 14:33:00;909402N262;5143;26.004;49;234;234;234;235;7.350;49.98;520.3;4.552;595.9;2.191;763.1;2.027;60;0;0;7.290;7.369;7.391;1695;1716;1731;49.98;49.98;49.98;4298;1000;0.0;0;0.0000;0;0;26004;26004;26004
60;2014-07-29 14:34:00;909402N262;4900;26.087;49;234;234;234;235;7.002;49.99;520.4;4.336;595.7;2.091;762.9;1.927;60;0;0;6.954;7.027;7.026;1618;1636;1643;49.99;49.99;49.99;4298;1000;0.0;0;0.0000;0;0;26087;26087;26087
60;2014-07-29 14:35:00;909402N262;4374;26.159;49;234;234;234;235;6.269;50.00;520.8;3.868;596.0;1.866;760.2;1.723;60;0;0;6.217;6.299;6.293;1444;1461;1468;49.99;50.00;50.00;4298;1000;0.0;0;0.0000;0;0;26159;26159;26159
60;2014-07-29 14:36:00;909402N262;3724;26.221;49;234;234;234;235;5.345;49.98;521.9;3.299;595.9;1.595;756.9;1.452;60;0;0;5.287;5.382;5.368;1225;1249;1249;49.98;49.98;49.98;4298;1000;0.0;0;0.0000;0;0;26221;26221;26221
60;2014-07-29 14:37:00;909402N262;3379;26.278;49;234;234;235;235;4.856;49.97;523.2;2.990;597.7;1.445;754.9;1.314;60;0;0;4.791;4.901;4.876;1108;1137;1132;49.97;49.97;49.97;4298;1000;0.0;0;0.0000;0;0;26278;26278;26278
60;2014-07-29 14:38:00;909402N262;3269;26.332;49;234;234;235;234;4.705;49.97;525.5;2.885;599.7;1.394;755.4;1.268;60;0;0;4.644;4.753;4.718;1073;1102;1093;49.97;49.97;49.97;4298;1000;0.0;0;0.0000;0;0;26332;26332;26332
60;2014-07-29 14:39:00;909402N262;3248;26.386;49;234;234;234;234;4.676;49.97;527.5;2.856;602.4;1.377;756.5;1.258;60;0;0;4.613;4.718;4.698;1064;1093;1088;49.97;49.97;49.97;4298;1000;0.0;0;0.0000;0;0;26386;26386;26386
60;2014-07-29 14:40:00;909402N262;3164;26.439;49;234;234;234;234;4.555;49.98;529.1;2.777;603.6;1.338;756.6;1.221;60;0;0;4.502;4.595;4.569;1039;1064;1058;49.98;49.98;49.98;4298;1000;0.0;0;0.0000;0;0;26439;26439;26439
60;2014-07-29 14:41:00;909402N262;3134;26.491;49;234;234;234;235;4.514;49.98;530.3;2.750;603.1;1.327;757.0;1.206;60;0;0;4.470;4.536;4.536;1032;1048;1053;49.98;49.98;49.98;4298;1000;0.0;0;0.0000;0;0;26491;26491;26491
60;2014-07-29 14:42:00;909402N262;3230;26.546;49;234;234;234;235;4.647;49.96;531.2;2.831;600.5;1.373;758.9;1.241;60;0;0;4.608;4.667;4.666;1066;1079;1084;49.96;49.96;49.96;4298;1000;0.0;0;0.0000;0;0;26546;26546;26546
60;2014-07-29 14:43:00;909402N262;3400;26.602;49;234;234;235;235;4.883;49.97;531.7;2.979;601.7;1.439;761.9;1.303;60;0;0;4.835;4.917;4.899;1120;1141;1138;49.97;49.97;49.97;4298;1000;0.0;0;0.0000;0;0;26602;26602;26602
60;2014-07-29 14:44:00;909402N262;3535;26.660;49;234;234;234;235;5.078;49.96;531.9;3.093;601.9;1.495;763.8;1.355;60;0;0;5.035;5.109;5.090;1166;1184;1183;49.96;49.96;49.96;4298;1000;0.0;0;0.0000;0;0;26660;26660;26660
60;2014-07-29 14:45:00;909402N262;3716;26.722;49;234;234;234;235;5.338;49.97;532.1;3.245;603.7;1.566;766.5;1.425;60;0;0;5.297;5.363;5.355;1228;1241;1245;49.97;49.97;49.97;4298;1000;0.0;0;0.0000;0;0;26722;26722;26722
60;2014-07-29 14:46:00;909402N262;3716;26.785;49;234;234;234;235;5.339;49.98;528.5;3.258;599.3;1.586;760.1;1.450;60;0;0;5.292;5.368;5.358;1227;1240;1247;49.98;49.98;49.98;4298;1000;0.0;0;0.0000;0;0;26785;26785;26785
60;2014-07-29 14:47:00;909402N262;3758;26.848;49;234;234;234;235;5.398;49.98;533.5;3.260;603.9;1.594;767.6;1.442;60;0;0;5.348;5.427;5.419;1239;1257;1260;49.98;49.98;49.98;4298;1000;0.0;0;0.0000;0;0;26848;26848;26848
60;2014-07-29 14:48:00;909402N262;3886;26.913;49;235;234;234;235;5.569;49.98;534.4;3.367;604.7;1.649;769.7;1.486;60;0;0;5.516;5.606;5.587;1282;1302;1301;49.98;49.98;49.98;4298;1000;0.0;0;0.0000;0;0;26913;26913;26913
60;2014-07-29 14:49:00;909402N262;3781;26.976;49;234;233;235;235;5.430;49.99;535.8;3.264;605.4;1.607;769.3;1.443;60;0;0;5.359;5.479;5.454;1237;1274;1268;49.99;49.99;49.99;4298;1000;0.0;0;0.0000;0;0;26976;26976;26976
60;2014-07-29 14:50:00;909402N262;3802;27.038;49;234;233;234;235;5.466;49.99;537.4;3.280;606.0;1.616;770.5;1.444;60;0;0;5.389;5.511;5.498;1243;1278;1279;49.99;49.99;49.99;4298;1000;0.0;0;0.0000;0;0;27038;27038;27038
60;2014-07-29 14:51:00;909402N262;3974;27.106;49;234;233;234;235;5.705;49.99;537.7;3.433;606.9;1.684;771.9;1.506;60;0;0;5.646;5.730;5.739;1306;1329;1337;49.99;49.99;49.99;4298;1000;0.0;0;0.0000;0;0;27106;27106;27106
60;2014-07-29 14:52:00;909402N262;4505;27.180;49;235;234;234;235;6.440;49.98;536.9;3.901;607.7;1.896;776.2;1.708;60;0;0;6.381;6.466;6.474;1483;1507;1513;49.98;49.98;49.98;4298;1000;0.0;0;0.0000;0;0;27180;27180;27180
60;2014-07-29 14:53:00;909402N262;5073;27.265;49;235;234;234;235;7.239;49.99;536.1;4.385;608.2;2.124;778.3;1.937;60;0;0;7.181;7.262;7.276;1673;1694;1705;49.99;49.99;49.99;4298;1000;0.0;0;0.0000;0;0;27265;27265;27265
60;2014-07-29 14:54:00;909402N262;5195;27.351;49;235;234;235;235;7.410;49.99;534.9;4.500;607.9;2.177;778.3;1.985;60;0;0;7.347;7.452;7.431;1712;1743;1738;49.99;49.99;49.99;4298;1000;0.0;0;0.0000;0;0;27351;27351;27351
60;2014-07-29 14:55:00;909402N262;5588;27.444;49;235;235;235;236;7.948;50.00;532.9;4.847;607.5;2.337;778.7;2.146;60;0;0;7.886;7.984;7.976;1843;1870;1872;50.00;50.00;50.00;4298;1000;0.0;0;0.0000;0;0;27444;27444;27444
60;2014-07-29 14:56:00;909402N262;5827;27.541;49;235;235;235;236;8.290;50.00;530.4;5.077;606.0;2.447;778.1;2.242;60;0;0;8.253;8.301;8.318;1931;1942;1953;50.00;50.00;50.00;4298;1000;0.0;0;0.0000;0;0;27541;27541;27541
60;2014-07-29 14:57:00;909402N262;5933;27.641;49;236;235;236;236;8.418;50.00;529.2;5.171;604.2;2.491;777.3;2.296;60;0;0;8.357;8.474;8.425;1958;1992;1981;50.00;50.00;50.00;4298;1000;0.0;0;0.0000;0;0;27641;27641;27641
60;2014-07-29 14:58:00;909402N262;5961;27.740;49;236;235;236;236;8.453;49.99;527.5;5.212;602.5;2.511;776.4;2.308;60;0;0;8.399;8.487;8.473;1969;1992;1997;49.99;49.99;49.99;4298;1000;0.0;0;0.0000;0;0;27740;27740;27740
60;2014-07-29 14:59:00;909402N262;6735;27.852;49;236;235;236;236;9.534;49.97;524.8;5.911;601.8;2.830;776.8;2.625;60;0;0;9.486;9.555;9.563;2229;2246;2257;49.97;49.97;49.97;4298;1000;0.0;0;0.0000;0;0;27852;27852;27852
60;2014-07-29 15:00:00;909402N262;6640;27.962;49;236;235;235;237;9.408;49.97;521.9;5.880;599.6;2.806;774.9;2.584;60;0;0;9.370;9.408;9.446;2200;2211;2230;49.97;49.97;49.97;4298;1000;0.0;0;0.0000;0;0;27962;27962;27962
[wr_ende]
