20141110;150000;danfoss;My Plant;+0100
[wr_def_start]
909402N262;Inverter Type;Inverter Group;Hanzl
[wr_def_end]
[wr]
INTERVAL;TIMESTAMP;SERIAL;P_AC;E_DAY;T_WR;U_AC;U_AC_1;U_AC_2;U_AC_3;I_AC;F_AC;U_DC_1;I_DC_1;U_DC_2;I_DC_2;U_DC_3;I_DC_3;S;E_WR;M_WR;I_AC_1;I_AC_2;I_AC_3;P_AC_1;P_AC_2;P_AC_3;F_AC_1;F_AC_2;F_AC_3;R_DC;PC;PCS;PCS_LL;COS_PHI;COS_PHI_LL;S_COS_PHI;Current_Day_Energy;current_Day_Offset;ccEnergyOfDay_WithoutOffset
60;2014-11-10 14:01:00;909402N262;5227;22.831;44;234;234;233;234;7.499;50.01;545.5;5.317;649.0;1.609;324.0;4.336;60;0;0;7.459;7.533;7.506;1735;1745;1745;50.01;50.01;50.01;11923;1000;0.0;0;1.0000;0;2;22831;22831;22831
60;2014-11-10 14:02:00;909402N262;5158;22.917;44;233;233;233;233;7.406;49.99;550.7;5.216;654.9;1.568;319.1;4.278;60;0;0;7.360;7.433;7.427;1708;1723;1725;49.99;49.99;49.99;11923;1000;0.0;0;1.0000;0;2;22917;22917;22917
60;2014-11-10 14:03:00;909402N262;5382;23.006;44;233;233;233;234;7.726;49.98;550.1;5.449;655.4;1.637;319.2;4.464;60;0;0;7.665;7.764;7.751;1776;1801;1803;49.98;49.98;49.98;11923;1000;0.0;0;1.0000;0;2;23006;23006;23006
60;2014-11-10 14:04:00;909402N262;5302;23.095;44;233;232;233;234;7.610;49.98;548.2;5.386;653.9;1.617;318.3;4.408;60;0;0;7.529;7.661;7.641;1742;1778;1780;49.98;49.98;49.98;11923;1000;0.0;0;1.0000;0;2;23095;23095;23095
60;2014-11-10 14:05:00;909402N262;5291;23.184;44;233;232;233;234;7.589;49.97;547.5;5.388;653.4;1.616;317.9;4.396;60;0;0;7.497;7.655;7.616;1734;1779;1776;49.97;49.97;49.97;11923;1000;0.0;0;1.0000;0;2;23184;23184;23184
60;2014-11-10 14:06:00;909402N262;5282;23.271;44;233;232;234;234;7.583;49.99;547.9;5.378;653.5;1.611;317.9;4.387;60;0;0;7.489;7.665;7.595;1729;1784;1767;49.99;49.99;49.99;11923;1000;0.0;0;1.0000;0;2;23271;23271;23271
60;2014-11-10 14:07:00;909402N262;5249;23.359;44;233;232;234;234;7.537;49.99;549.2;5.346;654.0;1.598;318.2;4.332;60;0;0;7.443;7.622;7.546;1719;1774;1755;49.99;49.99;49.99;11923;1000;0.0;0;1.0000;0;2;23359;23359;23359
60;2014-11-10 14:08:00;909402N262;5190;23.445;44;233;232;234;234;7.461;49.98;549.4;5.289;654.4;1.576;318.8;4.271;60;0;0;7.363;7.551;7.469;1698;1755;1736;49.98;49.98;49.98;11923;1000;0.0;0;1.0000;0;2;23445;23445;23445
60;2014-11-10 14:09:00;909402N262;5188;23.532;44;233;232;234;234;7.455;49.99;549.2;5.290;654.9;1.574;319.0;4.263;60;0;0;7.364;7.537;7.464;1700;1752;1735;49.99;49.99;49.99;11923;1000;0.0;0;1.0000;0;2;23532;23532;23532
60;2014-11-10 14:10:00;909402N262;5104;23.618;44;233;233;233;234;7.326;49.98;548.7;5.214;654.2;1.549;318.8;4.192;60;0;0;7.255;7.380;7.345;1681;1713;1709;49.98;49.98;49.98;11923;1000;0.0;0;1.0000;0;2;23618;23618;23618
60;2014-11-10 14:11:00;909402N262;5111;23.704;44;233;233;233;234;7.341;49.98;548.3;5.230;654.2;1.549;318.9;4.191;60;0;0;7.276;7.380;7.368;1685;1710;1714;49.98;49.98;49.98;11923;1000;0.0;0;1.0000;0;2;23704;23704;23704
60;2014-11-10 14:12:00;909402N262;5125;23.789;44;233;233;233;234;7.363;49.98;548.3;5.248;653.9;1.555;318.6;4.200;60;0;0;7.303;7.389;7.398;1692;1711;1720;49.98;49.98;49.98;11923;1000;0.0;0;1.0000;0;2;23789;23789;23789
60;2014-11-10 14:13:00;909402N262;5192;23.877;44;233;232;233;233;7.465;49.98;548.5;5.321;654.6;1.573;318.0;4.248;60;0;0;7.385;7.509;7.502;1706;1740;1743;49.98;49.98;49.98;11923;1000;0.0;0;1.0000;0;2;23877;23877;23877
60;2014-11-10 14:14:00;909402N262;5137;23.961;44;233;233;233;233;7.389;49.99;548.1;5.280;654.2;1.559;317.3;4.202;60;0;0;7.324;7.427;7.416;1695;1720;1721;49.99;49.99;49.99;11923;1000;0.0;0;1.0000;0;2;23961;23961;23961
60;2014-11-10 14:15:00;909402N262;5131;24.047;44;233;232;233;233;7.381;49.99;547.5;5.284;653.8;1.560;316.2;4.194;60;0;0;7.321;7.433;7.390;1694;1723;1713;49.99;49.99;49.99;11923;1000;0.0;0;1.0000;0;2;24047;24047;24047
60;2014-11-10 14:16:00;909402N262;5062;24.132;44;233;233;233;233;7.280;49.98;543.0;5.273;632.7;1.592;316.1;4.157;60;0;0;7.233;7.342;7.265;1675;1705;1681;49.98;49.98;49.98;11923;1000;0.0;0;1.0000;0;2;24132;24132;24132
60;2014-11-10 14:17:00;909402N262;5072;24.216;44;233;233;233;232;7.292;49.99;546.6;5.240;617.9;1.643;314.0;4.142;60;0;0;7.264;7.342;7.272;1684;1704;1681;49.99;49.99;49.99;11923;1000;0.0;0;1.0000;0;2;24216;24216;24216
60;2014-11-10 14:18:00;909402N262;5027;24.300;44;233;233;233;232;7.233;49.99;546.4;5.209;617.8;1.631;311.1;4.117;60;0;0;7.212;7.289;7.199;1673;1692;1660;49.99;49.99;49.99;11923;1000;0.0;0;1.0000;0;2;24300;24300;24300
60;2014-11-10 14:19:00;909402N262;4896;24.382;44;233;233;233;232;7.052;49.98;545.9;5.106;617.4;1.597;302.6;4.051;60;0;0;7.019;7.111;7.026;1626;1649;1618;49.98;49.98;49.98;11923;1000;0.0;0;1.0000;0;2;24382;24382;24382
60;2014-11-10 14:20:00;909402N262;4934;24.464;44;233;233;234;232;7.099;49.98;547.1;5.154;617.8;1.609;297.1;4.128;60;0;0;7.067;7.158;7.072;1639;1663;1631;49.98;49.98;49.98;11923;1000;0.0;0;1.0000;0;2;24464;24464;24464
60;2014-11-10 14:21:00;909402N262;5020;24.547;44;233;233;233;232;7.221;49.98;547.9;5.242;618.5;1.636;297.0;4.190;60;0;0;7.194;7.275;7.196;1669;1689;1660;49.98;49.98;49.98;11923;1000;0.0;0;1.0000;0;2;24547;24547;24547
60;2014-11-10 14:22:00;909402N262;5004;24.631;44;233;233;233;232;7.207;49.98;548.8;5.241;619.1;1.634;291.4;4.198;60;0;0;7.171;7.262;7.189;1662;1683;1657;49.98;49.98;49.98;11923;1000;0.0;0;1.0000;0;2;24631;24631;24631
60;2014-11-10 14:23:00;909402N262;4927;24.713;44;232;233;233;232;7.101;49.99;549.1;5.166;619.1;1.608;289.1;4.152;60;0;0;7.067;7.156;7.080;1637;1657;1630;49.99;49.99;49.99;11923;1000;0.0;0;1.0000;0;2;24713;24713;24713
60;2014-11-10 14:24:00;909402N262;4840;24.794;44;233;233;233;232;6.974;50.00;548.6;5.088;618.9;1.579;288.3;4.079;60;0;0;6.933;7.044;6.947;1606;1632;1600;50.00;50.00;50.00;11923;1000;0.0;0;1.0000;0;2;24794;24794;24794
60;2014-11-10 14:25:00;909402N262;4828;24.875;44;233;233;233;232;6.959;50.00;548.7;5.098;618.8;1.581;274.5;4.225;60;0;0;6.906;7.043;6.929;1596;1634;1596;50.00;50.00;50.00;11923;1000;0.0;0;1.0000;0;2;24875;24875;24875
60;2014-11-10 14:26:00;909402N262;4770;24.954;44;233;232;234;232;6.874;50.00;547.5;5.047;618.2;1.562;271.3;4.220;60;0;0;6.819;6.955;6.849;1575;1614;1578;50.00;50.00;50.00;11923;1000;0.0;0;1.0000;0;2;24954;24954;24954
60;2014-11-10 14:27:00;909402N262;4719;25.032;44;232;232;234;232;6.806;50.00;546.5;5.002;617.0;1.547;266.2;4.261;60;0;0;6.737;6.896;6.786;1553;1601;1563;50.00;50.00;50.00;11923;1000;0.0;0;1.0000;0;2;25032;25032;25032
60;2014-11-10 14:28:00;909402N262;4644;25.110;44;232;232;234;231;6.710;50.00;546.8;4.922;616.3;1.522;265.1;4.209;60;0;0;6.651;6.809;6.671;1531;1580;1531;50.00;50.00;50.00;11923;1000;0.0;0;1.0000;0;2;25110;25110;25110
60;2014-11-10 14:29:00;909402N262;4569;25.187;44;232;232;234;231;6.603;50.00;547.8;4.851;616.5;1.498;259.1;4.204;60;0;0;6.553;6.693;6.563;1510;1552;1505;50.00;50.00;50.00;11923;1000;0.0;0;1.0000;0;2;25187;25187;25187
60;2014-11-10 14:30:00;909402N262;4463;25.260;44;232;232;233;231;6.459;50.01;548.9;4.738;616.7;1.460;254.4;4.161;60;0;0;6.407;6.544;6.428;1474;1514;1472;50.01;50.01;50.01;11923;1000;0.0;0;1.0000;0;2;25260;25260;25260
60;2014-11-10 14:31:00;909402N262;3925;25.326;44;234;234;235;233;5.659;50.00;543.8;4.208;608.7;1.296;252.6;3.709;60;0;0;5.605;5.733;5.639;1294;1332;1296;50.00;50.00;50.00;11923;1000;0.0;0;1.0000;0;2;25326;25326;25326
60;2014-11-10 14:32:00;909402N262;4112;25.395;44;235;235;235;235;5.902;50.00;550.3;4.370;616.4;1.340;253.5;3.832;60;0;0;5.841;5.956;5.910;1354;1386;1370;50.00;50.00;50.00;11923;1000;0.0;0;1.0000;0;2;25395;25395;25395
60;2014-11-10 14:33:00;909402N262;4182;25.465;44;235;235;235;235;5.991;50.00;550.7;4.449;616.9;1.362;254.9;3.856;60;0;0;5.925;6.044;6.005;1376;1407;1397;50.00;50.00;50.00;11923;1000;0.0;0;1.0000;0;2;25465;25465;25465
60;2014-11-10 14:34:00;909402N262;4199;25.534;44;235;235;236;235;6.013;50.00;550.8;4.496;617.1;1.375;251.0;3.852;60;0;0;5.948;6.062;6.030;1382;1412;1403;50.00;50.00;50.00;11923;1000;0.0;0;1.0000;0;2;25534;25534;25534
60;2014-11-10 14:35:00;909402N262;4118;25.602;44;236;236;236;235;5.903;50.00;551.3;4.449;617.1;1.360;250.7;3.658;60;0;0;5.845;5.952;5.912;1359;1386;1371;50.00;50.00;50.00;11923;1000;0.0;0;1.0000;0;2;25602;25602;25602
60;2014-11-10 14:36:00;909402N262;4054;25.671;44;236;236;236;235;5.808;49.99;551.6;4.384;616.7;1.338;250.7;3.588;60;0;0;5.766;5.852;5.806;1342;1362;1348;49.99;49.99;49.99;11923;1000;0.0;0;1.0000;0;2;25671;25671;25671
60;2014-11-10 14:37:00;909402N262;4085;25.738;44;236;236;236;235;5.850;49.99;551.9;4.417;616.9;1.347;250.7;3.615;60;0;0;5.807;5.892;5.852;1352;1371;1360;49.99;49.99;49.99;11923;1000;0.0;0;1.0000;0;2;25738;25738;25738
60;2014-11-10 14:38:00;909402N262;4022;25.805;44;236;236;236;236;5.767;50.00;552.1;4.389;617.0;1.335;250.7;3.441;60;0;0;5.707;5.808;5.788;1327;1350;1344;50.00;50.00;50.00;11923;1000;0.0;0;1.0000;0;2;25805;25805;25805
60;2014-11-10 14:39:00;909402N262;3952;25.872;44;235;236;236;235;5.667;50.01;552.8;4.406;617.3;1.339;250.7;3.086;60;0;0;5.617;5.714;5.671;1307;1328;1315;50.01;50.01;50.01;11923;1000;0.0;0;1.0000;0;2;25872;25872;25872
60;2014-11-10 14:40:00;909402N262;3743;25.934;44;236;236;236;235;5.370;50.00;553.5;4.340;617.4;1.315;250.8;2.404;60;0;0;5.326;5.414;5.372;1239;1258;1245;50.00;50.00;50.00;11923;1000;0.0;0;1.0000;0;2;25934;25934;25934
60;2014-11-10 14:41:00;909402N262;3479;25.992;44;235;236;236;235;5.007;50.01;554.4;4.205;617.7;1.271;250.8;1.700;60;0;0;4.962;5.051;5.008;1151;1170;1157;50.01;50.01;50.01;11923;1000;0.0;0;1.0000;0;2;25992;25992;25992
60;2014-11-10 14:42:00;909402N262;3238;26.046;44;235;236;235;234;4.676;50.00;555.0;4.022;617.5;1.213;250.8;1.253;60;0;0;4.646;4.718;4.664;1075;1089;1071;50.00;50.00;50.00;11923;1000;0.0;0;1.0000;0;2;26046;26046;26046
60;2014-11-10 14:43:00;909402N262;3262;26.101;44;235;236;236;234;4.711;50.01;556.0;4.096;618.5;1.234;250.7;1.105;60;0;0;4.667;4.762;4.704;1078;1101;1080;50.01;50.01;50.01;11923;1000;0.0;0;1.0000;0;2;26101;26101;26101
60;2014-11-10 14:44:00;909402N262;3141;26.152;44;235;235;236;235;4.546;50.00;556.8;3.958;618.4;1.189;250.8;1.016;60;0;0;4.494;4.600;4.545;1034;1061;1044;50.00;50.00;50.00;11923;1000;0.0;0;1.0000;0;2;26152;26152;26152
60;2014-11-10 14:45:00;909402N262;3075;26.204;44;235;235;236;235;4.454;50.00;556.7;3.894;618.6;1.168;252.2;0.935;60;0;0;4.389;4.507;4.468;1007;1040;1026;50.00;50.00;50.00;11923;1000;0.0;0;1.0000;0;2;26204;26204;26204
60;2014-11-10 14:46:00;909402N262;3130;26.256;43;235;235;236;235;4.524;50.01;552.9;4.030;606.1;1.220;256.7;0.883;60;0;0;4.471;4.562;4.539;1028;1057;1043;50.01;50.01;50.01;11923;1000;0.0;0;1.0000;0;2;26256;26256;26256
60;2014-11-10 14:47:00;909402N262;3187;26.309;43;235;235;236;235;4.606;50.01;556.9;4.070;619.4;1.218;258.5;0.848;60;0;0;4.530;4.658;4.631;1041;1078;1067;50.01;50.01;50.01;11923;1000;0.0;0;1.0000;0;2;26309;26309;26309
60;2014-11-10 14:48:00;909402N262;3220;26.362;43;236;236;236;235;4.646;50.01;556.5;4.125;619.5;1.234;270.4;0.795;60;0;0;4.591;4.693;4.655;1059;1086;1073;50.01;50.01;50.01;11923;1000;0.0;0;1.0000;0;2;26362;26362;26362
60;2014-11-10 14:49:00;909402N262;3093;26.415;43;234;234;234;233;4.495;50.02;555.7;3.963;618.6;1.184;269.2;0.777;60;0;0;4.441;4.548;4.496;1018;1045;1028;50.02;50.02;50.02;11923;1000;0.0;0;1.0000;0;2;26415;26415;26415
60;2014-11-10 14:50:00;909402N262;2965;26.464;43;233;232;234;232;4.334;50.02;555.8;3.796;618.1;1.131;268.0;0.760;60;0;0;4.273;4.394;4.337;971;1005;986;50.02;50.02;50.02;11923;1000;0.0;0;1.0000;0;2;26464;26464;26464
60;2014-11-10 14:51:00;909402N262;2789;26.511;43;233;232;234;233;4.086;50.01;556.7;3.560;617.9;1.059;266.8;0.743;60;0;0;4.011;4.139;4.110;906;945;936;50.01;50.01;50.01;11923;1000;0.0;0;1.0000;0;2;26511;26511;26511
60;2014-11-10 14:52:00;909402N262;2861;26.559;43;233;232;234;233;4.188;50.01;558.2;3.653;619.3;1.086;266.8;0.739;60;0;0;4.114;4.245;4.205;931;971;958;50.01;50.01;50.01;11923;1000;0.0;0;1.0000;0;2;26559;26559;26559
60;2014-11-10 14:53:00;909402N262;2898;26.607;43;233;232;234;233;4.241;50.01;558.7;3.704;620.3;1.097;266.7;0.735;60;0;0;4.162;4.302;4.259;941;984;971;50.01;50.01;50.01;11923;1000;0.0;0;1.0000;0;2;26607;26607;26607
60;2014-11-10 14:54:00;909402N262;2838;26.654;43;233;231;234;233;4.161;50.02;558.7;3.626;619.6;1.073;266.3;0.728;60;0;0;4.086;4.220;4.179;922;963;952;50.02;50.02;50.02;11923;1000;0.0;0;1.0000;0;2;26654;26654;26654
60;2014-11-10 14:55:00;909402N262;2640;26.697;43;233;231;234;233;3.888;50.03;558.6;3.366;618.2;0.995;264.8;0.709;60;0;0;3.813;3.946;3.906;855;898;885;50.03;50.03;50.03;11923;1000;0.0;0;1.0000;0;2;26697;26697;26697
60;2014-11-10 14:56:00;909402N262;2843;26.745;43;232;230;234;232;4.171;50.02;559.4;3.639;620.1;1.072;265.5;0.713;60;0;0;4.088;4.246;4.179;920;973;949;50.02;50.02;50.02;11923;1000;0.0;0;1.0000;0;2;26745;26745;26745
60;2014-11-10 14:57:00;909402N262;2653;26.789;43;233;232;234;232;3.902;50.02;559.6;3.370;630.5;0.967;309.4;0.647;60;0;0;3.840;3.962;3.905;867;902;882;50.02;50.02;50.02;11923;1000;0.0;0;1.0000;0;2;26789;26789;26789
60;2014-11-10 14:58:00;909402N262;2339;26.829;43;233;232;234;233;3.471;50.03;559.8;2.957;645.2;0.814;317.2;0.615;60;0;0;3.404;3.521;3.488;760;794;783;50.03;50.03;50.03;11923;1000;0.0;0;1.0000;0;2;26829;26829;26829
60;2014-11-10 14:59:00;909402N262;2255;26.866;43;233;232;234;233;3.353;50.02;560.8;2.856;639.2;0.779;315.2;0.604;60;0;0;3.289;3.399;3.373;733;764;756;50.02;50.02;50.02;11923;1000;0.0;0;1.0000;0;2;26866;26866;26866
60;2014-11-10 15:00:00;909402N262;2390;26.906;43;233;232;234;233;3.540;50.01;563.0;3.050;628.3;0.825;314.7;0.608;60;0;0;3.476;3.588;3.556;778;810;800;50.01;50.01;50.01;11923;1000;0.0;0;1.0000;0;2;26906;26906;26906
[wr_ende]
