20150404;150003;danfoss;My Plant;+0100
[wr_def_start]
909402N262;Inverter Type;Inverter Group;Hanzl
[wr_def_end]
[wr]
INTERVAL;TIMESTAMP;SERIAL;P_AC;E_DAY;T_WR;U_AC;U_AC_1;U_AC_2;U_AC_3;I_AC;F_AC;U_DC_1;I_DC_1;U_DC_2;I_DC_2;U_DC_3;I_DC_3;S;E_WR;M_WR;I_AC_1;I_AC_2;I_AC_3;P_AC_1;P_AC_2;P_AC_3;F_AC_1;F_AC_2;F_AC_3;R_DC;PC;PCS;PCS_LL;COS_PHI;COS_PHI_LL;S_COS_PHI;Current_Day_Energy;current_Day_Offset;ccEnergyOfDay_WithoutOffset
60;2015-04-04 14:00:00;909402N262;3068;19.099;41;234;234;234;234;4.485;49.99;579.9;2.018;675.9;1.324;795.0;1.290;60;0;0;4.427;4.531;4.499;1008;1034;1025;49.99;49.99;49.99;25142;1000;0.0;0;0.9889;1;2;19099;19099;19099
60;2015-04-04 14:01:00;909402N262;3012;19.149;41;234;234;234;234;4.405;49.99;576.3;1.999;657.8;1.321;794.2;1.281;60;0;0;4.352;4.436;4.428;989;1013;1008;49.99;49.99;49.99;25142;1000;0.0;0;0.9889;1;2;19149;19149;19149
60;2015-04-04 14:02:00;909402N262;3017;19.199;41;234;233;234;234;4.432;49.98;580.7;1.981;675.7;1.301;795.6;1.269;60;0;0;4.370;4.474;4.454;988;1016;1011;49.98;49.98;49.98;25142;1000;0.0;0;0.9889;1;2;19199;19199;19199
60;2015-04-04 14:03:00;909402N262;3016;19.249;41;234;233;235;234;4.427;49.98;581.4;1.978;676.0;1.299;795.6;1.268;60;0;0;4.365;4.470;4.448;986;1017;1010;49.98;49.98;49.98;25142;1000;0.0;0;0.9889;1;2;19249;19249;19249
60;2015-04-04 14:04:00;909402N262;3040;19.300;41;234;233;235;234;4.463;49.97;581.7;1.995;676.0;1.309;795.6;1.279;60;0;0;4.404;4.510;4.477;996;1026;1016;49.97;49.97;49.97;25142;1000;0.0;0;0.9889;1;2;19300;19300;19300
60;2015-04-04 14:05:00;909402N262;3073;19.351;41;233;233;234;233;4.518;49.97;581.7;2.017;675.7;1.323;795.6;1.292;60;0;0;4.464;4.575;4.516;1008;1041;1022;49.97;49.97;49.97;25142;1000;0.0;0;0.9889;1;2;19351;19351;19351
60;2015-04-04 14:06:00;909402N262;3100;19.403;41;234;234;235;232;4.552;49.98;581.6;2.036;675.7;1.335;795.6;1.304;60;0;0;4.511;4.609;4.537;1023;1051;1024;49.98;49.98;49.98;25142;1000;0.0;0;0.9889;1;2;19403;19403;19403
60;2015-04-04 14:07:00;909402N262;3116;19.454;41;233;234;234;232;4.574;49.98;581.5;2.046;676.0;1.342;795.7;1.309;60;0;0;4.544;4.620;4.559;1031;1053;1029;49.98;49.98;49.98;25142;1000;0.0;0;0.9889;1;2;19454;19454;19454
60;2015-04-04 14:08:00;909402N262;3134;19.507;41;234;233;235;233;4.596;49.99;581.3;2.058;676.2;1.350;795.6;1.317;60;0;0;4.549;4.648;4.591;1031;1060;1041;49.99;49.99;49.99;25142;1000;0.0;0;0.9889;1;2;19507;19507;19507
60;2015-04-04 14:09:00;909402N262;3147;19.559;41;234;234;235;233;4.608;49.99;581.4;2.066;676.8;1.355;795.6;1.322;60;0;0;4.562;4.663;4.600;1036;1066;1042;49.99;49.99;49.99;25142;1000;0.0;0;0.9889;1;2;19559;19559;19559
60;2015-04-04 14:10:00;909402N262;3153;19.613;41;234;234;235;233;4.617;49.99;581.5;2.069;677.3;1.358;795.6;1.325;60;0;0;4.566;4.672;4.613;1037;1068;1046;49.99;49.99;49.99;25142;1000;0.0;0;0.9889;1;2;19613;19613;19613
60;2015-04-04 14:11:00;909402N262;3156;19.664;41;234;234;235;233;4.618;50.00;581.6;2.070;677.4;1.360;795.6;1.327;60;0;0;4.570;4.671;4.614;1039;1066;1048;50.00;50.00;50.00;25142;1000;0.0;0;0.9889;1;2;19664;19664;19664
60;2015-04-04 14:12:00;909402N262;3160;19.716;41;234;235;235;233;4.622;50.00;581.9;2.071;677.8;1.363;795.7;1.328;60;0;0;4.582;4.672;4.613;1046;1067;1045;50.00;50.00;50.00;25142;1000;0.0;0;0.9889;1;2;19716;19716;19716
60;2015-04-04 14:13:00;909402N262;3168;19.770;41;234;235;235;233;4.637;50.00;582.1;2.075;677.7;1.366;795.7;1.331;60;0;0;4.602;4.687;4.624;1049;1070;1047;50.00;50.00;50.00;25142;1000;0.0;0;0.9889;1;2;19770;19770;19770
60;2015-04-04 14:14:00;909402N262;3182;19.823;41;234;234;235;233;4.654;49.99;582.1;2.085;677.6;1.372;795.6;1.336;60;0;0;4.599;4.708;4.655;1046;1077;1057;49.99;49.99;49.99;25142;1000;0.0;0;0.9889;1;2;19823;19823;19823
60;2015-04-04 14:15:00;909402N262;3188;19.876;41;234;234;235;233;4.660;49.98;581.9;2.090;677.7;1.374;795.6;1.339;60;0;0;4.608;4.716;4.658;1049;1080;1058;49.98;49.98;49.98;25142;1000;0.0;0;0.9889;1;2;19876;19876;19876
60;2015-04-04 14:16:00;909402N262;3179;19.929;41;234;234;235;234;4.650;49.98;578.1;2.107;665.6;1.388;794.7;1.350;60;0;0;4.603;4.692;4.656;1048;1074;1060;49.98;49.98;49.98;25142;1000;0.0;0;0.9889;1;2;19929;19929;19929
60;2015-04-04 14:17:00;909402N262;3246;19.983;41;234;234;234;235;4.725;49.99;580.9;2.133;676.8;1.400;795.0;1.364;60;0;0;4.662;4.760;4.753;1064;1088;1091;49.99;49.99;49.99;25142;1000;0.0;0;0.9889;1;2;19983;19983;19983
60;2015-04-04 14:18:00;909402N262;3261;20.037;41;234;234;234;235;4.747;49.98;580.7;2.146;675.7;1.408;795.0;1.371;60;0;0;4.697;4.774;4.772;1075;1091;1094;49.98;49.98;49.98;25142;1000;0.0;0;0.9889;1;2;20037;20037;20037
60;2015-04-04 14:19:00;909402N262;3209;20.091;41;234;234;234;234;4.677;49.98;580.6;2.110;675.1;1.388;794.9;1.348;60;0;0;4.628;4.708;4.697;1058;1075;1074;49.98;49.98;49.98;25142;1000;0.0;0;0.9889;1;2;20091;20091;20091
60;2015-04-04 14:20:00;909402N262;3125;20.144;41;234;234;234;234;4.564;49.98;581.3;2.051;675.1;1.350;795.0;1.314;60;0;0;4.515;4.608;4.569;1028;1053;1043;49.98;49.98;49.98;25142;1000;0.0;0;0.9889;1;2;20144;20144;20144
60;2015-04-04 14:21:00;909402N262;3045;20.195;41;234;234;235;234;4.450;49.97;581.8;1.995;675.5;1.314;794.9;1.281;60;0;0;4.409;4.482;4.461;1004;1023;1016;49.97;49.97;49.97;25142;1000;0.0;0;0.9889;1;2;20195;20195;20195
60;2015-04-04 14:22:00;909402N262;2980;20.243;41;234;235;234;234;4.356;49.97;582.6;1.947;675.4;1.287;794.9;1.255;60;0;0;4.320;4.386;4.362;986;999;993;49.97;49.97;49.97;25142;1000;0.0;0;0.9889;1;2;20243;20243;20243
60;2015-04-04 14:23:00;909402N262;2934;20.293;41;234;235;234;235;4.296;49.97;583.1;1.915;675.1;1.267;794.7;1.236;60;0;0;4.258;4.320;4.311;969;982;982;49.97;49.97;49.97;25142;1000;0.0;0;0.9889;1;2;20293;20293;20293
60;2015-04-04 14:24:00;909402N262;2901;20.341;41;234;235;234;234;4.254;49.97;583.5;1.891;674.9;1.253;794.7;1.222;60;0;0;4.217;4.278;4.267;958;971;970;49.97;49.97;49.97;25142;1000;0.0;0;0.9889;1;2;20341;20341;20341
60;2015-04-04 14:25:00;909402N262;2893;20.389;41;234;234;234;234;4.239;49.99;583.5;1.887;675.1;1.249;794.7;1.217;60;0;0;4.184;4.271;4.262;948;972;971;49.99;49.99;49.99;25142;1000;0.0;0;0.9889;1;2;20389;20389;20389
60;2015-04-04 14:26:00;909402N262;2873;20.437;41;235;234;235;235;4.207;49.99;583.4;1.874;675.4;1.239;794.8;1.209;60;0;0;4.143;4.247;4.231;938;968;964;49.99;49.99;49.99;25142;1000;0.0;0;0.9889;1;2;20437;20437;20437
60;2015-04-04 14:27:00;909402N262;2853;20.485;41;235;234;236;235;4.176;49.99;583.0;1.863;675.5;1.231;794.8;1.201;60;0;0;4.100;4.233;4.196;927;967;958;49.99;49.99;49.99;25142;1000;0.0;0;0.9889;1;2;20485;20485;20485
60;2015-04-04 14:28:00;909402N262;2851;20.533;41;235;234;236;236;4.171;49.98;583.3;1.864;675.6;1.229;794.9;1.197;60;0;0;4.085;4.223;4.207;924;965;961;49.98;49.98;49.98;25142;1000;0.0;0;0.9889;1;2;20533;20533;20533
60;2015-04-04 14:29:00;909402N262;2834;20.580;41;235;235;235;235;4.151;49.98;583.7;1.852;675.9;1.220;794.8;1.189;60;0;0;4.088;4.186;4.180;928;952;953;49.98;49.98;49.98;25142;1000;0.0;0;0.9889;1;2;20580;20580;20580
60;2015-04-04 14:30:00;909402N262;2799;20.626;41;234;235;234;234;4.109;49.98;583.7;1.830;675.8;1.206;795.0;1.172;60;0;0;4.059;4.138;4.132;922;938;937;49.98;49.98;49.98;25142;1000;0.0;0;0.9889;1;2;20626;20626;20626
60;2015-04-04 14:31:00;909402N262;2751;20.673;41;234;235;234;234;4.048;49.99;578.9;1.821;660.8;1.204;793.3;1.165;60;0;0;4.012;4.068;4.064;906;918;921;49.99;49.99;49.99;25142;1000;0.0;0;0.9889;1;2;20673;20673;20673
60;2015-04-04 14:32:00;909402N262;2751;20.718;41;234;234;234;234;4.060;49.98;583.0;1.801;674.7;1.188;795.4;1.151;60;0;0;4.012;4.092;4.078;905;924;919;49.98;49.98;49.98;25142;1000;0.0;0;0.9889;1;2;20718;20718;20718
60;2015-04-04 14:33:00;909402N262;2696;20.762;41;234;235;235;234;3.988;49.98;582.8;1.764;674.7;1.166;794.9;1.129;60;0;0;3.939;4.029;3.996;888;909;898;49.98;49.98;49.98;25142;1000;0.0;0;0.9889;1;2;20762;20762;20762
60;2015-04-04 14:34:00;909402N262;2663;20.807;41;234;235;235;234;3.948;49.99;582.2;1.742;674.6;1.153;794.0;1.117;60;0;0;3.911;3.981;3.954;881;895;885;49.99;49.99;49.99;25142;1000;0.0;0;0.9889;1;2;20807;20807;20807
60;2015-04-04 14:35:00;909402N262;2625;20.852;41;234;235;234;234;3.908;49.99;581.4;1.719;674.7;1.136;792.7;1.102;60;0;0;3.868;3.945;3.912;867;883;873;49.99;49.99;49.99;25142;1000;0.0;0;0.9889;1;2;20852;20852;20852
60;2015-04-04 14:36:00;909402N262;2585;20.894;41;234;234;234;234;3.859;49.99;580.2;1.695;674.6;1.121;792.3;1.085;60;0;0;3.815;3.893;3.871;851;867;864;49.99;49.99;49.99;25142;1000;0.0;0;0.9889;1;2;20894;20894;20894
60;2015-04-04 14:37:00;909402N262;2548;20.937;41;234;235;234;233;3.809;49.99;579.0;1.673;674.5;1.105;791.7;1.070;60;0;0;3.770;3.846;3.812;843;856;847;49.99;49.99;49.99;25142;1000;0.0;0;0.9889;1;2;20937;20937;20937
60;2015-04-04 14:38:00;909402N262;2507;20.979;41;234;235;234;233;3.756;49.98;578.6;1.649;674.3;1.088;788.6;1.056;60;0;0;3.717;3.806;3.745;828;848;829;49.98;49.98;49.98;25142;1000;0.0;0;0.9889;1;2;20979;20979;20979
60;2015-04-04 14:39:00;909402N262;2463;21.020;40;233;234;234;233;3.701;49.99;578.6;1.619;673.8;1.071;787.7;1.037;60;0;0;3.660;3.741;3.702;813;830;818;49.99;49.99;49.99;25142;1000;0.0;0;0.9889;1;2;21020;21020;21020
60;2015-04-04 14:40:00;909402N262;2417;21.060;40;234;234;234;233;3.637;49.99;579.3;1.587;673.9;1.050;786.6;1.019;60;0;0;3.594;3.673;3.644;796;814;805;49.99;49.99;49.99;25142;1000;0.0;0;0.9889;1;2;21060;21060;21060
60;2015-04-04 14:41:00;909402N262;2366;21.099;40;234;234;234;233;3.567;49.98;579.5;1.554;674.2;1.028;786.9;0.998;60;0;0;3.524;3.599;3.580;778;796;790;49.98;49.98;49.98;25142;1000;0.0;0;0.9889;1;2;21099;21099;21099
60;2015-04-04 14:42:00;909402N262;2323;21.137;40;234;234;233;234;3.511;49.98;579.5;1.526;674.8;1.006;784.8;0.982;60;0;0;3.470;3.532;3.532;765;776;780;49.98;49.98;49.98;25142;1000;0.0;0;0.9889;1;2;21137;21137;21137
60;2015-04-04 14:43:00;909402N262;2286;21.176;40;234;234;234;235;3.456;49.97;579.3;1.502;674.9;0.989;784.5;0.967;60;0;0;3.405;3.482;3.482;749;766;769;49.97;49.97;49.97;25142;1000;0.0;0;0.9889;1;2;21176;21176;21176
60;2015-04-04 14:44:00;909402N262;2253;21.214;40;234;235;234;234;3.409;49.98;578.7;1.481;675.2;0.972;784.2;0.954;60;0;0;3.359;3.441;3.429;739;757;755;49.98;49.98;49.98;25142;1000;0.0;0;0.9889;1;2;21214;21214;21214
60;2015-04-04 14:45:00;909402N262;2218;21.250;40;234;235;234;234;3.362;49.97;578.3;1.459;676.1;0.955;783.6;0.941;60;0;0;3.307;3.397;3.382;726;746;743;49.97;49.97;49.97;25142;1000;0.0;0;0.9889;1;2;21250;21250;21250
60;2015-04-04 14:46:00;909402N262;2161;21.286;40;234;235;234;234;3.281;49.97;572.8;1.444;659.5;0.948;782.1;0.931;60;0;0;3.231;3.316;3.297;709;727;723;49.97;49.97;49.97;25142;1000;0.0;0;0.9889;1;2;21286;21286;21286
60;2015-04-04 14:47:00;909402N262;2176;21.324;40;234;234;234;235;3.306;49.98;578.4;1.431;677.3;0.935;784.5;0.922;60;0;0;3.242;3.341;3.335;709;732;733;49.98;49.98;49.98;25142;1000;0.0;0;0.9889;1;2;21324;21324;21324
60;2015-04-04 14:48:00;909402N262;2164;21.360;40;235;235;235;235;3.285;49.99;578.8;1.421;676.8;0.932;784.2;0.917;60;0;0;3.225;3.327;3.303;706;731;726;49.99;49.99;49.99;25142;1000;0.0;0;0.9889;1;2;21360;21360;21360
60;2015-04-04 14:49:00;909402N262;2153;21.396;40;234;234;235;235;3.271;49.99;578.9;1.412;676.6;0.928;784.6;0.912;60;0;0;3.212;3.314;3.288;703;727;721;49.99;49.99;49.99;25142;1000;0.0;0;0.9889;1;2;21396;21396;21396
60;2015-04-04 14:50:00;909402N262;2137;21.431;40;234;234;235;234;3.253;49.99;578.8;1.401;677.3;0.920;784.4;0.906;60;0;0;3.197;3.300;3.264;697;724;715;49.99;49.99;49.99;25142;1000;0.0;0;0.9889;1;2;21431;21431;21431
60;2015-04-04 14:51:00;909402N262;2119;21.466;40;235;234;235;235;3.227;50.01;579.0;1.388;678.1;0.910;784.5;0.899;60;0;0;3.167;3.271;3.243;690;717;710;50.01;50.01;50.01;25142;1000;0.0;0;0.9889;1;2;21466;21466;21466
60;2015-04-04 14:52:00;909402N262;2095;21.501;40;235;234;235;235;3.192;50.00;579.8;1.371;678.6;0.899;784.4;0.889;60;0;0;3.119;3.237;3.221;678;708;707;50.00;50.00;50.00;25142;1000;0.0;0;0.9889;1;2;21501;21501;21501
60;2015-04-04 14:53:00;909402N262;2074;21.535;40;235;234;235;236;3.166;50.01;580.2;1.356;678.3;0.890;784.3;0.880;60;0;0;3.097;3.204;3.198;672;699;702;50.01;50.01;50.01;25142;1000;0.0;0;0.9889;1;2;21535;21535;21535
60;2015-04-04 14:54:00;909402N262;2049;21.570;40;234;233;234;236;3.134;50.00;580.4;1.339;677.7;0.880;783.7;0.870;60;0;0;3.064;3.165;3.175;663;689;696;50.00;50.00;50.00;25142;1000;0.0;0;0.9889;1;2;21570;21570;21570
60;2015-04-04 14:55:00;909402N262;2025;21.603;40;234;233;234;236;3.102;50.00;580.6;1.322;676.9;0.871;783.5;0.859;60;0;0;3.036;3.132;3.140;656;679;688;50.00;50.00;50.00;25142;1000;0.0;0;0.9889;1;2;21603;21603;21603
60;2015-04-04 14:56:00;909402N262;2001;21.637;40;235;234;234;236;3.068;49.99;581.4;1.306;677.1;0.858;784.3;0.848;60;0;0;3.005;3.096;3.105;649;671;679;49.99;49.99;49.99;25142;1000;0.0;0;0.9889;1;2;21637;21637;21637
60;2015-04-04 14:57:00;909402N262;1974;21.671;40;235;234;234;236;3.032;49.98;581.8;1.289;677.7;0.843;785.0;0.836;60;0;0;2.964;3.065;3.067;640;664;669;49.98;49.98;49.98;25142;1000;0.0;0;0.9889;1;2;21671;21671;21671
60;2015-04-04 14:58:00;909402N262;1946;21.703;40;234;233;235;236;2.997;49.98;582.2;1.272;677.1;0.832;783.3;0.825;60;0;0;2.926;3.042;3.024;627;660;658;49.98;49.98;49.98;25142;1000;0.0;0;0.9889;1;2;21703;21703;21703
60;2015-04-04 14:59:00;909402N262;1921;21.733;40;234;233;235;236;2.965;49.98;582.4;1.257;676.7;0.822;783.1;0.814;60;0;0;2.883;3.017;2.995;616;652;651;49.98;49.98;49.98;25142;1000;0.0;0;0.9889;1;2;21733;21733;21733
60;2015-04-04 15:00:00;909402N262;1895;21.766;40;235;234;235;236;2.923;49.98;582.9;1.241;677.2;0.809;783.2;0.802;60;0;0;2.852;2.977;2.942;611;644;638;49.98;49.98;49.98;25142;1000;0.0;0;0.9889;1;2;21766;21766;21766
[wr_ende]
