20141224;120002;danfoss;My Plant;+0100
[wr_def_start]
909402N262;Inverter Type;Inverter Group;Hanzl
[wr_def_end]
[wr]
INTERVAL;TIMESTAMP;SERIAL;P_AC;E_DAY;T_WR;U_AC;U_AC_1;U_AC_2;U_AC_3;I_AC;F_AC;U_DC_1;I_DC_1;U_DC_2;I_DC_2;U_DC_3;I_DC_3;S;E_WR;M_WR;I_AC_1;I_AC_2;I_AC_3;P_AC_1;P_AC_2;P_AC_3;F_AC_1;F_AC_2;F_AC_3;R_DC;PC;PCS;PCS_LL;COS_PHI;COS_PHI_LL;S_COS_PHI;Current_Day_Energy;current_Day_Offset;ccEnergyOfDay_WithoutOffset
60;2014-12-24 11:01:00;909402N262;2352;4.110;39;235;234;235;236;3.471;49.99;545.5;2.949;694.6;0.417;446.4;1.113;60;0;0;3.399;3.515;3.500;763;794;793;49.99;49.99;49.99;901;1000;0.0;0;1.0000;0;2;4110;4110;4110
60;2014-12-24 11:02:00;909402N262;2394;4.150;39;235;234;235;235;3.524;50.00;548.6;2.981;702.7;0.413;476.2;1.070;60;0;0;3.452;3.577;3.545;775;814;803;50.00;50.00;50.00;901;1000;0.0;0;1.0000;0;2;4150;4150;4150
60;2014-12-24 11:03:00;909402N262;2888;4.199;39;235;233;236;235;4.206;50.00;548.9;3.672;706.3;0.429;450.9;1.367;60;0;0;4.122;4.264;4.232;935;980;971;50.00;50.00;50.00;901;1000;0.0;0;1.0000;0;2;4199;4199;4199
60;2014-12-24 11:04:00;909402N262;2926;4.248;39;235;234;236;235;4.248;50.01;548.7;3.737;705.3;0.429;455.2;1.367;60;0;0;4.172;4.295;4.277;951;991;983;50.01;50.01;50.01;901;1000;0.0;0;1.0000;0;2;4248;4248;4248
60;2014-12-24 11:05:00;909402N262;3258;4.302;39;235;234;236;235;4.699;50.01;547.9;4.196;710.3;0.431;460.5;1.535;60;0;0;4.616;4.755;4.727;1059;1104;1093;50.01;50.01;50.01;901;1000;0.0;0;1.0000;0;2;4302;4302;4302
60;2014-12-24 11:06:00;909402N262;3685;4.364;39;235;233;236;235;5.294;50.00;545.7;4.792;714.1;0.435;471.2;1.745;60;0;0;5.203;5.364;5.315;1198;1251;1234;50.00;50.00;50.00;901;1000;0.0;0;1.0000;0;2;4364;4364;4364
60;2014-12-24 11:07:00;909402N262;3800;4.427;39;232;231;234;233;5.513;49.99;543.0;4.956;710.7;0.427;479.1;1.815;60;0;0;5.410;5.596;5.534;1233;1293;1273;49.99;49.99;49.99;901;1000;0.0;0;1.0000;0;2;4427;4427;4427
60;2014-12-24 11:08:00;909402N262;2983;4.477;39;232;231;234;233;4.371;50.00;542.9;3.846;709.1;0.387;474.8;1.406;60;0;0;4.286;4.433;4.395;966;1016;1000;50.00;50.00;50.00;901;1000;0.0;0;1.0000;0;2;4477;4477;4477
60;2014-12-24 11:09:00;909402N262;3307;4.531;39;233;231;234;233;4.817;50.01;541.8;4.297;708.0;0.394;473.7;1.588;60;0;0;4.732;4.871;4.849;1076;1119;1110;50.01;50.01;50.01;901;1000;0.0;0;1.0000;0;2;4531;4531;4531
60;2014-12-24 11:10:00;909402N262;2462;4.572;39;233;231;233;233;3.647;50.00;541.6;3.139;702.6;0.363;481.6;1.131;60;0;0;3.582;3.694;3.667;800;835;825;50.00;50.00;50.00;901;1000;0.0;0;1.0000;0;2;4572;4572;4572
60;2014-12-24 11:11:00;909402N262;2501;4.614;39;233;231;233;233;3.704;50.00;542.2;3.191;703.6;0.357;477.3;1.165;60;0;0;3.630;3.754;3.730;811;846;842;50.00;50.00;50.00;901;1000;0.0;0;1.0000;0;2;4614;4614;4614
60;2014-12-24 11:12:00;909402N262;2046;4.649;39;233;232;233;233;3.088;50.00;542.3;2.560;702.7;0.336;483.2;0.928;60;0;0;3.026;3.126;3.112;662;692;690;50.00;50.00;50.00;901;1000;0.0;0;1.0000;0;2;4649;4649;4649
60;2014-12-24 11:13:00;909402N262;2038;4.682;40;232;232;232;233;3.079;50.00;543.3;2.552;699.9;0.336;497.8;0.898;60;0;0;3.024;3.106;3.107;661;686;689;50.00;50.00;50.00;901;1000;0.0;0;1.0000;0;2;4682;4682;4682
60;2014-12-24 11:14:00;909402N262;2617;4.726;40;232;231;233;233;3.870;49.99;545.0;3.332;701.0;0.353;487.5;1.216;60;0;0;3.805;3.923;3.883;850;887;878;49.99;49.99;49.99;901;1000;0.0;0;1.0000;0;2;4726;4726;4726
60;2014-12-24 11:15:00;909402N262;2491;4.768;40;232;230;233;233;3.688;49.99;545.0;3.150;692.3;0.353;492.3;1.149;60;0;0;3.608;3.748;3.708;803;848;837;49.99;49.99;49.99;901;1000;0.0;0;1.0000;0;2;4768;4768;4768
60;2014-12-24 11:16:00;909402N262;2490;4.810;40;232;230;233;233;3.695;49.99;534.8;3.170;619.3;0.518;505.5;1.139;60;0;0;3.613;3.755;3.719;802;849;838;49.99;49.99;49.99;901;1000;0.0;0;1.0000;0;2;4810;4810;4810
60;2014-12-24 11:17:00;909402N262;3002;4.860;40;232;230;233;233;4.393;49.99;545.5;3.597;317.5;1.370;503.0;1.317;60;0;0;4.304;4.463;4.412;970;1022;1008;49.99;49.99;49.99;901;1000;0.0;0;1.0000;0;2;4860;4860;4860
60;2014-12-24 11:18:00;909402N262;3159;4.912;40;233;230;234;234;4.606;50.00;545.1;3.773;326.6;1.435;497.2;1.392;60;0;0;4.505;4.684;4.631;1018;1076;1063;50.00;50.00;50.00;901;1000;0.0;0;1.0000;0;2;4912;4912;4912
60;2014-12-24 11:19:00;909402N262;3345;4.968;40;233;231;233;233;4.866;50.00;544.3;3.993;328.9;1.530;497.0;1.473;60;0;0;4.781;4.923;4.895;1087;1131;1125;50.00;50.00;50.00;901;1000;0.0;0;1.0000;0;2;4968;4968;4968
60;2014-12-24 11:20:00;909402N262;3052;5.019;40;233;231;233;233;4.458;50.00;543.4;3.650;327.1;1.404;499.6;1.332;60;0;0;4.382;4.511;4.481;993;1032;1025;50.00;50.00;50.00;901;1000;0.0;0;1.0000;0;2;5019;5019;5019
60;2014-12-24 11:21:00;909402N262;2850;5.066;40;233;231;233;234;4.179;50.00;543.0;3.405;325.6;1.316;509.0;1.231;60;0;0;4.097;4.232;4.209;924;964;960;50.00;50.00;50.00;901;1000;0.0;0;1.0000;0;2;5066;5066;5066
60;2014-12-24 11:22:00;909402N262;2338;5.105;40;233;231;233;234;3.473;49.99;542.5;2.788;332.8;1.072;508.2;1.004;60;0;0;3.399;3.524;3.496;756;792;787;49.99;49.99;49.99;901;1000;0.0;0;1.0000;0;2;5105;5105;5105
60;2014-12-24 11:23:00;909402N262;1980;5.139;40;232;232;232;234;2.992;50.01;551.9;2.298;343.7;0.912;523.9;0.825;60;0;0;2.934;3.023;3.020;643;665;670;50.01;50.01;50.01;901;1000;0.0;0;1.0000;0;2;5139;5139;5139
60;2014-12-24 11:24:00;909402N262;1492;5.164;40;232;231;232;233;2.351;50.01;540.9;1.729;349.5;0.683;684.4;0.503;60;0;0;2.294;2.386;2.373;481;506;504;50.01;50.01;50.01;901;1000;0.0;0;1.0000;0;2;5164;5164;5164
60;2014-12-24 11:25:00;909402N262;1533;5.189;40;232;231;233;233;2.437;49.99;543.3;1.776;348.6;0.709;732.3;0.467;60;0;0;2.381;2.483;2.449;493;523;515;49.99;49.99;49.99;901;1000;0.0;0;1.0000;0;2;5189;5189;5189
60;2014-12-24 11:26:00;909402N262;1347;5.211;40;233;230;234;234;2.156;50.01;543.0;1.528;346.8;0.614;716.8;0.450;60;0;0;2.084;2.204;2.181;427;462;456;50.01;50.01;50.01;901;1000;0.0;0;1.0000;0;2;5211;5211;5211
60;2014-12-24 11:27:00;909402N262;1206;5.232;40;233;231;233;233;2.000;50.01;543.1;1.347;345.4;0.541;714.8;0.424;60;0;0;1.923;2.058;2.021;382;414;407;50.01;50.01;50.01;901;1000;0.0;0;1.0000;0;2;5232;5232;5232
60;2014-12-24 11:28:00;909402N262;1314;5.253;40;232;230;233;233;2.146;50.00;549.0;1.469;373.6;0.549;721.4;0.442;60;0;0;2.074;2.199;2.165;417;451;444;50.00;50.00;50.00;901;1000;0.0;0;1.0000;0;2;5253;5253;5253
60;2014-12-24 11:29:00;909402N262;1499;5.279;40;232;231;233;233;2.416;50.01;565.0;1.663;370.3;0.650;747.8;0.450;60;0;0;2.354;2.463;2.433;481;512;504;50.01;50.01;50.01;901;1000;0.0;0;1.0000;0;2;5279;5279;5279
60;2014-12-24 11:30:00;909402N262;1711;5.307;40;232;230;234;233;2.676;50.00;564.3;1.938;383.6;0.747;737.7;0.478;60;0;0;2.600;2.735;2.693;546;587;575;50.00;50.00;50.00;901;1000;0.0;0;1.0000;0;2;5307;5307;5307
60;2014-12-24 11:31:00;909402N262;1680;5.335;40;232;231;234;233;2.608;50.00;560.8;1.890;382.7;0.746;720.4;0.494;60;0;0;2.545;2.648;2.633;536;574;565;50.00;50.00;50.00;901;1000;0.0;0;1.0000;0;2;5335;5335;5335
60;2014-12-24 11:32:00;909402N262;1789;5.365;40;232;231;233;233;2.730;49.99;563.7;1.990;388.1;0.788;553.6;0.708;60;0;0;2.657;2.783;2.752;574;611;603;49.99;49.99;49.99;901;1000;0.0;0;1.0000;0;2;5365;5365;5365
60;2014-12-24 11:33:00;909402N262;2046;5.398;40;233;232;233;234;3.076;50.00;563.6;2.272;390.1;0.891;555.3;0.815;60;0;0;3.008;3.122;3.100;661;694;689;50.00;50.00;50.00;901;1000;0.0;0;1.0000;0;2;5398;5398;5398
60;2014-12-24 11:34:00;909402N262;2663;5.443;40;233;232;233;234;3.914;50.01;564.8;2.929;394.0;1.147;575.3;1.043;60;0;0;3.843;3.960;3.940;866;899;896;50.01;50.01;50.01;901;1000;0.0;0;1.0000;0;2;5443;5443;5443
60;2014-12-24 11:35:00;909402N262;2986;5.493;40;233;232;233;234;4.363;50.00;564.1;3.276;395.1;1.282;582.4;1.171;60;0;0;4.288;4.413;4.390;972;1008;1004;50.00;50.00;50.00;901;1000;0.0;0;1.0000;0;2;5493;5493;5493
60;2014-12-24 11:36:00;909402N262;3786;5.555;40;233;231;233;234;5.489;50.00;562.9;4.130;400.7;1.600;587.6;1.512;60;0;0;5.399;5.546;5.523;1233;1275;1276;50.00;50.00;50.00;901;1000;0.0;0;1.0000;0;2;5555;5555;5555
60;2014-12-24 11:37:00;909402N262;3873;5.620;40;232;231;233;234;5.614;49.99;560.5;4.210;419.9;1.599;589.8;1.543;60;0;0;5.528;5.684;5.631;1263;1308;1300;49.99;49.99;49.99;901;1000;0.0;0;1.0000;0;2;5620;5620;5620
60;2014-12-24 11:38:00;909402N262;4085;5.689;40;233;231;233;234;5.906;50.00;558.4;4.405;433.2;1.693;593.6;1.622;60;0;0;5.811;5.974;5.933;1331;1380;1373;50.00;50.00;50.00;901;1000;0.0;0;1.0000;0;2;5689;5689;5689
60;2014-12-24 11:39:00;909402N262;3710;5.750;40;233;232;233;234;5.370;50.00;556.6;3.987;433.5;1.556;601.4;1.460;60;0;0;5.288;5.432;5.392;1211;1252;1246;50.00;50.00;50.00;901;1000;0.0;0;1.0000;0;2;5750;5750;5750
60;2014-12-24 11:40:00;909402N262;3449;5.807;40;232;231;233;233;5.015;50.01;554.9;3.702;430.1;1.461;609.8;1.348;60;0;0;4.919;5.075;5.051;1119;1166;1162;50.01;50.01;50.01;901;1000;0.0;0;1.0000;0;2;5807;5807;5807
60;2014-12-24 11:41:00;909402N262;3521;5.865;40;232;231;233;233;5.118;50.00;553.8;3.777;430.0;1.492;614.2;1.378;60;0;0;5.028;5.191;5.137;1144;1194;1181;50.00;50.00;50.00;901;1000;0.0;0;1.0000;0;2;5865;5865;5865
60;2014-12-24 11:42:00;909402N262;3538;5.924;40;233;231;233;234;5.139;50.01;552.7;3.799;429.9;1.500;613.6;1.387;60;0;0;5.040;5.200;5.177;1147;1196;1193;50.01;50.01;50.01;901;1000;0.0;0;1.0000;0;2;5924;5924;5924
60;2014-12-24 11:43:00;909402N262;3592;5.985;40;232;231;233;234;5.215;50.01;552.0;3.862;433.9;1.511;617.5;1.398;60;0;0;5.123;5.269;5.255;1166;1211;1212;50.01;50.01;50.01;901;1000;0.0;0;1.0000;0;2;5985;5985;5985
60;2014-12-24 11:44:00;909402N262;3871;6.049;41;233;231;233;234;5.603;50.01;564.8;4.057;451.2;1.597;628.0;1.469;60;0;0;5.511;5.655;5.643;1259;1304;1305;50.01;50.01;50.01;901;1000;0.0;0;1.0000;0;2;6049;6049;6049
60;2014-12-24 11:45:00;909402N262;4338;6.122;41;233;232;232;234;6.263;50.01;572.7;4.495;458.6;1.800;615.4;1.647;60;0;0;6.183;6.288;6.318;1422;1446;1468;50.01;50.01;50.01;901;1000;0.0;0;1.0000;0;2;6122;6122;6122
60;2014-12-24 11:46:00;909402N262;4301;6.193;41;233;231;232;235;6.220;50.01;565.3;4.521;460.4;1.790;591.5;1.707;60;0;0;6.115;6.266;6.281;1401;1437;1461;50.01;50.01;50.01;901;1000;0.0;0;1.0000;0;2;6193;6193;6193
60;2014-12-24 11:47:00;909402N262;4071;6.261;41;233;231;232;235;5.892;50.00;567.7;4.219;469.8;1.697;572.2;1.655;60;0;0;5.794;5.929;5.955;1324;1362;1382;50.00;50.00;50.00;901;1000;0.0;0;1.0000;0;2;6261;6261;6261
60;2014-12-24 11:48:00;909402N262;3839;6.325;41;232;231;232;234;5.568;50.00;565.6;3.996;464.9;1.623;573.1;1.552;60;0;0;5.478;5.610;5.618;1251;1287;1299;50.00;50.00;50.00;901;1000;0.0;0;1.0000;0;2;6325;6325;6325
60;2014-12-24 11:49:00;909402N262;3955;6.391;41;233;232;232;234;5.727;50.01;563.6;4.129;466.1;1.663;581.3;1.588;60;0;0;5.658;5.751;5.773;1298;1321;1335;50.01;50.01;50.01;901;1000;0.0;0;1.0000;0;2;6391;6391;6391
60;2014-12-24 11:50:00;909402N262;4349;6.465;41;233;233;233;234;6.274;50.00;561.1;4.548;469.7;1.817;586.8;1.744;60;0;0;6.206;6.300;6.316;1432;1452;1465;50.00;50.00;50.00;901;1000;0.0;0;1.0000;0;2;6465;6465;6465
60;2014-12-24 11:51:00;909402N262;4451;6.538;41;233;233;233;234;6.411;50.01;558.7;4.647;483.8;1.821;579.0;1.820;60;0;0;6.349;6.433;6.453;1467;1485;1498;50.01;50.01;50.01;901;1000;0.0;0;1.0000;0;2;6538;6538;6538
60;2014-12-24 11:52:00;909402N262;4924;6.620;41;233;233;232;234;7.090;50.01;555.7;5.145;490.2;2.024;576.7;2.014;60;0;0;7.029;7.103;7.139;1625;1636;1661;50.01;50.01;50.01;901;1000;0.0;0;1.0000;0;2;6620;6620;6620
60;2014-12-24 11:53:00;909402N262;3780;6.684;41;233;233;232;233;5.488;50.01;555.4;3.958;481.1;1.593;578.9;1.526;60;0;0;5.422;5.535;5.507;1244;1266;1268;50.01;50.01;50.01;901;1000;0.0;0;1.0000;0;2;6684;6684;6684
60;2014-12-24 11:54:00;909402N262;4337;6.756;41;233;232;232;233;6.265;50.01;570.4;4.425;485.5;1.792;590.1;1.723;60;0;0;6.194;6.325;6.276;1427;1459;1450;50.01;50.01;50.01;901;1000;0.0;0;1.0000;0;2;6756;6756;6756
60;2014-12-24 11:55:00;909402N262;3977;6.823;41;232;232;232;233;5.757;50.01;569.9;4.058;500.1;1.606;597.0;1.556;60;0;0;5.699;5.802;5.770;1311;1334;1330;50.01;50.01;50.01;901;1000;0.0;0;1.0000;0;2;6823;6823;6823
60;2014-12-24 11:56:00;909402N262;4411;6.896;41;233;232;233;233;6.364;50.01;565.4;4.500;501.2;1.794;610.3;1.706;60;0;0;6.290;6.426;6.377;1450;1485;1473;50.01;50.01;50.01;901;1000;0.0;0;1.0000;0;2;6896;6896;6896
60;2014-12-24 11:57:00;909402N262;4774;6.976;41;233;232;233;233;6.872;50.01;564.1;4.882;504.3;1.923;609.0;1.858;60;0;0;6.785;6.939;6.892;1567;1608;1597;50.01;50.01;50.01;901;1000;0.0;0;1.0000;0;2;6976;6976;6976
60;2014-12-24 11:58:00;909402N262;4707;7.055;41;233;233;233;234;6.774;50.01;563.4;4.819;508.2;1.887;603.4;1.844;60;0;0;6.685;6.835;6.803;1545;1580;1580;50.01;50.01;50.01;901;1000;0.0;0;1.0000;0;2;7055;7055;7055
60;2014-12-24 11:59:00;909402N262;4628;7.132;41;233;233;234;233;6.652;50.00;562.4;4.714;520.0;1.848;611.3;1.793;60;0;0;6.559;6.744;6.655;1516;1569;1541;50.00;50.00;50.00;901;1000;0.0;0;1.0000;0;2;7132;7132;7132
60;2014-12-24 12:00:00;909402N262;5001;7.215;41;234;233;234;234;7.179;49.98;561.3;5.084;521.7;1.993;617.5;1.940;60;0;0;7.120;7.259;7.159;1649;1691;1660;49.98;49.98;49.98;901;1000;0.0;0;1.0000;0;2;7215;7215;7215
[wr_ende]
