20141009;150001;danfoss;My Plant;+0100
[wr_def_start]
909402N262;Inverter Type;Inverter Group;Hanzl
[wr_def_end]
[wr]
INTERVAL;TIMESTAMP;SERIAL;P_AC;E_DAY;T_WR;U_AC;U_AC_1;U_AC_2;U_AC_3;I_AC;F_AC;U_DC_1;I_DC_1;U_DC_2;I_DC_2;U_DC_3;I_DC_3;S;E_WR;M_WR;I_AC_1;I_AC_2;I_AC_3;P_AC_1;P_AC_2;P_AC_3;F_AC_1;F_AC_2;F_AC_3;R_DC;PC;PCS;PCS_LL;COS_PHI;COS_PHI_LL;S_COS_PHI;Current_Day_Energy;current_Day_Offset;ccEnergyOfDay_WithoutOffset
60;2014-10-09 14:01:00;909402N262;7324;25.359;49;234;233;234;235;10.467;49.98;500.3;7.174;611.7;2.727;763.7;2.915;60;0;0;10.349;10.518;10.535;2400;2454;2468;49.98;49.98;49.98;4314;1000;0.0;0;0.0000;0;0;25359;25359;25359
60;2014-10-09 14:02:00;909402N262;7425;25.484;49;234;233;234;235;10.585;49.98;504.2;7.199;621.9;2.722;763.7;2.926;60;0;0;10.484;10.629;10.642;2440;2485;2497;49.98;49.98;49.98;4314;1000;0.0;0;0.0000;0;0;25484;25484;25484
60;2014-10-09 14:03:00;909402N262;7382;25.607;49;234;234;234;235;10.524;49.98;503.8;7.162;621.6;2.707;763.1;2.913;60;0;0;10.456;10.548;10.569;2439;2463;2478;49.98;49.98;49.98;4314;1000;0.0;0;0.0000;0;0;25607;25607;25607
60;2014-10-09 14:04:00;909402N262;7387;25.731;49;234;234;233;235;10.532;49.98;504.3;7.164;621.9;2.705;763.3;2.913;60;0;0;10.472;10.535;10.589;2444;2456;2485;49.98;49.98;49.98;4314;1000;0.0;0;0.0000;0;0;25731;25731;25731
60;2014-10-09 14:05:00;909402N262;7410;25.853;49;234;233;233;235;10.580;49.99;504.4;7.186;621.9;2.711;764.2;2.920;60;0;0;10.522;10.590;10.628;2451;2466;2491;49.99;49.99;49.99;4314;1000;0.0;0;0.0000;0;0;25853;25853;25853
60;2014-10-09 14:06:00;909402N262;7395;25.977;49;234;233;234;235;10.546;50.00;503.5;7.184;621.1;2.709;763.0;2.921;60;0;0;10.474;10.557;10.607;2442;2463;2490;50.00;50.00;50.00;4314;1000;0.0;0;0.0000;0;0;25977;25977;25977
60;2014-10-09 14:07:00;909402N262;7412;26.100;49;234;234;234;235;10.560;50.00;502.5;7.212;620.1;2.721;761.7;2.933;60;0;0;10.482;10.593;10.606;2446;2475;2489;50.00;50.00;50.00;4314;1000;0.0;0;0.0000;0;0;26100;26100;26100
60;2014-10-09 14:08:00;909402N262;7379;26.224;49;234;234;234;235;10.506;50.00;502.1;7.184;620.0;2.709;761.5;2.922;60;0;0;10.450;10.527;10.542;2446;2460;2471;50.00;50.00;50.00;4314;1000;0.0;0;0.0000;0;0;26224;26224;26224
60;2014-10-09 14:09:00;909402N262;7390;26.347;49;235;235;235;235;10.496;49.99;501.6;7.200;620.1;2.713;760.9;2.928;60;0;0;10.446;10.520;10.523;2451;2465;2472;49.99;49.99;49.99;4314;1000;0.0;0;0.0000;0;0;26347;26347;26347
60;2014-10-09 14:10:00;909402N262;7382;26.469;49;235;235;235;235;10.489;50.00;501.8;7.191;620.3;2.709;760.6;2.925;60;0;0;10.428;10.518;10.522;2444;2464;2471;50.00;50.00;50.00;4314;1000;0.0;0;0.0000;0;0;26469;26469;26469
60;2014-10-09 14:11:00;909402N262;7353;26.592;49;234;234;234;235;10.468;50.00;501.7;7.168;619.9;2.699;760.4;2.915;60;0;0;10.409;10.491;10.506;2435;2453;2463;50.00;50.00;50.00;4314;1000;0.0;0;0.0000;0;0;26592;26592;26592
60;2014-10-09 14:12:00;909402N262;7330;26.714;49;234;234;234;235;10.430;50.01;501.4;7.148;619.1;2.691;759.9;2.908;60;0;0;10.361;10.460;10.470;2423;2448;2456;50.01;50.01;50.01;4314;1000;0.0;0;0.0000;0;0;26714;26714;26714
60;2014-10-09 14:13:00;909402N262;7309;26.837;49;235;234;234;235;10.397;49.99;501.3;7.133;618.5;2.686;759.6;2.899;60;0;0;10.339;10.420;10.433;2421;2437;2449;49.99;49.99;49.99;4314;1000;0.0;0;0.0000;0;0;26837;26837;26837
60;2014-10-09 14:14:00;909402N262;7305;26.958;49;235;235;235;235;10.378;49.98;500.9;7.136;618.2;2.687;758.9;2.899;60;0;0;10.334;10.385;10.417;2424;2432;2448;49.98;49.98;49.98;4314;1000;0.0;0;0.0000;0;0;26958;26958;26958
60;2014-10-09 14:15:00;909402N262;7313;27.081;49;235;235;235;236;10.379;49.99;500.2;7.153;617.9;2.691;758.3;2.905;60;0;0;10.350;10.379;10.409;2431;2431;2448;49.99;49.99;49.99;4314;1000;0.0;0;0.0000;0;0;27081;27081;27081
60;2014-10-09 14:16:00;909402N262;7228;27.201;49;235;235;235;236;10.251;50.00;497.1;7.145;607.3;2.707;754.4;2.911;60;0;0;10.212;10.257;10.285;2400;2407;2420;50.00;50.00;50.00;4314;1000;0.0;0;0.0000;0;0;27201;27201;27201
60;2014-10-09 14:17:00;909402N262;7269;27.322;49;235;235;235;236;10.339;49.99;500.6;7.115;619.3;2.664;758.4;2.889;60;0;0;10.297;10.355;10.366;2413;2421;2433;49.99;49.99;49.99;4314;1000;0.0;0;0.0000;0;0;27322;27322;27322
60;2014-10-09 14:18:00;909402N262;7248;27.442;49;235;235;234;235;10.322;50.01;500.8;7.090;620.0;2.654;759.3;2.875;60;0;0;10.282;10.335;10.351;2409;2411;2427;50.01;50.01;50.01;4314;1000;0.0;0;0.0000;0;0;27442;27442;27442
60;2014-10-09 14:19:00;909402N262;7249;27.563;49;234;235;234;235;10.333;50.01;501.0;7.087;620.6;2.651;759.3;2.876;60;0;0;10.306;10.333;10.362;2413;2408;2426;50.01;50.01;50.01;4314;1000;0.0;0;0.0000;0;0;27563;27563;27563
60;2014-10-09 14:20:00;909402N262;7259;27.685;49;234;235;234;235;10.355;50.01;501.6;7.097;621.3;2.650;759.6;2.875;60;0;0;10.332;10.362;10.373;2418;2414;2425;50.01;50.01;50.01;4314;1000;0.0;0;0.0000;0;0;27685;27685;27685
60;2014-10-09 14:21:00;909402N262;7288;27.805;49;234;235;234;234;10.410;50.00;502.4;7.123;621.9;2.654;760.2;2.882;60;0;0;10.400;10.410;10.421;2432;2423;2431;50.00;50.00;50.00;4314;1000;0.0;0;0.0000;0;0;27805;27805;27805
60;2014-10-09 14:22:00;909402N262;7282;27.928;49;234;234;234;234;10.400;50.00;502.4;7.118;621.3;2.654;759.8;2.881;60;0;0;10.378;10.413;10.411;2425;2425;2431;50.00;50.00;50.00;4314;1000;0.0;0;0.0000;0;0;27928;27928;27928
60;2014-10-09 14:23:00;909402N262;7287;28.049;49;234;235;234;235;10.400;49.99;503.7;7.114;621.9;2.648;761.7;2.876;60;0;0;10.368;10.418;10.415;2424;2426;2435;49.99;49.99;49.99;4314;1000;0.0;0;0.0000;0;0;28049;28049;28049
60;2014-10-09 14:24:00;909402N262;7273;28.170;49;234;234;234;235;10.379;50.00;505.5;7.082;622.9;2.634;763.1;2.862;60;0;0;10.334;10.398;10.405;2414;2424;2433;50.00;50.00;50.00;4314;1000;0.0;0;0.0000;0;0;28170;28170;28170
60;2014-10-09 14:25:00;909402N262;7268;28.291;49;234;234;234;235;10.377;50.00;507.2;7.063;624.3;2.622;764.6;2.850;60;0;0;10.318;10.393;10.420;2406;2421;2440;50.00;50.00;50.00;4314;1000;0.0;0;0.0000;0;0;28291;28291;28291
60;2014-10-09 14:26:00;909402N262;7242;28.412;49;234;234;234;235;10.341;49.99;508.6;7.022;625.3;2.607;765.9;2.835;60;0;0;10.299;10.354;10.370;2403;2410;2427;49.99;49.99;49.99;4314;1000;0.0;0;0.0000;0;0;28412;28412;28412
60;2014-10-09 14:27:00;909402N262;7236;28.532;49;234;234;234;235;10.322;49.99;509.0;7.015;625.7;2.601;766.0;2.830;60;0;0;10.266;10.351;10.349;2396;2414;2424;49.99;49.99;49.99;4314;1000;0.0;0;0.0000;0;0;28532;28532;28532
60;2014-10-09 14:28:00;909402N262;7235;28.652;49;234;234;234;235;10.322;50.00;509.3;7.015;625.7;2.598;765.3;2.831;60;0;0;10.279;10.341;10.348;2401;2410;2423;50.00;50.00;50.00;4314;1000;0.0;0;0.0000;0;0;28652;28652;28652
60;2014-10-09 14:29:00;909402N262;7245;28.775;49;235;235;234;235;10.322;49.99;510.3;7.016;625.9;2.599;764.9;2.833;60;0;0;10.280;10.337;10.351;2405;2412;2427;49.99;49.99;49.99;4314;1000;0.0;0;0.0000;0;0;28775;28775;28775
60;2014-10-09 14:30:00;909402N262;7223;28.895;49;235;235;234;235;10.281;49.98;510.3;6.999;625.7;2.590;764.7;2.824;60;0;0;10.251;10.286;10.307;2402;2401;2419;49.98;49.98;49.98;4314;1000;0.0;0;0.0000;0;0;28895;28895;28895
60;2014-10-09 14:31:00;909402N262;7139;29.013;49;235;235;234;236;10.152;49.99;507.0;6.970;612.1;2.612;763.8;2.818;60;0;0;10.121;10.135;10.200;2367;2375;2395;49.99;49.99;49.99;4314;1000;0.0;0;0.0000;0;0;29013;29013;29013
60;2014-10-09 14:32:00;909402N262;7213;29.133;49;235;235;234;236;10.246;49.98;510.3;6.989;625.8;2.585;765.3;2.820;60;0;0;10.192;10.265;10.281;2390;2403;2419;49.99;49.98;49.99;4314;1000;0.0;0;0.0000;0;0;29133;29133;29133
60;2014-10-09 14:33:00;909402N262;7166;29.253;49;235;235;234;236;10.183;49.98;508.9;6.959;624.9;2.572;763.5;2.807;60;0;0;10.126;10.203;10.221;2373;2387;2404;49.98;49.98;49.98;4314;1000;0.0;0;0.0000;0;0;29253;29253;29253
60;2014-10-09 14:34:00;909402N262;7182;29.372;49;235;235;234;235;10.213;49.98;509.7;6.970;625.6;2.573;764.1;2.810;60;0;0;10.169;10.223;10.247;2384;2388;2408;49.98;49.98;49.98;4314;1000;0.0;0;0.0000;0;0;29372;29372;29372
60;2014-10-09 14:35:00;909402N262;7202;29.493;49;235;235;234;236;10.223;49.99;510.5;6.984;625.4;2.579;764.2;2.816;60;0;0;10.192;10.232;10.246;2394;2395;2411;49.99;49.99;49.99;4314;1000;0.0;0;0.0000;0;0;29493;29493;29493
60;2014-10-09 14:36:00;909402N262;7228;29.613;49;235;235;234;235;10.264;49.99;510.4;7.012;625.3;2.586;764.9;2.824;60;0;0;10.231;10.273;10.288;2402;2404;2419;49.99;49.99;49.99;4314;1000;0.0;0;0.0000;0;0;29613;29613;29613
60;2014-10-09 14:37:00;909402N262;7220;29.733;49;235;235;234;235;10.268;49.99;510.1;7.011;625.0;2.584;764.2;2.824;60;0;0;10.233;10.304;10.267;2401;2412;2406;49.99;49.99;49.99;4314;1000;0.0;0;0.0000;0;0;29733;29733;29733
60;2014-10-09 14:38:00;909402N262;7198;29.853;49;235;235;235;235;10.225;49.99;509.4;6.998;624.8;2.577;763.8;2.817;60;0;0;10.173;10.277;10.227;2386;2411;2400;49.99;49.99;49.99;4314;1000;0.0;0;0.0000;0;0;29853;29853;29853
60;2014-10-09 14:39:00;909402N262;7166;29.973;49;235;235;235;235;10.171;50.00;508.7;6.973;624.8;2.565;763.9;2.806;60;0;0;10.133;10.204;10.177;2382;2393;2389;50.00;50.00;50.00;4314;1000;0.0;0;0.0000;0;0;29973;29973;29973
60;2014-10-09 14:40:00;909402N262;7128;30.092;49;235;235;235;235;10.115;50.01;508.7;6.937;625.1;2.550;763.6;2.792;60;0;0;10.071;10.150;10.126;2367;2380;2378;50.01;50.01;50.01;4314;1000;0.0;0;0.0000;0;0;30092;30092;30092
60;2014-10-09 14:41:00;909402N262;7122;30.211;49;235;235;235;235;10.121;50.01;508.4;6.934;625.2;2.547;763.7;2.792;60;0;0;10.089;10.155;10.119;2371;2378;2371;50.01;50.01;50.01;4314;1000;0.0;0;0.0000;0;0;30211;30211;30211
60;2014-10-09 14:42:00;909402N262;7122;30.331;49;235;235;235;235;10.119;50.02;508.0;6.938;625.1;2.545;763.2;2.795;60;0;0;10.076;10.150;10.132;2366;2378;2376;50.02;50.02;50.02;4314;1000;0.0;0;0.0000;0;0;30331;30331;30331
60;2014-10-09 14:43:00;909402N262;7095;30.450;49;235;235;235;235;10.083;50.01;507.8;6.914;625.1;2.534;763.0;2.785;60;0;0;10.034;10.123;10.093;2355;2371;2367;50.01;50.01;50.01;4314;1000;0.0;0;0.0000;0;0;30450;30450;30450
60;2014-10-09 14:44:00;909402N262;7073;30.567;49;235;235;235;235;10.048;50.01;508.2;6.891;625.2;2.522;763.5;2.773;60;0;0;9.980;10.080;10.085;2341;2361;2369;50.01;50.01;50.01;4314;1000;0.0;0;0.0000;0;0;30567;30567;30567
60;2014-10-09 14:45:00;909402N262;7059;30.685;49;235;235;235;235;10.034;50.01;510.1;6.862;626.0;2.510;765.4;2.758;60;0;0;9.966;10.067;10.069;2335;2358;2365;50.01;50.01;50.01;4314;1000;0.0;0;0.0000;0;0;30685;30685;30685
60;2014-10-09 14:46:00;909402N262;6998;30.802;49;235;234;235;235;9.948;50.01;508.4;6.851;612.0;2.533;768.4;2.745;60;0;0;9.879;9.969;9.996;2310;2339;2346;50.01;50.01;50.01;4314;1000;0.0;0;0.0000;0;0;30802;30802;30802
60;2014-10-09 14:47:00;909402N262;7100;30.921;49;235;234;235;235;10.099;50.01;512.4;6.889;627.1;2.514;766.7;2.763;60;0;0;10.025;10.142;10.132;2344;2375;2378;50.01;50.01;50.01;4314;1000;0.0;0;0.0000;0;0;30921;30921;30921
60;2014-10-09 14:48:00;909402N262;7082;31.038;49;235;235;235;235;10.062;50.00;513.4;6.866;627.5;2.502;767.6;2.752;60;0;0;10.000;10.102;10.084;2345;2366;2369;50.00;50.00;50.00;4314;1000;0.0;0;0.0000;0;0;31038;31038;31038
60;2014-10-09 14:49:00;909402N262;7052;31.156;49;235;235;235;235;10.016;50.02;513.7;6.834;627.4;2.489;768.1;2.738;60;0;0;9.949;10.055;10.044;2333;2358;2359;50.02;50.02;50.02;4314;1000;0.0;0;0.0000;0;0;31156;31156;31156
60;2014-10-09 14:50:00;909402N262;7040;31.274;49;235;235;235;235;9.997;50.01;513.3;6.829;627.2;2.486;768.3;2.732;60;0;0;9.935;10.033;10.024;2331;2351;2356;50.01;50.01;50.01;4314;1000;0.0;0;0.0000;0;0;31274;31274;31274
60;2014-10-09 14:51:00;909402N262;7051;31.391;49;235;235;235;235;10.015;50.01;513.7;6.834;628.3;2.485;769.6;2.733;60;0;0;9.944;10.057;10.046;2332;2357;2360;50.01;50.01;50.01;4314;1000;0.0;0;0.0000;0;0;31391;31391;31391
60;2014-10-09 14:52:00;909402N262;7049;31.507;49;235;235;234;235;10.013;50.00;513.5;6.835;628.2;2.483;769.9;2.733;60;0;0;9.948;10.049;10.042;2335;2351;2360;50.00;50.00;50.00;4314;1000;0.0;0;0.0000;0;0;31507;31507;31507
60;2014-10-09 14:53:00;909402N262;7050;31.626;49;235;235;235;236;10.002;49.99;513.4;6.838;628.3;2.481;770.7;2.731;60;0;0;9.940;10.041;10.025;2336;2353;2359;49.99;49.99;49.99;4314;1000;0.0;0;0.0000;0;0;31626;31626;31626
60;2014-10-09 14:54:00;909402N262;7031;31.743;49;235;236;235;236;9.970;50.00;512.6;6.829;627.7;2.476;769.5;2.729;60;0;0;9.915;9.997;10.000;2332;2344;2354;50.00;50.00;50.00;4314;1000;0.0;0;0.0000;0;0;31743;31743;31743
60;2014-10-09 14:55:00;909402N262;7024;31.860;49;235;235;235;236;9.956;49.99;510.9;6.837;626.5;2.479;767.3;2.737;60;0;0;9.889;10.007;9.974;2324;2349;2349;49.99;49.99;49.99;4314;1000;0.0;0;0.0000;0;0;31860;31860;31860
60;2014-10-09 14:56:00;909402N262;7012;31.977;49;236;236;235;236;9.937;49.99;510.3;6.835;626.1;2.476;766.7;2.737;60;0;0;9.881;9.977;9.953;2323;2342;2344;49.99;49.99;49.99;4314;1000;0.0;0;0.0000;0;0;31977;31977;31977
60;2014-10-09 14:57:00;909402N262;6979;32.093;49;236;236;236;236;9.880;49.99;509.7;6.806;625.8;2.465;766.5;2.726;60;0;0;9.817;9.922;9.902;2310;2332;2336;49.99;49.99;49.99;4314;1000;0.0;0;0.0000;0;0;32093;32093;32093
60;2014-10-09 14:58:00;909402N262;6960;32.209;49;236;236;236;236;9.853;50.00;509.3;6.794;625.3;2.460;766.7;2.720;60;0;0;9.786;9.887;9.886;2302;2324;2333;50.00;50.00;50.00;4314;1000;0.0;0;0.0000;0;0;32209;32209;32209
60;2014-10-09 14:59:00;909402N262;6944;32.325;49;236;236;236;237;9.819;49.98;509.5;6.779;625.1;2.453;766.7;2.710;60;0;0;9.752;9.853;9.853;2295;2319;2327;49.98;49.98;49.98;4314;1000;0.0;0;0.0000;0;0;32325;32325;32325
60;2014-10-09 15:00:00;909402N262;6942;32.441;49;236;236;236;237;9.816;49.99;510.1;6.774;625.5;2.448;766.7;2.707;60;0;0;9.758;9.841;9.851;2298;2315;2326;49.99;49.99;49.99;4314;1000;0.0;0;0.0000;0;0;32441;32441;32441
[wr_ende]
