20141127;160005;danfoss;My Plant;+0100
[wr_def_start]
909402N262;Inverter Type;Inverter Group;Hanzl
[wr_def_end]
[wr]
INTERVAL;TIMESTAMP;SERIAL;P_AC;E_DAY;T_WR;U_AC;U_AC_1;U_AC_2;U_AC_3;I_AC;F_AC;U_DC_1;I_DC_1;U_DC_2;I_DC_2;U_DC_3;I_DC_3;S;E_WR;M_WR;I_AC_1;I_AC_2;I_AC_3;P_AC_1;P_AC_2;P_AC_3;F_AC_1;F_AC_2;F_AC_3;R_DC;PC;PCS;PCS_LL;COS_PHI;COS_PHI_LL;S_COS_PHI;Current_Day_Energy;current_Day_Offset;ccEnergyOfDay_WithoutOffset
60;2014-11-27 15:01:00;909402N262;162;4.930;38;233;233;233;234;0.317;49.97;528.2;0.133;546.7;0.071;692.9;0.073;60;0;0;0.318;0.342;0.293;54;59;48;49.97;49.97;49.97;11464;1000;0.0;0;1.0000;0;2;4930;4930;4930
60;2014-11-27 15:02:00;909402N262;160;4.932;38;234;233;233;235;0.303;49.99;534.2;0.132;560.7;0.069;695.8;0.073;60;0;0;0.309;0.353;0.248;55;60;43;49.99;49.99;49.99;11464;1000;0.0;0;1.0000;0;2;4932;4932;4932
60;2014-11-27 15:03:00;909402N262;158;4.935;38;234;234;233;235;0.336;50.03;535.9;0.128;558.8;0.066;684.0;0.073;60;0;0;0.350;0.412;0.248;57;64;35;50.03;50.03;50.03;11464;1000;0.0;0;1.0000;0;2;4935;4935;4935
60;2014-11-27 15:04:00;909402N262;149;4.938;38;234;234;234;235;0.314;50.03;533.3;0.123;562.6;0.062;689.4;0.067;60;0;0;0.335;0.399;0.208;55;62;29;50.03;50.03;50.03;11464;1000;0.0;0;1.0000;0;2;4938;4938;4938
60;2014-11-27 15:05:00;909402N262;139;4.940;38;234;234;234;235;0.297;50.01;531.9;0.115;550.3;0.059;684.6;0.062;60;0;0;0.316;0.361;0.214;53;55;28;50.01;50.01;50.01;11464;1000;0.0;0;1.0000;0;2;4940;4940;4940
60;2014-11-27 15:06:00;909402N262;135;4.943;38;232;232;231;233;0.306;50.01;528.9;0.113;543.8;0.058;672.1;0.062;60;0;0;0.309;0.354;0.255;47;53;34;50.01;50.01;50.01;11464;1000;0.0;0;1.0000;0;2;4943;4943;4943
60;2014-11-27 15:07:00;909402N262;138;4.945;38;231;231;231;232;0.251;50.00;531.4;0.115;548.7;0.058;683.2;0.062;60;0;0;0.244;0.272;0.239;44;48;43;50.00;50.00;50.00;11464;1000;0.0;0;1.0000;0;2;4945;4945;4945
60;2014-11-27 15:08:00;909402N262;142;4.947;38;231;231;231;232;0.262;50.00;536.1;0.117;552.0;0.060;691.9;0.062;60;0;0;0.265;0.287;0.235;47;51;42;50.00;50.00;50.00;11464;1000;0.0;0;1.0000;0;2;4947;4947;4947
60;2014-11-27 15:09:00;909402N262;140;4.950;38;231;231;230;231;0.259;50.01;534.6;0.116;551.4;0.060;690.8;0.062;60;0;0;0.259;0.288;0.232;46;51;41;50.01;50.01;50.01;11464;1000;0.0;0;1.0000;0;2;4950;4950;4950
60;2014-11-27 15:10:00;909402N262;136;4.952;38;233;233;232;233;0.292;50.00;529.4;0.112;546.6;0.058;678.5;0.062;60;0;0;0.305;0.337;0.236;47;54;34;50.00;50.00;50.00;11464;1000;0.0;0;1.0000;0;2;4952;4952;4952
60;2014-11-27 15:11:00;909402N262;127;4.954;38;234;234;233;234;0.429;49.99;529.5;0.105;554.8;0.054;665.0;0.060;60;0;0;0.416;0.457;0.416;32;57;36;49.99;49.99;49.99;11464;1000;0.0;0;1.0000;0;2;4954;4954;4954
60;2014-11-27 15:12:00;909402N262;116;4.955;38;234;234;233;235;0.369;49.99;526.8;0.097;538.8;0.050;668.1;0.054;60;0;0;0.386;0.401;0.322;37;54;24;49.99;49.99;49.99;11464;1000;0.0;0;1.0000;0;2;4955;4955;4955
60;2014-11-27 15:13:00;909402N262;110;4.958;38;234;234;233;234;0.308;49.99;523.5;0.090;526.1;0.046;669.4;0.050;60;0;0;0.320;0.339;0.267;34;48;26;49.99;49.99;49.99;11464;1000;0.0;0;1.0000;0;2;4958;4958;4958
60;2014-11-27 15:14:00;909402N262;104;4.959;38;234;234;233;234;0.330;49.99;524.1;0.086;541.6;0.043;669.6;0.048;60;0;0;0.337;0.394;0.260;33;51;19;49.99;49.99;49.99;11464;1000;0.0;0;1.0000;0;2;4959;4959;4959
60;2014-11-27 15:15:00;909402N262;102;4.962;38;234;234;233;234;0.245;49.99;519.7;0.085;541.2;0.042;675.6;0.046;60;0;0;0.242;0.282;0.213;30;42;27;49.99;49.99;49.99;11464;1000;0.0;0;1.0000;0;2;4962;4962;4962
60;2014-11-27 15:16:00;909402N262;101;4.963;38;234;233;233;234;0.275;50.01;514.4;0.085;543.9;0.042;658.1;0.048;60;0;0;0.259;0.337;0.230;30;47;23;50.01;50.01;50.01;11464;1000;0.0;0;1.0000;0;2;4963;4963;4963
60;2014-11-27 15:17:00;909402N262;105;4.965;38;234;234;233;234;0.439;50.02;525.5;0.087;540.7;0.044;656.8;0.050;60;0;0;0.429;0.478;0.412;26;56;21;50.02;50.02;50.02;11464;1000;0.0;0;1.0000;0;2;4965;4965;4965
60;2014-11-27 15:18:00;909402N262;108;4.966;38;234;234;233;234;0.321;49.99;523.3;0.089;524.2;0.046;668.0;0.050;60;0;0;0.322;0.371;0.270;30;52;24;49.99;49.99;49.99;11464;1000;0.0;0;1.0000;0;2;4966;4966;4966
60;2014-11-27 15:19:00;909402N262;106;4.968;38;234;234;233;234;0.353;49.99;524.2;0.087;526.6;0.045;664.4;0.050;60;0;0;0.365;0.425;0.270;29;59;18;49.99;49.99;49.99;11464;1000;0.0;0;1.0000;0;2;4968;4968;4968
60;2014-11-27 15:20:00;909402N262;102;4.969;37;234;234;233;234;0.294;49.98;518.1;0.085;543.9;0.042;673.3;0.047;60;0;0;0.303;0.337;0.244;30;48;24;49.98;49.98;49.98;11464;1000;0.0;0;1.0000;0;2;4969;4969;4969
60;2014-11-27 15:21:00;909402N262;101;4.972;37;234;234;233;235;0.252;49.99;515.9;0.085;540.2;0.042;676.5;0.046;60;0;0;0.264;0.274;0.218;33;41;26;49.99;49.99;49.99;11464;1000;0.0;0;1.0000;0;2;4972;4972;4972
60;2014-11-27 15:22:00;909402N262;101;4.973;37;234;234;233;235;0.265;50.00;514.2;0.084;536.7;0.042;673.3;0.046;60;0;0;0.264;0.302;0.229;30;44;25;50.00;50.00;50.00;11464;1000;0.0;0;1.0000;0;2;4973;4973;4973
60;2014-11-27 15:23:00;909402N262;94;4.976;37;234;234;234;235;0.368;50.00;518.5;0.079;521.5;0.042;658.7;0.045;60;0;0;0.367;0.417;0.320;29;46;18;50.00;50.00;50.00;11464;1000;0.0;0;1.0000;0;2;4976;4976;4976
60;2014-11-27 15:24:00;909402N262;84;4.976;37;234;234;234;234;0.398;50.00;511.5;0.073;511.0;0.038;648.5;0.042;60;0;0;0.390;0.438;0.366;29;40;14;50.00;50.00;50.00;11464;1000;0.0;0;1.0000;0;2;4976;4976;4976
60;2014-11-27 15:25:00;909402N262;77;4.978;37;234;233;233;234;0.392;50.00;509.8;0.066;524.0;0.035;644.1;0.038;60;0;0;0.405;0.423;0.349;30;39;9;50.00;50.00;50.00;11464;1000;0.0;0;1.0000;0;2;4978;4978;4978
60;2014-11-27 15:26:00;909402N262;76;4.978;37;233;233;233;234;0.388;50.00;505.1;0.066;517.3;0.034;647.5;0.037;60;0;0;0.374;0.387;0.403;28;30;16;50.00;50.00;50.00;11464;1000;0.0;0;1.0000;0;2;4978;4978;4978
60;2014-11-27 15:27:00;909402N262;70;4.981;37;234;234;233;234;0.396;50.00;505.2;0.061;502.3;0.031;635.6;0.035;60;0;0;0.406;0.396;0.388;19;36;14;50.00;50.00;50.00;11464;1000;0.0;0;1.0000;0;2;4981;4981;4981
60;2014-11-27 15:28:00;909402N262;68;4.982;37;234;234;233;234;0.415;50.01;508.2;0.059;496.7;0.031;624.0;0.035;60;0;0;0.411;0.381;0.455;12;34;22;50.01;50.01;50.01;11464;1000;0.0;0;1.0000;0;2;4982;4982;4982
60;2014-11-27 15:29:00;909402N262;73;4.982;37;233;234;232;234;0.405;50.00;502.3;0.064;507.9;0.033;647.2;0.035;60;0;0;0.437;0.380;0.399;21;48;9;50.00;50.00;50.00;11464;1000;0.0;0;1.0000;0;2;4982;4982;4982
60;2014-11-27 15:30:00;909402N262;75;4.984;37;234;234;232;235;0.438;50.02;503.5;0.066;515.2;0.035;644.2;0.038;60;0;0;0.468;0.392;0.454;25;49;5;50.02;50.02;50.02;11464;1000;0.0;0;1.0000;0;2;4984;4984;4984
60;2014-11-27 15:31:00;909402N262;71;4.985;37;234;234;233;235;0.451;50.01;502.4;0.062;501.6;0.033;631.1;0.036;60;0;0;0.480;0.401;0.474;21;44;10;50.01;50.01;50.01;11464;1000;0.0;0;1.0000;0;2;4985;4985;4985
60;2014-11-27 15:32:00;909402N262;67;4.986;37;233;234;233;234;0.451;50.01;507.5;0.058;498.8;0.031;628.5;0.035;60;0;0;0.446;0.400;0.507;12;34;23;50.01;50.01;50.01;11464;1000;0.0;0;1.0000;0;2;4986;4986;4986
60;2014-11-27 15:33:00;909402N262;62;4.987;37;234;234;233;234;0.387;50.02;495.9;0.055;488.6;0.029;629.3;0.032;60;0;0;0.340;0.450;0.372;6;42;16;50.02;50.02;50.02;11464;1000;0.0;0;1.0000;0;2;4987;4987;4987
60;2014-11-27 15:34:00;909402N262;55;4.988;37;234;234;233;234;0.428;50.03;498.9;0.048;495.8;0.025;618.3;0.030;60;0;0;0.384;0.485;0.415;5;43;14;50.03;50.03;50.03;11464;1000;0.0;0;1.0000;0;2;4988;4988;4988
60;2014-11-27 15:35:00;909402N262;50;4.989;37;233;233;233;234;0.440;50.02;486.9;0.045;489.4;0.023;623.1;0.027;60;0;0;0.416;0.475;0.430;2;40;17;50.02;50.02;50.02;11464;1000;0.0;0;1.0000;0;2;4989;4989;4989
60;2014-11-27 15:36:00;909402N262;47;4.989;37;233;233;233;234;0.419;50.01;479.8;0.042;476.3;0.023;609.2;0.027;60;0;0;0.433;0.400;0.424;7;33;14;50.01;50.01;50.01;11464;1000;0.0;0;1.0000;0;2;4989;4989;4989
60;2014-11-27 15:37:00;909402N262;44;4.990;37;233;234;233;234;0.377;50.00;488.1;0.039;471.0;0.022;591.4;0.025;60;0;0;0.364;0.359;0.410;8;32;7;50.00;50.00;50.00;11464;1000;0.0;0;1.0000;0;2;4990;4990;4990
60;2014-11-27 15:38:00;909402N262;40;4.991;37;234;234;233;234;0.352;50.00;472.4;0.037;458.0;0.019;620.4;0.019;60;0;0;0.358;0.358;0.341;7;36;3;50.00;50.00;50.00;11464;1000;0.0;0;1.0000;0;2;4991;4991;4991
60;2014-11-27 15:39:00;909402N262;35;4.993;37;233;234;233;234;0.334;50.00;464.4;0.034;461.2;0.016;603.4;0.019;60;0;0;0.370;0.298;0.335;7;28;5;50.00;50.00;50.00;11464;1000;0.0;0;1.0000;0;2;4993;4993;4993
60;2014-11-27 15:40:00;909402N262;31;4.993;37;233;234;233;234;0.331;50.00;469.2;0.030;474.9;0.014;575.2;0.019;60;0;0;0.363;0.294;0.337;4;29;5;50.00;50.00;50.00;11464;1000;0.0;0;1.0000;0;2;4993;4993;4993
60;2014-11-27 15:41:00;909402N262;27;4.994;37;233;232;233;234;0.250;50.00;453.2;0.027;456.3;0.011;539.7;0.017;60;0;0;0.141;0.248;0.362;12;13;4;50.00;50.00;50.00;11464;1000;0.0;0;1.0000;0;2;4994;4994;4994
60;2014-11-27 15:42:00;909402N262;25;4.994;37;233;233;233;235;0.303;49.99;445.3;0.027;441.7;0.011;532.3;0.015;60;0;0;0.181;0.264;0.465;15;9;6;49.99;49.99;49.99;11464;1000;0.0;0;1.0000;0;2;4994;4994;4994
60;2014-11-27 15:43:00;909402N262;23;4.994;37;233;232;234;235;0.278;50.00;442.4;0.024;468.8;0.010;536.7;0.015;60;0;0;0.162;0.259;0.413;14;7;7;50.00;50.00;50.00;11464;1000;0.0;0;1.0000;0;2;4994;4994;4994
60;2014-11-27 15:44:00;909402N262;20;4.995;37;233;232;233;235;0.226;49.99;447.6;0.019;466.1;0.007;522.6;0.013;60;0;0;0.099;0.223;0.358;8;14;2;49.99;49.99;49.99;11464;1000;0.0;0;1.0000;0;2;4995;4995;4995
60;2014-11-27 15:45:00;909402N262;15;4.995;37;233;232;233;235;0.247;49.98;442.6;0.016;413.8;0.007;537.6;0.010;60;0;0;0.097;0.213;0.431;9;19;0;49.98;49.98;49.98;11464;1000;0.0;0;1.0000;0;2;4995;4995;4994
60;2014-11-27 15:46:00;909402N262;9;4.995;36;233;232;233;235;0.227;49.98;423.4;0.012;342.5;0.006;527.0;0.007;60;0;0;0.075;0.209;0.397;6;17;0;49.98;49.98;49.98;11464;1000;0.0;0;1.0000;0;2;4995;4995;4995
60;2014-11-27 15:47:00;909402N262;5;4.995;36;234;232;234;235;0.226;49.99;414.3;0.009;386.1;0.004;430.4;0.007;60;0;0;0.074;0.256;0.350;5;9;1;49.99;49.99;49.99;11464;1000;0.0;0;1.0000;0;2;4995;4995;4995
60;2014-11-27 15:48:00;909402N262;0;4.995;36;233;232;234;234;0.190;50.00;396.3;0.006;300.2;0.003;289.9;0.007;60;0;0;0.068;0.262;0.240;6;4;0;50.00;50.00;50.00;11464;1000;0.0;0;1.0000;0;2;4995;4995;4995
60;2014-11-27 15:49:00;909402N262;0;4.995;36;233;232;234;234;0.156;49.99;388.9;0.003;259.7;0.003;282.3;0.007;60;0;0;0.044;0.219;0.206;3;7;0;49.99;49.99;49.99;11464;1000;0.0;0;1.0000;0;2;4995;4995;4995
60;2014-11-27 15:50:00;909402N262;0;4.995;36;233;232;233;234;0.211;50.00;312.7;0.003;259.0;0.003;281.4;0.007;60;0;0;0.076;0.234;0.323;6;4;0;50.00;50.00;50.00;11464;1000;0.0;0;1.0000;0;2;4995;4995;4995
60;2014-11-27 15:51:00;909402N262;0;4.995;36;233;232;233;234;0.195;49.99;270.1;0.003;256.6;0.003;294.7;0.005;60;0;0;0.067;0.217;0.303;5;8;0;49.99;49.99;49.99;11464;1000;0.0;0;1.0000;0;2;4995;4995;4994
60;2014-11-27 15:52:00;909402N262;0;4.995;36;233;232;233;234;0.164;49.99;269.2;0.003;281.4;0.002;305.1;0.003;60;0;0;0.064;0.215;0.215;3;8;0;49.99;49.99;49.99;11464;1000;0.0;0;1.0000;0;2;4995;4995;4994
60;2014-11-27 15:53:00;909402N262;0;4.995;36;233;232;234;234;0.183;49.99;270.7;0.000;303.3;0.000;274.6;0.003;60;0;0;0.095;0.271;0.184;5;1;1;49.99;49.99;49.99;11464;1000;0.0;0;1.0000;0;2;4995;4995;4994
60;2014-11-27 15:54:00;909402N262;0;4.995;36;233;232;234;234;0.142;49.99;270.0;0.000;263.4;0.000;265.9;0.002;60;0;0;0.038;0.229;0.159;3;3;0;49.99;49.99;49.99;11464;1000;0.0;0;1.0000;0;2;4995;4995;4995
60;2014-11-27 15:55:00;909402N262;0;4.995;36;233;232;234;235;0.208;49.99;260.3;0.000;256.1;0.000;314.4;0.000;60;0;0;0.052;0.294;0.279;5;7;0;49.99;49.99;49.99;11464;1000;0.0;0;1.0000;0;2;4995;4995;4994
60;2014-11-27 15:56:00;909402N262;0;4.995;36;233;231;235;234;0.098;50.00;336.7;0.000;282.5;0.000;359.3;0.000;50;0;0;0.029;0.142;0.123;3;0;0;50.00;50.00;50.00;11464;1000;0.0;0;1.0000;0;2;4995;4995;4994
60;2014-11-27 15:57:00;909402N262;0;4.995;36;234;232;236;234;0.000;50.02;391.1;0.000;303.2;0.000;331.9;0.000;50;0;0;0.000;0.000;0.000;0;0;0;50.02;50.02;50.02;11464;1000;0.0;0;1.0000;0;2;4995;4995;4994
60;2014-11-27 15:58:00;909402N262;0;4.995;36;234;232;235;234;0.000;50.00;245.7;0.000;244.9;0.000;245.7;0.000;50;0;0;0.000;0.000;0.000;0;0;0;50.00;50.00;50.00;11464;1000;0.0;0;1.0000;0;2;4995;4995;4994
60;2014-11-27 15:59:00;909402N262;0;4.995;36;234;234;235;234;0.000;50.01;235.8;0.000;235.2;0.000;236.1;0.000;50;0;0;0.000;0.000;0.000;0;0;0;50.01;50.01;50.01;11464;1000;0.0;0;1.0000;0;2;4995;4995;4994
60;2014-11-27 16:00:00;909402N262;0;4.995;35;234;234;235;233;0.000;50.02;233.5;0.000;232.9;0.000;233.5;0.000;50;0;0;0.000;0.000;0.000;0;0;0;50.02;50.02;50.02;11464;1000;0.0;0;1.0000;0;2;4995;4995;4994
[wr_ende]
