20141127;140004;danfoss;My Plant;+0100
[wr_def_start]
909402N262;Inverter Type;Inverter Group;Hanzl
[wr_def_end]
[wr]
INTERVAL;TIMESTAMP;SERIAL;P_AC;E_DAY;T_WR;U_AC;U_AC_1;U_AC_2;U_AC_3;I_AC;F_AC;U_DC_1;I_DC_1;U_DC_2;I_DC_2;U_DC_3;I_DC_3;S;E_WR;M_WR;I_AC_1;I_AC_2;I_AC_3;P_AC_1;P_AC_2;P_AC_3;F_AC_1;F_AC_2;F_AC_3;R_DC;PC;PCS;PCS_LL;COS_PHI;COS_PHI_LL;S_COS_PHI;Current_Day_Energy;current_Day_Offset;ccEnergyOfDay_WithoutOffset
60;2014-11-27 13:01:00;909402N262;569;3.793;39;232;233;231;232;1.379;49.98;567.4;0.445;624.0;0.225;769.4;0.230;60;0;0;1.362;1.388;1.388;181;192;195;49.98;49.98;49.98;11464;1000;0.0;0;1.0000;0;2;3793;3793;3793
60;2014-11-27 13:02:00;909402N262;580;3.802;39;232;233;232;231;1.396;49.97;574.1;0.450;639.1;0.225;778.3;0.231;60;0;0;1.384;1.406;1.399;186;197;196;49.97;49.97;49.97;11464;1000;0.0;0;1.0000;0;2;3802;3802;3802
60;2014-11-27 13:03:00;909402N262;583;3.811;39;232;233;231;232;1.401;49.98;574.1;0.449;633.5;0.227;778.6;0.231;60;0;0;1.384;1.412;1.407;185;198;197;49.98;49.98;49.98;11464;1000;0.0;0;1.0000;0;2;3811;3811;3811
60;2014-11-27 13:04:00;909402N262;571;3.822;39;232;232;231;231;1.386;49.99;573.9;0.441;629.5;0.224;778.6;0.227;60;0;0;1.367;1.397;1.394;181;194;194;49.99;49.99;49.99;11464;1000;0.0;0;1.0000;0;2;3822;3822;3822
60;2014-11-27 13:05:00;909402N262;553;3.831;39;232;232;231;231;1.370;49.97;573.4;0.426;628.3;0.217;777.4;0.219;60;0;0;1.356;1.379;1.376;176;188;186;49.97;49.97;49.97;11464;1000;0.0;0;1.0000;0;2;3831;3831;3831
60;2014-11-27 13:06:00;909402N262;535;3.840;39;231;232;231;231;1.354;49.98;572.7;0.414;629.0;0.209;781.5;0.211;60;0;0;1.338;1.368;1.357;169;182;181;49.98;49.98;49.98;11464;1000;0.0;0;1.0000;0;2;3840;3840;3840
60;2014-11-27 13:07:00;909402N262;530;3.849;39;231;232;231;231;1.352;49.99;572.6;0.411;628.1;0.207;782.7;0.209;60;0;0;1.337;1.365;1.354;168;183;179;49.99;49.99;49.99;11464;1000;0.0;0;1.0000;0;2;3849;3849;3849
60;2014-11-27 13:08:00;909402N262;530;3.858;39;231;232;231;231;1.351;49.98;572.8;0.413;629.3;0.208;782.6;0.210;60;0;0;1.337;1.362;1.356;168;181;180;49.98;49.98;49.98;11464;1000;0.0;0;1.0000;0;2;3858;3858;3858
60;2014-11-27 13:09:00;909402N262;540;3.866;39;231;232;231;231;1.362;49.98;572.6;0.417;630.7;0.209;780.6;0.213;60;0;0;1.347;1.368;1.371;172;183;183;49.98;49.98;49.98;11464;1000;0.0;0;1.0000;0;2;3866;3866;3866
60;2014-11-27 13:10:00;909402N262;547;3.875;39;231;232;231;231;1.359;49.98;573.0;0.423;626.4;0.214;779.7;0.215;60;0;0;1.345;1.370;1.364;173;187;184;49.98;49.98;49.98;11464;1000;0.0;0;1.0000;0;2;3875;3875;3875
60;2014-11-27 13:11:00;909402N262;550;3.884;39;232;232;231;231;1.367;49.98;573.4;0.426;627.6;0.217;773.7;0.220;60;0;0;1.355;1.374;1.372;176;187;186;49.98;49.98;49.98;11464;1000;0.0;0;1.0000;0;2;3884;3884;3884
60;2014-11-27 13:12:00;909402N262;550;3.894;39;231;232;231;231;1.363;50.01;573.1;0.425;626.6;0.216;773.4;0.219;60;0;0;1.356;1.366;1.369;177;186;186;50.01;50.01;50.01;11464;1000;0.0;0;1.0000;0;2;3894;3894;3894
60;2014-11-27 13:13:00;909402N262;543;3.903;39;232;232;232;231;1.358;50.00;572.9;0.419;627.7;0.212;783.1;0.213;60;0;0;1.345;1.368;1.363;172;186;183;50.00;50.00;50.00;11464;1000;0.0;0;1.0000;0;2;3903;3903;3903
60;2014-11-27 13:14:00;909402N262;528;3.912;39;232;232;232;232;1.351;50.00;572.1;0.410;626.8;0.207;781.0;0.208;60;0;0;1.333;1.364;1.356;165;181;178;50.00;50.00;50.00;11464;1000;0.0;0;1.0000;0;2;3912;3912;3912
60;2014-11-27 13:15:00;909402N262;508;3.921;39;232;232;232;232;1.335;50.00;571.9;0.395;626.0;0.199;773.5;0.203;60;0;0;1.318;1.340;1.347;161;172;174;50.00;50.00;50.00;11464;1000;0.0;0;1.0000;0;2;3921;3921;3921
60;2014-11-27 13:16:00;909402N262;480;3.928;39;232;232;231;232;1.304;50.00;565.6;0.383;606.2;0.194;773.4;0.195;60;0;0;1.286;1.312;1.315;151;163;165;50.00;50.00;50.00;11464;1000;0.0;0;1.0000;0;2;3928;3928;3928
60;2014-11-27 13:17:00;909402N262;480;3.937;39;231;231;231;232;1.315;49.99;570.5;0.377;625.4;0.186;767.9;0.192;60;0;0;1.299;1.322;1.324;151;164;163;49.99;49.99;49.99;11464;1000;0.0;0;1.0000;0;2;3937;3937;3937
60;2014-11-27 13:18:00;909402N262;478;3.944;39;232;232;231;232;1.312;50.00;570.1;0.378;621.2;0.187;768.6;0.192;60;0;0;1.298;1.323;1.315;151;163;162;50.00;50.00;50.00;11464;1000;0.0;0;1.0000;0;2;3944;3944;3944
60;2014-11-27 13:19:00;909402N262;485;3.953;39;231;232;231;231;1.321;50.01;570.6;0.382;624.1;0.187;774.6;0.193;60;0;0;1.309;1.327;1.327;154;165;165;50.01;50.01;50.01;11464;1000;0.0;0;1.0000;0;2;3953;3953;3953
60;2014-11-27 13:20:00;909402N262;504;3.960;39;231;232;231;232;1.334;50.00;571.1;0.395;625.2;0.195;773.1;0.201;60;0;0;1.315;1.342;1.345;159;172;171;50.00;50.00;50.00;11464;1000;0.0;0;1.0000;0;2;3960;3960;3960
60;2014-11-27 13:21:00;909402N262;523;3.969;39;231;231;231;232;1.354;49.99;572.7;0.409;626.2;0.204;781.0;0.207;60;0;0;1.343;1.357;1.364;167;177;178;49.99;49.99;49.99;11464;1000;0.0;0;1.0000;0;2;3969;3969;3969
60;2014-11-27 13:22:00;909402N262;538;3.978;39;231;232;231;231;1.363;49.98;573.0;0.417;630.5;0.208;782.7;0.211;60;0;0;1.347;1.367;1.376;171;182;184;49.98;49.98;49.98;11464;1000;0.0;0;1.0000;0;2;3978;3978;3978
60;2014-11-27 13:23:00;909402N262;548;3.988;39;231;231;231;231;1.367;49.98;573.9;0.425;628.6;0.213;780.6;0.217;60;0;0;1.352;1.374;1.376;174;185;186;49.98;49.98;49.98;11464;1000;0.0;0;1.0000;0;2;3988;3988;3988
60;2014-11-27 13:24:00;909402N262;559;3.997;39;231;232;231;231;1.386;49.98;574.2;0.432;631.0;0.217;778.2;0.222;60;0;0;1.369;1.391;1.399;178;189;191;49.98;49.98;49.98;11464;1000;0.0;0;1.0000;0;2;3997;3997;3997
60;2014-11-27 13:25:00;909402N262;561;4.007;39;232;232;231;232;1.384;49.99;574.3;0.434;632.7;0.218;779.1;0.222;60;0;0;1.366;1.389;1.399;178;190;191;49.99;49.99;49.99;11464;1000;0.0;0;1.0000;0;2;4007;4007;4007
60;2014-11-27 13:26:00;909402N262;561;4.016;39;232;232;231;232;1.387;49.99;574.8;0.433;632.9;0.218;778.6;0.222;60;0;0;1.366;1.398;1.398;178;191;191;49.99;49.99;49.99;11464;1000;0.0;0;1.0000;0;2;4016;4016;4016
60;2014-11-27 13:27:00;909402N262;565;4.025;39;232;232;231;232;1.388;50.00;575.6;0.433;633.2;0.220;779.9;0.224;60;0;0;1.367;1.397;1.402;178;191;192;50.00;50.00;50.00;11464;1000;0.0;0;1.0000;0;2;4025;4025;4025
60;2014-11-27 13:28:00;909402N262;574;4.035;39;232;232;231;232;1.392;49.99;576.2;0.439;630.9;0.225;780.4;0.227;60;0;0;1.368;1.404;1.406;181;196;195;49.99;49.99;49.99;11464;1000;0.0;0;1.0000;0;2;4035;4035;4035
60;2014-11-27 13:29:00;909402N262;588;4.045;39;232;232;231;233;1.406;49.99;576.7;0.449;635.2;0.230;781.5;0.233;60;0;0;1.382;1.412;1.424;185;199;201;49.99;49.99;49.99;11464;1000;0.0;0;1.0000;0;2;4045;4045;4045
60;2014-11-27 13:30:00;909402N262;598;4.054;39;232;232;231;233;1.411;50.00;577.0;0.458;632.6;0.235;782.9;0.237;60;0;0;1.384;1.417;1.432;189;202;205;50.00;50.00;50.00;11464;1000;0.0;0;1.0000;0;2;4054;4054;4054
60;2014-11-27 13:31:00;909402N262;607;4.065;39;232;232;231;233;1.412;49.97;574.2;0.470;631.2;0.238;772.8;0.245;60;0;0;1.386;1.423;1.428;192;206;207;49.97;49.97;49.97;11464;1000;0.0;0;1.0000;0;2;4065;4065;4065
60;2014-11-27 13:32:00;909402N262;631;4.075;39;232;232;231;233;1.434;49.97;579.4;0.482;645.1;0.241;784.1;0.249;60;0;0;1.410;1.439;1.454;201;213;215;49.97;49.97;49.97;11464;1000;0.0;0;1.0000;0;2;4075;4075;4075
60;2014-11-27 13:33:00;909402N262;642;4.086;39;232;232;231;233;1.439;49.97;578.6;0.492;640.0;0.249;786.5;0.253;60;0;0;1.412;1.446;1.459;204;218;219;49.97;49.97;49.97;11464;1000;0.0;0;1.0000;0;2;4086;4086;4086
60;2014-11-27 13:34:00;909402N262;654;4.098;39;232;232;232;233;1.437;49.97;579.3;0.500;635.9;0.254;788.4;0.257;60;0;0;1.404;1.446;1.461;205;223;225;49.97;49.97;49.97;11464;1000;0.0;0;1.0000;0;2;4098;4098;4098
60;2014-11-27 13:35:00;909402N262;664;4.107;39;232;232;232;232;1.461;49.97;580.5;0.505;638.8;0.257;785.7;0.261;60;0;0;1.436;1.475;1.473;211;227;225;49.97;49.97;49.97;11464;1000;0.0;0;1.0000;0;2;4107;4107;4107
60;2014-11-27 13:36:00;909402N262;666;4.119;39;232;232;232;232;1.446;49.97;580.8;0.507;640.1;0.259;790.8;0.262;60;0;0;1.417;1.459;1.462;211;227;227;49.97;49.97;49.97;11464;1000;0.0;0;1.0000;0;2;4119;4119;4119
60;2014-11-27 13:37:00;909402N262;666;4.130;39;232;232;231;232;1.456;49.97;581.3;0.504;639.9;0.258;787.8;0.261;60;0;0;1.429;1.466;1.474;211;226;227;49.97;49.97;49.97;11464;1000;0.0;0;1.0000;0;2;4130;4130;4130
60;2014-11-27 13:38:00;909402N262;653;4.142;39;232;232;232;232;1.443;49.98;580.4;0.497;636.0;0.255;786.9;0.258;60;0;0;1.413;1.458;1.458;206;223;222;49.98;49.98;49.98;11464;1000;0.0;0;1.0000;0;2;4142;4142;4142
60;2014-11-27 13:39:00;909402N262;640;4.151;39;232;232;232;232;1.440;49.98;580.4;0.487;638.4;0.249;784.9;0.252;60;0;0;1.418;1.452;1.451;205;217;216;49.98;49.98;49.98;11464;1000;0.0;0;1.0000;0;2;4151;4151;4151
60;2014-11-27 13:40:00;909402N262;630;4.163;39;231;231;232;232;1.430;49.98;579.9;0.481;635.2;0.246;784.6;0.249;60;0;0;1.401;1.450;1.441;199;216;212;49.98;49.98;49.98;11464;1000;0.0;0;1.0000;0;2;4163;4163;4163
60;2014-11-27 13:41:00;909402N262;626;4.173;39;232;231;232;232;1.431;49.98;579.2;0.479;634.2;0.245;784.7;0.247;60;0;0;1.404;1.437;1.453;197;212;215;49.98;49.98;49.98;11464;1000;0.0;0;1.0000;0;2;4173;4173;4173
60;2014-11-27 13:42:00;909402N262;623;4.183;39;232;232;232;232;1.482;49.99;579.1;0.478;634.1;0.245;784.0;0.246;60;0;0;1.461;1.487;1.498;197;212;212;49.99;49.99;49.99;11464;1000;0.0;0;1.0000;0;2;4183;4183;4183
60;2014-11-27 13:43:00;909402N262;628;4.194;39;232;232;232;232;1.458;49.99;579.8;0.480;634.8;0.245;785.1;0.248;60;0;0;1.433;1.467;1.474;199;214;214;49.99;49.99;49.99;11464;1000;0.0;0;1.0000;0;2;4194;4194;4194
60;2014-11-27 13:44:00;909402N262;639;4.204;39;232;232;232;232;1.438;50.00;579.4;0.489;637.7;0.247;784.4;0.252;60;0;0;1.418;1.448;1.450;204;215;216;50.00;50.00;50.00;11464;1000;0.0;0;1.0000;0;2;4204;4204;4204
60;2014-11-27 13:45:00;909402N262;655;4.215;39;232;232;232;232;1.438;50.00;580.2;0.501;636.7;0.253;788.2;0.256;60;0;0;1.411;1.450;1.455;207;222;224;50.00;50.00;50.00;11464;1000;0.0;0;1.0000;0;2;4215;4215;4215
60;2014-11-27 13:46:00;909402N262;660;4.227;39;232;232;232;232;1.446;49.99;575.2;0.511;627.7;0.260;782.1;0.264;60;0;0;1.423;1.455;1.460;211;225;225;49.99;49.99;49.99;11464;1000;0.0;0;1.0000;0;2;4227;4227;4227
60;2014-11-27 13:47:00;909402N262;679;4.237;39;232;233;231;232;1.462;49.99;579.9;0.520;649.5;0.257;791.5;0.265;60;0;0;1.439;1.480;1.469;216;231;229;49.99;49.99;49.99;11464;1000;0.0;0;1.0000;0;2;4237;4237;4237
60;2014-11-27 13:48:00;909402N262;690;4.249;39;232;233;231;232;1.478;49.99;580.5;0.527;648.7;0.261;789.1;0.270;60;0;0;1.448;1.492;1.496;219;235;235;49.99;49.99;49.99;11464;1000;0.0;0;1.0000;0;2;4249;4249;4249
60;2014-11-27 13:49:00;909402N262;699;4.261;39;232;233;232;232;1.464;50.01;581.0;0.534;650.3;0.265;794.1;0.272;60;0;0;1.432;1.486;1.474;221;239;237;50.01;50.01;50.01;11464;1000;0.0;0;1.0000;0;2;4261;4261;4261
60;2014-11-27 13:50:00;909402N262;709;4.273;39;232;232;232;232;1.490;50.01;582.4;0.539;649.4;0.269;790.9;0.278;60;0;0;1.456;1.510;1.504;224;243;240;50.01;50.01;50.01;11464;1000;0.0;0;1.0000;0;2;4273;4273;4273
60;2014-11-27 13:51:00;909402N262;716;4.284;39;232;233;232;232;1.499;50.00;583.3;0.543;641.2;0.276;791.9;0.280;60;0;0;1.467;1.521;1.510;227;245;242;50.00;50.00;50.00;11464;1000;0.0;0;1.0000;0;2;4284;4284;4284
60;2014-11-27 13:52:00;909402N262;727;4.297;39;232;233;232;232;1.493;50.00;584.1;0.551;643.5;0.279;794.3;0.283;60;0;0;1.460;1.513;1.506;231;248;246;50.00;50.00;50.00;11464;1000;0.0;0;1.0000;0;2;4297;4297;4297
60;2014-11-27 13:53:00;909402N262;742;4.309;39;232;233;232;232;1.509;50.01;585.7;0.560;645.2;0.285;794.1;0.289;60;0;0;1.480;1.530;1.517;237;253;250;50.01;50.01;50.01;11464;1000;0.0;0;1.0000;0;2;4309;4309;4309
60;2014-11-27 13:54:00;909402N262;765;4.322;39;232;233;232;233;1.528;50.00;587.0;0.576;652.3;0.290;794.3;0.298;60;0;0;1.495;1.548;1.543;243;261;260;50.00;50.00;50.00;11464;1000;0.0;0;1.0000;0;2;4322;4322;4322
60;2014-11-27 13:55:00;909402N262;796;4.336;39;233;233;232;233;1.558;50.00;588.1;0.598;653.3;0.301;794.2;0.310;60;0;0;1.523;1.573;1.580;253;270;271;50.00;50.00;50.00;11464;1000;0.0;0;1.0000;0;2;4336;4336;4336
60;2014-11-27 13:56:00;909402N262;821;4.349;39;233;233;232;233;1.582;50.01;589.1;0.618;653.8;0.310;794.5;0.320;60;0;0;1.555;1.599;1.593;263;279;277;50.01;50.01;50.01;11464;1000;0.0;0;1.0000;0;2;4349;4349;4349
60;2014-11-27 13:57:00;909402N262;850;4.363;39;233;234;232;233;1.614;50.01;590.4;0.640;656.4;0.319;794.7;0.330;60;0;0;1.577;1.632;1.635;271;288;288;50.01;50.01;50.01;11464;1000;0.0;0;1.0000;0;2;4363;4363;4363
60;2014-11-27 13:58:00;909402N262;892;4.378;39;233;234;232;233;1.660;50.01;591.1;0.673;656.9;0.333;794.8;0.346;60;0;0;1.621;1.677;1.682;285;302;302;50.02;50.02;50.02;11464;1000;0.0;0;1.0000;0;2;4378;4378;4378
60;2014-11-27 13:59:00;909402N262;944;4.393;39;233;234;233;234;1.717;50.02;591.7;0.711;658.6;0.351;794.6;0.366;60;0;0;1.683;1.734;1.736;303;319;319;50.02;50.02;50.02;11464;1000;0.0;0;1.0000;0;2;4393;4393;4393
60;2014-11-27 14:00:00;909402N262;983;4.411;39;233;234;233;233;1.761;50.01;591.0;0.743;660.4;0.365;795.1;0.380;60;0;0;1.730;1.777;1.778;317;333;331;50.01;50.01;50.01;11464;1000;0.0;0;1.0000;0;2;4411;4411;4411
[wr_ende]
