20140905;090001;danfoss;My Plant;+0100
[wr_def_start]
909402N262;Inverter Type;Inverter Group;Hanzl
[wr_def_end]
[wr]
INTERVAL;TIMESTAMP;SERIAL;P_AC;E_DAY;T_WR;U_AC;U_AC_1;U_AC_2;U_AC_3;I_AC;F_AC;U_DC_1;I_DC_1;U_DC_2;I_DC_2;U_DC_3;I_DC_3;S;E_WR;M_WR;I_AC_1;I_AC_2;I_AC_3;P_AC_1;P_AC_2;P_AC_3;F_AC_1;F_AC_2;F_AC_3;R_DC;PC;PCS;PCS_LL;COS_PHI;COS_PHI_LL;S_COS_PHI;Current_Day_Energy;current_Day_Offset;ccEnergyOfDay_WithoutOffset
60;2014-09-05 08:01:00;909402N262;592;0.553;34;235;235;234;236;1.071;50.04;540.3;0.543;600.2;0.262;726.4;0.203;60;0;0;1.032;1.114;1.068;190;204;195;50.04;50.04;50.04;5726;1000;0.0;0;0.0000;0;0;553;553;553
60;2014-09-05 08:02:00;909402N262;605;0.563;34;235;235;235;235;1.068;50.03;544.0;0.549;608.6;0.264;740.1;0.202;60;0;0;1.053;1.098;1.053;196;208;199;50.03;50.03;50.03;5726;1000;0.0;0;0.0000;0;0;563;563;563
60;2014-09-05 08:03:00;909402N262;620;0.574;35;235;235;234;235;1.091;50.02;544.4;0.561;615.6;0.268;742.4;0.207;60;0;0;1.070;1.108;1.095;202;209;207;50.02;50.02;50.02;5726;1000;0.0;0;0.0000;0;0;574;574;574
60;2014-09-05 08:04:00;909402N262;617;0.584;35;235;235;234;235;1.086;50.01;544.6;0.561;617.8;0.266;744.1;0.206;60;0;0;1.070;1.108;1.081;202;208;204;50.01;50.01;50.01;5726;1000;0.0;0;0.0000;0;0;584;584;584
60;2014-09-05 08:05:00;909402N262;617;0.594;35;235;235;234;235;1.082;49.99;544.6;0.562;616.9;0.265;744.0;0.206;60;0;0;1.066;1.106;1.075;201;209;205;49.99;49.99;49.99;5726;1000;0.0;0;0.0000;0;0;594;594;594
60;2014-09-05 08:06:00;909402N262;619;0.605;35;234;235;234;235;1.083;49.99;544.2;0.563;615.5;0.266;744.7;0.206;60;0;0;1.064;1.100;1.086;201;208;206;49.99;49.99;49.99;5726;1000;0.0;0;0.0000;0;0;605;605;605
60;2014-09-05 08:07:00;909402N262;624;0.615;35;234;234;234;235;1.095;49.99;544.3;0.569;614.8;0.270;742.3;0.208;60;0;0;1.068;1.114;1.104;202;210;210;49.99;49.99;49.99;5726;1000;0.0;0;0.0000;0;0;615;615;615
60;2014-09-05 08:08:00;909402N262;629;0.626;35;234;234;234;234;1.104;49.99;544.1;0.573;613.9;0.272;742.9;0.209;60;0;0;1.063;1.142;1.107;202;215;211;49.99;49.99;49.99;5726;1000;0.0;0;0.0000;0;0;626;626;626
60;2014-09-05 08:09:00;909402N262;635;0.637;35;234;234;234;234;1.109;49.98;544.4;0.578;615.5;0.273;740.8;0.211;60;0;0;1.097;1.138;1.094;208;216;208;49.98;49.98;49.98;5726;1000;0.0;0;0.0000;0;0;637;637;637
60;2014-09-05 08:10:00;909402N262;642;0.647;35;234;234;233;234;1.134;49.99;545.5;0.583;617.1;0.276;731.6;0.217;60;0;0;1.114;1.164;1.124;209;219;212;49.99;49.99;49.99;5726;1000;0.0;0;0.0000;0;0;647;647;647
60;2014-09-05 08:11:00;909402N262;647;0.658;35;234;235;233;234;1.142;50.00;545.9;0.588;615.5;0.279;734.9;0.218;60;0;0;1.113;1.169;1.145;208;220;217;50.00;50.00;50.00;5726;1000;0.0;0;0.0000;0;0;658;658;658
60;2014-09-05 08:12:00;909402N262;653;0.670;35;234;235;234;234;1.151;50.00;546.3;0.592;617.2;0.282;738.5;0.219;60;0;0;1.121;1.189;1.144;210;225;217;50.00;50.00;50.00;5726;1000;0.0;0;0.0000;0;0;670;670;670
60;2014-09-05 08:13:00;909402N262;677;0.679;35;234;234;234;235;1.177;49.99;548.2;0.605;619.0;0.293;739.7;0.228;60;0;0;1.178;1.193;1.162;224;229;222;49.99;49.99;49.99;5726;1000;0.0;0;0.0000;0;0;679;679;679
60;2014-09-05 08:14:00;909402N262;684;0.691;35;234;235;234;235;1.189;49.99;547.4;0.614;619.7;0.294;741.7;0.231;60;0;0;1.187;1.203;1.177;226;231;226;49.99;49.99;49.99;5726;1000;0.0;0;0.0000;0;0;691;691;691
60;2014-09-05 08:15:00;909402N262;676;0.703;35;234;235;234;235;1.185;50.00;544.3;0.612;618.2;0.291;739.8;0.228;60;0;0;1.179;1.206;1.170;221;230;223;50.00;50.00;50.00;5726;1000;0.0;0;0.0000;0;0;703;703;703
60;2014-09-05 08:16:00;909402N262;672;0.714;35;234;235;234;235;1.176;50.00;540.7;0.614;601.0;0.297;741.4;0.229;60;0;0;1.175;1.199;1.156;222;228;220;50.00;50.00;50.00;5726;1000;0.0;0;0.0000;0;0;714;714;714
60;2014-09-05 08:17:00;909402N262;685;0.725;35;234;235;234;235;1.222;50.00;547.4;0.615;621.3;0.294;738.9;0.232;60;0;0;1.214;1.238;1.214;226;232;225;50.00;50.00;50.00;5726;1000;0.0;0;0.0000;0;0;725;725;725
60;2014-09-05 08:18:00;909402N262;693;0.737;35;234;235;234;235;1.231;49.99;551.7;0.615;622.0;0.298;736.7;0.236;60;0;0;1.208;1.261;1.224;225;237;229;49.99;49.99;49.99;5726;1000;0.0;0;0.0000;0;0;737;737;737
60;2014-09-05 08:19:00;909402N262;704;0.749;35;234;234;234;234;1.244;49.99;553.7;0.621;623.0;0.302;742.1;0.239;60;0;0;1.225;1.273;1.234;229;240;233;49.99;49.99;49.99;5726;1000;0.0;0;0.0000;0;0;749;749;749
60;2014-09-05 08:20:00;909402N262;708;0.761;35;234;234;234;234;1.250;50.00;554.5;0.624;622.1;0.304;742.8;0.240;60;0;0;1.229;1.275;1.246;230;241;235;50.00;50.00;50.00;5726;1000;0.0;0;0.0000;0;0;761;761;761
60;2014-09-05 08:21:00;909402N262;712;0.773;35;234;234;234;234;1.257;50.02;555.2;0.627;622.4;0.306;736.7;0.244;60;0;0;1.242;1.295;1.235;232;246;232;50.02;50.02;50.02;5726;1000;0.0;0;0.0000;0;0;773;773;773
60;2014-09-05 08:22:00;909402N262;716;0.784;36;234;234;234;234;1.260;49.99;554.8;0.631;621.9;0.307;735.4;0.246;60;0;0;1.229;1.301;1.252;230;247;237;49.99;49.99;49.99;5726;1000;0.0;0;0.0000;0;0;784;784;784
60;2014-09-05 08:23:00;909402N262;716;0.796;36;234;234;234;234;1.254;49.98;555.0;0.628;619.0;0.308;736.4;0.246;60;0;0;1.222;1.283;1.258;230;244;238;49.98;49.98;49.98;5726;1000;0.0;0;0.0000;0;0;796;796;796
60;2014-09-05 08:24:00;909402N262;729;0.808;36;234;234;234;234;1.267;49.99;556.0;0.637;592.3;0.331;743.5;0.250;60;0;0;1.237;1.306;1.260;236;252;240;49.99;49.99;49.99;5726;1000;0.0;0;0.0000;0;0;808;808;808
60;2014-09-05 08:25:00;909402N262;738;0.821;36;234;234;234;234;1.277;49.99;555.4;0.646;593.7;0.333;740.2;0.252;60;0;0;1.247;1.315;1.270;238;255;243;49.99;49.99;49.99;5726;1000;0.0;0;0.0000;0;0;821;821;821
60;2014-09-05 08:26:00;909402N262;729;0.833;36;234;234;234;234;1.265;49.98;552.5;0.641;612.0;0.319;742.2;0.249;60;0;0;1.220;1.307;1.270;231;252;243;49.98;49.98;49.98;5726;1000;0.0;0;0.0000;0;0;833;833;833
60;2014-09-05 08:27:00;909402N262;743;0.845;36;234;234;234;234;1.295;49.99;530.0;0.682;617.5;0.323;737.4;0.256;60;0;0;1.266;1.336;1.283;240;256;244;49.99;49.99;49.99;5726;1000;0.0;0;0.0000;0;0;845;845;845
60;2014-09-05 08:28:00;909402N262;757;0.858;36;235;235;235;235;1.313;49.99;532.6;0.691;596.1;0.342;740.9;0.259;60;0;0;1.283;1.349;1.308;245;259;251;49.99;49.99;49.99;5726;1000;0.0;0;0.0000;0;0;858;858;858
60;2014-09-05 08:29:00;909402N262;772;0.870;36;234;234;235;235;1.338;49.98;540.6;0.694;597.7;0.346;741.1;0.266;60;0;0;1.314;1.371;1.330;252;263;256;49.98;49.98;49.98;5726;1000;0.0;0;0.0000;0;0;870;870;870
60;2014-09-05 08:30:00;909402N262;768;0.884;36;234;234;234;234;1.329;49.98;556.9;0.673;597.0;0.342;739.6;0.263;60;0;0;1.302;1.356;1.329;250;261;255;49.98;49.98;49.98;5726;1000;0.0;0;0.0000;0;0;884;884;884
60;2014-09-05 08:31:00;909402N262;763;0.897;36;234;234;234;234;1.321;50.00;556.6;0.670;590.4;0.344;730.8;0.265;60;0;0;1.316;1.343;1.305;252;260;249;50.00;50.00;50.00;5726;1000;0.0;0;0.0000;0;0;897;897;897
60;2014-09-05 08:32:00;909402N262;771;0.909;36;234;234;233;235;1.340;50.00;559.2;0.671;598.4;0.344;738.9;0.265;60;0;0;1.335;1.361;1.326;255;260;253;50.00;50.00;50.00;5726;1000;0.0;0;0.0000;0;0;909;909;909
60;2014-09-05 08:33:00;909402N262;782;0.921;36;234;234;233;235;1.355;49.99;559.0;0.682;599.7;0.347;741.5;0.267;60;0;0;1.334;1.380;1.353;255;263;260;49.99;49.99;49.99;5726;1000;0.0;0;0.0000;0;0;921;921;921
60;2014-09-05 08:34:00;909402N262;788;0.936;36;234;234;233;235;1.361;49.99;559.5;0.688;601.8;0.349;742.6;0.268;60;0;0;1.341;1.394;1.349;258;268;261;49.99;49.99;49.99;5726;1000;0.0;0;0.0000;0;0;936;936;936
60;2014-09-05 08:35:00;909402N262;791;0.948;36;234;234;233;235;1.362;49.99;555.1;0.696;604.5;0.349;739.2;0.270;60;0;0;1.335;1.398;1.353;257;269;262;49.99;49.99;49.99;5726;1000;0.0;0;0.0000;0;0;948;948;948
60;2014-09-05 08:36:00;909402N262;798;0.962;36;234;234;233;234;1.366;49.99;552.2;0.704;609.6;0.352;735.5;0.273;60;0;0;1.353;1.395;1.352;262;273;262;49.99;49.99;49.99;5726;1000;0.0;0;0.0000;0;0;962;962;962
60;2014-09-05 08:37:00;909402N262;812;0.976;36;233;234;233;233;1.384;49.99;544.9;0.724;611.6;0.360;735.3;0.277;60;0;0;1.377;1.413;1.362;267;279;265;49.99;49.99;49.99;5726;1000;0.0;0;0.0000;0;0;976;976;976
60;2014-09-05 08:38:00;909402N262;833;0.989;36;233;233;234;233;1.285;49.99;542.1;0.745;613.2;0.371;721.3;0.290;60;0;0;1.245;1.321;1.289;266;286;278;49.99;49.99;49.99;5726;1000;0.0;0;0.0000;0;0;989;989;989
60;2014-09-05 08:39:00;909402N262;844;1.003;36;234;234;234;233;1.253;49.99;546.0;0.747;615.9;0.370;715.4;0.302;60;0;0;1.207;1.289;1.263;269;290;283;49.99;49.99;49.99;5726;1000;0.0;0;0.0000;0;0;1003;1003;1003
60;2014-09-05 08:40:00;909402N262;845;1.017;36;234;234;233;233;1.372;50.01;550.4;0.740;618.0;0.367;728.3;0.300;60;0;0;1.361;1.405;1.352;277;292;274;50.01;50.01;50.01;5726;1000;0.0;0;0.0000;0;0;1017;1017;1017
60;2014-09-05 08:41:00;909402N262;851;1.032;36;234;235;233;233;1.437;50.00;547.3;0.744;622.1;0.366;744.2;0.300;60;0;0;1.440;1.455;1.417;282;290;277;50.00;50.00;50.00;5726;1000;0.0;0;0.0000;0;0;1032;1032;1032
60;2014-09-05 08:42:00;909402N262;864;1.046;36;234;234;233;234;1.446;50.01;548.6;0.751;623.3;0.372;743.9;0.306;60;0;0;1.443;1.463;1.434;285;294;283;50.01;50.01;50.01;5726;1000;0.0;0;0.0000;0;0;1046;1046;1046
60;2014-09-05 08:43:00;909402N262;872;1.061;36;234;234;232;234;1.459;50.00;549.5;0.758;623.7;0.377;750.3;0.302;60;0;0;1.459;1.472;1.446;289;296;285;50.00;50.00;50.00;5726;1000;0.0;0;0.0000;0;0;1061;1061;1061
60;2014-09-05 08:44:00;909402N262;870;1.076;36;234;235;232;234;1.454;49.98;550.5;0.759;624.7;0.377;752.1;0.296;60;0;0;1.457;1.467;1.440;290;294;284;49.98;49.98;49.98;5726;1000;0.0;0;0.0000;0;0;1076;1076;1076
60;2014-09-05 08:45:00;909402N262;876;1.090;37;234;235;232;234;1.454;49.99;551.0;0.762;625.8;0.379;745.3;0.300;60;0;0;1.452;1.465;1.445;290;296;287;49.99;49.99;49.99;5726;1000;0.0;0;0.0000;0;0;1090;1090;1090
60;2014-09-05 08:46:00;909402N262;875;1.104;37;233;234;232;234;1.411;50.00;549.3;0.767;613.7;0.387;731.4;0.309;60;0;0;1.401;1.437;1.395;288;300;285;50.00;50.00;50.00;5726;1000;0.0;0;0.0000;0;0;1104;1104;1104
60;2014-09-05 08:47:00;909402N262;900;1.119;37;234;234;233;234;1.472;50.01;554.5;0.772;629.5;0.389;742.9;0.315;60;0;0;1.464;1.495;1.457;296;307;295;50.01;50.01;50.01;5726;1000;0.0;0;0.0000;0;0;1119;1119;1119
60;2014-09-05 08:48:00;909402N262;922;1.134;37;234;234;233;234;1.498;50.01;555.3;0.780;629.9;0.395;759.9;0.326;60;0;0;1.484;1.526;1.486;302;315;303;50.01;50.01;50.01;5726;1000;0.0;0;0.0000;0;0;1134;1134;1134
60;2014-09-05 08:49:00;909402N262;945;1.150;37;234;234;233;235;1.529;50.02;555.9;0.787;630.8;0.401;758.8;0.345;60;0;0;1.511;1.564;1.513;309;324;311;50.02;50.02;50.02;5726;1000;0.0;0;0.0000;0;0;1150;1150;1150
60;2014-09-05 08:50:00;909402N262;966;1.167;37;234;234;233;235;1.549;50.02;556.5;0.790;630.8;0.409;773.9;0.357;60;0;0;1.523;1.582;1.544;315;331;319;50.02;50.02;50.02;5726;1000;0.0;0;0.0000;0;0;1167;1167;1167
60;2014-09-05 08:51:00;909402N262;987;1.183;37;233;234;233;234;1.542;50.00;558.1;0.795;628.9;0.417;791.8;0.363;60;0;0;1.500;1.572;1.554;319;336;331;50.00;50.00;50.00;5726;1000;0.0;0;0.0000;0;0;1183;1183;1183
60;2014-09-05 08:52:00;909402N262;1000;1.199;37;233;234;232;234;1.532;50.01;558.6;0.801;599.9;0.447;795.1;0.363;60;0;0;1.494;1.559;1.543;322;339;336;50.01;50.01;50.01;5726;1000;0.0;0;0.0000;0;0;1199;1199;1199
60;2014-09-05 08:53:00;909402N262;1022;1.217;37;234;234;233;234;1.570;50.00;559.3;0.812;594.2;0.469;794.6;0.372;60;0;0;1.532;1.595;1.585;331;346;343;50.00;50.00;50.00;5726;1000;0.0;0;0.0000;0;0;1217;1217;1217
60;2014-09-05 08:54:00;909402N262;1061;1.235;37;234;234;233;234;1.621;50.00;558.6;0.834;595.7;0.493;794.9;0.387;60;0;0;1.581;1.647;1.637;344;359;357;50.00;50.00;50.00;5726;1000;0.0;0;0.0000;0;0;1235;1235;1235
60;2014-09-05 08:55:00;909402N262;1094;1.253;37;233;234;232;233;1.663;49.99;560.8;0.848;608.9;0.508;795.1;0.396;60;0;0;1.634;1.684;1.671;358;368;366;49.99;49.99;49.99;5726;1000;0.0;0;0.0000;0;0;1253;1253;1253
60;2014-09-05 08:56:00;909402N262;1095;1.271;37;233;234;232;234;1.665;50.01;562.1;0.841;622.3;0.507;795.1;0.392;60;0;0;1.636;1.686;1.673;358;368;366;50.01;50.01;50.01;5726;1000;0.0;0;0.0000;0;0;1271;1271;1271
60;2014-09-05 08:57:00;909402N262;1100;1.290;37;233;234;232;234;1.672;50.01;554.9;0.848;622.4;0.520;795.1;0.393;60;0;0;1.640;1.696;1.680;359;371;368;50.01;50.01;50.01;5726;1000;0.0;0;0.0000;0;0;1290;1290;1290
60;2014-09-05 08:58:00;909402N262;1113;1.308;37;233;234;232;234;1.690;50.02;554.5;0.857;620.4;0.532;794.9;0.396;60;0;0;1.668;1.715;1.687;366;376;369;50.02;50.02;50.02;5726;1000;0.0;0;0.0000;0;0;1308;1308;1308
60;2014-09-05 08:59:00;909402N262;1113;1.327;37;234;234;232;234;1.717;50.02;563.8;0.840;620.8;0.533;776.9;0.406;60;0;0;1.694;1.753;1.706;366;377;368;50.02;50.02;50.02;5726;1000;0.0;0;0.0000;0;0;1327;1327;1327
60;2014-09-05 09:00:00;909402N262;1121;1.346;37;234;235;232;234;1.753;50.02;525.0;0.907;624.1;0.536;755.9;0.422;60;0;0;1.734;1.782;1.744;369;378;372;50.02;50.02;50.02;5726;1000;0.0;0;0.0000;0;0;1346;1346;1346
[wr_ende]
