20150328;130001;danfoss;My Plant;+0100
[wr_def_start]
909402N262;Inverter Type;Inverter Group;Hanzl
[wr_def_end]
[wr]
INTERVAL;TIMESTAMP;SERIAL;P_AC;E_DAY;T_WR;U_AC;U_AC_1;U_AC_2;U_AC_3;I_AC;F_AC;U_DC_1;I_DC_1;U_DC_2;I_DC_2;U_DC_3;I_DC_3;S;E_WR;M_WR;I_AC_1;I_AC_2;I_AC_3;P_AC_1;P_AC_2;P_AC_3;F_AC_1;F_AC_2;F_AC_3;R_DC;PC;PCS;PCS_LL;COS_PHI;COS_PHI_LL;S_COS_PHI;Current_Day_Energy;current_Day_Offset;ccEnergyOfDay_WithoutOffset
60;2015-03-28 12:01:00;909402N262;9790;24.445;48;234;233;234;234;14.344;49.95;539.6;7.886;652.9;3.928;794.0;3.963;60;0;0;14.281;14.379;14.372;3243;3274;3271;49.95;49.95;49.95;26586;1000;0.0;0;1.0000;0;2;24445;24445;24445
60;2015-03-28 12:02:00;909402N262;9942;24.611;48;233;233;233;234;14.604;49.95;542.9;7.940;668.0;3.920;795.6;3.986;60;0;0;14.549;14.628;14.637;3298;3315;3327;49.95;49.95;49.95;26586;1000;0.0;0;1.0000;0;2;24611;24611;24611
60;2015-03-28 12:03:00;909402N262;9913;24.776;48;232;233;232;232;14.620;49.96;542.7;7.919;668.1;3.910;795.5;3.974;60;0;0;14.598;14.652;14.612;3303;3305;3303;49.96;49.96;49.96;26586;1000;0.0;0;1.0000;0;2;24776;24776;24776
60;2015-03-28 12:04:00;909402N262;9880;24.941;48;232;233;232;233;14.557;49.97;541.3;7.908;667.7;3.903;795.2;3.963;60;0;0;14.542;14.577;14.554;3295;3290;3294;49.97;49.97;49.97;26586;1000;0.0;0;1.0000;0;2;24941;24941;24941
60;2015-03-28 12:05:00;909402N262;10298;25.113;48;232;233;231;231;15.254;49.98;538.3;8.263;666.1;4.089;794.5;4.149;60;0;0;15.266;15.280;15.216;3446;3432;3418;49.98;49.98;49.98;26586;1000;0.0;0;1.0000;0;2;25113;25113;25113
60;2015-03-28 12:06:00;909402N262;10528;25.288;48;232;233;232;232;15.594;49.98;536.1;8.461;664.6;4.198;790.6;4.266;60;0;0;15.580;15.650;15.553;3511;3523;3491;49.98;49.98;49.98;26586;1000;0.0;0;1.0000;0;2;25288;25288;25288
60;2015-03-28 12:07:00;909402N262;10553;25.463;48;232;232;233;232;15.632;49.99;535.3;8.499;664.0;4.213;786.7;4.296;60;0;0;15.589;15.720;15.589;3504;3546;3501;49.99;49.99;49.99;26586;1000;0.0;0;1.0000;0;2;25463;25463;25463
60;2015-03-28 12:08:00;909402N262;10513;25.639;48;232;232;232;233;15.586;49.99;535.7;8.474;664.8;4.188;785.5;4.280;60;0;0;15.513;15.657;15.590;3480;3519;3511;49.99;49.99;49.99;26586;1000;0.0;0;1.0000;0;2;25639;25639;25639
60;2015-03-28 12:09:00;909402N262;10624;25.816;48;232;231;232;233;15.768;49.99;535.2;8.565;665.0;4.234;784.7;4.332;60;0;0;15.646;15.871;15.788;3497;3566;3559;49.99;49.99;49.99;26586;1000;0.0;0;1.0000;0;2;25816;25816;25816
60;2015-03-28 12:10:00;909402N262;9573;25.976;48;232;231;233;233;14.090;49.99;541.2;7.562;663.1;3.720;789.0;4.023;60;0;0;13.963;14.193;14.115;3144;3221;3206;49.99;49.99;49.99;26586;1000;0.0;0;1.0000;0;2;25976;25976;25976
60;2015-03-28 12:11:00;909402N262;10696;26.154;48;233;232;234;233;15.807;49.99;540.2;8.517;666.0;4.235;794.0;4.305;60;0;0;15.678;15.956;15.788;3521;3608;3564;49.99;49.99;49.99;26586;1000;0.0;0;1.0000;0;2;26154;26154;26154
60;2015-03-28 12:12:00;909402N262;8665;26.298;49;232;231;234;232;12.716;50.01;546.0;6.790;660.2;3.344;790.4;3.646;60;0;0;12.583;12.859;12.706;2840;2945;2879;50.01;50.01;50.01;26586;1000;0.0;0;1.0000;0;2;26298;26298;26298
60;2015-03-28 12:13:00;909402N262;10368;26.468;49;233;232;235;233;15.300;50.01;541.1;8.318;666.7;4.112;794.3;4.143;60;0;0;15.145;15.487;15.270;3403;3517;3446;50.01;50.01;50.01;26586;1000;0.0;0;1.0000;0;2;26468;26468;26468
60;2015-03-28 12:14:00;909402N262;10615;26.645;49;233;232;234;234;15.658;50.02;540.5;8.500;665.9;4.192;794.6;4.285;60;0;0;15.509;15.750;15.716;3482;3570;3562;50.02;50.02;50.02;26586;1000;0.0;0;1.0000;0;2;26645;26645;26645
60;2015-03-28 12:15:00;909402N262;9899;26.811;49;233;231;233;234;14.638;50.01;541.1;7.880;663.8;3.949;792.4;4.017;60;0;0;14.472;14.741;14.703;3241;3327;3329;50.01;50.01;50.01;26586;1000;0.0;0;1.0000;0;2;26811;26811;26811
60;2015-03-28 12:16:00;909402N262;6543;26.919;49;233;231;233;234;9.426;50.02;544.6;5.396;645.7;2.686;783.9;2.516;60;0;0;9.349;9.393;9.538;2140;2192;2204;50.02;50.02;50.02;26586;1000;0.0;0;1.0000;0;2;26919;26919;26919
60;2015-03-28 12:17:00;909402N262;10704;27.098;49;233;231;234;234;15.803;50.01;543.6;8.549;669.5;4.206;795.9;4.299;60;0;0;15.619;15.906;15.884;3499;3603;3600;50.01;50.01;50.01;26586;1000;0.0;0;1.0000;0;2;27098;27098;27098
60;2015-03-28 12:18:00;909402N262;10031;27.268;49;233;231;234;233;14.813;50.02;544.4;8.000;667.4;3.981;792.9;3.973;60;0;0;14.628;14.967;14.844;3280;3390;3359;50.02;50.02;50.02;26586;1000;0.0;0;1.0000;0;2;27268;27268;27268
60;2015-03-28 12:19:00;909402N262;4824;27.347;49;232;232;233;230;7.062;50.00;554.1;3.813;661.9;1.850;783.5;1.968;60;0;0;7.012;7.117;7.057;1592;1636;1594;50.00;50.00;50.00;26586;1000;0.0;0;1.0000;0;2;27347;27347;27347
60;2015-03-28 12:20:00;909402N262;10079;27.516;49;232;233;234;231;14.845;50.01;549.1;8.023;670.2;3.907;792.6;4.068;60;0;0;14.839;14.923;14.775;3355;3409;3313;50.01;50.01;50.01;26586;1000;0.0;0;1.0000;0;2;27516;27516;27516
60;2015-03-28 12:21:00;909402N262;9175;27.669;48;232;232;233;232;13.546;50.01;548.9;7.151;666.7;3.547;794.5;3.813;60;0;0;13.460;13.704;13.476;3038;3100;3034;50.01;50.01;50.01;26586;1000;0.0;0;1.0000;0;2;27669;27669;27669
60;2015-03-28 12:22:00;909402N262;4997;27.752;48;231;231;232;231;7.354;50.01;556.5;3.958;662.2;1.958;783.5;2.012;60;0;0;7.275;7.465;7.322;1652;1684;1662;50.01;50.01;50.01;26586;1000;0.0;0;1.0000;0;2;27752;27752;27752
60;2015-03-28 12:23:00;909402N262;3377;27.809;48;231;231;232;230;5.010;49.99;562.3;2.698;661.0;1.287;780.6;1.337;60;0;0;4.965;5.081;4.986;1115;1144;1116;49.99;49.99;49.99;26586;1000;0.0;0;1.0000;0;2;27809;27809;27809
60;2015-03-28 12:24:00;909402N262;3036;27.858;48;231;231;233;230;4.530;49.98;569.6;2.402;661.8;1.164;780.0;1.177;60;0;0;4.487;4.602;4.501;1001;1034;999;49.98;49.98;49.98;26586;1000;0.0;0;1.0000;0;2;27858;27858;27858
60;2015-03-28 12:25:00;909402N262;2752;27.905;48;232;231;233;231;4.130;49.99;575.5;2.146;663.3;1.055;779.4;1.067;60;0;0;4.066;4.208;4.117;898;941;911;49.99;49.99;49.99;26586;1000;0.0;0;1.0000;0;2;27905;27905;27905
60;2015-03-28 12:26:00;909402N262;2777;27.952;48;231;230;233;231;4.169;49.99;577.9;2.157;666.3;1.062;781.9;1.071;60;0;0;4.094;4.252;4.161;904;950;922;49.99;49.99;49.99;26586;1000;0.0;0;1.0000;0;2;27952;27952;27952
60;2015-03-28 12:27:00;909402N262;2692;27.996;47;231;231;232;231;4.048;50.00;557.4;2.174;667.9;1.024;782.0;1.036;60;0;0;3.995;4.104;4.046;884;912;894;50.00;50.00;50.00;26586;1000;0.0;0;1.0000;0;2;27996;27996;27996
60;2015-03-28 12:28:00;909402N262;2775;28.042;47;232;232;232;231;4.153;50.00;560.7;2.215;670.1;1.051;787.3;1.073;60;0;0;4.095;4.207;4.159;910;939;924;50.00;50.00;50.00;26586;1000;0.0;0;1.0000;0;2;28042;28042;28042
60;2015-03-28 12:29:00;909402N262;2797;28.089;47;232;231;232;232;4.170;49.99;570.2;2.187;672.8;1.059;794.6;1.073;60;0;0;4.104;4.228;4.178;913;948;934;49.99;49.99;49.99;26586;1000;0.0;0;1.0000;0;2;28089;28089;28089
60;2015-03-28 12:30:00;909402N262;3534;28.148;46;232;231;232;232;5.207;49.97;587.3;2.626;676.8;1.308;792.7;1.404;60;0;0;5.114;5.320;5.187;1154;1189;1174;49.97;49.97;49.97;26586;1000;0.0;0;1.0000;0;2;28148;28148;28148
60;2015-03-28 12:31:00;909402N262;3953;28.215;46;232;232;232;232;5.796;49.97;580.3;3.014;665.2;1.511;794.0;1.598;60;0;0;5.725;5.863;5.801;1304;1328;1324;49.97;49.97;49.97;26586;1000;0.0;0;1.0000;0;2;28215;28215;28215
60;2015-03-28 12:32:00;909402N262;4144;28.284;46;232;232;233;232;6.065;49.97;586.7;3.094;683.1;1.586;794.4;1.597;60;0;0;6.005;6.139;6.051;1370;1394;1378;49.97;49.97;49.97;26586;1000;0.0;0;1.0000;0;2;28284;28284;28284
60;2015-03-28 12:33:00;909402N262;4638;28.362;46;232;232;233;232;6.722;49.97;587.9;3.459;684.9;1.822;794.1;1.744;60;0;0;6.682;6.761;6.723;1533;1558;1538;49.97;49.97;49.97;26586;1000;0.0;0;1.0000;0;2;28362;28362;28362
60;2015-03-28 12:34:00;909402N262;6836;28.475;46;232;232;233;232;10.013;49.97;584.3;5.123;688.1;2.668;793.7;2.627;60;0;0;9.954;10.110;9.976;2270;2295;2271;49.97;49.97;49.97;26586;1000;0.0;0;1.0000;0;2;28475;28475;28475
60;2015-03-28 12:35:00;909402N262;5009;28.558;46;233;232;234;233;7.242;49.98;583.8;3.761;682.5;1.911;793.0;1.986;60;0;0;7.185;7.289;7.254;1645;1692;1669;49.98;49.98;49.98;26586;1000;0.0;0;1.0000;0;2;28558;28558;28558
60;2015-03-28 12:36:00;909402N262;4532;28.634;46;233;232;233;233;6.587;49.98;582.3;3.437;682.9;1.724;794.5;1.748;60;0;0;6.509;6.672;6.580;1486;1532;1512;49.98;49.98;49.98;26586;1000;0.0;0;1.0000;0;2;28634;28634;28634
60;2015-03-28 12:37:00;909402N262;4976;28.717;46;233;232;234;234;7.210;49.97;581.7;3.824;683.4;1.905;794.3;1.871;60;0;0;7.096;7.320;7.215;1625;1683;1666;49.97;49.97;49.97;26586;1000;0.0;0;1.0000;0;2;28717;28717;28717
60;2015-03-28 12:38:00;909402N262;6723;28.828;45;234;232;235;234;9.734;49.98;579.3;5.051;683.7;2.492;793.5;2.698;60;0;0;9.625;9.855;9.723;2196;2280;2236;49.98;49.98;49.98;26586;1000;0.0;0;1.0000;0;2;28828;28828;28828
60;2015-03-28 12:39:00;909402N262;6483;28.937;45;233;232;235;234;9.369;50.00;579.5;5.069;684.9;2.453;794.8;2.509;60;0;0;9.282;9.417;9.408;2125;2200;2169;50.00;50.00;50.00;26586;1000;0.0;0;1.0000;0;2;28937;28937;28937
60;2015-03-28 12:40:00;909402N262;8533;29.079;45;233;232;235;233;12.522;50.00;573.3;6.595;688.0;3.250;793.3;3.341;60;0;0;12.412;12.674;12.481;2806;2893;2831;50.00;50.00;50.00;26586;1000;0.0;0;1.0000;0;2;29079;29079;29079
60;2015-03-28 12:41:00;909402N262;5939;29.178;45;232;231;234;232;8.597;49.99;576.8;4.533;683.2;2.163;790.9;2.419;60;0;0;8.518;8.680;8.595;1950;2010;1975;49.99;49.99;49.99;26586;1000;0.0;0;1.0000;0;2;29178;29178;29178
60;2015-03-28 12:42:00;909402N262;7654;29.307;46;233;232;234;233;11.211;50.00;575.6;5.873;681.9;2.769;793.7;3.243;60;0;0;11.097;11.342;11.196;2524;2593;2555;50.00;50.00;50.00;26586;1000;0.0;0;1.0000;0;2;29307;29307;29307
60;2015-03-28 12:43:00;909402N262;10138;29.476;46;233;233;234;233;14.924;50.00;567.0;7.837;683.0;3.704;795.6;4.223;60;0;0;14.835;15.051;14.887;3356;3412;3368;50.00;50.00;50.00;26586;1000;0.0;0;1.0000;0;2;29476;29476;29476
60;2015-03-28 12:44:00;909402N262;11315;29.664;46;233;233;234;233;16.757;50.00;556.4;8.925;683.0;4.282;796.0;4.546;60;0;0;16.686;16.876;16.711;3750;3812;3751;50.00;50.00;50.00;26586;1000;0.0;0;1.0000;0;2;29664;29664;29664
60;2015-03-28 12:45:00;909402N262;11038;29.848;46;234;233;234;233;16.312;49.99;552.5;8.734;679.4;4.207;795.6;4.455;60;0;0;16.258;16.440;16.239;3662;3722;3652;49.99;49.99;49.99;26586;1000;0.0;0;1.0000;0;2;29848;29848;29848
60;2015-03-28 12:46:00;909402N262;11289;30.037;46;233;233;234;233;16.723;50.00;544.6;9.022;666.9;4.402;787.8;4.638;60;0;0;16.663;16.794;16.712;3742;3792;3753;50.00;50.00;50.00;26586;1000;0.0;0;1.0000;0;2;30037;30037;30037
60;2015-03-28 12:47:00;909402N262;11178;30.224;46;234;233;235;234;16.517;49.99;543.9;8.905;673.5;4.330;795.7;4.541;60;0;0;16.420;16.648;16.483;3692;3768;3717;49.99;49.99;49.99;26586;1000;0.0;0;1.0000;0;2;30224;30224;30224
60;2015-03-28 12:48:00;909402N262;10540;30.399;46;234;233;235;234;15.528;50.00;542.8;8.436;671.5;4.088;795.3;4.271;60;0;0;15.395;15.658;15.532;3468;3555;3515;50.00;50.00;50.00;26586;1000;0.0;0;1.0000;0;2;30399;30399;30399
60;2015-03-28 12:49:00;909402N262;11251;30.587;47;233;232;235;233;16.664;50.01;538.2;9.038;670.4;4.393;794.8;4.571;60;0;0;16.554;16.831;16.608;3710;3809;3731;50.01;50.01;50.01;26586;1000;0.0;0;1.0000;0;2;30587;30587;30587
60;2015-03-28 12:50:00;909402N262;10208;30.756;47;233;232;235;233;15.015;50.01;538.6;8.197;669.2;3.976;792.8;4.153;60;0;0;14.881;15.147;15.017;3353;3456;3393;50.01;50.01;50.01;26586;1000;0.0;0;1.0000;0;2;30756;30756;30756
60;2015-03-28 12:51:00;909402N262;11349;30.946;47;233;232;234;233;16.854;50.03;533.9;9.188;667.5;4.460;788.5;4.637;60;0;0;16.704;16.970;16.888;3726;3827;3794;50.03;50.03;50.03;26586;1000;0.0;0;1.0000;0;2;30946;30946;30946
60;2015-03-28 12:52:00;909402N262;11468;31.137;47;233;232;234;234;17.008;50.03;531.7;9.317;666.0;4.522;783.5;4.720;60;0;0;16.884;17.093;17.049;3776;3852;3839;50.03;50.03;50.03;26586;1000;0.0;0;1.0000;0;2;31137;31137;31137
60;2015-03-28 12:53:00;909402N262;9018;31.288;48;233;232;234;233;13.328;50.03;537.2;7.282;664.9;3.603;782.7;3.592;60;0;0;13.194;13.469;13.321;2969;3036;3011;50.03;50.03;50.03;26586;1000;0.0;0;1.0000;0;2;31288;31288;31288
60;2015-03-28 12:54:00;909402N262;8669;31.431;48;233;232;234;233;12.662;50.02;544.0;6.981;662.0;3.371;783.1;3.547;60;0;0;12.605;12.652;12.730;2850;2927;2890;50.02;50.02;50.02;26586;1000;0.0;0;1.0000;0;2;31431;31431;31431
60;2015-03-28 12:55:00;909402N262;8822;31.579;48;232;231;234;232;12.996;50.01;542.9;7.086;667.5;3.467;788.4;3.604;60;0;0;12.876;13.136;12.978;2905;2989;2936;50.01;50.01;50.01;26586;1000;0.0;0;1.0000;0;2;31579;31579;31579
60;2015-03-28 12:56:00;909402N262;11262;31.766;48;232;232;234;232;16.726;50.02;538.3;9.124;669.0;4.377;794.4;4.555;60;0;0;16.671;16.846;16.663;3738;3799;3725;50.02;50.02;50.02;26586;1000;0.0;0;1.0000;0;2;31766;31766;31766
60;2015-03-28 12:57:00;909402N262;9461;31.924;48;232;233;233;232;14.026;50.02;540.7;7.600;666.2;3.667;788.4;3.870;60;0;0;14.000;14.120;13.958;3157;3172;3130;50.02;50.02;50.02;26586;1000;0.0;0;1.0000;0;2;31924;31924;31924
60;2015-03-28 12:58:00;909402N262;5801;32.021;48;232;232;233;232;8.498;50.02;551.4;4.589;657.3;2.172;781.0;2.346;60;0;0;8.415;8.620;8.460;1916;1947;1926;50.02;50.02;50.02;26586;1000;0.0;0;1.0000;0;2;32021;32021;32021
60;2015-03-28 12:59:00;909402N262;5876;32.119;48;232;232;233;232;8.631;50.01;551.7;4.721;665.3;2.246;785.5;2.415;60;0;0;8.563;8.694;8.638;1940;1979;1957;50.01;50.01;50.01;26586;1000;0.0;0;1.0000;0;2;32119;32119;32119
60;2015-03-28 13:00:00;909402N262;7294;32.240;48;233;233;234;233;10.544;50.00;558.2;5.833;670.2;2.722;788.0;2.922;60;0;0;10.518;10.555;10.560;2411;2455;2418;50.00;50.00;50.00;26586;1000;0.0;0;1.0000;0;2;32240;32240;32240
[wr_ende]
