20140703;140005;danfoss;My Plant;+0100
[wr_def_start]
909402N262;Inverter Type;Inverter Group;Hanzl
[wr_def_end]
[wr]
INTERVAL;TIMESTAMP;SERIAL;P_AC;E_DAY;T_WR;U_AC;U_AC_1;U_AC_2;U_AC_3;I_AC;F_AC;U_DC_1;I_DC_1;U_DC_2;I_DC_2;U_DC_3;I_DC_3;S;E_WR;M_WR;I_AC_1;I_AC_2;I_AC_3;P_AC_1;P_AC_2;P_AC_3;F_AC_1;F_AC_2;F_AC_3;R_DC;PC;PCS;PCS_LL;COS_PHI;COS_PHI_LL;S_COS_PHI;Current_Day_Energy;current_Day_Offset;ccEnergyOfDay_WithoutOffset
60;2014-07-03 13:01:00;909402N262;9617;23.827;51;236;235;234;237;13.614;50.00;485.1;8.053;595.7;4.631;735.5;4.278;60;0;0;13.542;13.592;13.709;3180;3184;3250;50.00;50.00;50.00;7423;1000;0.0;0;0.0000;0;0;23827;23827;23827
60;2014-07-03 13:02:00;909402N262;9711;23.987;51;236;235;235;237;13.749;50.02;489.0;8.072;601.4;4.607;742.2;4.267;60;0;0;13.681;13.723;13.845;3214;3215;3280;50.02;50.02;50.02;7423;1000;0.0;0;0.0000;0;0;23987;23987;23987
60;2014-07-03 13:03:00;909402N262;9643;24.149;51;236;235;235;237;13.643;50.00;488.3;8.040;601.0;4.567;741.2;4.239;60;0;0;13.576;13.637;13.717;3192;3201;3247;50.00;50.00;50.00;7423;1000;0.0;0;0.0000;0;0;24149;24149;24149
60;2014-07-03 13:04:00;909402N262;9556;24.309;51;236;235;235;237;13.533;49.99;488.7;7.977;601.1;4.513;740.2;4.206;60;0;0;13.485;13.508;13.607;3171;3166;3217;49.99;49.99;49.99;7423;1000;0.0;0;0.0000;0;0;24309;24309;24309
60;2014-07-03 13:05:00;909402N262;9527;24.466;51;236;236;235;236;13.483;49.99;489.6;7.955;601.9;4.479;740.9;4.192;60;0;0;13.449;13.464;13.537;3169;3159;3198;49.99;49.99;49.99;7423;1000;0.0;0;0.0000;0;0;24466;24466;24466
60;2014-07-03 13:06:00;909402N262;9578;24.627;51;236;236;235;237;13.546;49.99;490.1;7.990;602.6;4.497;741.4;4.211;60;0;0;13.529;13.509;13.602;3191;3169;3217;49.99;49.99;49.99;7423;1000;0.0;0;0.0000;0;0;24627;24627;24627
60;2014-07-03 13:07:00;909402N262;9550;24.785;51;236;236;235;237;13.485;49.99;490.7;7.956;603.4;4.477;741.9;4.195;60;0;0;13.454;13.457;13.545;3177;3163;3208;49.99;49.99;49.99;7423;1000;0.0;0;0.0000;0;0;24785;24785;24785
60;2014-07-03 13:08:00;909402N262;9495;24.944;51;236;236;236;237;13.396;50.01;490.6;7.930;602.7;4.468;741.4;4.156;60;0;0;13.318;13.384;13.487;3143;3149;3200;50.01;50.01;50.01;7423;1000;0.0;0;0.0000;0;0;24944;24944;24944
60;2014-07-03 13:09:00;909402N262;6221;25.048;51;235;235;235;237;8.833;50.01;503.3;5.226;593.7;3.121;717.7;2.549;60;0;0;8.743;8.866;8.890;2050;2067;2102;50.01;50.01;50.01;7423;1000;0.0;0;0.0000;0;0;25048;25048;25048
60;2014-07-03 13:10:00;909402N262;4939;25.130;51;235;235;235;236;7.053;49.99;508.7;3.722;597.9;2.324;726.2;2.290;60;0;0;6.961;7.139;7.059;1629;1647;1662;49.99;49.99;49.99;7423;1000;0.0;0;0.0000;0;0;25130;25130;25130
60;2014-07-03 13:11:00;909402N262;1751;25.159;51;234;234;234;236;2.499;50.00;498.1;1.588;580.4;0.832;684.2;0.728;60;0;0;2.435;2.527;2.535;566;587;595;50.00;50.00;50.00;7423;1000;0.0;0;0.0000;0;0;25159;25159;25159
60;2014-07-03 13:12:00;909402N262;1956;25.191;51;234;234;234;235;2.791;50.00;503.3;1.859;579.7;0.864;688.3;0.783;60;0;0;2.760;2.744;2.871;637;658;661;50.00;50.00;50.00;7423;1000;0.0;0;0.0000;0;0;25191;25191;25191
60;2014-07-03 13:13:00;909402N262;4775;25.272;51;235;234;234;236;6.847;50.01;513.0;3.941;606.8;2.296;727.3;1.896;60;0;0;6.748;6.957;6.836;1576;1594;1603;50.01;50.01;50.01;7423;1000;0.0;0;0.0000;0;0;25272;25272;25272
60;2014-07-03 13:14:00;909402N262;1693;25.300;51;234;234;234;235;2.441;50.02;515.9;1.532;590.8;0.755;696.9;0.684;60;0;0;2.381;2.469;2.473;548;571;572;50.02;50.02;50.02;7423;1000;0.0;0;0.0000;0;0;25300;25300;25300
60;2014-07-03 13:15:00;909402N262;1588;25.326;50;235;235;234;235;2.301;50.01;520.8;1.427;592.8;0.705;699.7;0.640;60;0;0;2.247;2.324;2.333;516;536;534;50.01;50.01;50.01;7423;1000;0.0;0;0.0000;0;0;25326;25326;25326
60;2014-07-03 13:16:00;909402N262;1606;25.353;50;235;235;233;235;2.357;50.01;510.1;1.457;596.8;0.714;703.0;0.653;60;0;0;2.307;2.381;2.383;523;541;540;50.01;50.01;50.01;7423;1000;0.0;0;0.0000;0;0;25353;25353;25353
60;2014-07-03 13:17:00;909402N262;1605;25.380;50;235;235;233;235;2.379;50.01;529.0;1.423;601.5;0.701;714.1;0.631;60;0;0;2.322;2.411;2.405;519;543;541;50.01;50.01;50.01;7423;1000;0.0;0;0.0000;0;0;25380;25380;25380
60;2014-07-03 13:18:00;909402N262;1624;25.407;50;235;235;234;236;2.425;49.99;531.0;1.446;605.3;0.699;719.7;0.629;60;0;0;2.373;2.447;2.455;527;547;548;49.99;49.99;49.99;7423;1000;0.0;0;0.0000;0;0;25407;25407;25407
60;2014-07-03 13:19:00;909402N262;8229;25.543;50;236;236;234;238;11.613;50.00;539.1;6.514;631.0;3.401;772.2;3.511;60;0;0;11.597;11.513;11.729;2736;2714;2782;50.00;50.00;50.00;7423;1000;0.0;0;0.0000;0;0;25543;25543;25543
60;2014-07-03 13:20:00;909402N262;10298;25.715;50;237;237;235;238;14.513;50.00;521.4;8.210;638.8;4.478;781.5;4.274;60;0;0;14.471;14.468;14.601;3422;3402;3472;50.00;50.00;50.00;7423;1000;0.0;0;0.0000;0;0;25715;25715;25715
60;2014-07-03 13:21:00;909402N262;10248;25.887;50;237;236;235;238;14.444;50.01;516.0;8.251;633.8;4.495;778.6;4.275;60;0;0;14.353;14.421;14.559;3389;3393;3466;50.01;50.01;50.01;7423;1000;0.0;0;0.0000;0;0;25887;25887;25887
60;2014-07-03 13:22:00;909402N262;10212;26.056;50;236;236;235;238;14.399;50.00;513.0;8.261;629.8;4.517;775.8;4.273;60;0;0;14.336;14.364;14.499;3386;3377;3446;50.00;50.00;50.00;7423;1000;0.0;0;0.0000;0;0;26056;26056;26056
60;2014-07-03 13:23:00;909402N262;10160;26.225;50;236;236;236;237;14.326;49.99;510.0;8.260;626.5;4.520;772.0;4.277;60;0;0;14.249;14.357;14.374;3363;3389;3406;49.99;49.99;49.99;7423;1000;0.0;0;0.0000;0;0;26225;26225;26225
60;2014-07-03 13:24:00;909402N262;10117;26.394;50;236;236;236;237;14.273;50.00;507.2;8.262;623.8;4.520;769.1;4.283;60;0;0;14.201;14.272;14.348;3350;3362;3403;50.00;50.00;50.00;7423;1000;0.0;0;0.0000;0;0;26394;26394;26394
60;2014-07-03 13:25:00;909402N262;10188;26.564;50;236;236;236;237;14.369;50.00;504.7;8.349;620.8;4.589;765.3;4.329;60;0;0;14.296;14.379;14.434;3370;3394;3422;50.00;50.00;50.00;7423;1000;0.0;0;0.0000;0;0;26564;26564;26564
60;2014-07-03 13:26:00;909402N262;10198;26.734;50;236;236;236;237;14.388;50.01;502.1;8.381;618.9;4.622;762.3;4.351;60;0;0;14.309;14.396;14.459;3371;3396;3429;50.01;50.01;50.01;7423;1000;0.0;0;0.0000;0;0;26734;26734;26734
60;2014-07-03 13:27:00;909402N262;10178;26.904;50;236;236;236;237;14.359;50.02;500.8;8.380;617.6;4.633;759.7;4.354;60;0;0;14.312;14.362;14.404;3378;3387;3411;50.02;50.02;50.02;7423;1000;0.0;0;0.0000;0;0;26904;26904;26904
60;2014-07-03 13:28:00;909402N262;10211;27.074;51;236;236;236;237;14.411;50.02;499.1;8.421;615.8;4.674;757.3;4.378;60;0;0;14.371;14.407;14.456;3394;3392;3423;50.02;50.02;50.02;7423;1000;0.0;0;0.0000;0;0;27074;27074;27074
60;2014-07-03 13:29:00;909402N262;10292;27.246;51;237;237;236;237;14.510;50.00;496.9;8.501;612.8;4.746;754.6;4.439;60;0;0;14.494;14.478;14.559;3430;3409;3451;50.00;50.00;50.00;7423;1000;0.0;0;0.0000;0;0;27246;27246;27246
60;2014-07-03 13:30:00;909402N262;9524;27.406;51;236;237;236;236;13.449;49.99;500.4;7.937;609.9;4.587;742.3;3.931;60;0;0;13.440;13.470;13.437;3181;3168;3173;49.99;49.99;49.99;7423;1000;0.0;0;0.0000;0;0;27406;27406;27406
60;2014-07-03 13:31:00;909402N262;3068;27.457;51;235;236;235;235;4.379;50.00;506.0;2.756;574.0;1.686;693.1;1.049;60;0;0;4.322;4.433;4.383;1012;1026;1024;50.00;50.00;50.00;7423;1000;0.0;0;0.0000;0;0;27457;27457;27457
60;2014-07-03 13:32:00;909402N262;2161;27.493;51;235;235;236;235;3.082;50.00;508.3;1.896;592.1;1.021;695.8;0.894;60;0;0;3.029;3.125;3.092;707;731;721;50.00;50.00;50.00;7423;1000;0.0;0;0.0000;0;0;27493;27493;27493
60;2014-07-03 13:33:00;909402N262;2352;27.531;51;235;235;235;235;3.385;49.98;516.3;2.016;600.4;1.096;707.2;0.966;60;0;0;3.324;3.428;3.405;769;794;788;49.98;49.98;49.98;7423;1000;0.0;0;0.0000;0;0;27531;27531;27531
60;2014-07-03 13:34:00;909402N262;2504;27.573;51;235;236;235;235;3.623;49.98;521.3;2.119;607.4;1.148;714.8;1.025;60;0;0;3.569;3.666;3.634;823;843;837;49.98;49.98;49.98;7423;1000;0.0;0;0.0000;0;0;27573;27573;27573
60;2014-07-03 13:35:00;909402N262;2780;27.619;51;235;236;235;235;4.015;50.00;528.8;2.351;612.5;1.260;725.6;1.101;60;0;0;3.971;4.048;4.028;915;934;929;50.00;50.00;50.00;7423;1000;0.0;0;0.0000;0;0;27619;27619;27619
60;2014-07-03 13:36:00;909402N262;3157;27.671;50;236;235;236;236;4.543;50.00;525.5;2.648;620.9;1.467;734.5;1.215;60;0;0;4.490;4.583;4.558;1038;1061;1057;50.00;50.00;50.00;7423;1000;0.0;0;0.0000;0;0;27671;27671;27671
60;2014-07-03 13:37:00;909402N262;3024;27.722;50;236;235;236;236;4.355;49.99;527.3;2.531;621.4;1.341;738.3;1.209;60;0;0;4.290;4.398;4.379;990;1016;1016;49.99;49.99;49.99;7423;1000;0.0;0;0.0000;0;0;27722;27722;27722
60;2014-07-03 13:38:00;909402N262;5677;27.817;50;236;236;236;236;8.067;49.99;544.2;4.399;630.7;2.579;762.7;2.258;60;0;0;8.003;8.114;8.084;1876;1899;1900;49.99;49.99;49.99;7423;1000;0.0;0;0.0000;0;0;27817;27817;27817
60;2014-07-03 13:39:00;909402N262;8642;27.960;50;237;237;237;237;12.183;49.99;527.3;6.799;637.5;3.766;775.2;3.650;60;0;0;12.126;12.219;12.205;2862;2900;2885;49.99;49.99;49.99;7423;1000;0.0;0;0.0000;0;0;27960;27960;27960
60;2014-07-03 13:40:00;909402N262;6861;28.076;50;236;236;236;237;9.707;50.01;537.1;5.700;621.9;3.165;761.2;2.536;60;0;0;9.627;9.768;9.726;2268;2290;2298;50.01;50.01;50.01;7423;1000;0.0;0;0.0000;0;0;28076;28076;28076
60;2014-07-03 13:41:00;909402N262;4053;28.143;50;234;234;234;235;5.827;50.00;527.9;3.392;618.4;1.912;747.7;1.511;60;0;0;5.751;5.869;5.862;1329;1359;1364;50.00;50.00;50.00;7423;1000;0.0;0;0.0000;0;0;28143;28143;28143
60;2014-07-03 13:42:00;909402N262;5834;28.240;50;234;233;234;235;8.363;50.01;536.0;4.959;622.3;2.923;745.9;1.965;60;0;0;8.286;8.400;8.403;1921;1950;1961;50.01;50.01;50.01;7423;1000;0.0;0;0.0000;0;0;28240;28240;28240
60;2014-07-03 13:43:00;909402N262;9999;28.406;50;234;234;234;235;14.219;50.00;515.9;8.223;629.7;4.634;771.6;3.919;60;0;0;14.146;14.229;14.284;3302;3341;3354;50.00;50.00;50.00;7423;1000;0.0;0;0.0000;0;0;28406;28406;28406
60;2014-07-03 13:44:00;909402N262;8506;28.550;50;235;235;234;235;12.138;50.01;510.4;6.954;620.9;3.912;761.8;3.419;60;0;0;12.068;12.207;12.141;2830;2826;2849;50.01;50.01;50.01;7423;1000;0.0;0;0.0000;0;0;28550;28550;28550
60;2014-07-03 13:45:00;909402N262;7726;28.680;50;234;235;234;235;11.023;50.00;512.4;6.445;614.2;3.594;754.2;3.120;60;0;0;10.999;11.045;11.027;2575;2571;2579;50.00;50.00;50.00;7423;1000;0.0;0;0.0000;0;0;28680;28680;28680
60;2014-07-03 13:46:00;909402N262;6554;28.791;50;234;234;234;235;9.377;50.01;504.4;5.427;605.1;3.076;735.5;2.754;60;0;0;9.306;9.437;9.388;2173;2190;2197;50.01;50.01;50.01;7423;1000;0.0;0;0.0000;0;0;28791;28791;28791
60;2014-07-03 13:47:00;909402N262;6435;28.895;50;234;234;234;234;9.162;50.01;518.0;5.318;610.3;3.109;744.4;2.434;60;0;0;9.094;9.240;9.153;2123;2151;2139;50.01;50.01;50.01;7423;1000;0.0;0;0.0000;0;0;28895;28895;28895
60;2014-07-03 13:48:00;909402N262;8009;29.030;50;234;234;234;235;11.363;50.01;511.4;6.463;613.6;3.597;760.1;3.423;60;0;0;11.352;11.320;11.418;2657;2660;2677;50.01;50.01;50.01;7423;1000;0.0;0;0.0000;0;0;29030;29030;29030
60;2014-07-03 13:49:00;909402N262;6961;29.144;50;234;234;233;235;9.959;50.02;515.3;5.909;612.5;3.454;743.9;2.538;60;0;0;9.881;10.047;9.950;2310;2317;2332;50.02;50.02;50.02;7423;1000;0.0;0;0.0000;0;0;29144;29144;29144
60;2014-07-03 13:50:00;909402N262;3428;29.201;50;233;233;233;234;4.937;50.01;507.4;2.999;604.7;1.660;732.2;1.273;60;0;0;4.874;4.967;4.970;1126;1148;1152;50.01;50.01;50.01;7423;1000;0.0;0;0.0000;0;0;29201;29201;29201
60;2014-07-03 13:51:00;909402N262;2870;29.250;50;233;234;232;234;4.152;50.01;508.8;2.513;605.7;1.284;741.7;1.146;60;0;0;4.108;4.175;4.175;948;957;964;50.01;50.01;50.01;7423;1000;0.0;0;0.0000;0;0;29250;29250;29250
60;2014-07-03 13:52:00;909402N262;9954;29.417;50;235;236;233;235;14.134;50.01;510.7;8.103;621.5;4.389;769.7;4.234;60;0;0;14.161;14.107;14.134;3337;3297;3318;50.01;50.01;50.01;7423;1000;0.0;0;0.0000;0;0;29417;29417;29417
60;2014-07-03 13:53:00;909402N262;11463;29.608;50;235;236;233;235;16.264;50.00;500.7;9.384;620.0;5.166;772.5;4.893;60;0;0;16.290;16.233;16.270;3842;3792;3828;50.00;50.00;50.00;7423;1000;0.0;0;0.0000;0;0;29608;29608;29608
60;2014-07-03 13:54:00;909402N262;11463;29.799;50;235;235;233;235;16.277;50.02;495.3;9.457;614.9;5.225;764.9;4.953;60;0;0;16.295;16.253;16.284;3837;3796;3829;50.02;50.02;50.02;7423;1000;0.0;0;0.0000;0;0;29799;29799;29799
60;2014-07-03 13:55:00;909402N262;11442;29.989;50;235;236;234;235;16.232;50.02;491.9;9.397;610.7;5.266;759.6;5.022;60;0;0;16.212;16.308;16.178;3825;3810;3805;50.02;50.02;50.02;7423;1000;0.0;0;0.0000;0;0;29989;29989;29989
60;2014-07-03 13:56:00;909402N262;7398;30.113;50;234;235;233;234;10.546;50.02;499.0;6.041;607.3;3.353;746.6;3.296;60;0;0;10.544;10.556;10.539;2474;2456;2464;50.02;50.02;50.02;7423;1000;0.0;0;0.0000;0;0;30113;30113;30113
60;2014-07-03 13:57:00;909402N262;5022;30.195;51;234;234;233;234;7.187;50.02;502.9;4.260;603.7;2.429;737.5;2.032;60;0;0;7.171;7.171;7.221;1669;1671;1680;50.02;50.02;50.02;7423;1000;0.0;0;0.0000;0;0;30195;30195;30195
60;2014-07-03 13:58:00;909402N262;10879;30.378;51;235;235;233;235;15.445;50.02;495.0;9.016;611.8;5.012;756.7;4.732;60;0;0;15.441;15.416;15.478;3630;3604;3642;50.02;50.02;50.02;7423;1000;0.0;0;0.0000;0;0;30378;30378;30378
60;2014-07-03 13:59:00;909402N262;11437;30.569;51;235;236;234;235;16.211;50.01;489.3;9.508;607.6;5.314;752.4;5.017;60;0;0;16.218;16.180;16.237;3822;3787;3826;50.01;50.01;50.01;7423;1000;0.0;0;0.0000;0;0;30569;30569;30569
60;2014-07-03 14:00:00;909402N262;8688;30.716;51;234;235;233;235;12.398;49.97;496.3;7.119;603.8;4.117;743.5;3.788;60;0;0;12.373;12.449;12.374;2904;2880;2903;49.97;49.97;49.97;7423;1000;0.0;0;0.0000;0;0;30716;30716;30716
[wr_ende]
