20140609;120000;danfoss;My Plant;+0100
[wr_def_start]
909402N262;Inverter Type;Inverter Group;Hanzl
[wr_def_end]
[wr]
INTERVAL;TIMESTAMP;SERIAL;P_AC;E_DAY;T_WR;U_AC;U_AC_1;U_AC_2;U_AC_3;I_AC;F_AC;U_DC_1;I_DC_1;U_DC_2;I_DC_2;U_DC_3;I_DC_3;S;E_WR;M_WR;I_AC_1;I_AC_2;I_AC_3;P_AC_1;P_AC_2;P_AC_3;F_AC_1;F_AC_2;F_AC_3;R_DC;PC;PCS;PCS_LL;COS_PHI;COS_PHI_LL;S_COS_PHI;Current_Day_Energy;current_Day_Offset;ccEnergyOfDay_WithoutOffset
60;2014-06-09 11:01:00;909402N262;6702;9.800;46;235;234;234;236;9.546;49.98;510.0;5.136;599.6;3.298;742.1;3.006;60;0;0;9.496;9.539;9.604;2217;2229;2255;49.98;49.98;49.98;7312;1000;0.0;0;0.0000;0;0;9800;9800;9800
60;2014-06-09 11:02:00;909402N262;6770;9.913;46;235;234;234;235;9.633;49.98;511.9;5.159;612.0;3.267;741.5;3.013;60;0;0;9.588;9.636;9.676;2243;2251;2274;49.98;49.98;49.98;7312;1000;0.0;0;0.0000;0;0;9913;9913;9913
60;2014-06-09 11:03:00;909402N262;6781;10.026;46;235;235;234;235;9.644;49.99;510.9;5.178;611.4;3.274;741.1;3.021;60;0;0;9.618;9.640;9.674;2252;2252;2275;49.99;49.99;49.99;7312;1000;0.0;0;0.0000;0;0;10026;10026;10026
60;2014-06-09 11:04:00;909402N262;6808;10.140;46;235;235;234;236;9.676;49.99;509.9;5.213;610.8;3.289;740.4;3.036;60;0;0;9.637;9.671;9.722;2258;2261;2288;49.99;49.99;49.99;7312;1000;0.0;0;0.0000;0;0;10140;10140;10140
60;2014-06-09 11:05:00;909402N262;6837;10.255;46;235;234;234;236;9.720;50.00;509.2;5.245;609.9;3.306;740.3;3.047;60;0;0;9.653;9.729;9.780;2256;2277;2302;50.00;50.00;50.00;7312;1000;0.0;0;0.0000;0;0;10255;10255;10255
60;2014-06-09 11:06:00;909402N262;6860;10.368;46;235;234;234;236;9.748;50.00;509.2;5.265;610.3;3.315;739.8;3.057;60;0;0;9.680;9.751;9.813;2264;2282;2312;50.00;50.00;50.00;7312;1000;0.0;0;0.0000;0;0;10368;10368;10368
60;2014-06-09 11:07:00;909402N262;6899;10.483;46;235;234;235;236;9.801;49.99;510.0;5.296;610.9;3.329;739.4;3.071;60;0;0;9.724;9.810;9.871;2272;2297;2327;49.99;49.99;49.99;7312;1000;0.0;0;0.0000;0;0;10483;10483;10483
60;2014-06-09 11:08:00;909402N262;6954;10.599;46;235;234;235;236;9.877;49.99;510.9;5.334;611.4;3.350;740.7;3.090;60;0;0;9.798;9.905;9.928;2289;2322;2341;49.99;49.99;49.99;7312;1000;0.0;0;0.0000;0;0;10599;10599;10599
60;2014-06-09 11:09:00;909402N262;6979;10.715;46;235;234;234;236;9.920;49.99;511.1;5.352;612.3;3.353;741.9;3.097;60;0;0;9.842;9.919;10.000;2299;2317;2360;49.99;49.99;49.99;7312;1000;0.0;0;0.0000;0;0;10715;10715;10715
60;2014-06-09 11:10:00;909402N262;7017;10.832;46;235;234;234;236;9.975;50.01;511.7;5.381;613.4;3.364;743.4;3.107;60;0;0;9.884;10.000;10.042;2308;2340;2366;50.01;50.00;50.00;7312;1000;0.0;0;0.0000;0;0;10832;10832;10832
60;2014-06-09 11:11:00;909402N262;7055;10.950;47;235;234;234;236;10.030;50.00;510.8;5.417;613.0;3.384;743.6;3.125;60;0;0;9.955;10.050;10.086;2327;2350;2376;50.00;50.00;50.00;7312;1000;0.0;0;0.0000;0;0;10950;10950;10950
60;2014-06-09 11:12:00;909402N262;7086;11.069;47;235;234;234;236;10.070;49.99;510.1;5.448;612.6;3.399;743.0;3.141;60;0;0;9.995;10.096;10.121;2337;2363;2383;49.99;49.99;49.99;7312;1000;0.0;0;0.0000;0;0;11069;11069;11069
60;2014-06-09 11:13:00;909402N262;7094;11.189;47;235;234;233;236;10.090;50.01;509.2;5.467;611.3;3.409;742.0;3.150;60;0;0;10.019;10.079;10.174;2344;2349;2399;50.01;50.01;50.01;7312;1000;0.0;0;0.0000;0;0;11189;11189;11189
60;2014-06-09 11:14:00;909402N262;7092;11.307;47;235;234;234;236;10.079;50.00;508.5;5.474;610.2;3.412;741.4;3.153;60;0;0;10.020;10.069;10.149;2344;2352;2393;50.00;50.00;50.00;7312;1000;0.0;0;0.0000;0;0;11307;11307;11307
60;2014-06-09 11:15:00;909402N262;7094;11.425;47;234;233;234;236;10.098;49.98;508.4;5.475;609.9;3.414;741.4;3.155;60;0;0;10.017;10.105;10.174;2335;2361;2395;49.98;49.98;49.98;7312;1000;0.0;0;0.0000;0;0;11425;11425;11425
60;2014-06-09 11:16:00;909402N262;7076;11.544;47;234;234;234;235;10.060;49.99;505.8;5.510;596.1;3.472;740.7;3.179;60;0;0;10.029;10.053;10.100;2346;2352;2376;49.99;49.99;49.99;7312;1000;0.0;0;0.0000;0;0;11544;11544;11544
60;2014-06-09 11:17:00;909402N262;7174;11.662;47;235;234;234;236;10.194;50.00;507.1;5.557;609.2;3.453;741.6;3.190;60;0;0;10.137;10.209;10.236;2374;2389;2409;50.00;50.00;50.00;7312;1000;0.0;0;0.0000;0;0;11662;11662;11662
60;2014-06-09 11:18:00;909402N262;7180;11.782;47;235;234;235;236;10.196;50.01;505.7;5.576;608.1;3.460;740.7;3.197;60;0;0;10.140;10.214;10.234;2375;2392;2410;50.01;50.01;50.01;7312;1000;0.0;0;0.0000;0;0;11782;11782;11782
60;2014-06-09 11:19:00;909402N262;7211;11.902;47;235;234;234;236;10.249;50.00;505.2;5.608;608.0;3.478;739.8;3.213;60;0;0;10.194;10.272;10.282;2388;2402;2419;50.00;50.00;50.00;7312;1000;0.0;0;0.0000;0;0;11902;11902;11902
60;2014-06-09 11:20:00;909402N262;7233;12.024;47;235;234;234;235;10.279;50.00;504.7;5.631;607.8;3.489;739.8;3.222;60;0;0;10.221;10.300;10.317;2392;2411;2427;50.00;50.00;50.00;7312;1000;0.0;0;0.0000;0;0;12024;12024;12024
60;2014-06-09 11:21:00;909402N262;7257;12.144;47;235;234;234;235;10.316;50.00;504.0;5.662;606.7;3.505;739.3;3.238;60;0;0;10.258;10.337;10.355;2401;2418;2435;50.00;50.00;50.00;7312;1000;0.0;0;0.0000;0;0;12144;12144;12144
60;2014-06-09 11:22:00;909402N262;7273;12.265;47;234;234;234;235;10.349;50.00;503.3;5.682;606.1;3.515;738.9;3.247;60;0;0;10.277;10.375;10.397;2401;2426;2445;50.00;50.00;50.00;7312;1000;0.0;0;0.0000;0;0;12265;12265;12265
60;2014-06-09 11:23:00;909402N262;7292;12.387;47;234;234;234;236;10.371;49.99;502.3;5.708;605.2;3.525;738.9;3.257;60;0;0;10.293;10.397;10.424;2405;2432;2453;49.99;49.99;49.99;7312;1000;0.0;0;0.0000;0;0;12387;12387;12387
60;2014-06-09 11:24:00;909402N262;7314;12.508;47;235;234;234;236;10.390;50.01;501.6;5.734;604.2;3.539;738.2;3.270;60;0;0;10.321;10.401;10.449;2418;2434;2460;50.01;50.01;50.01;7312;1000;0.0;0;0.0000;0;0;12508;12508;12508
60;2014-06-09 11:25:00;909402N262;7341;12.631;47;235;235;234;236;10.426;49.99;501.5;5.759;604.0;3.552;738.1;3.282;60;0;0;10.393;10.424;10.463;2437;2439;2463;49.99;49.99;49.99;7312;1000;0.0;0;0.0000;0;0;12631;12631;12631
60;2014-06-09 11:26:00;909402N262;7356;12.753;48;235;234;234;236;10.449;49.99;501.1;5.780;603.5;3.560;738.1;3.291;60;0;0;10.393;10.461;10.493;2434;2449;2470;49.99;49.99;49.99;7312;1000;0.0;0;0.0000;0;0;12753;12753;12753
60;2014-06-09 11:27:00;909402N262;7355;12.876;48;235;234;234;236;10.455;50.00;502.4;5.774;604.2;3.552;738.5;3.285;60;0;0;10.370;10.486;10.511;2422;2456;2474;50.00;50.00;50.00;7312;1000;0.0;0;0.0000;0;0;12876;12876;12876
60;2014-06-09 11:28:00;909402N262;7326;12.999;48;234;234;234;235;10.422;49.99;503.5;5.748;605.2;3.528;738.9;3.266;60;0;0;10.358;10.435;10.475;2422;2440;2461;49.99;49.99;49.99;7312;1000;0.0;0;0.0000;0;0;12999;12999;12999
60;2014-06-09 11:29:00;909402N262;7314;13.120;48;234;234;234;235;10.411;49.99;504.2;5.735;606.4;3.517;740.4;3.250;60;0;0;10.372;10.433;10.429;2430;2438;2444;49.99;49.99;49.99;7312;1000;0.0;0;0.0000;0;0;13120;13120;13120
60;2014-06-09 11:30:00;909402N262;7363;13.243;48;235;235;234;235;10.468;49.99;504.5;5.772;606.7;3.538;740.8;3.269;60;0;0;10.420;10.494;10.492;2443;2457;2461;49.99;49.99;49.99;7312;1000;0.0;0;0.0000;0;0;13243;13243;13243
60;2014-06-09 11:31:00;909402N262;7365;13.365;48;234;235;234;234;10.471;49.99;500.4;5.839;593.3;3.602;741.5;3.299;60;0;0;10.450;10.485;10.480;2451;2460;2452;49.99;49.99;49.99;7312;1000;0.0;0;0.0000;0;0;13365;13365;13365
60;2014-06-09 11:32:00;909402N262;7497;13.491;48;234;235;234;234;10.684;49.99;504.1;5.885;607.8;3.596;742.5;3.321;60;0;0;10.672;10.702;10.680;2500;2499;2496;49.99;49.99;49.99;7312;1000;0.0;0;0.0000;0;0;13491;13491;13491
60;2014-06-09 11:33:00;909402N262;7505;13.617;48;234;235;234;235;10.700;50.01;502.9;5.903;607.0;3.601;742.2;3.329;60;0;0;10.682;10.702;10.716;2501;2495;2508;50.01;50.01;50.01;7312;1000;0.0;0;0.0000;0;0;13617;13617;13617
60;2014-06-09 11:34:00;909402N262;7506;13.742;48;234;235;234;234;10.710;50.00;502.0;5.914;606.2;3.605;741.6;3.333;60;0;0;10.691;10.712;10.727;2501;2496;2507;50.00;50.00;50.00;7312;1000;0.0;0;0.0000;0;0;13742;13742;13742
60;2014-06-09 11:35:00;909402N262;7507;13.866;48;234;234;233;235;10.713;50.00;501.6;5.921;605.8;3.606;740.7;3.340;60;0;0;10.675;10.714;10.752;2495;2493;2516;50.00;50.00;50.00;7312;1000;0.0;0;0.0000;0;0;13866;13866;13866
60;2014-06-09 11:36:00;909402N262;7521;13.992;48;234;234;234;234;10.733;49.99;500.4;5.947;604.3;3.621;740.2;3.349;60;0;0;10.687;10.756;10.757;2497;2508;2514;49.99;49.99;49.99;7312;1000;0.0;0;0.0000;0;0;13992;13992;13992
60;2014-06-09 11:37:00;909402N262;7523;14.116;48;234;234;234;235;10.737;50.00;499.5;5.960;603.1;3.627;739.4;3.355;60;0;0;10.696;10.743;10.773;2497;2503;2522;50.00;50.00;50.00;7312;1000;0.0;0;0.0000;0;0;14116;14116;14116
60;2014-06-09 11:38:00;909402N262;7534;14.243;48;234;234;233;234;10.757;50.01;499.3;5.975;603.6;3.630;739.9;3.356;60;0;0;10.707;10.780;10.785;2499;2511;2523;50.01;50.01;50.01;7312;1000;0.0;0;0.0000;0;0;14243;14243;14243
60;2014-06-09 11:39:00;909402N262;7561;14.369;48;234;234;234;235;10.782;50.01;499.0;6.005;603.6;3.642;739.7;3.365;60;0;0;10.710;10.820;10.818;2497;2527;2535;50.01;50.01;50.01;7312;1000;0.0;0;0.0000;0;0;14369;14369;14369
60;2014-06-09 11:40:00;909402N262;7619;14.496;48;234;235;234;235;10.855;50.01;498.9;6.052;603.0;3.673;739.2;3.394;60;0;0;10.820;10.886;10.860;2532;2544;2541;50.01;50.01;50.01;7312;1000;0.0;0;0.0000;0;0;14496;14496;14496
60;2014-06-09 11:41:00;909402N262;7667;14.623;48;235;234;234;235;10.917;50.00;498.6;6.097;602.7;3.699;738.5;3.416;60;0;0;10.857;10.949;10.947;2538;2560;2568;50.00;50.00;50.00;7312;1000;0.0;0;0.0000;0;0;14623;14623;14623
60;2014-06-09 11:42:00;909402N262;7696;14.752;48;234;234;234;234;10.981;50.00;497.9;6.128;602.7;3.714;738.3;3.433;60;0;0;10.930;11.012;11.003;2554;2568;2573;50.00;50.00;50.00;7312;1000;0.0;0;0.0000;0;0;14752;14752;14752
60;2014-06-09 11:43:00;909402N262;7722;14.881;48;234;234;234;235;11.016;49.99;498.6;6.143;603.5;3.715;738.6;3.442;60;0;0;10.967;11.036;11.047;2562;2572;2586;49.99;49.99;49.99;7312;1000;0.0;0;0.0000;0;0;14881;14881;14881
60;2014-06-09 11:44:00;909402N262;7712;15.009;48;234;234;233;234;11.023;49.99;498.2;6.143;603.1;3.713;738.5;3.437;60;0;0;10.979;11.057;11.035;2562;2575;2573;49.99;49.99;49.99;7312;1000;0.0;0;0.0000;0;0;15009;15009;15009
60;2014-06-09 11:45:00;909402N262;7741;15.138;48;234;234;233;234;11.048;49.99;497.7;6.175;603.4;3.725;738.1;3.452;60;0;0;11.010;11.063;11.072;2574;2577;2589;49.99;49.99;49.99;7312;1000;0.0;0;0.0000;0;0;15138;15138;15138
60;2014-06-09 11:46:00;909402N262;7713;15.264;49;234;234;234;234;11.009;50.01;493.7;6.206;598.4;3.752;731.6;3.485;60;0;0;10.964;11.052;11.012;2564;2574;2573;50.01;50.01;50.01;7312;1000;0.0;0;0.0000;0;0;15264;15264;15264
60;2014-06-09 11:47:00;909402N262;7808;15.395;49;233;234;233;233;11.154;49.98;496.6;6.242;602.1;3.766;738.3;3.479;60;0;0;11.152;11.178;11.133;2611;2602;2594;49.98;49.98;49.98;7312;1000;0.0;0;0.0000;0;0;15395;15395;15395
60;2014-06-09 11:48:00;909402N262;7834;15.525;49;234;234;233;233;11.184;49.99;496.2;6.270;601.5;3.779;738.0;3.493;60;0;0;11.165;11.217;11.172;2611;2614;2607;49.99;49.99;49.99;7312;1000;0.0;0;0.0000;0;0;15525;15525;15525
60;2014-06-09 11:49:00;909402N262;7854;15.656;49;234;234;234;233;11.214;49.99;496.2;6.289;601.9;3.787;737.5;3.503;60;0;0;11.210;11.265;11.168;2624;2630;2600;49.99;49.99;49.99;7312;1000;0.0;0;0.0000;0;0;15656;15656;15656
60;2014-06-09 11:50:00;909402N262;7880;15.788;49;234;234;234;233;11.248;49.99;495.5;6.319;602.1;3.799;736.6;3.517;60;0;0;11.220;11.301;11.223;2623;2639;2616;49.99;49.99;49.99;7312;1000;0.0;0;0.0000;0;0;15788;15788;15788
60;2014-06-09 11:51:00;909402N262;7899;15.919;49;234;233;234;233;11.278;49.99;495.6;6.337;602.2;3.805;736.6;3.524;60;0;0;11.227;11.368;11.239;2617;2662;2618;49.99;49.99;49.99;7312;1000;0.0;0;0.0000;0;0;15919;15919;15919
60;2014-06-09 11:52:00;909402N262;7915;16.052;49;234;233;234;234;11.299;49.99;495.9;6.350;602.9;3.808;737.2;3.528;60;0;0;11.214;11.391;11.292;2609;2668;2636;49.99;49.99;49.99;7312;1000;0.0;0;0.0000;0;0;16052;16052;16052
60;2014-06-09 11:53:00;909402N262;7960;16.184;49;233;233;234;233;11.365;49.99;496.8;6.382;603.4;3.821;737.6;3.544;60;0;0;11.317;11.458;11.322;2637;2684;2637;49.99;49.99;49.99;7312;1000;0.0;0;0.0000;0;0;16184;16184;16184
60;2014-06-09 11:54:00;909402N262;8009;16.318;49;234;233;234;234;11.424;49.99;497.0;6.421;603.8;3.838;738.4;3.563;60;0;0;11.342;11.503;11.429;2640;2694;2673;49.99;49.99;49.99;7312;1000;0.0;0;0.0000;0;0;16318;16318;16318
60;2014-06-09 11:55:00;909402N262;8036;16.452;49;234;233;234;234;11.456;49.99;496.8;6.448;603.6;3.854;737.6;3.577;60;0;0;11.369;11.517;11.483;2648;2696;2689;49.99;49.99;49.99;7312;1000;0.0;0;0.0000;0;0;16452;16452;16452
60;2014-06-09 11:56:00;909402N262;8063;16.586;49;234;233;234;235;11.490;50.01;496.6;6.471;603.2;3.866;738.4;3.590;60;0;0;11.394;11.535;11.541;2653;2702;2707;50.01;50.01;50.01;7312;1000;0.0;0;0.0000;0;0;16586;16586;16586
60;2014-06-09 11:57:00;909402N262;8079;16.721;49;234;233;234;234;11.523;50.01;496.1;6.490;602.0;3.880;738.1;3.600;60;0;0;11.430;11.588;11.553;2660;2714;2703;50.01;50.01;50.01;7312;1000;0.0;0;0.0000;0;0;16721;16721;16721
60;2014-06-09 11:58:00;909402N262;8106;16.855;49;234;233;234;234;11.556;50.01;496.4;6.514;601.9;3.888;738.9;3.608;60;0;0;11.471;11.602;11.595;2673;2714;2716;50.01;50.01;50.01;7312;1000;0.0;0;0.0000;0;0;16855;16855;16855
60;2014-06-09 11:59:00;909402N262;8105;16.991;49;235;234;235;235;11.527;50.01;495.5;6.522;600.8;3.894;738.3;3.614;60;0;0;11.423;11.583;11.576;2666;2717;2720;50.01;50.01;50.01;7312;1000;0.0;0;0.0000;0;0;16991;16991;16991
60;2014-06-09 12:00:00;909402N262;8081;17.125;49;235;234;235;235;11.486;50.00;494.0;6.515;599.2;3.893;738.1;3.610;60;0;0;11.429;11.535;11.496;2677;2707;2695;50.00;50.00;50.00;7312;1000;0.0;0;0.0000;0;0;17125;17125;17125
[wr_ende]
