20140322;060004;danfoss;My Plant;+0100
[wr_def_start]
909402N262;Inverter Type;Inverter Group;Hanzl
[wr_def_end]
[wr]
INTERVAL;TIMESTAMP;SERIAL;P_AC;E_DAY;T_WR;U_AC;U_AC_1;U_AC_2;U_AC_3;I_AC;F_AC;U_DC_1;I_DC_1;U_DC_2;I_DC_2;U_DC_3;I_DC_3;S;E_WR;M_WR;I_AC_1;I_AC_2;I_AC_3;P_AC_1;P_AC_2;P_AC_3;F_AC_1;F_AC_2;F_AC_3;R_DC;PC;PCS;PCS_LL;COS_PHI;COS_PHI_LL;S_COS_PHI;Current_Day_Energy;current_Day_Offset;ccEnergyOfDay_WithoutOffset
60;2014-03-22 05:35:00;909402N262;0;0.000;0;0;0;0;0;0.000;0.02;0.1;0.000;0.1;0.000;0.1;0.000;50;0;0;0.000;0.000;0.000;0;0;0;0.02;0.02;0.02;0;1000;0.0;0;0.0000;0;0;0;0;0
60;2014-03-22 05:36:00;909402N262;0;0.000;16;235;235;237;235;0.000;49.99;229.4;0.000;225.6;0.000;229.4;0.000;50;0;0;0.000;0.000;0.000;0;0;0;49.99;49.99;49.99;0;1000;0.0;0;0.0000;0;0;0;0;0
60;2014-03-22 05:37:00;909402N262;0;0.000;16;236;236;237;235;0.000;50.00;227.5;0.000;226.9;0.000;227.4;0.000;50;0;0;0.000;0.000;0.000;0;0;0;50.00;50.00;50.00;0;1000;0.0;0;0.0000;0;0;0;0;0
60;2014-03-22 05:38:00;909402N262;0;0.000;17;236;236;237;235;0.000;50.00;228.9;0.000;228.3;0.000;228.7;0.000;50;0;0;0.000;0.000;0.000;0;0;0;50.00;50.00;50.00;0;1000;0.0;0;0.0000;0;0;0;0;0
60;2014-03-22 05:39:00;909402N262;0;0.000;17;236;236;237;235;0.000;50.00;229.1;0.000;228.6;0.000;229.1;0.000;50;0;0;0.000;0.000;0.000;0;0;0;50.00;50.00;50.00;0;1000;0.0;0;0.0000;0;0;0;0;0
60;2014-03-22 05:40:00;909402N262;0;0.000;18;236;236;237;235;0.000;50.00;228.0;0.000;227.4;0.000;228.0;0.000;50;0;0;0.000;0.000;0.000;0;0;0;50.00;50.00;50.00;0;1000;0.0;0;0.0000;0;0;0;0;0
60;2014-03-22 05:41:00;909402N262;0;0.000;18;236;236;237;235;0.000;49.99;229.7;0.000;229.1;0.000;229.7;0.000;50;0;0;0.000;0.000;0.000;0;0;0;49.99;49.99;49.99;0;1000;0.0;0;0.0000;0;0;0;0;0
60;2014-03-22 05:42:00;909402N262;0;0.000;19;236;236;237;235;0.000;50.00;229.8;0.000;229.3;0.000;229.8;0.000;50;0;0;0.000;0.000;0.000;0;0;0;50.00;50.00;50.00;0;1000;0.0;0;0.0000;0;0;0;0;0
60;2014-03-22 05:43:00;909402N262;0;0.000;19;236;236;237;234;0.000;50.00;234.4;0.000;233.9;0.000;234.0;0.000;50;0;0;0.000;0.000;0.000;0;0;0;50.00;50.00;50.00;0;1000;0.0;0;0.0000;0;0;0;0;0
60;2014-03-22 05:44:00;909402N262;0;0.000;19;236;236;237;234;0.000;49.99;235.4;0.000;234.8;0.000;235.3;0.000;50;0;0;0.000;0.000;0.000;0;0;0;49.99;49.99;49.99;0;1000;0.0;0;0.0000;0;0;0;0;0
60;2014-03-22 05:45:00;909402N262;0;0.000;20;236;236;237;234;0.000;49.99;227.2;0.000;226.6;0.000;227.7;0.000;50;0;0;0.000;0.000;0.000;0;0;0;49.99;49.99;49.99;0;1000;0.0;0;0.0000;0;0;0;0;0
60;2014-03-22 05:46:00;909402N262;0;0.000;20;236;236;238;234;0.000;50.00;229.5;0.000;228.9;0.000;229.2;0.000;50;0;0;0.000;0.000;0.000;0;0;0;50.00;50.00;50.00;0;1000;0.0;0;0.0000;0;0;0;0;0
60;2014-03-22 05:47:00;909402N262;0;0.000;20;236;236;237;234;0.000;49.99;232.0;0.000;231.5;0.000;232.0;0.000;50;0;0;0.000;0.000;0.000;0;0;0;49.99;49.99;49.99;0;1000;0.0;0;0.0000;0;0;0;0;0
60;2014-03-22 05:48:00;909402N262;0;0.000;20;236;236;237;234;0.000;49.99;236.5;0.000;236.0;0.000;236.6;0.000;50;0;0;0.000;0.000;0.000;0;0;0;49.99;49.99;49.99;0;1000;0.0;0;0.0000;0;0;0;0;0
60;2014-03-22 05:49:00;909402N262;0;0.000;20;236;236;237;234;0.000;49.99;238.6;0.000;238.0;0.000;238.4;0.000;50;0;0;0.000;0.000;0.000;0;0;0;49.99;49.99;49.99;0;1000;0.0;0;0.0000;0;0;0;0;0
60;2014-03-22 05:50:00;909402N262;0;0.000;20;236;236;238;234;0.000;49.98;241.6;0.000;241.0;0.000;241.6;0.000;50;0;0;0.000;0.000;0.000;0;0;0;49.98;49.98;49.98;0;1000;0.0;0;0.0000;0;0;0;0;0
60;2014-03-22 05:51:00;909402N262;0;0.000;20;236;237;238;235;0.000;49.99;246.6;0.000;246.0;0.000;246.6;0.000;50;0;0;0.000;0.000;0.000;0;0;0;49.99;49.99;49.99;0;1000;0.0;0;0.0000;0;0;0;0;0
60;2014-03-22 05:52:00;909402N262;0;0.000;21;234;234;235;232;0.000;49.98;261.3;0.000;260.8;0.000;261.3;0.000;50;0;0;0.000;0.000;0.000;0;0;0;49.98;49.98;49.98;0;1000;0.0;0;0.0000;0;0;0;0;0
60;2014-03-22 05:53:00;909402N262;0;0.000;21;233;233;235;232;0.000;49.97;260.4;0.000;260.2;0.000;260.4;0.000;50;0;0;0.000;0.000;0.000;0;0;0;49.97;49.97;49.97;0;1000;0.0;0;0.0000;0;0;0;0;0
60;2014-03-22 05:54:00;909402N262;0;0.000;21;233;233;234;231;0.000;49.99;251.4;0.000;251.2;0.000;251.3;0.000;50;0;0;0.000;0.000;0.000;0;0;0;49.99;49.99;49.99;0;1000;0.0;0;0.0000;0;0;0;0;0
60;2014-03-22 05:55:00;909402N262;0;0.000;21;233;233;235;231;0.004;49.98;302.5;0.000;299.2;0.000;300.9;0.000;50;0;0;0.005;0.004;0.005;0;0;0;49.98;49.98;49.98;0;1000;0.0;0;0.0000;0;0;0;0;0
60;2014-03-22 05:56:00;909402N262;0;0.000;21;233;233;234;231;0.002;50.00;484.1;0.000;456.7;0.000;519.4;0.000;51;0;0;0.003;0.002;0.003;0;0;0;50.00;50.00;50.00;8397;1000;0.0;0;0.0000;0;0;0;0;0
60;2014-03-22 05:57:00;909402N262;3;0.000;21;233;233;234;233;0.016;50.00;401.0;0.009;361.9;0.003;414.2;0.002;60;0;0;0.022;0.019;0.008;0;2;0;50.00;50.00;50.00;18409;1000;0.0;0;0.0000;0;0;0;0;0
60;2014-03-22 05:58:00;909402N262;7;0.000;21;233;233;233;233;0.026;50.01;441.2;0.013;430.8;0.004;507.2;0.003;60;0;0;0.019;0.035;0.024;1;3;2;50.01;50.01;50.01;18409;1000;0.0;0;0.0000;0;0;0;0;0
60;2014-03-22 05:59:00;909402N262;10;0.000;21;233;233;233;233;0.048;50.01;448.6;0.016;380.1;0.007;537.3;0.007;60;0;0;0.050;0.067;0.028;2;6;2;50.01;50.01;50.01;18409;1000;0.0;0;0.0000;0;0;0;0;0
60;2014-03-22 06:00:00;909402N262;13;0.000;21;233;233;233;233;0.180;50.02;452.5;0.021;390.1;0.011;511.8;0.008;60;0;0;0.196;0.197;0.147;1;15;5;50.02;50.02;50.02;18409;1000;0.0;0;0.0000;0;0;0;0;0
[wr_ende]
