20140430;140001;danfoss;My Plant;+0100
[wr_def_start]
909402N262;Inverter Type;Inverter Group;Hanzl
[wr_def_end]
[wr]
INTERVAL;TIMESTAMP;SERIAL;P_AC;E_DAY;T_WR;U_AC;U_AC_1;U_AC_2;U_AC_3;I_AC;F_AC;U_DC_1;I_DC_1;U_DC_2;I_DC_2;U_DC_3;I_DC_3;S;E_WR;M_WR;I_AC_1;I_AC_2;I_AC_3;P_AC_1;P_AC_2;P_AC_3;F_AC_1;F_AC_2;F_AC_3;R_DC;PC;PCS;PCS_LL;COS_PHI;COS_PHI_LL;S_COS_PHI;Current_Day_Energy;current_Day_Offset;ccEnergyOfDay_WithoutOffset
60;2014-04-30 13:01:00;909402N262;2955;25.142;50;234;235;235;233;4.258;49.96;514.2;2.497;589.0;1.349;727.2;1.260;60;0;0;4.218;4.299;4.258;976;996;981;49.96;49.96;49.96;5454;1000;0.0;0;0.0000;0;0;25142;25142;25142
60;2014-04-30 13:02:00;909402N262;2723;25.188;50;234;234;235;233;3.961;49.95;523.1;2.274;604.4;1.203;733.1;1.144;60;0;0;3.914;3.999;3.972;897;917;907;49.95;49.95;49.95;5454;1000;0.0;0;0.0000;0;0;25188;25188;25188
60;2014-04-30 13:03:00;909402N262;2980;25.237;49;234;234;234;234;4.323;49.95;525.8;2.464;612.0;1.230;742.1;1.304;60;0;0;4.269;4.346;4.354;979;999;1000;49.95;49.95;49.95;5454;1000;0.0;0;0.0000;0;0;25237;25237;25237
60;2014-04-30 13:04:00;909402N262;7345;25.359;49;235;235;235;235;10.462;49.96;536.8;5.322;636.3;3.113;775.7;3.416;60;0;0;10.443;10.445;10.499;2439;2450;2455;49.96;49.96;49.96;5454;1000;0.0;0;0.0000;0;0;25359;25359;25359
60;2014-04-30 13:05:00;909402N262;8553;25.503;49;235;235;235;235;12.152;49.96;526.6;6.907;632.8;3.852;770.3;3.428;60;0;0;12.122;12.170;12.164;2844;2850;2857;49.96;49.96;49.96;5454;1000;0.0;0;0.0000;0;0;25503;25503;25503
60;2014-04-30 13:06:00;909402N262;9713;25.664;49;235;235;235;236;13.754;49.97;517.4;7.925;633.3;4.159;773.7;4.095;60;0;0;13.756;13.712;13.795;3232;3234;3246;49.97;49.97;49.97;5454;1000;0.0;0;0.0000;0;0;25664;25664;25664
60;2014-04-30 13:07:00;909402N262;10205;25.835;49;235;235;236;236;14.450;49.96;512.6;8.302;630.9;4.405;773.7;4.337;60;0;0;14.442;14.443;14.466;3397;3399;3407;49.96;49.96;49.96;5454;1000;0.0;0;0.0000;0;0;25835;25835;25835
60;2014-04-30 13:08:00;909402N262;10263;26.006;49;235;235;235;235;14.546;49.96;509.1;8.381;627.7;4.462;769.9;4.394;60;0;0;14.539;14.532;14.569;3416;3417;3428;49.96;49.96;49.96;5454;1000;0.0;0;0.0000;0;0;26006;26006;26006
60;2014-04-30 13:09:00;909402N262;10333;26.177;49;235;235;235;236;14.643;49.97;506.1;8.489;625.5;4.509;767.1;4.441;60;0;0;14.635;14.633;14.662;3440;3440;3450;49.97;49.97;49.97;5454;1000;0.0;0;0.0000;0;0;26177;26177;26177
60;2014-04-30 13:10:00;909402N262;10307;26.349;49;235;235;235;235;14.609;49.97;504.9;8.497;623.4;4.508;766.4;4.435;60;0;0;14.592;14.607;14.630;3429;3435;3442;49.97;49.97;49.97;5454;1000;0.0;0;0.0000;0;0;26349;26349;26349
60;2014-04-30 13:11:00;909402N262;10228;26.520;49;235;235;235;235;14.495;49.97;504.0;8.456;622.0;4.478;764.0;4.411;60;0;0;14.479;14.503;14.503;3405;3411;3411;49.97;49.97;49.97;5454;1000;0.0;0;0.0000;0;0;26520;26520;26520
60;2014-04-30 13:12:00;909402N262;10190;26.690;49;235;235;235;235;14.444;49.98;503.8;8.437;622.0;4.459;762.2;4.402;60;0;0;14.427;14.453;14.453;3391;3399;3398;49.98;49.98;49.98;5454;1000;0.0;0;0.0000;0;0;26690;26690;26690
60;2014-04-30 13:13:00;909402N262;10129;26.859;49;235;235;235;235;14.364;49.97;502.4;8.409;620.4;4.437;761.0;4.384;60;0;0;14.341;14.383;14.368;3370;3381;3376;49.97;49.97;49.97;5454;1000;0.0;0;0.0000;0;0;26859;26859;26859
60;2014-04-30 13:14:00;909402N262;10084;27.027;50;235;235;235;235;14.304;49.98;502.2;8.379;619.9;4.416;760.6;4.368;60;0;0;14.258;14.337;14.318;3348;3372;3362;49.98;49.98;49.98;5454;1000;0.0;0;0.0000;0;0;27027;27027;27027
60;2014-04-30 13:15:00;909402N262;10030;27.193;50;235;235;235;235;14.241;49.98;501.0;8.348;618.4;4.400;761.1;4.350;60;0;0;14.177;14.275;14.272;3324;3356;3348;49.98;49.98;49.98;5454;1000;0.0;0;0.0000;0;0;27193;27193;27193
60;2014-04-30 13:16:00;909402N262;9951;27.360;50;235;235;235;235;14.116;49.97;497.7;8.353;604.9;4.431;762.3;4.355;60;0;0;14.071;14.117;14.161;3299;3327;3323;49.97;49.97;49.97;5454;1000;0.0;0;0.0000;0;0;27360;27360;27360
60;2014-04-30 13:17:00;909402N262;10032;27.529;50;235;235;236;235;14.207;49.98;500.2;8.354;617.7;4.397;761.4;4.356;60;0;0;14.158;14.232;14.232;3329;3353;3348;49.98;49.98;49.98;5454;1000;0.0;0;0.0000;0;0;27529;27529;27529
60;2014-04-30 13:18:00;909402N262;10054;27.697;50;235;235;235;235;14.239;49.97;500.3;8.377;617.6;4.410;760.6;4.366;60;0;0;14.198;14.242;14.277;3337;3352;3361;49.97;49.97;49.97;5454;1000;0.0;0;0.0000;0;0;27697;27697;27697
60;2014-04-30 13:19:00;909402N262;9988;27.864;50;235;235;236;235;14.138;49.98;500.4;8.322;617.1;4.392;759.3;4.337;60;0;0;14.094;14.163;14.157;3316;3337;3333;49.98;49.98;49.98;5454;1000;0.0;0;0.0000;0;0;27864;27864;27864
60;2014-04-30 13:20:00;909402N262;10001;28.031;50;235;235;236;235;14.153;49.97;500.8;8.324;617.4;4.404;758.7;4.340;60;0;0;14.119;14.183;14.157;3325;3345;3329;49.97;49.97;49.97;5454;1000;0.0;0;0.0000;0;0;28031;28031;28031
60;2014-04-30 13:21:00;909402N262;10072;28.199;50;236;236;236;235;14.235;49.97;499.9;8.383;616.7;4.454;758.0;4.373;60;0;0;14.200;14.276;14.230;3350;3369;3351;49.97;49.97;49.97;5454;1000;0.0;0;0.0000;0;0;28199;28199;28199
60;2014-04-30 13:22:00;909402N262;10114;28.368;50;236;236;236;235;14.301;49.97;499.6;8.410;616.7;4.478;758.3;4.401;60;0;0;14.281;14.353;14.269;3373;3387;3352;49.97;49.97;49.97;5454;1000;0.0;0;0.0000;0;0;28368;28368;28368
60;2014-04-30 13:23:00;909402N262;9979;28.534;50;236;236;236;235;14.103;50.00;499.5;8.290;615.7;4.428;757.5;4.347;60;0;0;14.085;14.154;14.070;3328;3343;3307;50.00;50.00;50.00;5454;1000;0.0;0;0.0000;0;0;28534;28534;28534
60;2014-04-30 13:24:00;909402N262;10272;28.706;50;236;236;236;236;14.502;50.00;498.3;8.553;615.6;4.557;757.4;4.479;60;0;0;14.472;14.534;14.500;3419;3434;3417;50.00;50.00;50.00;5454;1000;0.0;0;0.0000;0;0;28706;28706;28706
60;2014-04-30 13:25:00;909402N262;10509;28.880;50;236;237;236;236;14.824;50.01;497.4;8.758;615.4;4.679;757.6;4.581;60;0;0;14.794;14.850;14.828;3500;3509;3498;50.01;50.01;50.01;5454;1000;0.0;0;0.0000;0;0;28880;28880;28880
60;2014-04-30 13:26:00;909402N262;9165;29.033;50;236;236;236;236;12.944;50.01;503.1;7.667;612.3;4.115;750.7;3.930;60;0;0;12.900;12.984;12.949;3048;3059;3055;50.01;50.01;50.01;5454;1000;0.0;0;0.0000;0;0;29033;29033;29033
60;2014-04-30 13:27:00;909402N262;5177;29.119;50;236;236;235;236;7.357;49.99;509.7;4.471;606.0;2.343;738.9;2.074;60;0;0;7.290;7.411;7.372;1713;1729;1734;49.99;49.99;49.99;5454;1000;0.0;0;0.0000;0;0;29119;29119;29119
60;2014-04-30 13:28:00;909402N262;3020;29.169;50;235;235;235;235;4.338;49.99;507.8;2.623;603.3;1.366;736.1;1.218;60;0;0;4.287;4.366;4.363;994;1010;1013;49.99;49.99;49.99;5454;1000;0.0;0;0.0000;0;0;29169;29169;29169
60;2014-04-30 13:29:00;909402N262;2641;29.212;50;235;235;235;235;3.805;49.99;512.6;2.294;604.4;1.152;739.1;1.079;60;0;0;3.746;3.839;3.830;866;887;886;49.99;49.99;49.99;5454;1000;0.0;0;0.0000;0;0;29212;29212;29212
60;2014-04-30 13:30:00;909402N262;2525;29.254;50;235;235;235;235;3.646;49.98;519.5;2.176;608.2;1.086;743.7;1.023;60;0;0;3.591;3.673;3.674;828;847;849;49.98;49.98;49.98;5454;1000;0.0;0;0.0000;0;0;29254;29254;29254
60;2014-04-30 13:31:00;909402N262;2385;29.295;50;235;235;235;235;3.448;49.98;522.3;2.060;606.6;1.023;740.2;0.970;60;0;0;3.393;3.480;3.471;781;802;800;49.98;49.98;49.98;5454;1000;0.0;0;0.0000;0;0;29295;29295;29295
60;2014-04-30 13:32:00;909402N262;2329;29.334;49;235;235;235;235;3.394;49.97;530.7;1.990;614.2;0.979;750.7;0.927;60;0;0;3.341;3.419;3.423;763;781;784;49.97;49.97;49.97;5454;1000;0.0;0;0.0000;0;0;29334;29334;29334
60;2014-04-30 13:33:00;909402N262;2236;29.370;49;235;235;235;235;3.264;49.97;535.3;1.906;616.8;0.930;753.5;0.881;60;0;0;3.214;3.289;3.291;733;750;752;49.97;49.97;49.97;5454;1000;0.0;0;0.0000;0;0;29370;29370;29370
60;2014-04-30 13:34:00;909402N262;2157;29.406;49;235;235;235;235;3.149;49.98;537.9;1.838;618.5;0.889;756.4;0.843;60;0;0;3.096;3.178;3.175;706;724;725;49.98;49.98;49.98;5454;1000;0.0;0;0.0000;0;0;29406;29406;29406
60;2014-04-30 13:35:00;909402N262;2063;29.441;49;235;235;235;235;3.022;49.99;539.2;1.760;620.0;0.848;757.6;0.802;60;0;0;2.965;3.053;3.049;673;694;695;49.99;49.99;49.99;5454;1000;0.0;0;0.0000;0;0;29441;29441;29441
60;2014-04-30 13:36:00;909402N262;2051;29.476;48;235;235;235;235;3.004;50.00;538.3;1.755;622.7;0.840;760.5;0.792;60;0;0;2.941;3.041;3.030;668;691;690;50.00;50.00;50.00;5454;1000;0.0;0;0.0000;0;0;29476;29476;29476
60;2014-04-30 13:37:00;909402N262;1970;29.509;48;235;235;235;235;2.895;49.98;538.7;1.688;623.9;0.808;761.5;0.754;60;0;0;2.833;2.933;2.919;641;665;662;49.98;49.98;49.98;5454;1000;0.0;0;0.0000;0;0;29509;29509;29509
60;2014-04-30 13:38:00;909402N262;1940;29.540;48;235;235;235;236;2.854;49.99;539.7;1.658;625.5;0.799;763.0;0.739;60;0;0;2.793;2.902;2.867;631;657;650;49.99;49.99;49.99;5454;1000;0.0;0;0.0000;0;0;29540;29540;29540
60;2014-04-30 13:39:00;909402N262;1998;29.574;48;235;235;235;236;2.930;50.00;541.2;1.699;628.2;0.822;766.3;0.757;60;0;0;2.874;2.959;2.957;652;671;672;50.00;50.00;50.00;5454;1000;0.0;0;0.0000;0;0;29574;29574;29574
60;2014-04-30 13:40:00;909402N262;2056;29.608;48;235;236;235;236;3.010;49.99;542.8;1.735;631.4;0.846;770.1;0.778;60;0;0;2.956;3.034;3.042;673;689;692;49.99;49.99;49.99;5454;1000;0.0;0;0.0000;0;0;29608;29608;29608
60;2014-04-30 13:41:00;909402N262;2066;29.643;47;235;236;235;235;3.023;50.00;544.1;1.731;633.8;0.853;769.8;0.783;60;0;0;2.967;3.050;3.054;675;693;695;50.00;50.00;50.00;5454;1000;0.0;0;0.0000;0;0;29643;29643;29643
60;2014-04-30 13:42:00;909402N262;2085;29.678;47;235;236;235;235;3.052;50.02;545.1;1.736;635.6;0.860;771.2;0.793;60;0;0;2.995;3.079;3.082;682;700;702;50.02;50.02;50.02;5454;1000;0.0;0;0.0000;0;0;29678;29678;29678
60;2014-04-30 13:43:00;909402N262;2149;29.714;47;235;235;235;235;3.141;50.00;545.3;1.784;637.1;0.882;775.7;0.818;60;0;0;3.086;3.175;3.164;703;723;722;50.00;50.00;50.00;5454;1000;0.0;0;0.0000;0;0;29714;29714;29714
60;2014-04-30 13:44:00;909402N262;2258;29.750;47;235;235;236;235;3.290;50.01;546.7;1.869;640.0;0.924;776.5;0.858;60;0;0;3.223;3.326;3.322;736;760;759;50.01;50.01;50.01;5454;1000;0.0;0;0.0000;0;0;29750;29750;29750
60;2014-04-30 13:45:00;909402N262;2340;29.789;47;235;235;235;235;3.408;50.00;547.8;1.932;642.2;0.957;774.4;0.888;60;0;0;3.354;3.439;3.432;767;786;783;50.00;50.00;50.00;5454;1000;0.0;0;0.0000;0;0;29789;29789;29789
60;2014-04-30 13:46:00;909402N262;2340;29.829;47;235;235;235;235;3.394;50.01;546.6;1.953;628.2;0.976;772.7;0.899;60;0;0;3.336;3.433;3.414;766;788;782;50.01;50.01;50.01;5454;1000;0.0;0;0.0000;0;0;29829;29829;29829
60;2014-04-30 13:47:00;909402N262;2447;29.869;46;235;236;236;235;3.527;50.00;551.1;2.007;644.4;0.994;781.1;0.926;60;0;0;3.477;3.563;3.543;804;824;816;50.00;50.00;50.00;5454;1000;0.0;0;0.0000;0;0;29869;29869;29869
60;2014-04-30 13:48:00;909402N262;2496;29.911;46;235;236;236;235;3.592;50.01;552.8;2.040;645.3;1.012;783.7;0.944;60;0;0;3.542;3.629;3.606;821;841;832;50.01;50.01;50.01;5454;1000;0.0;0;0.0000;0;0;29911;29911;29911
60;2014-04-30 13:49:00;909402N262;2635;29.955;46;236;236;236;235;3.769;50.01;552.6;2.149;647.0;1.065;791.2;0.991;60;0;0;3.715;3.809;3.785;866;888;878;50.01;50.01;50.01;5454;1000;0.0;0;0.0000;0;0;29955;29955;29955
60;2014-04-30 13:50:00;909402N262;2946;30.005;46;236;236;236;235;4.201;50.01;551.4;2.399;649.4;1.182;795.0;1.117;60;0;0;4.146;4.246;4.213;970;993;981;50.01;50.01;50.01;5454;1000;0.0;0;0.0000;0;0;30005;30005;30005
60;2014-04-30 13:51:00;909402N262;6528;30.113;46;236;237;237;236;9.202;50.02;559.8;5.247;656.2;2.489;793.2;2.619;60;0;0;9.179;9.214;9.213;2170;2187;2169;50.02;50.02;50.02;5454;1000;0.0;0;0.0000;0;0;30113;30113;30113
60;2014-04-30 13:52:00;909402N262;11253;30.300;46;237;237;238;237;15.799;50.02;540.7;8.789;662.5;4.526;795.3;4.662;60;0;0;15.777;15.840;15.782;3750;3765;3736;50.02;50.02;50.02;5454;1000;0.0;0;0.0000;0;0;30300;30300;30300
60;2014-04-30 13:53:00;909402N262;10412;30.474;46;237;237;237;237;14.621;50.02;536.5;8.190;655.0;4.233;794.7;4.316;60;0;0;14.572;14.667;14.626;3459;3482;3469;50.02;50.02;50.02;5454;1000;0.0;0;0.0000;0;0;30474;30474;30474
60;2014-04-30 13:54:00;909402N262;9022;30.624;46;237;237;237;237;12.696;50.03;531.6;7.254;646.1;3.796;789.8;3.598;60;0;0;12.626;12.783;12.680;2994;3008;3003;50.03;50.03;50.03;5454;1000;0.0;0;0.0000;0;0;30624;30624;30624
60;2014-04-30 13:55:00;909402N262;5592;30.716;46;236;236;237;236;7.886;50.02;537.0;4.517;638.1;2.361;777.2;2.211;60;0;0;7.858;7.882;7.920;1852;1871;1866;50.02;50.02;50.02;5454;1000;0.0;0;0.0000;0;0;30716;30716;30716
60;2014-04-30 13:56:00;909402N262;9376;30.872;46;237;237;237;237;13.144;50.02;538.6;6.974;646.2;3.931;793.2;4.121;60;0;0;13.108;13.149;13.177;3110;3135;3130;50.02;50.02;50.02;5454;1000;0.0;0;0.0000;0;0;30872;30872;30872
60;2014-04-30 13:57:00;909402N262;11082;31.057;47;238;237;238;237;15.534;50.01;519.5;8.918;642.0;4.609;794.2;4.663;60;0;0;15.495;15.558;15.551;3682;3703;3695;50.01;50.01;50.01;5454;1000;0.0;0;0.0000;0;0;31057;31057;31057
60;2014-04-30 13:58:00;909402N262;10020;31.224;47;238;238;238;238;14.048;50.02;517.9;8.190;636.4;4.283;784.9;4.133;60;0;0;14.008;14.068;14.070;3329;3347;3343;50.02;50.02;50.02;5454;1000;0.0;0;0.0000;0;0;31224;31224;31224
60;2014-04-30 13:59:00;909402N262;7962;31.357;47;237;237;238;237;11.204;50.02;526.3;6.242;634.4;3.631;775.7;3.248;60;0;0;11.142;11.267;11.203;2641;2663;2656;50.02;50.02;50.02;5454;1000;0.0;0;0.0000;0;0;31357;31357;31357
60;2014-04-30 14:00:00;909402N262;8324;31.495;47;237;237;237;237;11.705;50.00;525.8;6.308;634.7;3.544;781.5;3.747;60;0;0;11.656;11.719;11.741;2758;2787;2780;50.00;50.00;50.00;5454;1000;0.0;0;0.0000;0;0;31495;31495;31495
[wr_ende]
