20150328;070004;danfoss;My Plant;+0100
[wr_def_start]
909402N262;Inverter Type;Inverter Group;Hanzl
[wr_def_end]
[wr]
INTERVAL;TIMESTAMP;SERIAL;P_AC;E_DAY;T_WR;U_AC;U_AC_1;U_AC_2;U_AC_3;I_AC;F_AC;U_DC_1;I_DC_1;U_DC_2;I_DC_2;U_DC_3;I_DC_3;S;E_WR;M_WR;I_AC_1;I_AC_2;I_AC_3;P_AC_1;P_AC_2;P_AC_3;F_AC_1;F_AC_2;F_AC_3;R_DC;PC;PCS;PCS_LL;COS_PHI;COS_PHI_LL;S_COS_PHI;Current_Day_Energy;current_Day_Offset;ccEnergyOfDay_WithoutOffset
60;2015-03-28 06:01:00;909402N262;53;0.005;21;236;235;235;237;0.172;50.03;493.0;0.057;494.6;0.027;604.1;0.027;60;0;0;0.173;0.152;0.191;19;17;15;50.03;50.03;50.03;26586;1000;0.0;0;1.0000;0;2;5;5;5
60;2015-03-28 06:02:00;909402N262;58;0.007;21;236;235;235;237;0.188;50.03;503.9;0.060;498.5;0.027;629.7;0.027;60;0;0;0.168;0.177;0.220;19;19;18;50.03;50.03;50.03;26586;1000;0.0;0;1.0000;0;2;7;7;7
60;2015-03-28 06:03:00;909402N262;62;0.007;21;235;235;235;236;0.181;50.03;501.1;0.064;512.5;0.029;622.8;0.028;60;0;0;0.136;0.193;0.214;15;23;23;50.03;50.03;50.03;26586;1000;0.0;0;1.0000;0;2;7;7;7
60;2015-03-28 06:04:00;909402N262;72;0.009;22;235;235;235;236;0.215;50.03;506.2;0.072;514.2;0.034;627.1;0.032;60;0;0;0.200;0.258;0.187;23;30;18;50.03;50.03;50.03;26586;1000;0.0;0;1.0000;0;2;9;9;9
60;2015-03-28 06:05:00;909402N262;78;0.010;22;236;235;235;236;0.232;50.01;515.0;0.077;519.7;0.038;629.2;0.035;60;0;0;0.219;0.210;0.268;25;21;30;50.01;50.01;50.01;26586;1000;0.0;0;1.0000;0;2;10;10;10
60;2015-03-28 06:06:00;909402N262;82;0.012;22;236;236;235;236;0.247;50.00;521.3;0.079;521.5;0.039;642.1;0.035;60;0;0;0.219;0.287;0.235;20;35;25;50.00;50.00;50.00;26586;1000;0.0;0;1.0000;0;2;12;12;12
60;2015-03-28 06:07:00;909402N262;83;0.012;22;236;236;236;236;0.254;50.02;516.5;0.082;522.5;0.039;647.0;0.035;60;0;0;0.261;0.330;0.171;25;41;15;50.02;50.02;50.02;26586;1000;0.0;0;1.0000;0;2;12;12;12
60;2015-03-28 06:08:00;909402N262;85;0.015;22;236;235;235;237;0.248;50.00;518.0;0.083;525.8;0.039;647.1;0.035;60;0;0;0.267;0.203;0.276;31;24;28;50.00;50.00;50.00;26586;1000;0.0;0;1.0000;0;2;15;15;15
60;2015-03-28 06:09:00;909402N262;93;0.015;22;236;236;235;236;0.270;50.01;525.2;0.088;541.4;0.040;627.1;0.042;60;0;0;0.257;0.290;0.264;27;34;30;50.01;50.01;50.01;26586;1000;0.0;0;1.0000;0;2;15;15;15
60;2015-03-28 06:10:00;909402N262;107;0.018;22;236;235;236;236;0.269;50.02;535.1;0.098;549.2;0.047;658.1;0.045;60;0;0;0.229;0.353;0.225;29;46;29;50.02;50.02;50.02;26586;1000;0.0;0;1.0000;0;2;18;18;18
60;2015-03-28 06:11:00;909402N262;117;0.019;22;236;236;236;236;0.258;50.02;540.4;0.105;557.0;0.051;674.4;0.048;60;0;0;0.240;0.303;0.233;35;45;35;50.02;50.02;50.02;26586;1000;0.0;0;1.0000;0;2;19;19;19
60;2015-03-28 06:12:00;909402N262;124;0.022;22;236;236;236;236;0.312;50.02;541.1;0.112;556.2;0.055;662.8;0.051;60;0;0;0.252;0.439;0.247;30;57;34;50.02;50.02;50.02;26586;1000;0.0;0;1.0000;0;2;22;22;22
60;2015-03-28 06:13:00;909402N262;134;0.024;22;236;236;236;237;0.265;50.02;543.6;0.120;563.2;0.059;687.8;0.054;60;0;0;0.264;0.287;0.245;44;47;41;50.02;50.02;50.02;26586;1000;0.0;0;1.0000;0;2;24;24;24
60;2015-03-28 06:14:00;909402N262;151;0.026;22;235;235;235;237;0.346;50.02;546.0;0.132;570.8;0.067;672.6;0.063;60;0;0;0.328;0.378;0.333;49;54;46;50.02;50.02;50.02;26586;1000;0.0;0;1.0000;0;2;26;26;26
60;2015-03-28 06:15:00;909402N262;171;0.029;22;235;235;235;236;0.352;50.01;548.0;0.147;577.5;0.076;686.6;0.071;60;0;0;0.323;0.419;0.314;51;67;51;50.01;50.01;50.01;26586;1000;0.0;0;1.0000;0;2;29;29;29
60;2015-03-28 06:16:00;909402N262;191;0.032;22;235;234;234;235;0.390;50.00;551.1;0.162;579.5;0.087;683.7;0.080;60;0;0;0.356;0.501;0.313;57;80;52;50.00;50.00;50.00;26586;1000;0.0;0;1.0000;0;2;32;32;32
60;2015-03-28 06:17:00;909402N262;214;0.035;22;234;234;235;235;0.437;50.01;554.2;0.177;593.5;0.096;701.0;0.087;60;0;0;0.400;0.537;0.376;64;87;62;50.01;50.01;50.01;26586;1000;0.0;0;1.0000;0;2;35;35;35
60;2015-03-28 06:18:00;909402N262;232;0.040;22;234;233;235;235;0.454;50.01;557.7;0.189;600.6;0.103;711.7;0.093;60;0;0;0.400;0.565;0.399;68;94;68;50.01;50.01;50.01;26586;1000;0.0;0;1.0000;0;2;40;40;40
60;2015-03-28 06:19:00;909402N262;249;0.044;23;235;233;235;236;0.491;50.02;560.1;0.203;607.6;0.109;714.6;0.101;60;0;0;0.444;0.572;0.458;75;95;77;50.02;50.02;50.02;26586;1000;0.0;0;1.0000;0;2;44;44;44
60;2015-03-28 06:20:00;909402N262;271;0.048;23;235;234;235;236;0.520;50.01;563.8;0.218;610.0;0.118;722.9;0.110;60;0;0;0.451;0.643;0.467;78;109;82;50.01;50.01;50.01;26586;1000;0.0;0;1.0000;0;2;48;48;48
60;2015-03-28 06:21:00;909402N262;296;0.053;23;235;233;235;236;0.565;50.02;567.7;0.235;613.4;0.129;727.5;0.119;60;0;0;0.560;0.667;0.470;97;114;82;50.02;50.02;50.02;26586;1000;0.0;0;1.0000;0;2;53;53;53
60;2015-03-28 06:22:00;909402N262;318;0.059;23;234;233;235;236;0.596;50.02;560.5;0.255;616.2;0.138;730.8;0.128;60;0;0;0.571;0.708;0.509;100;125;91;50.02;50.02;50.02;26586;1000;0.0;0;1.0000;0;2;59;59;59
60;2015-03-28 06:23:00;909402N262;336;0.064;23;234;233;235;236;0.630;50.01;554.3;0.272;621.4;0.145;732.9;0.136;60;0;0;0.611;0.700;0.580;108;123;103;50.01;50.01;50.01;26586;1000;0.0;0;1.0000;0;2;64;64;64
60;2015-03-28 06:24:00;909402N262;350;0.070;23;234;233;234;236;0.642;50.01;555.8;0.284;620.4;0.152;738.5;0.140;60;0;0;0.626;0.692;0.609;113;123;112;50.01;50.01;50.01;26586;1000;0.0;0;1.0000;0;2;70;70;70
60;2015-03-28 06:25:00;909402N262;360;0.076;23;234;233;234;236;0.661;50.02;556.6;0.292;623.9;0.155;740.5;0.144;60;0;0;0.610;0.765;0.609;110;136;111;50.02;50.02;50.02;26586;1000;0.0;0;1.0000;0;2;76;76;76
60;2015-03-28 06:26:00;909402N262;372;0.082;23;234;233;234;236;0.679;50.02;558.1;0.301;627.2;0.158;739.6;0.149;60;0;0;0.615;0.769;0.654;111;139;120;50.02;50.02;50.02;26586;1000;0.0;0;1.0000;0;2;82;82;82
60;2015-03-28 06:27:00;909402N262;390;0.089;24;234;233;233;236;0.709;50.02;560.8;0.313;628.7;0.164;741.8;0.157;60;0;0;0.655;0.816;0.657;120;148;121;50.02;50.02;50.02;26586;1000;0.0;0;1.0000;0;2;89;89;89
60;2015-03-28 06:28:00;909402N262;407;0.095;24;234;232;234;235;0.731;50.02;562.7;0.325;626.7;0.173;745.1;0.163;60;0;0;0.701;0.822;0.672;129;151;126;50.02;50.02;50.02;26586;1000;0.0;0;1.0000;0;2;95;95;95
60;2015-03-28 06:29:00;909402N262;429;0.103;24;234;233;234;235;0.964;50.01;564.0;0.338;627.7;0.182;748.6;0.171;60;0;0;0.952;1.015;0.927;137;153;136;50.01;50.01;50.01;26586;1000;0.0;0;1.0000;0;2;103;103;103
60;2015-03-28 06:30:00;909402N262;450;0.110;24;234;232;233;236;1.291;50.01;565.1;0.353;629.6;0.190;747.7;0.179;60;0;0;1.267;1.302;1.304;140;154;155;50.01;50.01;50.01;26586;1000;0.0;0;1.0000;0;2;110;110;110
60;2015-03-28 06:31:00;909402N262;465;0.118;24;234;233;233;235;1.293;50.01;560.0;0.367;617.0;0.200;746.8;0.187;60;0;0;1.272;1.297;1.310;145;158;160;50.01;50.01;50.01;26586;1000;0.0;0;1.0000;0;2;118;118;118
60;2015-03-28 06:32:00;909402N262;487;0.127;24;234;233;233;235;1.314;50.00;567.9;0.378;633.8;0.204;751.2;0.195;60;0;0;1.294;1.319;1.330;152;165;167;50.00;50.00;50.00;26586;1000;0.0;0;1.0000;0;2;127;127;127
60;2015-03-28 06:33:00;909402N262;502;0.135;24;234;233;233;236;1.327;49.99;568.3;0.390;632.6;0.210;754.9;0.199;60;0;0;1.304;1.335;1.342;157;171;172;49.99;49.99;49.99;26586;1000;0.0;0;1.0000;0;2;135;135;135
60;2015-03-28 06:34:00;909402N262;515;0.144;25;234;233;233;236;1.338;49.99;569.6;0.400;633.9;0.216;762.1;0.202;60;0;0;1.314;1.343;1.359;161;175;178;49.99;49.99;49.99;26586;1000;0.0;0;1.0000;0;2;144;144;144
60;2015-03-28 06:35:00;909402N262;530;0.153;25;234;233;233;235;1.349;49.98;570.7;0.410;635.4;0.222;767.4;0.206;60;0;0;1.329;1.354;1.365;167;179;182;49.98;49.98;49.98;26586;1000;0.0;0;1.0000;0;2;153;153;153
60;2015-03-28 06:36:00;909402N262;543;0.162;25;234;233;233;235;1.357;49.99;572.1;0.417;635.1;0.229;760.0;0.213;60;0;0;1.333;1.364;1.375;171;184;187;49.99;49.99;49.99;26586;1000;0.0;0;1.0000;0;2;162;162;162
60;2015-03-28 06:37:00;909402N262;559;0.171;25;234;233;233;235;1.372;49.98;570.1;0.429;637.3;0.235;759.8;0.219;60;0;0;1.342;1.386;1.389;174;191;192;49.98;49.98;49.98;26586;1000;0.0;0;1.0000;0;2;171;171;171
60;2015-03-28 06:38:00;909402N262;568;0.180;25;234;233;234;235;1.379;50.00;559.6;0.446;637.7;0.240;759.3;0.222;60;0;0;1.353;1.390;1.396;178;193;195;50.00;50.00;50.00;26586;1000;0.0;0;1.0000;0;2;180;180;180
60;2015-03-28 06:39:00;909402N262;576;0.189;25;234;233;233;235;1.388;50.01;559.3;0.452;640.0;0.244;757.1;0.226;60;0;0;1.362;1.397;1.407;181;195;197;50.01;50.01;50.01;26586;1000;0.0;0;1.0000;0;2;189;189;189
60;2015-03-28 06:40:00;909402N262;584;0.200;26;234;233;234;235;1.394;49.99;560.3;0.456;637.4;0.249;760.6;0.227;60;0;0;1.361;1.409;1.413;182;200;200;49.99;49.99;49.99;26586;1000;0.0;0;1.0000;0;2;200;200;200
60;2015-03-28 06:41:00;909402N262;595;0.209;26;234;232;234;235;1.405;50.00;562.2;0.462;639.4;0.254;761.6;0.232;60;0;0;1.378;1.418;1.420;188;203;202;50.00;50.00;50.00;26586;1000;0.0;0;1.0000;0;2;209;209;209
60;2015-03-28 06:42:00;909402N262;613;0.220;26;234;233;234;235;1.420;50.00;565.8;0.471;640.6;0.262;762.4;0.239;60;0;0;1.393;1.429;1.440;193;207;210;50.00;50.00;50.00;26586;1000;0.0;0;1.0000;0;2;220;220;220
60;2015-03-28 06:43:00;909402N262;629;0.229;26;234;233;233;235;1.432;49.99;566.9;0.481;641.2;0.269;760.8;0.245;60;0;0;1.405;1.445;1.447;198;214;215;49.99;49.99;49.99;26586;1000;0.0;0;1.0000;0;2;229;229;229
60;2015-03-28 06:44:00;909402N262;630;0.241;26;234;233;233;235;1.431;49.99;566.4;0.483;641.7;0.269;759.8;0.246;60;0;0;1.399;1.446;1.450;197;215;216;49.99;49.99;49.99;26586;1000;0.0;0;1.0000;0;2;241;241;241
60;2015-03-28 06:45:00;909402N262;630;0.251;26;234;232;233;236;1.430;49.98;558.7;0.491;641.7;0.269;760.0;0.246;60;0;0;1.392;1.442;1.456;197;214;217;49.98;49.98;49.98;26586;1000;0.0;0;1.0000;0;2;251;251;251
60;2015-03-28 06:46:00;909402N262;628;0.261;26;233;232;232;236;1.424;49.98;553.6;0.497;634.0;0.272;753.4;0.248;60;0;0;1.387;1.434;1.452;196;212;217;49.98;49.98;49.98;26586;1000;0.0;0;1.0000;0;2;261;261;261
60;2015-03-28 06:47:00;909402N262;637;0.272;27;233;233;232;236;1.442;49.98;558.9;0.499;643.0;0.270;762.6;0.248;60;0;0;1.405;1.453;1.470;199;215;221;49.98;49.98;49.98;26586;1000;0.0;0;1.0000;0;2;272;272;272
60;2015-03-28 06:48:00;909402N262;641;0.283;27;233;232;232;235;1.444;49.99;560.0;0.500;642.8;0.271;764.0;0.248;60;0;0;1.410;1.453;1.470;201;216;221;49.99;49.99;49.99;26586;1000;0.0;0;1.0000;0;2;283;283;283
60;2015-03-28 06:49:00;909402N262;645;0.293;27;233;232;232;235;1.447;49.98;560.7;0.503;644.4;0.273;765.1;0.249;60;0;0;1.407;1.459;1.476;201;218;223;49.98;49.98;49.98;26586;1000;0.0;0;1.0000;0;2;293;293;293
60;2015-03-28 06:50:00;909402N262;652;0.305;27;233;233;233;235;1.453;49.97;564.8;0.505;644.0;0.276;763.2;0.252;60;0;0;1.417;1.465;1.477;205;221;224;49.97;49.97;49.97;26586;1000;0.0;0;1.0000;0;2;305;305;305
60;2015-03-28 06:51:00;909402N262;657;0.315;27;233;232;232;235;1.456;49.98;567.6;0.508;644.1;0.278;761.3;0.255;60;0;0;1.420;1.465;1.484;207;222;227;49.98;49.98;49.98;26586;1000;0.0;0;1.0000;0;2;315;315;315
60;2015-03-28 06:52:00;909402N262;661;0.327;27;233;232;232;235;1.461;49.99;567.8;0.511;644.4;0.278;762.5;0.256;60;0;0;1.429;1.471;1.484;208;224;226;49.99;49.99;49.99;26586;1000;0.0;0;1.0000;0;2;327;327;327
60;2015-03-28 06:53:00;909402N262;660;0.338;27;233;233;232;235;1.459;49.98;570.0;0.510;644.7;0.276;762.1;0.255;60;0;0;1.429;1.467;1.482;208;223;227;49.98;49.98;49.98;26586;1000;0.0;0;1.0000;0;2;338;338;338
60;2015-03-28 06:54:00;909402N262;657;0.348;28;234;233;232;235;1.454;49.98;571.6;0.508;645.3;0.273;761.9;0.253;60;0;0;1.422;1.464;1.477;208;222;225;49.98;49.98;49.98;26586;1000;0.0;0;1.0000;0;2;348;348;348
60;2015-03-28 06:55:00;909402N262;657;0.359;28;233;233;232;235;1.456;49.98;571.5;0.509;644.2;0.272;762.2;0.253;60;0;0;1.423;1.465;1.481;207;222;226;49.98;49.98;49.98;26586;1000;0.0;0;1.0000;0;2;359;359;359
60;2015-03-28 06:56:00;909402N262;660;0.371;28;233;233;233;235;1.460;49.99;571.6;0.513;644.9;0.273;760.9;0.255;60;0;0;1.432;1.468;1.480;210;224;225;49.99;49.99;49.99;26586;1000;0.0;0;1.0000;0;2;371;371;371
60;2015-03-28 06:57:00;909402N262;667;0.382;28;233;233;233;235;1.467;49.99;571.8;0.518;644.5;0.275;763.2;0.257;60;0;0;1.432;1.479;1.492;209;226;229;49.99;49.99;49.99;26586;1000;0.0;0;1.0000;0;2;382;382;382
60;2015-03-28 06:58:00;909402N262;674;0.393;28;234;233;233;235;1.474;49.99;571.9;0.524;643.6;0.278;765.3;0.258;60;0;0;1.441;1.484;1.499;212;228;231;49.99;49.99;49.99;26586;1000;0.0;0;1.0000;0;2;393;393;393
60;2015-03-28 06:59:00;909402N262;679;0.403;28;234;233;234;235;1.482;50.01;571.6;0.529;644.4;0.280;764.3;0.261;60;0;0;1.445;1.501;1.501;214;232;232;50.01;50.01;50.01;26586;1000;0.0;0;1.0000;0;2;403;403;403
60;2015-03-28 07:00:00;909402N262;686;0.415;28;234;233;234;235;1.485;50.03;571.6;0.535;644.7;0.282;763.2;0.264;60;0;0;1.453;1.500;1.502;217;233;234;50.03;50.03;50.03;26586;1000;0.0;0;1.0000;0;2;415;415;415
[wr_ende]
