20140613;160003;danfoss;My Plant;+0100
[wr_def_start]
909402N262;Inverter Type;Inverter Group;Hanzl
[wr_def_end]
[wr]
INTERVAL;TIMESTAMP;SERIAL;P_AC;E_DAY;T_WR;U_AC;U_AC_1;U_AC_2;U_AC_3;I_AC;F_AC;U_DC_1;I_DC_1;U_DC_2;I_DC_2;U_DC_3;I_DC_3;S;E_WR;M_WR;I_AC_1;I_AC_2;I_AC_3;P_AC_1;P_AC_2;P_AC_3;F_AC_1;F_AC_2;F_AC_3;R_DC;PC;PCS;PCS_LL;COS_PHI;COS_PHI_LL;S_COS_PHI;Current_Day_Energy;current_Day_Offset;ccEnergyOfDay_WithoutOffset
60;2014-06-13 15:01:00;909402N262;2002;23.492;46;235;235;235;235;2.929;49.99;564.1;1.619;617.1;0.852;771.1;0.768;60;0;0;2.876;2.968;2.945;654;674;671;49.99;49.99;49.99;7088;1000;0.0;0;0.0000;0;0;23492;23492;23492
60;2014-06-13 15:02:00;909402N262;2037;23.526;46;234;234;234;235;2.965;50.01;565.3;1.632;619.7;0.860;768.4;0.777;60;0;0;2.906;2.999;2.992;664;685;686;50.01;50.01;50.01;7088;1000;0.0;0;0.0000;0;0;23526;23526;23526
60;2014-06-13 15:03:00;909402N262;2021;23.560;46;234;234;234;234;2.949;50.00;565.1;1.624;620.0;0.853;768.7;0.764;60;0;0;2.895;2.991;2.963;661;683;675;50.00;50.00;50.00;7088;1000;0.0;0;0.0000;0;0;23560;23560;23560
60;2014-06-13 15:04:00;909402N262;1976;23.593;46;234;234;234;234;2.887;50.00;565.0;1.594;620.3;0.831;769.2;0.746;60;0;0;2.829;2.926;2.907;644;666;663;50.00;50.00;50.00;7088;1000;0.0;0;0.0000;0;0;23593;23593;23593
60;2014-06-13 15:05:00;909402N262;1942;23.625;46;234;234;234;234;2.841;49.99;564.6;1.571;626.4;0.800;769.8;0.736;60;0;0;2.791;2.880;2.854;635;656;649;49.99;49.99;49.99;7088;1000;0.0;0;0.0000;0;0;23625;23625;23625
60;2014-06-13 15:06:00;909402N262;1934;23.657;46;234;234;234;234;2.830;50.00;562.9;1.577;630.0;0.783;771.3;0.736;60;0;0;2.774;2.872;2.845;631;654;648;50.00;50.00;50.00;7088;1000;0.0;0;0.0000;0;0;23657;23657;23657
60;2014-06-13 15:07:00;909402N262;1970;23.690;46;234;233;234;234;2.879;50.01;563.8;1.607;630.7;0.787;773.7;0.751;60;0;0;2.815;2.920;2.904;640;666;662;50.01;50.01;50.01;7088;1000;0.0;0;0.0000;0;0;23690;23690;23690
60;2014-06-13 15:08:00;909402N262;2107;23.725;45;234;233;234;235;3.071;49.99;566.0;1.710;632.7;0.833;775.8;0.809;60;0;0;3.001;3.117;3.096;682;713;710;49.99;49.99;49.99;7088;1000;0.0;0;0.0000;0;0;23725;23725;23725
60;2014-06-13 15:09:00;909402N262;2418;23.767;45;234;234;234;234;3.505;50.00;568.6;1.936;636.1;0.952;777.4;0.939;60;0;0;3.443;3.548;3.524;790;816;810;50.00;50.00;50.00;7088;1000;0.0;0;0.0000;0;0;23767;23767;23767
60;2014-06-13 15:10:00;909402N262;2565;23.809;45;234;234;234;234;3.712;50.00;567.7;2.048;637.7;1.011;777.5;1.000;60;0;0;3.651;3.758;3.727;840;865;858;50.00;50.00;50.00;7088;1000;0.0;0;0.0000;0;0;23809;23809;23809
60;2014-06-13 15:11:00;909402N262;2590;23.853;45;235;234;235;235;3.739;49.99;551.5;2.137;639.2;1.021;776.7;1.005;60;0;0;3.675;3.781;3.762;847;871;869;49.99;49.99;49.99;7088;1000;0.0;0;0.0000;0;0;23853;23853;23853
60;2014-06-13 15:12:00;909402N262;2746;23.898;45;234;235;235;234;3.963;49.99;568.0;2.213;641.1;1.074;776.6;1.061;60;0;0;3.909;4.009;3.972;903;926;915;49.99;49.99;49.99;7088;1000;0.0;0;0.0000;0;0;23898;23898;23898
60;2014-06-13 15:13:00;909402N262;2907;23.946;45;235;235;235;235;4.185;50.01;564.3;2.386;643.9;1.113;780.4;1.113;60;0;0;4.123;4.231;4.202;953;980;971;50.01;50.01;50.01;7088;1000;0.0;0;0.0000;0;0;23946;23946;23946
60;2014-06-13 15:14:00;909402N262;3018;23.996;45;235;235;235;234;4.344;49.99;560.0;2.509;644.5;1.139;787.0;1.150;60;0;0;4.291;4.398;4.344;994;1019;1003;49.99;49.99;49.99;7088;1000;0.0;0;0.0000;0;0;23996;23996;23996
60;2014-06-13 15:15:00;909402N262;3036;24.047;45;235;235;235;235;4.354;49.99;557.8;2.532;642.5;1.148;792.6;1.152;60;0;0;4.309;4.402;4.353;1000;1022;1011;49.99;49.99;49.99;7088;1000;0.0;0;0.0000;0;0;24047;24047;24047
60;2014-06-13 15:16:00;909402N262;3027;24.098;45;235;235;235;235;4.351;50.00;550.1;2.560;625.8;1.177;782.0;1.172;60;0;0;4.291;4.384;4.378;993;1018;1014;50.00;50.00;50.00;7088;1000;0.0;0;0.0000;0;0;24098;24098;24098
60;2014-06-13 15:17:00;909402N262;2719;24.143;45;235;235;235;235;3.947;50.00;555.6;2.291;637.1;1.044;779.6;1.030;60;0;0;3.892;3.990;3.960;893;915;908;50.00;50.00;50.00;7088;1000;0.0;0;0.0000;0;0;24143;24143;24143
60;2014-06-13 15:18:00;909402N262;3044;24.194;45;235;235;235;235;4.393;49.99;555.7;2.558;636.9;1.116;780.3;1.210;60;0;0;4.333;4.433;4.413;999;1025;1017;49.99;49.99;49.99;7088;1000;0.0;0;0.0000;0;0;24194;24194;24194
60;2014-06-13 15:19:00;909402N262;8189;24.329;45;236;236;235;236;11.563;50.00;547.8;6.788;652.2;2.952;794.4;3.367;60;0;0;11.549;11.562;11.580;2724;2738;2726;50.00;50.00;50.00;7088;1000;0.0;0;0.0000;0;0;24329;24329;24329
60;2014-06-13 15:20:00;909402N262;9059;24.480;45;236;236;236;236;12.796;50.01;539.2;7.625;649.9;3.422;794.2;3.641;60;0;0;12.771;12.813;12.804;3014;3035;3014;50.01;50.01;50.01;7088;1000;0.0;0;0.0000;0;0;24480;24480;24480
60;2014-06-13 15:21:00;909402N262;9746;24.643;45;236;236;236;235;13.764;49.99;530.3;8.243;644.7;3.700;795.0;3.961;60;0;0;13.740;13.821;13.733;3250;3265;3229;49.99;49.99;49.99;7088;1000;0.0;0;0.0000;0;0;24643;24643;24643
60;2014-06-13 15:22:00;909402N262;9786;24.806;46;236;236;236;235;13.835;50.00;524.0;8.352;638.1;3.777;795.2;3.996;60;0;0;13.815;13.893;13.799;3265;3277;3243;50.00;50.00;50.00;7088;1000;0.0;0;0.0000;0;0;24806;24806;24806
60;2014-06-13 15:23:00;909402N262;8481;24.947;46;236;236;236;236;11.996;50.01;520.4;7.250;630.6;3.340;790.6;3.440;60;0;0;11.936;12.065;11.987;2818;2836;2825;50.01;50.01;50.01;7088;1000;0.0;0;0.0000;0;0;24947;24947;24947
60;2014-06-13 15:24:00;909402N262;5304;25.034;46;235;235;235;235;7.550;50.01;520.9;4.641;619.6;2.101;778.6;2.128;60;0;0;7.515;7.541;7.595;1753;1778;1771;50.01;50.01;50.01;7088;1000;0.0;0;0.0000;0;0;25034;25034;25034
60;2014-06-13 15:25:00;909402N262;6604;25.144;46;235;235;235;235;9.372;50.00;520.9;5.670;622.3;2.673;778.8;2.662;60;0;0;9.339;9.369;9.408;2187;2213;2202;50.00;50.00;50.00;7088;1000;0.0;0;0.0000;0;0;25144;25144;25144
60;2014-06-13 15:26:00;909402N262;5513;25.237;47;235;235;235;235;7.863;49.99;517.3;4.755;617.0;2.229;774.2;2.254;60;0;0;7.818;7.894;7.878;1824;1850;1837;49.99;49.99;49.99;7088;1000;0.0;0;0.0000;0;0;25237;25237;25237
60;2014-06-13 15:27:00;909402N262;2861;25.285;47;235;235;235;235;4.156;49.99;514.9;2.542;605.3;1.174;756.3;1.135;60;0;0;4.087;4.231;4.152;939;965;955;49.99;49.99;49.99;7088;1000;0.0;0;0.0000;0;0;25285;25285;25285
60;2014-06-13 15:28:00;909402N262;2096;25.319;47;235;235;235;235;3.071;49.99;515.2;1.886;599.4;0.851;738.4;0.855;60;0;0;3.006;3.123;3.084;682;710;701;49.99;49.99;49.99;7088;1000;0.0;0;0.0000;0;0;25319;25319;25319
60;2014-06-13 15:29:00;909402N262;1829;25.350;47;235;235;235;235;2.711;50.00;523.8;1.627;597.6;0.747;732.2;0.745;60;0;0;2.643;2.778;2.713;592;626;609;50.00;50.00;50.00;7088;1000;0.0;0;0.0000;0;0;25350;25350;25350
60;2014-06-13 15:30:00;909402N262;1773;25.380;47;235;235;235;235;2.641;49.99;530.6;1.548;599.3;0.726;734.5;0.723;60;0;0;2.587;2.700;2.637;577;605;590;49.99;49.99;49.99;7088;1000;0.0;0;0.0000;0;0;25380;25380;25380
60;2014-06-13 15:31:00;909402N262;1775;25.409;47;235;235;235;235;2.630;49.98;519.1;1.575;587.4;0.745;737.8;0.731;60;0;0;2.573;2.684;2.633;576;605;592;49.98;49.98;49.98;7088;1000;0.0;0;0.0000;0;0;25409;25409;25409
60;2014-06-13 15:32:00;909402N262;1879;25.441;47;235;235;235;235;2.773;49.99;524.0;1.644;605.2;0.769;742.1;0.767;60;0;0;2.709;2.831;2.779;610;640;627;49.99;49.99;49.99;7088;1000;0.0;0;0.0000;0;0;25441;25441;25441
60;2014-06-13 15:33:00;909402N262;2017;25.474;47;235;235;235;235;2.958;50.00;526.7;1.751;608.8;0.821;749.0;0.818;60;0;0;2.900;2.997;2.979;657;681;677;50.00;50.00;50.00;7088;1000;0.0;0;0.0000;0;0;25474;25474;25474
60;2014-06-13 15:34:00;909402N262;2271;25.513;47;235;235;235;235;3.311;50.00;531.1;1.958;612.6;0.918;757.0;0.911;60;0;0;3.253;3.346;3.336;741;766;762;50.00;50.00;50.00;7088;1000;0.0;0;0.0000;0;0;25513;25513;25513
60;2014-06-13 15:35:00;909402N262;2871;25.561;47;235;235;235;235;4.150;50.01;545.7;2.390;618.8;1.123;768.3;1.169;60;0;0;4.094;4.180;4.177;941;967;962;50.01;50.01;50.01;7088;1000;0.0;0;0.0000;0;0;25561;25561;25561
60;2014-06-13 15:36:00;909402N262;2511;25.602;46;235;235;235;235;3.652;50.01;535.6;2.140;616.6;1.013;767.8;0.993;60;0;0;3.597;3.703;3.657;825;848;837;50.01;50.01;50.01;7088;1000;0.0;0;0.0000;0;0;25602;25602;25602
60;2014-06-13 15:37:00;909402N262;2597;25.645;46;235;235;235;235;3.774;50.02;532.5;2.237;617.7;1.044;769.2;1.021;60;0;0;3.712;3.828;3.784;851;877;867;50.02;50.02;50.02;7088;1000;0.0;0;0.0000;0;0;25645;25645;25645
60;2014-06-13 15:38:00;909402N262;2745;25.692;46;235;235;235;235;3.979;50.01;543.6;2.327;619.4;1.093;774.3;1.069;60;0;0;3.923;4.022;3.994;901;924;918;50.01;50.01;50.01;7088;1000;0.0;0;0.0000;0;0;25692;25692;25692
60;2014-06-13 15:39:00;909402N262;3041;25.742;46;235;235;235;235;4.393;50.01;552.2;2.556;620.8;1.202;782.8;1.168;60;0;0;4.335;4.421;4.423;997;1022;1019;50.01;50.01;50.01;7088;1000;0.0;0;0.0000;0;0;25742;25742;25742
60;2014-06-13 15:40:00;909402N262;3534;25.801;46;235;235;235;235;5.080;50.00;548.7;2.985;624.3;1.385;793.1;1.355;60;0;0;5.020;5.125;5.097;1163;1186;1183;50.00;50.00;50.00;7088;1000;0.0;0;0.0000;0;0;25801;25801;25801
60;2014-06-13 15:41:00;909402N262;3509;25.860;46;235;234;235;235;5.036;50.00;550.1;2.949;623.6;1.382;795.4;1.336;60;0;0;4.976;5.080;5.054;1154;1179;1174;50.00;50.00;50.00;7088;1000;0.0;0;0.0000;0;0;25860;25860;25860
60;2014-06-13 15:42:00;909402N262;3919;25.925;46;235;235;235;235;5.608;50.01;547.0;3.318;625.5;1.542;795.1;1.490;60;0;0;5.537;5.655;5.632;1288;1316;1313;50.01;50.01;50.01;7088;1000;0.0;0;0.0000;0;0;25925;25925;25925
60;2014-06-13 15:43:00;909402N262;7608;26.052;46;236;236;236;236;10.752;50.00;535.5;6.494;634.5;2.943;793.0;3.035;60;0;0;10.703;10.794;10.761;2520;2549;2537;50.00;50.00;50.00;7088;1000;0.0;0;0.0000;0;0;26052;26052;26052
60;2014-06-13 15:44:00;909402N262;7436;26.177;46;236;236;236;236;10.537;50.00;527.8;6.384;629.2;2.896;789.3;2.948;60;0;0;10.438;10.678;10.495;2461;2496;2476;50.00;50.00;50.00;7088;1000;0.0;0;0.0000;0;0;26177;26177;26177
60;2014-06-13 15:45:00;909402N262;8009;26.309;46;236;236;236;236;11.267;50.00;526.2;6.903;628.4;3.163;788.4;3.126;60;0;0;11.228;11.294;11.281;2646;2673;2658;50.00;50.00;50.00;7088;1000;0.0;0;0.0000;0;0;26309;26309;26309
60;2014-06-13 15:46:00;909402N262;8866;26.457;46;236;236;236;236;12.516;50.01;517.0;7.752;621.6;3.477;782.2;3.708;60;0;0;12.472;12.577;12.501;2946;2968;2950;50.01;50.01;50.01;7088;1000;0.0;0;0.0000;0;0;26457;26457;26457
60;2014-06-13 15:47:00;909402N262;9037;26.607;47;236;236;236;236;12.757;50.00;514.6;7.916;623.5;3.555;781.6;3.714;60;0;0;12.703;12.828;12.742;3000;3025;3010;50.00;50.00;50.00;7088;1000;0.0;0;0.0000;0;0;26607;26607;26607
60;2014-06-13 15:48:00;909402N262;8757;26.753;47;236;236;236;236;12.369;49.99;511.5;7.715;619.6;3.460;777.9;3.620;60;0;0;12.313;12.419;12.376;2906;2928;2921;49.99;49.99;49.99;7088;1000;0.0;0;0.0000;0;0;26753;26753;26753
60;2014-06-13 15:49:00;909402N262;8630;26.897;47;236;236;236;236;12.192;50.01;508.8;7.643;617.0;3.425;775.0;3.581;60;0;0;12.147;12.250;12.181;2869;2890;2870;50.01;50.01;50.01;7088;1000;0.0;0;0.0000;0;0;26897;26897;26897
60;2014-06-13 15:50:00;909402N262;7490;27.022;47;235;236;236;235;10.598;49.99;508.8;6.650;612.0;3.020;767.6;3.069;60;0;0;10.545;10.665;10.584;2484;2503;2486;49.99;49.99;49.99;7088;1000;0.0;0;0.0000;0;0;27022;27022;27022
60;2014-06-13 15:51:00;909402N262;3616;27.081;47;235;235;235;234;5.161;49.99;514.4;3.276;596.8;1.418;752.2;1.476;60;0;0;5.132;5.158;5.194;1195;1214;1205;49.99;49.99;49.99;7088;1000;0.0;0;0.0000;0;0;27081;27081;27081
60;2014-06-13 15:52:00;909402N262;7633;27.210;48;235;236;236;235;10.816;49.99;510.9;6.806;613.4;3.064;767.9;3.132;60;0;0;10.778;10.870;10.801;2540;2553;2538;49.99;49.99;49.99;7088;1000;0.0;0;0.0000;0;0;27210;27210;27210
60;2014-06-13 15:53:00;909402N262;8122;27.345;48;236;236;236;236;11.487;49.99;507.6;7.223;614.1;3.233;770.2;3.382;60;0;0;11.441;11.527;11.494;2697;2715;2708;49.99;49.99;49.99;7088;1000;0.0;0;0.0000;0;0;27345;27345;27345
60;2014-06-13 15:54:00;909402N262;8016;27.479;48;236;236;236;236;11.343;50.00;506.1;7.143;612.0;3.205;767.3;3.354;60;0;0;11.295;11.378;11.357;2661;2677;2676;50.00;50.00;50.00;7088;1000;0.0;0;0.0000;0;0;27479;27479;27479
60;2014-06-13 15:55:00;909402N262;7890;27.611;48;236;236;236;236;11.157;49.99;504.8;7.040;610.3;3.166;763.9;3.317;60;0;0;11.109;11.181;11.181;2619;2631;2638;49.99;49.99;49.99;7088;1000;0.0;0;0.0000;0;0;27611;27611;27611
60;2014-06-13 15:56:00;909402N262;7822;27.740;48;236;236;236;236;11.051;50.00;503.3;6.994;609.2;3.146;761.4;3.302;60;0;0;11.002;11.073;11.080;2596;2608;2615;50.00;50.00;50.00;7088;1000;0.0;0;0.0000;0;0;27740;27740;27740
60;2014-06-13 15:57:00;909402N262;7865;27.872;48;236;236;236;236;11.121;49.99;502.2;7.048;608.0;3.174;760.2;3.330;60;0;0;11.056;11.174;11.134;2605;2635;2624;49.99;49.99;49.99;7088;1000;0.0;0;0.0000;0;0;27872;27872;27872
60;2014-06-13 15:58:00;909402N262;7956;28.004;48;236;236;236;237;11.225;49.99;501.0;7.132;607.1;3.216;758.6;3.377;60;0;0;11.174;11.238;11.263;2640;2649;2665;49.99;49.99;49.99;7088;1000;0.0;0;0.0000;0;0;28004;28004;28004
60;2014-06-13 15:59:00;909402N262;7976;28.138;48;237;237;236;237;11.250;49.99;500.2;7.154;605.6;3.235;756.9;3.400;60;0;0;11.201;11.273;11.278;2647;2658;2668;49.99;49.99;49.99;7088;1000;0.0;0;0.0000;0;0;28138;28138;28138
60;2014-06-13 16:00:00;909402N262;7790;28.267;48;237;237;236;237;10.992;49.99;499.9;6.969;603.5;3.154;755.0;3.349;60;0;0;10.943;11.016;11.017;2588;2592;2608;49.99;49.99;49.99;7088;1000;0.0;0;0.0000;0;0;28267;28267;28267
[wr_ende]
