20140326;160003;danfoss;My Plant;+0100
[wr_def_start]
909402N262;Inverter Type;Inverter Group;Hanzl
[wr_def_end]
[wr]
INTERVAL;TIMESTAMP;SERIAL;P_AC;E_DAY;T_WR;U_AC;U_AC_1;U_AC_2;U_AC_3;I_AC;F_AC;U_DC_1;I_DC_1;U_DC_2;I_DC_2;U_DC_3;I_DC_3;S;E_WR;M_WR;I_AC_1;I_AC_2;I_AC_3;P_AC_1;P_AC_2;P_AC_3;F_AC_1;F_AC_2;F_AC_3;R_DC;PC;PCS;PCS_LL;COS_PHI;COS_PHI_LL;S_COS_PHI;Current_Day_Energy;current_Day_Offset;ccEnergyOfDay_WithoutOffset
60;2014-03-26 15:01:00;909402N262;3068;40.381;40;235;235;235;236;4.378;50.01;562.8;2.158;637.9;1.312;795.5;1.320;60;0;0;4.315;4.408;4.411;1007;1028;1032;50.01;50.01;50.01;12026;1000;0.0;0;0.0000;0;0;40381;40381;40381
60;2014-03-26 15:02:00;909402N262;3082;40.433;40;235;235;235;236;4.401;49.99;565.3;2.143;654.3;1.310;795.1;1.314;60;0;0;4.328;4.440;4.435;1009;1035;1037;49.99;49.99;49.99;12026;1000;0.0;0;0.0000;0;0;40433;40433;40433
60;2014-03-26 15:03:00;909402N262;3170;40.485;40;235;235;235;236;4.523;49.98;566.6;2.195;657.9;1.341;795.2;1.353;60;0;0;4.446;4.568;4.555;1037;1066;1066;49.98;49.98;49.98;12026;1000;0.0;0;0.0000;0;0;40485;40485;40485
60;2014-03-26 15:04:00;909402N262;3339;40.540;40;235;235;235;236;4.760;49.99;567.4;2.308;657.8;1.414;795.3;1.427;60;0;0;4.681;4.804;4.796;1091;1122;1124;49.99;49.99;49.99;12026;1000;0.0;0;0.0000;0;0;40540;40540;40540
60;2014-03-26 15:05:00;909402N262;3549;40.600;40;235;234;235;236;5.069;50.00;574.8;2.426;656.6;1.505;795.2;1.515;60;0;0;4.996;5.118;5.094;1161;1194;1192;50.00;50.00;50.00;12026;1000;0.0;0;0.0000;0;0;40600;40600;40600
60;2014-03-26 15:06:00;909402N262;3804;40.664;40;235;235;235;235;5.429;49.99;585.7;2.569;657.2;1.606;795.3;1.618;60;0;0;5.364;5.467;5.457;1251;1275;1275;49.99;49.99;49.99;12026;1000;0.0;0;0.0000;0;0;40664;40664;40664
60;2014-03-26 15:07:00;909402N262;4808;40.743;40;235;235;235;236;6.836;49.98;580.9;3.311;659.1;1.973;794.7;2.071;60;0;0;6.772;6.873;6.865;1586;1607;1612;49.98;49.98;49.98;12026;1000;0.0;0;0.0000;0;0;40743;40743;40743
60;2014-03-26 15:08:00;909402N262;4576;40.820;40;235;235;236;236;6.506;49.98;584.1;3.144;658.0;1.894;795.0;1.949;60;0;0;6.436;6.554;6.529;1507;1536;1531;49.98;49.98;49.98;12026;1000;0.0;0;0.0000;0;0;40820;40820;40820
60;2014-03-26 15:09:00;909402N262;4429;40.894;40;236;235;235;236;6.298;49.99;586.1;3.021;656.8;1.850;795.0;1.883;60;0;0;6.237;6.340;6.318;1462;1483;1482;49.99;49.99;49.99;12026;1000;0.0;0;0.0000;0;0;40894;40894;40894
60;2014-03-26 15:10:00;909402N262;4332;40.967;40;236;236;235;236;6.157;49.99;581.1;2.974;656.9;1.816;794.7;1.840;60;0;0;6.109;6.185;6.179;1433;1447;1450;49.99;49.99;49.99;12026;1000;0.0;0;0.0000;0;0;40967;40967;40967
60;2014-03-26 15:11:00;909402N262;3994;41.032;40;236;235;235;236;5.687;50.01;570.9;2.780;657.0;1.684;795.3;1.692;60;0;0;5.613;5.731;5.719;1312;1339;1341;50.01;50.01;50.01;12026;1000;0.0;0;0.0000;0;0;41032;41032;41032
60;2014-03-26 15:12:00;909402N262;4736;41.111;40;235;235;235;236;6.730;49.99;578.6;3.279;658.9;1.998;795.1;1.996;60;0;0;6.659;6.764;6.767;1557;1586;1591;49.99;49.99;49.99;12026;1000;0.0;0;0.0000;0;0;41111;41111;41111
60;2014-03-26 15:13:00;909402N262;9000;41.262;40;236;236;236;237;12.697;50.00;570.0;6.377;663.0;3.631;794.8;3.928;60;0;0;12.622;12.709;12.760;2975;3002;3020;50.00;50.00;50.00;12026;1000;0.0;0;0.0000;0;0;41262;41262;41262
60;2014-03-26 15:14:00;909402N262;10400;41.434;40;236;236;236;237;14.668;49.99;560.5;7.554;660.2;4.122;795.1;4.561;60;0;0;14.589;14.689;14.726;3447;3462;3489;49.99;49.99;49.99;12026;1000;0.0;0;0.0000;0;0;41434;41434;41434
60;2014-03-26 15:15:00;909402N262;10390;41.608;40;236;236;236;237;14.648;49.99;555.8;7.598;656.6;4.136;795.0;4.572;60;0;0;14.568;14.666;14.710;3442;3460;3486;49.99;49.99;49.99;12026;1000;0.0;0;0.0000;0;0;41608;41608;41608
60;2014-03-26 15:16:00;909402N262;10298;41.780;41;236;236;236;237;14.500;49.99;550.8;7.651;645.4;4.159;784.0;4.589;60;0;0;14.428;14.501;14.571;3412;3428;3456;49.99;49.99;49.99;12026;1000;0.0;0;0.0000;0;0;41780;41780;41780
60;2014-03-26 15:17:00;909402N262;10477;41.954;41;237;236;236;237;14.756;50.00;547.1;7.752;651.3;4.208;795.3;4.629;60;0;0;14.673;14.778;14.818;3469;3493;3513;50.00;50.00;50.00;12026;1000;0.0;0;0.0000;0;0;41954;41954;41954
60;2014-03-26 15:18:00;909402N262;10576;42.130;41;236;236;237;237;14.905;49.98;542.4;7.879;648.3;4.277;795.2;4.678;60;0;0;14.794;14.960;14.961;3491;3540;3543;49.98;49.98;49.98;12026;1000;0.0;0;0.0000;0;0;42130;42130;42130
60;2014-03-26 15:19:00;909402N262;10579;42.308;41;236;235;237;237;14.911;50.01;540.0;7.921;646.2;4.289;795.1;4.680;60;0;0;14.786;14.966;14.981;3482;3547;3547;50.01;50.01;50.01;12026;1000;0.0;0;0.0000;0;0;42308;42308;42308
60;2014-03-26 15:20:00;909402N262;10377;42.481;42;236;235;237;237;14.637;50.01;538.5;7.813;644.8;4.225;791.7;4.586;60;0;0;14.514;14.687;14.710;3415;3479;3482;50.01;50.01;50.01;12026;1000;0.0;0;0.0000;0;0;42481;42481;42481
60;2014-03-26 15:21:00;909402N262;9557;42.639;42;236;236;236;237;13.488;50.01;538.1;7.239;642.3;3.959;785.5;4.174;60;0;0;13.374;13.511;13.580;3146;3188;3221;50.01;50.01;50.01;12026;1000;0.0;0;0.0000;0;0;42639;42639;42639
60;2014-03-26 15:22:00;909402N262;9402;42.796;42;236;235;236;237;13.279;50.00;537.4;7.119;640.7;3.867;784.4;4.155;60;0;0;13.156;13.306;13.375;3090;3143;3167;50.00;50.00;50.00;12026;1000;0.0;0;0.0000;0;0;42796;42796;42796
60;2014-03-26 15:23:00;909402N262;9070;42.947;42;236;235;237;237;12.808;50.01;537.1;6.851;639.7;3.708;783.1;4.046;60;0;0;12.689;12.828;12.909;2978;3033;3056;50.01;50.01;50.01;12026;1000;0.0;0;0.0000;0;0;42947;42947;42947
60;2014-03-26 15:24:00;909402N262;9730;43.109;43;237;236;237;237;13.723;50.00;534.9;7.385;639.3;3.968;783.0;4.359;60;0;0;13.610;13.764;13.795;3202;3260;3266;50.00;50.00;50.00;12026;1000;0.0;0;0.0000;0;0;43109;43109;43109
60;2014-03-26 15:25:00;909402N262;9895;43.274;43;236;236;237;237;13.960;49.99;533.4;7.521;639.3;4.031;782.8;4.447;60;0;0;13.852;14.020;14.008;3261;3321;3312;49.99;49.99;49.99;12026;1000;0.0;0;0.0000;0;0;43274;43274;43274
60;2014-03-26 15:26:00;909402N262;9994;43.440;43;236;236;237;237;14.100;49.99;532.2;7.603;638.6;4.080;781.2;4.502;60;0;0;13.984;14.167;14.151;3291;3355;3346;49.99;49.99;49.99;12026;1000;0.0;0;0.0000;0;0;43440;43440;43440
60;2014-03-26 15:27:00;909402N262;9914;43.606;43;236;235;237;237;13.996;49.99;530.3;7.564;637.8;4.055;779.5;4.475;60;0;0;13.862;14.080;14.046;3258;3334;3321;49.99;49.99;49.99;12026;1000;0.0;0;0.0000;0;0;43606;43606;43606
60;2014-03-26 15:28:00;909402N262;9746;43.768;43;237;236;237;237;13.748;50.00;530.5;7.441;636.4;3.990;779.0;4.399;60;0;0;13.628;13.802;13.814;3206;3270;3268;50.00;50.00;50.00;12026;1000;0.0;0;0.0000;0;0;43768;43768;43768
60;2014-03-26 15:29:00;909402N262;9527;43.926;44;237;236;237;237;13.431;50.00;529.7;7.285;635.3;3.902;778.4;4.303;60;0;0;13.350;13.478;13.465;3152;3187;3185;50.00;50.00;50.00;12026;1000;0.0;0;0.0000;0;0;43926;43926;43926
60;2014-03-26 15:30:00;909402N262;9399;44.084;44;237;236;237;237;13.253;49.99;528.8;7.202;634.1;3.855;777.3;4.255;60;0;0;13.174;13.295;13.292;3108;3144;3144;49.99;49.99;49.99;12026;1000;0.0;0;0.0000;0;0;44084;44084;44084
60;2014-03-26 15:31:00;909402N262;9086;44.236;44;236;236;236;237;12.816;49.97;524.0;7.043;619.0;3.772;775.0;4.156;60;0;0;12.751;12.816;12.882;3005;3033;3047;49.97;49.97;49.97;12026;1000;0.0;0;0.0000;0;0;44236;44236;44236
60;2014-03-26 15:32:00;909402N262;8832;44.383;44;236;236;236;237;12.455;49.98;528.4;6.776;633.3;3.604;774.8;4.016;60;0;0;12.381;12.468;12.517;2922;2940;2966;49.98;49.98;49.98;12026;1000;0.0;0;0.0000;0;0;44383;44383;44383
60;2014-03-26 15:33:00;909402N262;8568;44.525;44;236;236;236;237;12.081;50.01;529.7;6.562;633.4;3.478;774.7;3.913;60;0;0;11.992;12.101;12.151;2832;2855;2879;50.01;50.01;50.01;12026;1000;0.0;0;0.0000;0;0;44525;44525;44525
60;2014-03-26 15:34:00;909402N262;8595;44.669;44;236;236;236;236;12.132;50.00;530.9;6.601;634.1;3.516;774.2;3.878;60;0;0;12.067;12.168;12.162;2848;2873;2873;50.00;50.00;50.00;12026;1000;0.0;0;0.0000;0;0;44669;44669;44669
60;2014-03-26 15:35:00;909402N262;8065;44.803;44;236;236;236;236;11.405;49.99;532.5;6.208;634.3;3.336;773.5;3.581;60;0;0;11.336;11.467;11.413;2672;2703;2688;49.99;49.99;49.99;12026;1000;0.0;0;0.0000;0;0;44803;44803;44803
60;2014-03-26 15:36:00;909402N262;7891;44.935;44;236;236;236;235;11.159;49.98;534.5;6.048;634.7;3.261;774.7;3.498;60;0;0;11.101;11.222;11.154;2619;2645;2624;49.98;49.98;49.98;12026;1000;0.0;0;0.0000;0;0;44935;44935;44935
60;2014-03-26 15:37:00;909402N262;7630;45.062;44;236;236;236;235;10.786;49.99;536.7;5.829;634.9;3.133;775.7;3.390;60;0;0;10.736;10.855;10.769;2532;2563;2532;49.99;49.99;49.99;12026;1000;0.0;0;0.0000;0;0;45062;45062;45062
60;2014-03-26 15:38:00;909402N262;7065;45.181;44;236;236;237;235;9.995;50.00;538.0;5.366;634.0;2.931;775.8;3.134;60;0;0;9.940;10.058;9.988;2340;2378;2346;50.00;50.00;50.00;12026;1000;0.0;0;0.0000;0;0;45181;45181;45181
60;2014-03-26 15:39:00;909402N262;7897;45.313;44;236;236;236;235;11.172;50.00;537.8;6.020;636.2;3.195;778.2;3.539;60;0;0;11.122;11.231;11.163;2623;2650;2622;50.00;50.00;50.00;12026;1000;0.0;0;0.0000;0;0;45313;45313;45313
60;2014-03-26 15:40:00;909402N262;7791;45.444;44;236;236;236;236;11.016;50.00;538.2;5.949;636.3;3.137;778.2;3.494;60;0;0;10.974;11.062;11.014;2591;2607;2591;50.00;50.00;50.00;12026;1000;0.0;0;0.0000;0;0;45444;45444;45444
60;2014-03-26 15:41:00;909402N262;7565;45.569;44;236;236;236;236;10.700;49.99;538.9;5.777;636.1;3.045;778.2;3.381;60;0;0;10.648;10.756;10.698;2510;2535;2517;49.99;49.99;49.99;12026;1000;0.0;0;0.0000;0;0;45569;45569;45569
60;2014-03-26 15:42:00;909402N262;7020;45.686;44;236;236;236;236;9.938;49.99;540.4;5.337;636.2;2.802;778.5;3.160;60;0;0;9.879;9.998;9.937;2325;2357;2336;49.99;49.99;49.99;12026;1000;0.0;0;0.0000;0;0;45686;45686;45686
60;2014-03-26 15:43:00;909402N262;7543;45.812;44;236;236;236;236;10.654;50.00;540.6;5.736;637.3;3.029;779.6;3.376;60;0;0;10.594;10.693;10.677;2499;2522;2519;50.00;50.00;50.00;12026;1000;0.0;0;0.0000;0;0;45812;45812;45812
60;2014-03-26 15:44:00;909402N262;7506;45.936;44;236;236;236;236;10.601;50.00;541.1;5.694;637.9;3.014;779.7;3.361;60;0;0;10.533;10.640;10.632;2486;2510;2509;50.00;50.00;50.00;12026;1000;0.0;0;0.0000;0;0;45936;45936;45936
60;2014-03-26 15:45:00;909402N262;7195;46.055;44;235;235;236;235;10.198;50.01;542.5;5.440;637.6;2.902;778.9;3.216;60;0;0;10.119;10.260;10.216;2376;2417;2401;50.01;50.01;50.01;12026;1000;0.0;0;0.0000;0;0;46055;46055;46055
60;2014-03-26 15:46:00;909402N262;5443;46.145;44;235;235;236;236;7.741;50.01;545.6;4.108;619.2;2.275;771.9;2.399;60;0;0;7.649;7.812;7.762;1790;1828;1822;50.01;50.01;50.01;12026;1000;0.0;0;0.0000;0;0;46145;46145;46145
60;2014-03-26 15:47:00;909402N262;2275;46.183;44;235;234;235;235;3.292;50.01;522.1;1.682;620.2;1.054;759.0;1.009;60;0;0;3.218;3.331;3.328;738;767;768;50.01;50.01;50.01;12026;1000;0.0;0;0.0000;0;0;46183;46183;46183
60;2014-03-26 15:48:00;909402N262;2194;46.219;44;235;234;235;236;3.179;50.00;524.3;1.606;622.9;1.017;759.7;0.973;60;0;0;3.110;3.218;3.210;714;738;741;50.00;50.00;50.00;12026;1000;0.0;0;0.0000;0;0;46219;46219;46219
60;2014-03-26 15:49:00;909402N262;2598;46.264;44;235;235;235;236;3.740;50.00;545.3;1.854;628.4;1.142;769.8;1.161;60;0;0;3.677;3.775;3.769;849;873;873;50.00;50.00;50.00;12026;1000;0.0;0;0.0000;0;0;46264;46264;46264
60;2014-03-26 15:50:00;909402N262;2714;46.308;44;235;235;235;236;3.906;50.00;543.9;1.982;633.2;1.275;766.6;1.117;60;0;0;3.836;3.953;3.930;887;914;911;50.00;50.00;50.00;12026;1000;0.0;0;0.0000;0;0;46308;46308;46308
60;2014-03-26 15:51:00;909402N262;1923;46.341;44;235;235;235;235;2.802;49.99;545.4;1.355;627.1;0.884;766.5;0.842;60;0;0;2.738;2.852;2.817;624;652;644;49.99;49.99;49.99;12026;1000;0.0;0;0.0000;0;0;46341;46341;46341
60;2014-03-26 15:52:00;909402N262;1864;46.372;44;235;235;235;235;2.722;50.00;546.1;1.306;632.2;0.847;768.2;0.820;60;0;0;2.668;2.769;2.731;607;633;623;50.00;50.00;50.00;12026;1000;0.0;0;0.0000;0;0;46372;46372;46372
60;2014-03-26 15:53:00;909402N262;1835;46.402;44;235;235;235;236;2.685;50.00;547.0;1.281;639.3;0.823;768.3;0.809;60;0;0;2.630;2.723;2.703;596;620;617;50.00;50.00;50.00;12026;1000;0.0;0;0.0000;0;0;46402;46402;46402
60;2014-03-26 15:54:00;909402N262;1799;46.432;44;235;235;235;236;2.637;50.00;548.5;1.250;645.5;0.797;768.9;0.796;60;0;0;2.585;2.671;2.656;585;607;606;50.00;50.00;50.00;12026;1000;0.0;0;0.0000;0;0;46432;46432;46432
60;2014-03-26 15:55:00;909402N262;1737;46.461;43;235;235;235;236;2.551;50.01;552.2;1.197;647.7;0.767;769.1;0.770;60;0;0;2.494;2.587;2.573;564;586;585;50.00;50.00;50.00;12026;1000;0.0;0;0.0000;0;0;46461;46461;46461
60;2014-03-26 15:56:00;909402N262;1665;46.488;43;235;235;235;236;2.451;50.01;567.3;1.116;647.9;0.734;768.7;0.739;60;0;0;2.402;2.484;2.468;541;562;560;50.01;50.01;50.01;12026;1000;0.0;0;0.0000;0;0;46488;46488;46488
60;2014-03-26 15:57:00;909402N262;1580;46.515;43;235;235;235;236;2.332;50.00;567.5;1.060;644.2;0.702;769.2;0.698;60;0;0;2.282;2.366;2.349;514;533;531;50.00;50.00;50.00;12026;1000;0.0;0;0.0000;0;0;46515;46515;46515
60;2014-03-26 15:58:00;909402N262;1501;46.541;43;235;235;235;236;2.220;50.01;568.1;1.012;636.8;0.673;768.3;0.661;60;0;0;2.166;2.257;2.238;487;508;505;50.01;50.01;50.01;12026;1000;0.0;0;0.0000;0;0;46541;46541;46541
60;2014-03-26 15:59:00;909402N262;1453;46.565;43;235;235;235;236;2.151;50.00;567.6;0.985;634.3;0.651;768.2;0.637;60;0;0;2.101;2.186;2.167;471;491;489;50.00;50.00;50.00;12026;1000;0.0;0;0.0000;0;0;46565;46565;46565
60;2014-03-26 16:00:00;909402N262;1434;46.588;43;236;236;235;236;2.136;50.01;570.0;0.974;635.5;0.640;769.2;0.628;60;0;0;2.088;2.171;2.151;465;485;483;50.01;50.01;50.01;12026;1000;0.0;0;0.0000;0;0;46588;46588;46588
[wr_ende]
