20140305;100002;danfoss;My Plant;+0100
[wr_def_start]
909402N262;Inverter Type;Inverter Group;Hanzl
[wr_def_end]
[wr]
INTERVAL;TIMESTAMP;SERIAL;P_AC;E_DAY;T_WR;U_AC;U_AC_1;U_AC_2;U_AC_3;I_AC;F_AC;U_DC_1;I_DC_1;U_DC_2;I_DC_2;U_DC_3;I_DC_3;S;E_WR;M_WR;I_AC_1;I_AC_2;I_AC_3;P_AC_1;P_AC_2;P_AC_3;F_AC_1;F_AC_2;F_AC_3;R_DC;PC;PCS;PCS_LL;COS_PHI;COS_PHI_LL;S_COS_PHI;Current_Day_Energy;current_Day_Offset;ccEnergyOfDay_WithoutOffset
60;2014-03-05 09:01:00;909402N262;2195;1.779;28;234;233;234;234;3.186;50.00;577.0;1.477;676.2;0.975;794.4;0.888;60;0;0;3.115;3.234;3.211;712;742;739;50.00;50.00;50.00;7897;1000;0.0;0;0.0000;0;0;1779;1779;1779
60;2014-03-05 09:02:00;909402N262;2285;1.817;28;233;232;233;234;3.325;50.00;586.9;1.501;685.7;1.025;795.2;0.907;60;0;0;3.260;3.361;3.356;743;769;770;50.00;50.00;50.00;7897;1000;0.0;0;0.0000;0;0;1817;1817;1817
60;2014-03-05 09:03:00;909402N262;2298;1.855;28;233;232;233;234;3.343;50.01;586.5;1.516;684.9;1.020;795.2;0.917;60;0;0;3.277;3.381;3.372;747;775;774;50.01;50.01;50.01;7897;1000;0.0;0;0.0000;0;0;1855;1855;1855
60;2014-03-05 09:04:00;909402N262;2275;1.894;28;233;232;234;233;3.311;49.99;576.9;1.538;683.7;0.984;795.1;0.925;60;0;0;3.235;3.365;3.335;736;772;764;49.99;49.99;49.99;7897;1000;0.0;0;0.0000;0;0;1894;1894;1894
60;2014-03-05 09:05:00;909402N262;2313;1.932;28;233;231;234;233;3.366;49.98;581.7;1.551;683.4;1.006;795.3;0.937;60;0;0;3.285;3.429;3.386;745;789;777;49.98;49.98;49.98;7897;1000;0.0;0;0.0000;0;0;1932;1932;1932
60;2014-03-05 09:06:00;909402N262;2289;1.971;28;233;231;234;233;3.332;50.00;594.7;1.512;682.3;0.972;795.2;0.938;60;0;0;3.246;3.393;3.358;736;780;771;50.00;50.00;50.00;7897;1000;0.0;0;0.0000;0;0;1971;1971;1971
60;2014-03-05 09:07:00;909402N262;2273;2.008;28;233;231;234;233;3.308;50.01;593.5;1.509;682.4;0.959;795.3;0.934;60;0;0;3.218;3.365;3.341;730;774;766;50.01;50.01;50.01;7897;1000;0.0;0;0.0000;0;0;2008;2008;2008
60;2014-03-05 09:08:00;909402N262;2233;2.045;28;233;231;234;233;3.253;50.02;589.8;1.495;681.1;0.939;795.1;0.918;60;0;0;3.175;3.303;3.283;720;758;753;50.02;50.02;50.02;7897;1000;0.0;0;0.0000;0;0;2045;2045;2045
60;2014-03-05 09:09:00;909402N262;2182;2.081;28;233;231;234;233;3.183;50.01;587.0;1.472;680.2;0.915;794.9;0.897;60;0;0;3.102;3.234;3.213;704;741;735;50.01;50.01;50.01;7897;1000;0.0;0;0.0000;0;0;2081;2081;2081
60;2014-03-05 09:10:00;909402N262;2153;2.117;28;233;231;234;233;3.140;50.00;586.3;1.455;679.7;0.904;794.9;0.886;60;0;0;3.062;3.200;3.159;694;734;723;50.00;50.00;50.00;7897;1000;0.0;0;0.0000;0;0;2117;2117;2117
60;2014-03-05 09:11:00;909402N262;2161;2.153;29;233;231;234;233;3.151;50.00;587.0;1.456;679.6;0.910;794.9;0.887;60;0;0;3.077;3.205;3.172;698;735;726;50.00;50.00;50.00;7897;1000;0.0;0;0.0000;0;0;2153;2153;2153
60;2014-03-05 09:12:00;909402N262;2173;2.189;29;233;231;234;233;3.169;50.00;586.3;1.466;679.0;0.914;794.9;0.895;60;0;0;3.089;3.220;3.198;699;739;732;50.00;50.00;50.00;7897;1000;0.0;0;0.0000;0;0;2189;2189;2189
60;2014-03-05 09:13:00;909402N262;2182;2.226;29;233;231;234;234;3.178;50.01;585.7;1.473;678.7;0.919;794.9;0.898;60;0;0;3.098;3.224;3.214;703;740;737;50.01;50.01;50.01;7897;1000;0.0;0;0.0000;0;0;2226;2226;2226
60;2014-03-05 09:14:00;909402N262;2172;2.262;29;233;231;234;234;3.168;50.01;585.3;1.467;678.4;0.916;794.8;0.895;60;0;0;3.089;3.213;3.203;701;736;734;50.01;50.01;50.01;7897;1000;0.0;0;0.0000;0;0;2262;2262;2262
60;2014-03-05 09:15:00;909402N262;2141;2.297;29;233;232;234;234;3.121;50.01;594.9;1.424;677.7;0.901;794.9;0.882;60;0;0;3.047;3.169;3.149;693;725;722;50.01;50.01;50.01;7897;1000;0.0;0;0.0000;0;0;2297;2297;2297
60;2014-03-05 09:16:00;909402N262;2082;2.332;29;233;232;233;234;3.040;49.99;595.7;1.383;671.6;0.883;787.3;0.865;60;0;0;2.969;3.087;3.066;674;706;701;49.99;49.99;49.99;7897;1000;0.0;0;0.0000;0;0;2332;2332;2332
60;2014-03-05 09:17:00;909402N262;2051;2.365;29;233;232;233;234;2.995;50.00;598.1;1.357;676.8;0.863;795.4;0.844;60;0;0;2.930;3.030;3.026;666;691;692;50.00;50.00;50.00;7897;1000;0.0;0;0.0000;0;0;2365;2365;2365
60;2014-03-05 09:18:00;909402N262;2009;2.400;29;233;232;233;234;2.943;50.00;596.6;1.334;676.2;0.844;795.2;0.828;60;0;0;2.877;2.981;2.972;651;677;678;50.00;50.00;50.00;7897;1000;0.0;0;0.0000;0;0;2400;2400;2400
60;2014-03-05 09:19:00;909402N262;1977;2.433;29;233;232;233;234;2.902;49.99;595.8;1.315;675.7;0.831;794.9;0.814;60;0;0;2.834;2.950;2.923;640;670;666;49.99;49.99;49.99;7897;1000;0.0;0;0.0000;0;0;2433;2433;2433
60;2014-03-05 09:20:00;909402N262;1958;2.466;29;233;232;233;233;2.876;50.01;594.8;1.306;675.5;0.823;795.1;0.806;60;0;0;2.811;2.918;2.901;634;662;661;50.01;50.01;50.01;7897;1000;0.0;0;0.0000;0;0;2466;2466;2466
60;2014-03-05 09:21:00;909402N262;1956;2.498;29;232;231;232;233;2.877;50.01;593.9;1.306;675.6;0.823;795.0;0.805;60;0;0;2.817;2.920;2.895;634;662;659;50.01;50.01;50.01;7897;1000;0.0;0;0.0000;0;0;2498;2498;2498
60;2014-03-05 09:22:00;909402N262;1969;2.531;29;232;231;233;233;2.894;50.01;593.4;1.314;675.5;0.829;795.1;0.810;60;0;0;2.825;2.941;2.916;636;668;663;50.01;50.01;50.01;7897;1000;0.0;0;0.0000;0;0;2531;2531;2531
60;2014-03-05 09:23:00;909402N262;1987;2.563;29;232;231;234;233;2.919;50.01;593.3;1.325;675.6;0.837;795.1;0.819;60;0;0;2.843;2.976;2.938;639;678;668;50.01;50.01;50.01;7897;1000;0.0;0;0.0000;0;0;2563;2563;2563
60;2014-03-05 09:24:00;909402N262;2001;2.597;29;232;230;233;233;2.939;50.02;593.6;1.333;675.5;0.844;795.1;0.825;60;0;0;2.866;2.987;2.964;644;680;675;50.02;50.02;50.02;7897;1000;0.0;0;0.0000;0;0;2597;2597;2597
60;2014-03-05 09:25:00;909402N262;2004;2.630;29;233;231;234;233;2.939;50.01;593.6;1.335;675.4;0.844;795.1;0.827;60;0;0;2.869;2.992;2.958;647;681;673;50.01;50.01;50.01;7897;1000;0.0;0;0.0000;0;0;2630;2630;2630
60;2014-03-05 09:26:00;909402N262;1996;2.664;29;233;232;233;233;2.927;50.01;593.4;1.330;675.4;0.841;795.1;0.824;60;0;0;2.862;2.969;2.951;647;676;672;50.01;50.01;50.01;7897;1000;0.0;0;0.0000;0;0;2664;2664;2664
60;2014-03-05 09:27:00;909402N262;1990;2.698;29;233;233;233;233;2.913;50.01;593.1;1.327;675.4;0.838;795.2;0.821;60;0;0;2.855;2.954;2.931;648;673;668;50.01;50.01;50.01;7897;1000;0.0;0;0.0000;0;0;2698;2698;2698
60;2014-03-05 09:28:00;909402N262;1988;2.730;30;233;232;233;233;2.914;50.00;592.2;1.327;675.5;0.836;795.1;0.820;60;0;0;2.853;2.958;2.933;646;672;667;50.00;50.00;50.00;7897;1000;0.0;0;0.0000;0;0;2730;2730;2730
60;2014-03-05 09:29:00;909402N262;1981;2.763;30;233;232;233;233;2.907;50.01;591.1;1.327;675.3;0.832;795.1;0.818;60;0;0;2.850;2.941;2.930;645;668;666;50.01;50.01;50.01;7897;1000;0.0;0;0.0000;0;0;2763;2763;2763
60;2014-03-05 09:30:00;909402N262;1971;2.796;30;233;232;233;233;2.893;50.00;590.3;1.324;675.0;0.826;795.1;0.813;60;0;0;2.831;2.933;2.915;641;666;662;50.00;50.00;50.00;7897;1000;0.0;0;0.0000;0;0;2796;2796;2796
60;2014-03-05 09:31:00;909402N262;1928;2.828;30;232;232;233;233;2.829;49.98;584.6;1.316;657.5;0.822;789.3;0.806;60;0;0;2.768;2.879;2.841;627;653;646;49.98;49.98;49.98;7897;1000;0.0;0;0.0000;0;0;2828;2828;2828
60;2014-03-05 09:32:00;909402N262;1930;2.861;30;233;232;233;233;2.817;49.99;587.6;1.306;674.5;0.808;794.7;0.795;60;0;0;2.767;2.863;2.823;629;654;645;49.99;49.99;49.99;7897;1000;0.0;0;0.0000;0;0;2861;2861;2861
60;2014-03-05 09:33:00;909402N262;1907;2.892;30;232;232;233;233;2.791;49.99;586.5;1.293;674.7;0.799;794.9;0.787;60;0;0;2.742;2.844;2.788;621;649;636;49.99;49.99;49.99;7897;1000;0.0;0;0.0000;0;0;2892;2892;2892
60;2014-03-05 09:34:00;909402N262;1892;2.924;30;232;232;233;233;2.767;49.99;585.7;1.284;674.6;0.793;795.1;0.780;60;0;0;2.719;2.809;2.775;617;641;632;49.99;49.99;49.99;7897;1000;0.0;0;0.0000;0;0;2924;2924;2924
60;2014-03-05 09:35:00;909402N262;1876;2.955;30;232;231;233;233;2.749;49.99;585.9;1.272;674.0;0.789;795.2;0.774;60;0;0;2.693;2.810;2.745;608;640;625;49.99;49.99;49.99;7897;1000;0.0;0;0.0000;0;0;2955;2955;2955
60;2014-03-05 09:36:00;909402N262;1858;2.987;30;232;232;233;233;2.724;50.00;586.3;1.257;673.7;0.783;795.2;0.766;60;0;0;2.689;2.787;2.697;608;634;614;50.00;50.00;50.00;7897;1000;0.0;0;0.0000;0;0;2987;2987;2987
60;2014-03-05 09:37:00;909402N262;1841;3.017;30;232;232;233;233;2.702;49.99;586.8;1.242;673.4;0.777;795.0;0.758;60;0;0;2.656;2.764;2.688;600;627;611;49.99;49.99;49.99;7897;1000;0.0;0;0.0000;0;0;3017;3017;3017
60;2014-03-05 09:38:00;909402N262;1818;3.048;30;232;232;232;233;2.671;49.99;587.2;1.225;672.8;0.769;794.6;0.750;60;0;0;2.607;2.726;2.681;589;617;610;49.99;49.99;49.99;7897;1000;0.0;0;0.0000;0;0;3048;3048;3048
60;2014-03-05 09:39:00;909402N262;1793;3.077;30;232;232;232;233;2.640;49.99;587.4;1.207;672.7;0.758;794.1;0.740;60;0;0;2.595;2.691;2.636;585;607;599;49.99;49.99;49.99;7897;1000;0.0;0;0.0000;0;0;3077;3077;3077
60;2014-03-05 09:40:00;909402N262;1767;3.107;30;232;232;232;233;2.609;50.01;587.6;1.188;672.3;0.748;793.2;0.730;60;0;0;2.556;2.653;2.620;575;596;594;50.01;50.01;50.01;7897;1000;0.0;0;0.0000;0;0;3107;3107;3107
60;2014-03-05 09:41:00;909402N262;1742;3.136;30;232;232;232;233;2.570;50.02;587.9;1.170;671.9;0.738;792.7;0.720;60;0;0;2.527;2.610;2.575;570;587;583;50.02;50.02;50.02;7897;1000;0.0;0;0.0000;0;0;3136;3136;3136
60;2014-03-05 09:42:00;909402N262;1717;3.164;30;232;232;231;233;2.537;50.03;588.0;1.153;671.4;0.727;791.6;0.711;60;0;0;2.499;2.580;2.534;561;579;574;50.03;50.03;50.03;7897;1000;0.0;0;0.0000;0;0;3164;3164;3164
60;2014-03-05 09:43:00;909402N262;1693;3.193;30;232;232;231;233;2.508;50.02;588.0;1.136;670.7;0.717;790.0;0.703;60;0;0;2.462;2.546;2.517;551;571;568;50.02;50.02;50.02;7897;1000;0.0;0;0.0000;0;0;3193;3193;3193
60;2014-03-05 09:44:00;909402N262;1670;3.220;30;232;231;231;232;2.477;50.02;588.4;1.121;670.4;0.708;791.9;0.692;60;0;0;2.429;2.510;2.492;544;562;563;50.02;50.02;50.02;7897;1000;0.0;0;0.0000;0;0;3220;3220;3220
60;2014-03-05 09:45:00;909402N262;1652;3.248;30;232;231;231;233;2.440;50.02;588.4;1.109;670.2;0.701;793.4;0.683;60;0;0;2.389;2.473;2.459;537;554;559;50.02;50.02;50.02;7897;1000;0.0;0;0.0000;0;0;3248;3248;3248
60;2014-03-05 09:46:00;909402N262;1618;3.275;30;231;231;230;233;2.405;50.00;583.5;1.099;655.3;0.696;788.5;0.679;60;0;0;2.363;2.433;2.419;529;541;546;50.00;50.00;50.00;7897;1000;0.0;0;0.0000;0;0;3275;3275;3275
60;2014-03-05 09:47:00;909402N262;1616;3.302;30;232;232;231;233;2.434;50.02;588.2;1.086;669.7;0.686;787.1;0.674;60;0;0;2.389;2.463;2.452;527;542;546;50.02;50.02;50.02;7897;1000;0.0;0;0.0000;0;0;3302;3302;3302
60;2014-03-05 09:48:00;909402N262;1596;3.329;31;232;232;232;233;2.408;50.02;588.0;1.073;669.2;0.678;785.9;0.667;60;0;0;2.357;2.446;2.422;519;538;537;50.02;50.02;50.02;7897;1000;0.0;0;0.0000;0;0;3329;3329;3329
60;2014-03-05 09:49:00;909402N262;1577;3.355;31;232;232;231;233;2.379;50.02;587.6;1.061;668.5;0.670;785.0;0.660;60;0;0;2.331;2.416;2.392;514;530;531;50.02;50.02;50.02;7897;1000;0.0;0;0.0000;0;0;3355;3355;3355
60;2014-03-05 09:50:00;909402N262;1558;3.381;31;232;232;231;233;2.352;50.02;587.4;1.047;667.9;0.663;784.6;0.651;60;0;0;2.300;2.389;2.368;506;524;526;50.02;50.02;50.02;7897;1000;0.0;0;0.0000;0;0;3381;3381;3381
60;2014-03-05 09:51:00;909402N262;1540;3.407;31;232;232;232;234;2.327;50.03;587.2;1.037;667.6;0.656;783.0;0.645;60;0;0;2.274;2.358;2.349;499;518;520;50.03;50.03;50.03;7897;1000;0.0;0;0.0000;0;0;3407;3407;3407
60;2014-03-05 09:52:00;909402N262;1533;3.432;31;232;231;232;234;2.314;50.02;587.4;1.031;667.6;0.653;783.9;0.641;60;0;0;2.258;2.352;2.332;496;517;518;50.02;50.02;50.02;7897;1000;0.0;0;0.0000;0;0;3432;3432;3432
60;2014-03-05 09:53:00;909402N262;1533;3.458;31;233;232;233;234;2.313;50.03;587.8;1.032;667.5;0.653;783.9;0.641;60;0;0;2.256;2.344;2.340;495;516;520;50.03;50.03;50.03;7897;1000;0.0;0;0.0000;0;0;3458;3458;3458
60;2014-03-05 09:54:00;909402N262;1539;3.484;31;232;232;232;233;2.323;50.01;587.9;1.035;667.8;0.655;782.9;0.644;60;0;0;2.267;2.368;2.334;499;521;517;50.01;50.01;50.01;7897;1000;0.0;0;0.0000;0;0;3484;3484;3484
60;2014-03-05 09:55:00;909402N262;1552;3.509;31;232;232;232;233;2.343;50.01;587.8;1.045;667.8;0.661;784.2;0.649;60;0;0;2.294;2.388;2.347;505;526;520;50.01;50.01;50.01;7897;1000;0.0;0;0.0000;0;0;3509;3509;3509
60;2014-03-05 09:56:00;909402N262;1571;3.536;31;232;232;232;232;2.375;50.01;587.5;1.059;668.5;0.668;784.8;0.657;60;0;0;2.331;2.416;2.379;513;530;527;50.01;50.01;50.01;7897;1000;0.0;0;0.0000;0;0;3536;3536;3536
60;2014-03-05 09:57:00;909402N262;1594;3.563;31;232;232;232;232;2.404;50.01;587.1;1.075;668.8;0.677;785.1;0.666;60;0;0;2.357;2.446;2.410;520;539;533;50.01;50.01;50.01;7897;1000;0.0;0;0.0000;0;0;3563;3563;3563
60;2014-03-05 09:58:00;909402N262;1616;3.589;31;232;232;233;232;2.435;50.01;587.1;1.090;669.3;0.686;786.0;0.674;60;0;0;2.388;2.481;2.438;527;548;539;50.01;50.01;50.01;7897;1000;0.0;0;0.0000;0;0;3589;3589;3589
60;2014-03-05 09:59:00;909402N262;1636;3.617;31;232;232;233;232;2.454;50.00;587.3;1.103;669.6;0.694;790.0;0.679;60;0;0;2.414;2.495;2.454;535;553;545;50.00;50.00;50.00;7897;1000;0.0;0;0.0000;0;0;3617;3617;3617
60;2014-03-05 10:00:00;909402N262;1647;3.644;31;232;232;233;232;2.461;49.99;587.9;1.109;669.5;0.698;792.7;0.682;60;0;0;2.420;2.513;2.451;539;560;547;49.99;49.99;49.99;7897;1000;0.0;0;0.0000;0;0;3644;3644;3644
[wr_ende]
