20140219;130009;danfoss;My Plant;+0100
[wr_def_start]
909402N262;Inverter Type;Inverter Group;Hanzl
[wr_def_end]
[wr]
INTERVAL;TIMESTAMP;SERIAL;P_AC;E_DAY;T_WR;U_AC;U_AC_1;U_AC_2;U_AC_3;I_AC;F_AC;U_DC_1;I_DC_1;U_DC_2;I_DC_2;U_DC_3;I_DC_3;S;E_WR;M_WR;I_AC_1;I_AC_2;I_AC_3;P_AC_1;P_AC_2;P_AC_3;F_AC_1;F_AC_2;F_AC_3;R_DC;PC;PCS;PCS_LL;COS_PHI;COS_PHI_LL;S_COS_PHI;Current_Day_Energy;current_Day_Offset;ccEnergyOfDay_WithoutOffset
60;2014-02-19 12:01:00;909402N262;415;3.431;32;234;234;235;234;0.737;49.97;551.4;0.308;612.0;0.197;741.5;0.182;60;0;0;0.730;0.817;0.666;136;152;126;49.97;49.97;49.97;11178;1000;0.0;0;0.0000;0;0;3431;3431;3431
60;2014-02-19 12:02:00;909402N262;404;3.438;32;233;233;233;233;0.722;49.97;550.0;0.299;616.9;0.187;742.0;0.176;60;0;0;0.700;0.822;0.644;130;152;120;49.97;49.97;49.97;11178;1000;0.0;0;0.0000;0;0;3438;3438;3438
60;2014-02-19 12:03:00;909402N262;406;3.444;32;231;231;231;231;0.725;49.98;550.2;0.303;616.3;0.187;742.5;0.177;60;0;0;0.721;0.816;0.638;134;152;118;49.98;49.98;49.98;11178;1000;0.0;0;0.0000;0;0;3444;3444;3444
60;2014-02-19 12:04:00;909402N262;421;3.452;32;231;231;232;231;0.744;50.00;551.5;0.314;617.7;0.193;751.3;0.182;60;0;0;0.744;0.835;0.653;140;158;122;50.00;50.00;50.00;11178;1000;0.0;0;0.0000;0;0;3452;3452;3452
60;2014-02-19 12:05:00;909402N262;442;3.459;32;231;231;232;232;0.781;50.00;553.1;0.328;621.4;0.202;753.4;0.190;60;0;0;0.786;0.827;0.731;147;156;137;50.00;50.00;50.00;11178;1000;0.0;0;0.0000;0;0;3459;3459;3459
60;2014-02-19 12:06:00;909402N262;464;3.467;32;232;231;232;232;0.820;50.01;555.5;0.341;625.1;0.211;759.7;0.199;60;0;0;0.800;0.867;0.795;150;163;149;50.01;50.01;50.01;11178;1000;0.0;0;0.0000;0;0;3467;3467;3467
60;2014-02-19 12:07:00;909402N262;473;3.474;32;232;229;233;232;0.838;50.01;557.6;0.345;628.5;0.216;752.5;0.206;60;0;0;0.827;0.884;0.805;154;166;152;50.01;50.01;50.01;11178;1000;0.0;0;0.0000;0;0;3474;3474;3474
60;2014-02-19 12:08:00;909402N262;470;3.483;32;231;230;233;232;0.832;50.01;556.8;0.343;629.2;0.214;758.9;0.202;60;0;0;0.803;0.877;0.818;150;164;154;50.01;50.01;50.01;11178;1000;0.0;0;0.0000;0;0;3483;3483;3483
60;2014-02-19 12:09:00;909402N262;454;3.490;32;232;229;233;233;0.804;50.00;555.0;0.333;628.2;0.208;754.8;0.195;60;0;0;0.779;0.853;0.780;145;160;147;50.00;50.00;50.00;11178;1000;0.0;0;0.0000;0;0;3490;3490;3490
60;2014-02-19 12:10:00;909402N262;436;3.496;32;232;229;233;233;0.775;50.01;554.1;0.322;624.5;0.201;750.1;0.187;60;0;0;0.758;0.853;0.716;142;159;134;50.01;50.01;50.01;11178;1000;0.0;0;0.0000;0;0;3496;3496;3496
60;2014-02-19 12:11:00;909402N262;428;3.505;31;232;230;233;232;0.762;50.01;554.0;0.318;622.4;0.198;744.2;0.185;60;0;0;0.751;0.832;0.704;141;156;130;50.01;50.01;50.01;11178;1000;0.0;0;0.0000;0;0;3505;3505;3505
60;2014-02-19 12:12:00;909402N262;428;3.512;31;232;231;233;232;0.760;50.01;554.9;0.319;621.2;0.197;744.7;0.185;60;0;0;0.747;0.857;0.676;141;160;125;50.01;50.01;50.01;11178;1000;0.0;0;0.0000;0;0;3512;3512;3512
60;2014-02-19 12:13:00;909402N262;426;3.519;31;232;231;233;232;0.754;50.01;556.2;0.317;619.8;0.195;752.9;0.182;60;0;0;0.744;0.845;0.674;140;157;126;50.01;50.01;50.01;11178;1000;0.0;0;0.0000;0;0;3519;3519;3519
60;2014-02-19 12:14:00;909402N262;429;3.526;31;232;231;233;233;0.754;50.02;558.6;0.320;619.2;0.196;754.3;0.181;60;0;0;0.763;0.824;0.677;145;154;127;50.02;50.02;50.02;11178;1000;0.0;0;0.0000;0;0;3526;3526;3526
60;2014-02-19 12:15:00;909402N262;451;3.533;31;232;232;232;232;0.798;50.02;562.0;0.335;621.6;0.205;754.0;0.191;60;0;0;0.785;0.856;0.754;147;161;141;50.02;50.02;50.02;11178;1000;0.0;0;0.0000;0;0;3533;3533;3533
60;2014-02-19 12:16:00;909402N262;492;3.541;31;232;232;233;232;0.860;50.00;559.5;0.364;610.0;0.224;760.8;0.209;60;0;0;0.859;0.905;0.816;162;173;155;50.00;50.00;50.00;11178;1000;0.0;0;0.0000;0;0;3541;3541;3541
60;2014-02-19 12:17:00;909402N262;550;3.551;31;232;232;232;233;0.979;50.00;569.6;0.397;632.6;0.247;769.0;0.231;60;0;0;0.948;1.037;0.953;177;193;178;50.00;50.00;50.00;11178;1000;0.0;0;0.0000;0;0;3551;3551;3551
60;2014-02-19 12:18:00;909402N262;600;3.560;31;232;232;232;233;1.062;50.01;572.5;0.425;638.2;0.269;771.6;0.252;60;0;0;1.025;1.144;1.017;192;215;191;50.01;50.01;50.01;11178;1000;0.0;0;0.0000;0;0;3560;3560;3560
60;2014-02-19 12:19:00;909402N262;630;3.572;31;233;232;233;233;1.109;50.01;574.7;0.444;644.3;0.281;774.0;0.265;60;0;0;1.066;1.157;1.106;200;218;210;50.01;50.01;50.01;11178;1000;0.0;0;0.0000;0;0;3572;3572;3572
60;2014-02-19 12:20:00;909402N262;654;3.582;31;232;232;233;233;1.142;50.02;576.0;0.460;646.5;0.291;776.1;0.274;60;0;0;1.101;1.168;1.158;209;223;221;50.02;50.02;50.02;11178;1000;0.0;0;0.0000;0;0;3582;3582;3582
60;2014-02-19 12:21:00;909402N262;681;3.593;31;233;232;233;233;1.181;50.02;577.0;0.478;647.9;0.302;778.4;0.285;60;0;0;1.135;1.210;1.198;217;232;230;50.02;50.02;50.02;11178;1000;0.0;0;0.0000;0;0;3593;3593;3593
60;2014-02-19 12:22:00;909402N262;710;3.605;31;233;232;233;233;1.223;50.02;578.4;0.497;649.4;0.313;780.8;0.295;60;0;0;1.198;1.247;1.225;230;240;237;50.02;50.02;50.02;11178;1000;0.0;0;0.0000;0;0;3605;3605;3605
60;2014-02-19 12:23:00;909402N262;747;3.618;31;233;232;234;233;1.275;50.02;579.0;0.524;650.8;0.329;785.2;0.309;60;0;0;1.264;1.305;1.256;245;254;246;50.02;50.02;50.02;11178;1000;0.0;0;0.0000;0;0;3618;3618;3618
60;2014-02-19 12:24:00;909402N262;803;3.631;31;233;232;234;233;1.347;50.01;580.8;0.559;652.5;0.351;789.1;0.331;60;0;0;1.333;1.405;1.304;262;280;260;50.01;50.01;50.01;11178;1000;0.0;0;0.0000;0;0;3631;3631;3631
60;2014-02-19 12:25:00;909402N262;869;3.645;31;233;233;234;233;1.402;50.00;583.1;0.599;655.1;0.380;792.2;0.358;60;0;0;1.376;1.427;1.403;283;298;287;50.00;50.00;50.00;11178;1000;0.0;0;0.0000;0;0;3645;3645;3645
60;2014-02-19 12:26:00;909402N262;922;3.662;31;233;233;234;234;1.440;50.00;585.0;0.628;657.7;0.405;793.5;0.380;60;0;0;1.388;1.480;1.453;293;318;310;50.00;50.00;50.00;11178;1000;0.0;0;0.0000;0;0;3662;3662;3662
60;2014-02-19 12:27:00;909402N262;941;3.677;31;233;232;234;233;1.477;50.01;586.4;0.636;662.4;0.412;793.0;0.389;60;0;0;1.426;1.510;1.495;301;322;317;50.01;50.01;50.01;11178;1000;0.0;0;0.0000;0;0;3677;3677;3677
60;2014-02-19 12:28:00;909402N262;931;3.693;31;233;233;234;233;1.460;50.02;586.5;0.627;665.2;0.404;793.3;0.385;60;0;0;1.427;1.490;1.463;300;319;310;50.02;50.02;50.02;11178;1000;0.0;0;0.0000;0;0;3693;3693;3693
60;2014-02-19 12:29:00;909402N262;923;3.708;31;233;233;233;233;1.466;50.02;586.2;0.626;664.0;0.400;790.8;0.382;60;0;0;1.428;1.491;1.479;298;314;308;50.02;50.02;50.02;11178;1000;0.0;0;0.0000;0;0;3708;3708;3708
60;2014-02-19 12:30:00;909402N262;952;3.724;31;233;233;233;232;1.484;50.02;586.2;0.650;660.2;0.414;793.7;0.391;60;0;0;1.441;1.518;1.493;306;326;318;50.02;50.02;50.02;11178;1000;0.0;0;0.0000;0;0;3724;3724;3724
60;2014-02-19 12:31:00;909402N262;1017;3.740;31;233;233;233;232;1.563;50.01;581.2;0.703;650.6;0.448;783.7;0.425;60;0;0;1.519;1.605;1.567;327;350;339;50.01;50.01;50.01;11178;1000;0.0;0;0.0000;0;0;3740;3740;3740
60;2014-02-19 12:32:00;909402N262;1115;3.759;31;233;233;232;232;1.672;50.00;586.6;0.754;665.2;0.483;794.5;0.460;60;0;0;1.643;1.705;1.669;364;379;370;50.00;50.00;50.00;11178;1000;0.0;0;0.0000;0;0;3759;3759;3759
60;2014-02-19 12:33:00;909402N262;1141;3.779;31;232;232;233;232;1.706;49.99;588.2;0.762;668.4;0.495;794.9;0.472;60;0;0;1.667;1.745;1.707;370;390;379;49.99;49.99;49.99;11178;1000;0.0;0;0.0000;0;0;3779;3779;3779
60;2014-02-19 12:34:00;909402N262;1020;3.795;31;232;232;232;232;1.559;49.99;588.1;0.682;671.3;0.437;793.8;0.424;60;0;0;1.519;1.602;1.557;329;351;338;49.99;49.99;49.99;11178;1000;0.0;0;0.0000;0;0;3795;3795;3795
60;2014-02-19 12:35:00;909402N262;948;3.811;31;232;232;233;232;1.463;49.99;588.2;0.630;674.0;0.407;793.5;0.398;60;0;0;1.430;1.493;1.467;307;323;317;49.99;49.99;49.99;11178;1000;0.0;0;0.0000;0;0;3811;3811;3811
60;2014-02-19 12:36:00;909402N262;916;3.826;31;232;232;233;232;1.428;49.99;587.0;0.609;670.9;0.399;792.6;0.381;60;0;0;1.403;1.442;1.439;298;310;306;49.99;49.99;49.99;11178;1000;0.0;0;0.0000;0;0;3826;3826;3826
60;2014-02-19 12:37:00;909402N262;881;3.841;32;233;232;234;232;1.394;50.01;570.6;0.605;662.9;0.390;791.8;0.365;60;0;0;1.380;1.414;1.390;288;302;289;50.01;50.01;50.01;11178;1000;0.0;0;0.0000;0;0;3841;3841;3841
60;2014-02-19 12:38:00;909402N262;874;3.855;32;233;232;233;233;1.397;50.00;571.4;0.602;661.3;0.385;790.3;0.364;60;0;0;1.381;1.415;1.395;286;298;288;50.00;50.00;50.00;11178;1000;0.0;0;0.0000;0;0;3855;3855;3855
60;2014-02-19 12:39:00;909402N262;892;3.870;32;232;232;233;232;1.384;49.99;573.2;0.614;662.0;0.389;794.5;0.370;60;0;0;1.347;1.410;1.395;286;305;299;49.99;49.99;49.99;11178;1000;0.0;0;0.0000;0;0;3870;3870;3870
60;2014-02-19 12:40:00;909402N262;915;3.887;32;233;232;233;233;1.422;50.00;569.9;0.638;661.4;0.398;792.6;0.379;60;0;0;1.393;1.447;1.426;296;312;305;50.00;50.00;50.00;11178;1000;0.0;0;0.0000;0;0;3887;3887;3887
60;2014-02-19 12:41:00;909402N262;985;3.902;32;232;232;233;233;1.505;49.99;587.9;0.669;662.6;0.425;794.0;0.407;60;0;0;1.467;1.537;1.513;317;337;330;49.99;49.99;49.99;11178;1000;0.0;0;0.0000;0;0;3902;3902;3902
60;2014-02-19 12:42:00;909402N262;1136;3.921;32;233;232;233;233;1.704;49.99;587.6;0.777;666.4;0.482;793.5;0.468;60;0;0;1.665;1.746;1.702;368;389;378;49.99;49.99;49.99;11178;1000;0.0;0;0.0000;0;0;3921;3921;3921
60;2014-02-19 12:43:00;909402N262;1352;3.944;32;232;232;233;233;2.012;49.99;587.3;0.929;670.5;0.568;786.8;0.560;60;0;0;1.960;2.047;2.031;436;458;455;49.99;49.99;49.99;11178;1000;0.0;0;0.0000;0;0;3944;3944;3944
60;2014-02-19 12:44:00;909402N262;1585;3.970;32;232;232;233;233;2.354;50.01;587.8;1.084;675.5;0.663;784.3;0.659;60;0;0;2.305;2.397;2.361;515;538;531;50.01;50.01;50.01;11178;1000;0.0;0;0.0000;0;0;3970;3970;3970
60;2014-02-19 12:45:00;909402N262;1771;4.001;32;232;232;233;233;2.618;50.00;589.6;1.201;678.3;0.744;789.3;0.732;60;0;0;2.561;2.676;2.619;574;605;591;50.00;50.00;50.00;11178;1000;0.0;0;0.0000;0;0;4001;4001;4001
60;2014-02-19 12:46:00;909402N262;1882;4.031;32;233;232;233;233;2.758;49.99;584.4;1.290;666.6;0.799;795.0;0.779;60;0;0;2.708;2.808;2.759;613;641;626;49.99;49.99;49.99;11178;1000;0.0;0;0.0000;0;0;4031;4031;4031
60;2014-02-19 12:47:00;909402N262;2061;4.066;32;233;232;233;233;3.020;50.00;591.9;1.410;680.4;0.857;794.8;0.839;60;0;0;2.960;3.061;3.039;671;697;692;50.00;50.00;50.00;11178;1000;0.0;0;0.0000;0;0;4066;4066;4066
60;2014-02-19 12:48:00;909402N262;2225;4.102;32;233;232;234;233;3.247;50.02;594.0;1.530;681.8;0.917;794.5;0.900;60;0;0;3.191;3.289;3.261;727;752;744;50.02;50.02;50.02;11178;1000;0.0;0;0.0000;0;0;4102;4102;4102
60;2014-02-19 12:49:00;909402N262;2496;4.144;32;233;233;234;233;3.623;50.01;594.7;1.728;683.3;1.018;795.4;1.007;60;0;0;3.567;3.659;3.644;817;842;835;50.01;50.01;50.01;11178;1000;0.0;0;0.0000;0;0;4144;4144;4144
60;2014-02-19 12:50:00;909402N262;2846;4.191;32;233;233;234;233;4.119;50.01;593.6;1.976;684.0;1.156;795.3;1.152;60;0;0;4.063;4.155;4.141;934;959;952;50.01;50.01;50.01;11178;1000;0.0;0;0.0000;0;0;4191;4191;4191
60;2014-02-19 12:51:00;909402N262;3059;4.243;32;233;233;234;233;4.422;50.01;594.1;2.104;683.5;1.253;795.4;1.244;60;0;0;4.361;4.465;4.442;1004;1030;1022;50.01;50.01;50.01;11178;1000;0.0;0;0.0000;0;0;4243;4243;4243
60;2014-02-19 12:52:00;909402N262;3222;4.297;32;233;232;234;233;4.659;50.01;595.3;2.195;683.9;1.329;795.5;1.315;60;0;0;4.593;4.706;4.680;1055;1087;1078;50.01;50.01;50.01;11178;1000;0.0;0;0.0000;0;0;4297;4297;4297
60;2014-02-19 12:53:00;909402N262;3257;4.350;32;233;233;234;233;4.707;50.02;596.2;2.199;683.6;1.353;795.5;1.332;60;0;0;4.635;4.756;4.730;1066;1099;1090;50.02;50.02;50.02;11178;1000;0.0;0;0.0000;0;0;4350;4350;4350
60;2014-02-19 12:54:00;909402N262;3355;4.407;32;233;232;234;233;4.845;50.02;594.4;2.284;683.4;1.389;795.4;1.371;60;0;0;4.773;4.898;4.866;1097;1133;1123;50.02;50.02;50.02;11178;1000;0.0;0;0.0000;0;0;4407;4407;4407
60;2014-02-19 12:55:00;909402N262;3422;4.463;32;233;233;234;233;4.941;50.03;591.8;2.360;682.9;1.404;795.4;1.395;60;0;0;4.869;4.992;4.963;1121;1154;1145;50.03;50.03;50.03;11178;1000;0.0;0;0.0000;0;0;4463;4463;4463
60;2014-02-19 12:56:00;909402N262;3362;4.520;32;233;232;234;233;4.860;50.02;589.5;2.346;681.6;1.371;795.5;1.367;60;0;0;4.785;4.915;4.882;1100;1136;1125;50.02;50.02;50.02;11178;1000;0.0;0;0.0000;0;0;4520;4520;4520
60;2014-02-19 12:57:00;909402N262;3352;4.575;32;233;233;234;233;4.845;50.02;587.7;2.372;680.4;1.352;795.4;1.358;60;0;0;4.772;4.900;4.864;1098;1132;1120;50.02;50.02;50.02;11178;1000;0.0;0;0.0000;0;0;4575;4575;4575
60;2014-02-19 12:58:00;909402N262;3252;4.629;32;233;233;234;233;4.707;50.02;586.3;2.319;677.4;1.309;795.3;1.316;60;0;0;4.646;4.746;4.729;1068;1094;1089;50.02;50.02;50.02;11178;1000;0.0;0;0.0000;0;0;4629;4629;4629
60;2014-02-19 12:59:00;909402N262;3054;4.680;32;233;233;234;233;4.417;50.03;584.7;2.179;674.2;1.235;795.3;1.236;60;0;0;4.350;4.465;4.436;1000;1031;1021;50.03;50.03;50.03;11178;1000;0.0;0;0.0000;0;0;4680;4680;4680
60;2014-02-19 13:00:00;909402N262;2875;4.729;32;233;233;234;233;4.158;50.01;584.0;2.044;672.8;1.171;795.4;1.165;60;0;0;4.092;4.207;4.175;940;971;962;50.01;50.01;50.01;11178;1000;0.0;0;0.0000;0;0;4729;4729;4729
[wr_ende]
