20140718;190004;danfoss;My Plant;+0100
[wr_def_start]
909402N262;Inverter Type;Inverter Group;Hanzl
[wr_def_end]
[wr]
INTERVAL;TIMESTAMP;SERIAL;P_AC;E_DAY;T_WR;U_AC;U_AC_1;U_AC_2;U_AC_3;I_AC;F_AC;U_DC_1;I_DC_1;U_DC_2;I_DC_2;U_DC_3;I_DC_3;S;E_WR;M_WR;I_AC_1;I_AC_2;I_AC_3;P_AC_1;P_AC_2;P_AC_3;F_AC_1;F_AC_2;F_AC_3;R_DC;PC;PCS;PCS_LL;COS_PHI;COS_PHI_LL;S_COS_PHI;Current_Day_Energy;current_Day_Offset;ccEnergyOfDay_WithoutOffset
60;2014-07-18 18:01:00;909402N262;4190;53.442;49;235;236;236;235;5.988;50.01;470.3;3.715;609.8;1.775;764.9;1.872;60;0;0;5.961;6.026;5.979;1391;1408;1389;50.01;50.01;50.01;6254;1000;0.0;0;0.0000;0;0;53442;53442;53442
60;2014-07-18 18:02:00;909402N262;4154;53.512;49;235;236;236;234;5.934;50.01;473.2;3.650;624.7;1.730;763.1;1.842;60;0;0;5.900;5.991;5.913;1381;1400;1372;50.01;50.01;50.01;6254;1000;0.0;0;0.0000;0;0;53512;53512;53512
60;2014-07-18 18:03:00;909402N262;4033;53.579;49;235;236;236;234;5.757;50.02;472.9;3.547;624.4;1.681;762.4;1.788;60;0;0;5.720;5.818;5.735;1338;1360;1334;50.02;50.02;50.02;6254;1000;0.0;0;0.0000;0;0;53579;53579;53579
60;2014-07-18 18:04:00;909402N262;3852;53.644;49;235;235;235;235;5.509;50.01;472.6;3.392;623.1;1.607;761.0;1.708;60;0;0;5.474;5.559;5.495;1277;1296;1277;50.01;50.01;50.01;6254;1000;0.0;0;0.0000;0;0;53644;53644;53644
60;2014-07-18 18:05:00;909402N262;3638;53.704;49;235;236;235;235;5.204;49.99;472.1;3.210;621.7;1.523;759.3;1.612;60;0;0;5.167;5.243;5.202;1205;1221;1210;49.99;49.99;49.99;6254;1000;0.0;0;0.0000;0;0;53704;53704;53704
60;2014-07-18 18:06:00;909402N262;3709;53.766;49;235;236;235;235;5.304;49.99;472.5;3.267;622.6;1.547;760.1;1.648;60;0;0;5.271;5.349;5.294;1230;1246;1231;49.99;49.99;49.99;6254;1000;0.0;0;0.0000;0;0;53766;53766;53766
60;2014-07-18 18:07:00;909402N262;3670;53.828;49;235;235;235;235;5.249;49.99;473.3;3.225;621.7;1.532;760.2;1.632;60;0;0;5.211;5.282;5.255;1214;1229;1224;49.99;49.99;49.99;6254;1000;0.0;0;0.0000;0;0;53828;53828;53828
60;2014-07-18 18:08:00;909402N262;3642;53.888;49;236;236;235;236;5.202;49.99;477.1;3.173;621.6;1.522;760.3;1.619;60;0;0;5.158;5.233;5.215;1203;1219;1218;49.99;49.99;49.99;6254;1000;0.0;0;0.0000;0;0;53888;53888;53888
60;2014-07-18 18:09:00;909402N262;3503;53.946;49;235;235;235;236;5.012;49.99;481.3;3.024;621.0;1.468;759.4;1.557;60;0;0;4.972;5.023;5.041;1158;1165;1178;49.99;49.99;49.99;6254;1000;0.0;0;0.0000;0;0;53946;53946;53946
60;2014-07-18 18:10:00;909402N262;3562;54.006;49;235;235;235;236;5.094;49.98;486.8;3.026;621.5;1.492;760.6;1.589;60;0;0;5.053;5.112;5.118;1177;1187;1196;49.98;49.98;49.98;6254;1000;0.0;0;0.0000;0;0;54006;54006;54006
60;2014-07-18 18:11:00;909402N262;3650;54.067;49;236;236;235;236;5.212;49.97;481.0;3.106;622.5;1.534;761.8;1.641;60;0;0;5.176;5.236;5.224;1209;1217;1222;49.97;49.97;49.97;6254;1000;0.0;0;0.0000;0;0;54067;54067;54067
60;2014-07-18 18:12:00;909402N262;3686;54.129;49;236;236;235;236;5.260;49.98;455.4;3.303;623.3;1.551;762.1;1.663;60;0;0;5.231;5.279;5.272;1224;1227;1234;49.98;49.98;49.98;6254;1000;0.0;0;0.0000;0;0;54129;54129;54129
60;2014-07-18 18:13:00;909402N262;3685;54.190;49;236;236;236;236;5.254;49.98;455.0;3.305;623.3;1.550;761.9;1.663;60;0;0;5.218;5.289;5.256;1222;1233;1228;49.98;49.98;49.98;6254;1000;0.0;0;0.0000;0;0;54190;54190;54190
60;2014-07-18 18:14:00;909402N262;3597;54.250;49;236;236;235;236;5.135;49.99;454.7;3.231;622.8;1.514;761.7;1.622;60;0;0;5.101;5.159;5.145;1193;1200;1203;49.99;49.99;49.99;6254;1000;0.0;0;0.0000;0;0;54250;54250;54250
60;2014-07-18 18:15:00;909402N262;3541;54.308;49;236;236;235;236;5.057;49.99;454.6;3.182;622.8;1.489;761.2;1.597;60;0;0;5.017;5.079;5.077;1171;1180;1188;49.99;49.99;49.99;6254;1000;0.0;0;0.0000;0;0;54308;54308;54308
60;2014-07-18 18:16:00;909402N262;3497;54.368;49;236;236;235;236;4.997;49.99;452.5;3.161;618.6;1.483;760.0;1.592;60;0;0;4.956;5.026;5.010;1156;1169;1170;49.99;49.99;49.99;6254;1000;0.0;0;0.0000;0;0;54368;54368;54368
60;2014-07-18 18:17:00;909402N262;3455;54.425;49;236;236;235;236;4.964;49.99;454.4;3.109;623.1;1.452;760.9;1.560;60;0;0;4.923;4.993;4.976;1143;1156;1155;49.99;49.99;49.99;6254;1000;0.0;0;0.0000;0;0;54425;54425;54425
60;2014-07-18 18:18:00;909402N262;3578;54.484;49;235;236;235;236;5.140;49.99;455.0;3.215;624.4;1.499;762.2;1.615;60;0;0;5.095;5.165;5.162;1183;1194;1200;49.99;49.99;49.99;6254;1000;0.0;0;0.0000;0;0;54484;54484;54484
60;2014-07-18 18:19:00;909402N262;3613;54.544;49;235;235;235;236;5.189;50.00;455.0;3.246;624.0;1.516;762.4;1.630;60;0;0;5.138;5.227;5.203;1192;1210;1209;50.00;50.00;50.00;6254;1000;0.0;0;0.0000;0;0;54544;54544;54544
60;2014-07-18 18:20:00;909402N262;3503;54.603;49;236;236;236;236;5.033;49.98;454.8;3.149;623.6;1.470;761.7;1.580;60;0;0;4.987;5.077;5.036;1156;1177;1168;49.98;49.98;49.98;6254;1000;0.0;0;0.0000;0;0;54603;54603;54603
60;2014-07-18 18:21:00;909402N262;3318;54.658;49;236;236;236;236;4.767;50.00;454.6;2.986;622.7;1.392;760.9;1.495;60;0;0;4.723;4.808;4.772;1096;1113;1107;50.00;50.00;50.00;6254;1000;0.0;0;0.0000;0;0;54658;54658;54658
60;2014-07-18 18:22:00;909402N262;3098;54.710;49;236;236;236;236;4.462;49.98;462.8;2.725;621.6;1.301;760.3;1.407;60;0;0;4.415;4.502;4.469;1021;1040;1034;49.98;49.98;49.98;6254;1000;0.0;0;0.0000;0;0;54710;54710;54710
60;2014-07-18 18:23:00;909402N262;3259;54.764;49;236;236;236;236;4.687;49.99;448.6;2.938;623.5;1.377;762.4;1.480;60;0;0;4.641;4.727;4.693;1075;1095;1087;49.99;49.99;49.99;6254;1000;0.0;0;0.0000;0;0;54764;54764;54764
60;2014-07-18 18:24:00;909402N262;3324;54.820;49;236;235;236;236;4.781;49.99;447.5;3.006;624.3;1.403;763.3;1.508;60;0;0;4.725;4.828;4.790;1093;1118;1110;49.99;49.99;49.99;6254;1000;0.0;0;0.0000;0;0;54820;54820;54820
60;2014-07-18 18:25:00;909402N262;3338;54.874;49;236;235;236;236;4.802;49.99;451.3;2.983;624.1;1.410;763.8;1.516;60;0;0;4.748;4.850;4.809;1098;1124;1114;49.99;49.99;49.99;6254;1000;0.0;0;0.0000;0;0;54874;54874;54874
60;2014-07-18 18:26:00;909402N262;3242;54.930;49;235;235;236;236;4.670;49.99;447.8;2.892;622.8;1.383;763.1;1.483;60;0;0;4.615;4.715;4.680;1065;1092;1083;49.99;49.99;49.99;6254;1000;0.0;0;0.0000;0;0;54930;54930;54930
60;2014-07-18 18:27:00;909402N262;3243;54.984;49;235;235;236;236;4.672;49.98;437.4;2.963;622.5;1.383;762.7;1.483;60;0;0;4.609;4.719;4.688;1063;1093;1086;49.98;49.98;49.98;6254;1000;0.0;0;0.0000;0;0;54984;54984;54984
60;2014-07-18 18:28:00;909402N262;3228;55.038;49;235;234;236;236;4.650;49.99;437.3;2.949;622.7;1.375;762.8;1.476;60;0;0;4.589;4.698;4.664;1057;1088;1080;49.99;49.99;49.99;6254;1000;0.0;0;0.0000;0;0;55038;55038;55038
60;2014-07-18 18:29:00;909402N262;3200;55.091;49;235;235;235;236;4.609;50.01;437.3;2.926;624.0;1.359;762.4;1.464;60;0;0;4.559;4.650;4.620;1054;1075;1069;50.01;50.01;50.01;6254;1000;0.0;0;0.0000;0;0;55091;55091;55091
60;2014-07-18 18:30:00;909402N262;3203;55.144;49;235;235;235;236;4.613;50.00;437.3;2.929;624.3;1.358;762.7;1.466;60;0;0;4.563;4.653;4.623;1055;1075;1070;50.00;50.00;50.00;6254;1000;0.0;0;0.0000;0;0;55144;55144;55144
60;2014-07-18 18:31:00;909402N262;3153;55.197;49;235;235;235;235;4.541;49.98;435.3;2.907;609.9;1.360;762.1;1.459;60;0;0;4.483;4.585;4.555;1035;1061;1055;49.98;49.98;49.98;6254;1000;0.0;0;0.0000;0;0;55197;55197;55197
60;2014-07-18 18:32:00;909402N262;3122;55.248;49;235;233;236;236;4.483;49.99;438.3;2.851;624.7;1.321;762.3;1.430;60;0;0;4.404;4.549;4.497;1014;1059;1047;49.99;49.99;49.99;6254;1000;0.0;0;0.0000;0;0;55248;55248;55248
60;2014-07-18 18:33:00;909402N262;3056;55.301;49;235;233;236;235;4.390;49.98;445.8;2.726;624.4;1.297;762.0;1.407;60;0;0;4.313;4.454;4.405;994;1036;1024;49.98;49.98;49.98;6254;1000;0.0;0;0.0000;0;0;55301;55301;55301
60;2014-07-18 18:34:00;909402N262;3031;55.350;49;235;234;236;235;4.350;49.97;428.9;2.789;624.9;1.291;762.4;1.402;60;0;0;4.285;4.398;4.369;990;1023;1016;49.97;49.97;49.97;6254;1000;0.0;0;0.0000;0;0;55350;55350;55350
60;2014-07-18 18:35:00;909402N262;3042;55.402;49;235;234;236;235;4.366;49.97;428.6;2.801;625.6;1.294;762.7;1.406;60;0;0;4.297;4.415;4.388;993;1026;1020;49.97;49.97;49.97;6254;1000;0.0;0;0.0000;0;0;55402;55402;55402
60;2014-07-18 18:36:00;909402N262;2988;55.451;48;235;234;235;235;4.294;49.97;428.3;2.754;625.1;1.271;762.7;1.381;60;0;0;4.225;4.340;4.318;976;1008;1003;49.97;49.97;49.97;6254;1000;0.0;0;0.0000;0;0;55451;55451;55451
60;2014-07-18 18:37:00;909402N262;2915;55.500;48;235;234;236;235;4.187;49.97;428.4;2.685;624.2;1.243;762.2;1.347;60;0;0;4.118;4.235;4.210;951;984;978;49.97;49.97;49.97;6254;1000;0.0;0;0.0000;0;0;55500;55500;55500
60;2014-07-18 18:38:00;909402N262;2884;55.548;48;235;234;236;235;4.145;49.98;428.5;2.656;623.8;1.231;762.1;1.333;60;0;0;4.078;4.196;4.163;941;974;967;49.98;49.98;49.98;6254;1000;0.0;0;0.0000;0;0;55548;55548;55548
60;2014-07-18 18:39:00;909402N262;2856;55.595;48;235;234;235;235;4.109;49.98;428.5;2.633;624.0;1.218;762.2;1.320;60;0;0;4.038;4.164;4.127;931;966;957;49.98;49.98;49.98;6254;1000;0.0;0;0.0000;0;0;55595;55595;55595
60;2014-07-18 18:40:00;909402N262;2838;55.641;48;235;234;236;235;4.081;49.97;430.2;2.605;624.3;1.211;762.7;1.310;60;0;0;4.007;4.138;4.100;923;961;952;49.97;49.97;49.97;6254;1000;0.0;0;0.0000;0;0;55641;55641;55641
60;2014-07-18 18:41:00;909402N262;2803;55.688;48;235;233;235;235;4.036;49.96;434.7;2.516;624.6;1.204;763.1;1.302;60;0;0;3.960;4.091;4.059;911;949;941;49.96;49.96;49.96;6254;1000;0.0;0;0.0000;0;0;55688;55688;55688
60;2014-07-18 18:42:00;909402N262;2723;55.733;48;235;234;235;235;3.925;49.98;424.5;2.469;624.2;1.180;762.6;1.277;60;0;0;3.860;3.970;3.945;890;918;913;49.98;49.98;49.98;6254;1000;0.0;0;0.0000;0;0;55733;55733;55733
60;2014-07-18 18:43:00;909402N262;2645;55.778;48;234;234;235;235;3.819;49.97;410.7;2.478;623.7;1.148;761.8;1.241;60;0;0;3.757;3.859;3.841;864;891;887;49.97;49.97;49.97;6254;1000;0.0;0;0.0000;0;0;55778;55778;55778
60;2014-07-18 18:44:00;909402N262;2591;55.822;48;234;234;234;235;3.746;49.97;410.6;2.428;623.4;1.125;761.5;1.216;60;0;0;3.686;3.786;3.767;847;873;869;49.97;49.97;49.97;6254;1000;0.0;0;0.0000;0;0;55822;55822;55822
60;2014-07-18 18:45:00;909402N262;2525;55.864;48;234;233;234;234;3.652;49.97;411.5;2.364;623.7;1.098;761.9;1.182;60;0;0;3.592;3.693;3.673;825;851;847;49.97;49.97;49.97;6254;1000;0.0;0;0.0000;0;0;55864;55864;55864
60;2014-07-18 18:46:00;909402N262;2471;55.905;48;234;233;234;234;3.573;49.97;409.7;2.332;608.0;1.098;763.0;1.163;60;0;0;3.520;3.605;3.594;808;833;828;49.97;49.97;49.97;6254;1000;0.0;0;0.0000;0;0;55905;55905;55905
60;2014-07-18 18:47:00;909402N262;2452;55.946;48;234;233;234;234;3.551;49.95;411.0;2.298;622.6;1.074;761.5;1.144;60;0;0;3.494;3.592;3.568;801;826;822;49.95;49.95;49.95;6254;1000;0.0;0;0.0000;0;0;55946;55946;55946
60;2014-07-18 18:48:00;909402N262;2456;55.987;48;234;234;234;234;3.556;49.96;411.3;2.300;622.8;1.076;761.9;1.145;60;0;0;3.505;3.593;3.571;805;827;822;49.96;49.96;49.96;6254;1000;0.0;0;0.0000;0;0;55987;55987;55987
60;2014-07-18 18:49:00;909402N262;2446;56.027;48;234;233;234;234;3.545;49.97;412.8;2.281;623.1;1.071;762.1;1.141;60;0;0;3.489;3.584;3.563;800;824;820;49.97;49.97;49.97;6254;1000;0.0;0;0.0000;0;0;56027;56027;56027
60;2014-07-18 18:50:00;909402N262;2405;56.068;48;234;233;234;234;3.484;49.97;419.8;2.175;622.9;1.063;761.8;1.130;60;0;0;3.424;3.523;3.505;785;810;807;49.97;49.97;49.97;6254;1000;0.0;0;0.0000;0;0;56068;56068;56068
60;2014-07-18 18:51:00;909402N262;2367;56.107;48;234;233;235;234;3.433;49.98;403.1;2.231;622.7;1.047;762.1;1.113;60;0;0;3.371;3.473;3.455;771;799;795;49.98;49.98;49.98;6254;1000;0.0;0;0.0000;0;0;56107;56107;56107
60;2014-07-18 18:52:00;909402N262;2334;56.146;48;234;233;235;235;3.382;50.00;414.9;2.112;622.8;1.039;762.3;1.104;60;0;0;3.323;3.420;3.405;761;787;784;50.00;50.00;50.00;6254;1000;0.0;0;0.0000;0;0;56146;56146;56146
60;2014-07-18 18:53:00;909402N262;2281;56.185;48;234;233;235;235;3.308;49.99;394.1;2.170;622.5;1.017;762.3;1.078;60;0;0;3.248;3.343;3.335;742;770;767;49.99;49.99;49.99;6254;1000;0.0;0;0.0000;0;0;56185;56185;56185
60;2014-07-18 18:54:00;909402N262;2258;56.222;48;234;233;235;235;3.279;49.99;394.1;2.151;622.5;1.007;762.3;1.068;60;0;0;3.218;3.319;3.300;735;763;759;49.99;49.99;49.99;6254;1000;0.0;0;0.0000;0;0;56222;56222;56222
60;2014-07-18 18:55:00;909402N262;2278;56.260;48;234;233;235;234;3.308;50.00;394.8;2.166;622.9;1.015;763.0;1.076;60;0;0;3.243;3.352;3.330;740;771;766;50.00;50.00;50.00;6254;1000;0.0;0;0.0000;0;0;56260;56260;56260
60;2014-07-18 18:56:00;909402N262;2241;56.296;48;234;233;235;234;3.252;50.01;399.8;2.087;622.4;1.004;762.9;1.062;60;0;0;3.198;3.290;3.269;731;756;752;50.01;50.01;50.01;6254;1000;0.0;0;0.0000;0;0;56296;56296;56296
60;2014-07-18 18:57:00;909402N262;2214;56.334;48;234;233;235;234;3.216;50.00;385.1;2.129;623.4;0.993;762.8;1.053;60;0;0;3.161;3.257;3.232;722;749;741;50.00;50.00;50.00;6254;1000;0.0;0;0.0000;0;0;56334;56334;56334
60;2014-07-18 18:58:00;909402N262;2154;56.370;48;234;234;235;234;3.131;49.99;393.8;2.001;623.7;0.971;762.3;1.033;60;0;0;3.081;3.170;3.143;704;727;720;49.99;49.99;49.99;6254;1000;0.0;0;0.0000;0;0;56370;56370;56370
60;2014-07-18 18:59:00;909402N262;2099;56.406;48;235;234;235;235;3.049;50.01;375.8;2.038;623.6;0.948;761.9;1.009;60;0;0;2.994;3.091;3.063;685;710;702;50.01;50.01;50.01;6254;1000;0.0;0;0.0000;0;0;56406;56406;56406
60;2014-07-18 19:00:00;909402N262;2060;56.440;48;234;234;235;234;2.997;50.02;375.3;2.004;623.2;0.929;761.9;0.992;60;0;0;2.940;3.039;3.012;671;697;690;50.02;50.02;50.02;6254;1000;0.0;0;0.0000;0;0;56440;56440;56440
[wr_ende]
