20150315;110005;danfoss;My Plant;+0100
[wr_def_start]
909402N262;Inverter Type;Inverter Group;Hanzl
[wr_def_end]
[wr]
INTERVAL;TIMESTAMP;SERIAL;P_AC;E_DAY;T_WR;U_AC;U_AC_1;U_AC_2;U_AC_3;I_AC;F_AC;U_DC_1;I_DC_1;U_DC_2;I_DC_2;U_DC_3;I_DC_3;S;E_WR;M_WR;I_AC_1;I_AC_2;I_AC_3;P_AC_1;P_AC_2;P_AC_3;F_AC_1;F_AC_2;F_AC_3;R_DC;PC;PCS;PCS_LL;COS_PHI;COS_PHI_LL;S_COS_PHI;Current_Day_Energy;current_Day_Offset;ccEnergyOfDay_WithoutOffset
60;2015-03-15 10:01:00;909402N262;2912;3.652;35;233;234;233;233;4.286;50.00;600.7;1.935;662.3;1.262;791.6;1.209;60;0;0;4.239;4.311;4.310;961;973;975;50.00;50.00;50.00;8349;1000;0.0;0;1.0000;0;2;3652;3652;3652
60;2015-03-15 10:02:00;909402N262;2850;3.700;35;233;234;233;233;4.193;50.01;598.4;1.891;670.1;1.223;795.0;1.165;60;0;0;4.148;4.216;4.215;941;953;954;50.01;50.01;50.01;8349;1000;0.0;0;1.0000;0;2;3700;3700;3700
60;2015-03-15 10:03:00;909402N262;2791;3.745;35;233;234;233;233;4.111;50.02;596.6;1.853;668.9;1.201;795.1;1.142;60;0;0;4.065;4.135;4.135;920;933;935;50.02;50.02;50.02;8349;1000;0.0;0;1.0000;0;2;3745;3745;3745
60;2015-03-15 10:04:00;909402N262;2716;3.790;35;233;234;233;233;4.007;50.01;596.8;1.797;667.8;1.173;795.0;1.113;60;0;0;3.969;4.026;4.027;898;907;909;50.01;50.01;50.01;8349;1000;0.0;0;1.0000;0;2;3790;3790;3790
60;2015-03-15 10:05:00;909402N262;2689;3.835;35;234;234;233;234;3.969;50.00;597.9;1.767;667.6;1.166;795.0;1.105;60;0;0;3.920;4.000;3.987;885;902;900;50.00;50.00;50.00;8349;1000;0.0;0;1.0000;0;2;3835;3835;3835
60;2015-03-15 10:06:00;909402N262;2852;3.883;35;233;234;234;233;4.197;50.00;586.6;1.876;668.8;1.235;794.7;1.201;60;0;0;4.134;4.241;4.216;935;961;954;50.00;50.00;50.00;8349;1000;0.0;0;1.0000;0;2;3883;3883;3883
60;2015-03-15 10:07:00;909402N262;2830;3.930;35;233;234;234;232;4.164;49.99;589.7;1.872;668.5;1.231;794.9;1.170;60;0;0;4.133;4.200;4.161;938;952;939;49.99;49.99;49.99;8349;1000;0.0;0;1.0000;0;2;3930;3930;3930
60;2015-03-15 10:09:00;909402N262;3036;4.029;36;233;233;233;233;4.456;49.99;594.2;2.014;669.4;1.313;795.2;1.248;60;0;0;4.406;4.489;4.473;1000;1019;1016;49.99;49.99;49.99;8349;1000;0.0;0;1.0000;0;2;4029;4029;4029
60;2015-03-15 10:10:00;909402N262;3158;4.081;36;233;233;233;233;4.622;50.00;594.0;2.114;670.2;1.354;795.2;1.293;60;0;0;4.566;4.665;4.636;1038;1061;1057;50.00;50.00;50.00;8349;1000;0.0;0;1.0000;0;2;4081;4081;4081
60;2015-03-15 10:11:00;909402N262;3077;4.133;36;233;234;233;233;4.507;50.00;590.1;2.071;668.8;1.321;795.2;1.261;60;0;0;4.467;4.537;4.519;1017;1031;1027;50.00;50.00;50.00;8349;1000;0.0;0;1.0000;0;2;4133;4133;4133
60;2015-03-15 10:12:00;909402N262;2825;4.180;36;233;234;233;233;4.161;50.00;590.0;1.886;666.4;1.224;795.1;1.160;60;0;0;4.128;4.186;4.170;936;944;942;50.00;50.00;50.00;8349;1000;0.0;0;1.0000;0;2;4180;4180;4180
60;2015-03-15 10:13:00;909402N262;2532;4.222;36;233;233;233;233;3.761;50.01;591.5;1.678;663.3;1.106;795.1;1.041;60;0;0;3.708;3.795;3.782;832;850;848;50.01;50.01;50.01;8349;1000;0.0;0;1.0000;0;2;4222;4222;4222
60;2015-03-15 10:14:00;909402N262;2459;4.263;36;233;233;233;233;3.663;50.01;590.8;1.630;662.5;1.078;795.1;1.011;60;0;0;3.613;3.698;3.680;807;827;822;50.01;50.01;50.01;8349;1000;0.0;0;1.0000;0;2;4263;4263;4263
60;2015-03-15 10:15:00;909402N262;2759;4.308;36;233;234;233;232;4.075;49.99;582.0;1.853;665.6;1.202;795.1;1.143;60;0;0;4.037;4.112;4.077;913;928;917;49.99;49.99;49.99;8349;1000;0.0;0;1.0000;0;2;4308;4308;4308
60;2015-03-15 10:16:00;909402N262;3130;4.362;36;233;234;233;232;4.585;50.00;580.1;2.121;653.4;1.381;794.5;1.321;60;0;0;4.552;4.630;4.575;1040;1052;1036;50.00;50.00;50.00;8349;1000;0.0;0;1.0000;0;2;4362;4362;4362
60;2015-03-15 10:17:00;909402N262;3129;4.414;36;233;234;233;232;4.598;50.00;587.0;2.125;667.0;1.342;795.7;1.282;60;0;0;4.569;4.637;4.590;1038;1052;1037;50.00;50.00;50.00;8349;1000;0.0;0;1.0000;0;2;4414;4414;4414
60;2015-03-15 10:18:00;909402N262;2929;4.462;36;233;233;233;231;4.326;50.00;586.7;1.992;665.4;1.259;795.7;1.195;60;0;0;4.293;4.375;4.311;971;989;967;50.00;50.00;50.00;8349;1000;0.0;0;1.0000;0;2;4462;4462;4462
60;2015-03-15 10:19:00;909402N262;2754;4.509;36;233;234;233;231;4.084;50.00;588.3;1.859;663.5;1.191;795.7;1.127;60;0;0;4.052;4.128;4.073;913;929;910;50.00;50.00;50.00;8349;1000;0.0;0;1.0000;0;2;4509;4509;4509
60;2015-03-15 10:20:00;909402N262;2850;4.556;36;233;234;233;231;4.218;49.99;593.4;1.886;664.6;1.237;795.6;1.176;60;0;0;4.188;4.258;4.208;945;961;942;49.99;49.99;49.99;8349;1000;0.0;0;1.0000;0;2;4556;4556;4556
60;2015-03-15 10:21:00;909402N262;3051;4.607;36;232;233;233;232;4.503;49.99;592.1;2.017;666.1;1.326;795.6;1.265;60;0;0;4.456;4.558;4.495;1006;1033;1011;49.99;49.99;49.99;8349;1000;0.0;0;1.0000;0;2;4607;4607;4607
60;2015-03-15 10:22:00;909402N262;2977;4.656;36;232;233;233;231;4.401;50.00;588.5;1.974;665.0;1.294;795.7;1.237;60;0;0;4.357;4.456;4.390;983;1006;986;50.00;50.00;50.00;8349;1000;0.0;0;1.0000;0;2;4656;4656;4656
60;2015-03-15 10:23:00;909402N262;2850;4.704;36;232;232;232;232;4.234;50.01;587.5;1.895;664.1;1.244;795.6;1.179;60;0;0;4.179;4.275;4.248;936;960;952;50.01;50.01;50.01;8349;1000;0.0;0;1.0000;0;2;4704;4704;4704
60;2015-03-15 10:24:00;909402N262;2574;4.747;36;232;231;232;232;3.854;50.01;589.5;1.695;661.5;1.134;795.5;1.065;60;0;0;3.791;3.904;3.868;842;869;861;50.01;50.01;50.01;8349;1000;0.0;0;1.0000;0;2;4747;4747;4747
60;2015-03-15 10:25:00;909402N262;2307;4.786;36;232;232;232;231;3.486;50.00;590.9;1.508;662.6;1.018;795.3;0.956;60;0;0;3.445;3.524;3.491;760;777;768;50.00;50.00;50.00;8349;1000;0.0;0;1.0000;0;2;4786;4786;4786
60;2015-03-15 10:26:00;909402N262;2146;4.821;36;232;233;232;231;3.266;50.02;591.9;1.401;665.0;0.942;795.1;0.887;60;0;0;3.225;3.308;3.265;708;724;713;50.02;50.02;50.02;8349;1000;0.0;0;1.0000;0;2;4821;4821;4821
60;2015-03-15 10:27:00;909402N262;2224;4.859;36;232;233;232;232;3.368;50.00;590.0;1.467;659.0;0.983;795.1;0.917;60;0;0;3.320;3.413;3.373;732;751;740;50.00;50.00;50.00;8349;1000;0.0;0;1.0000;0;2;4859;4859;4859
60;2015-03-15 10:28:00;909402N262;2470;4.899;36;232;233;232;232;3.699;50.00;586.4;1.643;661.0;1.086;795.6;1.018;60;0;0;3.654;3.741;3.702;814;833;822;50.00;50.00;50.00;8349;1000;0.0;0;1.0000;0;2;4899;4899;4899
60;2015-03-15 10:29:00;909402N262;2447;4.940;37;232;233;233;232;3.667;50.00;587.2;1.622;661.1;1.077;795.4;1.009;60;0;0;3.626;3.706;3.670;807;825;813;50.00;50.00;50.00;8349;1000;0.0;0;1.0000;0;2;4940;4940;4940
60;2015-03-15 10:30:00;909402N262;2222;4.978;37;233;233;233;232;3.360;49.99;589.3;1.469;662.1;0.975;795.1;0.915;60;0;0;3.314;3.400;3.366;731;749;740;49.99;49.99;49.99;8349;1000;0.0;0;1.0000;0;2;4978;4978;4978
60;2015-03-15 10:31:00;909402N262;2129;5.014;37;232;233;232;232;3.237;50.01;584.6;1.429;642.5;0.957;794.2;0.888;60;0;0;3.189;3.273;3.250;699;715;713;50.01;50.01;50.01;8349;1000;0.0;0;1.0000;0;2;5014;5014;5014
60;2015-03-15 10:32:00;909402N262;2291;5.052;37;232;232;232;232;3.461;50.01;587.4;1.516;659.3;1.014;795.4;0.944;60;0;0;3.407;3.502;3.476;750;772;767;50.01;50.01;50.01;8349;1000;0.0;0;1.0000;0;2;5052;5052;5052
60;2015-03-15 10:33:00;909402N262;2333;5.090;37;232;233;231;232;3.518;50.01;588.1;1.533;663.4;1.028;795.5;0.966;60;0;0;3.470;3.545;3.540;767;781;783;50.01;50.01;50.01;8349;1000;0.0;0;1.0000;0;2;5090;5090;5090
60;2015-03-15 10:34:00;909402N262;2130;5.126;37;232;232;232;232;3.245;50.01;589.9;1.393;677.7;0.917;795.2;0.884;60;0;0;3.188;3.283;3.265;697;717;715;50.01;50.01;50.01;8349;1000;0.0;0;1.0000;0;2;5126;5126;5126
60;2015-03-15 10:35:00;909402N262;1854;5.157;37;232;232;232;232;2.874;50.01;585.1;1.222;677.9;0.795;795.1;0.769;60;0;0;2.819;2.914;2.890;605;625;622;50.01;50.01;50.01;8349;1000;0.0;0;1.0000;0;2;5157;5157;5157
60;2015-03-15 10:36:00;909402N262;1609;5.185;37;231;231;231;232;2.579;50.01;573.3;1.090;673.5;0.690;787.6;0.671;60;0;0;2.523;2.614;2.601;521;545;543;50.01;50.01;50.01;8349;1000;0.0;0;1.0000;0;2;5185;5185;5185
60;2015-03-15 10:37:00;909402N262;1441;5.209;37;232;232;232;232;2.365;50.00;570.3;0.981;663.6;0.630;781.9;0.602;60;0;0;2.319;2.398;2.378;468;488;483;50.00;50.00;50.00;8349;1000;0.0;0;1.0000;0;2;5209;5209;5209
60;2015-03-15 10:38:00;909402N262;1419;5.232;37;232;232;232;231;2.340;50.00;580.2;0.949;659.3;0.628;781.4;0.591;60;0;0;2.296;2.374;2.351;461;481;475;50.00;50.00;50.00;8349;1000;0.0;0;1.0000;0;2;5232;5232;5232
60;2015-03-15 10:39:00;909402N262;1521;5.256;37;232;232;232;231;2.460;49.99;579.7;1.032;674.1;0.646;785.6;0.631;60;0;0;2.416;2.496;2.470;495;515;508;49.99;49.99;49.99;8349;1000;0.0;0;1.0000;0;2;5256;5256;5256
60;2015-03-15 10:40:00;909402N262;1620;5.283;37;231;232;232;231;2.568;49.99;581.3;1.109;661.2;0.697;795.0;0.660;60;0;0;2.524;2.607;2.574;530;549;539;49.99;49.99;49.99;8349;1000;0.0;0;1.0000;0;2;5283;5283;5283
60;2015-03-15 10:41:00;909402N262;1648;5.311;37;231;231;230;231;2.611;49.99;584.2;1.119;658.5;0.714;795.1;0.671;60;0;0;2.559;2.649;2.626;536;557;552;49.99;49.99;49.99;8349;1000;0.0;0;1.0000;0;2;5311;5311;5311
60;2015-03-15 10:42:00;909402N262;1544;5.337;37;231;231;231;231;2.495;49.99;589.2;1.041;655.4;0.675;788.1;0.629;60;0;0;2.451;2.528;2.507;503;523;516;49.99;49.99;49.99;8349;1000;0.0;0;1.0000;0;2;5337;5337;5337
60;2015-03-15 10:43:00;909402N262;1543;5.363;37;231;231;231;231;2.484;49.99;578.5;1.063;651.6;0.680;790.2;0.625;60;0;0;2.450;2.518;2.486;504;523;514;49.99;49.99;49.99;8349;1000;0.0;0;1.0000;0;2;5363;5363;5363
60;2015-03-15 10:44:00;909402N262;1745;5.392;37;231;231;230;231;2.736;50.00;580.5;1.195;656.7;0.767;795.1;0.704;60;0;0;2.691;2.761;2.757;571;585;587;50.00;50.00;50.00;8349;1000;0.0;0;1.0000;0;2;5392;5392;5392
60;2015-03-15 10:45:00;909402N262;2019;5.426;37;231;231;230;231;3.107;50.01;585.4;1.358;660.7;0.889;795.3;0.821;60;0;0;3.059;3.137;3.125;662;678;678;50.01;50.01;50.01;8349;1000;0.0;0;1.0000;0;2;5426;5426;5426
60;2015-03-15 10:46:00;909402N262;2284;5.464;37;231;230;230;231;3.468;50.00;577.1;1.554;652.3;1.021;794.3;0.946;60;0;0;3.412;3.502;3.490;746;768;768;50.00;50.00;50.00;8349;1000;0.0;0;1.0000;0;2;5464;5464;5464
60;2015-03-15 10:47:00;909402N262;2822;5.511;37;231;231;231;231;4.215;50.01;584.9;1.898;669.1;1.227;795.4;1.156;60;0;0;4.167;4.246;4.233;928;947;946;50.01;50.01;50.01;8349;1000;0.0;0;1.0000;0;2;5511;5511;5511
60;2015-03-15 10:48:00;909402N262;3107;5.563;37;231;231;231;231;4.609;50.00;594.0;2.064;670.7;1.342;795.3;1.274;60;0;0;4.559;4.649;4.620;1023;1044;1038;50.00;50.00;50.00;8349;1000;0.0;0;1.0000;0;2;5563;5563;5563
60;2015-03-15 10:49:00;909402N262;3215;5.616;37;231;231;232;231;4.761;50.01;593.7;2.152;670.1;1.382;795.4;1.315;60;0;0;4.708;4.814;4.762;1058;1085;1070;50.01;50.01;50.01;8349;1000;0.0;0;1.0000;0;2;5616;5616;5616
60;2015-03-15 10:50:00;909402N262;2988;5.666;37;231;230;231;231;4.448;49.99;588.7;2.017;667.1;1.288;795.3;1.220;60;0;0;4.387;4.503;4.456;979;1009;998;49.99;49.99;49.99;8349;1000;0.0;0;1.0000;0;2;5666;5666;5666
60;2015-03-15 10:51:00;909402N262;2595;5.710;37;231;232;232;231;3.887;49.99;592.8;1.731;663.7;1.126;795.4;1.061;60;0;0;3.840;3.927;3.896;853;875;865;49.99;49.99;49.99;8349;1000;0.0;0;1.0000;0;2;5710;5710;5710
60;2015-03-15 10:52:00;909402N262;2376;5.749;37;231;232;231;232;3.582;50.00;594.8;1.578;662.2;1.035;795.3;0.969;60;0;0;3.537;3.609;3.600;783;795;795;50.00;50.00;50.00;8349;1000;0.0;0;1.0000;0;2;5749;5749;5749
60;2015-03-15 10:53:00;909402N262;2577;5.791;37;232;232;231;231;3.859;49.99;592.1;1.724;663.9;1.118;795.3;1.054;60;0;0;3.826;3.883;3.870;854;862;860;49.99;49.99;49.99;8349;1000;0.0;0;1.0000;0;2;5791;5791;5791
60;2015-03-15 10:54:00;909402N262;2880;5.840;37;232;232;231;232;4.278;49.99;584.1;1.957;667.3;1.238;795.4;1.182;60;0;0;4.239;4.305;4.292;951;965;963;49.99;49.99;49.99;8349;1000;0.0;0;1.0000;0;2;5840;5840;5840
60;2015-03-15 10:55:00;909402N262;2896;5.888;37;232;232;232;232;4.302;50.00;589.7;1.956;666.5;1.245;795.4;1.184;60;0;0;4.248;4.340;4.320;952;974;968;50.00;50.00;50.00;8349;1000;0.0;0;1.0000;0;2;5888;5888;5888
60;2015-03-15 10:56:00;909402N262;2867;5.936;37;232;232;232;231;4.259;50.00;589.2;1.947;665.7;1.229;795.6;1.167;60;0;0;4.210;4.302;4.267;944;965;955;50.00;50.00;50.00;8349;1000;0.0;0;1.0000;0;2;5936;5936;5936
60;2015-03-15 10:57:00;909402N262;2929;5.985;37;231;232;232;231;4.350;50.01;591.2;1.987;666.4;1.252;795.5;1.192;60;0;0;4.309;4.383;4.360;967;984;976;50.01;50.01;50.01;8349;1000;0.0;0;1.0000;0;2;5985;5985;5985
60;2015-03-15 10:58:00;909402N262;2978;6.034;37;231;231;232;231;4.423;50.00;586.4;2.038;666.3;1.277;795.5;1.211;60;0;0;4.381;4.465;4.424;983;1003;991;50.00;50.00;50.00;8349;1000;0.0;0;1.0000;0;2;6034;6034;6034
60;2015-03-15 10:59:00;909402N262;2877;6.082;37;233;233;233;233;4.253;50.00;585.2;1.952;664.8;1.246;795.5;1.174;60;0;0;4.205;4.298;4.258;947;969;958;50.00;50.00;50.00;8349;1000;0.0;0;1.0000;0;2;6082;6082;6082
60;2015-03-15 11:00:00;909402N262;2548;6.125;37;233;233;234;233;3.798;49.99;588.5;1.713;661.4;1.112;795.3;1.039;60;0;0;3.737;3.846;3.811;834;861;852;49.99;49.99;49.99;8349;1000;0.0;0;1.0000;0;2;6125;6125;6125
[wr_ende]
