20140513;120002;danfoss;My Plant;+0100
[wr_def_start]
909402N262;Inverter Type;Inverter Group;Hanzl
[wr_def_end]
[wr]
INTERVAL;TIMESTAMP;SERIAL;P_AC;E_DAY;T_WR;U_AC;U_AC_1;U_AC_2;U_AC_3;I_AC;F_AC;U_DC_1;I_DC_1;U_DC_2;I_DC_2;U_DC_3;I_DC_3;S;E_WR;M_WR;I_AC_1;I_AC_2;I_AC_3;P_AC_1;P_AC_2;P_AC_3;F_AC_1;F_AC_2;F_AC_3;R_DC;PC;PCS;PCS_LL;COS_PHI;COS_PHI_LL;S_COS_PHI;Current_Day_Energy;current_Day_Offset;ccEnergyOfDay_WithoutOffset
60;2014-05-13 11:01:00;909402N262;1188;2.165;32;233;233;233;233;1.763;49.98;582.4;0.921;649.9;0.496;786.7;0.441;60;0;0;1.714;1.803;1.774;383;404;398;49.98;49.98;49.98;11865;1000;0.0;0;0.0000;0;0;2165;2165;2165
60;2014-05-13 11:02:00;909402N262;1259;2.186;33;233;233;233;233;1.866;49.98;589.9;0.958;657.6;0.518;795.3;0.461;60;0;0;1.814;1.911;1.875;407;428;421;49.98;49.98;49.98;11865;1000;0.0;0;0.0000;0;0;2186;2186;2186
60;2014-05-13 11:03:00;909402N262;1286;2.207;33;233;233;233;233;1.905;49.99;590.3;0.982;658.2;0.525;795.3;0.470;60;0;0;1.853;1.948;1.915;416;438;430;49.99;49.99;49.99;11865;1000;0.0;0;0.0000;0;0;2207;2207;2207
60;2014-05-13 11:04:00;909402N262;1278;2.229;33;233;233;233;233;1.894;49.99;590.0;0.983;657.7;0.520;795.6;0.465;60;0;0;1.840;1.933;1.911;413;434;429;49.99;49.99;49.99;11865;1000;0.0;0;0.0000;0;0;2229;2229;2229
60;2014-05-13 11:05:00;909402N262;1297;2.251;33;233;232;233;233;1.923;49.98;590.2;0.995;658.1;0.528;795.3;0.472;60;0;0;1.865;1.967;1.937;418;441;436;49.98;49.98;49.98;11865;1000;0.0;0;0.0000;0;0;2251;2251;2251
60;2014-05-13 11:06:00;909402N262;1353;2.272;33;233;233;233;233;2.000;49.97;590.0;1.038;659.5;0.549;795.3;0.494;60;0;0;1.951;2.040;2.010;438;459;454;49.97;49.97;49.97;11865;1000;0.0;0;0.0000;0;0;2272;2272;2272
60;2014-05-13 11:07:00;909402N262;1417;2.296;33;233;233;233;233;2.094;49.98;590.0;1.090;660.5;0.573;795.2;0.517;60;0;0;2.040;2.133;2.110;459;480;476;49.98;49.98;49.98;11865;1000;0.0;0;0.0000;0;0;2296;2296;2296
60;2014-05-13 11:08:00;909402N262;1478;2.322;33;233;233;233;233;2.182;49.98;590.5;1.135;660.9;0.598;795.1;0.538;60;0;0;2.127;2.223;2.198;480;500;496;49.98;49.98;49.98;11865;1000;0.0;0;0.0000;0;0;2322;2322;2322
60;2014-05-13 11:09:00;909402N262;1550;2.346;33;233;233;233;233;2.286;49.98;590.6;1.187;662.4;0.629;794.9;0.566;60;0;0;2.238;2.328;2.293;505;525;519;49.98;49.98;49.98;11865;1000;0.0;0;0.0000;0;0;2346;2346;2346
60;2014-05-13 11:10:00;909402N262;1628;2.374;33;233;233;233;233;2.396;49.98;591.2;1.244;663.0;0.660;794.3;0.594;60;0;0;2.349;2.437;2.404;530;551;545;49.98;49.98;49.98;11865;1000;0.0;0;0.0000;0;0;2374;2374;2374
60;2014-05-13 11:11:00;909402N262;1689;2.402;33;233;233;232;233;2.482;50.00;591.4;1.290;663.8;0.684;794.7;0.616;60;0;0;2.428;2.518;2.501;551;568;568;50.00;50.00;50.00;11865;1000;0.0;0;0.0000;0;0;2402;2402;2402
60;2014-05-13 11:12:00;909402N262;1746;2.432;33;233;233;232;233;2.568;49.99;591.8;1.333;664.8;0.707;794.7;0.637;60;0;0;2.505;2.612;2.587;567;588;589;49.99;49.99;49.99;11865;1000;0.0;0;0.0000;0;0;2432;2432;2432
60;2014-05-13 11:13:00;909402N262;1799;2.462;33;233;232;232;233;2.645;49.98;592.4;1.374;665.1;0.726;794.8;0.656;60;0;0;2.594;2.696;2.647;586;609;602;49.98;49.98;49.98;11865;1000;0.0;0;0.0000;0;0;2462;2462;2462
60;2014-05-13 11:14:00;909402N262;1850;2.493;33;232;233;232;233;2.722;49.97;592.7;1.412;665.3;0.747;794.9;0.674;60;0;0;2.671;2.779;2.716;604;626;617;49.97;49.97;49.97;11865;1000;0.0;0;0.0000;0;0;2493;2493;2493
60;2014-05-13 11:15:00;909402N262;1911;2.524;33;232;232;232;233;2.805;49.98;593.5;1.456;666.0;0.772;794.9;0.698;60;0;0;2.746;2.851;2.818;623;645;642;49.98;49.98;49.98;11865;1000;0.0;0;0.0000;0;0;2524;2524;2524
60;2014-05-13 11:16:00;909402N262;1953;2.557;33;232;232;232;233;2.857;49.98;588.7;1.500;652.3;0.805;790.4;0.723;60;0;0;2.799;2.884;2.889;636;654;661;49.98;49.98;49.98;11865;1000;0.0;0;0.0000;0;0;2557;2557;2557
60;2014-05-13 11:17:00;909402N262;2016;2.591;33;232;232;232;233;2.938;49.99;593.6;1.529;667.1;0.816;794.8;0.736;60;0;0;2.886;2.956;2.973;658;674;681;49.99;49.99;49.99;11865;1000;0.0;0;0.0000;0;0;2591;2591;2591
60;2014-05-13 11:18:00;909402N262;2043;2.625;33;233;232;233;233;2.971;49.99;593.5;1.550;667.2;0.827;794.9;0.745;60;0;0;2.922;3.001;2.991;668;687;685;49.99;49.99;49.99;11865;1000;0.0;0;0.0000;0;0;2625;2625;2625
60;2014-05-13 11:19:00;909402N262;2071;2.658;33;232;232;232;233;3.014;49.98;593.9;1.571;667.3;0.838;794.9;0.755;60;0;0;2.964;3.035;3.043;678;693;698;49.98;49.98;49.98;11865;1000;0.0;0;0.0000;0;0;2658;2658;2658
60;2014-05-13 11:20:00;909402N262;2109;2.694;33;232;232;232;233;3.068;49.98;594.5;1.598;667.3;0.852;795.0;0.770;60;0;0;3.018;3.089;3.097;690;707;711;49.98;49.98;49.98;11865;1000;0.0;0;0.0000;0;0;2694;2694;2694
60;2014-05-13 11:21:00;909402N262;2154;2.730;33;232;232;232;233;3.127;49.97;595.2;1.629;667.4;0.869;794.7;0.789;60;0;0;3.077;3.153;3.151;704;723;723;49.97;49.97;49.97;11865;1000;0.0;0;0.0000;0;0;2730;2730;2730
60;2014-05-13 11:22:00;909402N262;2188;2.767;33;233;232;232;233;3.174;49.97;596.0;1.653;667.7;0.884;795.0;0.800;60;0;0;3.126;3.204;3.194;717;735;735;49.97;49.97;49.97;11865;1000;0.0;0;0.0000;0;0;2767;2767;2767
60;2014-05-13 11:23:00;909402N262;2233;2.804;33;232;232;232;233;3.240;49.98;596.6;1.682;668.0;0.906;794.9;0.818;60;0;0;3.194;3.269;3.259;733;750;749;49.98;49.98;49.98;11865;1000;0.0;0;0.0000;0;0;2804;2804;2804
60;2014-05-13 11:24:00;909402N262;2291;2.842;33;233;233;232;233;3.317;50.00;597.0;1.720;668.8;0.931;794.7;0.839;60;0;0;3.272;3.335;3.346;752;766;770;50.00;50.00;50.00;11865;1000;0.0;0;0.0000;0;0;2842;2842;2842
60;2014-05-13 11:25:00;909402N262;2340;2.881;33;233;233;232;233;3.387;50.00;597.5;1.753;669.0;0.953;794.4;0.857;60;0;0;3.339;3.409;3.414;770;782;787;50.00;50.00;50.00;11865;1000;0.0;0;0.0000;0;0;2881;2881;2881
60;2014-05-13 11:26:00;909402N262;2370;2.920;33;233;233;232;233;3.430;50.00;597.6;1.775;668.8;0.966;794.5;0.868;60;0;0;3.388;3.439;3.464;780;789;799;50.00;50.00;50.00;11865;1000;0.0;0;0.0000;0;0;2920;2920;2920
60;2014-05-13 11:27:00;909402N262;2362;2.959;34;233;233;232;233;3.422;49.99;597.8;1.768;668.5;0.963;794.4;0.865;60;0;0;3.381;3.450;3.436;779;791;790;49.99;49.99;49.99;11865;1000;0.0;0;0.0000;0;0;2959;2959;2959
60;2014-05-13 11:28:00;909402N262;2336;2.998;34;233;233;232;232;3.384;49.98;598.3;1.749;668.3;0.952;794.7;0.855;60;0;0;3.345;3.416;3.391;771;785;779;49.98;49.98;49.98;11865;1000;0.0;0;0.0000;0;0;2998;2998;2998
60;2014-05-13 11:29:00;909402N262;2329;3.037;34;233;233;233;232;3.373;49.99;598.3;1.744;668.2;0.949;794.5;0.851;60;0;0;3.335;3.398;3.388;769;783;777;49.99;49.99;49.99;11865;1000;0.0;0;0.0000;0;0;3037;3037;3037
60;2014-05-13 11:30:00;909402N262;2332;3.077;34;233;233;233;232;3.377;49.98;598.3;1.747;668.0;0.949;794.5;0.854;60;0;0;3.340;3.410;3.381;769;785;775;49.98;49.98;49.98;11865;1000;0.0;0;0.0000;0;0;3077;3077;3077
60;2014-05-13 11:31:00;909402N262;2313;3.115;34;233;233;233;232;3.349;49.99;590.2;1.750;659.5;0.954;793.9;0.856;60;0;0;3.303;3.384;3.360;760;780;770;49.99;50.00;49.99;11865;1000;0.0;0;0.0000;0;0;3115;3115;3115
60;2014-05-13 11:32:00;909402N262;2319;3.154;34;233;233;233;232;3.357;49.98;598.6;1.732;668.0;0.945;794.5;0.850;60;0;0;3.311;3.396;3.366;762;782;772;49.98;49.98;49.98;11865;1000;0.0;0;0.0000;0;0;3154;3154;3154
60;2014-05-13 11:33:00;909402N262;2284;3.193;34;233;233;233;232;3.306;49.99;598.2;1.706;667.4;0.933;794.8;0.837;60;0;0;3.255;3.344;3.319;748;771;763;49.99;49.99;49.99;11865;1000;0.0;0;0.0000;0;0;3193;3193;3193
60;2014-05-13 11:34:00;909402N262;2228;3.229;34;233;233;234;233;3.224;49.98;597.8;1.664;666.9;0.912;794.8;0.816;60;0;0;3.175;3.260;3.237;730;752;744;49.98;49.98;49.98;11865;1000;0.0;0;0.0000;0;0;3229;3229;3229
60;2014-05-13 11:35:00;909402N262;2163;3.265;34;233;233;234;233;3.134;49.97;597.3;1.619;666.1;0.886;794.9;0.791;60;0;0;3.083;3.174;3.145;708;731;722;49.97;49.97;49.97;11865;1000;0.0;0;0.0000;0;0;3265;3265;3265
60;2014-05-13 11:36:00;909402N262;2109;3.300;34;233;233;234;233;3.059;49.98;597.3;1.580;665.5;0.864;795.1;0.771;60;0;0;3.005;3.104;3.068;689;715;703;49.97;49.97;49.97;11865;1000;0.0;0;0.0000;0;0;3300;3300;3300
60;2014-05-13 11:37:00;909402N262;2055;3.334;34;233;233;234;232;2.981;49.98;596.8;1.540;665.0;0.841;795.0;0.751;60;0;0;2.937;3.018;2.989;674;696;684;49.98;49.98;49.98;11865;1000;0.0;0;0.0000;0;0;3334;3334;3334
60;2014-05-13 11:38:00;909402N262;1985;3.367;34;233;233;234;232;2.887;49.97;596.2;1.489;664.4;0.813;794.8;0.726;60;0;0;2.834;2.931;2.898;648;673;662;49.97;49.97;49.97;11865;1000;0.0;0;0.0000;0;0;3367;3367;3367
60;2014-05-13 11:39:00;909402N262;1902;3.400;34;233;233;234;233;2.775;49.97;596.0;1.431;663.7;0.779;795.0;0.694;60;0;0;2.726;2.824;2.776;621;647;632;49.97;49.97;49.97;11865;1000;0.0;0;0.0000;0;0;3400;3400;3400
60;2014-05-13 11:40:00;909402N262;1832;3.430;34;233;233;234;232;2.685;49.97;595.1;1.383;662.7;0.750;794.8;0.668;60;0;0;2.637;2.740;2.678;599;623;608;49.97;49.97;49.97;11865;1000;0.0;0;0.0000;0;0;3430;3430;3430
60;2014-05-13 11:41:00;909402N262;1780;3.459;34;233;234;234;231;2.610;49.99;594.4;1.349;662.1;0.727;795.0;0.649;60;0;0;2.578;2.647;2.606;587;603;588;49.99;49.99;49.99;11865;1000;0.0;0;0.0000;0;0;3459;3459;3459
60;2014-05-13 11:42:00;909402N262;1743;3.489;34;233;233;234;231;2.557;49.98;593.9;1.323;661.9;0.710;795.0;0.634;60;0;0;2.522;2.607;2.542;572;594;575;49.98;49.98;49.98;11865;1000;0.0;0;0.0000;0;0;3489;3489;3489
60;2014-05-13 11:43:00;909402N262;1713;3.517;34;233;233;233;232;2.513;49.98;593.8;1.302;661.5;0.698;795.2;0.624;60;0;0;2.463;2.563;2.514;560;581;569;49.98;49.98;49.98;11865;1000;0.0;0;0.0000;0;0;3517;3517;3517
60;2014-05-13 11:44:00;909402N262;1689;3.545;34;233;233;233;232;2.478;49.99;593.8;1.284;661.0;0.687;795.2;0.615;60;0;0;2.433;2.522;2.480;553;573;562;49.99;49.99;49.99;11865;1000;0.0;0;0.0000;0;0;3545;3545;3545
60;2014-05-13 11:45:00;909402N262;1671;3.574;34;233;233;233;233;2.450;50.00;594.2;1.271;661.1;0.679;795.1;0.607;60;0;0;2.400;2.487;2.463;544;565;560;50.00;50.00;50.00;11865;1000;0.0;0;0.0000;0;0;3574;3574;3574
60;2014-05-13 11:46:00;909402N262;1637;3.600;34;233;233;234;233;2.402;49.99;589.6;1.264;643.9;0.681;786.2;0.606;60;0;0;2.358;2.445;2.404;535;559;550;49.99;49.99;49.99;11865;1000;0.0;0;0.0000;0;0;3600;3600;3600
60;2014-05-13 11:47:00;909402N262;1651;3.628;34;233;233;234;232;2.420;49.98;594.8;1.259;660.8;0.669;795.1;0.600;60;0;0;2.367;2.472;2.422;536;564;549;49.98;49.98;49.98;11865;1000;0.0;0;0.0000;0;0;3628;3628;3628
60;2014-05-13 11:48:00;909402N262;1653;3.655;34;233;233;234;233;2.422;49.98;594.8;1.261;660.3;0.670;795.2;0.600;60;0;0;2.374;2.471;2.421;539;563;550;49.98;49.98;49.98;11865;1000;0.0;0;0.0000;0;0;3655;3655;3655
60;2014-05-13 11:49:00;909402N262;1665;3.684;34;233;233;234;233;2.438;49.99;595.2;1.269;660.2;0.674;795.1;0.604;60;0;0;2.392;2.488;2.436;542;567;553;49.99;49.99;49.99;11865;1000;0.0;0;0.0000;0;0;3684;3684;3684
60;2014-05-13 11:50:00;909402N262;1683;3.712;34;233;233;234;232;2.465;49.98;595.7;1.283;660.5;0.682;795.2;0.612;60;0;0;2.418;2.512;2.466;549;573;559;49.98;49.98;49.98;11865;1000;0.0;0;0.0000;0;0;3712;3712;3712
60;2014-05-13 11:51:00;909402N262;1705;3.740;34;233;233;234;232;2.498;50.00;596.0;1.299;660.9;0.690;795.2;0.620;60;0;0;2.458;2.554;2.484;558;584;562;50.00;50.00;50.00;11865;1000;0.0;0;0.0000;0;0;3740;3740;3740
60;2014-05-13 11:52:00;909402N262;1728;3.769;34;233;233;234;232;2.529;49.99;595.9;1.316;661.2;0.698;795.1;0.628;60;0;0;2.488;2.578;2.523;565;588;572;49.99;49.99;49.99;11865;1000;0.0;0;0.0000;0;0;3769;3769;3769
60;2014-05-13 11:53:00;909402N262;1748;3.799;34;233;233;234;232;2.558;50.00;595.9;1.332;661.3;0.706;795.1;0.636;60;0;0;2.509;2.612;2.553;569;596;580;50.00;50.00;50.00;11865;1000;0.0;0;0.0000;0;0;3799;3799;3799
60;2014-05-13 11:54:00;909402N262;1774;3.827;35;233;233;234;232;2.599;50.01;596.3;1.350;661.2;0.717;795.1;0.646;60;0;0;2.538;2.658;2.601;575;607;591;50.01;50.01;50.01;11865;1000;0.0;0;0.0000;0;0;3827;3827;3827
60;2014-05-13 11:55:00;909402N262;1815;3.857;35;233;233;234;232;2.660;50.02;596.6;1.380;661.6;0.733;794.9;0.662;60;0;0;2.613;2.717;2.652;593;620;601;50.02;50.02;50.02;11865;1000;0.0;0;0.0000;0;0;3857;3857;3857
60;2014-05-13 11:56:00;909402N262;1851;3.889;35;233;233;234;233;2.705;50.02;596.8;1.406;661.9;0.749;794.9;0.675;60;0;0;2.651;2.763;2.703;601;631;616;50.02;50.02;50.02;11865;1000;0.0;0;0.0000;0;0;3889;3889;3889
60;2014-05-13 11:57:00;909402N262;1883;3.920;35;234;233;234;234;2.747;50.02;597.0;1.428;662.1;0.762;795.2;0.687;60;0;0;2.693;2.802;2.746;612;641;628;50.02;50.02;50.02;11865;1000;0.0;0;0.0000;0;0;3920;3920;3920
60;2014-05-13 11:58:00;909402N262;1907;3.952;35;234;233;234;234;2.775;50.03;596.9;1.446;662.3;0.773;795.1;0.695;60;0;0;2.722;2.834;2.770;620;651;635;50.03;50.03;50.03;11865;1000;0.0;0;0.0000;0;0;3952;3952;3952
60;2014-05-13 11:59:00;909402N262;1924;3.983;35;234;233;234;234;2.803;50.02;596.8;1.459;662.7;0.780;795.1;0.702;60;0;0;2.760;2.846;2.805;628;652;642;50.02;50.02;50.02;11865;1000;0.0;0;0.0000;0;0;3983;3983;3983
60;2014-05-13 12:00:00;909402N262;1942;4.016;35;234;234;234;234;2.824;49.98;596.6;1.473;663.3;0.786;795.0;0.708;60;0;0;2.773;2.862;2.837;634;655;651;49.98;49.98;49.98;11865;1000;0.0;0;0.0000;0;0;4016;4016;4016
[wr_ende]
