20140829;080002;danfoss;My Plant;+0100
[wr_def_start]
909402N262;Inverter Type;Inverter Group;Hanzl
[wr_def_end]
[wr]
INTERVAL;TIMESTAMP;SERIAL;P_AC;E_DAY;T_WR;U_AC;U_AC_1;U_AC_2;U_AC_3;I_AC;F_AC;U_DC_1;I_DC_1;U_DC_2;I_DC_2;U_DC_3;I_DC_3;S;E_WR;M_WR;I_AC_1;I_AC_2;I_AC_3;P_AC_1;P_AC_2;P_AC_3;F_AC_1;F_AC_2;F_AC_3;R_DC;PC;PCS;PCS_LL;COS_PHI;COS_PHI_LL;S_COS_PHI;Current_Day_Energy;current_Day_Offset;ccEnergyOfDay_WithoutOffset
60;2014-08-29 07:01:00;909402N262;189;0.082;30;236;236;235;236;0.428;50.04;524.3;0.191;562.4;0.082;678.7;0.063;60;0;0;0.393;0.510;0.383;53;77;57;50.04;50.04;50.04;5080;1000;0.0;0;0.0000;0;0;82;82;82
60;2014-08-29 07:02:00;909402N262;193;0.086;30;236;236;235;236;0.487;50.04;530.8;0.193;575.1;0.082;675.9;0.065;60;0;0;0.466;0.568;0.428;52;82;57;50.04;50.04;50.04;5080;1000;0.0;0;0.0000;0;0;86;86;86
60;2014-08-29 07:03:00;909402N262;197;0.089;30;233;234;232;233;0.433;50.02;529.6;0.197;578.2;0.082;677.5;0.066;60;0;0;0.405;0.550;0.344;59;85;52;50.02;50.02;50.02;5080;1000;0.0;0;0.0000;0;0;89;89;89
60;2014-08-29 07:04:00;909402N262;200;0.092;30;233;233;232;233;0.425;50.01;531.0;0.199;575.6;0.084;684.1;0.066;60;0;0;0.398;0.536;0.343;60;83;55;50.01;50.01;50.01;5080;1000;0.0;0;0.0000;0;0;92;92;92
60;2014-08-29 07:05:00;909402N262;202;0.096;30;233;234;232;233;0.446;50.00;532.9;0.202;572.9;0.085;686.0;0.067;60;0;0;0.413;0.544;0.383;58;84;59;50.00;50.00;50.00;5080;1000;0.0;0;0.0000;0;0;96;96;96
60;2014-08-29 07:06:00;909402N262;204;0.099;30;235;236;234;235;0.580;50.00;532.1;0.205;575.4;0.085;662.3;0.070;60;0;0;0.557;0.621;0.564;50;86;66;50.00;50.00;50.00;5080;1000;0.0;0;0.0000;0;0;99;99;99
60;2014-08-29 07:07:00;909402N262;206;0.104;30;235;236;234;235;0.615;49.99;531.6;0.207;576.7;0.087;656.9;0.071;60;0;0;0.591;0.635;0.621;48;86;70;49.99;49.99;49.99;5080;1000;0.0;0;0.0000;0;0;104;104;104
60;2014-08-29 07:08:00;909402N262;208;0.106;31;235;235;234;236;0.593;49.99;533.1;0.209;576.4;0.089;662.5;0.072;60;0;0;0.546;0.670;0.564;62;93;51;50.00;50.00;50.00;5080;1000;0.0;0;0.0000;0;0;106;106;106
60;2014-08-29 07:09:00;909402N262;211;0.110;31;235;235;234;236;0.536;50.00;534.7;0.210;576.2;0.089;669.1;0.073;60;0;0;0.508;0.604;0.496;65;88;57;50.00;50.00;50.00;5080;1000;0.0;0;0.0000;0;0;110;110;110
60;2014-08-29 07:10:00;909402N262;214;0.113;31;235;235;234;235;0.507;50.00;535.6;0.212;577.6;0.089;677.3;0.073;60;0;0;0.481;0.580;0.460;64;87;61;50.00;50.00;50.00;5080;1000;0.0;0;0.0000;0;0;113;113;113
60;2014-08-29 07:11:00;909402N262;217;0.117;31;235;235;234;235;0.476;49.99;534.2;0.216;580.4;0.090;684.3;0.073;60;0;0;0.414;0.573;0.442;62;89;64;49.99;49.99;49.99;5080;1000;0.0;0;0.0000;0;0;117;117;117
60;2014-08-29 07:12:00;909402N262;220;0.121;31;235;234;234;235;0.465;49.99;535.0;0.218;583.7;0.092;690.7;0.073;60;0;0;0.407;0.570;0.418;64;90;64;49.99;49.99;49.99;5080;1000;0.0;0;0.0000;0;0;121;121;121
60;2014-08-29 07:13:00;909402N262;224;0.125;31;235;235;234;235;0.465;49.98;536.4;0.220;586.4;0.093;694.5;0.073;60;0;0;0.421;0.576;0.398;68;94;60;49.98;49.98;49.98;5080;1000;0.0;0;0.0000;0;0;125;125;125
60;2014-08-29 07:14:00;909402N262;225;0.128;31;234;234;234;235;0.482;49.98;536.9;0.223;586.7;0.093;689.3;0.075;60;0;0;0.406;0.584;0.456;61;94;68;49.98;49.98;49.98;5080;1000;0.0;0;0.0000;0;0;128;128;128
60;2014-08-29 07:15:00;909402N262;228;0.133;31;234;234;234;235;0.485;50.00;536.5;0.225;581.1;0.096;689.4;0.076;60;0;0;0.433;0.594;0.430;67;95;65;50.00;50.00;50.00;5080;1000;0.0;0;0.0000;0;0;133;133;133
60;2014-08-29 07:16:00;909402N262;226;0.137;31;234;234;234;235;0.497;50.00;543.2;0.223;571.6;0.097;675.2;0.077;60;0;0;0.466;0.576;0.449;71;88;66;50.00;50.00;50.00;5080;1000;0.0;0;0.0000;0;0;137;137;137
60;2014-08-29 07:17:00;909402N262;232;0.140;31;234;234;234;234;0.491;49.98;569.8;0.213;582.0;0.097;688.6;0.075;60;0;0;0.452;0.576;0.445;71;90;69;49.98;49.98;49.98;5080;1000;0.0;0;0.0000;0;0;140;140;140
60;2014-08-29 07:18:00;909402N262;234;0.144;31;234;234;233;234;0.487;49.98;569.9;0.216;583.2;0.097;694.1;0.075;60;0;0;0.436;0.584;0.442;70;92;70;49.98;49.98;49.98;5080;1000;0.0;0;0.0000;0;0;144;144;144
60;2014-08-29 07:19:00;909402N262;235;0.147;31;234;234;234;234;0.480;49.97;570.6;0.217;583.3;0.099;699.8;0.075;60;0;0;0.439;0.561;0.441;72;90;72;49.97;49.97;49.97;5080;1000;0.0;0;0.0000;0;0;147;147;147
60;2014-08-29 07:20:00;909402N262;237;0.153;31;234;234;234;234;0.577;49.98;571.6;0.219;583.5;0.100;670.1;0.080;60;0;0;0.551;0.629;0.551;72;92;73;49.98;49.98;49.98;5080;1000;0.0;0;0.0000;0;0;153;153;153
60;2014-08-29 07:21:00;909402N262;240;0.156;31;234;234;234;234;0.576;49.97;572.4;0.221;586.2;0.101;669.8;0.082;60;0;0;0.522;0.647;0.561;68;93;77;49.97;49.97;49.97;5080;1000;0.0;0;0.0000;0;0;156;156;156
60;2014-08-29 07:22:00;909402N262;242;0.160;31;234;234;233;235;0.521;49.98;572.0;0.224;589.2;0.101;690.4;0.080;60;0;0;0.474;0.606;0.483;71;95;74;49.98;49.98;49.98;5080;1000;0.0;0;0.0000;0;0;160;160;160
60;2014-08-29 07:23:00;909402N262;246;0.164;31;234;234;233;235;0.518;49.97;571.7;0.227;592.3;0.101;688.8;0.081;60;0;0;0.467;0.610;0.479;73;96;75;49.97;49.97;49.97;5080;1000;0.0;0;0.0000;0;0;164;164;164
60;2014-08-29 07:24:00;909402N262;249;0.168;31;234;234;234;235;0.519;49.98;572.9;0.228;593.5;0.102;691.6;0.082;60;0;0;0.465;0.609;0.483;75;96;77;49.98;49.98;49.98;5080;1000;0.0;0;0.0000;0;0;168;168;168
60;2014-08-29 07:25:00;909402N262;252;0.173;32;234;234;234;234;0.516;49.99;573.8;0.231;588.7;0.105;697.5;0.082;60;0;0;0.469;0.597;0.483;76;96;78;49.99;49.99;49.99;5080;1000;0.0;0;0.0000;0;0;173;173;173
60;2014-08-29 07:26:00;909402N262;256;0.177;32;234;234;234;235;0.538;49.98;573.7;0.234;588.7;0.105;692.0;0.083;60;0;0;0.474;0.619;0.523;74;98;82;49.98;49.98;49.98;5080;1000;0.0;0;0.0000;0;0;177;177;177
60;2014-08-29 07:27:00;909402N262;259;0.181;32;235;235;235;235;0.549;49.98;573.8;0.239;589.7;0.108;691.5;0.084;60;0;0;0.494;0.640;0.513;77;100;80;49.98;49.98;49.98;5080;1000;0.0;0;0.0000;0;0;181;181;181
60;2014-08-29 07:28:00;909402N262;264;0.186;32;234;235;234;234;0.540;49.99;574.4;0.242;589.7;0.109;698.7;0.085;60;0;0;0.470;0.678;0.474;76;109;77;49.99;49.99;49.99;5080;1000;0.0;0;0.0000;0;0;186;186;186
60;2014-08-29 07:29:00;909402N262;268;0.191;32;234;235;234;234;0.545;49.99;574.8;0.246;593.3;0.110;703.1;0.085;60;0;0;0.452;0.680;0.504;73;110;84;49.99;49.99;49.99;5080;1000;0.0;0;0.0000;0;0;191;191;191
60;2014-08-29 07:30:00;909402N262;273;0.194;32;234;234;233;233;0.567;49.99;575.6;0.250;597.3;0.112;696.8;0.088;60;0;0;0.515;0.678;0.509;80;108;82;49.99;49.99;49.99;5080;1000;0.0;0;0.0000;0;0;194;194;194
60;2014-08-29 07:31:00;909402N262;274;0.199;32;233;233;234;233;0.563;49.99;563.8;0.258;587.8;0.115;688.5;0.091;60;0;0;0.528;0.662;0.499;84;106;82;49.99;49.99;49.99;5080;1000;0.0;0;0.0000;0;0;199;199;199
60;2014-08-29 07:32:00;909402N262;284;0.204;32;233;233;234;233;0.580;50.00;545.7;0.276;593.4;0.116;698.7;0.092;60;0;0;0.550;0.691;0.501;89;111;81;50.00;50.00;50.00;5080;1000;0.0;0;0.0000;0;0;204;204;204
60;2014-08-29 07:33:00;909402N262;289;0.209;32;233;233;233;233;0.590;49.99;547.3;0.281;592.9;0.119;698.1;0.094;60;0;0;0.556;0.704;0.512;90;114;83;49.99;49.99;49.99;5080;1000;0.0;0;0.0000;0;0;209;209;209
60;2014-08-29 07:34:00;909402N262;295;0.214;32;233;232;233;233;0.585;49.98;548.0;0.285;597.1;0.121;706.0;0.096;60;0;0;0.542;0.715;0.499;89;119;86;49.98;49.98;49.98;5080;1000;0.0;0;0.0000;0;0;214;214;214
60;2014-08-29 07:35:00;909402N262;301;0.219;32;233;232;233;233;0.578;49.98;550.3;0.289;599.8;0.122;717.1;0.097;60;0;0;0.554;0.681;0.501;94;117;86;49.98;49.98;49.98;5080;1000;0.0;0;0.0000;0;0;219;219;219
60;2014-08-29 07:36:00;909402N262;306;0.224;32;233;233;233;233;0.604;49.99;559.9;0.290;596.7;0.125;711.9;0.099;60;0;0;0.571;0.715;0.527;96;121;87;49.99;49.99;49.99;5080;1000;0.0;0;0.0000;0;0;224;224;224
60;2014-08-29 07:37:00;909402N262;313;0.229;32;233;233;233;233;0.619;49.98;564.3;0.293;597.4;0.127;704.2;0.103;60;0;0;0.566;0.740;0.552;95;124;93;49.98;49.98;49.98;5080;1000;0.0;0;0.0000;0;0;229;229;229
60;2014-08-29 07:38:00;909402N262;319;0.234;32;233;232;232;233;0.622;49.98;564.3;0.299;599.6;0.129;705.9;0.105;60;0;0;0.586;0.724;0.558;99;123;95;49.98;49.98;49.98;5080;1000;0.0;0;0.0000;0;0;234;234;234
60;2014-08-29 07:39:00;909402N262;324;0.239;32;232;232;232;233;0.623;49.97;565.0;0.302;603.3;0.130;711.1;0.105;60;0;0;0.606;0.681;0.582;104;117;101;49.97;49.97;49.97;5080;1000;0.0;0;0.0000;0;0;239;239;239
60;2014-08-29 07:40:00;909402N262;326;0.245;32;232;232;232;233;0.621;49.98;565.7;0.304;604.8;0.131;715.0;0.105;60;0;0;0.601;0.693;0.569;105;119;100;49.98;49.98;49.98;5080;1000;0.0;0;0.0000;0;0;245;245;245
60;2014-08-29 07:41:00;909402N262;327;0.251;32;232;232;232;233;0.617;49.99;566.1;0.305;604.4;0.132;715.5;0.105;60;0;0;0.592;0.687;0.573;104;119;102;49.99;49.99;49.99;5080;1000;0.0;0;0.0000;0;0;251;251;251
60;2014-08-29 07:42:00;909402N262;327;0.256;32;232;232;232;234;0.622;49.98;566.2;0.305;604.7;0.132;712.4;0.105;60;0;0;0.588;0.680;0.600;102;118;105;49.98;49.98;49.98;5080;1000;0.0;0;0.0000;0;0;256;256;256
60;2014-08-29 07:43:00;909402N262;324;0.261;32;233;232;232;233;0.629;49.99;566.6;0.304;604.5;0.132;707.7;0.105;60;0;0;0.606;0.693;0.590;103;119;101;49.99;49.99;49.99;5080;1000;0.0;0;0.0000;0;0;261;261;261
60;2014-08-29 07:44:00;909402N262;324;0.267;32;233;232;232;233;0.638;49.98;559.4;0.307;604.5;0.131;704.6;0.105;60;0;0;0.608;0.704;0.603;103;117;102;49.98;49.98;49.98;5080;1000;0.0;0;0.0000;0;0;267;267;267
60;2014-08-29 07:45:00;909402N262;325;0.273;32;233;232;232;233;0.642;49.98;538.1;0.320;604.6;0.131;701.8;0.105;60;0;0;0.567;0.731;0.628;95;121;105;49.98;49.98;49.98;5080;1000;0.0;0;0.0000;0;0;273;273;273
60;2014-08-29 07:46:00;909402N262;319;0.277;32;233;232;233;233;0.629;49.97;532.5;0.321;593.0;0.132;698.4;0.105;60;0;0;0.597;0.743;0.547;101;125;91;49.97;49.97;49.97;5080;1000;0.0;0;0.0000;0;0;277;277;277
60;2014-08-29 07:47:00;909402N262;322;0.283;32;233;232;233;233;0.642;49.97;545.4;0.317;604.5;0.131;700.7;0.104;60;0;0;0.606;0.710;0.612;100;118;101;49.97;49.97;49.97;5080;1000;0.0;0;0.0000;0;0;283;283;283
60;2014-08-29 07:48:00;909402N262;323;0.289;32;233;232;233;234;0.642;49.97;552.0;0.313;604.6;0.131;700.1;0.104;60;0;0;0.585;0.758;0.584;98;125;97;49.97;49.97;49.97;5080;1000;0.0;0;0.0000;0;0;289;289;289
60;2014-08-29 07:49:00;909402N262;324;0.293;32;233;233;233;233;0.640;49.97;552.1;0.314;604.4;0.132;700.0;0.103;60;0;0;0.575;0.738;0.608;96;123;102;49.97;49.97;49.97;5080;1000;0.0;0;0.0000;0;0;293;293;293
60;2014-08-29 07:50:00;909402N262;324;0.299;33;233;233;233;233;0.642;49.97;551.8;0.316;602.0;0.132;699.8;0.103;60;0;0;0.583;0.757;0.588;98;126;99;49.97;49.97;49.97;5080;1000;0.0;0;0.0000;0;0;299;299;299
60;2014-08-29 07:51:00;909402N262;326;0.305;33;233;233;232;233;0.645;49.98;551.1;0.318;599.2;0.134;701.0;0.103;60;0;0;0.588;0.764;0.583;98;127;98;49.98;49.98;49.98;5080;1000;0.0;0;0.0000;0;0;305;305;305
60;2014-08-29 07:52:00;909402N262;328;0.310;33;233;233;233;233;0.643;49.99;551.1;0.320;598.8;0.135;700.7;0.104;60;0;0;0.547;0.769;0.615;92;130;104;49.99;49.99;49.99;5080;1000;0.0;0;0.0000;0;0;310;310;310
60;2014-08-29 07:53:00;909402N262;329;0.316;33;233;233;233;233;0.650;49.98;551.1;0.322;599.1;0.136;700.4;0.104;60;0;0;0.561;0.761;0.630;94;127;106;49.98;49.98;49.98;5080;1000;0.0;0;0.0000;0;0;316;316;316
60;2014-08-29 07:54:00;909402N262;330;0.321;33;233;233;233;232;0.655;49.99;550.4;0.324;599.2;0.136;699.4;0.105;60;0;0;0.572;0.766;0.627;95;127;105;49.99;49.99;49.99;5080;1000;0.0;0;0.0000;0;0;321;321;321
60;2014-08-29 07:55:00;909402N262;333;0.327;33;233;233;233;232;0.657;50.00;543.5;0.330;599.4;0.136;700.9;0.105;60;0;0;0.575;0.753;0.643;96;127;108;50.00;50.00;50.00;5080;1000;0.0;0;0.0000;0;0;327;327;327
60;2014-08-29 07:56:00;909402N262;334;0.332;33;233;233;233;233;0.662;50.02;540.2;0.333;599.8;0.137;701.6;0.105;60;0;0;0.584;0.771;0.631;99;128;106;50.02;50.02;50.02;5080;1000;0.0;0;0.0000;0;0;332;332;332
60;2014-08-29 07:57:00;909402N262;335;0.337;33;233;233;233;233;0.658;50.01;539.8;0.335;599.7;0.139;704.3;0.105;60;0;0;0.573;0.756;0.646;96;128;109;50.01;50.01;50.01;5080;1000;0.0;0;0.0000;0;0;337;337;337
60;2014-08-29 07:58:00;909402N262;338;0.344;33;233;233;233;232;0.650;50.04;539.9;0.337;600.6;0.139;707.3;0.105;60;0;0;0.584;0.744;0.622;99;129;107;50.04;50.04;50.04;5080;1000;0.0;0;0.0000;0;0;344;344;344
60;2014-08-29 07:59:00;909402N262;340;0.349;33;233;233;233;232;0.654;50.07;539.9;0.339;601.7;0.139;709.5;0.106;60;0;0;0.573;0.759;0.631;99;129;110;50.07;50.07;50.07;5080;1000;0.0;0;0.0000;0;0;349;349;349
60;2014-08-29 08:00:00;909402N262;341;0.355;33;232;232;233;232;0.650;50.05;539.6;0.341;602.6;0.140;712.2;0.106;60;0;0;0.590;0.727;0.635;102;125;112;50.05;50.05;50.05;5080;1000;0.0;0;0.0000;0;0;355;355;355
[wr_ende]
