20140701;210000;danfoss;My Plant;+0100
[wr_def_start]
909402N262;Inverter Type;Inverter Group;Hanzl
[wr_def_end]
[wr]
INTERVAL;TIMESTAMP;SERIAL;P_AC;E_DAY;T_WR;U_AC;U_AC_1;U_AC_2;U_AC_3;I_AC;F_AC;U_DC_1;I_DC_1;U_DC_2;I_DC_2;U_DC_3;I_DC_3;S;E_WR;M_WR;I_AC_1;I_AC_2;I_AC_3;P_AC_1;P_AC_2;P_AC_3;F_AC_1;F_AC_2;F_AC_3;R_DC;PC;PCS;PCS_LL;COS_PHI;COS_PHI_LL;S_COS_PHI;Current_Day_Energy;current_Day_Offset;ccEnergyOfDay_WithoutOffset
60;2014-07-01 20:01:00;909402N262;336;75.801;44;235;234;235;235;0.680;49.98;510.1;0.199;593.9;0.293;682.8;0.093;60;0;0;0.519;0.825;0.696;84;136;114;49.98;49.98;49.98;10502;1000;0.0;0;0.0000;0;0;75801;75801;75801
60;2014-07-01 20:02:00;909402N262;331;75.806;44;234;234;235;234;0.690;49.99;512.6;0.194;611.9;0.279;686.4;0.091;60;0;0;0.578;0.798;0.696;91;128;110;49.99;49.99;49.99;10502;1000;0.0;0;0.0000;0;0;75806;75806;75806
60;2014-07-01 20:03:00;909402N262;319;75.811;44;234;234;234;235;0.681;49.99;510.6;0.190;610.0;0.266;681.3;0.089;60;0;0;0.632;0.753;0.660;97;117;103;49.99;49.99;49.99;10502;1000;0.0;0;0.0000;0;0;75811;75811;75811
60;2014-07-01 20:04:00;909402N262;303;75.816;44;234;235;234;233;0.637;49.99;507.9;0.185;607.7;0.249;688.1;0.085;60;0;0;0.504;0.773;0.636;78;122;100;49.99;49.99;49.99;10502;1000;0.0;0;0.0000;0;0;75816;75816;75816
60;2014-07-01 20:05:00;909402N262;281;75.821;44;234;235;234;234;0.610;49.98;506.3;0.178;602.8;0.226;679.6;0.082;60;0;0;0.536;0.728;0.567;80;112;87;49.98;49.98;49.98;10502;1000;0.0;0;0.0000;0;0;75821;75821;75821
60;2014-07-01 20:06:00;909402N262;261;75.825;44;234;234;235;234;0.603;49.99;503.9;0.172;597.3;0.206;661.6;0.080;60;0;0;0.553;0.653;0.604;78;92;88;49.99;49.99;49.99;10502;1000;0.0;0;0.0000;0;0;75825;75825;75825
60;2014-07-01 20:07:00;909402N262;268;75.830;44;235;234;235;235;0.619;50.00;504.9;0.170;603.3;0.216;665.2;0.081;60;0;0;0.516;0.682;0.661;73;96;97;50.00;50.00;50.00;10502;1000;0.0;0;0.0000;0;0;75830;75830;75830
60;2014-07-01 20:08:00;909402N262;268;75.834;44;235;234;235;234;0.628;50.01;504.9;0.168;603.8;0.217;661.7;0.080;60;0;0;0.476;0.741;0.667;66;102;97;50.01;50.01;50.01;10502;1000;0.0;0;0.0000;0;0;75834;75834;75834
60;2014-07-01 20:09:00;909402N262;255;75.838;44;235;235;235;234;0.581;50.00;501.0;0.165;601.9;0.204;672.9;0.075;60;0;0;0.488;0.684;0.572;69;99;86;50.00;50.00;50.00;10502;1000;0.0;0;0.0000;0;0;75838;75838;75838
60;2014-07-01 20:10:00;909402N262;219;75.842;44;235;235;235;234;0.557;50.00;495.9;0.157;590.7;0.164;659.1;0.069;60;0;0;0.538;0.648;0.485;65;85;67;50.00;50.00;50.00;10502;1000;0.0;0;0.0000;0;0;75842;75842;75842
60;2014-07-01 20:11:00;909402N262;207;75.846;43;235;234;235;235;0.503;50.01;493.1;0.152;585.2;0.154;665.7;0.065;60;0;0;0.477;0.604;0.430;64;81;60;50.01;50.01;50.01;10502;1000;0.0;0;0.0000;0;0;75846;75846;75846
60;2014-07-01 20:12:00;909402N262;220;75.849;43;235;235;235;235;0.538;49.99;495.7;0.151;596.0;0.170;650.1;0.069;60;0;0;0.554;0.554;0.506;75;71;72;49.99;49.99;49.99;10502;1000;0.0;0;0.0000;0;0;75849;75849;75849
60;2014-07-01 20:13:00;909402N262;218;75.853;43;235;235;235;234;0.545;49.99;499.2;0.149;601.0;0.167;654.6;0.068;60;0;0;0.542;0.604;0.489;67;79;70;49.99;49.99;49.99;10502;1000;0.0;0;0.0000;0;0;75853;75853;75853
60;2014-07-01 20:14:00;909402N262;209;75.856;43;235;235;235;234;0.528;50.00;493.3;0.147;597.6;0.160;663.6;0.064;60;0;0;0.520;0.605;0.459;63;79;65;50.00;50.00;50.00;10502;1000;0.0;0;0.0000;0;0;75856;75856;75856
60;2014-07-01 20:15:00;909402N262;198;75.859;43;235;235;235;235;0.546;49.99;495.3;0.142;588.6;0.149;650.1;0.063;60;0;0;0.548;0.621;0.469;62;73;60;49.99;49.99;49.99;10502;1000;0.0;0;0.0000;0;0;75859;75859;75859
60;2014-07-01 20:16:00;909402N262;185;75.862;43;235;235;235;235;0.547;49.98;492.4;0.137;574.1;0.140;639.4;0.062;60;0;0;0.530;0.660;0.453;50;79;55;49.98;49.98;49.98;10502;1000;0.0;0;0.0000;0;0;75862;75862;75862
60;2014-07-01 20:17:00;909402N262;179;75.866;43;235;235;235;234;0.558;49.98;489.7;0.135;592.2;0.127;646.1;0.059;60;0;0;0.533;0.685;0.458;45;78;53;49.98;49.98;49.98;10502;1000;0.0;0;0.0000;0;0;75866;75866;75866
60;2014-07-01 20:18:00;909402N262;171;75.868;43;235;234;235;235;0.533;49.97;494.1;0.130;604.3;0.117;648.0;0.057;60;0;0;0.483;0.658;0.459;39;76;54;49.97;49.97;49.97;10502;1000;0.0;0;0.0000;0;0;75868;75868;75868
60;2014-07-01 20:19:00;909402N262;161;75.871;43;235;234;235;235;0.531;50.00;490.0;0.127;587.1;0.108;654.0;0.054;60;0;0;0.504;0.672;0.419;43;72;44;50.00;50.00;50.00;10502;1000;0.0;0;0.0000;0;0;75871;75871;75871
60;2014-07-01 20:20:00;909402N262;153;75.875;43;235;234;235;235;0.516;49.99;492.8;0.122;587.9;0.100;650.3;0.054;60;0;0;0.444;0.690;0.414;35;76;41;49.99;49.99;49.99;10502;1000;0.0;0;0.0000;0;0;75875;75875;75875
60;2014-07-01 20:21:00;909402N262;144;75.876;43;235;234;235;235;0.465;49.99;494.5;0.117;593.4;0.088;653.6;0.050;60;0;0;0.342;0.633;0.420;23;69;51;49.99;49.99;49.99;10502;1000;0.0;0;0.0000;0;0;75876;75876;75876
60;2014-07-01 20:22:00;909402N262;134;75.879;43;235;234;235;235;0.404;49.99;485.8;0.114;586.9;0.080;648.5;0.048;60;0;0;0.274;0.603;0.337;27;65;40;49.99;49.99;49.99;10502;1000;0.0;0;0.0000;0;0;75879;75879;75879
60;2014-07-01 20:23:00;909402N262;123;75.881;43;234;234;234;235;0.402;49.98;487.5;0.108;587.4;0.070;630.5;0.046;60;0;0;0.381;0.484;0.342;43;52;25;49.98;49.98;49.98;10502;1000;0.0;0;0.0000;0;0;75881;75881;75881
60;2014-07-01 20:24:00;909402N262;114;75.883;43;234;233;234;235;0.381;49.98;487.0;0.102;573.6;0.064;626.8;0.044;60;0;0;0.321;0.495;0.329;35;47;31;49.98;49.98;49.98;10502;1000;0.0;0;0.0000;0;0;75883;75883;75883
60;2014-07-01 20:25:00;909402N262;109;75.884;43;234;233;234;234;0.374;49.98;491.2;0.097;564.2;0.060;619.5;0.042;60;0;0;0.321;0.475;0.327;32;42;33;49.98;49.98;49.98;10502;1000;0.0;0;0.0000;0;0;75884;75884;75884
60;2014-07-01 20:26:00;909402N262;102;75.886;43;234;234;234;234;0.355;50.00;483.8;0.095;553.4;0.056;623.6;0.040;60;0;0;0.318;0.443;0.305;25;50;26;50.00;50.00;50.00;10502;1000;0.0;0;0.0000;0;0;75886;75886;75886
60;2014-07-01 20:27:00;909402N262;97;75.888;43;234;234;234;234;0.355;50.01;485.9;0.090;554.0;0.051;627.0;0.039;60;0;0;0.286;0.509;0.271;15;52;28;50.01;50.01;50.01;10502;1000;0.0;0;0.0000;0;0;75888;75888;75888
60;2014-07-01 20:28:00;909402N262;91;75.889;43;235;234;235;235;0.341;50.00;482.1;0.088;535.5;0.050;619.6;0.038;60;0;0;0.277;0.478;0.269;16;44;29;50.00;50.00;50.00;10502;1000;0.0;0;0.0000;0;0;75889;75889;75889
60;2014-07-01 20:29:00;909402N262;86;75.892;43;235;234;235;235;0.326;49.98;478.1;0.084;523.7;0.047;620.2;0.035;60;0;0;0.224;0.515;0.241;13;46;26;49.98;49.98;49.98;10502;1000;0.0;0;0.0000;0;0;75892;75892;75892
60;2014-07-01 20:30:00;909402N262;81;75.892;42;235;234;236;235;0.313;49.98;483.7;0.079;529.3;0.042;611.1;0.035;60;0;0;0.206;0.478;0.256;17;32;30;49.98;49.98;49.98;10502;1000;0.0;0;0.0000;0;0;75892;75892;75892
60;2014-07-01 20:31:00;909402N262;73;75.893;42;235;234;236;235;0.301;50.01;463.9;0.076;494.5;0.041;590.5;0.031;60;0;0;0.220;0.463;0.222;22;26;23;50.01;50.01;50.01;10502;1000;0.0;0;0.0000;0;0;75893;75893;75893
60;2014-07-01 20:32:00;909402N262;66;75.895;42;235;234;236;235;0.283;50.00;472.1;0.069;491.3;0.036;603.8;0.027;60;0;0;0.186;0.442;0.223;17;23;24;50.00;50.00;50.00;10502;1000;0.0;0;0.0000;0;0;75895;75895;75895
60;2014-07-01 20:33:00;909402N262;57;75.895;42;235;234;236;235;0.249;50.00;452.3;0.064;477.0;0.031;594.9;0.024;60;0;0;0.163;0.390;0.195;14;22;20;50.00;50.00;50.00;10502;1000;0.0;0;0.0000;0;0;75895;75895;75895
60;2014-07-01 20:34:00;909402N262;52;75.897;42;235;234;235;236;0.236;50.01;459.4;0.057;464.1;0.028;568.9;0.023;60;0;0;0.158;0.300;0.250;16;14;21;50.01;50.01;50.01;10502;1000;0.0;0;0.0000;0;0;75897;75897;75897
60;2014-07-01 20:35:00;909402N262;47;75.897;42;235;235;235;235;0.220;50.00;453.4;0.053;473.4;0.025;546.0;0.021;60;0;0;0.190;0.309;0.161;10;22;13;50.00;50.00;50.00;10502;1000;0.0;0;0.0000;0;0;75897;75897;75897
60;2014-07-01 20:36:00;909402N262;42;75.897;42;235;235;235;235;0.220;49.99;454.3;0.049;466.5;0.023;519.6;0.019;60;0;0;0.175;0.313;0.174;4;23;15;49.99;49.99;49.99;10502;1000;0.0;0;0.0000;0;0;75897;75897;75897
60;2014-07-01 20:37:00;909402N262;38;75.899;42;235;235;234;235;0.209;49.97;443.8;0.045;448.2;0.021;561.0;0.015;60;0;0;0.210;0.158;0.260;2;14;25;49.97;49.97;49.97;10502;1000;0.0;0;0.0000;0;0;75899;75899;75899
60;2014-07-01 20:38:00;909402N262;33;75.899;42;234;234;234;235;0.186;49.98;447.2;0.040;436.2;0.019;527.8;0.015;60;0;0;0.176;0.138;0.245;4;10;21;49.98;49.98;49.98;10502;1000;0.0;0;0.0000;0;0;75899;75899;75899
60;2014-07-01 20:39:00;909402N262;29;75.899;42;235;235;234;235;0.187;49.98;428.2;0.038;430.9;0.016;522.3;0.014;60;0;0;0.193;0.130;0.240;1;7;24;49.98;49.98;49.98;10502;1000;0.0;0;0.0000;0;0;75899;75899;75899
60;2014-07-01 20:40:00;909402N262;25;75.900;42;235;234;234;235;0.164;49.99;424.3;0.034;459.7;0.012;518.3;0.011;60;0;0;0.146;0.112;0.234;3;7;18;49.99;49.99;49.99;10502;1000;0.0;0;0.0000;0;0;75900;75900;75900
60;2014-07-01 20:41:00;909402N262;22;75.900;42;235;235;234;235;0.151;49.99;426.6;0.031;427.2;0.011;517.1;0.010;60;0;0;0.176;0.109;0.169;2;8;14;49.99;49.99;49.99;10502;1000;0.0;0;0.0000;0;0;75900;75900;75900
60;2014-07-01 20:42:00;909402N262;18;75.900;42;235;235;235;235;0.146;49.99;401.9;0.028;453.1;0.008;517.9;0.007;60;0;0;0.165;0.132;0.142;2;4;16;49.99;49.99;49.99;10502;1000;0.0;0;0.0000;0;0;75900;75900;75900
60;2014-07-01 20:43:00;909402N262;16;75.900;42;235;235;235;234;0.162;49.99;416.8;0.024;447.7;0.007;521.1;0.007;60;0;0;0.209;0.134;0.145;2;4;16;49.99;49.99;49.99;10502;1000;0.0;0;0.0000;0;0;75900;75900;75900
60;2014-07-01 20:44:00;909402N262;13;75.901;42;234;235;235;234;0.169;49.98;416.7;0.021;422.4;0.007;508.7;0.006;60;0;0;0.199;0.135;0.173;0;3;20;49.98;49.98;49.98;10502;1000;0.0;0;0.0000;0;0;75901;75901;75901
60;2014-07-01 20:45:00;909402N262;10;75.901;42;235;235;235;235;0.162;49.97;416.9;0.018;381.6;0.007;460.2;0.005;60;0;0;0.176;0.112;0.198;0;1;22;49.97;49.97;49.97;10502;1000;0.0;0;0.0000;0;0;75901;75901;75901
60;2014-07-01 20:46:00;909402N262;7;75.901;42;235;235;235;235;0.137;49.98;407.5;0.015;344.5;0.006;402.3;0.004;60;0;0;0.158;0.095;0.160;0;0;18;49.98;49.98;49.98;10502;1000;0.0;0;0.0000;0;0;75901;75901;75901
60;2014-07-01 20:47:00;909402N262;4;75.902;42;235;235;235;235;0.139;49.99;395.1;0.015;312.8;0.007;325.8;0.005;60;0;0;0.173;0.138;0.108;2;1;8;49.99;49.99;49.99;10502;1000;0.0;0;0.0000;0;0;75902;75902;75902
60;2014-07-01 20:48:00;909402N262;1;75.902;42;235;235;235;235;0.145;49.99;392.4;0.014;281.2;0.007;283.6;0.004;60;0;0;0.138;0.223;0.075;2;2;3;49.99;49.99;49.99;10502;1000;0.0;0;0.0000;0;0;75902;75902;75902
60;2014-07-01 20:49:00;909402N262;2;75.902;42;235;235;235;235;0.116;50.00;397.0;0.011;378.2;0.003;272.7;0.003;60;0;0;0.124;0.163;0.062;2;1;4;50.00;50.00;50.00;10502;1000;0.0;0;0.0000;0;0;75902;75902;75902
60;2014-07-01 20:50:00;909402N262;0;75.902;41;235;235;235;235;0.044;49.99;381.8;0.011;347.9;0.003;283.3;0.003;60;0;0;0.039;0.069;0.024;0;1;1;49.99;49.99;49.99;10502;1000;0.0;0;0.0000;0;0;75902;75902;75902
60;2014-07-01 20:51:00;909402N262;0;75.902;41;235;234;235;235;0.023;49.97;367.0;0.009;318.8;0.003;297.5;0.002;60;0;0;0.015;0.044;0.012;0;0;0;49.97;49.97;49.97;10502;1000;0.0;0;0.0000;0;0;75902;75902;75902
60;2014-07-01 20:52:00;909402N262;0;75.902;41;235;235;235;235;0.001;49.98;340.8;0.007;276.4;0.003;290.0;0.001;60;0;0;0.000;0.005;0.000;0;0;0;49.98;49.98;49.98;10502;1000;0.0;0;0.0000;0;0;75902;75902;75902
60;2014-07-01 20:53:00;909402N262;0;75.902;41;235;235;236;235;0.000;49.98;267.3;0.007;258.7;0.003;272.4;0.000;60;0;0;0.000;0.002;0.000;0;0;0;49.98;49.98;49.98;10502;1000;0.0;0;0.0000;0;0;75902;75902;75902
60;2014-07-01 20:54:00;909402N262;0;75.902;41;235;235;236;235;0.001;49.98;264.0;0.006;265.8;0.002;265.2;0.000;60;0;0;0.000;0.005;0.000;0;0;0;49.98;49.98;49.98;10502;1000;0.0;0;0.0000;0;0;75902;75902;75902
60;2014-07-01 20:55:00;909402N262;0;75.902;41;235;235;236;235;0.002;49.99;261.5;0.003;283.4;0.000;258.7;0.000;60;0;0;0.000;0.006;0.000;0;0;0;49.99;49.99;49.99;10502;1000;0.0;0;0.0000;0;0;75902;75902;75902
60;2014-07-01 20:56:00;909402N262;0;75.902;41;235;235;237;234;0.000;50.00;406.1;0.000;350.4;0.000;347.2;0.000;50;0;0;0.000;0.000;0.000;0;0;0;49.99;50.00;50.00;10502;1000;0.0;0;0.0000;0;0;75902;75902;75902
60;2014-07-01 20:57:00;909402N262;0;75.902;41;235;235;237;234;0.000;50.00;406.6;0.000;342.3;0.000;343.5;0.000;50;0;0;0.000;0.000;0.000;0;0;0;50.00;50.00;50.00;10502;1000;0.0;0;0.0000;0;0;75902;75902;75902
60;2014-07-01 20:58:00;909402N262;0;75.902;41;235;235;237;234;0.000;49.99;393.7;0.000;330.3;0.000;326.8;0.000;50;0;0;0.000;0.000;0.000;0;0;0;49.99;49.99;49.99;10502;1000;0.0;0;0.0000;0;0;75902;75902;75902
60;2014-07-01 20:59:00;909402N262;0;75.902;41;235;235;237;234;0.000;49.99;268.4;0.000;263.1;0.000;263.2;0.000;50;0;0;0.000;0.000;0.000;0;0;0;49.99;49.99;49.99;10502;1000;0.0;0;0.0000;0;0;75902;75902;75902
60;2014-07-01 21:00:00;909402N262;0;75.902;40;235;235;237;234;0.000;49.99;237.1;0.000;236.5;0.000;236.3;0.000;50;0;0;0.000;0.000;0.000;0;0;0;49.99;49.99;49.99;10502;1000;0.0;0;0.0000;0;0;75902;75902;75902
[wr_ende]
