20140523;100003;danfoss;My Plant;+0100
[wr_def_start]
909402N262;Inverter Type;Inverter Group;Hanzl
[wr_def_end]
[wr]
INTERVAL;TIMESTAMP;SERIAL;P_AC;E_DAY;T_WR;U_AC;U_AC_1;U_AC_2;U_AC_3;I_AC;F_AC;U_DC_1;I_DC_1;U_DC_2;I_DC_2;U_DC_3;I_DC_3;S;E_WR;M_WR;I_AC_1;I_AC_2;I_AC_3;P_AC_1;P_AC_2;P_AC_3;F_AC_1;F_AC_2;F_AC_3;R_DC;PC;PCS;PCS_LL;COS_PHI;COS_PHI_LL;S_COS_PHI;Current_Day_Energy;current_Day_Offset;ccEnergyOfDay_WithoutOffset
60;2014-05-23 09:01:00;909402N262;1861;3.152;39;235;236;235;236;2.693;49.98;592.8;1.234;636.5;0.938;787.1;0.754;60;0;0;2.646;2.728;2.707;608;625;625;49.98;49.98;49.98;8248;1000;0.0;0;0.0000;0;0;3152;3152;3152
60;2014-05-23 09:02:00;909402N262;1985;3.185;39;235;236;235;236;2.879;49.99;597.5;1.238;389.0;1.719;795.1;0.754;60;0;0;2.831;2.909;2.898;649;667;668;49.99;49.99;49.99;8248;1000;0.0;0;0.0000;0;0;3185;3185;3185
60;2014-05-23 09:03:00;909402N262;2014;3.218;39;235;235;235;236;2.919;50.00;592.8;1.268;394.4;1.732;795.0;0.759;60;0;0;2.873;2.947;2.939;659;676;677;50.00;50.00;50.00;8248;1000;0.0;0;0.0000;0;0;3218;3218;3218
60;2014-05-23 09:04:00;909402N262;2044;3.252;39;235;235;235;236;2.959;50.01;588.4;1.294;400.2;1.745;795.0;0.766;60;0;0;2.907;2.986;2.986;668;685;688;50.01;50.01;50.01;8248;1000;0.0;0;0.0000;0;0;3252;3252;3252
60;2014-05-23 09:05:00;909402N262;2069;3.287;39;235;236;235;236;2.992;50.01;587.3;1.312;405.9;1.756;794.8;0.769;60;0;0;2.942;3.021;3.013;678;694;695;50.01;50.01;50.01;8248;1000;0.0;0;0.0000;0;0;3287;3287;3287
60;2014-05-23 09:06:00;909402N262;2093;3.322;39;235;235;235;236;3.026;50.01;586.4;1.328;409.1;1.771;794.8;0.775;60;0;0;2.966;3.054;3.059;683;702;706;50.01;50.01;50.01;8248;1000;0.0;0;0.0000;0;0;3322;3322;3322
60;2014-05-23 09:07:00;909402N262;2122;3.358;39;235;235;235;236;3.065;50.02;584.3;1.345;414.3;1.787;794.9;0.782;60;0;0;3.002;3.100;3.094;692;713;715;50.02;50.02;50.02;8248;1000;0.0;0;0.0000;0;0;3358;3358;3358
60;2014-05-23 09:08:00;909402N262;2166;3.393;39;235;236;235;236;3.130;50.02;576.2;1.387;423.7;1.813;794.8;0.788;60;0;0;3.061;3.165;3.164;707;727;731;50.02;50.02;50.02;8248;1000;0.0;0;0.0000;0;0;3393;3393;3393
60;2014-05-23 09:09:00;909402N262;2198;3.429;39;236;236;235;236;3.178;50.03;575.5;1.410;427.9;1.834;794.1;0.792;60;0;0;3.120;3.204;3.211;720;736;740;50.03;50.03;50.03;8248;1000;0.0;0;0.0000;0;0;3429;3429;3429
60;2014-05-23 09:10:00;909402N262;2231;3.467;39;235;236;235;236;3.217;50.01;575.0;1.431;431.8;1.853;794.7;0.800;60;0;0;3.163;3.249;3.241;731;748;749;50.01;50.01;50.01;8248;1000;0.0;0;0.0000;0;0;3467;3467;3467
60;2014-05-23 09:11:00;909402N262;2269;3.505;39;235;236;235;236;3.271;50.00;574.6;1.456;439.7;1.871;794.9;0.802;60;0;0;3.220;3.301;3.292;745;762;761;50.00;50.00;50.00;8248;1000;0.0;0;0.0000;0;0;3505;3505;3505
60;2014-05-23 09:12:00;909402N262;2304;3.544;39;235;236;235;236;3.319;50.02;574.1;1.484;443.1;1.897;795.2;0.806;60;0;0;3.261;3.347;3.351;755;773;775;50.02;50.02;50.02;8248;1000;0.0;0;0.0000;0;0;3544;3544;3544
60;2014-05-23 09:13:00;909402N262;2345;3.582;39;235;235;235;235;3.380;50.01;573.6;1.513;448.0;1.920;795.2;0.814;60;0;0;3.323;3.410;3.409;768;787;788;50.01;50.01;50.01;8248;1000;0.0;0;0.0000;0;0;3582;3582;3582
60;2014-05-23 09:14:00;909402N262;2386;3.622;39;235;235;235;235;3.438;50.01;573.1;1.545;451.9;1.946;795.2;0.820;60;0;0;3.379;3.465;3.471;782;800;803;50.01;50.01;50.01;8248;1000;0.0;0;0.0000;0;0;3622;3622;3622
60;2014-05-23 09:15:00;909402N262;2435;3.663;39;235;235;235;235;3.508;50.00;572.4;1.578;458.5;1.969;795.3;0.829;60;0;0;3.458;3.533;3.533;800;816;817;50.00;50.00;50.00;8248;1000;0.0;0;0.0000;0;0;3663;3663;3663
60;2014-05-23 09:16:00;909402N262;2456;3.704;39;235;235;235;235;3.530;50.01;559.6;1.679;462.2;1.976;789.0;0.845;60;0;0;3.481;3.554;3.556;808;822;825;50.01;50.01;50.01;8248;1000;0.0;0;0.0000;0;0;3704;3704;3704
60;2014-05-23 09:17:00;909402N262;2552;3.746;39;235;235;235;235;3.655;50.01;509.8;1.937;464.4;2.001;794.6;0.843;60;0;0;3.602;3.690;3.675;839;856;855;50.01;50.01;50.01;8248;1000;0.0;0;0.0000;0;0;3746;3746;3746
60;2014-05-23 09:18:00;909402N262;2593;3.789;39;235;235;234;235;3.713;50.01;507.9;1.978;470.0;2.013;794.8;0.852;60;0;0;3.657;3.739;3.744;851;868;871;50.01;50.01;50.01;8248;1000;0.0;0;0.0000;0;0;3789;3789;3789
60;2014-05-23 09:19:00;909402N262;2638;3.833;39;235;235;234;235;3.777;50.00;506.4;2.019;474.6;2.035;794.7;0.863;60;0;0;3.730;3.807;3.795;870;883;882;50.00;50.00;50.00;8248;1000;0.0;0;0.0000;0;0;3833;3833;3833
60;2014-05-23 09:20:00;909402N262;2677;3.878;39;235;235;234;234;3.836;50.01;504.8;2.060;477.6;2.053;794.5;0.873;60;0;0;3.791;3.870;3.848;884;898;893;50.01;50.01;50.01;8248;1000;0.0;0;0.0000;0;0;3878;3878;3878
60;2014-05-23 09:21:00;909402N262;2715;3.922;40;235;235;234;234;3.889;50.02;502.8;2.102;479.6;2.068;794.7;0.884;60;0;0;3.842;3.926;3.900;896;911;906;50.02;50.02;50.02;8248;1000;0.0;0;0.0000;0;0;3922;3922;3922
60;2014-05-23 09:22:00;909402N262;2739;3.969;40;234;235;234;234;3.924;50.02;500.4;2.143;479.7;2.082;794.7;0.886;60;0;0;3.884;3.951;3.937;906;916;914;50.02;50.02;50.02;8248;1000;0.0;0;0.0000;0;0;3969;3969;3969
60;2014-05-23 09:23:00;909402N262;2773;4.015;40;234;235;234;235;3.973;50.01;498.6;2.182;483.8;2.092;794.9;0.895;60;0;0;3.923;4.000;3.997;914;927;930;50.01;50.01;50.01;8248;1000;0.0;0;0.0000;0;0;4015;4015;4015
60;2014-05-23 09:24:00;909402N262;2820;4.061;40;234;235;234;235;4.051;49.98;497.3;2.220;490.0;2.115;795.1;0.904;60;0;0;4.013;4.081;4.061;933;941;945;49.98;49.98;49.98;8248;1000;0.0;0;0.0000;0;0;4061;4061;4061
60;2014-05-23 09:25:00;909402N262;2855;4.109;40;235;235;234;235;4.090;49.99;495.8;2.257;491.6;2.129;794.9;0.916;60;0;0;4.037;4.122;4.111;939;954;960;49.99;49.99;49.99;8248;1000;0.0;0;0.0000;0;0;4109;4109;4109
60;2014-05-23 09:26:00;909402N262;2896;4.158;40;235;235;234;235;4.149;49.99;495.2;2.288;495.6;2.148;795.0;0.929;60;0;0;4.093;4.179;4.177;952;968;975;49.99;49.99;49.99;8248;1000;0.0;0;0.0000;0;0;4158;4158;4158
60;2014-05-23 09:27:00;909402N262;2934;4.206;40;235;235;235;235;4.198;49.99;494.6;2.321;496.0;2.169;795.3;0.944;60;0;0;4.147;4.226;4.222;966;980;986;49.99;49.99;49.99;8248;1000;0.0;0;0.0000;0;0;4206;4206;4206
60;2014-05-23 09:28:00;909402N262;2976;4.256;40;235;235;235;235;4.254;50.00;494.0;2.350;502.3;2.180;795.3;0.956;60;0;0;4.197;4.285;4.282;979;995;1000;50.00;50.00;50.00;8248;1000;0.0;0;0.0000;0;0;4256;4256;4256
60;2014-05-23 09:29:00;909402N262;3033;4.307;40;235;235;234;235;4.338;50.00;493.4;2.384;506.4;2.206;795.1;0.983;60;0;0;4.287;4.364;4.365;999;1013;1019;50.00;50.00;50.00;8248;1000;0.0;0;0.0000;0;0;4307;4307;4307
60;2014-05-23 09:30:00;909402N262;3070;4.358;40;235;234;235;236;4.391;49.99;493.0;2.416;506.7;2.225;795.2;1.000;60;0;0;4.325;4.431;4.418;1005;1031;1033;49.99;49.99;49.99;8248;1000;0.0;0;0.0000;0;0;4358;4358;4358
60;2014-05-23 09:31:00;909402N262;3113;4.411;40;235;234;236;236;4.439;50.02;501.5;2.397;501.8;2.249;758.8;1.143;60;0;0;4.366;4.483;4.470;1016;1049;1046;50.02;50.02;50.02;8248;1000;0.0;0;0.0000;0;0;4411;4411;4411
60;2014-05-23 09:32:00;909402N262;3373;4.465;40;235;235;235;236;4.784;50.03;568.1;2.161;511.6;2.258;575.4;1.812;60;0;0;4.724;4.810;4.820;1108;1129;1134;50.03;50.03;50.03;8248;1000;0.0;0;0.0000;0;0;4465;4465;4465
60;2014-05-23 09:33:00;909402N262;3391;4.523;40;236;236;236;236;4.804;50.02;566.4;2.193;514.4;2.259;569.1;1.826;60;0;0;4.740;4.832;4.840;1114;1135;1140;50.02;50.02;50.02;8248;1000;0.0;0;0.0000;0;0;4523;4523;4523
60;2014-05-23 09:34:00;909402N262;3425;4.580;40;236;236;236;236;4.841;50.01;565.0;2.222;521.8;2.264;568.1;1.832;60;0;0;4.774;4.879;4.870;1125;1149;1149;50.01;50.01;50.01;8248;1000;0.0;0;0.0000;0;0;4580;4580;4580
60;2014-05-23 09:35:00;909402N262;3477;4.638;40;236;236;236;237;4.911;50.02;563.9;2.259;522.0;2.282;582.1;1.832;60;0;0;4.849;4.948;4.936;1143;1167;1165;50.02;50.02;50.02;8248;1000;0.0;0;0.0000;0;0;4638;4638;4638
60;2014-05-23 09:36:00;909402N262;3559;4.697;40;236;237;236;237;5.027;50.00;563.0;2.300;524.1;2.302;599.6;1.856;60;0;0;4.974;5.060;5.048;1174;1192;1192;50.00;50.00;50.00;8248;1000;0.0;0;0.0000;0;0;4697;4697;4697
60;2014-05-23 09:37:00;909402N262;3651;4.757;40;236;236;236;236;5.160;50.00;561.9;2.341;527.5;2.326;612.6;1.901;60;0;0;5.109;5.187;5.184;1205;1220;1224;50.00;50.00;50.00;8248;1000;0.0;0;0.0000;0;0;4757;4757;4757
60;2014-05-23 09:38:00;909402N262;3703;4.820;40;236;236;235;236;5.239;50.00;561.0;2.381;527.5;2.347;618.7;1.917;60;0;0;5.192;5.263;5.263;1224;1236;1241;50.00;50.00;50.00;8248;1000;0.0;0;0.0000;0;0;4820;4820;4820
60;2014-05-23 09:39:00;909402N262;3794;4.883;41;236;236;235;236;5.378;50.00;560.3;2.417;531.0;2.364;652.7;1.903;60;0;0;5.342;5.398;5.395;1257;1266;1268;50.00;50.00;50.00;8248;1000;0.0;0;0.0000;0;0;4883;4883;4883
60;2014-05-23 09:40:00;909402N262;3927;4.948;41;236;236;235;236;5.578;50.01;560.0;2.452;535.5;2.384;698.5;1.907;60;0;0;5.531;5.604;5.601;1298;1312;1314;50.01;50.01;50.01;8248;1000;0.0;0;0.0000;0;0;4948;4948;4948
60;2014-05-23 09:41:00;909402N262;4036;5.016;41;236;236;236;236;5.738;49.99;560.3;2.482;538.0;2.402;711.9;1.974;60;0;0;5.683;5.766;5.765;1333;1350;1351;49.99;49.99;49.99;8248;1000;0.0;0;0.0000;0;0;5016;5016;5016
60;2014-05-23 09:42:00;909402N262;4136;5.084;41;236;236;236;236;5.883;49.98;560.3;2.499;538.3;2.407;750.7;1.991;60;0;0;5.829;5.908;5.914;1366;1383;1385;49.98;49.98;49.98;8248;1000;0.0;0;0.0000;0;0;5084;5084;5084
60;2014-05-23 09:43:00;909402N262;4218;5.155;41;236;236;235;236;6.004;49.99;561.4;2.527;543.4;2.418;773.9;1.992;60;0;0;5.959;6.028;6.025;1396;1408;1411;49.99;49.99;49.99;8248;1000;0.0;0;0.0000;0;0;5155;5155;5155
60;2014-05-23 09:44:00;909402N262;4287;5.226;41;236;236;235;236;6.109;50.01;563.9;2.543;543.2;2.439;777.8;2.040;60;0;0;6.059;6.128;6.140;1419;1428;1439;50.01;50.01;50.01;8248;1000;0.0;0;0.0000;0;0;5226;5226;5226
60;2014-05-23 09:45:00;909402N262;4317;5.298;41;236;236;235;236;6.149;50.01;570.9;2.535;543.2;2.451;776.4;2.057;60;0;0;6.101;6.171;6.176;1428;1437;1448;50.01;50.01;50.01;8248;1000;0.0;0;0.0000;0;0;5298;5298;5298
60;2014-05-23 09:46:00;909402N262;4313;5.371;41;236;236;235;236;6.145;50.00;566.0;2.574;534.0;2.469;775.9;2.068;60;0;0;6.093;6.165;6.177;1427;1437;1447;50.00;50.00;50.00;8248;1000;0.0;0;0.0000;0;0;5371;5371;5371
60;2014-05-23 09:47:00;909402N262;4374;5.444;41;236;237;235;236;6.242;50.00;569.6;2.599;548.4;2.477;763.6;2.085;60;0;0;6.199;6.262;6.267;1449;1457;1466;50.00;50.00;50.00;8248;1000;0.0;0;0.0000;0;0;5444;5444;5444
60;2014-05-23 09:48:00;909402N262;4419;5.518;41;237;237;236;237;6.294;49.99;568.8;2.636;552.8;2.492;759.5;2.107;60;0;0;6.254;6.318;6.311;1464;1474;1478;49.99;49.99;49.99;8248;1000;0.0;0;0.0000;0;0;5518;5518;5518
60;2014-05-23 09:49:00;909402N262;4469;5.593;41;237;237;236;237;6.358;50.01;568.2;2.675;553.8;2.515;758.6;2.130;60;0;0;6.311;6.386;6.377;1479;1492;1496;50.01;50.01;50.01;8248;1000;0.0;0;0.0000;0;0;5593;5593;5593
60;2014-05-23 09:50:00;909402N262;4507;5.667;41;237;237;237;237;6.406;50.01;567.3;2.710;555.8;2.527;756.7;2.145;60;0;0;6.343;6.442;6.433;1485;1509;1511;50.01;50.01;50.01;8248;1000;0.0;0;0.0000;0;0;5667;5667;5667
60;2014-05-23 09:51:00;909402N262;4560;5.744;41;237;237;236;237;6.479;50.02;566.5;2.750;559.1;2.550;754.2;2.169;60;0;0;6.423;6.509;6.506;1506;1523;1529;50.02;50.02;50.02;8248;1000;0.0;0;0.0000;0;0;5744;5744;5744
60;2014-05-23 09:53:00;909402N262;4621;5.897;42;237;237;237;237;6.555;50.01;564.7;2.820;558.6;2.581;746.8;2.206;60;0;0;6.505;6.583;6.579;1528;1543;1548;50.01;50.01;50.01;8248;1000;0.0;0;0.0000;0;0;5897;5897;5897
60;2014-05-23 09:54:00;909402N262;4664;5.975;42;237;237;236;237;6.617;50.02;563.0;2.864;558.2;2.605;743.4;2.232;60;0;0;6.575;6.641;6.637;1546;1555;1561;50.02;50.02;50.02;8248;1000;0.0;0;0.0000;0;0;5975;5975;5975
60;2014-05-23 09:55:00;909402N262;4697;6.054;42;237;237;236;237;6.668;50.00;561.7;2.901;557.6;2.622;740.0;2.255;60;0;0;6.626;6.692;6.687;1557;1566;1572;50.00;50.00;50.00;8248;1000;0.0;0;0.0000;0;0;6054;6054;6054
60;2014-05-23 09:56:00;909402N262;4734;6.132;42;237;237;237;237;6.713;50.01;560.8;2.935;557.3;2.637;740.6;2.273;60;0;0;6.660;6.743;6.738;1565;1582;1585;50.01;50.01;50.01;8248;1000;0.0;0;0.0000;0;0;6132;6132;6132
60;2014-05-23 09:57:00;909402N262;4792;6.213;42;237;237;237;237;6.794;50.00;560.2;2.963;557.1;2.649;753.1;2.287;60;0;0;6.743;6.824;6.817;1585;1602;1604;50.00;50.00;50.00;8248;1000;0.0;0;0.0000;0;0;6213;6213;6213
60;2014-05-23 09:58:00;909402N262;4857;6.294;42;237;238;237;237;6.882;50.00;559.5;3.007;556.9;2.672;759.2;2.310;60;0;0;6.838;6.907;6.903;1608;1622;1625;50.00;50.00;50.00;8248;1000;0.0;0;0.0000;0;0;6294;6294;6294
60;2014-05-23 09:59:00;909402N262;4940;6.375;42;235;236;235;235;7.055;50.00;558.7;3.045;556.4;2.693;774.9;2.335;60;0;0;7.008;7.083;7.074;1636;1650;1651;50.00;50.00;50.00;8248;1000;0.0;0;0.0000;0;0;6375;6375;6375
60;2014-05-23 10:00:00;909402N262;4990;6.458;42;235;235;234;235;7.151;50.00;558.0;3.082;560.9;2.708;772.8;2.357;60;0;0;7.106;7.178;7.169;1654;1666;1668;50.00;50.00;50.00;8248;1000;0.0;0;0.0000;0;0;6458;6458;6458
[wr_ende]
