20140504;080004;danfoss;My Plant;+0100
[wr_def_start]
909402N262;Inverter Type;Inverter Group;Hanzl
[wr_def_end]
[wr]
INTERVAL;TIMESTAMP;SERIAL;P_AC;E_DAY;T_WR;U_AC;U_AC_1;U_AC_2;U_AC_3;I_AC;F_AC;U_DC_1;I_DC_1;U_DC_2;I_DC_2;U_DC_3;I_DC_3;S;E_WR;M_WR;I_AC_1;I_AC_2;I_AC_3;P_AC_1;P_AC_2;P_AC_3;F_AC_1;F_AC_2;F_AC_3;R_DC;PC;PCS;PCS_LL;COS_PHI;COS_PHI_LL;S_COS_PHI;Current_Day_Energy;current_Day_Offset;ccEnergyOfDay_WithoutOffset
60;2014-05-04 07:01:00;909402N262;682;0.496;28;236;236;236;236;1.150;50.00;567.4;0.537;635.2;0.279;783.4;0.267;60;0;0;1.133;1.169;1.150;223;231;228;50.00;50.00;50.00;27112;1000;0.0;0;0.0000;0;0;496;496;496
60;2014-05-04 07:02:00;909402N262;693;0.508;28;236;236;236;237;1.164;49.99;570.6;0.541;644.7;0.279;795.1;0.266;60;0;0;1.134;1.187;1.173;224;232;233;49.99;49.99;49.99;27112;1000;0.0;0;0.0000;0;0;508;508;508
60;2014-05-04 07:03:00;909402N262;697;0.520;28;235;235;235;236;1.176;49.99;570.8;0.546;644.2;0.282;792.0;0.270;60;0;0;1.156;1.213;1.160;228;237;231;49.99;49.99;49.99;27112;1000;0.0;0;0.0000;0;0;520;520;520
60;2014-05-04 07:04:00;909402N262;708;0.532;28;235;235;236;236;1.191;50.01;571.5;0.550;645.0;0.285;791.2;0.273;60;0;0;1.194;1.186;1.194;234;234;238;50.01;50.01;50.01;27112;1000;0.0;0;0.0000;0;0;532;532;532
60;2014-05-04 07:05:00;909402N262;714;0.544;28;235;235;235;236;1.199;50.00;571.2;0.556;646.1;0.288;795.1;0.276;60;0;0;1.203;1.203;1.193;238;237;237;50.00;50.00;50.00;27112;1000;0.0;0;0.0000;0;0;544;544;544
60;2014-05-04 07:06:00;909402N262;721;0.556;28;235;235;235;236;1.204;49.98;571.7;0.561;644.7;0.290;794.8;0.277;60;0;0;1.199;1.207;1.207;240;239;242;49.98;49.98;49.98;27112;1000;0.0;0;0.0000;0;0;556;556;556
60;2014-05-04 07:07:00;909402N262;729;0.568;28;235;235;234;236;1.222;49.99;571.6;0.567;645.8;0.294;789.3;0.282;60;0;0;1.212;1.246;1.208;240;245;242;49.99;49.99;49.99;27112;1000;0.0;0;0.0000;0;0;568;568;568
60;2014-05-04 07:08:00;909402N262;737;0.580;28;235;235;234;236;1.229;49.99;571.2;0.574;646.2;0.298;794.4;0.284;60;0;0;1.232;1.216;1.239;247;239;248;49.99;49.99;49.99;27112;1000;0.0;0;0.0000;0;0;580;580;580
60;2014-05-04 07:09:00;909402N262;744;0.592;28;235;235;234;236;1.237;49.99;570.9;0.578;646.0;0.301;794.5;0.288;60;0;0;1.247;1.254;1.210;249;249;245;49.99;49.99;49.99;27112;1000;0.0;0;0.0000;0;0;592;592;592
60;2014-05-04 07:10:00;909402N262;746;0.604;28;235;235;234;236;1.240;49.98;570.5;0.580;646.5;0.301;794.2;0.288;60;0;0;1.240;1.261;1.221;247;251;247;49.98;49.98;49.98;27112;1000;0.0;0;0.0000;0;0;604;604;604
60;2014-05-04 07:11:00;909402N262;748;0.617;28;235;234;235;236;1.244;50.00;570.4;0.581;646.6;0.301;794.4;0.289;60;0;0;1.250;1.263;1.221;249;250;246;50.00;50.00;50.00;27112;1000;0.0;0;0.0000;0;0;617;617;617
60;2014-05-04 07:12:00;909402N262;748;0.629;29;235;235;235;236;1.248;50.00;570.6;0.582;646.8;0.301;793.7;0.289;60;0;0;1.268;1.284;1.192;250;255;241;50.00;50.00;50.00;27112;1000;0.0;0;0.0000;0;0;629;629;629
60;2014-05-04 07:13:00;909402N262;751;0.642;29;235;235;235;236;1.252;49.99;570.6;0.585;647.1;0.303;792.8;0.290;60;0;0;1.252;1.284;1.220;248;254;246;49.99;49.99;49.99;27112;1000;0.0;0;0.0000;0;0;642;642;642
60;2014-05-04 07:14:00;909402N262;760;0.655;29;235;234;235;236;1.260;50.01;571.1;0.590;647.8;0.306;794.1;0.292;60;0;0;1.266;1.301;1.213;252;260;246;50.01;50.01;50.01;27112;1000;0.0;0;0.0000;0;0;655;655;655
60;2014-05-04 07:15:00;909402N262;768;0.668;29;235;234;236;236;1.272;50.01;571.2;0.595;647.2;0.310;794.5;0.295;60;0;0;1.278;1.316;1.224;253;263;249;50.01;50.01;50.01;27112;1000;0.0;0;0.0000;0;0;668;668;668
60;2014-05-04 07:16:00;909402N262;764;0.680;29;235;235;235;235;1.272;50.01;567.3;0.600;625.1;0.318;788.0;0.299;60;0;0;1.276;1.316;1.226;252;262;246;50.01;50.01;50.01;27112;1000;0.0;0;0.0000;0;0;680;680;680
60;2014-05-04 07:17:00;909402N262;778;0.693;29;235;235;235;236;1.302;50.01;572.1;0.604;648.1;0.315;791.8;0.301;60;0;0;1.282;1.357;1.267;254;269;255;50.01;50.01;50.01;27112;1000;0.0;0;0.0000;0;0;693;693;693
60;2014-05-04 07:18:00;909402N262;788;0.707;29;235;235;235;236;1.305;50.00;572.5;0.611;649.3;0.319;794.4;0.303;60;0;0;1.293;1.345;1.277;259;269;258;50.00;50.00;50.00;27112;1000;0.0;0;0.0000;0;0;707;707;707
60;2014-05-04 07:19:00;909402N262;797;0.720;29;235;234;235;236;1.311;49.99;572.7;0.617;650.2;0.322;794.7;0.307;60;0;0;1.291;1.346;1.296;261;273;262;49.99;49.99;49.99;27112;1000;0.0;0;0.0000;0;0;720;720;720
60;2014-05-04 07:20:00;909402N262;807;0.733;29;235;234;235;236;1.331;49.98;573.0;0.624;650.3;0.326;794.1;0.311;60;0;0;1.318;1.369;1.308;266;276;264;49.98;49.98;49.98;27112;1000;0.0;0;0.0000;0;0;733;733;733
60;2014-05-04 07:21:00;909402N262;820;0.747;29;235;235;235;236;1.344;49.99;573.4;0.632;649.9;0.332;794.8;0.316;60;0;0;1.335;1.378;1.320;271;279;269;49.99;49.99;49.99;27112;1000;0.0;0;0.0000;0;0;747;747;747
60;2014-05-04 07:22:00;909402N262;838;0.761;29;235;235;235;236;1.370;49.99;574.3;0.641;650.7;0.340;793.8;0.323;60;0;0;1.369;1.394;1.347;278;285;274;49.99;49.99;49.99;27112;1000;0.0;0;0.0000;0;0;761;761;761
60;2014-05-04 07:23:00;909402N262;853;0.776;29;235;235;235;235;1.364;50.00;573.8;0.652;651.6;0.347;794.7;0.329;60;0;0;1.350;1.383;1.360;280;290;280;50.00;50.00;50.00;27112;1000;0.0;0;0.0000;0;0;776;776;776
60;2014-05-04 07:24:00;909402N262;869;0.790;29;235;235;235;235;1.369;50.00;574.0;0.662;651.7;0.354;794.9;0.334;60;0;0;1.350;1.386;1.371;285;297;283;50.00;50.00;50.00;27112;1000;0.0;0;0.0000;0;0;790;790;790
60;2014-05-04 07:25:00;909402N262;885;0.805;29;235;235;236;235;1.393;49.99;574.0;0.674;651.7;0.363;794.6;0.340;60;0;0;1.368;1.423;1.388;289;305;289;49.99;49.99;49.99;27112;1000;0.0;0;0.0000;0;0;805;805;805
60;2014-05-04 07:26:00;909402N262;906;0.820;29;235;234;234;235;1.410;49.99;574.3;0.687;652.2;0.372;794.4;0.349;60;0;0;1.375;1.441;1.415;293;309;302;49.99;49.99;49.99;27112;1000;0.0;0;0.0000;0;0;820;820;820
60;2014-05-04 07:27:00;909402N262;919;0.835;29;235;234;234;236;1.423;50.00;574.0;0.698;653.2;0.377;794.6;0.355;60;0;0;1.379;1.456;1.435;294;314;309;50.00;50.00;50.00;27112;1000;0.0;0;0.0000;0;0;835;835;835
60;2014-05-04 07:28:00;909402N262;923;0.850;30;235;234;234;236;1.429;50.01;573.7;0.703;653.7;0.378;794.5;0.355;60;0;0;1.389;1.458;1.441;296;314;311;50.01;50.01;50.01;27112;1000;0.0;0;0.0000;0;0;850;850;850
60;2014-05-04 07:29:00;909402N262;927;0.866;30;235;235;234;236;1.433;49.99;573.7;0.707;654.4;0.378;794.4;0.356;60;0;0;1.395;1.462;1.443;297;316;313;49.99;49.99;49.99;27112;1000;0.0;0;0.0000;0;0;866;866;866
60;2014-05-04 07:30:00;909402N262;940;0.882;30;235;235;234;236;1.451;49.99;573.3;0.716;654.8;0.383;794.2;0.363;60;0;0;1.408;1.482;1.465;301;320;317;49.99;49.99;49.99;27112;1000;0.0;0;0.0000;0;0;882;882;882
60;2014-05-04 07:31:00;909402N262;948;0.897;30;233;233;232;234;1.461;49.99;569.4;0.728;648.2;0.390;785.3;0.373;60;0;0;1.422;1.492;1.471;305;321;320;49.99;49.99;49.99;27112;1000;0.0;0;0.0000;0;0;897;897;897
60;2014-05-04 07:32:00;909402N262;967;0.913;30;233;232;233;234;1.472;50.01;573.9;0.735;654.3;0.392;794.8;0.375;60;0;0;1.429;1.503;1.484;310;329;326;50.01;50.01;50.01;27112;1000;0.0;0;0.0000;0;0;913;913;913
60;2014-05-04 07:33:00;909402N262;979;0.930;30;232;231;232;233;1.492;50.00;574.4;0.743;654.2;0.398;794.7;0.379;60;0;0;1.445;1.531;1.502;312;335;331;50.00;50.00;50.00;27112;1000;0.0;0;0.0000;0;0;930;930;930
60;2014-05-04 07:34:00;909402N262;1001;0.947;30;232;231;232;233;1.520;49.99;578.0;0.752;654.3;0.408;794.8;0.388;60;0;0;1.476;1.560;1.524;321;343;335;49.99;49.99;49.99;27112;1000;0.0;0;0.0000;0;0;947;947;947
60;2014-05-04 07:35:00;909402N262;1023;0.963;30;232;231;232;233;1.551;50.00;587.3;0.756;655.4;0.418;794.5;0.396;60;0;0;1.492;1.606;1.555;324;354;343;50.00;50.00;50.00;27112;1000;0.0;0;0.0000;0;0;963;963;963
60;2014-05-04 07:36:00;909402N262;1043;0.981;30;232;232;232;233;1.578;50.00;593.9;0.762;656.4;0.429;794.7;0.402;60;0;0;1.522;1.636;1.577;332;361;348;50.00;50.00;50.00;27112;1000;0.0;0;0.0000;0;0;981;981;981
60;2014-05-04 07:37:00;909402N262;1065;0.998;30;233;233;233;234;1.600;49.99;593.6;0.777;656.9;0.440;794.6;0.408;60;0;0;1.542;1.662;1.598;339;369;356;49.99;49.99;49.99;27112;1000;0.0;0;0.0000;0;0;998;998;998
60;2014-05-04 07:38:00;909402N262;1085;1.017;30;235;234;235;235;1.618;49.98;593.9;0.791;657.4;0.449;794.8;0.416;60;0;0;1.567;1.669;1.618;347;374;362;49.98;49.98;49.98;27112;1000;0.0;0;0.0000;0;0;1017;1017;1017
60;2014-05-04 07:39:00;909402N262;1104;1.035;30;235;234;235;236;1.639;49.98;593.7;0.806;657.5;0.457;795.1;0.423;60;0;0;1.597;1.684;1.636;356;378;369;49.98;49.98;49.98;27112;1000;0.0;0;0.0000;0;0;1035;1035;1035
60;2014-05-04 07:40:00;909402N262;1124;1.054;30;235;234;234;235;1.664;49.97;593.4;0.820;657.9;0.464;795.1;0.431;60;0;0;1.627;1.704;1.663;365;383;375;49.97;49.97;49.97;27112;1000;0.0;0;0.0000;0;0;1054;1054;1054
60;2014-05-04 07:41:00;909402N262;1147;1.073;30;235;234;235;235;1.694;49.98;593.5;0.835;659.0;0.473;795.0;0.440;60;0;0;1.650;1.740;1.693;370;392;383;49.98;49.98;49.98;27112;1000;0.0;0;0.0000;0;0;1073;1073;1073
60;2014-05-04 07:42:00;909402N262;1172;1.094;30;235;234;235;235;1.727;49.98;593.4;0.852;659.3;0.483;795.2;0.450;60;0;0;1.679;1.767;1.735;377;399;393;49.98;49.98;49.98;27112;1000;0.0;0;0.0000;0;0;1094;1094;1094
60;2014-05-04 07:43:00;909402N262;1196;1.112;30;235;234;235;235;1.760;49.98;593.3;0.870;659.2;0.493;795.3;0.460;60;0;0;1.710;1.799;1.773;386;407;402;49.98;49.98;49.98;27112;1000;0.0;0;0.0000;0;0;1112;1112;1112
60;2014-05-04 07:44:00;909402N262;1206;1.133;31;235;235;235;235;1.773;49.99;593.4;0.877;659.3;0.496;795.3;0.463;60;0;0;1.724;1.808;1.788;390;409;406;49.99;49.99;49.99;27112;1000;0.0;0;0.0000;0;0;1133;1133;1133
60;2014-05-04 07:45:00;909402N262;1217;1.153;31;235;235;235;236;1.786;50.00;593.4;0.885;659.2;0.500;795.4;0.468;60;0;0;1.733;1.824;1.802;392;413;410;50.00;50.00;50.00;27112;1000;0.0;0;0.0000;0;0;1153;1153;1153
60;2014-05-04 07:46:00;909402N262;1230;1.174;31;235;235;235;235;1.799;50.00;590.6;0.904;643.1;0.515;787.0;0.483;60;0;0;1.747;1.838;1.813;397;417;414;50.00;50.00;50.00;27112;1000;0.0;0;0.0000;0;0;1174;1174;1174
60;2014-05-04 07:47:00;909402N262;1272;1.195;31;235;235;235;235;1.862;50.01;594.6;0.919;659.2;0.521;795.2;0.493;60;0;0;1.808;1.901;1.877;411;431;427;50.01;50.01;50.01;27112;1000;0.0;0;0.0000;0;0;1195;1195;1195
60;2014-05-04 07:48:00;909402N262;1299;1.217;31;235;235;234;236;1.902;50.00;595.1;0.939;659.6;0.530;795.0;0.505;60;0;0;1.855;1.933;1.919;422;437;437;50.00;50.00;50.00;27112;1000;0.0;0;0.0000;0;0;1217;1217;1217
60;2014-05-04 07:49:00;909402N262;1319;1.239;31;235;235;234;236;1.934;50.00;595.7;0.954;659.7;0.537;794.9;0.515;60;0;0;1.875;1.968;1.959;425;446;447;50.00;50.00;50.00;27112;1000;0.0;0;0.0000;0;0;1239;1239;1239
60;2014-05-04 07:50:00;909402N262;1332;1.261;31;235;235;235;235;1.949;50.00;595.7;0.963;659.6;0.540;794.8;0.519;60;0;0;1.893;1.988;1.968;430;451;449;50.00;50.00;50.00;27112;1000;0.0;0;0.0000;0;0;1261;1261;1261
60;2014-05-04 07:51:00;909402N262;1336;1.283;31;235;235;235;235;1.956;50.01;596.4;0.966;659.5;0.540;795.0;0.520;60;0;0;1.904;1.991;1.975;432;452;451;50.01;50.01;50.01;27112;1000;0.0;0;0.0000;0;0;1283;1283;1283
60;2014-05-04 07:52:00;909402N262;1336;1.306;31;235;235;236;235;1.956;50.00;597.1;0.966;659.7;0.540;794.8;0.519;60;0;0;1.895;2.004;1.970;430;456;449;50.00;50.00;50.00;27112;1000;0.0;0;0.0000;0;0;1306;1306;1306
60;2014-05-04 07:53:00;909402N262;1340;1.328;31;235;235;235;235;1.963;50.01;597.7;0.970;659.8;0.541;795.1;0.520;60;0;0;1.910;2.002;1.979;433;455;452;50.01;50.01;50.01;27112;1000;0.0;0;0.0000;0;0;1328;1328;1328
60;2014-05-04 07:54:00;909402N262;1352;1.350;31;235;235;235;235;1.978;50.01;597.9;0.979;659.9;0.545;795.1;0.525;60;0;0;1.924;2.018;1.993;438;459;454;50.01;50.01;50.01;27112;1000;0.0;0;0.0000;0;0;1350;1350;1350
60;2014-05-04 07:55:00;909402N262;1361;1.373;31;234;233;234;234;2.001;50.02;593.7;0.994;659.8;0.549;795.2;0.528;60;0;0;1.941;2.041;2.022;439;462;459;50.02;50.02;50.02;27112;1000;0.0;0;0.0000;0;0;1373;1373;1373
60;2014-05-04 07:56:00;909402N262;1362;1.396;31;233;233;234;234;2.008;50.01;588.3;1.005;659.9;0.550;795.2;0.527;60;0;0;1.955;2.047;2.022;440;462;459;50.01;50.01;50.01;27112;1000;0.0;0;0.0000;0;0;1396;1396;1396
60;2014-05-04 07:57:00;909402N262;1351;1.418;31;234;233;234;234;1.987;50.00;585.4;1.002;659.6;0.546;795.2;0.521;60;0;0;1.932;2.026;2.005;437;458;454;50.00;50.00;50.00;27112;1000;0.0;0;0.0000;0;0;1418;1418;1418
60;2014-05-04 07:58:00;909402N262;1336;1.441;31;234;234;234;235;1.963;50.00;583.9;0.996;659.3;0.541;795.1;0.514;60;0;0;1.903;2.004;1.982;430;454;450;50.00;50.00;50.00;27112;1000;0.0;0;0.0000;0;0;1441;1441;1441
60;2014-05-04 07:59:00;909402N262;1327;1.462;31;234;234;234;235;1.948;50.00;582.4;0.994;659.1;0.537;794.9;0.509;60;0;0;1.893;1.985;1.968;428;448;448;50.00;50.00;50.00;27112;1000;0.0;0;0.0000;0;0;1462;1462;1462
60;2014-05-04 08:00:00;909402N262;1315;1.485;32;235;234;235;235;1.930;50.03;582.2;0.988;658.8;0.532;795.1;0.504;60;0;0;1.873;1.964;1.954;424;445;445;50.03;50.03;50.03;27112;1000;0.0;0;0.0000;0;0;1485;1485;1485
[wr_ende]
