20140809;150000;danfoss;My Plant;+0100
[wr_def_start]
909402N262;Inverter Type;Inverter Group;Hanzl
[wr_def_end]
[wr]
INTERVAL;TIMESTAMP;SERIAL;P_AC;E_DAY;T_WR;U_AC;U_AC_1;U_AC_2;U_AC_3;I_AC;F_AC;U_DC_1;I_DC_1;U_DC_2;I_DC_2;U_DC_3;I_DC_3;S;E_WR;M_WR;I_AC_1;I_AC_2;I_AC_3;P_AC_1;P_AC_2;P_AC_3;F_AC_1;F_AC_2;F_AC_3;R_DC;PC;PCS;PCS_LL;COS_PHI;COS_PHI_LL;S_COS_PHI;Current_Day_Energy;current_Day_Offset;ccEnergyOfDay_WithoutOffset
60;2014-08-09 14:01:00;909402N262;8668;31.548;53;234;234;234;234;12.335;50.01;467.5;7.871;578.8;4.017;719.9;3.940;60;0;0;12.283;12.369;12.355;2874;2892;2897;50.01;50.01;50.01;6242;1000;0.0;0;0.0000;0;0;31548;31548;31548
60;2014-08-09 14:02:00;909402N262;8816;31.695;53;234;234;234;235;12.559;50.00;475.3;7.888;593.8;4.000;720.3;3.956;60;0;0;12.502;12.580;12.595;2924;2938;2952;50.00;50.00;50.00;6242;1000;0.0;0;0.0000;0;0;31695;31695;31695
60;2014-08-09 14:03:00;909402N262;8825;31.842;53;234;234;234;235;12.560;50.00;475.5;7.889;593.5;4.001;721.3;3.957;60;0;0;12.507;12.597;12.578;2928;2946;2949;50.00;50.00;50.00;6242;1000;0.0;0;0.0000;0;0;31842;31842;31842
60;2014-08-09 14:04:00;909402N262;8801;31.988;53;235;235;234;235;12.517;50.01;474.5;7.877;592.2;3.999;720.6;3.955;60;0;0;12.462;12.543;12.548;2920;2935;2945;50.01;50.01;50.01;6242;1000;0.0;0;0.0000;0;0;31988;31988;31988
60;2014-08-09 14:05:00;909402N262;8758;32.135;53;235;235;234;235;12.458;50.00;474.5;7.839;593.1;3.973;719.4;3.944;60;0;0;12.401;12.488;12.487;2905;2921;2931;50.00;50.00;50.00;6242;1000;0.0;0;0.0000;0;0;32135;32135;32135
60;2014-08-09 14:06:00;909402N262;8740;32.280;53;235;235;234;235;12.433;50.00;474.2;7.827;593.0;3.966;718.7;3.938;60;0;0;12.401;12.468;12.432;2906;2918;2915;50.00;50.00;50.00;6242;1000;0.0;0;0.0000;0;0;32280;32280;32280
60;2014-08-09 14:07:00;909402N262;8743;32.426;53;234;235;234;235;12.440;50.01;474.1;7.833;592.5;3.964;719.1;3.940;60;0;0;12.412;12.474;12.435;2908;2918;2915;50.01;50.01;50.01;6242;1000;0.0;0;0.0000;0;0;32426;32426;32426
60;2014-08-09 14:08:00;909402N262;8748;32.575;53;235;235;234;235;12.436;50.01;473.6;7.846;592.2;3.966;718.7;3.949;60;0;0;12.398;12.470;12.440;2906;2920;2920;50.01;50.01;50.01;6242;1000;0.0;0;0.0000;0;0;32575;32575;32575
60;2014-08-09 14:09:00;909402N262;8746;32.719;53;234;234;234;235;12.449;49.99;472.9;7.854;591.6;3.969;718.2;3.951;60;0;0;12.407;12.475;12.466;2905;2918;2923;49.99;49.99;49.99;6242;1000;0.0;0;0.0000;0;0;32719;32719;32719
60;2014-08-09 14:10:00;909402N262;8720;32.865;53;235;234;234;235;12.407;49.99;472.5;7.839;591.4;3.957;717.6;3.943;60;0;0;12.353;12.440;12.428;2891;2911;2916;49.99;49.99;49.99;6242;1000;0.0;0;0.0000;0;0;32865;32865;32865
60;2014-08-09 14:11:00;909402N262;8684;33.009;53;234;234;234;235;12.363;50.00;471.8;7.817;590.8;3.944;716.7;3.934;60;0;0;12.306;12.406;12.379;2878;2902;2902;50.00;50.00;50.00;6242;1000;0.0;0;0.0000;0;0;33009;33009;33009
60;2014-08-09 14:12:00;909402N262;8683;33.156;53;234;235;234;234;12.362;50.01;472.2;7.812;590.8;3.940;716.8;3.935;60;0;0;12.319;12.434;12.334;2886;2912;2884;50.01;50.01;50.01;6242;1000;0.0;0;0.0000;0;0;33156;33156;33156
60;2014-08-09 14:13:00;909402N262;8687;33.300;53;234;235;234;234;12.377;50.01;472.8;7.808;591.4;3.934;717.2;3.933;60;0;0;12.358;12.414;12.360;2896;2898;2890;50.01;50.01;50.01;6242;1000;0.0;0;0.0000;0;0;33300;33300;33300
60;2014-08-09 14:14:00;909402N262;8683;33.444;53;234;235;233;234;12.371;50.00;472.9;7.804;591.2;3.932;716.7;3.935;60;0;0;12.358;12.383;12.372;2899;2886;2895;50.00;50.00;50.00;6242;1000;0.0;0;0.0000;0;0;33444;33444;33444
60;2014-08-09 14:15:00;909402N262;8725;33.590;53;234;235;233;235;12.431;50.01;471.9;7.851;590.0;3.959;716.2;3.961;60;0;0;12.418;12.419;12.457;2914;2889;2919;50.01;50.01;50.01;6242;1000;0.0;0;0.0000;0;0;33590;33590;33590
60;2014-08-09 14:16:00;909402N262;8630;33.734;53;234;235;233;235;12.271;50.01;466.4;7.849;576.9;3.990;717.4;3.953;60;0;0;12.268;12.234;12.311;2880;2853;2889;50.01;50.01;50.01;6242;1000;0.0;0;0.0000;0;0;33734;33734;33734
60;2014-08-09 14:17:00;909402N262;8722;33.879;53;234;235;233;234;12.422;50.02;471.6;7.853;589.8;3.960;715.2;3.967;60;0;0;12.425;12.427;12.414;2920;2896;2904;50.02;50.02;50.02;6242;1000;0.0;0;0.0000;0;0;33879;33879;33879
60;2014-08-09 14:18:00;909402N262;8661;34.024;53;234;235;233;234;12.339;50.01;471.4;7.798;589.9;3.930;715.5;3.939;60;0;0;12.357;12.318;12.344;2906;2866;2886;50.01;50.01;50.01;6242;1000;0.0;0;0.0000;0;0;34024;34024;34024
60;2014-08-09 14:19:00;909402N262;8678;34.168;53;234;236;234;234;12.345;50.01;472.4;7.798;591.4;3.934;716.5;3.939;60;0;0;12.346;12.388;12.303;2905;2898;2872;50.01;50.01;50.01;6242;1000;0.0;0;0.0000;0;0;34168;34168;34168
60;2014-08-09 14:20:00;909402N262;8776;34.315;53;234;235;234;233;12.498;50.01;474.3;7.864;592.7;3.964;720.5;3.960;60;0;0;12.498;12.553;12.444;2938;2936;2901;50.01;50.01;50.01;6242;1000;0.0;0;0.0000;0;0;34315;34315;34315
60;2014-08-09 14:21:00;909402N262;8846;34.463;53;234;235;234;234;12.592;50.01;474.9;7.918;593.4;3.988;721.3;3.989;60;0;0;12.600;12.644;12.532;2963;2959;2922;50.01;50.01;50.01;6242;1000;0.0;0;0.0000;0;0;34463;34463;34463
60;2014-08-09 14:22:00;909402N262;8900;34.611;53;234;235;234;233;12.696;50.01;476.1;7.951;595.1;3.998;723.5;4.000;60;0;0;12.698;12.753;12.638;2979;2979;2940;50.01;50.01;50.01;6242;1000;0.0;0;0.0000;0;0;34611;34611;34611
60;2014-08-09 14:23:00;909402N262;8887;34.759;53;234;235;234;234;12.652;50.01;477.4;7.928;596.0;3.982;723.7;3.989;60;0;0;12.635;12.675;12.646;2964;2960;2961;50.01;50.01;50.01;6242;1000;0.0;0;0.0000;0;0;34759;34759;34759
60;2014-08-09 14:24:00;909402N262;8835;34.906;53;234;235;234;234;12.572;50.01;477.7;7.883;595.9;3.957;723.7;3.962;60;0;0;12.550;12.599;12.569;2945;2945;2943;50.01;50.01;50.01;6242;1000;0.0;0;0.0000;0;0;34906;34906;34906
60;2014-08-09 14:25:00;909402N262;8801;35.053;53;234;235;234;234;12.535;50.01;478.3;7.824;596.3;3.935;724.0;3.959;60;0;0;12.510;12.583;12.513;2933;2939;2925;50.01;50.01;50.01;6242;1000;0.0;0;0.0000;0;0;35053;35053;35053
60;2014-08-09 14:26:00;909402N262;8494;35.194;53;234;235;234;233;12.119;50.01;478.9;7.569;595.8;3.802;722.4;3.809;60;0;0;12.093;12.190;12.076;2832;2848;2813;50.01;50.01;50.01;6242;1000;0.0;0;0.0000;0;0;35194;35194;35194
60;2014-08-09 14:27:00;909402N262;7451;35.319;53;234;235;234;233;10.644;50.01;487.8;6.406;595.7;3.431;723.4;3.346;60;0;0;10.611;10.720;10.602;2483;2501;2469;50.01;50.01;50.01;6242;1000;0.0;0;0.0000;0;0;35319;35319;35319
60;2014-08-09 14:28:00;909402N262;8878;35.467;53;234;234;234;233;12.653;50.01;477.2;7.916;595.0;3.991;723.1;3.988;60;0;0;12.627;12.713;12.619;2958;2975;2943;50.01;50.01;50.01;6242;1000;0.0;0;0.0000;0;0;35467;35467;35467
60;2014-08-09 14:29:00;909402N262;9040;35.617;53;234;234;234;234;12.875;50.02;476.3;8.048;594.4;4.068;723.2;4.077;60;0;0;12.840;12.904;12.881;3006;3017;3014;50.02;50.02;50.02;6242;1000;0.0;0;0.0000;0;0;35617;35617;35617
60;2014-08-09 14:30:00;909402N262;9009;35.767;53;234;234;234;234;12.853;50.01;475.9;8.034;594.1;4.059;722.5;4.061;60;0;0;12.806;12.889;12.865;2989;3011;3007;50.01;50.01;50.01;6242;1000;0.0;0;0.0000;0;0;35767;35767;35767
60;2014-08-09 14:31:00;909402N262;8525;35.910;53;234;235;233;234;12.155;50.01;468.9;7.611;589.4;3.796;714.1;3.993;60;0;0;12.151;12.160;12.156;2848;2833;2840;50.01;50.01;50.01;6242;1000;0.0;0;0.0000;0;0;35910;35910;35910
60;2014-08-09 14:32:00;909402N262;8234;36.046;53;234;235;234;234;11.742;50.00;479.4;7.279;593.7;3.668;721.8;3.767;60;0;0;11.729;11.761;11.738;2748;2745;2739;50.00;50.00;50.00;6242;1000;0.0;0;0.0000;0;0;36046;36046;36046
60;2014-08-09 14:33:00;909402N262;8759;36.193;53;234;235;234;234;12.478;50.00;476.9;7.833;595.9;3.920;722.0;3.936;60;0;0;12.448;12.506;12.480;2917;2922;2919;50.00;50.00;50.00;6242;1000;0.0;0;0.0000;0;0;36193;36193;36193
60;2014-08-09 14:34:00;909402N262;8743;36.340;53;234;235;234;234;12.444;50.00;476.7;7.823;595.7;3.909;722.0;3.933;60;0;0;12.419;12.475;12.440;2911;2918;2912;50.00;50.00;50.00;6242;1000;0.0;0;0.0000;0;0;36340;36340;36340
60;2014-08-09 14:35:00;909402N262;8764;36.482;53;234;235;234;234;12.473;49.99;476.1;7.848;595.2;3.922;721.2;3.948;60;0;0;12.442;12.494;12.485;2915;2922;2924;49.99;49.99;49.99;6242;1000;0.0;0;0.0000;0;0;36482;36482;36482
60;2014-08-09 14:36:00;909402N262;8799;36.628;53;234;235;234;234;12.527;49.99;475.3;7.889;594.4;3.937;720.6;3.974;60;0;0;12.496;12.549;12.538;2927;2935;2934;49.99;49.99;49.99;6242;1000;0.0;0;0.0000;0;0;36628;36628;36628
60;2014-08-09 14:37:00;909402N262;8724;36.775;53;234;235;234;234;12.423;49.99;474.7;7.828;593.2;3.909;719.5;3.951;60;0;0;12.387;12.444;12.438;2902;2910;2910;49.99;49.99;49.99;6242;1000;0.0;0;0.0000;0;0;36775;36775;36775
60;2014-08-09 14:38:00;909402N262;8624;36.918;53;234;235;234;234;12.284;49.99;474.3;7.746;592.6;3.864;718.6;3.914;60;0;0;12.251;12.306;12.295;2870;2878;2875;49.99;49.99;49.99;6242;1000;0.0;0;0.0000;0;0;36918;36918;36918
60;2014-08-09 14:39:00;909402N262;8666;37.062;53;234;235;234;234;12.337;49.98;474.3;7.782;593.0;3.891;718.5;3.924;60;0;0;12.314;12.370;12.327;2886;2895;2883;49.98;49.98;49.98;6242;1000;0.0;0;0.0000;0;0;37062;37062;37062
60;2014-08-09 14:40:00;909402N262;8617;37.206;53;234;234;234;234;12.277;50.00;473.9;7.746;592.6;3.857;718.2;3.916;60;0;0;12.246;12.308;12.279;2868;2875;2872;50.00;50.00;50.00;6242;1000;0.0;0;0.0000;0;0;37206;37206;37206
60;2014-08-09 14:41:00;909402N262;8600;37.350;53;234;234;234;234;12.240;50.01;473.4;7.735;592.5;3.862;717.6;3.904;60;0;0;12.195;12.292;12.233;2856;2877;2865;50.01;50.01;50.01;6242;1000;0.0;0;0.0000;0;0;37350;37350;37350
60;2014-08-09 14:42:00;909402N262;8284;37.488;53;234;234;234;234;11.807;50.01;475.3;7.448;591.4;3.666;717.9;3.784;60;0;0;11.753;11.866;11.804;2748;2771;2762;50.01;50.01;50.01;6242;1000;0.0;0;0.0000;0;0;37488;37488;37488
60;2014-08-09 14:43:00;909402N262;8402;37.627;53;234;234;234;234;11.972;50.00;476.8;7.358;593.5;3.791;719.2;3.891;60;0;0;11.928;12.014;11.974;2791;2808;2802;50.00;50.00;50.00;6242;1000;0.0;0;0.0000;0;0;37627;37627;37627
60;2014-08-09 14:44:00;909402N262;6586;37.738;53;234;234;234;234;9.382;50.00;497.4;5.541;579.5;2.425;717.2;3.575;60;0;0;9.372;9.353;9.421;2185;2203;2196;50.00;50.00;50.00;6242;1000;0.0;0;0.0000;0;0;37738;37738;37738
60;2014-08-09 14:45:00;909402N262;8466;37.879;53;234;234;234;234;12.071;50.00;478.4;7.443;595.5;3.634;720.0;4.026;60;0;0;12.020;12.133;12.062;2812;2831;2821;50.00;50.00;50.00;6242;1000;0.0;0;0.0000;0;0;37879;37879;37879
60;2014-08-09 14:46:00;909402N262;8034;38.013;53;234;234;234;234;11.441;50.01;478.4;7.157;575.4;3.633;719.2;3.820;60;0;0;11.430;11.428;11.467;2672;2681;2679;50.01;50.01;50.01;6242;1000;0.0;0;0.0000;0;0;38013;38013;38013
60;2014-08-09 14:47:00;909402N262;9142;38.166;53;234;235;234;234;13.015;50.01;472.5;8.203;594.8;4.106;718.7;4.155;60;0;0;12.991;13.055;12.999;3044;3053;3042;50.01;50.01;50.01;6242;1000;0.0;0;0.0000;0;0;38166;38166;38166
60;2014-08-09 14:48:00;909402N262;9215;38.319;53;234;235;234;234;13.107;50.02;471.1;8.284;592.7;4.156;717.8;4.200;60;0;0;13.072;13.157;13.093;3065;3082;3066;50.02;50.02;50.02;6242;1000;0.0;0;0.0000;0;0;38319;38319;38319
60;2014-08-09 14:49:00;909402N262;9185;38.472;53;234;235;234;234;13.061;50.01;469.5;8.257;591.5;4.167;715.3;4.205;60;0;0;13.010;13.121;13.054;3051;3074;3058;50.01;50.01;50.01;6242;1000;0.0;0;0.0000;0;0;38472;38472;38472
60;2014-08-09 14:50:00;909402N262;9132;38.624;53;235;235;234;235;12.978;50.02;468.4;8.218;590.7;4.161;713.5;4.189;60;0;0;12.940;13.017;12.977;3039;3048;3043;50.02;50.02;50.02;6242;1000;0.0;0;0.0000;0;0;38624;38624;38624
60;2014-08-09 14:51:00;909402N262;9147;38.776;53;234;235;234;235;13.009;50.01;468.2;8.223;591.2;4.175;713.1;4.196;60;0;0;12.977;13.035;13.015;3047;3047;3052;50.01;50.01;50.01;6242;1000;0.0;0;0.0000;0;0;38776;38776;38776
60;2014-08-09 14:52:00;909402N262;9114;38.929;53;234;235;234;234;12.968;50.01;467.8;8.200;591.0;4.164;712.5;4.183;60;0;0;12.937;12.996;12.972;3036;3036;3040;50.01;50.01;50.01;6242;1000;0.0;0;0.0000;0;0;38929;38929;38929
60;2014-08-09 14:53:00;909402N262;9062;39.079;53;234;235;234;234;12.899;50.01;467.5;8.154;590.3;4.148;712.1;4.160;60;0;0;12.881;12.918;12.899;3022;3018;3020;50.01;50.01;50.01;6242;1000;0.0;0;0.0000;0;0;39079;39079;39079
60;2014-08-09 14:54:00;909402N262;8932;39.229;53;234;235;234;235;12.705;50.01;469.0;8.011;590.2;4.077;713.7;4.100;60;0;0;12.671;12.733;12.713;2974;2977;2980;50.01;50.01;50.01;6242;1000;0.0;0;0.0000;0;0;39229;39229;39229
60;2014-08-09 14:55:00;909402N262;8799;39.375;53;235;235;234;235;12.500;50.02;469.6;7.871;590.1;3.970;714.7;4.072;60;0;0;12.467;12.530;12.503;2930;2932;2935;50.02;50.02;50.02;6242;1000;0.0;0;0.0000;0;0;39375;39375;39375
60;2014-08-09 14:56:00;909402N262;8696;39.520;53;235;235;234;235;12.357;50.02;471.9;7.839;588.9;3.976;715.8;3.930;60;0;0;12.320;12.390;12.361;2894;2902;2900;50.02;50.02;50.02;6242;1000;0.0;0;0.0000;0;0;39520;39520;39520
60;2014-08-09 14:57:00;909402N262;9322;39.679;53;235;235;235;235;13.210;50.01;469.6;8.357;591.5;4.241;717.4;4.260;60;0;0;13.154;13.262;13.215;3095;3119;3106;50.01;50.01;50.01;6242;1000;0.0;0;0.0000;0;0;39679;39679;39679
60;2014-08-09 14:58:00;909402N262;8880;39.826;53;235;235;235;235;12.601;50.03;472.9;7.716;591.6;4.026;717.0;4.194;60;0;0;12.548;12.642;12.613;2949;2968;2962;50.03;50.03;50.03;6242;1000;0.0;0;0.0000;0;0;39826;39826;39826
60;2014-08-09 14:59:00;909402N262;7633;39.954;53;235;235;235;235;10.849;50.02;483.8;6.484;590.1;3.729;718.8;3.358;60;0;0;10.812;10.877;10.859;2538;2544;2546;50.02;50.02;50.02;6242;1000;0.0;0;0.0000;0;0;39954;39954;39954
60;2014-08-09 15:00:00;909402N262;8899;40.101;53;235;235;235;235;12.631;50.02;471.5;7.971;590.4;4.055;716.7;4.053;60;0;0;12.601;12.650;12.643;2964;2964;2969;50.02;50.02;50.02;6242;1000;0.0;0;0.0000;0;0;40101;40101;40101
[wr_ende]
