20140311;170002;danfoss;My Plant;+0100
[wr_def_start]
909402N262;Inverter Type;Inverter Group;Hanzl
[wr_def_end]
[wr]
INTERVAL;TIMESTAMP;SERIAL;P_AC;E_DAY;T_WR;U_AC;U_AC_1;U_AC_2;U_AC_3;I_AC;F_AC;U_DC_1;I_DC_1;U_DC_2;I_DC_2;U_DC_3;I_DC_3;S;E_WR;M_WR;I_AC_1;I_AC_2;I_AC_3;P_AC_1;P_AC_2;P_AC_3;F_AC_1;F_AC_2;F_AC_3;R_DC;PC;PCS;PCS_LL;COS_PHI;COS_PHI_LL;S_COS_PHI;Current_Day_Energy;current_Day_Offset;ccEnergyOfDay_WithoutOffset
60;2014-03-11 16:01:00;909402N262;5346;57.299;45;234;233;235;234;7.622;50.01;531.0;4.904;636.6;2.209;598.3;2.419;60;0;0;7.566;7.675;7.627;1763;1801;1781;50.01;50.01;50.01;11159;1000;0.0;0;0.0000;0;0;57299;57299;57299
60;2014-03-11 16:02:00;909402N262;5159;57.386;44;234;234;235;234;7.340;50.01;533.7;4.871;639.6;2.183;566.4;2.211;60;0;0;7.280;7.399;7.342;1701;1738;1717;50.01;50.01;50.01;11159;1000;0.0;0;0.0000;0;0;57386;57386;57386
60;2014-03-11 16:03:00;909402N262;4921;57.468;44;234;233;234;234;7.022;50.00;533.4;4.839;639.1;2.165;524.5;2.011;60;0;0;6.943;7.071;7.054;1615;1655;1649;50.00;50.00;50.00;11159;1000;0.0;0;0.0000;0;0;57468;57468;57468
60;2014-03-11 16:04:00;909402N262;4907;57.550;44;233;233;234;234;7.007;49.99;533.5;4.828;639.2;2.155;434.9;2.404;60;0;0;6.924;7.061;7.038;1609;1651;1644;49.99;49.99;49.99;11159;1000;0.0;0;0.0000;0;0;57550;57550;57550
60;2014-03-11 16:05:00;909402N262;4725;57.629;44;234;234;234;234;6.744;50.00;533.4;4.792;639.2;2.134;439.7;2.025;60;0;0;6.683;6.792;6.757;1559;1588;1576;50.00;50.00;50.00;11159;1000;0.0;0;0.0000;0;0;57629;57629;57629
60;2014-03-11 16:06:00;909402N262;4785;57.707;44;234;234;234;233;6.826;49.99;533.9;4.758;639.0;2.116;379.7;2.595;60;0;0;6.788;6.862;6.828;1588;1603;1592;49.99;49.99;49.99;11159;1000;0.0;0;0.0000;0;0;57707;57707;57707
60;2014-03-11 16:07:00;909402N262;4749;57.787;44;234;235;234;233;6.768;49.98;534.4;4.728;639.2;2.100;373.3;2.602;60;0;0;6.740;6.799;6.767;1580;1589;1577;49.98;49.98;49.98;11159;1000;0.0;0;0.0000;0;0;57787;57787;57787
60;2014-03-11 16:08:00;909402N262;4683;57.865;44;232;233;232;232;6.722;49.97;534.8;4.682;640.0;2.074;365.0;2.581;60;0;0;6.702;6.752;6.714;1561;1567;1553;49.97;49.97;49.97;11159;1000;0.0;0;0.0000;0;0;57865;57865;57865
60;2014-03-11 16:09:00;909402N262;4636;57.942;44;233;234;233;232;6.639;49.98;535.1;4.657;641.1;2.056;373.5;2.449;60;0;0;6.610;6.664;6.643;1542;1550;1542;49.98;49.98;49.98;11159;1000;0.0;0;0.0000;0;0;57942;57942;57942
60;2014-03-11 16:10:00;909402N262;4508;58.017;44;234;234;234;234;6.432;49.98;536.2;4.625;641.5;2.039;358.2;2.254;60;0;0;6.393;6.466;6.437;1494;1512;1501;49.98;49.98;49.98;11159;1000;0.0;0;0.0000;0;0;58017;58017;58017
60;2014-03-11 16:11:00;909402N262;4428;58.091;44;234;234;234;234;6.319;49.97;537.3;4.596;641.3;2.025;327.7;2.272;60;0;0;6.271;6.345;6.341;1463;1482;1481;49.97;49.97;49.97;11159;1000;0.0;0;0.0000;0;0;58091;58091;58091
60;2014-03-11 16:12:00;909402N262;4304;58.163;43;234;234;234;234;6.142;49.97;538.3;4.574;641.4;2.012;313.3;2.020;60;0;0;6.087;6.177;6.163;1419;1444;1439;49.97;49.97;49.97;11159;1000;0.0;0;0.0000;0;0;58163;58163;58163
60;2014-03-11 16:13:00;909402N262;4192;58.232;43;234;234;235;234;5.984;49.98;539.0;4.530;641.5;1.992;254.8;2.172;60;0;0;5.925;6.025;6.002;1381;1409;1400;49.98;49.98;49.98;11159;1000;0.0;0;0.0000;0;0;58232;58232;58232
60;2014-03-11 16:14:00;909402N262;4090;58.301;43;234;234;234;234;5.846;49.97;541.2;4.462;641.7;1.971;253.3;1.923;60;0;0;5.794;5.880;5.866;1350;1372;1366;49.97;49.97;49.97;11159;1000;0.0;0;0.0000;0;0;58301;58301;58301
60;2014-03-11 16:15:00;909402N262;3892;58.366;43;234;234;235;234;5.561;49.97;545.9;4.334;641.5;1.953;267.5;1.283;60;0;0;5.503;5.599;5.583;1282;1307;1301;49.97;49.97;49.97;11159;1000;0.0;0;0.0000;0;0;58366;58366;58366
60;2014-03-11 16:16:00;909402N262;3707;58.428;43;234;234;235;234;5.295;49.99;526.3;4.412;629.9;1.931;273.3;0.899;60;0;0;5.243;5.333;5.311;1220;1248;1237;49.99;49.99;49.99;11159;1000;0.0;0;0.0000;0;0;58428;58428;58428
60;2014-03-11 16:17:00;909402N262;3653;58.489;43;234;234;235;234;5.207;50.00;531.6;4.340;643.7;1.896;250.6;0.749;60;0;0;5.160;5.249;5.213;1207;1228;1216;50.00;50.00;50.00;11159;1000;0.0;0;0.0000;0;0;58489;58489;58489
60;2014-03-11 16:18:00;909402N262;3596;58.548;43;234;235;234;234;5.124;49.99;534.4;4.297;644.1;1.882;250.6;0.592;60;0;0;5.075;5.162;5.136;1188;1208;1199;49.99;49.99;49.99;11159;1000;0.0;0;0.0000;0;0;58548;58548;58548
60;2014-03-11 16:19:00;909402N262;3549;58.608;43;234;234;234;234;5.059;49.99;537.1;4.240;643.4;1.867;250.8;0.520;60;0;0;5.008;5.099;5.071;1171;1193;1183;49.99;49.99;49.99;11159;1000;0.0;0;0.0000;0;0;58608;58608;58608
60;2014-03-11 16:20:00;909402N262;3508;58.666;43;234;235;234;234;5.002;49.97;539.1;4.196;643.5;1.851;250.5;0.453;60;0;0;4.955;5.047;5.004;1159;1180;1166;49.97;49.98;49.98;11159;1000;0.0;0;0.0000;0;0;58666;58666;58666
60;2014-03-11 16:21:00;909402N262;3519;58.726;43;234;234;234;234;5.026;49.98;540.7;4.146;643.6;1.833;451.7;0.375;60;0;0;4.973;5.062;5.043;1159;1182;1176;49.98;49.98;49.98;11159;1000;0.0;0;0.0000;0;0;58726;58726;58726
60;2014-03-11 16:22:00;909402N262;3576;58.784;43;234;234;235;234;5.122;49.98;541.8;4.107;643.9;1.816;794.1;0.298;60;0;0;5.059;5.164;5.144;1176;1202;1195;49.98;49.98;49.98;11159;1000;0.0;0;0.0000;0;0;58784;58784;58784
60;2014-03-11 16:23:00;909402N262;3541;58.842;43;234;234;235;234;5.067;50.00;543.0;4.060;643.9;1.794;794.1;0.296;60;0;0;5.012;5.104;5.087;1167;1190;1183;50.00;50.00;50.00;11159;1000;0.0;0;0.0000;0;0;58842;58842;58842
60;2014-03-11 16:24:00;909402N262;3489;58.902;43;234;234;235;234;4.995;49.99;543.5;3.999;644.1;1.764;794.1;0.292;60;0;0;4.946;5.024;5.015;1151;1170;1166;49.99;49.99;49.99;11159;1000;0.0;0;0.0000;0;0;58902;58902;58902
60;2014-03-11 16:25:00;909402N262;3453;58.959;42;234;235;234;234;4.944;49.97;543.5;3.961;645.2;1.740;794.2;0.289;60;0;0;4.890;4.970;4.972;1138;1156;1156;49.97;49.97;49.97;11159;1000;0.0;0;0.0000;0;0;58959;58959;58959
60;2014-03-11 16:26:00;909402N262;3413;59.015;42;234;234;234;234;4.892;49.98;543.7;3.916;645.2;1.719;794.2;0.285;60;0;0;4.841;4.928;4.909;1126;1145;1141;49.98;49.98;49.98;11159;1000;0.0;0;0.0000;0;0;59015;59015;59015
60;2014-03-11 16:27:00;909402N262;3374;59.072;42;234;235;234;234;4.832;49.97;546.6;3.850;644.8;1.702;794.3;0.282;60;0;0;4.788;4.864;4.846;1116;1131;1127;49.97;49.97;49.97;11159;1000;0.0;0;0.0000;0;0;59072;59072;59072
60;2014-03-11 16:28:00;909402N262;3339;59.127;42;235;235;235;234;4.776;49.96;541.8;3.840;644.9;1.686;794.6;0.279;60;0;0;4.717;4.814;4.799;1100;1120;1117;49.96;49.96;49.96;11159;1000;0.0;0;0.0000;0;0;59127;59127;59127
60;2014-03-11 16:29:00;909402N262;3312;59.183;42;235;235;235;234;4.742;49.96;524.7;3.941;644.9;1.669;794.5;0.276;60;0;0;4.688;4.776;4.762;1092;1111;1107;49.96;49.96;49.96;11159;1000;0.0;0;0.0000;0;0;59183;59183;59183
60;2014-03-11 16:30:00;909402N262;3265;59.238;42;234;235;235;234;4.677;49.99;525.1;3.886;644.9;1.642;793.2;0.272;60;0;0;4.621;4.718;4.694;1076;1097;1091;49.99;49.99;49.99;11159;1000;0.0;0;0.0000;0;0;59238;59238;59238
60;2014-03-11 16:31:00;909402N262;3182;59.291;42;235;235;235;234;4.562;50.00;522.2;3.829;631.0;1.618;790.0;0.269;60;0;0;4.508;4.605;4.574;1047;1071;1061;50.00;50.00;50.00;11159;1000;0.0;0;0.0000;0;0;59291;59291;59291
60;2014-03-11 16:32:00;909402N262;3188;59.345;42;234;235;235;233;4.620;50.00;526.5;3.794;645.9;1.593;783.6;0.268;60;0;0;4.580;4.672;4.609;1055;1077;1054;50.00;50.00;50.00;11159;1000;0.0;0;0.0000;0;0;59345;59345;59345
60;2014-03-11 16:33:00;909402N262;3150;59.397;42;234;235;234;233;4.569;49.99;527.5;3.748;646.3;1.569;781.8;0.264;60;0;0;4.526;4.615;4.567;1043;1061;1044;49.99;49.99;49.99;11159;1000;0.0;0;0.0000;0;0;59397;59397;59397
60;2014-03-11 16:34:00;909402N262;3099;59.448;42;234;235;234;234;4.490;49.99;528.2;3.685;645.9;1.541;782.5;0.261;60;0;0;4.439;4.524;4.509;1022;1039;1037;49.99;49.99;49.99;11159;1000;0.0;0;0.0000;0;0;59448;59448;59448
60;2014-03-11 16:35:00;909402N262;3063;59.499;42;235;235;235;235;4.424;49.97;529.3;3.637;646.4;1.518;779.8;0.258;60;0;0;4.379;4.451;4.442;1011;1025;1024;49.97;49.97;49.97;11159;1000;0.0;0;0.0000;0;0;59499;59499;59499
60;2014-03-11 16:36:00;909402N262;3027;59.550;42;235;235;235;235;4.373;49.98;530.3;3.593;646.7;1.495;777.6;0.256;60;0;0;4.327;4.408;4.386;999;1015;1011;49.98;49.98;49.98;11159;1000;0.0;0;0.0000;0;0;59550;59550;59550
60;2014-03-11 16:37:00;909402N262;2992;59.600;42;235;236;235;235;4.322;49.97;530.5;3.553;647.1;1.473;777.7;0.253;60;0;0;4.270;4.353;4.343;987;1002;1000;49.97;49.97;49.97;11159;1000;0.0;0;0.0000;0;0;59600;59600;59600
60;2014-03-11 16:38:00;909402N262;2952;59.649;42;235;236;235;235;4.266;49.97;531.0;3.506;647.3;1.450;778.9;0.250;60;0;0;4.212;4.302;4.284;973;990;986;49.97;49.97;49.97;11159;1000;0.0;0;0.0000;0;0;59649;59649;59649
60;2014-03-11 16:39:00;909402N262;2907;59.698;42;235;236;235;235;4.205;49.97;531.3;3.452;648.5;1.422;777.2;0.248;60;0;0;4.160;4.239;4.216;960;976;970;49.97;49.97;49.97;11159;1000;0.0;0;0.0000;0;0;59698;59698;59698
60;2014-03-11 16:40:00;909402N262;2871;59.746;42;235;236;235;234;4.153;49.97;531.5;3.412;647.5;1.404;773.0;0.246;60;0;0;4.100;4.193;4.166;947;965;957;49.97;49.97;49.97;11159;1000;0.0;0;0.0000;0;0;59746;59746;59746
60;2014-03-11 16:41:00;909402N262;2813;59.792;42;235;236;235;234;4.073;49.97;538.6;3.288;647.4;1.383;773.4;0.243;60;0;0;4.029;4.109;4.083;930;946;935;49.97;49.97;49.97;11159;1000;0.0;0;0.0000;0;0;59792;59792;59792
60;2014-03-11 16:42:00;909402N262;2768;59.838;42;235;236;235;234;4.009;49.97;522.1;3.334;647.5;1.364;774.8;0.239;60;0;0;3.968;4.051;4.009;916;932;917;49.97;49.97;49.97;11159;1000;0.0;0;0.0000;0;0;59838;59838;59838
60;2014-03-11 16:43:00;909402N262;2729;59.884;41;235;236;235;234;3.958;49.97;522.4;3.288;647.9;1.340;769.0;0.237;60;0;0;3.910;3.998;3.966;901;918;907;49.97;49.97;49.97;11159;1000;0.0;0;0.0000;0;0;59884;59884;59884
60;2014-03-11 16:44:00;909402N262;2684;59.928;41;235;235;235;234;3.897;49.96;522.0;3.241;648.0;1.315;767.9;0.234;60;0;0;3.849;3.938;3.906;885;905;893;49.96;49.96;49.96;11159;1000;0.0;0;0.0000;0;0;59928;59928;59928
60;2014-03-11 16:45:00;909402N262;2648;59.973;41;234;235;235;234;3.848;49.97;522.5;3.197;648.3;1.292;772.1;0.229;60;0;0;3.790;3.884;3.871;871;891;884;49.97;49.97;49.97;11159;1000;0.0;0;0.0000;0;0;59973;59973;59973
60;2014-03-11 16:46:00;909402N262;2576;60.017;41;234;235;235;233;3.741;49.97;519.3;3.156;633.3;1.272;768.2;0.228;60;0;0;3.693;3.791;3.739;850;870;854;49.97;49.97;49.97;11159;1000;0.0;0;0.0000;0;0;60017;60017;60017
60;2014-03-11 16:47:00;909402N262;2582;60.059;41;235;236;235;234;3.755;49.97;522.3;3.128;648.0;1.256;763.4;0.227;60;0;0;3.705;3.800;3.762;852;871;857;49.97;49.97;49.97;11159;1000;0.0;0;0.0000;0;0;60059;60059;60059
60;2014-03-11 16:48:00;909402N262;2542;60.102;41;235;236;235;234;3.695;49.98;522.4;3.082;647.6;1.234;764.1;0.224;60;0;0;3.650;3.738;3.698;840;857;844;49.98;49.98;49.98;11159;1000;0.0;0;0.0000;0;0;60102;60102;60102
60;2014-03-11 16:49:00;909402N262;2513;60.144;41;235;236;235;234;3.658;49.97;522.9;3.047;647.9;1.215;770.3;0.220;60;0;0;3.611;3.703;3.660;830;848;833;49.97;49.97;49.97;11159;1000;0.0;0;0.0000;0;0;60144;60144;60144
60;2014-03-11 16:50:00;909402N262;2479;60.185;41;235;235;235;234;3.609;49.97;523.4;3.005;648.2;1.195;770.2;0.217;60;0;0;3.555;3.652;3.621;815;835;826;49.97;49.97;49.97;11159;1000;0.0;0;0.0000;0;0;60185;60185;60185
60;2014-03-11 16:51:00;909402N262;2439;60.225;41;235;235;235;235;3.554;49.97;523.2;2.961;648.5;1.173;769.5;0.215;60;0;0;3.499;3.593;3.572;800;821;816;49.97;49.97;49.97;11159;1000;0.0;0;0.0000;0;0;60225;60225;60225
60;2014-03-11 16:52:00;909402N262;2414;60.266;41;235;235;235;235;3.514;49.97;523.0;2.936;648.7;1.157;768.1;0.214;60;0;0;3.460;3.551;3.533;792;812;808;49.97;49.97;49.97;11159;1000;0.0;0;0.0000;0;0;60266;60266;60266
60;2014-03-11 16:53:00;909402N262;2385;60.305;41;235;235;235;235;3.471;49.99;523.5;2.900;648.7;1.139;766.6;0.212;60;0;0;3.416;3.508;3.490;782;801;798;49.99;49.99;49.99;11159;1000;0.0;0;0.0000;0;0;60305;60305;60305
60;2014-03-11 16:54:00;909402N262;2352;60.344;41;235;235;235;235;3.424;49.97;524.0;2.861;649.5;1.119;765.2;0.211;60;0;0;3.370;3.457;3.445;772;790;788;49.97;49.97;49.97;11159;1000;0.0;0;0.0000;0;0;60344;60344;60344
60;2014-03-11 16:55:00;909402N262;2300;60.383;41;235;236;235;235;3.350;49.98;523.6;2.800;648.5;1.092;762.1;0.209;60;0;0;3.293;3.385;3.374;754;772;772;49.98;49.98;49.98;11159;1000;0.0;0;0.0000;0;0;60383;60383;60383
60;2014-03-11 16:56:00;909402N262;2245;60.421;41;235;236;235;235;3.271;49.98;523.5;2.736;647.7;1.065;756.0;0.208;60;0;0;3.220;3.307;3.286;738;755;750;49.98;49.98;49.98;11159;1000;0.0;0;0.0000;0;0;60421;60421;60421
60;2014-03-11 16:57:00;909402N262;2192;60.457;41;235;236;236;235;3.195;49.98;524.0;2.671;647.7;1.035;752.7;0.206;60;0;0;3.150;3.228;3.207;722;738;730;49.98;49.98;49.98;11159;1000;0.0;0;0.0000;0;0;60457;60457;60457
60;2014-03-11 16:58:00;909402N262;2156;60.493;41;236;236;236;236;3.140;49.99;523.9;2.631;647.8;1.015;758.5;0.201;60;0;0;3.093;3.179;3.149;708;726;719;49.99;49.99;49.99;11159;1000;0.0;0;0.0000;0;0;60493;60493;60493
60;2014-03-11 16:59:00;909402N262;2109;60.528;41;236;236;236;236;3.075;50.00;524.6;2.573;647.5;0.990;755.9;0.199;60;0;0;3.027;3.109;3.090;692;711;705;50.00;50.00;50.00;11159;1000;0.0;0;0.0000;0;0;60528;60528;60528
60;2014-03-11 17:00:00;909402N262;2066;60.563;40;236;236;236;236;3.016;50.02;525.1;2.520;648.3;0.965;750.7;0.197;60;0;0;2.960;3.053;3.036;676;696;692;50.02;50.02;50.02;11159;1000;0.0;0;0.0000;0;0;60563;60563;60563
[wr_ende]
