20140415;160000;danfoss;My Plant;+0100
[wr_def_start]
909402N262;Inverter Type;Inverter Group;Hanzl
[wr_def_end]
[wr]
INTERVAL;TIMESTAMP;SERIAL;P_AC;E_DAY;T_WR;U_AC;U_AC_1;U_AC_2;U_AC_3;I_AC;F_AC;U_DC_1;I_DC_1;U_DC_2;I_DC_2;U_DC_3;I_DC_3;S;E_WR;M_WR;I_AC_1;I_AC_2;I_AC_3;P_AC_1;P_AC_2;P_AC_3;F_AC_1;F_AC_2;F_AC_3;R_DC;PC;PCS;PCS_LL;COS_PHI;COS_PHI_LL;S_COS_PHI;Current_Day_Energy;current_Day_Offset;ccEnergyOfDay_WithoutOffset
60;2014-04-15 15:01:00;909402N262;1362;20.148;38;233;233;233;233;2.034;50.00;578.7;0.961;639.8;0.583;778.1;0.577;60;0;0;1.990;2.070;2.043;443;461;456;50.00;50.00;50.00;12708;1000;0.0;0;0.0000;0;0;20148;20148;20148
60;2014-04-15 15:02:00;909402N262;1444;20.172;38;233;233;233;233;2.183;50.00;586.3;0.996;665.2;0.602;779.5;0.608;60;0;0;2.138;2.223;2.190;470;489;483;50.00;50.00;50.00;12708;1000;0.0;0;0.0000;0;0;20172;20172;20172
60;2014-04-15 15:03:00;909402N262;1511;20.197;38;233;233;233;232;2.282;50.01;585.9;1.046;666.4;0.624;780.1;0.635;60;0;0;2.236;2.319;2.292;492;512;505;50.01;50.01;50.01;12708;1000;0.0;0;0.0000;0;0;20197;20197;20197
60;2014-04-15 15:04:00;909402N262;1566;20.223;38;232;232;233;233;2.364;50.01;584.1;1.099;667.5;0.640;780.4;0.656;60;0;0;2.311;2.404;2.379;508;530;526;50.01;50.01;50.01;12708;1000;0.0;0;0.0000;0;0;20223;20223;20223
60;2014-04-15 15:05:00;909402N262;1613;20.250;38;232;233;232;232;2.433;50.01;582.4;1.142;667.5;0.653;781.0;0.674;60;0;0;2.385;2.474;2.441;527;546;538;50.01;50.01;50.01;12708;1000;0.0;0;0.0000;0;0;20250;20250;20250
60;2014-04-15 15:06:00;909402N262;1639;20.277;38;232;233;232;232;2.472;50.00;581.6;1.168;667.3;0.659;781.4;0.685;60;0;0;2.426;2.513;2.478;536;555;547;50.00;50.00;50.00;12708;1000;0.0;0;0.0000;0;0;20277;20277;20277
60;2014-04-15 15:07:00;909402N262;1642;20.304;38;232;232;232;232;2.476;50.00;582.9;1.170;666.5;0.660;781.5;0.685;60;0;0;2.423;2.519;2.486;535;556;549;50.00;50.00;50.00;12708;1000;0.0;0;0.0000;0;0;20304;20304;20304
60;2014-04-15 15:08:00;909402N262;1620;20.331;38;232;232;232;231;2.448;50.01;585.8;1.151;667.0;0.648;781.0;0.676;60;0;0;2.400;2.490;2.455;529;548;541;50.01;50.01;50.01;12708;1000;0.0;0;0.0000;0;0;20331;20331;20331
60;2014-04-15 15:09:00;909402N262;1576;20.357;38;232;232;232;232;2.383;49.99;588.0;1.123;665.2;0.630;780.4;0.656;60;0;0;2.332;2.423;2.396;513;533;528;49.99;49.99;49.99;12708;1000;0.0;0;0.0000;0;0;20357;20357;20357
60;2014-04-15 15:10:00;909402N262;1499;20.384;38;232;232;232;231;2.274;49.99;586.2;1.081;662.8;0.598;779.7;0.621;60;0;0;2.229;2.314;2.281;489;508;501;49.99;49.99;49.99;12708;1000;0.0;0;0.0000;0;0;20384;20384;20384
60;2014-04-15 15:11:00;909402N262;1403;20.406;38;232;232;232;231;2.134;49.98;583.0;1.022;660.4;0.560;778.0;0.578;60;0;0;2.091;2.175;2.138;457;476;468;49.98;49.98;49.98;12708;1000;0.0;0;0.0000;0;0;20406;20406;20406
60;2014-04-15 15:12:00;909402N262;1317;20.428;37;231;232;232;230;2.014;49.97;584.2;0.958;658.2;0.529;777.3;0.541;60;0;0;1.979;2.055;2.010;430;448;437;49.97;49.97;49.97;12708;1000;0.0;0;0.0000;0;0;20428;20428;20428
60;2014-04-15 15:13:00;909402N262;1256;20.449;37;232;232;232;231;1.933;49.98;587.3;0.905;657.4;0.509;775.5;0.515;60;0;0;1.900;1.974;1.927;411;427;416;49.98;49.98;49.98;12708;1000;0.0;0;0.0000;0;0;20449;20449;20449
60;2014-04-15 15:14:00;909402N262;1219;20.469;37;231;232;232;230;1.887;49.97;587.6;0.878;657.3;0.499;774.2;0.499;60;0;0;1.862;1.933;1.867;399;417;400;49.97;49.97;49.97;12708;1000;0.0;0;0.0000;0;0;20469;20469;20469
60;2014-04-15 15:15:00;909402N262;1203;20.489;37;232;232;232;231;1.863;49.97;586.0;0.867;657.8;0.494;773.6;0.491;60;0;0;1.833;1.908;1.849;393;412;396;49.97;49.97;49.97;12708;1000;0.0;0;0.0000;0;0;20489;20489;20489
60;2014-04-15 15:16:00;909402N262;1193;20.509;37;232;233;232;230;1.842;50.00;578.0;0.875;639.1;0.501;775.6;0.492;60;0;0;1.816;1.884;1.826;391;408;392;50.00;50.00;50.00;12708;1000;0.0;0;0.0000;0;0;20509;20509;20509
60;2014-04-15 15:17:00;909402N262;1220;20.530;37;232;232;232;231;1.887;50.01;581.8;0.881;659.1;0.505;773.3;0.500;60;0;0;1.860;1.926;1.876;400;415;403;50.01;50.01;50.01;12708;1000;0.0;0;0.0000;0;0;20530;20530;20530
60;2014-04-15 15:18:00;909402N262;1233;20.550;37;232;232;232;230;1.905;49.99;581.5;0.885;659.3;0.515;773.9;0.503;60;0;0;1.874;1.948;1.895;403;421;407;49.99;49.99;49.99;12708;1000;0.0;0;0.0000;0;0;20550;20550;20550
60;2014-04-15 15:19:00;909402N262;1241;20.571;37;232;232;232;231;1.916;50.00;581.9;0.887;660.3;0.522;774.3;0.508;60;0;0;1.884;1.954;1.911;407;421;411;50.00;50.00;50.00;12708;1000;0.0;0;0.0000;0;0;20571;20571;20571
60;2014-04-15 15:20:00;909402N262;1251;20.592;37;232;232;232;231;1.928;50.01;582.7;0.889;661.3;0.525;774.2;0.513;60;0;0;1.897;1.968;1.919;410;426;414;50.01;50.01;50.01;12708;1000;0.0;0;0.0000;0;0;20592;20592;20592
60;2014-04-15 15:21:00;909402N262;1265;20.613;37;232;232;232;232;1.944;50.00;584.5;0.894;662.2;0.531;775.7;0.521;60;0;0;1.905;1.981;1.948;412;429;422;50.00;50.00;50.00;12708;1000;0.0;0;0.0000;0;0;20613;20613;20613
60;2014-04-15 15:22:00;909402N262;1288;20.635;37;232;233;232;232;1.970;50.00;586.6;0.904;661.3;0.540;778.9;0.531;60;0;0;1.934;1.999;1.979;420;435;431;50.00;50.00;50.00;12708;1000;0.0;0;0.0000;0;0;20635;20635;20635
60;2014-04-15 15:23:00;909402N262;1293;20.656;37;232;233;232;232;1.977;50.01;584.9;0.912;660.2;0.539;779.6;0.534;60;0;0;1.939;2.007;1.987;422;436;433;50.01;50.01;50.01;12708;1000;0.0;0;0.0000;0;0;20656;20656;20656
60;2014-04-15 15:24:00;909402N262;1270;20.677;37;232;233;232;232;1.945;49.99;580.3;0.910;659.9;0.523;777.6;0.525;60;0;0;1.911;1.974;1.950;416;429;424;49.99;49.99;49.99;12708;1000;0.0;0;0.0000;0;0;20677;20677;20677
60;2014-04-15 15:25:00;909402N262;1228;20.698;37;232;232;232;233;1.895;50.00;577.9;0.888;658.7;0.503;774.9;0.509;60;0;0;1.857;1.933;1.897;399;417;410;50.00;50.00;50.00;12708;1000;0.0;0;0.0000;0;0;20698;20698;20698
60;2014-04-15 15:26:00;909402N262;1173;20.718;37;232;232;232;232;1.828;50.01;576.2;0.855;657.2;0.482;773.4;0.486;60;0;0;1.798;1.872;1.814;383;400;387;50.01;50.01;50.01;12708;1000;0.0;0;0.0000;0;0;20718;20718;20718
60;2014-04-15 15:27:00;909402N262;1105;20.736;37;232;232;232;232;1.741;49.99;574.3;0.811;653.5;0.456;771.6;0.455;60;0;0;1.720;1.790;1.714;363;379;362;49.99;49.99;49.99;12708;1000;0.0;0;0.0000;0;0;20736;20736;20736
60;2014-04-15 15:28:00;909402N262;1017;20.753;37;232;233;232;232;1.624;49.99;574.3;0.750;650.1;0.421;770.5;0.418;60;0;0;1.597;1.666;1.609;332;349;334;49.99;49.99;49.99;12708;1000;0.0;0;0.0000;0;0;20753;20753;20753
60;2014-04-15 15:29:00;909402N262;934;20.768;37;232;232;232;232;1.510;49.98;576.8;0.687;647.5;0.386;775.7;0.383;60;0;0;1.485;1.548;1.499;304;320;307;49.98;49.98;49.98;12708;1000;0.0;0;0.0000;0;0;20768;20768;20768
60;2014-04-15 15:30:00;909402N262;862;20.782;37;232;232;232;232;1.450;49.99;566.2;0.648;645.7;0.357;767.6;0.358;60;0;0;1.439;1.476;1.435;284;293;284;49.99;49.99;49.99;12708;1000;0.0;0;0.0000;0;0;20782;20782;20782
60;2014-04-15 15:31:00;909402N262;835;20.797;37;232;232;232;232;1.410;49.99;555.5;0.640;638.2;0.350;756.3;0.352;60;0;0;1.389;1.434;1.407;273;283;277;49.99;49.99;49.99;12708;1000;0.0;0;0.0000;0;0;20797;20797;20797
60;2014-04-15 15:32:00;909402N262;892;20.812;37;232;232;232;232;1.469;49.99;560.8;0.675;648.8;0.367;773.9;0.368;60;0;0;1.446;1.505;1.456;291;306;294;49.99;49.99;49.99;12708;1000;0.0;0;0.0000;0;0;20812;20812;20812
60;2014-04-15 15:33:00;909402N262;1019;20.828;37;232;233;233;232;1.626;50.00;572.6;0.755;652.8;0.415;769.6;0.424;60;0;0;1.600;1.673;1.606;331;352;332;50.00;50.00;50.00;12708;1000;0.0;0;0.0000;0;0;20828;20828;20828
60;2014-04-15 15:34:00;909402N262;2258;20.866;37;233;233;233;232;3.331;50.00;583.5;1.652;672.4;0.843;784.4;0.934;60;0;0;3.291;3.372;3.332;744;762;751;50.00;50.00;50.00;12708;1000;0.0;0;0.0000;0;0;20866;20866;20866
60;2014-04-15 15:35:00;909402N262;1111;20.885;37;232;233;232;232;1.747;49.99;567.8;0.838;653.7;0.445;770.4;0.460;60;0;0;1.716;1.798;1.729;363;381;365;49.99;49.99;49.99;12708;1000;0.0;0;0.0000;0;0;20885;20885;20885
60;2014-04-15 15:36:00;909402N262;910;20.900;37;232;233;232;232;1.495;50.01;563.7;0.691;646.5;0.370;772.5;0.375;60;0;0;1.477;1.528;1.480;298;311;299;50.01;50.01;50.01;12708;1000;0.0;0;0.0000;0;0;20900;20900;20900
60;2014-04-15 15:37:00;909402N262;784;20.912;37;232;233;232;232;1.340;50.00;561.8;0.600;641.2;0.323;766.3;0.325;60;0;0;1.304;1.381;1.335;254;270;258;50.00;50.00;50.00;12708;1000;0.0;0;0.0000;0;0;20912;20912;20912
60;2014-04-15 15:38:00;909402N262;691;20.924;37;232;233;232;232;1.210;50.01;560.5;0.532;636.2;0.287;762.8;0.285;60;0;0;1.189;1.226;1.215;226;232;231;50.01;50.01;50.01;12708;1000;0.0;0;0.0000;0;0;20924;20924;20924
60;2014-04-15 15:39:00;909402N262;631;20.934;37;232;233;232;232;1.118;50.00;559.1;0.492;634.1;0.263;756.5;0.261;60;0;0;1.080;1.152;1.122;203;216;211;50.00;50.00;50.00;12708;1000;0.0;0;0.0000;0;0;20934;20934;20934
60;2014-04-15 15:40:00;909402N262;597;20.944;37;232;232;232;232;1.070;49.99;558.1;0.466;634.3;0.251;752.7;0.247;60;0;0;1.026;1.119;1.066;191;206;197;49.99;49.99;49.99;12708;1000;0.0;0;0.0000;0;0;20944;20944;20944
60;2014-04-15 15:41:00;909402N262;598;20.955;37;232;232;232;232;1.072;49.98;558.5;0.461;635.9;0.256;756.5;0.247;60;0;0;1.016;1.127;1.075;189;208;200;49.98;49.98;49.98;12708;1000;0.0;0;0.0000;0;0;20955;20955;20955
60;2014-04-15 15:42:00;909402N262;642;20.966;37;232;232;232;232;1.134;49.99;560.7;0.481;639.1;0.279;763.2;0.264;60;0;0;1.085;1.179;1.140;205;219;215;49.99;49.99;49.99;12708;1000;0.0;0;0.0000;0;0;20966;20966;20966
60;2014-04-15 15:43:00;909402N262;695;20.978;37;232;233;232;232;1.215;50.00;562.5;0.511;642.4;0.302;765.0;0.289;60;0;0;1.191;1.247;1.208;226;237;231;50.00;50.00;50.00;12708;1000;0.0;0;0.0000;0;0;20978;20978;20978
60;2014-04-15 15:44:00;909402N262;727;20.990;36;232;232;232;232;1.262;49.99;562.1;0.535;643.4;0.313;765.7;0.305;60;0;0;1.232;1.283;1.272;234;245;246;49.99;49.99;49.99;12708;1000;0.0;0;0.0000;0;0;20990;20990;20990
60;2014-04-15 15:45:00;909402N262;731;21.002;36;232;232;232;232;1.267;49.99;562.0;0.540;643.4;0.312;764.1;0.308;60;0;0;1.248;1.289;1.264;238;247;243;49.99;49.99;49.99;12708;1000;0.0;0;0.0000;0;0;21002;21002;21002
60;2014-04-15 15:46:00;909402N262;713;21.014;36;232;233;232;232;1.228;49.98;556.6;0.535;624.9;0.306;766.0;0.300;60;0;0;1.202;1.264;1.219;231;243;236;49.98;49.98;49.98;12708;1000;0.0;0;0.0000;0;0;21014;21014;21014
60;2014-04-15 15:47:00;909402N262;696;21.025;36;232;233;232;232;1.190;49.99;560.1;0.522;643.4;0.294;764.4;0.292;60;0;0;1.177;1.203;1.192;228;234;232;49.99;49.99;49.99;12708;1000;0.0;0;0.0000;0;0;21025;21025;21025
60;2014-04-15 15:48:00;909402N262;686;21.036;36;233;233;232;233;1.179;49.98;560.0;0.512;643.1;0.292;766.6;0.287;60;0;0;1.155;1.211;1.173;223;233;228;49.98;49.98;49.98;12708;1000;0.0;0;0.0000;0;0;21036;21036;21036
60;2014-04-15 15:49:00;909402N262;705;21.048;36;233;233;232;233;1.205;49.98;561.3;0.519;644.2;0.305;770.6;0.294;60;0;0;1.181;1.230;1.206;230;239;234;49.98;49.98;49.98;12708;1000;0.0;0;0.0000;0;0;21048;21048;21048
60;2014-04-15 15:50:00;909402N262;749;21.060;36;233;233;232;233;1.262;49.97;563.5;0.544;647.1;0.324;769.2;0.315;60;0;0;1.251;1.287;1.250;247;255;247;49.97;49.97;49.97;12708;1000;0.0;0;0.0000;0;0;21060;21060;21060
60;2014-04-15 15:51:00;909402N262;785;21.074;36;232;233;232;232;1.305;49.98;565.6;0.569;648.5;0.337;769.4;0.331;60;0;0;1.292;1.334;1.289;258;268;258;49.98;49.98;49.98;12708;1000;0.0;0;0.0000;0;0;21074;21074;21074
60;2014-04-15 15:52:00;909402N262;807;21.087;36;233;233;232;233;1.337;50.00;565.9;0.585;647.8;0.344;770.2;0.340;60;0;0;1.333;1.359;1.319;267;274;264;50.00;50.00;50.00;12708;1000;0.0;0;0.0000;0;0;21087;21087;21087
60;2014-04-15 15:53:00;909402N262;825;21.102;36;233;234;232;233;1.356;50.00;565.1;0.603;648.2;0.349;767.7;0.349;60;0;0;1.353;1.368;1.347;273;279;272;50.00;50.00;50.00;12708;1000;0.0;0;0.0000;0;0;21102;21102;21102
60;2014-04-15 15:54:00;909402N262;842;21.114;36;233;233;232;233;1.378;50.00;564.9;0.619;648.1;0.353;770.0;0.355;60;0;0;1.368;1.390;1.376;278;283;279;50.00;50.00;50.00;12708;1000;0.0;0;0.0000;0;0;21114;21114;21114
60;2014-04-15 15:55:00;909402N262;844;21.129;36;233;233;232;233;1.379;50.00;565.0;0.623;647.9;0.353;772.4;0.355;60;0;0;1.372;1.387;1.380;278;284;280;50.00;50.00;50.00;12708;1000;0.0;0;0.0000;0;0;21129;21129;21129
60;2014-04-15 15:56:00;909402N262;835;21.143;36;233;233;232;233;1.370;50.01;564.9;0.619;647.5;0.347;770.2;0.352;60;0;0;1.352;1.386;1.373;273;281;278;50.01;50.01;50.01;12708;1000;0.0;0;0.0000;0;0;21143;21143;21143
60;2014-04-15 15:57:00;909402N262;804;21.157;36;233;233;232;233;1.329;50.01;564.2;0.598;646.8;0.333;771.5;0.338;60;0;0;1.310;1.350;1.328;262;273;267;50.01;50.01;50.01;12708;1000;0.0;0;0.0000;0;0;21157;21157;21157
60;2014-04-15 15:58:00;909402N262;757;21.169;36;233;233;233;233;1.270;50.01;563.1;0.568;643.7;0.313;769.0;0.318;60;0;0;1.267;1.299;1.246;249;259;246;50.01;50.01;50.01;12708;1000;0.0;0;0.0000;0;0;21169;21169;21169
60;2014-04-15 15:59:00;909402N262;710;21.181;36;233;232;233;233;1.210;50.01;561.6;0.537;641.2;0.295;765.9;0.297;60;0;0;1.195;1.231;1.206;232;241;236;50.01;50.01;50.01;12708;1000;0.0;0;0.0000;0;0;21181;21181;21181
60;2014-04-15 16:00:00;909402N262;681;21.192;36;234;233;234;234;1.179;50.01;560.7;0.514;640.0;0.285;763.3;0.286;60;0;0;1.154;1.210;1.173;220;233;227;50.01;50.01;50.01;12708;1000;0.0;0;0.0000;0;0;21192;21192;21192
[wr_ende]
