20140604;110000;danfoss;My Plant;+0100
[wr_def_start]
909402N262;Inverter Type;Inverter Group;Hanzl
[wr_def_end]
[wr]
INTERVAL;TIMESTAMP;SERIAL;P_AC;E_DAY;T_WR;U_AC;U_AC_1;U_AC_2;U_AC_3;I_AC;F_AC;U_DC_1;I_DC_1;U_DC_2;I_DC_2;U_DC_3;I_DC_3;S;E_WR;M_WR;I_AC_1;I_AC_2;I_AC_3;P_AC_1;P_AC_2;P_AC_3;F_AC_1;F_AC_2;F_AC_3;R_DC;PC;PCS;PCS_LL;COS_PHI;COS_PHI_LL;S_COS_PHI;Current_Day_Energy;current_Day_Offset;ccEnergyOfDay_WithoutOffset
60;2014-06-04 10:01:00;909402N262;4730;4.477;37;235;235;235;236;6.740;49.99;549.5;3.244;573.8;2.538;712.8;2.216;60;0;0;6.697;6.753;6.770;1562;1580;1586;49.99;49.99;49.99;11144;1000;0.0;0;0.0000;0;0;4477;4477;4477
60;2014-06-04 10:02:00;909402N262;4834;4.557;37;235;235;235;236;6.911;50.00;550.4;3.281;583.1;2.532;729.6;2.217;60;0;0;6.862;6.928;6.943;1598;1611;1621;50.00;50.00;50.00;11144;1000;0.0;0;0.0000;0;0;4557;4557;4557
60;2014-06-04 10:03:00;909402N262;4894;4.639;37;235;235;235;235;7.006;49.99;547.2;3.341;582.2;2.548;738.3;2.237;60;0;0;6.966;7.022;7.031;1620;1633;1640;49.99;49.99;49.99;11144;1000;0.0;0;0.0000;0;0;4639;4639;4639
60;2014-06-04 10:04:00;909402N262;4936;4.721;38;235;235;234;235;7.054;50.00;544.9;3.395;583.4;2.563;736.0;2.257;60;0;0;7.025;7.054;7.085;1640;1639;1655;50.00;50.00;50.00;11144;1000;0.0;0;0.0000;0;0;4721;4721;4721
60;2014-06-04 10:05:00;909402N262;4978;4.804;38;235;236;234;235;7.119;50.01;542.7;3.444;586.5;2.581;732.4;2.273;60;0;0;7.090;7.108;7.161;1656;1648;1672;50.01;50.01;50.01;11144;1000;0.0;0;0.0000;0;0;4804;4804;4804
60;2014-06-04 10:06:00;909402N262;5020;4.887;38;235;236;234;236;7.167;50.02;540.9;3.488;586.3;2.593;736.3;2.287;60;0;0;7.137;7.161;7.205;1670;1664;1684;50.02;50.02;50.02;11144;1000;0.0;0;0.0000;0;0;4887;4887;4887
60;2014-06-04 10:07:00;909402N262;5068;4.970;38;235;236;234;235;7.240;50.01;540.7;3.523;587.0;2.601;743.7;2.297;60;0;0;7.208;7.233;7.280;1686;1679;1701;50.01;50.01;50.01;11144;1000;0.0;0;0.0000;0;0;4970;4970;4970
60;2014-06-04 10:08:00;909402N262;5116;5.056;38;235;236;234;235;7.306;50.02;540.4;3.562;587.3;2.617;747.8;2.311;60;0;0;7.286;7.297;7.335;1706;1694;1714;50.02;50.02;50.02;11144;1000;0.0;0;0.0000;0;0;5056;5056;5056
60;2014-06-04 10:09:00;909402N262;5155;5.142;38;235;236;234;235;7.360;50.03;560.7;3.465;590.7;2.622;746.2;2.327;60;0;0;7.353;7.347;7.381;1724;1707;1723;50.03;50.03;50.03;11144;1000;0.0;0;0.0000;0;0;5142;5142;5142
60;2014-06-04 10:10:00;909402N262;5232;5.229;38;235;235;235;235;7.472;50.01;559.9;3.508;597.8;2.641;751.4;2.347;60;0;0;7.439;7.485;7.492;1737;1744;1749;50.01;50.01;50.01;11144;1000;0.0;0;0.0000;0;0;5229;5229;5229
60;2014-06-04 10:11:00;909402N262;5312;5.317;38;235;235;235;235;7.584;50.00;558.5;3.554;606.9;2.645;760.4;2.362;60;0;0;7.549;7.600;7.603;1763;1772;1775;50.00;50.00;50.00;11144;1000;0.0;0;0.0000;0;0;5317;5317;5317
60;2014-06-04 10:12:00;909402N262;5368;5.406;39;235;235;235;235;7.657;50.01;556.8;3.601;613.3;2.663;759.2;2.376;60;0;0;7.617;7.680;7.675;1779;1792;1793;50.01;50.01;50.01;11144;1000;0.0;0;0.0000;0;0;5406;5406;5406
60;2014-06-04 10:13:00;909402N262;5417;5.497;39;235;236;235;236;7.722;50.00;554.9;3.648;613.9;2.683;762.5;2.389;60;0;0;7.688;7.733;7.746;1798;1805;1812;50.00;50.00;50.00;11144;1000;0.0;0;0.0000;0;0;5497;5497;5497
60;2014-06-04 10:14:00;909402N262;5448;5.588;39;236;236;235;236;7.762;50.00;552.5;3.695;612.6;2.699;761.6;2.404;60;0;0;7.722;7.768;7.798;1808;1813;1826;50.00;50.00;50.00;11144;1000;0.0;0;0.0000;0;0;5588;5588;5588
60;2014-06-04 10:15:00;909402N262;5492;5.680;39;236;236;235;236;7.818;49.99;550.0;3.743;612.7;2.713;764.8;2.419;60;0;0;7.796;7.811;7.848;1828;1823;1839;49.99;49.99;49.99;11144;1000;0.0;0;0.0000;0;0;5680;5680;5680
60;2014-06-04 10:16:00;909402N262;5519;5.772;39;236;236;235;236;7.843;50.00;544.6;3.791;601.4;2.754;775.8;2.441;60;0;0;7.825;7.817;7.889;1838;1830;1849;50.00;50.00;50.00;11144;1000;0.0;0;0.0000;0;0;5772;5772;5772
60;2014-06-04 10:17:00;909402N262;5651;5.866;39;236;236;235;236;8.007;49.99;546.7;3.839;626.8;2.724;782.7;2.460;60;0;0;7.980;8.004;8.037;1880;1875;1894;49.99;49.99;49.99;11144;1000;0.0;0;0.0000;0;0;5866;5866;5866
60;2014-06-04 10:18:00;909402N262;5736;5.962;39;236;236;236;237;8.120;50.00;544.8;3.881;640.2;2.732;789.1;2.478;60;0;0;8.060;8.144;8.157;1894;1917;1923;50.00;50.00;50.00;11144;1000;0.0;0;0.0000;0;0;5962;5962;5962
60;2014-06-04 10:19:00;909402N262;5813;6.059;39;236;235;235;236;8.230;49.99;543.8;3.918;642.6;2.764;795.0;2.502;60;0;0;8.182;8.242;8.267;1923;1937;1950;49.99;49.99;49.99;11144;1000;0.0;0;0.0000;0;0;6059;6059;6059
60;2014-06-04 10:20:00;909402N262;5852;6.155;40;235;235;235;236;8.298;50.00;543.7;3.947;645.5;2.775;794.8;2.517;60;0;0;8.240;8.319;8.337;1934;1952;1964;50.00;50.00;50.00;11144;1000;0.0;0;0.0000;0;0;6155;6155;6155
60;2014-06-04 10:21:00;909402N262;5904;6.254;40;235;235;235;236;8.370;50.00;543.7;3.987;646.4;2.794;794.9;2.538;60;0;0;8.304;8.396;8.411;1947;1971;1984;50.00;50.00;50.00;11144;1000;0.0;0;0.0000;0;0;6254;6254;6254
60;2014-06-04 10:22:00;909402N262;5941;6.353;40;236;236;235;236;8.414;50.00;543.1;4.022;645.9;2.808;794.7;2.553;60;0;0;8.361;8.427;8.456;1966;1976;1996;50.00;50.00;50.00;11144;1000;0.0;0;0.0000;0;0;6353;6353;6353
60;2014-06-04 10:23:00;909402N262;5965;6.452;40;235;235;235;236;8.460;50.01;542.3;4.049;644.5;2.823;794.9;2.564;60;0;0;8.407;8.479;8.494;1973;1990;2001;50.01;50.01;50.01;11144;1000;0.0;0;0.0000;0;0;6452;6452;6452
60;2014-06-04 10:24:00;909402N262;5994;6.553;40;235;235;235;236;8.499;50.00;541.3;4.082;643.5;2.837;794.8;2.577;60;0;0;8.454;8.513;8.531;1986;1996;2009;50.00;50.00;50.00;11144;1000;0.0;0;0.0000;0;0;6553;6553;6553
60;2014-06-04 10:25:00;909402N262;6033;6.653;40;235;235;235;236;8.561;49.99;545.8;4.086;643.3;2.853;794.7;2.589;60;0;0;8.530;8.559;8.596;2001;2005;2025;49.99;49.99;49.99;11144;1000;0.0;0;0.0000;0;0;6653;6653;6653
60;2014-06-04 10:26:00;909402N262;6075;6.756;40;235;235;235;236;8.614;50.01;561.1;4.022;642.9;2.866;794.6;2.602;60;0;0;8.554;8.624;8.665;2007;2021;2045;50.01;50.01;50.01;11144;1000;0.0;0;0.0000;0;0;6756;6756;6756
60;2014-06-04 10:27:00;909402N262;6118;6.857;41;235;235;235;236;8.672;49.99;557.6;4.093;642.6;2.880;794.4;2.615;60;0;0;8.633;8.674;8.709;2028;2034;2054;49.99;49.99;49.99;11144;1000;0.0;0;0.0000;0;0;6857;6857;6857
60;2014-06-04 10:28:00;909402N262;6146;6.961;41;236;235;236;236;8.704;50.02;553.0;4.161;642.3;2.888;794.6;2.621;60;0;0;8.640;8.731;8.742;2025;2056;2063;50.02;50.02;50.02;11144;1000;0.0;0;0.0000;0;0;6961;6961;6961
60;2014-06-04 10:29:00;909402N262;6185;7.064;41;235;234;236;237;8.760;50.01;549.5;4.227;642.4;2.903;794.6;2.634;60;0;0;8.677;8.786;8.817;2032;2067;2083;50.01;50.01;50.01;11144;1000;0.0;0;0.0000;0;0;7064;7064;7064
60;2014-06-04 10:30:00;909402N262;6223;7.167;41;236;235;235;237;8.810;50.00;548.5;4.271;642.3;2.916;794.3;2.648;60;0;0;8.744;8.820;8.866;2052;2073;2097;50.00;50.00;50.00;11144;1000;0.0;0;0.0000;0;0;7167;7167;7167
60;2014-06-04 10:31:00;909402N262;6198;7.270;41;235;234;236;237;8.771;49.99;544.0;4.303;626.8;2.966;794.8;2.660;60;0;0;8.696;8.782;8.836;2036;2072;2088;49.99;49.99;49.99;11144;1000;0.0;0;0.0000;0;0;7270;7270;7270
60;2014-06-04 10:32:00;909402N262;6291;7.376;41;236;235;235;236;8.908;49.99;547.1;4.337;641.7;2.941;794.5;2.674;60;0;0;8.865;8.902;8.959;2083;2091;2115;49.99;49.99;49.99;11144;1000;0.0;0;0.0000;0;0;7376;7376;7376
60;2014-06-04 10:33:00;909402N262;6330;7.481;41;236;236;235;236;8.966;50.00;546.8;4.375;641.6;2.956;794.2;2.691;60;0;0;8.939;8.960;9.001;2106;2102;2121;50.00;50.00;50.00;11144;1000;0.0;0;0.0000;0;0;7481;7481;7481
60;2014-06-04 10:34:00;909402N262;6363;7.588;42;236;236;235;236;9.010;49.98;546.5;4.406;641.2;2.970;794.2;2.705;60;0;0;8.989;8.984;9.057;2118;2107;2137;49.98;49.98;49.98;11144;1000;0.0;0;0.0000;0;0;7588;7588;7588
60;2014-06-04 10:35:00;909402N262;6396;7.694;42;236;235;235;236;9.054;49.98;546.4;4.435;641.3;2.981;794.5;2.716;60;0;0;9.025;9.040;9.099;2122;2125;2148;49.98;49.98;49.98;11144;1000;0.0;0;0.0000;0;0;7694;7694;7694
60;2014-06-04 10:36:00;909402N262;6432;7.801;42;236;236;235;236;9.109;49.99;546.8;4.465;641.9;2.992;794.3;2.732;60;0;0;9.091;9.083;9.154;2141;2130;2159;49.99;49.99;49.99;11144;1000;0.0;0;0.0000;0;0;7801;7801;7801
60;2014-06-04 10:37:00;909402N262;6474;7.909;42;235;235;235;236;9.178;50.00;547.0;4.497;642.1;3.007;794.3;2.748;60;0;0;9.134;9.167;9.235;2144;2149;2179;50.00;50.00;50.00;11144;1000;0.0;0;0.0000;0;0;7909;7909;7909
60;2014-06-04 10:38:00;909402N262;6506;8.017;42;235;235;234;236;9.228;50.00;547.2;4.524;641.8;3.022;794.1;2.759;60;0;0;9.168;9.211;9.306;2150;2157;2198;50.00;50.00;50.00;11144;1000;0.0;0;0.0000;0;0;8017;8017;8017
60;2014-06-04 10:39:00;909402N262;6542;8.126;42;235;234;235;236;9.284;50.00;547.3;4.554;641.7;3.036;794.2;2.773;60;0;0;9.192;9.308;9.352;2148;2186;2206;50.00;50.00;50.00;11144;1000;0.0;0;0.0000;0;0;8126;8126;8126
60;2014-06-04 10:40:00;909402N262;6573;8.236;42;235;233;235;236;9.330;50.01;546.4;4.587;641.8;3.047;794.3;2.786;60;0;0;9.227;9.360;9.404;2151;2202;2218;50.01;50.01;50.01;11144;1000;0.0;0;0.0000;0;0;8236;8236;8236
60;2014-06-04 10:41:00;909402N262;6603;8.346;42;235;234;235;235;9.374;50.01;545.3;4.621;641.3;3.060;794.0;2.798;60;0;0;9.296;9.417;9.411;2174;2214;2213;50.01;50.01;50.01;11144;1000;0.0;0;0.0000;0;0;8346;8346;8346
60;2014-06-04 10:42:00;909402N262;6623;8.457;42;235;234;235;235;9.417;50.01;544.6;4.644;641.6;3.065;794.0;2.807;60;0;0;9.342;9.453;9.456;2182;2217;2223;50.01;50.01;50.01;11144;1000;0.0;0;0.0000;0;0;8457;8457;8457
60;2014-06-04 10:43:00;909402N262;6659;8.567;43;234;234;235;235;9.469;50.00;544.2;4.677;641.6;3.080;794.2;2.822;60;0;0;9.405;9.495;9.509;2197;2226;2234;50.00;50.00;50.00;11144;1000;0.0;0;0.0000;0;0;8567;8567;8567
60;2014-06-04 10:44:00;909402N262;6692;8.679;43;235;234;234;236;9.510;50.01;543.4;4.710;640.9;3.094;794.0;2.837;60;0;0;9.425;9.541;9.566;2201;2236;2253;50.01;50.01;50.01;11144;1000;0.0;0;0.0000;0;0;8679;8679;8679
60;2014-06-04 10:45:00;909402N262;6712;8.792;43;235;233;235;236;9.543;50.01;543.1;4.732;640.5;3.102;793.3;2.847;60;0;0;9.445;9.572;9.612;2204;2245;2261;50.01;50.01;50.01;11144;1000;0.0;0;0.0000;0;0;8792;8792;8792
60;2014-06-04 10:46:00;909402N262;6682;8.902;43;235;234;235;236;9.494;49.99;538.2;4.772;626.4;3.144;791.5;2.867;60;0;0;9.421;9.509;9.554;2198;2234;2248;49.99;49.99;49.99;11144;1000;0.0;0;0.0000;0;0;8902;8902;8902
60;2014-06-04 10:47:00;909402N262;6786;9.015;43;235;233;236;236;9.640;50.00;543.0;4.797;640.9;3.128;792.7;2.878;60;0;0;9.532;9.706;9.682;2222;2284;2278;50.00;50.00;50.00;11144;1000;0.0;0;0.0000;0;0;9015;9015;9015
60;2014-06-04 10:48:00;909402N262;6801;9.129;43;235;233;236;236;9.661;49.99;542.3;4.819;639.8;3.138;786.2;2.906;60;0;0;9.547;9.732;9.705;2222;2293;2284;49.99;49.99;49.99;11144;1000;0.0;0;0.0000;0;0;9129;9129;9129
60;2014-06-04 10:49:00;909402N262;6825;9.243;43;235;234;236;236;9.689;50.00;541.3;4.847;639.1;3.148;784.9;2.920;60;0;0;9.595;9.741;9.731;2239;2293;2290;50.00;50.00;50.00;11144;1000;0.0;0;0.0000;0;0;9243;9243;9243
60;2014-06-04 10:50:00;909402N262;6864;9.357;43;235;234;236;236;9.747;50.00;541.6;4.879;639.7;3.159;784.8;2.938;60;0;0;9.658;9.804;9.781;2253;2307;2301;50.00;50.00;50.00;11144;1000;0.0;0;0.0000;0;0;9357;9357;9357
60;2014-06-04 10:51:00;909402N262;6891;9.472;43;235;234;236;236;9.783;50.00;541.0;4.911;639.2;3.172;784.3;2.951;60;0;0;9.681;9.841;9.827;2258;2318;2314;50.00;50.00;50.00;11144;1000;0.0;0;0.0000;0;0;9472;9472;9472
60;2014-06-04 10:52:00;909402N262;6923;9.588;44;235;234;236;236;9.816;50.01;540.3;4.942;638.5;3.187;783.8;2.967;60;0;0;9.715;9.860;9.875;2270;2323;2329;50.01;50.01;50.01;11144;1000;0.0;0;0.0000;0;0;9588;9588;9588
60;2014-06-04 10:53:00;909402N262;6948;9.703;44;235;234;236;236;9.856;50.01;539.4;4.971;637.9;3.200;782.8;2.980;60;0;0;9.771;9.896;9.901;2287;2328;2332;50.01;50.01;50.01;11144;1000;0.0;0;0.0000;0;0;9703;9703;9703
60;2014-06-04 10:54:00;909402N262;6981;9.819;44;235;234;236;236;9.905;50.03;539.6;5.003;637.9;3.212;782.0;2.994;60;0;0;9.810;9.928;9.979;2291;2336;2353;50.03;50.03;50.03;11144;1000;0.0;0;0.0000;0;0;9819;9819;9819
60;2014-06-04 10:55:00;909402N262;7001;9.937;44;235;233;236;236;9.942;50.01;539.3;5.019;638.0;3.218;783.4;3.003;60;0;0;9.826;9.981;10.019;2288;2350;2361;50.01;50.01;50.01;11144;1000;0.0;0;0.0000;0;0;9937;9937;9937
60;2014-06-04 10:56:00;909402N262;7041;10.052;44;235;234;235;236;10.003;50.00;539.1;5.055;638.0;3.233;783.5;3.017;60;0;0;9.908;10.050;10.051;2311;2362;2365;50.00;50.00;50.00;11144;1000;0.0;0;0.0000;0;0;10052;10052;10052
60;2014-06-04 10:57:00;909402N262;7087;10.170;44;235;233;235;236;10.072;50.00;539.1;5.092;638.6;3.248;783.5;3.036;60;0;0;9.977;10.112;10.128;2326;2376;2382;50.00;50.00;50.00;11144;1000;0.0;0;0.0000;0;0;10170;10170;10170
60;2014-06-04 10:58:00;909402N262;7114;10.288;44;235;234;235;236;10.097;50.02;539.3;5.115;638.7;3.257;784.2;3.043;60;0;0;10.034;10.113;10.146;2350;2375;2388;50.02;50.02;50.02;11144;1000;0.0;0;0.0000;0;0;10288;10288;10288
60;2014-06-04 10:59:00;909402N262;7133;10.407;44;235;235;235;236;10.125;50.01;538.5;5.139;637.9;3.267;783.7;3.056;60;0;0;10.063;10.137;10.175;2357;2379;2396;50.01;50.01;50.01;11144;1000;0.0;0;0.0000;0;0;10407;10407;10407
60;2014-06-04 11:00:00;909402N262;7145;10.527;44;235;234;235;235;10.160;49.98;537.9;5.154;637.8;3.272;783.2;3.066;60;0;0;10.087;10.186;10.208;2355;2389;2399;49.98;49.98;49.98;11144;1000;0.0;0;0.0000;0;0;10527;10527;10527
[wr_ende]
