20150315;090000;danfoss;My Plant;+0100
[wr_def_start]
909402N262;Inverter Type;Inverter Group;Hanzl
[wr_def_end]
[wr]
INTERVAL;TIMESTAMP;SERIAL;P_AC;E_DAY;T_WR;U_AC;U_AC_1;U_AC_2;U_AC_3;I_AC;F_AC;U_DC_1;I_DC_1;U_DC_2;I_DC_2;U_DC_3;I_DC_3;S;E_WR;M_WR;I_AC_1;I_AC_2;I_AC_3;P_AC_1;P_AC_2;P_AC_3;F_AC_1;F_AC_2;F_AC_3;R_DC;PC;PCS;PCS_LL;COS_PHI;COS_PHI_LL;S_COS_PHI;Current_Day_Energy;current_Day_Offset;ccEnergyOfDay_WithoutOffset
60;2015-03-15 08:01:00;909402N262;172;0.075;25;234;233;234;235;0.356;50.01;539.6;0.135;572.1;0.083;684.2;0.080;60;0;0;0.334;0.412;0.324;54;64;52;50.01;50.01;50.01;8349;1000;0.0;0;1.0000;0;2;75;75;75
60;2015-03-15 08:02:00;909402N262;180;0.077;25;234;233;234;235;0.365;50.02;542.9;0.139;584.0;0.085;692.0;0.082;60;0;0;0.361;0.437;0.297;58;71;50;50.02;50.02;50.02;8349;1000;0.0;0;1.0000;0;2;77;77;77
60;2015-03-15 08:03:00;909402N262;169;0.080;25;234;232;234;235;0.330;50.02;540.3;0.132;574.9;0.082;695.2;0.078;60;0;0;0.310;0.392;0.289;53;65;50;50.02;50.02;50.02;8349;1000;0.0;0;1.0000;0;2;80;80;80
60;2015-03-15 08:04:00;909402N262;179;0.083;25;234;233;234;235;0.351;50.03;543.1;0.138;584.6;0.083;693.7;0.081;60;0;0;0.341;0.412;0.302;58;67;51;50.03;50.03;50.03;8349;1000;0.0;0;1.0000;0;2;83;83;83
60;2015-03-15 08:05:00;909402N262;188;0.086;25;234;234;233;235;0.368;50.03;545.5;0.145;581.9;0.089;699.9;0.084;60;0;0;0.339;0.471;0.296;56;78;52;50.03;50.03;50.03;8349;1000;0.0;0;1.0000;0;2;86;86;86
60;2015-03-15 08:06:00;909402N262;197;0.089;25;234;233;233;235;0.383;50.02;547.4;0.151;586.8;0.093;705.9;0.088;60;0;0;0.346;0.487;0.316;58;82;55;50.02;50.02;50.02;8349;1000;0.0;0;1.0000;0;2;89;89;89
60;2015-03-15 08:07:00;909402N262;221;0.094;25;234;234;233;234;0.426;50.01;552.6;0.166;593.0;0.104;711.0;0.098;60;0;0;0.389;0.540;0.351;66;92;61;50.01;50.01;50.01;8349;1000;0.0;0;1.0000;0;2;94;94;94
60;2015-03-15 08:08:00;909402N262;262;0.097;25;234;233;234;234;0.499;50.02;559.0;0.193;605.7;0.123;725.1;0.115;60;0;0;0.454;0.603;0.440;79;103;78;50.02;50.02;50.02;8349;1000;0.0;0;1.0000;0;2;97;97;97
60;2015-03-15 08:09:00;909402N262;311;0.103;25;234;234;234;234;0.579;50.01;560.6;0.225;615.5;0.143;738.9;0.134;60;0;0;0.583;0.685;0.471;101;122;85;50.01;50.01;50.01;8349;1000;0.0;0;1.0000;0;2;103;103;103
60;2015-03-15 08:10:00;909402N262;312;0.107;25;234;233;234;234;0.585;50.01;560.7;0.228;618.2;0.143;737.9;0.136;60;0;0;0.580;0.674;0.502;101;119;91;50.01;50.01;50.01;8349;1000;0.0;0;1.0000;0;2;107;107;107
60;2015-03-15 08:11:00;909402N262;304;0.113;25;234;233;234;235;0.573;50.00;561.5;0.221;613.3;0.140;728.2;0.134;60;0;0;0.573;0.661;0.487;100;117;85;50.00;50.00;50.00;8349;1000;0.0;0;1.0000;0;2;113;113;113
60;2015-03-15 08:12:00;909402N262;297;0.118;26;234;234;234;235;0.558;49.99;560.7;0.217;614.2;0.135;730.3;0.129;60;0;0;0.564;0.657;0.454;99;115;80;49.99;49.99;49.99;8349;1000;0.0;0;1.0000;0;2;118;118;118
60;2015-03-15 08:13:00;909402N262;293;0.122;26;234;234;234;235;0.556;49.99;562.9;0.216;610.4;0.134;728.3;0.127;60;0;0;0.527;0.668;0.473;92;115;84;49.99;49.99;49.99;8349;1000;0.0;0;1.0000;0;2;122;122;122
60;2015-03-15 08:14:00;909402N262;342;0.128;26;234;233;234;234;0.626;49.99;567.8;0.251;619.9;0.154;741.4;0.147;60;0;0;0.608;0.699;0.571;110;126;104;49.99;49.99;49.99;8349;1000;0.0;0;1.0000;0;2;128;128;128
60;2015-03-15 08:15:00;909402N262;408;0.135;26;234;233;233;234;0.734;49.99;569.4;0.296;630.0;0.181;751.2;0.173;60;0;0;0.675;0.827;0.700;124;153;129;49.99;49.99;49.99;8349;1000;0.0;0;1.0000;0;2;135;135;135
60;2015-03-15 08:16:00;909402N262;457;0.143;26;233;233;233;234;1.290;50.00;565.8;0.331;624.7;0.205;752.6;0.196;60;0;0;1.273;1.296;1.302;143;155;157;50.00;50.00;50.00;8349;1000;0.0;0;1.0000;0;2;143;143;143
60;2015-03-15 08:17:00;909402N262;499;0.151;26;233;233;233;234;1.331;50.00;573.2;0.352;643.5;0.219;767.4;0.208;60;0;0;1.310;1.341;1.344;156;171;171;50.00;50.00;50.00;8349;1000;0.0;0;1.0000;0;2;151;151;151
60;2015-03-15 08:18:00;909402N262;511;0.160;26;233;232;233;234;1.338;49.99;574.9;0.359;644.7;0.222;767.5;0.212;60;0;0;1.314;1.347;1.354;159;174;175;49.99;49.99;49.99;8349;1000;0.0;0;1.0000;0;2;160;160;160
60;2015-03-15 08:19:00;909402N262;540;0.169;26;233;233;233;234;1.361;50.00;576.4;0.379;647.3;0.235;764.3;0.225;60;0;0;1.339;1.369;1.376;170;183;186;50.00;50.00;50.00;8349;1000;0.0;0;1.0000;0;2;169;169;169
60;2015-03-15 08:20:00;909402N262;556;0.178;26;233;234;234;233;1.375;50.00;579.7;0.387;650.2;0.241;764.9;0.231;60;0;0;1.356;1.386;1.385;176;189;189;50.00;50.00;50.00;8349;1000;0.0;0;1.0000;0;2;178;178;178
60;2015-03-15 08:21:00;909402N262;579;0.188;26;233;234;234;233;1.394;49.99;586.0;0.398;650.4;0.252;769.4;0.240;60;0;0;1.375;1.408;1.400;184;198;195;49.99;49.99;49.99;8349;1000;0.0;0;1.0000;0;2;188;188;188
60;2015-03-15 08:22:00;909402N262;666;0.199;26;233;233;233;234;1.473;49.99;581.3;0.455;657.8;0.290;777.1;0.276;60;0;0;1.441;1.488;1.490;210;227;226;49.99;49.99;49.99;8349;1000;0.0;0;1.0000;0;2;199;199;199
60;2015-03-15 08:23:00;909402N262;801;0.212;26;233;232;233;234;1.582;49.99;591.5;0.534;667.2;0.344;788.3;0.329;60;0;0;1.538;1.601;1.609;252;274;274;49.99;49.99;49.99;8349;1000;0.0;0;1.0000;0;2;212;212;212
60;2015-03-15 08:24:00;909402N262;932;0.227;26;233;233;233;234;1.701;49.99;596.2;0.618;674.0;0.396;795.0;0.378;60;0;0;1.660;1.723;1.720;297;317;316;49.99;49.99;49.99;8349;1000;0.0;0;1.0000;0;2;227;227;227
60;2015-03-15 08:25:00;909402N262;979;0.244;27;233;233;233;233;1.755;49.99;592.0;0.661;675.2;0.412;794.5;0.396;60;0;0;1.718;1.778;1.771;314;333;331;49.99;49.99;49.99;8349;1000;0.0;0;1.0000;0;2;244;244;244
60;2015-03-15 08:26:00;909402N262;966;0.260;27;233;233;233;233;1.739;50.00;591.0;0.656;673.9;0.406;794.7;0.388;60;0;0;1.700;1.761;1.757;308;328;327;50.00;50.00;50.00;8349;1000;0.0;0;1.0000;0;2;260;260;260
60;2015-03-15 08:27:00;909402N262;1009;0.277;27;233;233;233;234;1.787;49.98;594.5;0.678;675.8;0.425;794.4;0.406;60;0;0;1.737;1.814;1.811;321;344;343;49.98;49.98;49.98;8349;1000;0.0;0;1.0000;0;2;277;277;277
60;2015-03-15 08:28:00;909402N262;1097;0.295;27;233;232;233;234;1.889;49.99;601.3;0.724;678.3;0.463;794.8;0.444;60;0;0;1.829;1.921;1.917;348;374;373;49.99;49.99;49.99;8349;1000;0.0;0;1.0000;0;2;295;295;295
60;2015-03-15 08:29:00;909402N262;1222;0.316;27;233;232;233;234;2.039;49.98;605.1;0.794;675.3;0.522;794.9;0.497;60;0;0;1.982;2.077;2.059;390;418;412;49.98;49.98;49.98;8349;1000;0.0;0;1.0000;0;2;316;316;316
60;2015-03-15 08:30:00;909402N262;1386;0.339;27;233;232;233;234;2.244;49.98;600.8;0.903;676.7;0.596;794.9;0.564;60;0;0;2.178;2.285;2.269;443;472;469;49.98;49.98;49.98;8349;1000;0.0;0;1.0000;0;2;339;339;339
60;2015-03-15 08:31:00;909402N262;1516;0.364;27;233;232;233;234;2.409;49.99;606.0;0.986;663.4;0.660;794.2;0.625;60;0;0;2.342;2.448;2.439;487;513;515;49.99;49.99;49.99;8349;1000;0.0;0;1.0000;0;2;364;364;364
60;2015-03-15 08:32:00;909402N262;1615;0.391;27;232;231;232;234;2.553;49.98;609.1;1.044;679.1;0.690;795.1;0.656;60;0;0;2.479;2.588;2.592;518;546;549;49.98;49.98;49.98;8349;1000;0.0;0;1.0000;0;2;391;391;391
60;2015-03-15 08:33:00;909402N262;1667;0.419;27;233;232;233;233;2.619;49.98;608.4;1.079;678.5;0.713;795.0;0.677;60;0;0;2.550;2.665;2.643;538;566;561;49.98;49.98;49.98;8349;1000;0.0;0;1.0000;0;2;419;419;419
60;2015-03-15 08:34:00;909402N262;1672;0.447;28;233;232;233;233;2.627;49.99;607.3;1.083;679.3;0.715;795.0;0.680;60;0;0;2.555;2.680;2.648;539;570;562;49.99;49.99;49.99;8349;1000;0.0;0;1.0000;0;2;447;447;447
60;2015-03-15 08:35:00;909402N262;1641;0.474;28;232;232;232;233;2.588;49.99;606.8;1.062;682.5;0.700;795.0;0.668;60;0;0;2.524;2.620;2.620;531;553;555;49.99;49.99;49.99;8349;1000;0.0;0;1.0000;0;2;474;474;474
60;2015-03-15 08:36:00;909402N262;1604;0.501;28;232;232;232;234;2.539;49.98;608.1;1.032;683.6;0.683;795.1;0.654;60;0;0;2.473;2.573;2.573;517;541;544;49.98;49.98;49.98;8349;1000;0.0;0;1.0000;0;2;501;501;501
60;2015-03-15 08:37:00;909402N262;1596;0.528;28;233;232;233;233;2.526;49.99;610.2;1.020;681.0;0.682;795.1;0.652;60;0;0;2.460;2.563;2.555;514;540;539;49.99;49.99;49.99;8349;1000;0.0;0;1.0000;0;2;528;528;528
60;2015-03-15 08:38:00;909402N262;1614;0.556;28;233;233;232;233;2.547;49.99;596.8;1.060;678.3;0.691;795.1;0.660;60;0;0;2.487;2.580;2.574;523;545;544;49.99;49.99;49.99;8349;1000;0.0;0;1.0000;0;2;556;556;556
60;2015-03-15 08:39:00;909402N262;1692;0.583;28;233;233;233;233;2.648;49.99;592.0;1.130;674.3;0.726;794.8;0.688;60;0;0;2.595;2.684;2.665;552;572;567;49.99;49.99;49.99;8349;1000;0.0;0;1.0000;0;2;583;583;583
60;2015-03-15 08:40:00;909402N262;1832;0.613;28;233;233;232;233;2.835;50.00;595.4;1.216;676.2;0.787;795.1;0.742;60;0;0;2.776;2.870;2.861;596;618;616;50.00;50.00;50.00;8349;1000;0.0;0;1.0000;0;2;613;613;613
60;2015-03-15 08:41:00;909402N262;2031;0.648;28;233;233;232;233;3.100;49.99;595.5;1.342;678.6;0.874;795.1;0.824;60;0;0;3.041;3.131;3.129;661;683;685;49.99;49.99;49.99;8349;1000;0.0;0;1.0000;0;2;648;648;648
60;2015-03-15 08:42:00;909402N262;2102;0.683;28;233;232;232;233;3.195;49.99;600.3;1.366;679.3;0.913;795.1;0.853;60;0;0;3.131;3.232;3.224;684;707;708;49.99;49.99;49.99;8349;1000;0.0;0;1.0000;0;2;683;683;683
60;2015-03-15 08:43:00;909402N262;2162;0.719;28;233;232;233;233;3.277;49.99;603.5;1.381;686.5;0.938;795.0;0.884;60;0;0;3.208;3.325;3.299;702;731;726;49.99;49.99;49.99;8349;1000;0.0;0;1.0000;0;2;719;719;719
60;2015-03-15 08:44:00;909402N262;2203;0.755;29;233;233;233;233;3.328;49.98;599.9;1.414;688.5;0.948;795.1;0.904;60;0;0;3.257;3.378;3.350;716;745;740;49.98;49.98;49.98;8349;1000;0.0;0;1.0000;0;2;755;755;755
60;2015-03-15 08:45:00;909402N262;2216;0.792;29;233;233;233;233;3.349;49.99;593.8;1.448;686.6;0.950;795.3;0.909;60;0;0;3.293;3.394;3.360;725;749;740;49.99;49.99;49.99;8349;1000;0.0;0;1.0000;0;2;792;792;792
60;2015-03-15 08:46:00;909402N262;2146;0.828;29;233;233;233;232;3.252;49.99;601.5;1.404;676.4;0.921;787.4;0.888;60;0;0;3.199;3.304;3.253;703;727;714;49.99;49.99;49.99;8349;1000;0.0;0;1.0000;0;2;828;828;828
60;2015-03-15 08:47:00;909402N262;2040;0.862;29;233;233;233;233;3.108;49.99;606.9;1.332;676.6;0.871;795.3;0.826;60;0;0;3.050;3.158;3.118;666;691;680;49.99;49.99;49.99;8349;1000;0.0;0;1.0000;0;2;862;862;862
60;2015-03-15 08:48:00;909402N262;1967;0.896;29;233;233;233;233;3.013;50.00;606.3;1.292;675.1;0.838;795.4;0.794;60;0;0;2.950;3.062;3.029;640;667;658;50.00;50.00;50.00;8349;1000;0.0;0;1.0000;0;2;896;896;896
60;2015-03-15 08:49:00;909402N262;1964;0.928;29;233;233;234;232;3.008;50.00;604.3;1.290;674.7;0.839;795.3;0.793;60;0;0;2.951;3.063;3.012;642;667;653;50.00;50.00;50.00;8349;1000;0.0;0;1.0000;0;2;928;928;928
60;2015-03-15 08:50:00;909402N262;2004;0.961;29;233;234;233;232;3.060;49.99;605.5;1.306;677.5;0.857;795.3;0.814;60;0;0;3.010;3.107;3.064;658;679;666;49.99;49.99;49.99;8349;1000;0.0;0;1.0000;0;2;961;961;961
60;2015-03-15 08:51:00;909402N262;2042;0.995;29;233;234;233;233;3.113;49.99;608.3;1.324;678.9;0.873;795.2;0.831;60;0;0;3.063;3.147;3.130;671;687;683;49.99;49.99;49.99;8349;1000;0.0;0;1.0000;0;2;995;995;995
60;2015-03-15 08:52:00;909402N262;2153;1.031;29;233;233;233;232;3.262;49.99;609.0;1.389;678.0;0.924;795.4;0.877;60;0;0;3.215;3.307;3.265;707;728;716;49.99;49.99;49.99;8349;1000;0.0;0;1.0000;0;2;1031;1031;1031
60;2015-03-15 08:53:00;909402N262;2253;1.069;29;233;234;234;232;3.397;49.99;604.2;1.460;680.1;0.966;795.3;0.920;60;0;0;3.360;3.445;3.388;744;763;744;49.99;49.99;49.99;8349;1000;0.0;0;1.0000;0;2;1069;1069;1069
60;2015-03-15 08:54:00;909402N262;2180;1.106;30;233;234;233;232;3.295;49.99;600.1;1.425;683.9;0.928;795.3;0.888;60;0;0;3.256;3.333;3.296;720;735;724;49.99;49.99;49.99;8349;1000;0.0;0;1.0000;0;2;1106;1106;1106
60;2015-03-15 08:55:00;909402N262;1982;1.138;30;234;234;234;233;3.023;49.99;600.0;1.301;675.9;0.850;795.3;0.804;60;0;0;2.960;3.071;3.039;645;672;663;49.99;49.99;49.99;8349;1000;0.0;0;1.0000;0;2;1138;1138;1138
60;2015-03-15 08:56:00;909402N262;1916;1.169;30;234;233;234;233;2.937;49.98;607.0;1.238;675.4;0.827;795.5;0.778;60;0;0;2.875;2.991;2.945;623;652;639;49.98;49.98;49.98;8349;1000;0.0;0;1.0000;0;2;1169;1169;1169
60;2015-03-15 08:57:00;909402N262;1981;1.202;30;234;233;234;233;3.023;49.99;603.1;1.296;674.9;0.853;795.4;0.802;60;0;0;2.959;3.075;3.036;645;673;662;49.99;49.99;49.99;8349;1000;0.0;0;1.0000;0;2;1202;1202;1202
60;2015-03-15 08:58:00;909402N262;1963;1.235;30;234;234;235;233;2.997;49.99;592.9;1.312;674.3;0.843;795.4;0.793;60;0;0;2.938;3.046;3.007;640;666;655;49.99;49.99;49.99;8349;1000;0.0;0;1.0000;0;2;1235;1235;1235
60;2015-03-15 08:59:00;909402N262;2092;1.271;30;234;233;234;233;3.172;50.01;589.5;1.394;676.7;0.907;795.3;0.847;60;0;0;3.108;3.223;3.186;681;710;699;50.01;50.01;50.01;8349;1000;0.0;0;1.0000;0;2;1271;1271;1271
60;2015-03-15 09:00:00;909402N262;2271;1.308;30;234;234;235;233;3.411;50.01;588.5;1.492;680.4;1.001;795.7;0.919;60;0;0;3.355;3.465;3.413;743;771;754;50.01;50.01;50.01;8349;1000;0.0;0;1.0000;0;2;1308;1308;1308
[wr_ende]
