20140215;140002;danfoss;My Plant;+0100
[wr_def_start]
909402N262;Inverter Type;Inverter Group;Hanzl
[wr_def_end]
[wr]
INTERVAL;TIMESTAMP;SERIAL;P_AC;E_DAY;T_WR;U_AC;U_AC_1;U_AC_2;U_AC_3;I_AC;F_AC;U_DC_1;I_DC_1;U_DC_2;I_DC_2;U_DC_3;I_DC_3;S;E_WR;M_WR;I_AC_1;I_AC_2;I_AC_3;P_AC_1;P_AC_2;P_AC_3;F_AC_1;F_AC_2;F_AC_3;R_DC;PC;PCS;PCS_LL;COS_PHI;COS_PHI_LL;S_COS_PHI;Current_Day_Energy;current_Day_Offset;ccEnergyOfDay_WithoutOffset
60;2014-02-15 13:01:00;909402N262;5202;18.920;41;235;235;236;235;7.396;49.96;567.3;3.965;652.6;2.029;787.0;2.178;60;0;0;7.318;7.457;7.413;1709;1753;1737;49.96;49.96;49.96;13086;1000;0.0;0;0.0000;0;0;18920;18920;18920
60;2014-02-15 13:02:00;909402N262;4898;19.002;41;235;235;236;236;6.954;49.96;570.7;3.690;666.5;1.887;795.0;2.018;60;0;0;6.876;7.019;6.967;1607;1652;1637;49.96;49.96;49.96;13086;1000;0.0;0;0.0000;0;0;19002;19002;19002
60;2014-02-15 13:03:00;909402N262;4356;19.075;41;235;235;236;236;6.188;49.96;570.9;3.273;664.0;1.689;794.6;1.785;60;0;0;6.117;6.237;6.212;1429;1466;1458;49.96;49.96;49.96;13086;1000;0.0;0;0.0000;0;0;19075;19075;19075
60;2014-02-15 13:04:00;909402N262;4510;19.151;41;235;234;235;236;6.419;49.96;572.7;3.405;666.7;1.743;794.8;1.840;60;0;0;6.348;6.466;6.443;1481;1517;1510;49.96;49.96;49.96;13086;1000;0.0;0;0.0000;0;0;19151;19151;19151
60;2014-02-15 13:05:00;909402N262;4262;19.220;41;235;234;235;235;6.072;49.97;572.5;3.216;666.2;1.637;794.9;1.738;60;0;0;6.011;6.120;6.086;1402;1431;1426;49.97;49.97;49.97;13086;1000;0.0;0;0.0000;0;0;19220;19220;19220
60;2014-02-15 13:06:00;909402N262;4023;19.288;41;235;235;235;235;5.738;49.98;573.0;3.040;665.1;1.546;795.0;1.638;60;0;0;5.673;5.784;5.757;1324;1349;1347;49.98;49.98;49.98;13086;1000;0.0;0;0.0000;0;0;19288;19288;19288
60;2014-02-15 13:07:00;909402N262;4743;19.366;41;235;235;235;235;6.738;49.99;575.0;3.609;669.6;1.795;795.0;1.937;60;0;0;6.701;6.753;6.761;1568;1591;1584;49.99;49.99;49.99;13086;1000;0.0;0;0.0000;0;0;19366;19366;19366
60;2014-02-15 13:08:00;909402N262;6806;19.480;41;235;235;235;235;9.641;49.99;575.0;5.180;678.0;2.514;795.0;2.810;60;0;0;9.601;9.657;9.665;2259;2272;2274;49.99;49.99;49.99;13086;1000;0.0;0;0.0000;0;0;19480;19480;19480
60;2014-02-15 13:09:00;909402N262;7804;19.611;41;235;235;235;235;11.055;49.99;571.5;5.933;678.7;2.886;795.1;3.253;60;0;0;11.012;11.087;11.067;2591;2608;2604;49.99;49.99;49.99;13086;1000;0.0;0;0.0000;0;0;19611;19611;19611
60;2014-02-15 13:10:00;909402N262;7108;19.728;41;235;235;235;235;10.072;49.99;570.0;5.437;675.7;2.627;794.8;2.966;60;0;0;10.024;10.106;10.087;2356;2380;2371;49.99;49.99;49.99;13086;1000;0.0;0;0.0000;0;0;19728;19728;19728
60;2014-02-15 13:11:00;909402N262;6979;19.845;41;235;235;235;235;9.890;50.00;570.0;5.332;674.5;2.573;795.0;2.910;60;0;0;9.831;9.938;9.902;2312;2335;2329;50.00;50.00;50.00;13086;1000;0.0;0;0.0000;0;0;19845;19845;19845
60;2014-02-15 13:12:00;909402N262;6629;19.955;41;235;235;236;235;9.396;50.01;567.7;5.078;672.0;2.452;795.2;2.765;60;0;0;9.323;9.445;9.422;2190;2222;2214;50.01;50.01;50.01;13086;1000;0.0;0;0.0000;0;0;19955;19955;19955
60;2014-02-15 13:13:00;909402N262;6075;20.057;41;235;235;236;235;8.620;50.01;568.2;4.657;669.6;2.260;794.9;2.518;60;0;0;8.546;8.670;8.644;2005;2038;2029;50.01;50.01;50.01;13086;1000;0.0;0;0.0000;0;0;20057;20057;20057
60;2014-02-15 13:14:00;909402N262;5603;20.151;41;235;235;236;235;7.950;50.02;568.6;4.293;668.2;2.078;794.6;2.328;60;0;0;7.867;8.000;7.984;1844;1881;1876;50.02;50.02;50.02;13086;1000;0.0;0;0.0000;0;0;20151;20151;20151
60;2014-02-15 13:15:00;909402N262;4158;20.219;41;235;235;235;235;5.930;50.00;568.8;3.202;661.7;1.558;794.6;1.721;60;0;0;5.859;5.977;5.955;1366;1398;1393;50.00;50.00;50.00;13086;1000;0.0;0;0.0000;0;0;20219;20219;20219
60;2014-02-15 13:16:00;909402N262;3297;20.276;41;235;234;235;235;4.716;49.99;565.3;2.546;640.2;1.271;788.3;1.362;60;0;0;4.643;4.768;4.739;1078;1111;1106;49.99;49.99;49.99;13086;1000;0.0;0;0.0000;0;0;20276;20276;20276
60;2014-02-15 13:17:00;909402N262;2229;20.312;41;235;234;235;235;3.209;49.99;577.1;1.678;646.9;0.885;794.4;0.895;60;0;0;3.141;3.248;3.238;724;752;750;49.99;49.99;49.99;13086;1000;0.0;0;0.0000;0;0;20312;20312;20312
60;2014-02-15 13:18:00;909402N262;2617;20.356;41;235;234;235;235;3.751;50.00;576.4;1.990;653.8;1.014;794.6;1.051;60;0;0;3.684;3.786;3.783;854;880;882;50.00;50.00;50.00;13086;1000;0.0;0;0.0000;0;0;20356;20356;20356
60;2014-02-15 13:19:00;909402N262;2630;20.400;41;235;234;235;236;3.762;50.01;577.8;1.997;655.4;1.016;794.6;1.055;60;0;0;3.686;3.801;3.801;856;885;887;50.01;50.01;50.01;13086;1000;0.0;0;0.0000;0;0;20400;20400;20400
60;2014-02-15 13:20:00;909402N262;3380;20.457;41;235;235;235;236;4.822;50.02;577.7;2.580;664.1;1.269;794.9;1.368;60;0;0;4.749;4.853;4.864;1107;1133;1138;50.02;50.02;50.02;13086;1000;0.0;0;0.0000;0;0;20457;20457;20457
60;2014-02-15 13:21:00;909402N262;2968;20.506;41;235;235;235;236;4.240;50.01;577.7;2.259;661.2;1.124;795.0;1.197;60;0;0;4.168;4.283;4.271;971;998;998;50.01;50.01;50.01;13086;1000;0.0;0;0.0000;0;0;20506;20506;20506
60;2014-02-15 13:22:00;909402N262;2745;20.552;41;235;234;235;236;3.926;50.01;579.9;2.076;659.7;1.051;794.9;1.102;60;0;0;3.856;3.958;3.966;896;921;926;50.01;50.01;50.01;13086;1000;0.0;0;0.0000;0;0;20552;20552;20552
60;2014-02-15 13:23:00;909402N262;2378;20.591;41;235;234;235;235;3.410;50.02;584.3;1.776;656.1;0.924;794.8;0.953;60;0;0;3.345;3.442;3.444;774;800;802;50.02;50.02;50.02;13086;1000;0.0;0;0.0000;0;0;20591;20591;20591
60;2014-02-15 13:24:00;909402N262;2319;20.629;41;234;234;234;235;3.334;50.02;587.3;1.719;656.0;0.903;794.7;0.930;60;0;0;3.273;3.366;3.363;756;781;780;50.02;50.02;50.02;13086;1000;0.0;0;0.0000;0;0;20629;20629;20629
60;2014-02-15 13:25:00;909402N262;2336;20.668;41;234;234;235;234;3.359;50.03;590.3;1.721;657.1;0.911;794.5;0.938;60;0;0;3.292;3.401;3.385;761;788;784;50.03;50.03;50.03;13086;1000;0.0;0;0.0000;0;0;20668;20668;20668
60;2014-02-15 13:26:00;909402N262;2381;20.709;41;234;234;234;234;3.425;50.03;591.9;1.747;658.6;0.927;794.5;0.956;60;0;0;3.365;3.461;3.451;777;802;799;50.03;50.03;50.03;13086;1000;0.0;0;0.0000;0;0;20709;20709;20709
60;2014-02-15 13:27:00;909402N262;2769;20.754;41;234;234;234;234;3.971;50.03;588.8;2.058;664.2;1.059;794.8;1.110;60;0;0;3.917;4.006;3.990;908;933;926;50.03;50.03;50.03;13086;1000;0.0;0;0.0000;0;0;20754;20754;20754
60;2014-02-15 13:28:00;909402N262;3730;20.816;41;234;234;234;234;5.335;50.03;585.8;2.810;672.2;1.403;795.0;1.498;60;0;0;5.278;5.366;5.361;1227;1254;1249;50.03;50.03;50.03;13086;1000;0.0;0;0.0000;0;0;20816;20816;20816
60;2014-02-15 13:29:00;909402N262;5175;20.903;41;234;234;234;235;7.373;50.03;586.6;3.896;680.1;1.905;795.0;2.100;60;0;0;7.305;7.395;7.419;1705;1729;1739;50.03;50.03;50.03;13086;1000;0.0;0;0.0000;0;0;20903;20903;20903
60;2014-02-15 13:30:00;909402N262;4745;20.983;41;234;234;235;235;6.776;50.04;584.1;3.559;676.3;1.762;794.7;1.936;60;0;0;6.707;6.818;6.803;1563;1589;1591;50.04;50.04;50.04;13086;1000;0.0;0;0.0000;0;0;20983;20983;20983
60;2014-02-15 13:31:00;909402N262;4989;21.067;41;234;234;235;235;7.106;50.02;578.9;3.798;660.5;1.862;795.1;2.070;60;0;0;7.042;7.123;7.154;1642;1672;1674;50.02;50.02;50.02;13086;1000;0.0;0;0.0000;0;0;21067;21067;21067
60;2014-02-15 13:32:00;909402N262;6348;21.173;41;234;234;235;235;9.042;50.03;582.3;4.768;681.4;2.318;795.0;2.627;60;0;0;8.951;9.093;9.084;2087;2131;2128;50.03;50.03;50.03;13086;1000;0.0;0;0.0000;0;0;21173;21173;21173
60;2014-02-15 13:33:00;909402N262;7000;21.290;41;235;234;235;235;9.957;50.03;579.5;5.265;681.7;2.570;794.9;2.910;60;0;0;9.864;10.022;9.986;2300;2358;2339;50.03;50.03;50.03;13086;1000;0.0;0;0.0000;0;0;21290;21290;21290
60;2014-02-15 13:34:00;909402N262;6518;21.398;41;234;233;235;234;9.289;50.01;576.7;4.888;678.8;2.412;795.1;2.715;60;0;0;9.203;9.366;9.298;2144;2197;2175;50.01;50.01;50.01;13086;1000;0.0;0;0.0000;0;0;21398;21398;21398
60;2014-02-15 13:35:00;909402N262;4870;21.479;41;234;233;235;234;6.978;50.01;573.3;3.625;670.7;1.843;794.7;2.033;60;0;0;6.881;7.073;6.982;1596;1645;1626;50.01;50.01;50.01;13086;1000;0.0;0;0.0000;0;0;21479;21479;21479
60;2014-02-15 13:36:00;909402N262;3307;21.533;41;234;233;234;234;4.764;50.03;574.3;2.403;661.6;1.315;795.5;1.376;60;0;0;4.689;4.818;4.786;1082;1115;1109;50.03;50.03;50.03;13086;1000;0.0;0;0.0000;0;0;21533;21533;21533
60;2014-02-15 13:37:00;909402N262;2997;21.583;41;234;233;234;235;4.318;50.02;577.4;2.141;659.9;1.210;795.5;1.250;60;0;0;4.245;4.367;4.344;978;1010;1007;50.02;50.02;50.02;13086;1000;0.0;0;0.0000;0;0;21583;21583;21583
60;2014-02-15 13:38:00;909402N262;3032;21.634;41;234;233;234;235;4.366;50.02;577.3;2.163;660.5;1.228;795.5;1.264;60;0;0;4.292;4.411;4.395;989;1021;1020;50.02;50.02;50.02;13086;1000;0.0;0;0.0000;0;0;21634;21634;21634
60;2014-02-15 13:39:00;909402N262;3350;21.690;41;234;233;234;235;4.816;50.02;574.6;2.420;663.5;1.340;795.5;1.396;60;0;0;4.741;4.864;4.844;1095;1128;1125;50.02;50.02;50.02;13086;1000;0.0;0;0.0000;0;0;21690;21690;21690
60;2014-02-15 13:40:00;909402N262;4412;21.762;41;234;234;234;235;6.317;50.03;575.7;3.241;669.8;1.714;795.1;1.838;60;0;0;6.246;6.350;6.356;1449;1480;1482;50.03;50.03;50.03;13086;1000;0.0;0;0.0000;0;0;21762;21762;21762
60;2014-02-15 13:41:00;909402N262;4617;21.840;41;234;233;234;235;6.615;50.01;574.8;3.377;670.2;1.781;794.5;1.935;60;0;0;6.534;6.680;6.631;1516;1551;1548;50.01;50.01;50.01;13086;1000;0.0;0;0.0000;0;0;21840;21840;21840
60;2014-02-15 13:42:00;909402N262;3329;21.896;40;234;232;235;235;4.787;50.02;572.7;2.393;662.8;1.344;795.5;1.391;60;0;0;4.702;4.842;4.819;1082;1125;1120;50.02;50.02;50.02;13086;1000;0.0;0;0.0000;0;0;21896;21896;21896
60;2014-02-15 13:43:00;909402N262;3473;21.954;40;234;233;235;235;4.991;50.02;573.9;2.500;664.3;1.391;795.5;1.451;60;0;0;4.904;5.045;5.026;1129;1172;1170;50.02;50.02;50.02;13086;1000;0.0;0;0.0000;0;0;21954;21954;21954
60;2014-02-15 13:44:00;909402N262;2897;22.002;40;234;233;235;235;4.169;50.01;576.4;2.037;660.4;1.191;795.5;1.214;60;0;0;4.084;4.222;4.202;939;980;976;50.01;50.01;50.01;13086;1000;0.0;0;0.0000;0;0;22002;22002;22002
60;2014-02-15 13:45:00;909402N262;2712;22.047;40;234;232;235;235;3.906;50.02;579.1;1.881;660.2;1.127;795.7;1.138;60;0;0;3.811;3.967;3.941;874;922;915;50.02;50.02;50.02;13086;1000;0.0;0;0.0000;0;0;22047;22047;22047
60;2014-02-15 13:46:00;909402N262;2890;22.095;40;234;233;235;235;4.149;50.01;573.9;2.052;648.5;1.198;794.5;1.224;60;0;0;4.066;4.195;4.186;937;978;973;50.01;50.01;50.01;13086;1000;0.0;0;0.0000;0;0;22095;22095;22095
60;2014-02-15 13:47:00;909402N262;2836;22.143;40;234;233;235;235;4.065;50.01;580.0;1.969;662.1;1.168;794.8;1.191;60;0;0;3.991;4.131;4.075;924;960;950;50.01;50.01;50.01;13086;1000;0.0;0;0.0000;0;0;22143;22143;22143
60;2014-02-15 13:48:00;909402N262;2370;22.182;40;234;234;235;235;3.410;50.01;583.5;1.595;658.5;1.009;794.6;1.003;60;0;0;3.350;3.452;3.428;772;801;795;50.01;50.01;50.01;13086;1000;0.0;0;0.0000;0;0;22182;22182;22182
60;2014-02-15 13:49:00;909402N262;2231;22.219;40;234;233;234;234;3.214;50.01;584.1;1.487;658.0;0.960;795.0;0.944;60;0;0;3.158;3.250;3.235;728;752;749;50.01;50.01;50.01;13086;1000;0.0;0;0.0000;0;0;22219;22219;22219
60;2014-02-15 13:50:00;909402N262;2116;22.254;40;234;233;234;235;3.054;50.02;584.1;1.403;657.3;0.919;795.2;0.894;60;0;0;2.993;3.091;3.080;688;714;712;50.02;50.02;50.02;13086;1000;0.0;0;0.0000;0;0;22254;22254;22254
60;2014-02-15 13:51:00;909402N262;2014;22.288;40;234;234;235;235;2.912;50.02;584.2;1.329;657.1;0.880;795.2;0.849;60;0;0;2.849;2.951;2.937;653;681;678;50.02;50.02;50.02;13086;1000;0.0;0;0.0000;0;0;22288;22288;22288
60;2014-02-15 13:52:00;909402N262;1914;22.321;40;234;234;234;234;2.779;50.02;584.9;1.259;656.9;0.840;795.3;0.806;60;0;0;2.726;2.833;2.779;624;651;638;50.02;50.02;50.02;13086;1000;0.0;0;0.0000;0;0;22321;22321;22321
60;2014-02-15 13:53:00;909402N262;1813;22.350;40;234;234;234;235;2.636;50.03;585.1;1.191;658.7;0.795;795.1;0.763;60;0;0;2.583;2.688;2.639;589;615;606;50.03;50.03;50.03;13086;1000;0.0;0;0.0000;0;0;22350;22350;22350
60;2014-02-15 13:54:00;909402N262;1706;22.379;40;234;234;234;235;2.487;50.02;585.0;1.124;662.0;0.743;794.9;0.719;60;0;0;2.432;2.532;2.497;554;578;572;50.02;50.02;50.02;13086;1000;0.0;0;0.0000;0;0;22379;22379;22379
60;2014-02-15 13:55:00;909402N262;1598;22.405;40;234;234;234;235;2.333;50.01;584.8;1.056;665.3;0.687;794.8;0.673;60;0;0;2.279;2.367;2.354;518;540;538;50.01;50.01;50.01;13086;1000;0.0;0;0.0000;0;0;22405;22405;22405
60;2014-02-15 13:56:00;909402N262;1489;22.430;40;234;234;235;235;2.181;50.01;584.9;0.987;665.1;0.641;794.8;0.626;60;0;0;2.118;2.225;2.200;480;507;501;50.01;50.01;50.01;13086;1000;0.0;0;0.0000;0;0;22430;22430;22430
60;2014-02-15 13:57:00;909402N262;1392;22.453;40;234;234;234;235;2.045;50.01;584.1;0.927;658.8;0.610;794.8;0.579;60;0;0;1.984;2.078;2.075;449;471;471;50.01;50.01;50.01;13086;1000;0.0;0;0.0000;0;0;22453;22453;22453
60;2014-02-15 13:58:00;909402N262;1313;22.475;39;234;234;234;235;1.928;50.01;580.1;0.883;650.7;0.587;794.7;0.540;60;0;0;1.874;1.970;1.941;423;446;441;50.01;50.01;50.01;13086;1000;0.0;0;0.0000;0;0;22475;22475;22475
60;2014-02-15 13:59:00;909402N262;1248;22.496;39;234;233;234;235;1.848;50.01;569.5;0.860;648.3;0.559;791.3;0.514;60;0;0;1.793;1.892;1.860;401;425;420;50.01;50.01;50.01;13086;1000;0.0;0;0.0000;0;0;22496;22496;22496
60;2014-02-15 14:00:00;909402N262;1202;22.516;39;234;234;234;234;1.794;50.01;581.3;0.816;647.0;0.537;787.1;0.496;60;0;0;1.757;1.838;1.788;390;411;399;50.01;50.01;50.01;13086;1000;0.0;0;0.0000;0;0;22516;22516;22516
[wr_ende]
