20150109;150004;danfoss;My Plant;+0100
[wr_def_start]
909402N262;Inverter Type;Inverter Group;Hanzl
[wr_def_end]
[wr]
INTERVAL;TIMESTAMP;SERIAL;P_AC;E_DAY;T_WR;U_AC;U_AC_1;U_AC_2;U_AC_3;I_AC;F_AC;U_DC_1;I_DC_1;U_DC_2;I_DC_2;U_DC_3;I_DC_3;S;E_WR;M_WR;I_AC_1;I_AC_2;I_AC_3;P_AC_1;P_AC_2;P_AC_3;F_AC_1;F_AC_2;F_AC_3;R_DC;PC;PCS;PCS_LL;COS_PHI;COS_PHI_LL;S_COS_PHI;Current_Day_Energy;current_Day_Offset;ccEnergyOfDay_WithoutOffset
60;2015-01-09 14:01:00;909402N262;431;3.209;33;231;230;231;231;0.771;49.98;576.9;0.790;93.4;0.000;101.4;0.000;60;0;0;1.031;0.258;1.024;182;51;198;49.98;49.98;49.98;897;1000;0.0;0;1.0000;0;2;3209;3209;3209
60;2015-01-09 14:02:00;909402N262;445;3.216;33;231;230;231;231;0.806;49.96;583.1;0.806;86.8;0.000;85.9;0.000;60;0;0;0.869;1.310;0.241;133;269;45;49.96;49.96;49.96;897;1000;0.0;0;1.0000;0;2;3216;3216;3216
60;2015-01-09 14:03:00;909402N262;459;3.224;33;233;232;233;234;0.863;49.96;582.8;0.832;102.6;0.000;102.9;0.000;60;0;0;0.368;1.060;1.163;51;169;241;49.96;49.96;49.96;897;1000;0.0;0;1.0000;0;2;3224;3224;3224
60;2015-01-09 14:04:00;909402N262;422;3.230;33;233;232;233;234;0.842;49.97;585.3;0.764;102.7;0.000;103.0;0.000;60;0;0;0.557;0.920;1.051;86;144;191;49.97;49.97;49.97;897;1000;0.0;0;1.0000;0;2;3230;3230;3230
60;2015-01-09 14:05:00;909402N262;348;3.237;33;233;232;233;234;0.801;49.98;586.1;0.635;102.6;0.000;102.8;0.000;60;0;0;0.715;0.754;0.934;108;102;137;49.98;49.98;49.98;897;1000;0.0;0;1.0000;0;2;3237;3237;3237
60;2015-01-09 14:06:00;909402N262;330;3.243;33;233;232;234;234;0.746;49.98;586.6;0.602;102.6;0.000;102.9;0.000;60;0;0;0.625;0.835;0.780;94;122;111;49.98;49.98;49.98;897;1000;0.0;0;1.0000;0;2;3243;3243;3243
60;2015-01-09 14:07:00;909402N262;330;3.247;33;233;232;234;233;0.761;49.98;585.3;0.605;102.6;0.000;102.9;0.000;60;0;0;0.632;0.909;0.742;88;131;109;49.98;49.98;49.98;897;1000;0.0;0;1.0000;0;2;3247;3247;3247
60;2015-01-09 14:08:00;909402N262;348;3.253;33;233;233;234;234;0.795;49.99;586.3;0.634;102.6;0.000;102.9;0.000;60;0;0;0.704;0.881;0.802;99;129;118;49.99;49.99;49.99;897;1000;0.0;0;1.0000;0;2;3253;3253;3253
60;2015-01-09 14:09:00;909402N262;363;3.260;33;234;233;234;234;0.822;49.99;586.2;0.661;102.8;0.000;103.0;0.000;60;0;0;0.784;0.857;0.827;112;125;124;49.99;49.99;49.99;897;1000;0.0;0;1.0000;0;2;3260;3260;3260
60;2015-01-09 14:10:00;909402N262;365;3.266;33;234;233;235;235;0.833;49.99;586.2;0.663;103.0;0.000;103.2;0.000;60;0;0;0.781;0.800;0.918;114;111;138;49.99;49.99;49.99;897;1000;0.0;0;1.0000;0;2;3266;3266;3266
60;2015-01-09 14:11:00;909402N262;360;3.272;33;234;233;235;235;0.832;49.99;584.7;0.658;103.0;0.000;103.3;0.000;60;0;0;0.782;0.829;0.886;112;115;131;49.99;49.99;49.99;897;1000;0.0;0;1.0000;0;2;3272;3272;3272
60;2015-01-09 14:12:00;909402N262;344;3.277;33;234;233;235;234;0.789;50.01;584.4;0.630;103.0;0.000;103.2;0.000;60;0;0;0.692;0.897;0.779;98;130;115;50.01;50.01;50.01;897;1000;0.0;0;1.0000;0;2;3277;3277;3277
60;2015-01-09 14:13:00;909402N262;327;3.284;33;234;233;235;234;0.762;50.00;584.5;0.600;102.8;0.000;103.0;0.000;60;0;0;0.736;0.889;0.663;101;126;98;50.00;50.00;50.00;897;1000;0.0;0;1.0000;0;2;3284;3284;3284
60;2015-01-09 14:14:00;909402N262;312;3.288;33;234;233;235;234;0.735;50.00;584.2;0.574;102.8;0.000;103.1;0.000;60;0;0;0.742;0.763;0.701;104;103;103;50.00;50.00;50.00;897;1000;0.0;0;1.0000;0;2;3288;3288;3288
60;2015-01-09 14:15:00;909402N262;298;3.293;33;234;232;235;235;0.684;50.00;583.6;0.550;103.0;0.000;103.2;0.000;60;0;0;0.611;0.681;0.761;92;92;112;50.00;50.00;50.00;897;1000;0.0;0;1.0000;0;2;3293;3293;3293
60;2015-01-09 14:16:00;909402N262;286;3.297;33;234;232;235;235;0.657;50.01;573.3;0.538;90.2;0.000;96.5;0.000;60;0;0;0.829;0.280;0.863;122;35;128;50.01;50.01;50.01;897;1000;0.0;0;1.0000;0;2;3297;3297;3297
60;2015-01-09 14:17:00;909402N262;280;3.304;33;234;232;234;235;0.625;50.00;580.3;0.521;87.3;0.000;87.3;0.000;60;0;0;0.921;0.048;0.906;136;7;136;50.00;50.00;50.00;897;1000;0.0;0;1.0000;0;2;3304;3304;3304
60;2015-01-09 14:18:00;909402N262;264;3.308;33;233;232;234;234;0.611;50.00;580.6;0.494;103.1;0.000;103.3;0.000;60;0;0;0.863;0.157;0.815;126;19;119;50.00;50.00;50.00;897;1000;0.0;0;1.0000;0;2;3308;3308;3308
60;2015-01-09 14:19:00;909402N262;252;3.311;33;233;232;234;234;0.632;50.00;579.9;0.474;102.5;0.000;102.7;0.000;60;0;0;0.678;0.544;0.675;94;66;91;50.00;50.00;50.00;897;1000;0.0;0;1.0000;0;2;3311;3311;3311
60;2015-01-09 14:20:00;909402N262;247;3.316;33;234;232;234;234;0.616;50.01;580.6;0.464;102.5;0.000;102.8;0.000;60;0;0;0.602;0.622;0.624;83;79;84;50.01;50.01;50.01;897;1000;0.0;0;1.0000;0;2;3316;3316;3316
60;2015-01-09 14:21:00;909402N262;246;3.320;33;234;232;234;234;0.601;50.01;581.9;0.461;102.6;0.000;102.9;0.000;60;0;0;0.567;0.629;0.608;80;82;82;50.01;50.01;50.01;897;1000;0.0;0;1.0000;0;2;3320;3320;3320
60;2015-01-09 14:22:00;909402N262;240;3.323;33;234;233;234;234;0.643;50.01;581.3;0.452;102.5;0.000;102.8;0.000;60;0;0;0.606;0.698;0.627;78;83;78;50.01;50.01;50.01;897;1000;0.0;0;1.0000;0;2;3323;3323;3323
60;2015-01-09 14:23:00;909402N262;231;3.328;33;234;233;234;234;0.591;50.00;581.5;0.434;102.5;0.000;102.8;0.000;60;0;0;0.574;0.677;0.523;77;87;65;50.00;50.00;50.00;897;1000;0.0;0;1.0000;0;2;3328;3328;3328
60;2015-01-09 14:24:00;909402N262;220;3.332;33;233;232;234;234;0.595;50.00;582.1;0.416;102.2;0.000;102.5;0.000;60;0;0;0.564;0.665;0.556;71;79;69;50.00;50.00;50.00;897;1000;0.0;0;1.0000;0;2;3332;3332;3332
60;2015-01-09 14:25:00;909402N262;214;3.335;33;233;233;233;233;0.550;49.99;577.6;0.408;102.1;0.000;102.4;0.000;60;0;0;0.528;0.595;0.528;67;75;69;49.99;49.99;49.99;897;1000;0.0;0;1.0000;0;2;3335;3335;3335
60;2015-01-09 14:26:00;909402N262;215;3.338;33;233;232;233;233;0.572;50.00;566.7;0.418;102.1;0.000;102.3;0.000;60;0;0;0.535;0.618;0.563;69;71;73;50.00;50.00;50.00;897;1000;0.0;0;1.0000;0;2;3338;3338;3338
60;2015-01-09 14:27:00;909402N262;220;3.342;33;232;231;233;233;0.602;50.00;562.5;0.430;102.0;0.000;102.2;0.000;60;0;0;0.546;0.683;0.577;71;81;66;50.00;50.00;50.00;897;1000;0.0;0;1.0000;0;2;3342;3342;3342
60;2015-01-09 14:28:00;909402N262;221;3.346;33;233;231;233;233;0.604;50.01;562.2;0.433;102.1;0.000;102.4;0.000;60;0;0;0.539;0.683;0.591;71;80;68;50.01;50.01;50.01;897;1000;0.0;0;1.0000;0;2;3346;3346;3346
60;2015-01-09 14:29:00;909402N262;222;3.350;33;232;231;233;233;0.601;50.02;562.8;0.434;102.0;0.000;102.3;0.000;60;0;0;0.537;0.679;0.589;74;76;70;50.02;50.02;50.02;897;1000;0.0;0;1.0000;0;2;3350;3350;3350
60;2015-01-09 14:30:00;909402N262;230;3.354;33;232;231;233;233;0.615;50.01;564.3;0.448;102.0;0.000;102.3;0.000;60;0;0;0.568;0.654;0.623;78;73;77;50.01;50.01;50.01;897;1000;0.0;0;1.0000;0;2;3354;3354;3354
60;2015-01-09 14:31:00;909402N262;237;3.358;33;232;231;233;232;0.644;49.99;559.8;0.465;89.5;0.000;94.3;0.000;60;0;0;0.666;0.623;0.643;85;66;84;49.99;49.99;49.99;897;1000;0.0;0;1.0000;0;2;3358;3358;3358
60;2015-01-09 14:32:00;909402N262;248;3.362;33;232;231;233;232;0.617;49.98;566.0;0.479;86.7;0.000;86.6;0.000;60;0;0;0.626;0.556;0.669;85;67;93;49.98;49.98;49.98;897;1000;0.0;0;1.0000;0;2;3362;3362;3362
60;2015-01-09 14:33:00;909402N262;263;3.366;33;232;232;233;232;0.644;49.98;575.8;0.496;102.0;0.000;102.3;0.000;60;0;0;0.563;0.634;0.736;74;81;105;49.98;49.98;49.98;897;1000;0.0;0;1.0000;0;2;3366;3366;3366
60;2015-01-09 14:34:00;909402N262;283;3.371;33;232;232;233;233;0.666;49.99;589.6;0.517;102.2;0.000;102.4;0.000;60;0;0;0.506;0.745;0.748;71;101;108;49.99;49.99;49.99;897;1000;0.0;0;1.0000;0;2;3371;3371;3371
60;2015-01-09 14:35:00;909402N262;299;3.376;32;232;232;232;233;0.729;50.00;588.4;0.548;102.1;0.000;102.4;0.000;60;0;0;0.639;0.829;0.720;83;115;99;50.00;50.00;50.00;897;1000;0.0;0;1.0000;0;2;3376;3376;3376
60;2015-01-09 14:36:00;909402N262;306;3.382;32;232;232;232;233;0.761;50.01;587.1;0.562;102.1;0.000;102.4;0.000;60;0;0;0.728;0.798;0.757;94;112;98;50.01;50.01;50.01;897;1000;0.0;0;1.0000;0;2;3382;3382;3382
60;2015-01-09 14:37:00;909402N262;307;3.386;32;232;233;232;233;0.745;50.00;585.5;0.565;102.1;0.000;102.4;0.000;60;0;0;0.772;0.819;0.646;104;117;85;50.00;50.00;50.00;897;1000;0.0;0;1.0000;0;2;3386;3386;3386
60;2015-01-09 14:38:00;909402N262;305;3.392;32;232;232;232;233;0.735;50.01;584.5;0.562;102.0;0.000;102.2;0.000;60;0;0;0.721;0.813;0.672;98;114;91;50.01;50.01;50.01;897;1000;0.0;0;1.0000;0;2;3392;3392;3392
60;2015-01-09 14:39:00;909402N262;302;3.395;32;232;231;231;233;0.734;50.01;583.9;0.557;101.9;0.000;102.1;0.000;60;0;0;0.659;0.729;0.814;93;100;107;50.01;50.01;50.01;897;1000;0.0;0;1.0000;0;2;3395;3395;3395
60;2015-01-09 14:40:00;909402N262;299;3.402;32;232;230;232;233;0.670;50.00;583.7;0.551;102.2;0.000;102.5;0.000;60;0;0;0.905;0.174;0.932;135;24;139;50.00;50.00;50.00;897;1000;0.0;0;1.0000;0;2;3402;3402;3402
60;2015-01-09 14:41:00;909402N262;294;3.406;32;232;231;232;233;0.663;50.01;583.7;0.543;102.3;0.000;102.6;0.000;60;0;0;0.879;0.222;0.888;129;34;131;50.01;50.01;50.01;897;1000;0.0;0;1.0000;0;2;3406;3406;3406
60;2015-01-09 14:42:00;909402N262;290;3.412;32;232;232;231;233;0.709;50.02;583.5;0.536;102.1;0.000;102.3;0.000;60;0;0;0.791;0.615;0.722;107;85;96;50.02;50.02;50.02;897;1000;0.0;0;1.0000;0;2;3412;3412;3412
60;2015-01-09 14:43:00;909402N262;285;3.416;32;232;231;232;232;0.690;50.02;583.4;0.528;101.8;0.000;102.1;0.000;60;0;0;0.555;0.827;0.689;72;114;96;50.02;50.02;50.02;897;1000;0.0;0;1.0000;0;2;3416;3416;3416
60;2015-01-09 14:44:00;909402N262;281;3.420;32;232;231;232;232;0.686;50.02;583.5;0.521;101.8;0.000;102.1;0.000;60;0;0;0.572;0.789;0.698;77;105;98;50.02;50.02;50.02;897;1000;0.0;0;1.0000;0;2;3420;3420;3420
60;2015-01-09 14:45:00;909402N262;279;3.425;32;232;231;232;233;0.660;50.02;583.0;0.517;102.1;0.000;102.4;0.000;60;0;0;0.811;0.354;0.816;114;47;116;50.02;50.02;50.02;897;1000;0.0;0;1.0000;0;2;3425;3425;3425
60;2015-01-09 14:46:00;909402N262;275;3.430;32;232;232;232;233;0.684;50.02;582.8;0.514;89.1;0.000;94.9;0.000;60;0;0;0.690;0.629;0.735;90;89;94;50.02;50.02;50.02;897;1000;0.0;0;1.0000;0;2;3430;3430;3430
60;2015-01-09 14:47:00;909402N262;278;3.434;32;232;232;232;233;0.668;50.01;581.4;0.517;86.6;0.000;86.1;0.000;60;0;0;0.750;0.490;0.766;103;70;103;50.01;50.01;50.01;897;1000;0.0;0;1.0000;0;2;3434;3434;3434
60;2015-01-09 14:48:00;909402N262;276;3.439;32;232;232;232;233;0.659;50.02;580.0;0.514;102.2;0.000;102.4;0.000;60;0;0;0.763;0.483;0.733;103;67;104;50.02;50.02;50.02;897;1000;0.0;0;1.0000;0;2;3439;3439;3439
60;2015-01-09 14:49:00;909402N262;270;3.444;32;232;232;232;232;0.664;50.02;579.8;0.504;102.0;0.000;102.2;0.000;60;0;0;0.655;0.719;0.619;82;101;85;50.02;50.02;50.02;897;1000;0.0;0;1.0000;0;2;3444;3444;3444
60;2015-01-09 14:50:00;909402N262;260;3.448;32;232;232;232;232;0.627;50.02;578.9;0.490;101.9;0.000;102.2;0.000;60;0;0;0.597;0.709;0.577;77;101;80;50.02;50.02;50.02;897;1000;0.0;0;1.0000;0;2;3448;3448;3448
60;2015-01-09 14:51:00;909402N262;250;3.452;32;232;232;232;232;0.604;50.01;578.3;0.471;101.9;0.000;102.1;0.000;60;0;0;0.615;0.624;0.575;79;89;80;50.01;50.01;50.01;897;1000;0.0;0;1.0000;0;2;3452;3452;3452
60;2015-01-09 14:52:00;909402N262;240;3.455;32;232;231;232;232;0.587;50.02;578.3;0.454;101.8;0.000;102.0;0.000;60;0;0;0.567;0.632;0.564;74;89;75;50.02;50.02;50.02;897;1000;0.0;0;1.0000;0;2;3455;3455;3455
60;2015-01-09 14:53:00;909402N262;232;3.461;32;232;231;231;233;0.631;50.02;578.1;0.439;101.6;0.000;101.9;0.000;60;0;0;0.601;0.616;0.676;78;78;74;50.02;50.02;50.02;897;1000;0.0;0;1.0000;0;2;3461;3461;3461
60;2015-01-09 14:54:00;909402N262;225;3.464;32;232;231;231;233;0.663;50.01;577.6;0.429;101.5;0.000;101.8;0.000;60;0;0;0.633;0.634;0.722;73;78;73;50.01;50.01;50.01;897;1000;0.0;0;1.0000;0;2;3464;3464;3464
60;2015-01-09 14:55:00;909402N262;222;3.467;32;232;232;231;233;0.635;50.01;577.1;0.423;101.6;0.000;101.9;0.000;60;0;0;0.653;0.638;0.616;72;85;63;50.01;50.01;50.01;897;1000;0.0;0;1.0000;0;2;3467;3467;3467
60;2015-01-09 14:56:00;909402N262;218;3.471;32;232;232;231;232;0.585;50.01;575.9;0.417;101.6;0.000;101.9;0.000;60;0;0;0.544;0.670;0.542;55;93;69;50.01;50.01;50.01;897;1000;0.0;0;1.0000;0;2;3471;3471;3471
60;2015-01-09 14:57:00;909402N262;212;3.474;32;231;232;231;232;0.604;50.01;575.2;0.407;101.5;0.000;101.8;0.000;60;0;0;0.580;0.641;0.592;53;88;68;50.01;50.01;50.01;897;1000;0.0;0;1.0000;0;2;3474;3474;3474
60;2015-01-09 14:58:00;909402N262;205;3.478;32;232;232;230;233;0.650;50.02;574.9;0.393;101.5;0.000;101.8;0.000;60;0;0;0.677;0.550;0.723;72;72;58;50.02;50.02;50.02;897;1000;0.0;0;1.0000;0;2;3478;3478;3478
60;2015-01-09 14:59:00;909402N262;199;3.482;32;232;232;230;233;0.619;50.02;574.3;0.384;101.6;0.000;101.9;0.000;60;0;0;0.663;0.474;0.720;80;60;57;50.02;50.02;50.02;897;1000;0.0;0;1.0000;0;2;3482;3482;3482
60;2015-01-09 15:00:00;909402N262;193;3.484;32;232;231;231;234;0.587;50.01;573.6;0.374;101.7;0.000;102.0;0.000;60;0;0;0.646;0.333;0.782;89;34;68;50.01;50.01;50.01;897;1000;0.0;0;1.0000;0;2;3484;3484;3484
[wr_ende]
