20140306;120004;danfoss;My Plant;+0100
[wr_def_start]
909402N262;Inverter Type;Inverter Group;Hanzl
[wr_def_end]
[wr]
INTERVAL;TIMESTAMP;SERIAL;P_AC;E_DAY;T_WR;U_AC;U_AC_1;U_AC_2;U_AC_3;I_AC;F_AC;U_DC_1;I_DC_1;U_DC_2;I_DC_2;U_DC_3;I_DC_3;S;E_WR;M_WR;I_AC_1;I_AC_2;I_AC_3;P_AC_1;P_AC_2;P_AC_3;F_AC_1;F_AC_2;F_AC_3;R_DC;PC;PCS;PCS_LL;COS_PHI;COS_PHI_LL;S_COS_PHI;Current_Day_Energy;current_Day_Offset;ccEnergyOfDay_WithoutOffset
60;2014-03-06 11:01:00;909402N262;1199;3.918;32;232;232;231;232;1.803;49.95;579.3;0.841;635.9;0.523;786.6;0.500;60;0;0;1.764;1.832;1.814;390;405;402;49.95;49.95;49.95;10061;1000;0.0;0;0.0000;0;0;3918;3918;3918
60;2014-03-06 11:02:00;909402N262;1311;3.940;32;232;232;231;232;1.967;49.95;584.9;0.897;657.3;0.563;795.0;0.541;60;0;0;1.924;1.996;1.982;427;442;440;49.95;49.95;49.95;10061;1000;0.0;0;0.0000;0;0;3940;3940;3940
60;2014-03-06 11:03:00;909402N262;1432;3.963;32;232;232;231;232;2.141;49.97;589.5;0.970;659.6;0.615;795.0;0.591;60;0;0;2.093;2.173;2.157;466;483;481;49.97;49.97;49.97;10061;1000;0.0;0;0.0000;0;0;3963;3963;3963
60;2014-03-06 11:04:00;909402N262;1480;3.988;32;232;232;231;232;2.209;49.97;580.6;1.019;661.7;0.633;795.2;0.611;60;0;0;2.161;2.241;2.225;482;498;498;49.97;49.97;49.97;10061;1000;0.0;0;0.0000;0;0;3988;3988;3988
60;2014-03-06 11:05:00;909402N262;1503;4.014;32;232;232;231;232;2.241;49.98;582.1;1.030;663.0;0.640;795.1;0.623;60;0;0;2.197;2.272;2.256;490;505;505;49.98;49.98;49.98;10061;1000;0.0;0;0.0000;0;0;4014;4014;4014
60;2014-03-06 11:06:00;909402N262;1654;4.041;33;232;232;231;232;2.460;49.99;585.3;1.118;669.7;0.701;794.8;0.691;60;0;0;2.410;2.492;2.478;540;557;556;49.99;49.99;49.99;10061;1000;0.0;0;0.0000;0;0;4041;4041;4041
60;2014-03-06 11:07:00;909402N262;1835;4.072;33;232;232;232;232;2.712;50.00;582.1;1.249;671.2;0.774;795.0;0.768;60;0;0;2.660;2.763;2.715;598;622;613;50.00;50.00;50.00;10061;1000;0.0;0;0.0000;0;0;4072;4072;4072
60;2014-03-06 11:08:00;909402N262;1694;4.100;33;232;232;232;232;2.515;49.99;580.3;1.170;667.9;0.711;794.8;0.704;60;0;0;2.458;2.564;2.525;551;575;567;49.99;49.99;49.99;10061;1000;0.0;0;0.0000;0;0;4100;4100;4100
60;2014-03-06 11:09:00;909402N262;1416;4.124;33;232;232;232;232;2.118;49.98;583.1;0.967;661.7;0.607;795.0;0.587;60;0;0;2.063;2.155;2.137;459;479;477;49.98;49.98;49.98;10061;1000;0.0;0;0.0000;0;0;4124;4124;4124
60;2014-03-06 11:10:00;909402N262;1317;4.146;33;232;231;232;232;1.977;49.98;583.0;0.884;659.7;0.573;794.8;0.551;60;0;0;1.924;2.015;1.994;426;446;443;49.98;49.98;49.98;10061;1000;0.0;0;0.0000;0;0;4146;4146;4146
60;2014-03-06 11:11:00;909402N262;1356;4.168;33;232;232;232;232;2.031;49.99;589.9;0.908;660.2;0.584;795.0;0.566;60;0;0;1.981;2.064;2.050;439;459;456;49.99;49.99;49.99;10061;1000;0.0;0;0.0000;0;0;4168;4168;4168
60;2014-03-06 11:12:00;909402N262;1384;4.191;33;231;231;231;232;2.074;49.99;579.7;0.945;661.0;0.597;794.9;0.577;60;0;0;2.027;2.106;2.091;450;468;465;49.99;49.99;49.99;10061;1000;0.0;0;0.0000;0;0;4191;4191;4191
60;2014-03-06 11:13:00;909402N262;1580;4.217;33;231;232;231;232;2.352;49.99;590.1;1.051;665.1;0.677;795.0;0.662;60;0;0;2.303;2.389;2.365;515;533;530;49.99;49.99;49.99;10061;1000;0.0;0;0.0000;0;0;4217;4217;4217
60;2014-03-06 11:14:00;909402N262;1766;4.247;33;232;232;231;232;2.616;50.00;590.0;1.179;668.5;0.751;795.0;0.739;60;0;0;2.574;2.652;2.624;579;594;591;50.00;50.00;50.00;10061;1000;0.0;0;0.0000;0;0;4247;4247;4247
60;2014-03-06 11:15:00;909402N262;1822;4.277;33;232;232;231;232;2.697;49.99;587.5;1.227;668.6;0.772;795.0;0.761;60;0;0;2.652;2.737;2.704;597;614;608;49.99;49.99;49.99;10061;1000;0.0;0;0.0000;0;0;4277;4277;4277
60;2014-03-06 11:16:00;909402N262;1752;4.306;33;232;232;231;232;2.595;49.98;580.0;1.199;661.6;0.751;786.8;0.738;60;0;0;2.553;2.634;2.599;575;589;586;49.98;49.98;49.98;10061;1000;0.0;0;0.0000;0;0;4306;4306;4306
60;2014-03-06 11:17:00;909402N262;1634;4.333;33;231;232;231;232;2.431;49.99;583.4;1.115;665.6;0.692;795.0;0.680;60;0;0;2.389;2.463;2.442;536;548;548;49.99;49.99;49.99;10061;1000;0.0;0;0.0000;0;0;4333;4333;4333
60;2014-03-06 11:18:00;909402N262;1499;4.359;33;231;232;231;232;2.241;49.98;583.7;1.023;663.2;0.637;795.1;0.624;60;0;0;2.194;2.273;2.257;489;504;504;49.98;49.98;49.98;10061;1000;0.0;0;0.0000;0;0;4359;4359;4359
60;2014-03-06 11:19:00;909402N262;1369;4.381;33;231;231;230;232;2.058;49.99;583.7;0.937;659.9;0.584;794.9;0.569;60;0;0;2.010;2.084;2.080;445;460;462;49.99;49.99;49.99;10061;1000;0.0;0;0.0000;0;0;4381;4381;4381
60;2014-03-06 11:20:00;909402N262;1270;4.403;33;231;232;231;232;1.912;49.99;582.9;0.870;658.7;0.545;795.0;0.526;60;0;0;1.866;1.938;1.933;412;428;428;49.99;49.99;49.99;10061;1000;0.0;0;0.0000;0;0;4403;4403;4403
60;2014-03-06 11:21:00;909402N262;1226;4.422;33;231;232;231;231;1.849;49.99;581.3;0.841;658.7;0.528;795.0;0.505;60;0;0;1.800;1.876;1.873;397;414;413;49.99;49.99;49.99;10061;1000;0.0;0;0.0000;0;0;4422;4422;4422
60;2014-03-06 11:22:00;909402N262;1216;4.443;33;231;232;231;231;1.836;50.00;578.9;0.835;659.4;0.525;795.1;0.502;60;0;0;1.794;1.868;1.848;396;411;407;50.00;50.00;50.00;10061;1000;0.0;0;0.0000;0;0;4443;4443;4443
60;2014-03-06 11:23:00;909402N262;1226;4.464;33;231;232;231;231;1.848;49.99;577.1;0.839;660.9;0.530;795.2;0.509;60;0;0;1.807;1.881;1.858;399;416;409;49.99;49.99;49.99;10061;1000;0.0;0;0.0000;0;0;4464;4464;4464
60;2014-03-06 11:24:00;909402N262;1270;4.485;33;231;232;231;231;1.911;50.00;576.7;0.868;661.7;0.549;795.0;0.528;60;0;0;1.867;1.943;1.923;413;430;425;50.00;50.00;50.00;10061;1000;0.0;0;0.0000;0;0;4485;4485;4485
60;2014-03-06 11:25:00;909402N262;1303;4.507;33;231;232;231;231;1.959;50.00;577.9;0.892;661.0;0.562;795.0;0.541;60;0;0;1.911;1.992;1.975;424;441;436;50.00;50.00;50.00;10061;1000;0.0;0;0.0000;0;0;4507;4507;4507
60;2014-03-06 11:26:00;909402N262;1292;4.529;33;231;232;231;231;1.947;49.99;579.0;0.888;660.9;0.554;795.1;0.535;60;0;0;1.905;1.977;1.959;421;437;433;49.99;49.99;49.99;10061;1000;0.0;0;0.0000;0;0;4529;4529;4529
60;2014-03-06 11:27:00;909402N262;1254;4.550;33;231;231;231;231;1.894;50.00;578.8;0.867;659.1;0.537;795.1;0.519;60;0;0;1.847;1.923;1.912;407;424;421;50.00;50.00;50.00;10061;1000;0.0;0;0.0000;0;0;4550;4550;4550
60;2014-03-06 11:28:00;909402N262;1197;4.569;33;231;231;230;231;1.821;50.01;579.1;0.829;657.7;0.511;794.9;0.495;60;0;0;1.779;1.846;1.838;389;404;402;50.01;50.01;50.01;10061;1000;0.0;0;0.0000;0;0;4569;4569;4569
60;2014-03-06 11:29:00;909402N262;1182;4.590;33;231;231;230;231;1.791;50.01;580.1;0.810;657.8;0.510;794.8;0.490;60;0;0;1.756;1.812;1.805;386;398;397;50.01;50.01;50.01;10061;1000;0.0;0;0.0000;0;0;4590;4590;4590
60;2014-03-06 11:30:00;909402N262;1223;4.610;33;231;231;230;231;1.848;50.00;579.6;0.832;660.6;0.528;795.0;0.509;60;0;0;1.805;1.880;1.861;397;413;410;50.00;50.00;50.00;10061;1000;0.0;0;0.0000;0;0;4610;4610;4610
60;2014-03-06 11:31:00;909402N262;1247;4.630;33;231;231;230;231;1.878;50.00;574.4;0.856;655.3;0.545;786.8;0.527;60;0;0;1.842;1.904;1.890;407;420;418;50.00;50.00;50.00;10061;1000;0.0;0;0.0000;0;0;4630;4630;4630
60;2014-03-06 11:32:00;909402N262;1291;4.652;33;231;231;231;231;1.944;50.00;577.8;0.880;663.5;0.557;795.3;0.538;60;0;0;1.901;1.975;1.958;420;437;432;50.00;50.00;50.00;10061;1000;0.0;0;0.0000;0;0;4652;4652;4652
60;2014-03-06 11:33:00;909402N262;1342;4.674;33;231;232;231;231;2.016;50.00;578.2;0.912;665.9;0.578;795.2;0.559;60;0;0;1.967;2.052;2.030;436;454;450;50.00;50.00;50.00;10061;1000;0.0;0;0.0000;0;0;4674;4674;4674
60;2014-03-06 11:34:00;909402N262;1382;4.697;33;231;232;231;232;2.074;50.00;578.6;0.939;667.1;0.594;795.3;0.577;60;0;0;2.025;2.101;2.096;449;465;466;50.00;50.00;50.00;10061;1000;0.0;0;0.0000;0;0;4697;4697;4697
60;2014-03-06 11:35:00;909402N262;1396;4.720;33;231;232;230;232;2.093;49.99;578.6;0.948;667.9;0.599;795.4;0.582;60;0;0;2.045;2.122;2.112;454;470;470;49.99;49.99;49.99;10061;1000;0.0;0;0.0000;0;0;4720;4720;4720
60;2014-03-06 11:36:00;909402N262;1405;4.744;33;231;231;230;232;2.107;50.00;579.4;0.951;669.3;0.601;795.2;0.587;60;0;0;2.056;2.138;2.128;457;473;473;50.00;50.00;50.00;10061;1000;0.0;0;0.0000;0;0;4744;4744;4744
60;2014-03-06 11:37:00;909402N262;1457;4.768;33;231;232;231;232;2.179;49.99;580.5;0.982;670.5;0.624;795.4;0.609;60;0;0;2.129;2.210;2.198;474;491;490;49.99;49.99;49.99;10061;1000;0.0;0;0.0000;0;0;4768;4768;4768
60;2014-03-06 11:38:00;909402N262;1537;4.794;33;231;231;231;231;2.295;50.00;581.2;1.033;668.7;0.662;795.4;0.642;60;0;0;2.247;2.329;2.309;502;518;516;50.00;50.00;50.00;10061;1000;0.0;0;0.0000;0;0;4794;4794;4794
60;2014-03-06 11:39:00;909402N262;1612;4.821;33;231;231;230;232;2.403;49.99;583.0;1.079;669.1;0.696;795.2;0.673;60;0;0;2.363;2.432;2.416;529;540;541;49.99;49.99;49.99;10061;1000;0.0;0;0.0000;0;0;4821;4821;4821
60;2014-03-06 11:40:00;909402N262;1689;4.848;33;231;231;230;232;2.515;50.00;588.5;1.114;672.5;0.731;795.3;0.703;60;0;0;2.459;2.549;2.537;550;567;570;50.00;50.00;50.00;10061;1000;0.0;0;0.0000;0;0;4848;4848;4848
60;2014-03-06 11:41:00;909402N262;1878;4.880;33;231;230;230;232;2.781;50.00;595.7;1.215;674.2;0.818;795.3;0.783;60;0;0;2.719;2.819;2.807;609;632;634;50.00;50.00;50.00;10061;1000;0.0;0;0.0000;0;0;4880;4880;4880
60;2014-03-06 11:42:00;909402N262;2423;4.921;33;231;230;230;232;3.549;49.99;603.0;1.551;682.3;1.034;795.2;1.018;60;0;0;3.495;3.571;3.583;792;811;818;49.99;49.99;49.99;10061;1000;0.0;0;0.0000;0;0;4921;4921;4921
60;2014-03-06 11:43:00;909402N262;4653;4.998;33;231;231;232;232;6.729;50.00;598.8;3.072;699.2;1.861;795.0;2.013;60;0;0;6.692;6.704;6.792;1532;1556;1562;50.00;50.00;50.00;10061;1000;0.0;0;0.0000;0;0;4998;4998;4998
60;2014-03-06 11:44:00;909402N262;9115;5.150;33;232;231;232;233;13.093;50.00;599.7;6.226;712.5;3.519;794.4;3.810;60;0;0;12.991;13.122;13.166;3005;3041;3067;50.00;50.00;50.00;10061;1000;0.0;0;0.0000;0;0;5150;5150;5150
60;2014-03-06 11:45:00;909402N262;7422;5.275;33;232;230;232;233;10.693;49.99;598.0;5.081;704.2;2.838;794.6;3.169;60;0;0;10.606;10.721;10.753;2441;2482;2498;49.99;49.99;49.99;10061;1000;0.0;0;0.0000;0;0;5275;5275;5275
60;2014-03-06 11:46:00;909402N262;7219;5.395;33;231;230;232;233;10.407;49.99;583.1;5.063;687.9;2.836;794.4;3.025;60;0;0;10.294;10.443;10.485;2366;2412;2439;49.99;49.99;49.99;10061;1000;0.0;0;0.0000;0;0;5395;5395;5395
60;2014-03-06 11:47:00;909402N262;3951;5.461;33;231;230;231;233;5.748;50.00;575.3;2.790;684.8;1.595;795.0;1.636;60;0;0;5.656;5.785;5.803;1290;1321;1337;50.00;50.00;50.00;10061;1000;0.0;0;0.0000;0;0;5461;5461;5461
60;2014-03-06 11:48:00;909402N262;3615;5.521;34;231;230;231;232;5.264;50.00;590.2;2.478;683.5;1.473;795.6;1.494;60;0;0;5.173;5.309;5.310;1178;1214;1221;50.00;50.00;50.00;10061;1000;0.0;0;0.0000;0;0;5521;5521;5521
60;2014-03-06 11:49:00;909402N262;3303;5.576;34;231;230;231;232;4.812;50.02;592.5;2.270;681.3;1.344;795.3;1.357;60;0;0;4.733;4.844;4.861;1078;1106;1117;50.02;50.02;50.02;10061;1000;0.0;0;0.0000;0;0;5576;5576;5576
60;2014-03-06 11:50:00;909402N262;2950;5.625;34;231;230;231;232;4.308;50.02;590.8;2.039;676.9;1.204;795.1;1.207;60;0;0;4.231;4.347;4.346;961;991;997;50.02;50.02;50.02;10061;1000;0.0;0;0.0000;0;0;5625;5625;5625
60;2014-03-06 11:51:00;909402N262;2747;5.671;34;231;230;231;232;4.014;50.01;585.5;1.913;674.2;1.129;795.3;1.123;60;0;0;3.941;4.045;4.057;894;921;930;50.01;50.01;50.01;10061;1000;0.0;0;0.0000;0;0;5671;5671;5671
60;2014-03-06 11:52:00;909402N262;2504;5.712;34;231;230;231;232;3.664;50.01;582.5;1.756;669.1;1.036;795.6;1.020;60;0;0;3.595;3.686;3.713;815;836;850;50.01;50.01;50.01;10061;1000;0.0;0;0.0000;0;0;5712;5712;5712
60;2014-03-06 11:53:00;909402N262;2472;5.754;34;231;230;231;233;3.612;50.02;584.0;1.714;671.1;1.026;795.8;1.012;60;0;0;3.543;3.638;3.657;804;827;838;50.02;50.02;50.02;10061;1000;0.0;0;0.0000;0;0;5754;5754;5754
60;2014-03-06 11:54:00;909402N262;2568;5.796;34;231;231;231;232;3.752;50.01;585.7;1.757;672.9;1.072;795.5;1.060;60;0;0;3.689;3.781;3.788;840;859;868;50.01;50.01;50.01;10061;1000;0.0;0;0.0000;0;0;5796;5796;5796
60;2014-03-06 11:55:00;909402N262;2554;5.840;34;231;231;231;233;3.730;50.01;586.1;1.744;672.1;1.069;795.6;1.055;60;0;0;3.663;3.757;3.770;834;854;865;50.01;50.01;50.01;10061;1000;0.0;0;0.0000;0;0;5840;5840;5840
60;2014-03-06 11:56:00;909402N262;2524;5.881;34;231;231;231;233;3.688;50.02;585.8;1.724;671.3;1.061;795.6;1.039;60;0;0;3.621;3.710;3.734;824;843;855;50.02;50.02;50.02;10061;1000;0.0;0;0.0000;0;0;5881;5881;5881
60;2014-03-06 11:57:00;909402N262;2574;5.924;34;231;231;230;232;3.761;50.03;586.6;1.745;673.9;1.087;795.7;1.061;60;0;0;3.704;3.780;3.800;844;858;870;50.03;50.03;50.03;10061;1000;0.0;0;0.0000;0;0;5924;5924;5924
60;2014-03-06 11:58:00;909402N262;2790;5.971;34;231;231;231;233;4.068;50.04;589.0;1.869;676.4;1.182;795.5;1.155;60;0;0;4.004;4.087;4.115;913;930;945;50.04;50.04;50.04;10061;1000;0.0;0;0.0000;0;0;5971;5971;5971
60;2014-03-06 11:59:00;909402N262;3069;6.022;34;231;231;231;232;4.476;50.04;592.7;2.039;679.6;1.296;795.3;1.275;60;0;0;4.412;4.493;4.524;1006;1024;1038;50.04;50.04;50.04;10061;1000;0.0;0;0.0000;0;0;6022;6022;6022
60;2014-03-06 12:00:00;909402N262;3399;6.078;34;232;231;230;233;4.949;50.03;594.0;2.269;686.6;1.407;795.5;1.414;60;0;0;4.889;4.950;5.009;1118;1126;1154;50.03;50.03;50.03;10061;1000;0.0;0;0.0000;0;0;6078;6078;6078
[wr_ende]
