20150321;100005;danfoss;My Plant;+0100
[wr_def_start]
909402N262;Inverter Type;Inverter Group;Hanzl
[wr_def_end]
[wr]
INTERVAL;TIMESTAMP;SERIAL;P_AC;E_DAY;T_WR;U_AC;U_AC_1;U_AC_2;U_AC_3;I_AC;F_AC;U_DC_1;I_DC_1;U_DC_2;I_DC_2;U_DC_3;I_DC_3;S;E_WR;M_WR;I_AC_1;I_AC_2;I_AC_3;P_AC_1;P_AC_2;P_AC_3;F_AC_1;F_AC_2;F_AC_3;R_DC;PC;PCS;PCS_LL;COS_PHI;COS_PHI_LL;S_COS_PHI;Current_Day_Energy;current_Day_Offset;ccEnergyOfDay_WithoutOffset
60;2015-03-21 09:01:00;909402N262;2798;2.390;33;235;234;235;235;4.121;50.01;453.3;2.555;676.6;1.957;795.4;0.457;60;0;0;4.069;4.157;4.138;918;941;936;50.01;50.01;50.01;11872;1000;0.0;0;1.0000;0;2;2390;2390;2390
60;2015-03-21 09:02:00;909402N262;2865;2.438;33;235;235;234;235;4.216;49.99;464.1;2.560;686.6;1.980;795.2;0.441;60;0;0;4.162;4.253;4.233;942;962;959;49.99;49.99;49.99;11872;1000;0.0;0;1.0000;0;2;2438;2438;2438
60;2015-03-21 09:03:00;909402N262;2902;2.486;33;234;234;234;235;4.270;50.00;468.3;2.609;684.6;2.002;795.4;0.433;60;0;0;4.213;4.294;4.304;952;971;978;50.00;50.00;50.00;11872;1000;0.0;0;1.0000;0;2;2486;2486;2486
60;2015-03-21 09:04:00;909402N262;2950;2.535;33;235;235;234;235;4.330;50.00;471.1;2.667;683.8;2.022;795.6;0.436;60;0;0;4.274;4.359;4.358;968;989;991;50.00;50.00;50.00;11872;1000;0.0;0;1.0000;0;2;2535;2535;2535
60;2015-03-21 09:05:00;909402N262;2976;2.585;33;235;234;235;235;4.368;50.01;470.3;2.708;683.6;2.040;795.6;0.433;60;0;0;4.306;4.405;4.394;975;1001;998;50.01;50.01;50.01;11872;1000;0.0;0;1.0000;0;2;2585;2585;2585
60;2015-03-21 09:06:00;909402N262;2997;2.635;33;234;235;234;235;4.398;50.02;469.8;2.742;685.4;2.046;795.7;0.433;60;0;0;4.349;4.426;4.421;987;1003;1005;50.02;50.02;50.02;11872;1000;0.0;0;1.0000;0;2;2635;2635;2635
60;2015-03-21 09:07:00;909402N262;3025;2.685;33;234;234;234;235;4.438;50.03;469.1;2.778;685.5;2.059;795.6;0.437;60;0;0;4.382;4.461;4.473;994;1011;1018;50.03;50.03;50.03;11872;1000;0.0;0;1.0000;0;2;2685;2685;2685
60;2015-03-21 09:08:00;909402N262;3052;2.736;33;234;234;234;236;4.474;50.01;468.4;2.814;684.6;2.079;795.8;0.439;60;0;0;4.404;4.493;4.526;999;1018;1033;50.01;50.01;50.01;11872;1000;0.0;0;1.0000;0;2;2736;2736;2736
60;2015-03-21 09:09:00;909402N262;3076;2.787;33;234;234;234;235;4.514;49.99;467.9;2.852;684.0;2.097;795.3;0.434;60;0;0;4.447;4.538;4.558;1007;1028;1039;49.99;49.99;49.99;11872;1000;0.0;0;1.0000;0;2;2787;2787;2787
60;2015-03-21 09:10:00;909402N262;3100;2.840;34;234;234;234;235;4.544;49.98;467.1;2.887;683.0;2.114;795.6;0.434;60;0;0;4.471;4.577;4.585;1013;1039;1046;49.98;49.98;49.98;11872;1000;0.0;0;1.0000;0;2;2840;2840;2840
60;2015-03-21 09:11:00;909402N262;3134;2.891;34;234;234;234;235;4.593;49.99;473.7;2.907;681.9;2.128;795.7;0.434;60;0;0;4.527;4.633;4.619;1025;1055;1052;49.99;49.99;49.99;11872;1000;0.0;0;1.0000;0;2;2891;2891;2891
60;2015-03-21 09:12:00;909402N262;3177;2.944;34;234;234;234;235;4.655;49.97;476.6;2.957;681.3;2.148;795.5;0.432;60;0;0;4.588;4.693;4.685;1041;1067;1066;49.97;49.97;49.97;11872;1000;0.0;0;1.0000;0;2;2944;2944;2944
60;2015-03-21 09:13:00;909402N262;3200;2.998;34;234;234;234;234;4.687;49.97;475.9;2.993;680.7;2.166;795.8;0.429;60;0;0;4.629;4.715;4.718;1052;1073;1074;49.97;49.97;49.97;11872;1000;0.0;0;1.0000;0;2;2998;2998;2998
60;2015-03-21 09:14:00;909402N262;3226;3.051;34;234;234;233;234;4.732;49.96;475.1;3.030;680.8;2.181;795.7;0.432;60;0;0;4.689;4.746;4.761;1067;1073;1084;49.96;49.96;49.96;11872;1000;0.0;0;1.0000;0;2;3051;3051;3051
60;2015-03-21 09:15:00;909402N262;3256;3.104;34;234;235;233;234;4.769;49.96;474.7;3.069;680.0;2.202;795.7;0.433;60;0;0;4.741;4.775;4.793;1083;1079;1092;49.96;49.96;49.96;11872;1000;0.0;0;1.0000;0;2;3104;3104;3104
60;2015-03-21 09:16:00;909402N262;3229;3.159;34;234;234;233;235;4.729;49.97;483.6;3.051;663.0;2.220;787.3;0.435;60;0;0;4.680;4.738;4.770;1066;1077;1091;49.97;49.97;49.97;11872;1000;0.0;0;1.0000;0;2;3159;3159;3159
60;2015-03-21 09:17:00;909402N262;3330;3.214;34;234;234;234;235;4.846;49.99;488.0;3.092;678.5;2.239;795.3;0.433;60;0;0;4.785;4.869;4.886;1093;1112;1123;49.99;49.99;49.99;11872;1000;0.0;0;1.0000;0;2;3214;3214;3214
60;2015-03-21 09:18:00;909402N262;3359;3.271;34;234;233;235;235;4.888;49.99;484.9;3.152;677.7;2.255;795.3;0.435;60;0;0;4.816;4.936;4.913;1097;1131;1128;49.99;49.99;49.99;11872;1000;0.0;0;1.0000;0;2;3271;3271;3271
60;2015-03-21 09:19:00;909402N262;3405;3.327;34;234;233;234;235;4.957;49.98;492.2;3.181;676.8;2.271;795.2;0.436;60;0;0;4.875;5.009;4.989;1108;1148;1147;49.98;49.98;49.98;11872;1000;0.0;0;1.0000;0;2;3327;3327;3327
60;2015-03-21 09:20:00;909402N262;3438;3.384;34;234;233;235;235;4.996;49.99;493.8;3.225;676.4;2.287;795.4;0.433;60;0;0;4.911;5.052;5.027;1119;1159;1158;49.99;49.99;49.99;11872;1000;0.0;0;1.0000;0;2;3384;3384;3384
60;2015-03-21 09:21:00;909402N262;3460;3.442;34;235;233;235;236;5.023;49.99;493.2;3.257;675.7;2.303;795.2;0.433;60;0;0;4.940;5.074;5.057;1127;1166;1165;49.99;49.99;49.99;11872;1000;0.0;0;1.0000;0;2;3442;3442;3442
60;2015-03-21 09:22:00;909402N262;3488;3.500;34;234;233;234;236;5.066;50.01;492.5;3.296;675.5;2.322;795.5;0.433;60;0;0;4.985;5.097;5.118;1137;1168;1180;50.01;50.01;50.01;11872;1000;0.0;0;1.0000;0;2;3500;3500;3500
60;2015-03-21 09:23:00;909402N262;3515;3.559;35;234;233;234;236;5.106;50.01;491.5;3.337;675.3;2.340;795.3;0.432;60;0;0;5.029;5.134;5.156;1147;1176;1190;50.01;50.01;50.01;11872;1000;0.0;0;1.0000;0;2;3559;3559;3559
60;2015-03-21 09:24:00;909402N262;3546;3.619;35;234;233;234;236;5.141;50.01;490.8;3.380;675.0;2.358;795.4;0.430;60;0;0;5.055;5.160;5.209;1153;1184;1207;50.01;50.01;50.01;11872;1000;0.0;0;1.0000;0;2;3619;3619;3619
60;2015-03-21 09:25:00;909402N262;3573;3.678;35;234;233;234;236;5.179;50.00;490.3;3.415;673.9;2.378;795.3;0.432;60;0;0;5.095;5.206;5.236;1163;1194;1213;50.00;50.00;50.00;11872;1000;0.0;0;1.0000;0;2;3678;3678;3678
60;2015-03-21 09:26:00;909402N262;3602;3.738;35;235;233;234;237;5.215;50.00;493.9;3.427;673.7;2.392;795.4;0.437;60;0;0;5.140;5.233;5.273;1176;1200;1224;50.00;50.00;50.00;11872;1000;0.0;0;1.0000;0;2;3738;3738;3738
60;2015-03-21 09:27:00;909402N262;3665;3.799;35;234;234;233;236;5.307;50.01;500.8;3.478;673.5;2.410;795.5;0.440;60;0;0;5.233;5.323;5.365;1200;1219;1244;50.01;50.01;50.01;11872;1000;0.0;0;1.0000;0;2;3799;3799;3799
60;2015-03-21 09:28:00;909402N262;3696;3.860;35;234;234;233;236;5.356;49.99;499.4;3.522;673.0;2.428;795.2;0.446;60;0;0;5.291;5.367;5.410;1214;1227;1253;49.99;49.99;49.99;11872;1000;0.0;0;1.0000;0;2;3860;3860;3860
60;2015-03-21 09:29:00;909402N262;3721;3.922;35;234;234;233;236;5.393;49.99;498.7;3.554;672.1;2.443;795.2;0.452;60;0;0;5.323;5.412;5.444;1219;1239;1261;49.99;49.99;49.99;11872;1000;0.0;0;1.0000;0;2;3922;3922;3922
60;2015-03-21 09:30:00;909402N262;3757;3.985;35;234;234;234;236;5.439;50.01;498.3;3.592;671.5;2.463;795.1;0.460;60;0;0;5.362;5.461;5.494;1230;1253;1272;50.01;50.01;50.01;11872;1000;0.0;0;1.0000;0;2;3985;3985;3985
60;2015-03-21 09:31:00;909402N262;3727;4.047;35;234;234;233;236;5.404;50.01;494.8;3.617;655.0;2.485;787.1;0.479;60;0;0;5.327;5.418;5.468;1221;1238;1267;50.01;50.01;50.01;11872;1000;0.0;0;1.0000;0;2;4047;4047;4047
60;2015-03-21 09:32:00;909402N262;3814;4.111;35;234;234;233;236;5.538;50.02;496.2;3.658;670.6;2.492;795.3;0.479;60;0;0;5.473;5.543;5.598;1253;1265;1293;50.02;50.02;50.02;11872;1000;0.0;0;1.0000;0;2;4111;4111;4111
60;2015-03-21 09:33:00;909402N262;3847;4.175;35;234;233;233;236;5.588;50.01;495.7;3.697;669.7;2.513;795.1;0.484;60;0;0;5.510;5.595;5.661;1259;1277;1308;50.01;50.01;50.01;11872;1000;0.0;0;1.0000;0;2;4175;4175;4175
60;2015-03-21 09:34:00;909402N262;3880;4.241;35;234;233;233;235;5.639;50.01;495.1;3.735;669.1;2.531;795.1;0.493;60;0;0;5.564;5.664;5.689;1271;1295;1313;50.01;50.01;50.01;11872;1000;0.0;0;1.0000;0;2;4241;4241;4241
60;2015-03-21 09:35:00;909402N262;3936;4.306;35;234;232;232;236;5.722;50.01;506.4;3.736;668.3;2.546;795.3;0.500;60;0;0;5.626;5.731;5.810;1281;1307;1345;50.01;50.01;50.01;11872;1000;0.0;0;1.0000;0;2;4306;4306;4306
60;2015-03-21 09:36:00;909402N262;3996;4.373;36;233;233;232;236;5.809;50.02;521.4;3.720;667.7;2.561;795.2;0.505;60;0;0;5.724;5.805;5.899;1308;1320;1366;50.02;50.02;50.02;11872;1000;0.0;0;1.0000;0;2;4373;4373;4373
60;2015-03-21 09:37:00;909402N262;4032;4.440;36;233;233;232;235;5.859;50.02;517.2;3.798;667.2;2.578;795.2;0.510;60;0;0;5.794;5.867;5.917;1327;1338;1366;50.02;50.02;50.02;11872;1000;0.0;0;1.0000;0;2;4440;4440;4440
60;2015-03-21 09:38:00;909402N262;4061;4.507;36;234;234;232;235;5.891;50.01;516.2;3.837;667.1;2.596;795.0;0.512;60;0;0;5.839;5.893;5.942;1341;1346;1372;50.01;50.01;50.01;11872;1000;0.0;0;1.0000;0;2;4507;4507;4507
60;2015-03-21 09:39:00;909402N262;4097;4.576;36;233;233;233;235;5.945;50.00;515.6;3.878;667.2;2.613;795.1;0.519;60;0;0;5.887;5.961;5.988;1349;1363;1382;50.00;50.00;50.00;11872;1000;0.0;0;1.0000;0;2;4576;4576;4576
60;2015-03-21 09:40:00;909402N262;4125;4.644;36;234;233;233;235;5.985;50.00;515.1;3.912;666.9;2.628;795.0;0.524;60;0;0;5.914;6.000;6.041;1354;1374;1396;50.00;50.00;50.00;11872;1000;0.0;0;1.0000;0;2;4644;4644;4644
60;2015-03-21 09:41:00;909402N262;4156;4.713;36;234;234;233;235;6.020;50.01;514.5;3.951;667.1;2.643;794.9;0.527;60;0;0;5.958;6.044;6.059;1368;1386;1399;50.01;50.01;50.01;11872;1000;0.0;0;1.0000;0;2;4713;4713;4713
60;2015-03-21 09:42:00;909402N262;4187;4.783;36;234;234;233;234;6.064;50.01;513.7;3.991;666.6;2.663;794.9;0.530;60;0;0;6.031;6.075;6.088;1389;1393;1403;50.01;50.01;50.01;11872;1000;0.0;0;1.0000;0;2;4783;4783;4783
60;2015-03-21 09:43:00;909402N262;4217;4.854;36;234;234;233;234;6.110;50.00;512.9;4.029;665.9;2.681;794.9;0.535;60;0;0;6.066;6.117;6.148;1395;1401;1418;50.00;50.00;50.00;11872;1000;0.0;0;1.0000;0;2;4854;4854;4854
60;2015-03-21 09:44:00;909402N262;4248;4.925;36;233;232;232;234;6.175;50.00;512.1;4.064;665.2;2.698;795.1;0.544;60;0;0;6.113;6.195;6.217;1399;1416;1431;50.00;50.00;50.00;11872;1000;0.0;0;1.0000;0;2;4925;4925;4925
60;2015-03-21 09:45:00;909402N262;4288;4.998;36;233;233;233;233;6.226;50.01;511.5;4.106;664.6;2.718;795.1;0.558;60;0;0;6.166;6.259;6.253;1414;1438;1434;50.01;50.01;50.01;11872;1000;0.0;0;1.0000;0;2;4998;4998;4998
60;2015-03-21 09:46:00;909402N262;4388;5.070;36;233;233;232;233;6.365;50.00;514.1;4.088;648.6;2.734;747.1;0.887;60;0;0;6.315;6.383;6.398;1451;1464;1471;50.00;50.00;50.00;11872;1000;0.0;0;1.0000;0;2;5070;5070;5070
60;2015-03-21 09:47:00;909402N262;5247;5.159;37;233;234;233;234;7.530;50.00;520.7;4.172;664.3;2.746;562.5;2.379;60;0;0;7.471;7.545;7.576;1735;1748;1762;50.00;50.00;50.00;11872;1000;0.0;0;1.0000;0;2;5159;5159;5159
60;2015-03-21 09:48:00;909402N262;5422;5.249;37;234;233;233;235;7.774;50.01;520.2;4.204;664.0;2.760;619.8;2.405;60;0;0;7.684;7.781;7.857;1781;1803;1837;50.01;50.01;50.01;11872;1000;0.0;0;1.0000;0;2;5249;5249;5249
60;2015-03-21 09:49:00;909402N262;5499;5.340;37;234;233;233;235;7.877;50.01;520.0;4.240;663.4;2.778;634.3;2.431;60;0;0;7.778;7.894;7.960;1803;1830;1864;50.01;50.01;50.01;11872;1000;0.0;0;1.0000;0;2;5340;5340;5340
60;2015-03-21 09:50:00;909402N262;5594;5.434;37;234;233;233;235;8.004;50.01;519.3;4.273;663.4;2.792;659.8;2.447;60;0;0;7.913;8.031;8.070;1835;1867;1891;50.01;50.01;50.01;11872;1000;0.0;0;1.0000;0;2;5434;5434;5434
60;2015-03-21 09:51:00;909402N262;5681;5.529;37;234;233;233;236;8.120;50.01;518.3;4.308;663.0;2.807;680.0;2.469;60;0;0;8.013;8.128;8.219;1858;1890;1931;50.01;50.01;50.01;11872;1000;0.0;0;1.0000;0;2;5529;5529;5529
60;2015-03-21 09:52:00;909402N262;5783;5.625;37;234;233;233;236;8.259;50.01;520.0;4.333;662.8;2.825;703.0;2.490;60;0;0;8.155;8.266;8.357;1895;1922;1964;50.01;50.01;50.01;11872;1000;0.0;0;1.0000;0;2;5625;5625;5625
60;2015-03-21 09:53:00;909402N262;5880;5.723;37;234;233;234;235;8.405;50.00;538.3;4.249;662.5;2.847;704.0;2.558;60;0;0;8.311;8.421;8.484;1929;1959;1989;50.00;50.00;50.00;11872;1000;0.0;0;1.0000;0;2;5723;5723;5723
60;2015-03-21 09:54:00;909402N262;5951;5.822;37;234;233;234;235;8.512;50.00;534.6;4.328;662.7;2.860;703.5;2.613;60;0;0;8.433;8.544;8.561;1960;1989;2000;50.00;50.00;50.00;11872;1000;0.0;0;1.0000;0;2;5822;5822;5822
60;2015-03-21 09:55:00;909402N262;6019;5.922;37;234;233;234;234;8.615;50.01;532.8;4.373;662.2;2.874;711.6;2.646;60;0;0;8.542;8.666;8.638;1985;2019;2013;50.01;50.01;50.01;11872;1000;0.0;0;1.0000;0;2;5922;5922;5922
60;2015-03-21 09:56:00;909402N262;6094;6.024;38;234;233;233;235;8.725;50.01;532.1;4.420;661.9;2.897;722.6;2.660;60;0;0;8.645;8.747;8.785;2006;2033;2053;50.01;50.01;50.01;11872;1000;0.0;0;1.0000;0;2;6024;6024;6024
60;2015-03-21 09:57:00;909402N262;6153;6.128;38;234;234;235;235;8.801;50.00;531.1;4.454;661.4;2.913;730.8;2.678;60;0;0;8.721;8.862;8.822;2026;2067;2058;50.00;50.00;50.00;11872;1000;0.0;0;1.0000;0;2;6128;6128;6128
60;2015-03-21 09:58:00;909402N262;6250;6.231;38;234;234;234;234;8.952;49.99;542.6;4.462;661.2;2.928;739.7;2.689;60;0;0;8.877;9.010;8.971;2061;2098;2089;49.99;49.99;49.99;11872;1000;0.0;0;1.0000;0;2;6231;6231;6231
60;2015-03-21 09:59:00;909402N262;6317;6.334;38;234;233;235;235;9.032;50.01;539.8;4.523;660.6;2.943;742.6;2.731;60;0;0;8.927;9.078;9.091;2069;2118;2127;50.01;50.01;50.01;11872;1000;0.0;0;1.0000;0;2;6334;6334;6334
60;2015-03-21 10:00:00;909402N262;6395;6.441;38;234;234;233;235;9.165;49.98;538.8;4.559;660.2;2.957;753.2;2.764;60;0;0;9.118;9.162;9.217;2118;2122;2152;49.98;49.98;49.98;11872;1000;0.0;0;1.0000;0;2;6441;6441;6441
[wr_ende]
