20140123;130001;danfoss;My Plant;+0100
[wr_def_start]
909402N262;Inverter Type;Inverter Group;Hanzl
[wr_def_end]
[wr]
INTERVAL;TIMESTAMP;SERIAL;P_AC;E_DAY;T_WR;U_AC;U_AC_1;U_AC_2;U_AC_3;I_AC;F_AC;U_DC_1;I_DC_1;U_DC_2;I_DC_2;U_DC_3;I_DC_3;S;E_WR;M_WR;I_AC_1;I_AC_2;I_AC_3;P_AC_1;P_AC_2;P_AC_3;F_AC_1;F_AC_2;F_AC_3;R_DC;PC;PCS;PCS_LL;COS_PHI;COS_PHI_LL;S_COS_PHI;Current_Day_Energy;current_Day_Offset;ccEnergyOfDay_WithoutOffset
60;2014-01-23 12:01:00;909402N262;570;1.499;29;234;234;233;234;1.009;49.97;571.8;0.390;641.9;0.251;770.2;0.253;60;0;0;0.952;1.072;1.003;179;202;187;49.97;49.97;49.97;12383;1000;0.0;0;0.0000;0;0;1499;1499;1499
60;2014-01-23 12:02:00;909402N262;598;1.510;29;231;232;230;231;1.062;49.96;580.4;0.403;662.4;0.259;774.0;0.262;60;0;0;1.019;1.116;1.052;191;208;197;49.96;49.96;49.96;12383;1000;0.0;0;0.0000;0;0;1510;1510;1510
60;2014-01-23 12:03:00;909402N262;638;1.520;29;231;232;230;231;1.124;49.94;582.0;0.426;666.7;0.275;777.2;0.280;60;0;0;1.087;1.170;1.117;205;220;211;49.94;49.94;49.94;12383;1000;0.0;0;0.0000;0;0;1520;1520;1520
60;2014-01-23 12:04:00;909402N262;677;1.532;29;231;232;230;231;1.182;49.94;582.8;0.450;673.4;0.290;780.2;0.298;60;0;0;1.151;1.197;1.200;220;227;228;49.94;49.94;49.94;12383;1000;0.0;0;0.0000;0;0;1532;1532;1532
60;2014-01-23 12:05:00;909402N262;687;1.544;29;231;231;230;231;1.198;49.96;583.0;0.454;675.9;0.292;781.0;0.303;60;0;0;1.175;1.216;1.204;225;230;229;49.96;49.96;49.96;12383;1000;0.0;0;0.0000;0;0;1544;1544;1544
60;2014-01-23 12:06:00;909402N262;656;1.554;29;231;231;231;231;1.150;49.98;582.4;0.436;673.6;0.281;778.5;0.290;60;0;0;1.112;1.172;1.167;212;221;222;49.98;49.98;49.98;12383;1000;0.0;0;0.0000;0;0;1554;1554;1554
60;2014-01-23 12:07:00;909402N262;621;1.564;29;231;230;232;231;1.094;49.99;581.6;0.415;667.6;0.267;774.8;0.273;60;0;0;1.051;1.159;1.073;197;218;204;49.99;49.99;49.99;12383;1000;0.0;0;0.0000;0;0;1564;1564;1564
60;2014-01-23 12:08:00;909402N262;616;1.575;29;231;230;232;231;1.088;49.99;581.0;0.415;663.2;0.267;774.1;0.270;60;0;0;1.045;1.139;1.081;197;214;204;49.99;49.99;49.99;12383;1000;0.0;0;0.0000;0;0;1575;1575;1575
60;2014-01-23 12:09:00;909402N262;641;1.586;29;231;231;232;231;1.127;50.00;581.5;0.430;664.8;0.278;777.5;0.281;60;0;0;1.083;1.162;1.137;205;219;215;50.00;50.00;50.00;12383;1000;0.0;0;0.0000;0;0;1586;1586;1586
60;2014-01-23 12:10:00;909402N262;671;1.597;29;231;231;232;231;1.170;50.00;581.9;0.446;670.4;0.289;779.3;0.294;60;0;0;1.147;1.195;1.169;219;226;224;50.00;50.00;50.00;12383;1000;0.0;0;0.0000;0;0;1597;1597;1597
60;2014-01-23 12:11:00;909402N262;682;1.607;29;231;231;232;231;1.188;50.00;582.4;0.452;674.2;0.293;779.1;0.301;60;0;0;1.141;1.213;1.210;217;232;231;50.00;50.00;50.00;12383;1000;0.0;0;0.0000;0;0;1607;1607;1607
60;2014-01-23 12:12:00;909402N262;685;1.619;29;231;231;232;230;1.191;49.99;582.8;0.452;676.2;0.292;780.8;0.303;60;0;0;1.151;1.216;1.206;220;233;230;49.99;49.99;49.99;12383;1000;0.0;0;0.0000;0;0;1619;1619;1619
60;2014-01-23 12:13:00;909402N262;681;1.631;29;231;232;232;230;1.182;49.99;583.1;0.449;678.4;0.288;779.7;0.302;60;0;0;1.148;1.210;1.190;219;232;227;49.99;49.99;49.99;12383;1000;0.0;0;0.0000;0;0;1631;1631;1631
60;2014-01-23 12:14:00;909402N262;673;1.642;29;231;231;232;230;1.172;49.99;583.3;0.446;676.8;0.286;779.9;0.298;60;0;0;1.133;1.186;1.199;217;226;228;49.99;49.99;49.99;12383;1000;0.0;0;0.0000;0;0;1642;1642;1642
60;2014-01-23 12:15:00;909402N262;669;1.654;30;231;232;231;231;1.164;50.00;583.2;0.445;673.3;0.286;780.8;0.295;60;0;0;1.128;1.193;1.173;216;227;224;50.00;50.00;50.00;12383;1000;0.0;0;0.0000;0;0;1654;1654;1654
60;2014-01-23 12:16:00;909402N262;644;1.664;30;231;232;231;231;1.127;50.01;574.6;0.439;669.1;0.281;754.1;0.291;60;0;0;1.095;1.153;1.135;209;218;215;50.01;50.01;50.01;12383;1000;0.0;0;0.0000;0;0;1664;1664;1664
60;2014-01-23 12:17:00;909402N262;619;1.675;30;231;231;231;231;1.094;50.00;580.7;0.414;670.4;0.265;775.5;0.274;60;0;0;1.044;1.153;1.086;196;216;206;50.00;50.00;50.00;12383;1000;0.0;0;0.0000;0;0;1675;1675;1675
60;2014-01-23 12:18:00;909402N262;579;1.684;30;231;230;232;231;1.031;50.00;579.4;0.388;667.5;0.249;772.0;0.257;60;0;0;0.978;1.108;1.007;183;206;187;50.00;50.00;50.00;12383;1000;0.0;0;0.0000;0;0;1684;1684;1684
60;2014-01-23 12:19:00;909402N262;559;1.694;30;231;230;232;231;0.998;50.00;578.1;0.377;666.4;0.240;767.4;0.250;60;0;0;0.953;1.071;0.970;177;200;180;50.00;50.00;50.00;12383;1000;0.0;0;0.0000;0;0;1694;1694;1694
60;2014-01-23 12:20:00;909402N262;563;1.703;30;231;230;232;231;1.003;50.00;578.1;0.380;664.5;0.242;767.3;0.251;60;0;0;0.953;1.078;0.979;177;201;182;50.00;50.00;50.00;12383;1000;0.0;0;0.0000;0;0;1703;1703;1703
60;2014-01-23 12:21:00;909402N262;582;1.713;30;231;231;232;231;1.036;50.01;579.1;0.393;663.9;0.251;773.1;0.257;60;0;0;0.990;1.112;1.007;185;207;188;50.01;50.01;50.01;12383;1000;0.0;0;0.0000;0;0;1713;1713;1713
60;2014-01-23 12:22:00;909402N262;610;1.722;30;231;231;232;231;1.083;50.01;580.6;0.411;665.7;0.262;775.0;0.269;60;0;0;1.044;1.141;1.066;195;213;200;50.01;50.01;50.01;12383;1000;0.0;0;0.0000;0;0;1722;1722;1722
60;2014-01-23 12:23:00;909402N262;622;1.734;30;231;231;232;231;1.098;50.00;581.2;0.417;670.1;0.265;778.0;0.275;60;0;0;1.057;1.158;1.079;199;218;204;50.00;50.00;50.00;12383;1000;0.0;0;0.0000;0;0;1734;1734;1734
60;2014-01-23 12:24:00;909402N262;603;1.744;30;231;232;232;231;1.071;50.00;580.7;0.405;669.3;0.257;773.7;0.267;60;0;0;1.030;1.164;1.019;193;217;191;50.00;50.00;50.00;12383;1000;0.0;0;0.0000;0;0;1744;1744;1744
60;2014-01-23 12:25:00;909402N262;579;1.753;30;231;232;232;230;1.030;50.00;580.7;0.391;663.5;0.250;773.4;0.254;60;0;0;0.988;1.104;1.000;185;208;186;50.00;50.00;50.00;12383;1000;0.0;0;0.0000;0;0;1753;1753;1753
60;2014-01-23 12:26:00;909402N262;578;1.762;30;231;232;231;230;1.029;49.99;581.8;0.390;659.7;0.252;773.4;0.253;60;0;0;0.986;1.103;1.000;186;206;185;49.99;49.99;49.99;12383;1000;0.0;0;0.0000;0;0;1762;1762;1762
60;2014-01-23 12:27:00;909402N262;597;1.772;30;231;231;232;231;1.058;49.99;582.3;0.401;663.0;0.258;773.4;0.262;60;0;0;1.036;1.120;1.018;193;209;192;49.99;49.99;49.99;12383;1000;0.0;0;0.0000;0;0;1772;1772;1772
60;2014-01-23 12:28:00;909402N262;606;1.784;30;231;231;232;231;1.072;50.01;582.6;0.407;664.8;0.261;775.2;0.266;60;0;0;1.047;1.132;1.039;196;213;195;50.01;50.01;50.01;12383;1000;0.0;0;0.0000;0;0;1784;1784;1784
60;2014-01-23 12:29:00;909402N262;610;1.793;30;232;231;233;231;1.075;50.00;582.2;0.410;663.6;0.263;774.6;0.268;60;0;0;1.048;1.143;1.034;196;216;195;50.00;50.00;50.00;12383;1000;0.0;0;0.0000;0;0;1793;1793;1793
60;2014-01-23 12:30:00;909402N262;620;1.803;30;232;231;233;231;1.096;50.01;582.4;0.417;663.5;0.269;775.0;0.272;60;0;0;1.062;1.146;1.080;199;215;204;50.01;50.01;50.01;12383;1000;0.0;0;0.0000;0;0;1803;1803;1803
60;2014-01-23 12:31:00;909402N262;629;1.814;30;231;231;232;231;1.103;50.01;577.4;0.425;658.5;0.276;761.0;0.280;60;0;0;1.070;1.121;1.119;202;215;211;50.01;50.01;50.01;12383;1000;0.0;0;0.0000;0;0;1814;1814;1814
60;2014-01-23 12:32:00;909402N262;643;1.824;30;231;231;232;231;1.103;49.99;583.6;0.428;668.8;0.277;777.4;0.284;60;0;0;1.066;1.148;1.096;205;223;213;49.99;49.99;49.99;12383;1000;0.0;0;0.0000;0;0;1824;1824;1824
60;2014-01-23 12:33:00;909402N262;636;1.835;30;231;231;232;231;1.089;49.98;583.2;0.424;667.6;0.274;775.7;0.280;60;0;0;1.061;1.122;1.086;205;219;211;49.98;49.98;49.98;12383;1000;0.0;0;0.0000;0;0;1835;1835;1835
60;2014-01-23 12:34:00;909402N262;621;1.845;30;231;231;231;231;1.070;49.99;582.5;0.416;665.9;0.268;775.7;0.272;60;0;0;1.032;1.132;1.046;198;219;202;49.99;49.99;49.99;12383;1000;0.0;0;0.0000;0;0;1845;1845;1845
60;2014-01-23 12:35:00;909402N262;611;1.856;30;231;231;230;231;1.051;49.99;581.9;0.411;663.5;0.265;774.9;0.268;60;0;0;1.040;1.092;1.022;199;212;198;49.99;49.99;49.99;12383;1000;0.0;0;0.0000;0;0;1856;1856;1856
60;2014-01-23 12:36:00;909402N262;612;1.866;30;231;231;230;232;1.059;50.00;582.0;0.412;661.4;0.267;774.9;0.267;60;0;0;1.033;1.117;1.027;197;214;199;50.00;50.00;50.00;12383;1000;0.0;0;0.0000;0;0;1866;1866;1866
60;2014-01-23 12:37:00;909402N262;624;1.876;30;231;231;230;231;1.075;50.01;582.3;0.419;661.7;0.273;775.6;0.273;60;0;0;1.052;1.139;1.036;202;220;201;50.01;50.01;50.01;12383;1000;0.0;0;0.0000;0;0;1876;1876;1876
60;2014-01-23 12:38:00;909402N262;636;1.887;30;231;231;230;231;1.099;49.99;582.5;0.426;666.7;0.274;775.2;0.280;60;0;0;1.084;1.122;1.091;209;215;211;49.99;49.99;49.99;12383;1000;0.0;0;0.0000;0;0;1887;1887;1887
60;2014-01-23 12:39:00;909402N262;615;1.897;30;231;231;230;231;1.059;50.00;581.5;0.413;665.9;0.264;775.1;0.270;60;0;0;1.038;1.119;1.020;199;217;197;50.00;50.00;50.00;12383;1000;0.0;0;0.0000;0;0;1897;1897;1897
60;2014-01-23 12:40:00;909402N262;566;1.907;30;231;231;230;231;0.987;49.99;580.1;0.383;659.1;0.246;770.6;0.248;60;0;0;0.950;1.042;0.970;181;197;186;49.99;49.99;49.99;12383;1000;0.0;0;0.0000;0;0;1907;1907;1907
60;2014-01-23 12:41:00;909402N262;540;1.916;30;231;231;230;232;0.948;50.00;578.8;0.367;656.0;0.236;769.9;0.237;60;0;0;0.928;0.995;0.923;176;187;175;50.00;50.00;50.00;12383;1000;0.0;0;0.0000;0;0;1916;1916;1916
60;2014-01-23 12:42:00;909402N262;542;1.925;30;231;231;230;232;0.952;50.01;578.5;0.369;657.4;0.236;767.3;0.239;60;0;0;0.929;1.019;0.908;176;193;171;50.01;50.01;50.01;12383;1000;0.0;0;0.0000;0;0;1925;1925;1925
60;2014-01-23 12:43:00;909402N262;543;1.933;30;231;231;230;232;0.954;50.02;577.7;0.369;659.8;0.236;765.0;0.241;60;0;0;0.916;1.012;0.936;172;191;178;50.02;50.02;50.02;12383;1000;0.0;0;0.0000;0;0;1933;1933;1933
60;2014-01-23 12:44:00;909402N262;524;1.942;30;231;231;229;232;0.921;50.02;576.9;0.356;658.0;0.229;767.6;0.232;60;0;0;0.912;0.971;0.882;172;183;167;50.02;50.02;50.02;12383;1000;0.0;0;0.0000;0;0;1942;1942;1942
60;2014-01-23 12:45:00;909402N262;503;1.950;30;231;231;229;232;0.884;50.01;576.6;0.345;654.2;0.220;761.3;0.223;60;0;0;0.881;0.944;0.828;165;178;157;50.01;50.01;50.01;12383;1000;0.0;0;0.0000;0;0;1950;1950;1950
60;2014-01-23 12:46:00;909402N262;504;1.959;30;231;231;231;231;0.882;50.00;577.8;0.348;629.7;0.225;762.1;0.223;60;0;0;0.894;0.932;0.821;168;179;155;50.00;50.00;50.00;12383;1000;0.0;0;0.0000;0;0;1959;1959;1959
60;2014-01-23 12:47:00;909402N262;521;1.968;30;231;231;230;231;0.930;50.01;575.1;0.359;654.4;0.227;764.5;0.230;60;0;0;0.920;0.994;0.876;172;184;163;50.01;50.01;50.01;12383;1000;0.0;0;0.0000;0;0;1968;1968;1968
60;2014-01-23 12:48:00;909402N262;522;1.978;30;231;231;230;231;0.930;50.00;575.6;0.358;655.9;0.228;763.4;0.232;60;0;0;0.911;1.007;0.874;170;187;162;50.00;50.00;50.00;12383;1000;0.0;0;0.0000;0;0;1978;1978;1978
60;2014-01-23 12:49:00;909402N262;515;1.985;30;230;231;230;231;0.916;50.00;577.2;0.351;656.5;0.225;764.7;0.229;60;0;0;0.888;1.002;0.860;167;187;159;50.00;50.00;50.00;12383;1000;0.0;0;0.0000;0;0;1985;1985;1985
60;2014-01-23 12:50:00;909402N262;523;1.994;30;231;230;231;231;0.930;50.01;577.4;0.356;660.0;0.226;765.7;0.233;60;0;0;0.918;0.988;0.886;171;185;165;50.01;50.01;50.01;12383;1000;0.0;0;0.0000;0;0;1994;1994;1994
60;2014-01-23 12:51:00;909402N262;545;2.003;30;231;230;231;231;0.973;50.00;577.7;0.371;656.6;0.238;768.6;0.242;60;0;0;0.952;1.043;0.924;178;194;172;50.00;50.00;50.00;12383;1000;0.0;0;0.0000;0;0;2003;2003;2003
60;2014-01-23 12:52:00;909402N262;573;2.012;30;231;230;230;231;1.019;50.01;579.2;0.387;659.1;0.251;772.1;0.252;60;0;0;0.972;1.101;0.985;181;205;184;50.01;50.01;50.01;12383;1000;0.0;0;0.0000;0;0;2012;2012;2012
60;2014-01-23 12:53:00;909402N262;584;2.022;30;231;231;230;232;1.040;50.01;579.1;0.392;662.9;0.254;773.1;0.258;60;0;0;1.000;1.106;1.015;186;205;191;50.01;50.01;50.01;12383;1000;0.0;0;0.0000;0;0;2022;2022;2022
60;2014-01-23 12:54:00;909402N262;563;2.032;30;231;232;229;232;1.003;50.01;578.3;0.379;662.3;0.245;770.7;0.250;60;0;0;0.970;1.058;0.981;182;197;182;50.01;50.01;50.01;12383;1000;0.0;0;0.0000;0;0;2032;2032;2032
60;2014-01-23 12:55:00;909402N262;535;2.040;30;231;232;229;232;0.954;50.02;577.8;0.362;658.2;0.234;767.4;0.237;60;0;0;0.943;1.012;0.909;176;189;169;50.02;50.02;50.02;12383;1000;0.0;0;0.0000;0;0;2040;2040;2040
60;2014-01-23 12:56:00;909402N262;522;2.049;30;231;232;230;232;0.931;50.02;578.4;0.355;658.1;0.227;763.6;0.233;60;0;0;0.917;0.979;0.897;171;182;167;50.02;50.02;50.02;12383;1000;0.0;0;0.0000;0;0;2049;2049;2049
60;2014-01-23 12:57:00;909402N262;522;2.059;30;231;231;231;232;0.931;50.02;579.1;0.355;657.1;0.227;763.4;0.233;60;0;0;0.924;0.992;0.877;173;185;162;50.02;50.02;50.02;12383;1000;0.0;0;0.0000;0;0;2059;2059;2059
60;2014-01-23 12:58:00;909402N262;525;2.067;30;231;231;231;231;0.934;50.01;578.8;0.356;659.5;0.228;765.7;0.234;60;0;0;0.922;0.992;0.889;173;185;164;50.01;50.01;50.01;12383;1000;0.0;0;0.0000;0;0;2067;2067;2067
60;2014-01-23 12:59:00;909402N262;522;2.076;30;231;231;231;231;0.930;50.01;577.5;0.355;660.0;0.226;765.7;0.232;60;0;0;0.912;0.990;0.890;170;185;165;50.01;50.01;50.01;12383;1000;0.0;0;0.0000;0;0;2076;2076;2076
60;2014-01-23 13:00:00;909402N262;512;2.085;30;231;231;231;230;0.909;50.01;576.6;0.350;656.3;0.223;768.5;0.225;60;0;0;0.876;0.976;0.876;164;182;164;50.01;50.01;50.01;12383;1000;0.0;0;0.0000;0;0;2085;2085;2085
[wr_ende]
