20140917;130000;danfoss;My Plant;+0100
[wr_def_start]
909402N262;Inverter Type;Inverter Group;Hanzl
[wr_def_end]
[wr]
INTERVAL;TIMESTAMP;SERIAL;P_AC;E_DAY;T_WR;U_AC;U_AC_1;U_AC_2;U_AC_3;I_AC;F_AC;U_DC_1;I_DC_1;U_DC_2;I_DC_2;U_DC_3;I_DC_3;S;E_WR;M_WR;I_AC_1;I_AC_2;I_AC_3;P_AC_1;P_AC_2;P_AC_3;F_AC_1;F_AC_2;F_AC_3;R_DC;PC;PCS;PCS_LL;COS_PHI;COS_PHI_LL;S_COS_PHI;Current_Day_Energy;current_Day_Offset;ccEnergyOfDay_WithoutOffset
60;2014-09-17 12:01:00;909402N262;7632;13.961;47;236;237;235;236;10.785;49.98;506.3;7.147;599.8;3.152;719.9;3.175;60;0;0;10.785;10.800;10.772;2556;2536;2538;49.98;49.98;49.98;4068;1000;0.0;0;0.0000;0;0;13961;13961;13961
60;2014-09-17 12:02:00;909402N262;7684;14.089;47;236;237;235;236;10.859;49.99;508.5;7.147;620.1;3.055;719.8;3.169;60;0;0;10.842;10.900;10.836;2570;2557;2553;49.99;49.99;49.99;4068;1000;0.0;0;0.0000;0;0;14089;14089;14089
60;2014-09-17 12:03:00;909402N262;5378;14.179;47;235;236;235;235;7.619;49.99;518.6;5.012;608.9;2.149;716.8;2.191;60;0;0;7.608;7.615;7.635;1792;1794;1790;49.99;49.99;49.99;4068;1000;0.0;0;0.0000;0;0;14179;14179;14179
60;2014-09-17 12:04:00;909402N262;1976;14.212;47;235;236;235;235;2.845;49.99;510.2;1.934;590.4;0.775;700.6;0.802;60;0;0;2.793;2.886;2.858;646;668;660;49.99;49.99;49.99;4068;1000;0.0;0;0.0000;0;0;14212;14212;14212
60;2014-09-17 12:05:00;909402N262;1859;14.242;47;235;236;235;234;2.697;50.01;515.1;1.881;594.2;0.726;707.2;0.677;60;0;0;2.641;2.744;2.707;604;632;620;50.01;50.01;50.01;4068;1000;0.0;0;0.0000;0;0;14242;14242;14242
60;2014-09-17 12:06:00;909402N262;1528;14.268;47;235;235;235;234;2.237;50.01;514.2;1.521;594.2;0.596;705.9;0.583;60;0;0;2.174;2.295;2.242;491;526;509;50.01;50.01;50.01;4068;1000;0.0;0;0.0000;0;0;14268;14268;14268
60;2014-09-17 12:07:00;909402N262;1697;14.296;47;235;235;235;235;2.491;49.99;515.7;1.660;602.2;0.662;716.7;0.646;60;0;0;2.434;2.541;2.498;552;579;565;49.99;49.99;49.99;4068;1000;0.0;0;0.0000;0;0;14296;14296;14296
60;2014-09-17 12:08:00;909402N262;1986;14.329;46;235;236;235;234;2.885;49.99;532.0;1.854;610.2;0.768;726.2;0.762;60;0;0;2.835;2.925;2.896;652;670;662;49.99;49.99;49.99;4068;1000;0.0;0;0.0000;0;0;14329;14329;14329
60;2014-09-17 12:09:00;909402N262;2031;14.362;46;235;236;234;234;2.948;50.00;532.9;1.904;612.9;0.773;730.4;0.773;60;0;0;2.905;2.975;2.966;669;681;680;50.00;50.00;50.00;4068;1000;0.0;0;0.0000;0;0;14362;14362;14362
60;2014-09-17 12:10:00;909402N262;2272;14.401;46;235;236;235;234;3.281;50.01;539.7;2.091;617.5;0.867;738.4;0.856;60;0;0;3.233;3.320;3.292;748;766;757;50.01;50.01;50.01;4068;1000;0.0;0;0.0000;0;0;14401;14401;14401
60;2014-09-17 12:11:00;909402N262;4687;14.478;46;235;236;235;234;6.676;50.01;549.3;4.081;633.4;1.843;759.7;1.769;60;0;0;6.654;6.684;6.690;1557;1573;1555;50.01;50.01;50.01;4068;1000;0.0;0;0.0000;0;0;14478;14478;14478
60;2014-09-17 12:12:00;909402N262;5626;14.571;46;235;236;234;235;8.003;50.01;546.4;4.896;639.3;2.177;763.6;2.157;60;0;0;7.969;8.010;8.032;1870;1872;1882;50.01;50.01;50.01;4068;1000;0.0;0;0.0000;0;0;14571;14571;14571
60;2014-09-17 12:13:00;909402N262;7866;14.703;46;235;236;234;236;11.145;49.99;534.6;7.024;645.0;2.974;766.2;3.030;60;0;0;11.129;11.138;11.170;2625;2608;2631;49.99;49.99;49.99;4068;1000;0.0;0;0.0000;0;0;14703;14703;14703
60;2014-09-17 12:14:00;909402N262;6911;14.818;46;235;236;234;235;9.798;49.99;533.7;6.178;634.6;2.548;758.3;2.746;60;0;0;9.780;9.807;9.809;2306;2297;2307;49.99;49.99;49.99;4068;1000;0.0;0;0.0000;0;0;14818;14818;14818
60;2014-09-17 12:15:00;909402N262;2511;14.859;46;234;235;233;234;3.626;49.98;525.8;2.240;613.1;0.961;736.7;1.034;60;0;0;3.585;3.655;3.638;829;840;837;49.98;49.98;49.98;4068;1000;0.0;0;0.0000;0;0;14859;14859;14859
60;2014-09-17 12:16:00;909402N262;3132;14.912;46;235;235;234;235;4.450;50.00;525.1;2.950;600.8;1.429;708.7;1.247;60;0;0;4.460;4.384;4.506;1037;1046;1047;50.00;50.00;50.00;4068;1000;0.0;0;0.0000;0;0;14912;14912;14912
60;2014-09-17 12:17:00;909402N262;6039;15.013;46;235;236;234;236;8.596;50.00;537.9;5.574;635.6;2.388;756.5;2.133;60;0;0;8.545;8.612;8.632;2004;2007;2026;50.00;50.00;50.00;4068;1000;0.0;0;0.0000;0;0;15013;15013;15013
60;2014-09-17 12:18:00;909402N262;8016;15.147;46;236;236;235;237;11.339;50.01;535.1;6.903;637.2;3.151;764.4;3.246;60;0;0;11.306;11.302;11.411;2663;2665;2697;50.01;50.01;50.01;4068;1000;0.0;0;0.0000;0;0;15147;15147;15147
60;2014-09-17 12:19:00;909402N262;6998;15.263;46;236;236;235;236;9.939;50.01;530.4;6.152;632.0;2.621;760.5;2.890;60;0;0;9.877;9.960;9.981;2319;2326;2352;50.01;50.01;50.01;4068;1000;0.0;0;0.0000;0;0;15263;15263;15263
60;2014-09-17 12:20:00;909402N262;5679;15.359;46;235;236;235;236;8.083;50.02;536.7;4.929;629.6;2.209;764.9;2.283;60;0;0;8.049;8.085;8.115;1884;1892;1900;50.02;50.02;50.02;4068;1000;0.0;0;0.0000;0;0;15359;15359;15359
60;2014-09-17 12:21:00;909402N262;8606;15.501;46;236;236;235;236;12.171;50.02;522.8;7.695;635.1;3.323;763.0;3.423;60;0;0;12.145;12.183;12.186;2866;2857;2873;50.02;50.02;50.02;4068;1000;0.0;0;0.0000;0;0;15501;15501;15501
60;2014-09-17 12:22:00;909402N262;5704;15.596;46;236;236;235;236;8.082;50.01;523.5;5.135;622.5;2.166;747.6;2.248;60;0;0;8.018;8.154;8.076;1889;1895;1901;50.01;50.01;50.01;4068;1000;0.0;0;0.0000;0;0;15596;15596;15596
60;2014-09-17 12:23:00;909402N262;2638;15.641;46;235;235;234;236;3.822;50.00;519.9;2.437;615.1;1.043;731.5;1.038;60;0;0;3.761;3.847;3.858;864;881;891;50.00;50.00;50.00;4068;1000;0.0;0;0.0000;0;0;15641;15641;15641
60;2014-09-17 12:24:00;909402N262;3208;15.693;46;235;235;235;236;4.619;50.01;524.8;2.919;622.3;1.278;743.0;1.237;60;0;0;4.567;4.643;4.648;1056;1073;1077;50.01;50.01;50.01;4068;1000;0.0;0;0.0000;0;0;15693;15693;15693
60;2014-09-17 12:25:00;909402N262;7806;15.823;46;236;236;236;236;11.052;50.00;529.8;6.911;632.6;3.093;770.1;3.005;60;0;0;11.001;11.086;11.070;2590;2608;2607;50.00;50.00;50.00;4068;1000;0.0;0;0.0000;0;0;15823;15823;15823
60;2014-09-17 12:26:00;909402N262;8676;15.967;46;236;236;236;236;12.251;50.01;521.6;7.650;631.9;3.427;768.7;3.479;60;0;0;12.256;12.219;12.280;2893;2891;2891;50.01;50.01;50.01;4068;1000;0.0;0;0.0000;0;0;15967;15967;15967
60;2014-09-17 12:27:00;909402N262;4953;16.051;46;235;236;235;235;7.069;50.01;525.1;4.492;612.8;1.967;745.0;1.949;60;0;0;7.029;7.105;7.074;1645;1655;1651;50.01;50.01;50.01;4068;1000;0.0;0;0.0000;0;0;16051;16051;16051
60;2014-09-17 12:28:00;909402N262;2681;16.096;47;235;236;235;235;3.883;49.99;532.1;2.436;604.1;1.102;733.1;1.021;60;0;0;3.838;3.911;3.902;883;898;898;49.99;49.99;49.99;4068;1000;0.0;0;0.0000;0;0;16096;16096;16096
60;2014-09-17 12:29:00;909402N262;2407;16.135;47;235;235;235;236;3.494;49.98;530.3;2.186;605.1;0.997;731.4;0.915;60;0;0;3.443;3.512;3.527;790;803;812;49.98;49.98;49.98;4068;1000;0.0;0;0.0000;0;0;16135;16135;16135
60;2014-09-17 12:30:00;909402N262;3070;16.187;47;235;235;234;236;4.426;49.99;537.7;2.717;615.2;1.218;743.9;1.202;60;0;0;4.376;4.442;4.461;1012;1023;1034;49.99;49.99;49.99;4068;1000;0.0;0;0.0000;0;0;16187;16187;16187
60;2014-09-17 12:31:00;909402N262;2669;16.231;46;235;235;235;235;3.872;49.97;536.3;2.428;590.6;1.100;737.2;1.015;60;0;0;3.801;3.944;3.872;879;892;894;49.97;49.97;49.97;4068;1000;0.0;0;0.0000;0;0;16231;16231;16231
60;2014-09-17 12:32:00;909402N262;2225;16.269;46;235;235;235;236;3.241;49.98;540.6;2.024;605.7;0.904;738.7;0.823;60;0;0;3.189;3.268;3.267;729;745;748;49.98;49.98;49.98;4068;1000;0.0;0;0.0000;0;0;16269;16269;16269
60;2014-09-17 12:33:00;909402N262;2111;16.303;46;235;235;235;236;3.086;49.99;539.0;1.931;609.7;0.849;734.8;0.781;60;0;0;3.031;3.117;3.111;689;709;711;49.99;49.99;49.99;4068;1000;0.0;0;0.0000;0;0;16303;16303;16303
60;2014-09-17 12:34:00;909402N262;2003;16.338;46;235;234;235;236;2.939;49.99;530.2;1.864;615.3;0.791;734.3;0.747;60;0;0;2.869;2.975;2.974;649;675;677;49.99;49.99;49.99;4068;1000;0.0;0;0.0000;0;0;16338;16338;16338
60;2014-09-17 12:35:00;909402N262;1955;16.371;46;235;235;235;236;2.872;50.00;533.8;1.822;615.1;0.764;736.2;0.723;60;0;0;2.809;2.906;2.903;635;657;660;50.00;50.00;50.00;4068;1000;0.0;0;0.0000;0;0;16371;16371;16371
60;2014-09-17 12:36:00;909402N262;2057;16.404;46;235;235;235;235;3.012;49.99;537.2;1.915;619.9;0.788;739.5;0.759;60;0;0;2.952;3.052;3.034;671;693;691;49.99;49.99;49.99;4068;1000;0.0;0;0.0000;0;0;16404;16404;16404
60;2014-09-17 12:37:00;909402N262;2227;16.442;46;235;235;235;236;3.246;50.01;539.1;2.058;620.8;0.855;744.9;0.819;60;0;0;3.179;3.282;3.279;724;750;751;50.01;50.01;50.01;4068;1000;0.0;0;0.0000;0;0;16442;16442;16442
60;2014-09-17 12:38:00;909402N262;2844;16.488;46;235;235;234;236;4.118;49.99;550.0;2.596;631.2;1.142;753.1;0.963;60;0;0;4.062;4.145;4.147;934;949;959;49.99;49.99;49.99;4068;1000;0.0;0;0.0000;0;0;16488;16488;16488
60;2014-09-17 12:39:00;909402N262;8482;16.629;46;236;236;235;237;11.969;49.99;543.3;7.354;648.7;3.170;788.6;3.290;60;0;0;11.966;11.899;12.042;2824;2816;2844;49.99;49.99;49.99;4068;1000;0.0;0;0.0000;0;0;16629;16629;16629
60;2014-09-17 12:40:00;909402N262;9106;16.780;46;236;237;235;237;12.858;49.99;532.3;8.083;647.6;3.377;783.2;3.546;60;0;0;12.849;12.843;12.883;3039;3019;3047;49.99;49.99;49.99;4068;1000;0.0;0;0.0000;0;0;16780;16780;16780
60;2014-09-17 12:41:00;909402N262;8899;16.930;46;236;237;235;236;12.574;50.00;527.8;7.976;642.7;3.342;778.3;3.461;60;0;0;12.564;12.575;12.583;2974;2956;2967;50.00;50.00;50.00;4068;1000;0.0;0;0.0000;0;0;16930;16930;16930
60;2014-09-17 12:42:00;909402N262;6714;17.042;46;236;237;236;236;9.551;50.01;533.7;5.873;630.3;2.414;773.4;2.821;60;0;0;9.476;9.639;9.540;2233;2235;2244;50.01;50.01;50.01;4068;1000;0.0;0;0.0000;0;0;17042;17042;17042
60;2014-09-17 12:43:00;909402N262;3485;17.100;46;236;236;235;236;5.022;50.02;533.7;3.193;618.8;1.333;748.5;1.366;60;0;0;4.967;5.059;5.041;1151;1163;1167;50.02;50.02;50.02;4068;1000;0.0;0;0.0000;0;0;17100;17100;17100
60;2014-09-17 12:44:00;909402N262;3167;17.154;46;236;236;235;236;4.580;50.02;536.9;2.855;615.3;1.142;748.0;1.268;60;0;0;4.504;4.639;4.597;1043;1058;1066;50.02;50.02;50.02;4068;1000;0.0;0;0.0000;0;0;17154;17154;17154
60;2014-09-17 12:45:00;909402N262;2300;17.193;46;235;235;235;236;3.345;50.03;524.3;2.195;615.6;0.876;740.8;0.856;60;0;0;3.285;3.374;3.377;752;771;775;50.03;50.03;50.03;4068;1000;0.0;0;0.0000;0;0;17193;17193;17193
60;2014-09-17 12:46:00;909402N262;2555;17.236;46;235;235;234;235;3.701;50.01;524.8;2.416;601.0;1.001;743.6;0.976;60;0;0;3.647;3.734;3.724;840;857;856;50.01;50.01;50.01;4068;1000;0.0;0;0.0000;0;0;17236;17236;17236
60;2014-09-17 12:47:00;909402N262;3541;17.296;46;235;236;234;235;5.092;50.01;547.9;3.262;624.9;1.513;751.9;1.127;60;0;0;5.045;5.115;5.116;1173;1182;1186;50.01;50.01;50.01;4068;1000;0.0;0;0.0000;0;0;17296;17296;17296
60;2014-09-17 12:48:00;909402N262;5419;17.386;46;235;236;235;235;7.722;50.01;549.1;4.809;632.3;2.172;771.1;1.933;60;0;0;7.686;7.734;7.746;1803;1804;1811;50.01;50.01;50.01;4068;1000;0.0;0;0.0000;0;0;17386;17386;17386
60;2014-09-17 12:49:00;909402N262;8736;17.532;46;236;237;234;236;12.372;50.01;529.4;7.816;644.7;3.242;781.0;3.408;60;0;0;12.365;12.344;12.409;2925;2888;2922;50.01;50.01;50.01;4068;1000;0.0;0;0.0000;0;0;17532;17532;17532
60;2014-09-17 12:50:00;909402N262;8458;17.673;46;236;237;235;237;11.955;50.01;524.6;7.637;641.0;3.158;777.7;3.308;60;0;0;11.923;11.932;12.010;2822;2796;2838;50.01;50.01;50.01;4068;1000;0.0;0;0.0000;0;0;17673;17673;17673
60;2014-09-17 12:51:00;909402N262;8254;17.811;46;236;237;235;236;11.682;50.01;521.3;7.502;637.9;3.091;774.7;3.244;60;0;0;11.676;11.668;11.704;2763;2732;2757;50.01;50.01;50.01;4068;1000;0.0;0;0.0000;0;0;17811;17811;17811
60;2014-09-17 12:52:00;909402N262;8107;17.945;46;236;237;235;236;11.468;50.02;519.3;7.404;635.2;3.047;771.4;3.197;60;0;0;11.465;11.442;11.498;2713;2682;2710;50.02;50.02;50.02;4068;1000;0.0;0;0.0000;0;0;17945;17945;17945
60;2014-09-17 12:53:00;909402N262;8040;18.080;46;236;237;235;236;11.381;50.02;517.2;7.383;633.4;3.024;769.2;3.179;60;0;0;11.385;11.356;11.402;2693;2659;2686;50.02;50.02;50.02;4068;1000;0.0;0;0.0000;0;0;18080;18080;18080
60;2014-09-17 12:54:00;909402N262;8036;18.213;46;236;236;235;236;11.395;50.02;514.5;7.413;631.3;3.036;766.4;3.191;60;0;0;11.370;11.387;11.429;2677;2665;2692;50.02;50.02;50.02;4068;1000;0.0;0;0.0000;0;0;18213;18213;18213
60;2014-09-17 12:55:00;909402N262;8049;18.348;47;236;236;235;237;11.400;50.02;512.2;7.450;629.6;3.049;763.2;3.213;60;0;0;11.348;11.394;11.458;2673;2669;2706;50.02;50.02;50.02;4068;1000;0.0;0;0.0000;0;0;18348;18348;18348
60;2014-09-17 12:56:00;909402N262;8068;18.482;47;236;236;234;237;11.425;50.00;511.2;7.477;628.1;3.068;761.8;3.228;60;0;0;11.375;11.390;11.510;2680;2664;2722;50.00;50.00;50.00;4068;1000;0.0;0;0.0000;0;0;18482;18482;18482
60;2014-09-17 12:57:00;909402N262;8067;18.617;47;236;236;234;237;11.427;49.99;509.8;7.496;626.4;3.075;760.3;3.235;60;0;0;11.428;11.372;11.482;2696;2658;2712;49.99;49.99;49.99;4068;1000;0.0;0;0.0000;0;0;18617;18617;18617
60;2014-09-17 12:58:00;909402N262;8096;18.752;47;236;237;234;236;11.465;50.00;507.9;7.546;624.7;3.095;757.7;3.262;60;0;0;11.455;11.429;11.512;2706;2672;2716;50.00;50.00;50.00;4068;1000;0.0;0;0.0000;0;0;18752;18752;18752
60;2014-09-17 12:59:00;909402N262;8078;18.886;47;236;237;235;237;11.420;49.97;506.5;7.549;623.1;3.096;755.7;3.263;60;0;0;11.422;11.389;11.449;2700;2671;2705;49.97;49.97;49.97;4068;1000;0.0;0;0.0000;0;0;18886;18886;18886
60;2014-09-17 13:00:00;909402N262;8202;19.023;47;236;237;234;237;11.596;49.98;505.4;7.677;622.0;3.148;754.9;3.320;60;0;0;11.613;11.541;11.635;2748;2700;2753;49.98;49.98;49.98;4068;1000;0.0;0;0.0000;0;0;19023;19023;19023
[wr_ende]
