20141122;070003;danfoss;My Plant;+0100
[wr_def_start]
909402N262;Inverter Type;Inverter Group;Hanzl
[wr_def_end]
[wr]
INTERVAL;TIMESTAMP;SERIAL;P_AC;E_DAY;T_WR;U_AC;U_AC_1;U_AC_2;U_AC_3;I_AC;F_AC;U_DC_1;I_DC_1;U_DC_2;I_DC_2;U_DC_3;I_DC_3;S;E_WR;M_WR;I_AC_1;I_AC_2;I_AC_3;P_AC_1;P_AC_2;P_AC_3;F_AC_1;F_AC_2;F_AC_3;R_DC;PC;PCS;PCS_LL;COS_PHI;COS_PHI_LL;S_COS_PHI;Current_Day_Energy;current_Day_Offset;ccEnergyOfDay_WithoutOffset
60;2014-11-22 06:44:00;909402N262;0;0.000;0;0;0;0;0;0.000;0.03;0.1;0.000;0.0;0.000;0.1;0.000;50;0;0;0.000;0.000;0.000;0;0;0;0.03;0.03;0.03;4;1000;0.0;0;1.0000;0;2;0;0;0
60;2014-11-22 06:45:00;909402N262;0;0.000;17;233;232;234;232;0.000;49.98;228.9;0.000;221.4;0.000;228.8;0.000;50;0;0;0.000;0.000;0.000;0;0;0;49.98;49.98;49.98;0;1000;0.0;0;1.0000;0;2;0;0;0
60;2014-11-22 06:46:00;909402N262;0;0.000;17;233;232;235;232;0.000;49.98;228.5;0.000;227.8;0.000;228.5;0.000;50;0;0;0.000;0.000;0.000;0;0;0;49.98;49.98;49.98;0;1000;0.0;0;1.0000;0;2;0;0;0
60;2014-11-22 06:47:00;909402N262;0;0.000;18;233;232;235;232;0.000;49.99;228.8;0.000;228.3;0.000;228.9;0.000;50;0;0;0.000;0.000;0.000;0;0;0;49.99;49.99;49.99;0;1000;0.0;0;1.0000;0;2;0;0;0
60;2014-11-22 06:48:00;909402N262;0;0.000;18;233;232;233;232;0.000;50.00;229.9;0.000;229.4;0.000;229.9;0.000;50;0;0;0.000;0.000;0.000;0;0;0;50.00;50.00;50.00;0;1000;0.0;0;1.0000;0;2;0;0;0
60;2014-11-22 06:49:00;909402N262;0;0.000;19;233;232;233;233;0.000;50.00;228.4;0.000;227.8;0.000;229.2;0.000;50;0;0;0.000;0.000;0.000;0;0;0;50.00;50.00;50.00;0;1000;0.0;0;1.0000;0;2;0;0;0
60;2014-11-22 06:50:00;909402N262;0;0.000;20;233;232;233;233;0.000;50.00;229.2;0.000;228.6;0.000;229.9;0.000;50;0;0;0.000;0.000;0.000;0;0;0;50.00;50.00;50.00;0;1000;0.0;0;1.0000;0;2;0;0;0
60;2014-11-22 06:51:00;909402N262;0;0.000;20;233;232;233;233;0.000;50.01;232.2;0.000;231.7;0.000;232.2;0.000;50;0;0;0.000;0.000;0.000;0;0;0;50.01;50.01;50.01;0;1000;0.0;0;1.0000;0;2;0;0;0
60;2014-11-22 06:52:00;909402N262;0;0.000;20;233;233;232;233;0.000;50.01;235.5;0.000;234.9;0.000;235.6;0.000;50;0;0;0.000;0.000;0.000;0;0;0;50.01;50.01;50.01;0;1000;0.0;0;1.0000;0;2;0;0;0
60;2014-11-22 06:53:00;909402N262;0;0.000;21;233;233;233;233;0.000;50.01;230.9;0.000;230.3;0.000;230.9;0.000;50;0;0;0.000;0.000;0.000;0;0;0;50.01;50.01;50.01;0;1000;0.0;0;1.0000;0;2;0;0;0
60;2014-11-22 06:54:00;909402N262;0;0.000;21;233;233;233;233;0.000;49.99;228.7;0.000;228.2;0.000;229.0;0.000;50;0;0;0.000;0.000;0.000;0;0;0;49.99;49.99;49.99;0;1000;0.0;0;1.0000;0;2;0;0;0
60;2014-11-22 06:55:00;909402N262;0;0.000;21;233;233;234;233;0.000;50.00;231.4;0.000;230.9;0.000;231.6;0.000;50;0;0;0.000;0.000;0.000;0;0;0;50.00;50.00;50.00;0;1000;0.0;0;1.0000;0;2;0;0;0
60;2014-11-22 06:56:00;909402N262;0;0.000;21;233;233;234;233;0.000;50.00;234.4;0.000;233.9;0.000;234.0;0.000;50;0;0;0.000;0.000;0.000;0;0;0;50.00;50.00;50.00;0;1000;0.0;0;1.0000;0;2;0;0;0
60;2014-11-22 06:57:00;909402N262;0;0.000;21;233;233;234;233;0.000;49.99;237.4;0.000;236.8;0.000;237.0;0.000;50;0;0;0.000;0.000;0.000;0;0;0;49.99;49.99;49.99;0;1000;0.0;0;1.0000;0;2;0;0;0
60;2014-11-22 06:58:00;909402N262;0;0.000;22;233;233;235;233;0.000;50.01;241.7;0.000;241.1;0.000;242.0;0.000;50;0;0;0.000;0.000;0.000;0;0;0;50.01;50.01;50.01;0;1000;0.0;0;1.0000;0;2;0;0;0
60;2014-11-22 06:59:00;909402N262;0;0.000;22;233;233;235;233;0.000;50.02;251.9;0.000;251.4;0.000;252.1;0.000;50;0;0;0.000;0.000;0.000;0;0;0;50.02;50.02;50.02;0;1000;0.0;0;1.0000;0;2;0;0;0
60;2014-11-22 07:00:00;909402N262;0;0.000;22;233;233;234;233;0.000;50.01;255.4;0.000;255.1;0.000;255.2;0.000;50;0;0;0.000;0.000;0.000;0;0;0;50.01;50.01;50.01;0;1000;0.0;0;1.0000;0;2;0;0;0
[wr_ende]
