20140527;110002;danfoss;My Plant;+0100
[wr_def_start]
909402N262;Inverter Type;Inverter Group;Hanzl
[wr_def_end]
[wr]
INTERVAL;TIMESTAMP;SERIAL;P_AC;E_DAY;T_WR;U_AC;U_AC_1;U_AC_2;U_AC_3;I_AC;F_AC;U_DC_1;I_DC_1;U_DC_2;I_DC_2;U_DC_3;I_DC_3;S;E_WR;M_WR;I_AC_1;I_AC_2;I_AC_3;P_AC_1;P_AC_2;P_AC_3;F_AC_1;F_AC_2;F_AC_3;R_DC;PC;PCS;PCS_LL;COS_PHI;COS_PHI_LL;S_COS_PHI;Current_Day_Energy;current_Day_Offset;ccEnergyOfDay_WithoutOffset
60;2014-05-27 10:01:00;909402N262;5305;6.200;42;235;235;234;234;7.568;50.00;557.2;3.399;571.6;2.756;761.4;2.531;60;0;0;7.538;7.586;7.582;1766;1769;1768;50.00;50.00;50.00;7528;1000;0.0;0;0.0000;0;0;6200;6200;6200
60;2014-05-27 10:02:00;909402N262;4664;6.278;42;235;235;234;234;6.683;49.98;558.8;3.241;569.9;2.229;755.6;2.168;60;0;0;6.654;6.712;6.683;1551;1554;1550;49.98;49.98;49.98;7528;1000;0.0;0;0.0000;0;0;6278;6278;6278
60;2014-05-27 10:03:00;909402N262;5284;6.365;42;235;235;235;235;7.563;49.97;556.6;3.450;575.7;2.668;759.7;2.501;60;0;0;7.534;7.596;7.561;1760;1761;1761;49.97;49.97;49.97;7528;1000;0.0;0;0.0000;0;0;6365;6365;6365
60;2014-05-27 10:04:00;909402N262;3114;6.418;42;234;235;234;234;4.518;49.99;534.3;2.190;574.7;1.529;755.0;1.458;60;0;0;4.480;4.549;4.525;1031;1043;1038;49.99;49.99;49.99;7528;1000;0.0;0;0.0000;0;0;6418;6418;6418
60;2014-05-27 10:05:00;909402N262;5342;6.507;42;235;235;235;234;7.633;50.00;556.2;3.572;577.8;2.687;768.2;2.441;60;0;0;7.596;7.667;7.636;1776;1784;1778;50.00;50.00;50.00;7528;1000;0.0;0;0.0000;0;0;6507;6507;6507
60;2014-05-27 10:06:00;909402N262;5693;6.602;42;235;235;235;234;8.137;50.00;552.2;3.773;581.4;2.845;777.8;2.620;60;0;0;8.107;8.156;8.148;1896;1899;1897;50.00;50.00;50.00;7528;1000;0.0;0;0.0000;0;0;6602;6602;6602
60;2014-05-27 10:07:00;909402N262;5947;6.701;42;235;236;235;234;8.480;50.01;550.6;3.891;590.0;2.920;785.4;2.762;60;0;0;8.461;8.499;8.482;1983;1984;1978;50.01;50.01;50.01;7528;1000;0.0;0;0.0000;0;0;6701;6701;6701
60;2014-05-27 10:08:00;909402N262;5912;6.799;43;235;235;235;235;8.448;50.01;551.1;3.838;593.2;2.935;783.1;2.742;60;0;0;8.404;8.470;8.472;1960;1976;1974;50.01;50.01;50.01;7528;1000;0.0;0;0.0000;0;0;6799;6799;6799
60;2014-05-27 10:09:00;909402N262;5893;6.898;43;235;235;235;234;8.417;50.01;548.7;3.854;596.6;2.896;783.7;2.726;60;0;0;8.395;8.437;8.421;1965;1967;1960;50.01;50.01;50.01;7528;1000;0.0;0;0.0000;0;0;6898;6898;6898
60;2014-05-27 10:10:00;909402N262;5905;6.996;43;235;235;235;234;8.426;50.02;547.4;3.868;596.4;2.887;789.5;2.725;60;0;0;8.409;8.448;8.422;1970;1973;1961;50.02;50.02;50.02;7528;1000;0.0;0;0.0000;0;0;6996;6996;6996
60;2014-05-27 10:11:00;909402N262;6040;7.098;43;234;235;234;234;8.610;50.01;547.0;3.962;599.4;2.922;794.5;2.783;60;0;0;8.588;8.622;8.622;2012;2014;2012;50.01;50.01;50.01;7528;1000;0.0;0;0.0000;0;0;7098;7098;7098
60;2014-05-27 10:12:00;909402N262;6253;7.200;43;235;235;234;234;8.908;50.02;546.7;4.103;602.2;3.023;794.4;2.875;60;0;0;8.900;8.920;8.905;2089;2086;2076;50.02;50.02;50.02;7528;1000;0.0;0;0.0000;0;0;7200;7200;7200
60;2014-05-27 10:13:00;909402N262;5640;7.296;43;234;235;234;234;8.056;50.02;542.2;3.726;611.0;2.670;784.8;2.608;60;0;0;8.021;8.082;8.067;1876;1882;1881;50.02;50.02;50.02;7528;1000;0.0;0;0.0000;0;0;7296;7296;7296
60;2014-05-27 10:14:00;909402N262;6359;7.401;43;235;235;235;235;9.048;50.01;541.2;4.175;626.4;2.982;793.9;2.926;60;0;0;9.001;9.087;9.056;2110;2124;2121;50.01;50.01;50.01;7528;1000;0.0;0;0.0000;0;0;7401;7401;7401
60;2014-05-27 10:15:00;909402N262;5053;7.485;43;235;235;235;235;7.241;50.00;542.5;3.284;629.5;2.236;782.4;2.444;60;0;0;7.178;7.294;7.251;1673;1694;1690;50.00;50.00;50.00;7528;1000;0.0;0;0.0000;0;0;7485;7485;7485
60;2014-05-27 10:16:00;909402N262;5298;7.574;43;234;234;234;234;7.569;50.01;537.4;3.835;618.6;2.672;775.8;2.148;60;0;0;7.525;7.587;7.596;1754;1772;1770;50.01;50.01;50.01;7528;1000;0.0;0;0.0000;0;0;7574;7574;7574
60;2014-05-27 10:17:00;909402N262;6730;7.685;44;234;234;235;234;9.587;50.01;538.3;4.446;640.3;3.172;794.6;3.032;60;0;0;9.530;9.605;9.627;2226;2249;2252;50.01;50.01;50.01;7528;1000;0.0;0;0.0000;0;0;7685;7685;7685
60;2014-05-27 10:18:00;909402N262;6491;7.795;44;235;234;235;235;9.248;50.01;536.0;4.554;635.6;3.057;791.0;2.769;60;0;0;9.177;9.293;9.275;2143;2176;2170;50.01;50.01;50.01;7528;1000;0.0;0;0.0000;0;0;7795;7795;7795
60;2014-05-27 10:19:00;909402N262;2469;7.835;44;233;233;234;234;3.635;50.01;537.4;2.111;612.1;1.022;761.3;0.930;60;0;0;3.562;3.704;3.639;806;834;827;50.01;50.01;50.01;7528;1000;0.0;0;0.0000;0;0;7835;7835;7835
60;2014-05-27 10:20:00;909402N262;2263;7.873;44;234;233;234;234;3.320;50.01;533.5;1.749;618.6;1.105;761.5;0.872;60;0;0;3.264;3.351;3.347;737;766;759;50.01;50.01;50.01;7528;1000;0.0;0;0.0000;0;0;7873;7873;7873
60;2014-05-27 10:21:00;909402N262;7144;7.992;44;235;234;235;235;10.171;50.01;540.6;4.790;645.9;3.431;792.0;3.107;60;0;0;10.103;10.206;10.205;2360;2396;2390;50.01;50.01;50.01;7528;1000;0.0;0;0.0000;0;0;7992;7992;7992
60;2014-05-27 10:22:00;909402N262;7098;8.110;44;235;234;235;235;10.085;50.00;536.2;4.803;641.3;3.235;795.0;3.206;60;0;0;10.013;10.137;10.106;2343;2382;2370;50.00;50.00;50.00;7528;1000;0.0;0;0.0000;0;0;8110;8110;8110
60;2014-05-27 10:23:00;909402N262;1842;8.141;44;234;233;234;234;2.744;49.99;530.6;1.444;609.5;0.775;754.4;0.808;60;0;0;2.688;2.788;2.758;598;623;617;49.99;49.99;49.99;7528;1000;0.0;0;0.0000;0;0;8141;8141;8141
60;2014-05-27 10:24:00;909402N262;1544;8.166;44;234;233;235;234;2.331;50.00;528.0;1.244;609.8;0.690;753.4;0.635;60;0;0;2.276;2.372;2.347;499;525;518;50.00;50.00;50.00;7528;1000;0.0;0;0.0000;0;0;8166;8166;8166
60;2014-05-27 10:25:00;909402N262;1608;8.193;44;234;234;235;234;2.419;49.99;533.3;1.280;615.9;0.725;758.6;0.648;60;0;0;2.363;2.460;2.435;521;546;540;49.99;49.99;49.99;7528;1000;0.0;0;0.0000;0;0;8193;8193;8193
60;2014-05-27 10:26:00;909402N262;3338;8.249;44;235;234;235;235;4.812;50.00;561.2;2.513;637.0;1.629;768.0;1.207;60;0;0;4.766;4.816;4.854;1097;1127;1119;50.00;50.00;50.00;7528;1000;0.0;0;0.0000;0;0;8249;8249;8249
60;2014-05-27 10:27:00;909402N262;7281;8.370;44;235;235;236;235;10.328;50.00;542.4;4.856;653.1;3.378;794.7;3.212;60;0;0;10.256;10.371;10.358;2406;2442;2432;50.00;50.00;50.00;7528;1000;0.0;0;0.0000;0;0;8370;8370;8370
60;2014-05-27 10:28:00;909402N262;7319;8.493;44;235;235;236;235;10.385;50.00;539.2;4.892;649.8;3.380;795.4;3.262;60;0;0;10.316;10.437;10.404;2419;2456;2442;50.00;50.00;50.00;7528;1000;0.0;0;0.0000;0;0;8493;8493;8493
60;2014-05-27 10:29:00;909402N262;7233;8.613;44;235;235;236;235;10.268;49.99;536.7;4.855;646.8;3.351;795.2;3.229;60;0;0;10.208;10.308;10.289;2393;2424;2414;49.99;49.99;49.99;7528;1000;0.0;0;0.0000;0;0;8613;8613;8613
60;2014-05-27 10:30:00;909402N262;7107;8.732;44;235;234;235;235;10.109;49.99;534.8;4.786;644.7;3.297;795.3;3.183;60;0;0;10.048;10.144;10.136;2350;2381;2373;49.99;49.99;49.99;7528;1000;0.0;0;0.0000;0;0;8732;8732;8732
60;2014-05-27 10:31:00;909402N262;7078;8.849;44;235;234;235;235;10.048;49.99;537.3;4.756;623.8;3.369;792.6;3.209;60;0;0;9.980;10.094;10.071;2336;2372;2360;49.99;49.99;49.99;7528;1000;0.0;0;0.0000;0;0;8849;8849;8849
60;2014-05-27 10:32:00;909402N262;7095;8.968;44;235;235;235;235;10.088;49.99;553.7;4.606;642.1;3.301;795.1;3.182;60;0;0;10.040;10.107;10.119;2352;2368;2373;49.99;49.99;49.99;7528;1000;0.0;0;0.0000;0;0;8968;8968;8968
60;2014-05-27 10:33:00;909402N262;6901;9.082;45;235;235;235;235;9.806;49.98;548.5;4.527;640.2;3.219;794.8;3.091;60;0;0;9.779;9.818;9.822;2296;2302;2301;49.98;49.98;49.98;7528;1000;0.0;0;0.0000;0;0;9082;9082;9082
60;2014-05-27 10:34:00;909402N262;6823;9.196;45;235;235;235;235;9.697;49.99;544.5;4.532;638.0;3.187;794.4;3.049;60;0;0;9.666;9.716;9.711;2269;2277;2275;49.99;49.99;49.99;7528;1000;0.0;0;0.0000;0;0;9196;9196;9196
60;2014-05-27 10:35:00;909402N262;6832;9.310;45;235;235;235;235;9.716;50.00;540.8;4.587;638.6;3.175;792.2;3.060;60;0;0;9.682;9.742;9.725;2272;2281;2277;50.00;50.00;50.00;7528;1000;0.0;0;0.0000;0;0;9310;9310;9310
60;2014-05-27 10:36:00;909402N262;6838;9.424;45;235;235;235;235;9.735;49.99;538.6;4.626;638.0;3.174;784.8;3.086;60;0;0;9.705;9.756;9.744;2276;2282;2278;49.99;49.99;49.99;7528;1000;0.0;0;0.0000;0;0;9424;9424;9424
60;2014-05-27 10:37:00;909402N262;6885;9.540;45;235;235;234;235;9.818;49.99;538.3;4.677;637.8;3.185;783.8;3.113;60;0;0;9.801;9.822;9.832;2296;2290;2297;49.99;49.99;49.99;7528;1000;0.0;0;0.0000;0;0;9540;9540;9540
60;2014-05-27 10:38:00;909402N262;6958;9.655;45;235;235;234;235;9.909;50.01;537.3;4.748;638.2;3.208;782.5;3.149;60;0;0;9.881;9.910;9.936;2318;2315;2323;50.01;50.01;50.01;7528;1000;0.0;0;0.0000;0;0;9655;9655;9655
60;2014-05-27 10:39:00;909402N262;7034;9.772;45;235;235;235;234;10.017;50.01;537.2;4.816;638.5;3.231;782.5;3.182;60;0;0;9.982;10.038;10.031;2339;2349;2343;50.01;50.01;50.01;7528;1000;0.0;0;0.0000;0;0;9772;9772;9772
60;2014-05-27 10:40:00;909402N262;7073;9.889;45;235;235;235;235;10.073;50.00;536.8;4.859;638.4;3.241;781.6;3.203;60;0;0;10.031;10.094;10.096;2349;2361;2360;50.00;50.00;50.00;7528;1000;0.0;0;0.0000;0;0;9889;9889;9889
60;2014-05-27 10:41:00;909402N262;7106;10.008;45;235;235;235;235;10.116;49.99;537.0;4.885;638.8;3.249;781.6;3.218;60;0;0;10.080;10.132;10.137;2363;2370;2371;49.99;49.99;49.99;7528;1000;0.0;0;0.0000;0;0;10008;10008;10008
60;2014-05-27 10:42:00;909402N262;7121;10.125;46;235;235;235;234;10.147;49.99;536.9;4.902;638.5;3.261;781.6;3.222;60;0;0;10.118;10.159;10.166;2370;2376;2374;49.99;49.99;49.99;7528;1000;0.0;0;0.0000;0;0;10125;10125;10125
60;2014-05-27 10:43:00;909402N262;7434;10.251;46;235;235;234;234;10.593;50.00;536.1;5.129;638.0;3.398;781.0;3.370;60;0;0;10.554;10.609;10.616;2473;2480;2479;50.00;50.00;50.00;7528;1000;0.0;0;0.0000;0;0;10251;10251;10251
60;2014-05-27 10:44:00;909402N262;7509;10.374;46;235;235;235;235;10.687;50.00;535.5;5.185;637.3;3.432;780.9;3.410;60;0;0;10.659;10.694;10.710;2501;2503;2504;50.00;50.00;50.00;7528;1000;0.0;0;0.0000;0;0;10374;10374;10374
60;2014-05-27 10:45:00;909402N262;7643;10.503;46;235;235;234;235;10.868;50.00;534.1;5.292;635.1;3.461;779.8;3.477;60;0;0;10.829;10.874;10.901;2545;2540;2556;50.00;50.00;50.00;7528;1000;0.0;0;0.0000;0;0;10503;10503;10503
60;2014-05-27 10:46:00;909402N262;3915;10.567;46;234;234;233;234;5.650;50.00;540.5;2.732;597.8;1.949;754.7;1.848;60;0;0;5.629;5.624;5.697;1299;1300;1314;50.00;50.00;50.00;7528;1000;0.0;0;0.0000;0;0;10567;10567;10567
60;2014-05-27 10:47:00;909402N262;3205;10.622;46;233;234;232;233;4.675;49.99;531.6;2.133;619.1;1.427;756.2;1.603;60;0;0;4.622;4.720;4.685;1063;1061;1075;49.99;49.99;49.99;7528;1000;0.0;0;0.0000;0;0;10622;10622;10622
60;2014-05-27 10:48:00;909402N262;6337;10.728;46;234;235;233;234;9.045;50.01;541.1;4.330;637.8;2.983;772.0;2.826;60;0;0;9.042;8.973;9.121;2113;2098;2125;50.01;50.01;50.01;7528;1000;0.0;0;0.0000;0;0;10728;10728;10728
60;2014-05-27 10:49:00;909402N262;7865;10.860;46;234;235;233;234;11.209;50.00;537.7;5.488;640.4;3.572;783.6;3.502;60;0;0;11.196;11.169;11.262;2626;2601;2636;50.00;50.00;50.00;7528;1000;0.0;0;0.0000;0;0;10860;10860;10860
60;2014-05-27 10:50:00;909402N262;7170;10.979;46;234;235;234;234;10.232;50.00;536.1;4.888;634.8;3.144;780.5;3.363;60;0;0;10.196;10.240;10.261;2385;2377;2396;50.00;50.00;50.00;7528;1000;0.0;0;0.0000;0;0;10979;10979;10979
60;2014-05-27 10:51:00;909402N262;1590;11.004;46;233;234;233;233;2.407;50.00;516.0;1.286;600.8;0.728;740.5;0.680;60;0;0;2.360;2.443;2.420;520;535;533;50.00;50.00;50.00;7528;1000;0.0;0;0.0000;0;0;11004;11004;11004
60;2014-05-27 10:52:00;909402N262;2844;11.053;46;234;234;234;233;4.141;50.00;539.0;1.990;619.7;1.435;755.0;1.201;60;0;0;4.116;4.156;4.151;944;957;946;50.00;50.00;50.00;7528;1000;0.0;0;0.0000;0;0;11053;11053;11053
60;2014-05-27 10:53:00;909402N262;7782;11.183;46;235;235;235;234;11.056;50.01;543.4;5.316;644.7;3.544;793.0;3.448;60;0;0;11.049;11.063;11.058;2597;2598;2585;50.01;50.01;50.01;7528;1000;0.0;0;0.0000;0;0;11183;11183;11183
60;2014-05-27 10:54:00;909402N262;7796;11.313;46;234;235;234;234;11.101;50.00;540.3;5.385;642.6;3.541;795.0;3.441;60;0;0;11.081;11.131;11.093;2597;2604;2593;50.00;50.00;50.00;7528;1000;0.0;0;0.0000;0;0;11313;11313;11313
60;2014-05-27 10:55:00;909402N262;7724;11.442;46;234;235;234;234;11.014;50.01;538.7;5.356;642.2;3.482;792.0;3.439;60;0;0;10.990;11.019;11.033;2575;2569;2578;50.01;50.01;50.01;7528;1000;0.0;0;0.0000;0;0;11442;11442;11442
60;2014-05-27 10:56:00;909402N262;7653;11.569;46;234;234;233;234;10.941;49.99;536.6;5.345;640.6;3.452;783.5;3.439;60;0;0;10.934;10.942;10.947;2558;2543;2551;49.99;49.99;49.99;7528;1000;0.0;0;0.0000;0;0;11569;11569;11569
60;2014-05-27 10:57:00;909402N262;7739;11.697;46;234;234;233;234;11.058;49.98;534.4;5.422;639.6;3.485;782.8;3.494;60;0;0;11.056;11.058;11.062;2586;2572;2580;49.98;49.98;49.98;7528;1000;0.0;0;0.0000;0;0;11697;11697;11697
60;2014-05-27 10:58:00;909402N262;7726;11.826;46;234;234;233;234;11.036;49.99;533.8;5.379;638.5;3.493;781.4;3.515;60;0;0;11.023;11.040;11.046;2578;2568;2578;49.99;49.99;49.99;7528;1000;0.0;0;0.0000;0;0;11826;11826;11826
60;2014-05-27 10:59:00;909402N262;7714;11.955;47;234;234;234;234;11.004;49.99;533.4;5.506;635.1;3.474;776.3;3.482;60;0;0;10.989;10.994;11.031;2570;2567;2576;49.99;49.99;49.99;7528;1000;0.0;0;0.0000;0;0;11955;11955;11955
60;2014-05-27 11:00:00;909402N262;5227;12.042;47;233;233;233;233;7.505;49.98;532.7;3.676;621.1;2.413;759.2;2.386;60;0;0;7.497;7.482;7.538;1738;1749;1742;49.98;49.98;49.98;7528;1000;0.0;0;0.0000;0;0;12042;12042;12042
[wr_ende]
