20140304;100002;danfoss;My Plant;+0100
[wr_def_start]
909402N262;Inverter Type;Inverter Group;Hanzl
[wr_def_end]
[wr]
INTERVAL;TIMESTAMP;SERIAL;P_AC;E_DAY;T_WR;U_AC;U_AC_1;U_AC_2;U_AC_3;I_AC;F_AC;U_DC_1;I_DC_1;U_DC_2;I_DC_2;U_DC_3;I_DC_3;S;E_WR;M_WR;I_AC_1;I_AC_2;I_AC_3;P_AC_1;P_AC_2;P_AC_3;F_AC_1;F_AC_2;F_AC_3;R_DC;PC;PCS;PCS_LL;COS_PHI;COS_PHI_LL;S_COS_PHI;Current_Day_Energy;current_Day_Offset;ccEnergyOfDay_WithoutOffset
60;2014-03-04 09:01:00;909402N262;322;0.432;24;232;232;231;232;0.594;49.96;542.6;0.245;603.2;0.148;731.8;0.144;60;0;0;0.605;0.656;0.522;108;117;94;49.96;49.96;49.96;14773;1000;0.0;0;0.0000;0;0;432;432;432
60;2014-03-04 09:02:00;909402N262;298;0.437;24;232;232;232;232;0.549;49.96;547.7;0.226;612.4;0.136;729.4;0.132;60;0;0;0.527;0.658;0.463;95;118;84;49.96;49.96;49.96;14773;1000;0.0;0;0.0000;0;0;437;437;437
60;2014-03-04 09:03:00;909402N262;302;0.442;24;232;232;231;231;0.556;50.00;547.5;0.229;614.0;0.139;733.6;0.135;60;0;0;0.538;0.656;0.475;97;118;85;50.00;50.00;50.00;14773;1000;0.0;0;0.0000;0;0;442;442;442
60;2014-03-04 09:04:00;909402N262;326;0.447;24;231;232;231;231;0.599;50.00;551.4;0.243;617.0;0.148;733.4;0.146;60;0;0;0.599;0.676;0.523;107;121;96;50.00;50.00;50.00;14773;1000;0.0;0;0.0000;0;0;447;447;447
60;2014-03-04 09:05:00;909402N262;322;0.453;25;231;232;230;232;0.583;50.00;551.5;0.238;616.4;0.147;744.1;0.142;60;0;0;0.597;0.669;0.483;109;121;89;50.00;50.00;50.00;14773;1000;0.0;0;0.0000;0;0;453;453;453
60;2014-03-04 09:06:00;909402N262;309;0.458;25;231;232;230;232;0.566;50.00;553.7;0.227;616.7;0.140;737.8;0.138;60;0;0;0.569;0.662;0.468;102;119;85;50.00;50.00;50.00;14773;1000;0.0;0;0.0000;0;0;458;458;458
60;2014-03-04 09:07:00;909402N262;264;0.463;25;232;232;230;233;0.492;50.00;549.9;0.199;603.8;0.122;726.8;0.119;60;0;0;0.446;0.594;0.436;80;105;77;50.00;50.00;50.00;14773;1000;0.0;0;0.0000;0;0;463;463;463
60;2014-03-04 09:08:00;909402N262;260;0.467;25;232;233;230;232;0.483;50.00;544.7;0.197;603.4;0.121;726.4;0.118;60;0;0;0.453;0.585;0.411;80;103;75;50.00;50.00;50.00;14773;1000;0.0;0;0.0000;0;0;467;467;467
60;2014-03-04 09:09:00;909402N262;308;0.472;25;232;233;231;232;0.568;50.01;548.0;0.232;615.7;0.140;733.3;0.137;60;0;0;0.555;0.672;0.477;99;120;87;50.01;50.01;50.01;14773;1000;0.0;0;0.0000;0;0;472;472;472
60;2014-03-04 09:10:00;909402N262;317;0.478;25;232;232;232;232;0.586;50.02;548.9;0.240;617.4;0.143;734.3;0.141;60;0;0;0.586;0.676;0.496;104;121;90;50.02;50.02;50.02;14773;1000;0.0;0;0.0000;0;0;478;478;478
60;2014-03-04 09:11:00;909402N262;348;0.484;25;232;232;232;232;0.636;50.01;553.2;0.259;623.2;0.158;740.6;0.155;60;0;0;0.629;0.705;0.575;113;128;106;50.01;50.01;50.01;14773;1000;0.0;0;0.0000;0;0;484;484;484
60;2014-03-04 09:12:00;909402N262;301;0.488;25;232;232;232;232;0.551;50.00;550.3;0.227;613.4;0.137;732.5;0.134;60;0;0;0.532;0.628;0.495;97;111;91;50.00;50.00;50.00;14773;1000;0.0;0;0.0000;0;0;488;488;488
60;2014-03-04 09:13:00;909402N262;263;0.493;25;232;232;232;232;0.493;50.00;546.6;0.198;607.7;0.121;722.2;0.120;60;0;0;0.456;0.603;0.422;81;105;75;50.00;50.00;50.00;14773;1000;0.0;0;0.0000;0;0;493;493;493
60;2014-03-04 09:14:00;909402N262;277;0.497;25;232;232;232;232;0.515;50.00;544.9;0.209;608.4;0.128;728.2;0.125;60;0;0;0.480;0.622;0.444;86;109;79;50.00;50.00;50.00;14773;1000;0.0;0;0.0000;0;0;497;497;497
60;2014-03-04 09:15:00;909402N262;287;0.502;25;232;232;231;233;0.525;50.00;545.8;0.217;609.4;0.131;729.9;0.128;60;0;0;0.506;0.626;0.443;91;113;80;50.00;50.00;50.00;14773;1000;0.0;0;0.0000;0;0;502;502;502
60;2014-03-04 09:16:00;909402N262;241;0.506;25;232;232;231;232;0.457;49.99;536.1;0.189;582.3;0.114;718.7;0.112;60;0;0;0.432;0.554;0.385;76;96;68;49.99;49.99;49.99;14773;1000;0.0;0;0.0000;0;0;506;506;506
60;2014-03-04 09:17:00;909402N262;225;0.509;25;232;232;232;232;0.414;49.99;540.2;0.175;592.1;0.105;714.0;0.101;60;0;0;0.391;0.501;0.350;70;89;64;49.99;49.99;49.99;14773;1000;0.0;0;0.0000;0;0;509;509;509
60;2014-03-04 09:18:00;909402N262;225;0.513;25;232;232;232;232;0.410;49.99;541.4;0.173;592.4;0.105;717.3;0.101;60;0;0;0.395;0.507;0.329;72;91;60;49.99;49.99;49.99;14773;1000;0.0;0;0.0000;0;0;513;513;513
60;2014-03-04 09:19:00;909402N262;210;0.516;25;232;232;231;232;0.394;49.98;536.5;0.164;590.6;0.098;707.8;0.097;60;0;0;0.358;0.492;0.332;62;85;60;49.98;49.98;49.98;14773;1000;0.0;0;0.0000;0;0;516;516;516
60;2014-03-04 09:20:00;909402N262;175;0.519;25;232;232;231;232;0.331;49.98;531.0;0.140;576.8;0.084;696.0;0.082;60;0;0;0.317;0.391;0.287;55;67;51;49.98;49.98;49.98;14773;1000;0.0;0;0.0000;0;0;519;519;519
60;2014-03-04 09:21:00;909402N262;165;0.522;25;232;232;232;233;0.319;49.97;526.8;0.132;571.7;0.081;688.2;0.078;60;0;0;0.315;0.370;0.273;53;62;48;49.97;49.97;49.97;14773;1000;0.0;0;0.0000;0;0;522;522;522
60;2014-03-04 09:22:00;909402N262;176;0.526;25;232;232;232;232;0.335;49.98;530.6;0.140;580.5;0.084;698.7;0.083;60;0;0;0.310;0.406;0.290;53;69;52;49.98;49.98;49.98;14773;1000;0.0;0;0.0000;0;0;526;526;526
60;2014-03-04 09:23:00;909402N262;181;0.529;25;232;233;232;233;0.367;49.99;532.2;0.143;579.4;0.087;691.0;0.085;60;0;0;0.337;0.441;0.325;54;71;54;49.99;49.99;49.99;14773;1000;0.0;0;0.0000;0;0;529;529;529
60;2014-03-04 09:24:00;909402N262;171;0.532;25;232;233;231;233;0.326;49.98;531.4;0.136;578.7;0.082;694.8;0.081;60;0;0;0.302;0.389;0.288;52;66;51;49.98;49.98;49.98;14773;1000;0.0;0;0.0000;0;0;532;532;532
60;2014-03-04 09:25:00;909402N262;164;0.535;25;232;232;231;232;0.341;49.98;527.5;0.132;571.1;0.080;685.3;0.078;60;0;0;0.328;0.385;0.310;49;63;49;49.98;49.98;49.98;14773;1000;0.0;0;0.0000;0;0;535;535;535
60;2014-03-04 09:26:00;909402N262;166;0.537;25;232;232;231;232;0.313;49.98;528.4;0.133;575.4;0.081;699.6;0.079;60;0;0;0.302;0.364;0.274;53;63;49;49.98;49.98;49.98;14773;1000;0.0;0;0.0000;0;0;537;537;537
60;2014-03-04 09:27:00;909402N262;212;0.541;25;232;232;232;232;0.394;49.99;536.9;0.163;592.3;0.100;712.9;0.098;60;0;0;0.374;0.491;0.319;67;85;58;49.99;49.99;49.99;14773;1000;0.0;0;0.0000;0;0;541;541;541
60;2014-03-04 09:28:00;909402N262;222;0.544;25;232;233;232;233;0.410;50.00;538.3;0.171;596.7;0.104;717.5;0.101;60;0;0;0.401;0.515;0.314;71;91;58;50.00;50.00;50.00;14773;1000;0.0;0;0.0000;0;0;544;544;544
60;2014-03-04 09:29:00;909402N262;224;0.548;25;232;233;232;233;0.412;50.01;539.7;0.171;593.7;0.105;721.0;0.102;60;0;0;0.395;0.518;0.325;71;91;60;50.01;50.01;50.01;14773;1000;0.0;0;0.0000;0;0;548;548;548
60;2014-03-04 09:30:00;909402N262;234;0.552;25;232;232;232;233;0.444;50.00;541.0;0.181;596.8;0.109;712.7;0.108;60;0;0;0.408;0.538;0.388;71;93;68;50.00;50.00;50.00;14773;1000;0.0;0;0.0000;0;0;552;552;552
60;2014-03-04 09:31:00;909402N262;229;0.556;25;232;232;232;233;0.441;50.00;531.0;0.181;575.6;0.109;707.8;0.107;60;0;0;0.404;0.559;0.360;70;95;62;50.00;50.00;50.00;14773;1000;0.0;0;0.0000;0;0;556;556;556
60;2014-03-04 09:32:00;909402N262;224;0.560;25;232;232;232;233;0.435;50.01;539.7;0.174;593.8;0.105;711.1;0.103;60;0;0;0.410;0.538;0.357;70;91;60;50.01;50.01;50.01;14773;1000;0.0;0;0.0000;0;0;560;560;560
60;2014-03-04 09:33:00;909402N262;193;0.564;25;232;232;232;233;0.374;49.99;533.7;0.153;582.0;0.090;701.9;0.090;60;0;0;0.342;0.476;0.304;58;79;54;49.99;49.99;49.99;14773;1000;0.0;0;0.0000;0;0;564;564;564
60;2014-03-04 09:34:00;909402N262;207;0.566;25;232;232;232;233;0.400;50.00;536.4;0.163;590.5;0.098;708.0;0.097;60;0;0;0.365;0.523;0.314;62;89;55;50.00;50.00;50.00;14773;1000;0.0;0;0.0000;0;0;566;566;566
60;2014-03-04 09:35:00;909402N262;275;0.571;25;232;232;233;233;0.521;50.00;546.8;0.208;608.8;0.127;729.8;0.126;60;0;0;0.481;0.627;0.457;84;108;80;50.00;50.00;50.00;14773;1000;0.0;0;0.0000;0;0;571;571;571
60;2014-03-04 09:36:00;909402N262;296;0.576;25;233;232;233;234;0.552;50.00;548.8;0.225;611.0;0.134;735.8;0.131;60;0;0;0.526;0.667;0.465;93;117;84;50.00;50.00;50.00;14773;1000;0.0;0;0.0000;0;0;576;576;576
60;2014-03-04 09:37:00;909402N262;291;0.581;25;233;232;232;234;0.550;50.00;549.1;0.221;612.9;0.131;728.3;0.130;60;0;0;0.506;0.690;0.455;89;119;81;50.00;50.00;50.00;14773;1000;0.0;0;0.0000;0;0;581;581;581
60;2014-03-04 09:38:00;909402N262;269;0.585;25;232;232;232;233;0.511;50.01;548.8;0.207;602.3;0.123;725.1;0.120;60;0;0;0.434;0.646;0.455;75;110;80;50.01;50.01;50.01;14773;1000;0.0;0;0.0000;0;0;585;585;585
60;2014-03-04 09:39:00;909402N262;250;0.589;25;233;233;232;233;0.481;50.00;546.2;0.193;598.5;0.117;722.9;0.113;60;0;0;0.438;0.570;0.435;75;97;75;50.00;50.00;50.00;14773;1000;0.0;0;0.0000;0;0;589;589;589
60;2014-03-04 09:40:00;909402N262;273;0.594;25;233;233;232;233;0.521;50.01;545.1;0.208;606.8;0.126;727.4;0.123;60;0;0;0.455;0.653;0.456;79;113;79;50.01;50.01;50.01;14773;1000;0.0;0;0.0000;0;0;594;594;594
60;2014-03-04 09:41:00;909402N262;287;0.598;25;233;233;232;233;0.545;50.02;546.3;0.218;614.0;0.130;725.3;0.130;60;0;0;0.475;0.682;0.478;83;118;85;50.02;50.02;50.02;14773;1000;0.0;0;0.0000;0;0;598;598;598
60;2014-03-04 09:42:00;909402N262;278;0.604;25;233;233;232;234;0.525;50.01;546.4;0.215;605.5;0.127;730.9;0.124;60;0;0;0.465;0.621;0.490;82;107;87;50.01;50.01;50.01;14773;1000;0.0;0;0.0000;0;0;604;604;604
60;2014-03-04 09:43:00;909402N262;294;0.608;25;233;233;232;234;0.556;50.01;550.0;0.224;610.1;0.134;729.1;0.131;60;0;0;0.504;0.682;0.484;88;119;85;50.01;50.01;50.01;14773;1000;0.0;0;0.0000;0;0;608;608;608
60;2014-03-04 09:44:00;909402N262;369;0.614;25;232;232;232;233;0.673;50.00;556.3;0.272;627.4;0.167;745.3;0.165;60;0;0;0.661;0.736;0.624;120;134;114;50.00;50.00;50.00;14773;1000;0.0;0;0.0000;0;0;614;614;614
60;2014-03-04 09:45:00;909402N262;436;0.622;25;232;232;232;233;0.775;49.99;559.5;0.320;634.5;0.191;752.8;0.191;60;0;0;0.761;0.835;0.729;143;156;135;49.99;49.99;49.99;14773;1000;0.0;0;0.0000;0;0;622;622;622
60;2014-03-04 09:46:00;909402N262;339;0.627;25;232;233;232;232;0.627;49.99;547.6;0.262;609.9;0.155;728.8;0.151;60;0;0;0.604;0.722;0.557;108;130;100;49.99;49.99;49.99;14773;1000;0.0;0;0.0000;0;0;627;627;627
60;2014-03-04 09:47:00;909402N262;326;0.632;25;232;233;232;232;0.593;50.00;551.9;0.245;616.1;0.147;737.8;0.144;60;0;0;0.599;0.679;0.502;108;123;93;50.00;50.00;50.00;14773;1000;0.0;0;0.0000;0;0;632;632;632
60;2014-03-04 09:48:00;909402N262;339;0.638;25;232;232;232;232;0.620;50.01;555.1;0.255;619.0;0.153;738.6;0.149;60;0;0;0.613;0.683;0.566;109;125;103;50.01;50.01;50.01;14773;1000;0.0;0;0.0000;0;0;638;638;638
60;2014-03-04 09:49:00;909402N262;368;0.645;25;232;232;232;232;0.662;50.01;558.0;0.277;624.5;0.164;746.9;0.160;60;0;0;0.637;0.719;0.632;116;133;117;50.01;50.01;50.01;14773;1000;0.0;0;0.0000;0;0;645;645;645
60;2014-03-04 09:50:00;909402N262;368;0.651;25;232;231;232;232;0.665;49.99;555.7;0.275;626.7;0.164;746.1;0.162;60;0;0;0.637;0.712;0.648;117;131;120;49.99;49.99;49.99;14773;1000;0.0;0;0.0000;0;0;651;651;651
60;2014-03-04 09:51:00;909402N262;427;0.657;25;232;232;232;232;0.756;49.99;559.9;0.310;637.1;0.189;755.5;0.188;60;0;0;0.733;0.818;0.717;137;155;134;49.99;49.99;49.99;14773;1000;0.0;0;0.0000;0;0;657;657;657
60;2014-03-04 09:52:00;909402N262;474;0.666;25;232;232;232;232;0.830;50.00;564.4;0.341;641.1;0.207;765.0;0.205;60;0;0;0.813;0.880;0.797;154;165;152;50.00;50.00;50.00;14773;1000;0.0;0;0.0000;0;0;666;666;666
60;2014-03-04 09:53:00;909402N262;489;0.675;25;232;232;232;232;0.853;50.00;563.6;0.355;640.7;0.213;773.3;0.209;60;0;0;0.840;0.870;0.851;159;166;162;50.00;50.00;50.00;14773;1000;0.0;0;0.0000;0;0;675;675;675
60;2014-03-04 09:54:00;909402N262;520;0.682;26;232;232;232;232;0.905;50.02;567.0;0.371;646.2;0.227;774.2;0.221;60;0;0;0.885;0.960;0.871;168;183;166;50.02;50.02;50.02;14773;1000;0.0;0;0.0000;0;0;682;682;682
60;2014-03-04 09:55:00;909402N262;630;0.694;26;232;232;232;232;1.084;50.01;573.0;0.445;654.3;0.271;774.8;0.271;60;0;0;1.064;1.133;1.057;204;219;205;50.01;50.01;50.01;14773;1000;0.0;0;0.0000;0;0;694;694;694
60;2014-03-04 09:56:00;909402N262;654;0.703;26;232;232;232;233;1.117;50.00;571.8;0.471;654.9;0.277;776.7;0.277;60;0;0;1.094;1.137;1.121;212;221;219;50.00;50.00;50.00;14773;1000;0.0;0;0.0000;0;0;703;703;703
60;2014-03-04 09:57:00;909402N262;571;0.714;26;233;233;232;233;0.994;50.01;572.9;0.411;648.3;0.243;766.5;0.243;60;0;0;0.976;1.053;0.953;185;201;182;50.01;50.01;50.01;14773;1000;0.0;0;0.0000;0;0;714;714;714
60;2014-03-04 09:58:00;909402N262;553;0.722;26;233;233;232;233;0.962;49.99;571.8;0.396;647.0;0.238;768.7;0.237;60;0;0;0.930;1.026;0.932;178;197;177;49.99;49.99;49.99;14773;1000;0.0;0;0.0000;0;0;722;722;722
60;2014-03-04 09:59:00;909402N262;512;0.731;26;233;233;232;233;0.891;50.00;570.9;0.369;642.3;0.221;773.1;0.216;60;0;0;0.865;0.947;0.861;165;181;163;50.00;50.00;50.00;14773;1000;0.0;0;0.0000;0;0;731;731;731
60;2014-03-04 10:00:00;909402N262;489;0.740;26;232;232;232;233;0.855;50.00;570.6;0.353;640.5;0.213;765.7;0.209;60;0;0;0.834;0.917;0.816;158;174;156;50.00;50.00;50.00;14773;1000;0.0;0;0.0000;0;0;740;740;740
[wr_ende]
