20140215;100001;danfoss;My Plant;+0100
[wr_def_start]
909402N262;Inverter Type;Inverter Group;Hanzl
[wr_def_end]
[wr]
INTERVAL;TIMESTAMP;SERIAL;P_AC;E_DAY;T_WR;U_AC;U_AC_1;U_AC_2;U_AC_3;I_AC;F_AC;U_DC_1;I_DC_1;U_DC_2;I_DC_2;U_DC_3;I_DC_3;S;E_WR;M_WR;I_AC_1;I_AC_2;I_AC_3;P_AC_1;P_AC_2;P_AC_3;F_AC_1;F_AC_2;F_AC_3;R_DC;PC;PCS;PCS_LL;COS_PHI;COS_PHI_LL;S_COS_PHI;Current_Day_Energy;current_Day_Offset;ccEnergyOfDay_WithoutOffset
60;2014-02-15 09:01:00;909402N262;2041;1.378;26;232;231;233;233;2.970;49.99;612.4;1.179;696.0;1.120;787.2;0.714;60;0;0;2.898;3.028;2.984;658;696;684;49.99;49.99;49.99;13086;1000;0.0;0;0.0000;0;0;1378;1378;1378
60;2014-02-15 09:02:00;909402N262;2042;1.412;27;232;231;233;233;2.971;50.00;616.5;1.172;700.5;1.101;795.1;0.711;60;0;0;2.903;3.021;2.991;660;694;686;50.00;50.00;50.00;13086;1000;0.0;0;0.0000;0;0;1412;1412;1412
60;2014-02-15 09:03:00;909402N262;2007;1.446;27;232;231;233;233;2.924;50.02;615.4;1.167;698.9;1.065;795.0;0.706;60;0;0;2.852;2.966;2.956;646;681;678;50.02;50.02;50.02;13086;1000;0.0;0;0.0000;0;0;1446;1446;1446
60;2014-02-15 09:04:00;909402N262;1962;1.479;27;232;231;233;232;2.866;50.01;615.4;1.156;697.2;1.019;795.2;0.700;60;0;0;2.806;2.919;2.874;636;668;656;50.01;50.01;50.01;13086;1000;0.0;0;0.0000;0;0;1479;1479;1479
60;2014-02-15 09:05:00;909402N262;1930;1.511;27;232;231;233;233;2.823;50.01;612.1;1.155;696.1;0.985;795.2;0.696;60;0;0;2.763;2.880;2.826;625;657;645;50.01;50.01;50.01;13086;1000;0.0;0;0.0000;0;0;1511;1511;1511
60;2014-02-15 09:06:00;909402N262;1943;1.544;27;232;231;233;233;2.840;50.00;603.9;1.176;697.2;0.999;795.2;0.697;60;0;0;2.780;2.886;2.854;630;660;652;50.00;50.00;50.00;13086;1000;0.0;0;0.0000;0;0;1544;1544;1544
60;2014-02-15 09:07:00;909402N262;1964;1.576;27;232;231;233;232;2.869;49.99;602.8;1.184;697.8;1.017;795.2;0.701;60;0;0;2.802;2.918;2.889;636;666;660;49.99;49.99;49.99;13086;1000;0.0;0;0.0000;0;0;1576;1576;1576
60;2014-02-15 09:08:00;909402N262;1991;1.609;27;232;231;233;232;2.904;49.99;603.4;1.188;698.7;1.044;795.1;0.706;60;0;0;2.839;2.943;2.932;644;675;671;49.99;49.99;49.99;13086;1000;0.0;0;0.0000;0;0;1609;1609;1609
60;2014-02-15 09:09:00;909402N262;1956;1.642;27;232;231;232;232;2.857;49.99;601.5;1.180;696.4;1.010;795.2;0.703;60;0;0;2.793;2.899;2.879;634;662;658;49.99;49.99;49.99;13086;1000;0.0;0;0.0000;0;0;1642;1642;1642
60;2014-02-15 09:10:00;909402N262;1872;1.673;27;232;231;232;232;2.744;50.00;598.8;1.164;692.2;0.925;795.3;0.693;60;0;0;2.684;2.799;2.751;606;637;626;50.00;50.00;50.00;13086;1000;0.0;0;0.0000;0;0;1673;1673;1673
60;2014-02-15 09:11:00;909402N262;1816;1.704;27;232;231;232;232;2.670;49.99;617.6;1.109;688.9;0.874;795.1;0.686;60;0;0;2.610;2.724;2.676;588;618;609;49.99;49.99;49.99;13086;1000;0.0;0;0.0000;0;0;1704;1704;1704
60;2014-02-15 09:12:00;909402N262;1777;1.733;27;233;233;234;233;2.595;50.00;615.3;1.100;686.2;0.836;795.2;0.680;60;0;0;2.540;2.651;2.596;577;605;593;50.00;50.00;50.00;13086;1000;0.0;0;0.0000;0;0;1733;1733;1733
60;2014-02-15 09:13:00;909402N262;1787;1.763;27;234;233;235;235;2.597;50.00;617.6;1.095;687.7;0.854;795.2;0.678;60;0;0;2.534;2.651;2.608;578;608;599;50.00;50.00;50.00;13086;1000;0.0;0;0.0000;0;0;1763;1763;1763
60;2014-02-15 09:14:00;909402N262;1802;1.794;27;235;234;235;235;2.616;49.99;604.7;1.125;691.7;0.867;795.2;0.676;60;0;0;2.556;2.670;2.624;583;612;603;49.99;49.99;49.99;13086;1000;0.0;0;0.0000;0;0;1794;1794;1794
60;2014-02-15 09:15:00;909402N262;1765;1.823;27;234;233;235;235;2.566;49.99;610.1;1.106;687.9;0.830;795.2;0.671;60;0;0;2.502;2.620;2.576;570;601;592;49.99;49.99;49.99;13086;1000;0.0;0;0.0000;0;0;1823;1823;1823
60;2014-02-15 09:16:00;909402N262;1768;1.852;28;234;233;235;235;2.567;49.98;612.4;1.107;665.9;0.856;786.6;0.677;60;0;0;2.499;2.624;2.578;571;603;593;49.98;49.98;49.98;13086;1000;0.0;0;0.0000;0;0;1852;1852;1852
60;2014-02-15 09:17:00;909402N262;1812;1.883;28;234;233;235;235;2.635;49.99;620.7;1.113;679.3;0.870;795.1;0.686;60;0;0;2.568;2.703;2.636;584;621;605;49.99;49.99;49.99;13086;1000;0.0;0;0.0000;0;0;1883;1883;1883
60;2014-02-15 09:18:00;909402N262;1834;1.912;28;234;233;234;235;2.667;50.00;614.1;1.144;678.1;0.875;795.2;0.698;60;0;0;2.605;2.714;2.682;594;620;618;50.00;50.00;50.00;13086;1000;0.0;0;0.0000;0;0;1912;1912;1912
60;2014-02-15 09:19:00;909402N262;1844;1.943;28;234;233;235;235;2.681;49.99;591.5;1.208;682.7;0.848;795.4;0.712;60;0;0;2.611;2.735;2.697;595;627;620;49.99;49.99;49.99;13086;1000;0.0;0;0.0000;0;0;1943;1943;1943
60;2014-02-15 09:20:00;909402N262;1867;1.975;28;234;233;234;235;2.714;50.00;588.6;1.236;687.5;0.839;795.3;0.730;60;0;0;2.655;2.765;2.724;605;634;626;50.00;50.00;50.00;13086;1000;0.0;0;0.0000;0;0;1975;1975;1975
60;2014-02-15 09:21:00;909402N262;1961;2.008;28;234;233;234;235;2.842;49.99;594.6;1.268;684.6;0.904;795.2;0.761;60;0;0;2.791;2.878;2.859;638;661;659;49.99;49.99;49.99;13086;1000;0.0;0;0.0000;0;0;2008;2008;2008
60;2014-02-15 09:22:00;909402N262;2045;2.041;28;234;234;235;234;2.955;49.99;600.1;1.299;681.9;0.963;795.3;0.790;60;0;0;2.899;2.999;2.969;666;694;684;49.99;49.99;49.99;13086;1000;0.0;0;0.0000;0;0;2041;2041;2041
60;2014-02-15 09:23:00;909402N262;2073;2.076;28;234;233;235;234;2.993;50.00;600.1;1.324;687.1;0.958;795.3;0.806;60;0;0;2.924;3.042;3.014;670;705;696;50.00;50.00;50.00;13086;1000;0.0;0;0.0000;0;0;2076;2076;2076
60;2014-02-15 09:24:00;909402N262;2154;2.112;28;234;233;235;234;3.106;50.00;604.2;1.359;677.0;1.021;795.2;0.835;60;0;0;3.037;3.156;3.125;697;733;723;50.00;50.00;50.00;13086;1000;0.0;0;0.0000;0;0;2112;2112;2112
60;2014-02-15 09:25:00;909402N262;2262;2.149;28;234;233;235;234;3.255;50.00;610.4;1.393;631.9;1.180;794.7;0.870;60;0;0;3.189;3.304;3.274;733;769;759;50.00;50.00;50.00;13086;1000;0.0;0;0.0000;0;0;2149;2149;2149
60;2014-02-15 09:26:00;909402N262;2390;2.189;28;234;233;235;234;3.432;50.00;616.6;1.422;615.1;1.335;794.7;0.902;60;0;0;3.369;3.482;3.446;778;811;799;50.00;50.00;50.00;13086;1000;0.0;0;0.0000;0;0;2189;2189;2189
60;2014-02-15 09:27:00;909402N262;2461;2.230;28;234;234;235;235;3.530;50.00;618.6;1.449;587.1;1.457;794.9;0.926;60;0;0;3.466;3.581;3.545;802;834;823;50.00;50.00;50.00;13086;1000;0.0;0;0.0000;0;0;2230;2230;2230
60;2014-02-15 09:28:00;909402N262;2531;2.273;28;234;234;235;234;3.631;49.99;619.7;1.480;574.1;1.541;795.2;0.955;60;0;0;3.566;3.682;3.646;826;857;846;49.99;49.99;49.99;13086;1000;0.0;0;0.0000;0;0;2273;2273;2273
60;2014-02-15 09:29:00;909402N262;2604;2.316;28;234;234;235;235;3.731;50.01;621.1;1.507;561.8;1.627;795.1;0.986;60;0;0;3.655;3.779;3.761;847;880;874;50.01;50.01;50.01;13086;1000;0.0;0;0.0000;0;0;2316;2316;2316
60;2014-02-15 09:30:00;909402N262;2677;2.360;29;235;234;235;235;3.833;50.01;623.1;1.529;545.7;1.746;795.0;1.010;60;0;0;3.760;3.885;3.855;872;906;897;50.01;50.01;50.01;13086;1000;0.0;0;0.0000;0;0;2360;2360;2360
60;2014-02-15 09:31:00;909402N262;2710;2.406;29;234;233;235;235;3.890;49.99;579.4;1.871;527.8;1.741;788.4;1.024;60;0;0;3.809;3.959;3.902;881;919;908;49.99;49.99;49.99;13086;1000;0.0;0;0.0000;0;0;2406;2406;2406
60;2014-02-15 09:32:00;909402N262;3107;2.458;29;234;233;235;235;4.470;49.99;403.7;3.442;527.3;1.789;795.3;1.041;60;0;0;4.394;4.530;4.487;1013;1051;1041;49.99;49.99;49.99;13086;1000;0.0;0;0.0000;0;0;2458;2458;2458
60;2014-02-15 09:33:00;909402N262;2859;2.506;29;234;233;235;235;4.118;50.00;402.8;3.110;539.3;1.532;795.3;1.040;60;0;0;4.030;4.176;4.149;926;969;962;50.00;50.00;50.00;13086;1000;0.0;0;0.0000;0;0;2506;2506;2506
60;2014-02-15 09:34:00;909402N262;2694;2.551;29;234;233;235;235;3.879;50.00;416.0;2.786;555.5;1.349;795.4;1.040;60;0;0;3.790;3.939;3.908;872;913;908;50.00;50.00;50.00;13086;1000;0.0;0;0.0000;0;0;2551;2551;2551
60;2014-02-15 09:35:00;909402N262;2624;2.593;29;235;233;236;235;3.777;50.01;413.9;2.582;691.8;1.105;795.5;1.046;60;0;0;3.684;3.831;3.817;845;890;886;50.01;50.01;50.01;13086;1000;0.0;0;0.0000;0;0;2593;2593;2593
60;2014-02-15 09:36:00;909402N262;2554;2.636;29;235;233;236;235;3.679;50.00;420.4;2.340;712.9;1.072;795.4;1.056;60;0;0;3.594;3.735;3.708;826;866;860;50.00;50.00;50.00;13086;1000;0.0;0;0.0000;0;0;2636;2636;2636
60;2014-02-15 09:37:00;909402N262;2589;2.679;29;234;233;236;235;3.729;49.99;420.1;2.366;712.7;1.087;795.4;1.074;60;0;0;3.645;3.795;3.748;836;882;869;49.99;49.99;49.99;13086;1000;0.0;0;0.0000;0;0;2679;2679;2679
60;2014-02-15 09:38:00;909402N262;2734;2.725;29;235;233;236;235;3.932;49.99;421.4;2.613;721.3;1.103;795.3;1.099;60;0;0;3.845;4.008;3.943;883;935;915;49.99;49.99;49.99;13086;1000;0.0;0;0.0000;0;0;2725;2725;2725
60;2014-02-15 09:39:00;909402N262;2778;2.771;29;235;234;236;235;3.990;49.99;422.1;2.681;723.5;1.109;795.2;1.109;60;0;0;3.921;4.050;4.000;905;943;929;49.99;49.99;49.99;13086;1000;0.0;0;0.0000;0;0;2771;2771;2771
60;2014-02-15 09:40:00;909402N262;2796;2.818;29;235;235;236;235;4.008;50.00;422.1;2.720;722.5;1.111;795.4;1.109;60;0;0;3.930;4.063;4.032;911;946;937;50.00;50.00;50.00;13086;1000;0.0;0;0.0000;0;0;2818;2818;2818
60;2014-02-15 09:41:00;909402N262;2772;2.863;29;235;234;236;235;3.977;50.00;421.7;2.707;720.0;1.104;795.3;1.099;60;0;0;3.909;4.029;3.994;904;938;928;50.00;50.00;50.00;13086;1000;0.0;0;0.0000;0;0;2863;2863;2863
60;2014-02-15 09:42:00;909402N262;2654;2.908;29;235;234;236;236;3.812;50.00;426.1;2.495;712.3;1.086;795.2;1.073;60;0;0;3.735;3.862;3.841;863;897;892;50.00;50.00;50.00;13086;1000;0.0;0;0.0000;0;0;2908;2908;2908
60;2014-02-15 09:43:00;909402N262;2447;2.949;29;235;235;236;235;3.521;50.00;436.5;2.104;697.5;1.055;795.5;1.035;60;0;0;3.456;3.569;3.540;797;828;820;50.00;50.00;50.00;13086;1000;0.0;0;0.0000;0;0;2949;2949;2949
60;2014-02-15 09:44:00;909402N262;2331;2.988;30;235;234;236;235;3.361;50.01;443.4;1.925;690.4;1.023;795.5;1.005;60;0;0;3.284;3.412;3.388;756;791;783;50.01;50.01;50.01;13086;1000;0.0;0;0.0000;0;0;2988;2988;2988
60;2014-02-15 09:45:00;909402N262;2338;3.028;30;235;234;235;235;3.373;50.00;441.0;1.973;693.9;1.008;795.6;1.001;60;0;0;3.305;3.425;3.389;761;792;783;50.00;50.00;50.00;13086;1000;0.0;0;0.0000;0;0;3028;3028;3028
60;2014-02-15 09:46:00;909402N262;2280;3.066;30;235;234;236;235;3.286;50.00;463.8;1.863;675.6;0.997;794.5;0.995;60;0;0;3.214;3.331;3.314;740;772;766;50.00;50.00;50.00;13086;1000;0.0;0;0.0000;0;0;3066;3066;3066
60;2014-02-15 09:47:00;909402N262;2295;3.105;30;235;234;235;235;3.292;50.01;596.2;1.465;685.2;0.978;794.8;0.971;60;0;0;3.226;3.333;3.318;746;776;771;50.01;50.01;50.01;13086;1000;0.0;0;0.0000;0;0;3105;3105;3105
60;2014-02-15 09:48:00;909402N262;2326;3.143;30;235;234;235;235;3.337;50.01;598.1;1.477;688.4;0.981;794.8;0.992;60;0;0;3.275;3.384;3.353;757;788;779;50.01;50.01;50.01;13086;1000;0.0;0;0.0000;0;0;3143;3143;3143
60;2014-02-15 09:49:00;909402N262;2342;3.182;30;235;235;235;235;3.358;50.02;599.2;1.488;689.2;0.987;794.8;0.997;60;0;0;3.289;3.401;3.385;762;791;787;50.02;50.02;50.02;13086;1000;0.0;0;0.0000;0;0;3182;3182;3182
60;2014-02-15 09:50:00;909402N262;2388;3.222;30;235;234;236;235;3.422;50.02;602.7;1.506;693.8;0.999;794.7;1.019;60;0;0;3.345;3.469;3.454;773;810;803;50.02;50.02;50.02;13086;1000;0.0;0;0.0000;0;0;3222;3222;3222
60;2014-02-15 09:51:00;909402N262;2451;3.262;30;235;234;236;235;3.507;50.00;607.5;1.526;700.7;1.014;795.0;1.051;60;0;0;3.433;3.558;3.532;795;831;822;50.00;50.00;50.00;13086;1000;0.0;0;0.0000;0;0;3262;3262;3262
60;2014-02-15 09:52:00;909402N262;2429;3.303;30;235;234;236;235;3.479;50.02;601.5;1.536;694.5;1.014;795.0;1.036;60;0;0;3.405;3.527;3.505;787;824;816;50.02;50.02;50.02;13086;1000;0.0;0;0.0000;0;0;3303;3303;3303
60;2014-02-15 09:53:00;909402N262;2443;3.344;30;235;234;236;235;3.497;50.03;582.3;1.594;695.6;1.019;794.9;1.042;60;0;0;3.426;3.546;3.521;794;827;819;50.03;50.03;50.03;13086;1000;0.0;0;0.0000;0;0;3344;3344;3344
60;2014-02-15 09:54:00;909402N262;2456;3.385;30;235;234;236;235;3.516;50.02;578.4;1.614;696.0;1.023;795.1;1.049;60;0;0;3.446;3.561;3.542;797;831;824;50.02;50.02;50.02;13086;1000;0.0;0;0.0000;0;0;3385;3385;3385
60;2014-02-15 09:55:00;909402N262;2518;3.426;30;235;234;235;235;3.607;50.03;585.5;1.628;704.5;1.032;795.2;1.086;60;0;0;3.532;3.648;3.642;818;849;848;50.03;50.03;50.03;13086;1000;0.0;0;0.0000;0;0;3426;3426;3426
60;2014-02-15 09:56:00;909402N262;2530;3.468;30;235;234;235;235;3.622;50.02;584.2;1.640;704.3;1.037;795.4;1.090;60;0;0;3.549;3.662;3.657;822;854;852;50.02;50.02;50.02;13086;1000;0.0;0;0.0000;0;0;3468;3468;3468
60;2014-02-15 09:57:00;909402N262;2558;3.512;30;235;234;236;235;3.660;50.01;585.7;1.653;707.0;1.043;795.3;1.105;60;0;0;3.587;3.705;3.689;833;865;859;50.01;50.01;50.01;13086;1000;0.0;0;0.0000;0;0;3512;3512;3512
60;2014-02-15 09:58:00;909402N262;2644;3.557;30;235;234;235;235;3.785;50.01;599.3;1.664;720.9;1.054;795.0;1.151;60;0;0;3.713;3.833;3.809;862;893;887;50.01;50.01;50.01;13086;1000;0.0;0;0.0000;0;0;3557;3557;3557
60;2014-02-15 09:59:00;909402N262;2658;3.600;30;234;234;235;235;3.809;50.01;601.4;1.666;723.4;1.053;794.9;1.158;60;0;0;3.744;3.857;3.827;867;899;890;50.01;50.01;50.01;13086;1000;0.0;0;0.0000;0;0;3600;3600;3600
60;2014-02-15 10:00:00;909402N262;2597;3.643;30;235;234;235;235;3.718;50.01;592.0;1.661;712.1;1.042;794.9;1.128;60;0;0;3.654;3.763;3.739;848;877;869;50.01;50.01;50.01;13086;1000;0.0;0;0.0000;0;0;3643;3643;3643
[wr_ende]
