20140505;150000;danfoss;My Plant;+0100
[wr_def_start]
909402N262;Inverter Type;Inverter Group;Hanzl
[wr_def_end]
[wr]
INTERVAL;TIMESTAMP;SERIAL;P_AC;E_DAY;T_WR;U_AC;U_AC_1;U_AC_2;U_AC_3;I_AC;F_AC;U_DC_1;I_DC_1;U_DC_2;I_DC_2;U_DC_3;I_DC_3;S;E_WR;M_WR;I_AC_1;I_AC_2;I_AC_3;P_AC_1;P_AC_2;P_AC_3;F_AC_1;F_AC_2;F_AC_3;R_DC;PC;PCS;PCS_LL;COS_PHI;COS_PHI_LL;S_COS_PHI;Current_Day_Energy;current_Day_Offset;ccEnergyOfDay_WithoutOffset
60;2014-05-05 14:01:00;909402N262;11517;40.314;52;238;238;238;238;16.137;49.98;493.4;9.066;597.4;5.246;731.9;5.666;60;0;0;16.085;16.168;16.158;3827;3843;3846;49.98;49.98;49.98;15112;1000;0.0;0;0.0000;0;0;40314;40314;40314
60;2014-05-05 14:02:00;909402N262;11709;40.509;52;238;238;237;238;16.416;49.98;496.3;9.116;615.3;5.263;734.2;5.667;60;0;0;16.371;16.422;16.455;3892;3897;3917;49.98;49.98;49.98;15112;1000;0.0;0;0.0000;0;0;40509;40509;40509
60;2014-05-05 14:03:00;909402N262;11781;40.705;52;238;238;237;238;16.513;49.97;496.4;9.170;616.1;5.304;733.9;5.696;60;0;0;16.486;16.491;16.562;3921;3914;3944;49.97;49.97;49.97;15112;1000;0.0;0;0.0000;0;0;40705;40705;40705
60;2014-05-05 14:04:00;909402N262;10446;40.879;52;238;238;237;238;14.659;49.97;502.0;8.110;614.7;4.819;731.6;4.909;60;0;0;14.599;14.694;14.685;3472;3467;3498;49.97;49.97;49.97;15112;1000;0.0;0;0.0000;0;0;40879;40879;40879
60;2014-05-05 14:05:00;909402N262;7669;41.008;52;238;238;237;238;10.797;49.97;514.5;5.707;612.5;3.417;735.8;3.814;60;0;0;10.779;10.755;10.857;2550;2544;2573;49.97;49.97;49.97;15112;1000;0.0;0;0.0000;0;0;41008;41008;41008
60;2014-05-05 14:06:00;909402N262;10869;41.188;52;238;238;237;238;15.215;49.98;507.8;8.607;617.6;5.156;736.8;4.788;60;0;0;15.238;15.104;15.305;3629;3612;3648;49.98;49.98;49.98;15112;1000;0.0;0;0.0000;0;0;41188;41188;41188
60;2014-05-05 14:07:00;909402N262;5650;41.283;52;237;237;236;237;8.006;49.98;519.1;4.097;620.3;2.668;733.1;2.649;60;0;0;7.946;8.043;8.030;1874;1879;1896;49.98;49.98;49.98;15112;1000;0.0;0;0.0000;0;0;41283;41283;41283
60;2014-05-05 14:08:00;909402N262;8739;41.428;52;238;238;237;238;12.263;49.98;519.9;6.508;624.9;3.597;753.1;4.328;60;0;0;12.257;12.208;12.326;2908;2901;2927;49.98;49.98;49.98;15112;1000;0.0;0;0.0000;0;0;41428;41428;41428
60;2014-05-05 14:09:00;909402N262;12170;41.630;52;238;238;237;238;17.047;49.98;507.9;9.268;627.9;5.379;747.3;5.779;60;0;0;17.040;17.008;17.095;4060;4039;4072;49.98;49.98;49.98;15112;1000;0.0;0;0.0000;0;0;41630;41630;41630
60;2014-05-05 14:10:00;909402N262;12156;41.834;52;238;238;238;238;17.017;49.99;507.9;9.123;627.5;5.399;745.9;5.847;60;0;0;17.007;17.004;17.040;4053;4042;4060;49.99;49.99;49.99;15112;1000;0.0;0;0.0000;0;0;41834;41834;41834
60;2014-05-05 14:11:00;909402N262;12397;42.041;52;238;238;238;238;17.356;49.99;503.5;9.490;623.8;5.512;743.5;5.931;60;0;0;17.328;17.353;17.388;4127;4125;4142;49.99;49.99;49.99;15112;1000;0.0;0;0.0000;0;0;42041;42041;42041
60;2014-05-05 14:12:00;909402N262;8668;42.185;52;237;237;237;237;12.208;49.99;519.1;6.449;621.0;4.067;739.2;3.956;60;0;0;12.146;12.261;12.218;2879;2889;2897;49.99;49.99;49.99;15112;1000;0.0;0;0.0000;0;0;42185;42185;42185
60;2014-05-05 14:13:00;909402N262;6961;42.300;52;237;237;236;237;9.803;49.99;518.9;4.877;625.1;2.971;743.8;3.557;60;0;0;9.788;9.758;9.863;2309;2322;2328;49.99;49.99;49.99;15112;1000;0.0;0;0.0000;0;0;42300;42300;42300
60;2014-05-05 14:14:00;909402N262;12091;42.501;52;237;238;237;238;16.972;49.98;506.5;9.244;626.5;5.271;747.6;5.792;60;0;0;16.959;16.953;17.004;4030;4020;4039;49.98;49.98;49.98;15112;1000;0.0;0;0.0000;0;0;42501;42501;42501
60;2014-05-05 14:15:00;909402N262;11896;42.701;52;237;238;237;237;16.705;49.98;504.4;9.121;624.5;5.228;747.8;5.684;60;0;0;16.691;16.681;16.745;3966;3953;3976;49.98;49.98;49.98;15112;1000;0.0;0;0.0000;0;0;42701;42701;42701
60;2014-05-05 14:16:00;909402N262;11648;42.895;52;237;237;237;237;16.369;49.98;499.7;9.050;610.7;5.192;746.9;5.600;60;0;0;16.359;16.353;16.395;3883;3873;3889;49.98;49.98;49.98;15112;1000;0.0;0;0.0000;0;0;42895;42895;42895
60;2014-05-05 14:17:00;909402N262;11500;43.087;52;237;238;237;237;16.163;49.99;505.2;8.854;624.6;5.085;747.7;5.429;60;0;0;16.142;16.176;16.172;3833;3825;3838;49.99;49.99;49.99;15112;1000;0.0;0;0.0000;0;0;43087;43087;43087
60;2014-05-05 14:18:00;909402N262;8652;43.232;52;237;237;237;237;12.205;49.97;514.7;6.520;622.7;3.855;744.9;4.074;60;0;0;12.167;12.231;12.218;2878;2881;2890;49.97;49.97;49.97;15112;1000;0.0;0;0.0000;0;0;43232;43232;43232
60;2014-05-05 14:19:00;909402N262;7023;43.348;52;236;236;236;237;9.914;49.98;516.4;5.142;622.4;2.996;750.1;3.452;60;0;0;9.880;9.908;9.955;2333;2345;2351;49.98;49.98;49.98;15112;1000;0.0;0;0.0000;0;0;43348;43348;43348
60;2014-05-05 14:20:00;909402N262;11156;43.534;52;237;237;236;237;15.692;49.98;507.0;8.611;625.2;4.898;749.4;5.241;60;0;0;15.690;15.669;15.719;3723;3699;3731;49.98;49.98;49.98;15112;1000;0.0;0;0.0000;0;0;43534;43534;43534
60;2014-05-05 14:21:00;909402N262;11139;43.719;52;237;237;236;237;15.671;49.99;504.0;8.591;624.1;4.850;749.1;5.316;60;0;0;15.667;15.634;15.712;3716;3694;3726;49.99;49.99;49.99;15112;1000;0.0;0;0.0000;0;0;43719;43719;43719
60;2014-05-05 14:22:00;909402N262;11232;43.907;52;237;237;236;237;15.804;50.00;503.0;8.671;624.4;4.933;748.4;5.337;60;0;0;15.783;15.791;15.840;3747;3731;3752;50.00;50.00;50.00;15112;1000;0.0;0;0.0000;0;0;43907;43907;43907
60;2014-05-05 14:23:00;909402N262;11357;44.096;52;237;238;236;237;15.977;49.99;502.3;8.782;624.9;4.987;747.4;5.401;60;0;0;15.984;15.967;15.981;3797;3774;3785;49.99;49.99;49.99;15112;1000;0.0;0;0.0000;0;0;44096;44096;44096
60;2014-05-05 14:24:00;909402N262;11214;44.283;52;237;238;237;237;15.762;49.99;501.5;8.679;624.3;4.935;746.6;5.334;60;0;0;15.745;15.757;15.785;3741;3727;3743;50.00;50.00;50.00;15112;1000;0.0;0;0.0000;0;0;44283;44283;44283
60;2014-05-05 14:25:00;909402N262;10652;44.462;52;237;237;236;237;14.992;49.99;502.5;8.353;622.6;4.786;742.8;4.935;60;0;0;14.982;14.976;15.020;3555;3539;3557;49.99;49.99;49.99;15112;1000;0.0;0;0.0000;0;0;44462;44462;44462
60;2014-05-05 14:26:00;909402N262;9815;44.624;52;237;237;236;237;13.816;49.99;509.2;7.668;622.4;4.395;745.3;4.491;60;0;0;13.819;13.762;13.868;3279;3253;3282;49.99;49.99;49.99;15112;1000;0.0;0;0.0000;0;0;44624;44624;44624
60;2014-05-05 14:27:00;909402N262;11123;44.809;52;237;238;236;237;15.646;50.01;504.6;8.584;626.6;4.872;747.0;5.273;60;0;0;15.636;15.623;15.679;3715;3691;3715;50.01;50.01;50.01;15112;1000;0.0;0;0.0000;0;0;44809;44809;44809
60;2014-05-05 14:28:00;909402N262;11139;44.995;52;237;238;236;237;15.667;49.99;504.6;8.601;625.9;4.892;746.8;5.274;60;0;0;15.690;15.617;15.696;3728;3689;3721;49.99;49.99;49.99;15112;1000;0.0;0;0.0000;0;0;44995;44995;44995
60;2014-05-05 14:29:00;909402N262;11037;45.180;52;237;238;236;237;15.521;49.99;504.4;8.539;624.1;4.855;746.5;5.221;60;0;0;15.528;15.482;15.554;3691;3657;3687;49.99;49.99;49.99;15112;1000;0.0;0;0.0000;0;0;45180;45180;45180
60;2014-05-05 14:30:00;909402N262;11166;45.366;52;237;238;237;237;15.685;50.00;504.0;8.646;624.3;4.907;745.9;5.289;60;0;0;15.679;15.685;15.691;3729;3717;3718;50.00;50.00;50.00;15112;1000;0.0;0;0.0000;0;0;45366;45366;45366
60;2014-05-05 14:31:00;909402N262;11145;45.552;52;237;238;237;237;15.616;50.00;500.2;8.707;610.2;4.949;740.1;5.362;60;0;0;15.599;15.638;15.613;3712;3716;3708;50.00;50.00;50.00;15112;1000;0.0;0;0.0000;0;0;45552;45552;45552
60;2014-05-05 14:32:00;909402N262;11129;45.736;52;237;238;237;237;15.612;49.99;502.4;8.645;623.8;4.869;744.6;5.302;60;0;0;15.603;15.611;15.624;3716;3705;3706;49.99;49.99;49.99;15112;1000;0.0;0;0.0000;0;0;45736;45736;45736
60;2014-05-05 14:33:00;909402N262;11067;45.922;52;238;238;237;238;15.518;49.99;501.3;8.619;622.8;4.846;744.0;5.276;60;0;0;15.507;15.496;15.552;3690;3678;3696;49.99;49.99;49.99;15112;1000;0.0;0;0.0000;0;0;45922;45922;45922
60;2014-05-05 14:34:00;909402N262;11048;46.106;52;238;238;237;238;15.491;49.99;501.5;8.607;622.6;4.838;743.8;5.268;60;0;0;15.481;15.453;15.540;3684;3665;3697;49.99;49.99;49.99;15112;1000;0.0;0;0.0000;0;0;46106;46106;46106
60;2014-05-05 14:35:00;909402N262;11003;46.289;52;238;238;237;238;15.432;49.99;501.3;8.577;622.1;4.816;743.7;5.249;60;0;0;15.416;15.411;15.471;3667;3654;3679;49.99;49.99;49.99;15112;1000;0.0;0;0.0000;0;0;46289;46289;46289
60;2014-05-05 14:36:00;909402N262;10962;46.471;52;237;238;237;238;15.382;49.99;501.1;8.556;621.7;4.793;743.9;5.232;60;0;0;15.352;15.363;15.433;3649;3642;3669;49.99;49.99;49.99;15112;1000;0.0;0;0.0000;0;0;46471;46471;46471
60;2014-05-05 14:37:00;909402N262;10954;46.654;52;238;238;237;238;15.361;50.00;500.2;8.564;621.2;4.791;743.3;5.232;60;0;0;15.333;15.335;15.417;3644;3639;3669;50.00;50.00;50.00;15112;1000;0.0;0;0.0000;0;0;46654;46654;46654
60;2014-05-05 14:38:00;909402N262;10897;46.836;52;238;237;237;238;15.280;49.99;499.6;8.527;620.5;4.773;742.7;5.209;60;0;0;15.249;15.245;15.346;3622;3620;3652;49.99;49.99;49.99;15112;1000;0.0;0;0.0000;0;0;46836;46836;46836
60;2014-05-05 14:39:00;909402N262;10740;47.014;52;238;237;238;238;15.063;50.00;500.5;8.403;620.6;4.710;741.8;5.124;60;0;0;14.986;15.093;15.112;3556;3587;3595;50.00;50.00;50.00;15112;1000;0.0;0;0.0000;0;0;47014;47014;47014
60;2014-05-05 14:40:00;909402N262;10789;47.194;52;237;237;238;238;15.141;50.00;501.5;8.426;622.0;4.718;742.0;5.149;60;0;0;15.052;15.180;15.191;3570;3605;3611;50.00;50.00;50.00;15112;1000;0.0;0;0.0000;0;0;47194;47194;47194
60;2014-05-05 14:41:00;909402N262;10792;47.376;52;237;237;237;237;15.160;50.00;502.5;8.412;622.6;4.713;742.9;5.146;60;0;0;15.083;15.193;15.204;3574;3605;3611;50.00;50.00;50.00;15112;1000;0.0;0;0.0000;0;0;47376;47376;47376
60;2014-05-05 14:42:00;909402N262;10860;47.553;52;238;237;238;238;15.230;50.00;502.8;8.458;622.6;4.738;743.7;5.176;60;0;0;15.167;15.238;15.285;3602;3621;3635;50.00;50.00;50.00;15112;1000;0.0;0;0.0000;0;0;47553;47553;47553
60;2014-05-05 14:43:00;909402N262;10888;47.734;52;238;237;238;238;15.265;50.01;502.4;8.485;622.5;4.755;744.1;5.187;60;0;0;15.203;15.276;15.317;3610;3632;3644;50.01;50.01;50.01;15112;1000;0.0;0;0.0000;0;0;47734;47734;47734
60;2014-05-05 14:44:00;909402N262;10935;47.916;52;237;237;237;238;15.340;50.01;502.4;8.520;622.2;4.779;744.3;5.208;60;0;0;15.273;15.359;15.390;3624;3649;3660;50.01;50.01;50.01;15112;1000;0.0;0;0.0000;0;0;47916;47916;47916
60;2014-05-05 14:45:00;909402N262;10905;48.098;52;237;237;238;238;15.296;50.01;502.6;8.499;622.6;4.763;743.8;5.195;60;0;0;15.234;15.323;15.331;3616;3643;3645;50.01;50.01;50.01;15112;1000;0.0;0;0.0000;0;0;48098;48098;48098
60;2014-05-05 14:46:00;909402N262;10774;48.278;52;237;237;238;238;15.121;50.00;499.2;8.502;603.6;4.789;744.6;5.173;60;0;0;15.052;15.163;15.149;3572;3601;3599;50.00;50.00;50.00;15112;1000;0.0;0;0.0000;0;0;48278;48278;48278
60;2014-05-05 14:47:00;909402N262;10958;48.461;52;238;237;238;238;15.362;50.02;502.9;8.552;622.8;4.785;743.8;5.211;60;0;0;15.313;15.388;15.387;3638;3661;3658;50.02;50.02;50.02;15112;1000;0.0;0;0.0000;0;0;48461;48461;48461
60;2014-05-05 14:48:00;909402N262;10915;48.644;52;238;237;238;238;15.302;50.01;501.1;8.536;621.7;4.778;743.6;5.196;60;0;0;15.252;15.321;15.335;3623;3643;3646;50.01;50.01;50.01;15112;1000;0.0;0;0.0000;0;0;48644;48644;48644
60;2014-05-05 14:49:00;909402N262;10888;48.828;52;237;237;238;238;15.272;50.02;500.2;8.522;621.1;4.770;742.6;5.194;60;0;0;15.238;15.290;15.290;3620;3633;3634;50.02;50.02;50.02;15112;1000;0.0;0;0.0000;0;0;48828;48828;48828
60;2014-05-05 14:50:00;909402N262;10720;49.006;52;237;237;237;237;15.050;50.01;502.4;8.371;621.5;4.683;742.7;5.109;60;0;0;15.014;15.058;15.080;3564;3573;3582;50.01;50.01;50.01;15112;1000;0.0;0;0.0000;0;0;49006;49006;49006
60;2014-05-05 14:51:00;909402N262;10796;49.186;52;237;237;237;238;15.157;50.00;502.5;8.435;621.2;4.711;743.3;5.144;60;0;0;15.107;15.145;15.219;3584;3592;3619;50.00;50.00;50.00;15112;1000;0.0;0;0.0000;0;0;49186;49186;49186
60;2014-05-05 14:52:00;909402N262;10872;49.367;52;237;237;237;237;15.279;50.00;503.1;8.489;621.3;4.738;744.0;5.176;60;0;0;15.261;15.251;15.326;3620;3611;3638;50.00;50.00;50.00;15112;1000;0.0;0;0.0000;0;0;49367;49367;49367
60;2014-05-05 14:53:00;909402N262;10950;49.550;52;237;237;237;237;15.395;50.01;503.8;8.546;622.2;4.765;744.0;5.213;60;0;0;15.349;15.395;15.441;3643;3644;3662;50.01;50.01;50.01;15112;1000;0.0;0;0.0000;0;0;49550;49550;49550
60;2014-05-05 14:54:00;909402N262;11083;49.734;52;237;237;237;237;15.582;50.01;503.5;8.644;621.8;4.824;744.3;5.280;60;0;0;15.537;15.587;15.624;3686;3688;3705;50.01;50.01;50.01;15112;1000;0.0;0;0.0000;0;0;49734;49734;49734
60;2014-05-05 14:55:00;909402N262;11058;49.919;52;237;238;237;237;15.531;50.02;503.2;8.625;621.2;4.817;744.0;5.275;60;0;0;15.522;15.536;15.537;3689;3682;3685;50.02;50.02;50.02;15112;1000;0.0;0;0.0000;0;0;49919;49919;49919
60;2014-05-05 14:56:00;909402N262;10952;50.102;52;237;238;237;237;15.375;50.01;504.0;8.534;621.6;4.765;745.0;5.215;60;0;0;15.375;15.373;15.378;3657;3645;3647;50.01;50.01;50.01;15112;1000;0.0;0;0.0000;0;0;50102;50102;50102
60;2014-05-05 14:57:00;909402N262;10833;50.282;52;237;238;237;237;15.199;50.02;502.3;8.468;621.0;4.708;744.6;5.171;60;0;0;15.192;15.209;15.198;3615;3609;3608;50.02;50.02;50.02;15112;1000;0.0;0;0.0000;0;0;50282;50282;50282
60;2014-05-05 14:58:00;909402N262;10742;50.461;52;238;238;237;238;15.052;50.03;501.7;8.411;620.8;4.669;743.4;5.132;60;0;0;15.030;15.050;15.078;3578;3574;3589;50.03;50.03;50.03;15112;1000;0.0;0;0.0000;0;0;50461;50461;50461
60;2014-05-05 14:59:00;909402N262;10642;50.638;52;238;238;238;238;14.889;50.02;501.4;8.338;620.0;4.626;743.4;5.087;60;0;0;14.842;14.900;14.927;3536;3544;3560;50.02;50.02;50.02;15112;1000;0.0;0;0.0000;0;0;50638;50638;50638
60;2014-05-05 15:00:00;909402N262;10605;50.815;52;238;238;238;239;14.831;50.01;500.7;8.317;619.5;4.607;743.0;5.081;60;0;0;14.769;14.846;14.878;3519;3533;3550;50.01;50.01;50.01;15112;1000;0.0;0;0.0000;0;0;50815;50815;50815
[wr_ende]
