20140810;060000;danfoss;My Plant;+0100
[wr_def_start]
909402N262;Inverter Type;Inverter Group;Hanzl
[wr_def_end]
[wr]
INTERVAL;TIMESTAMP;SERIAL;P_AC;E_DAY;T_WR;U_AC;U_AC_1;U_AC_2;U_AC_3;I_AC;F_AC;U_DC_1;I_DC_1;U_DC_2;I_DC_2;U_DC_3;I_DC_3;S;E_WR;M_WR;I_AC_1;I_AC_2;I_AC_3;P_AC_1;P_AC_2;P_AC_3;F_AC_1;F_AC_2;F_AC_3;R_DC;PC;PCS;PCS_LL;COS_PHI;COS_PHI_LL;S_COS_PHI;Current_Day_Energy;current_Day_Offset;ccEnergyOfDay_WithoutOffset
60;2014-08-10 05:22:00;909402N262;0;0.000;0;0;0;0;0;0.000;0.10;0.4;0.000;0.4;0.000;0.4;0.000;50;0;0;0.000;0.000;0.000;0;0;0;0.10;0.10;0.10;6;1000;0.0;0;0.0000;0;0;0;0;0
60;2014-08-10 05:23:00;909402N262;0;0.000;25;234;235;235;233;0.000;50.02;227.4;0.000;226.8;0.000;227.4;0.000;50;0;0;0.000;0.000;0.000;0;0;0;50.02;50.02;50.02;0;1000;0.0;0;0.0000;0;0;0;0;0
60;2014-08-10 05:24:00;909402N262;0;0.000;25;234;235;235;233;0.000;50.02;229.0;0.000;228.4;0.000;229.0;0.000;50;0;0;0.000;0.000;0.000;0;0;0;50.02;50.02;50.02;0;1000;0.0;0;0.0000;0;0;0;0;0
60;2014-08-10 05:25:00;909402N262;0;0.000;26;234;235;235;232;0.000;50.02;228.0;0.000;227.5;0.000;228.5;0.000;50;0;0;0.000;0.000;0.000;0;0;0;50.02;50.02;50.02;0;1000;0.0;0;0.0000;0;0;0;0;0
60;2014-08-10 05:26:00;909402N262;0;0.000;27;234;235;235;232;0.000;50.02;228.7;0.000;228.1;0.000;229.0;0.000;50;0;0;0.000;0.000;0.000;0;0;0;50.02;50.02;50.02;0;1000;0.0;0;0.0000;0;0;0;0;0
60;2014-08-10 05:27:00;909402N262;0;0.000;27;234;235;235;232;0.000;50.02;228.6;0.000;228.1;0.000;228.6;0.000;50;0;0;0.000;0.000;0.000;0;0;0;50.02;50.02;50.02;0;1000;0.0;0;0.0000;0;0;0;0;0
60;2014-08-10 05:28:00;909402N262;0;0.000;28;234;234;235;232;0.000;50.02;230.7;0.000;230.1;0.000;230.7;0.000;50;0;0;0.000;0.000;0.000;0;0;0;50.02;50.02;50.02;0;1000;0.0;0;0.0000;0;0;0;0;0
60;2014-08-10 05:29:00;909402N262;0;0.000;28;234;234;235;233;0.000;50.00;231.8;0.000;231.2;0.000;231.8;0.000;50;0;0;0.000;0.000;0.000;0;0;0;50.00;50.00;50.00;0;1000;0.0;0;0.0000;0;0;0;0;0
60;2014-08-10 05:30:00;909402N262;0;0.000;28;234;234;235;233;0.000;50.02;237.1;0.000;236.6;0.000;237.3;0.000;50;0;0;0.000;0.000;0.000;0;0;0;50.02;50.02;50.02;0;1000;0.0;0;0.0000;0;0;0;0;0
60;2014-08-10 05:31:00;909402N262;0;0.000;29;234;234;235;233;0.000;50.01;226.6;0.000;226.1;0.000;227.0;0.000;50;0;0;0.000;0.000;0.000;0;0;0;50.01;50.01;50.01;0;1000;0.0;0;0.0000;0;0;0;0;0
60;2014-08-10 05:32:00;909402N262;0;0.000;29;234;234;235;233;0.000;49.99;230.7;0.000;230.1;0.000;230.7;0.000;50;0;0;0.000;0.000;0.000;0;0;0;49.99;49.99;49.99;0;1000;0.0;0;0.0000;0;0;0;0;0
60;2014-08-10 05:33:00;909402N262;0;0.000;29;235;235;236;234;0.000;50.01;234.1;0.000;233.6;0.000;233.7;0.000;50;0;0;0.000;0.000;0.000;0;0;0;50.01;50.01;50.01;0;1000;0.0;0;0.0000;0;0;0;0;0
60;2014-08-10 05:34:00;909402N262;0;0.000;29;235;235;236;234;0.000;50.01;237.2;0.000;236.6;0.000;236.5;0.000;50;0;0;0.000;0.000;0.000;0;0;0;50.01;50.01;50.01;0;1000;0.0;0;0.0000;0;0;0;0;0
60;2014-08-10 05:35:00;909402N262;0;0.000;29;235;235;236;234;0.000;50.01;242.7;0.000;242.1;0.000;243.1;0.000;50;0;0;0.000;0.000;0.000;0;0;0;50.01;50.01;50.01;0;1000;0.0;0;0.0000;0;0;0;0;0
60;2014-08-10 05:36:00;909402N262;0;0.000;30;235;235;236;234;0.000;50.01;254.4;0.000;253.9;0.000;254.4;0.000;50;0;0;0.000;0.000;0.000;0;0;0;50.01;50.01;50.01;0;1000;0.0;0;0.0000;0;0;0;0;0
60;2014-08-10 05:37:00;909402N262;0;0.000;30;235;235;236;234;0.000;50.02;261.8;0.000;261.5;0.000;261.8;0.000;50;0;0;0.000;0.000;0.000;0;0;0;50.02;50.02;50.02;0;1000;0.0;0;0.0000;0;0;0;0;0
60;2014-08-10 05:38:00;909402N262;0;0.000;30;235;235;235;234;0.000;50.01;251.8;0.000;251.6;0.000;251.5;0.000;50;0;0;0.000;0.000;0.000;0;0;0;50.01;50.01;50.01;0;1000;0.0;0;0.0000;0;0;0;0;0
60;2014-08-10 05:39:00;909402N262;0;0.000;30;234;235;235;234;0.004;50.01;357.6;0.000;348.5;0.000;358.8;0.000;50;0;0;0.004;0.004;0.004;0;0;0;50.01;50.01;50.01;0;1000;0.0;0;0.0000;0;0;0;0;0
60;2014-08-10 05:40:00;909402N262;0;0.000;30;234;235;235;234;0.003;50.00;465.8;0.000;457.3;0.000;518.9;0.000;51;0;0;0.003;0.003;0.003;0;0;0;50.00;50.00;50.00;3188;1000;0.0;0;0.0000;0;0;0;0;0
60;2014-08-10 05:41:00;909402N262;0;0.000;30;234;234;234;235;0.010;50.01;347.0;0.005;331.5;0.002;395.7;0.000;60;0;0;0.011;0.011;0.009;0;1;0;50.01;50.01;50.01;4543;1000;0.0;0;0.0000;0;0;0;0;0
60;2014-08-10 05:42:00;909402N262;1;0.000;30;234;234;234;235;0.011;50.00;375.3;0.007;336.8;0.003;425.1;0.000;60;0;0;0.012;0.009;0.012;0;0;1;50.00;50.00;50.00;4543;1000;0.0;0;0.0000;0;0;0;0;0
60;2014-08-10 05:43:00;909402N262;2;0.000;30;234;234;234;235;0.022;50.01;378.3;0.007;355.8;0.003;454.1;0.000;60;0;0;0.014;0.031;0.023;0;2;1;50.01;50.01;50.01;4543;1000;0.0;0;0.0000;0;0;0;0;0
60;2014-08-10 05:44:00;909402N262;3;0.000;30;234;234;234;235;0.061;50.01;386.1;0.007;365.9;0.003;463.0;0.000;60;0;0;0.062;0.065;0.058;2;1;2;50.01;50.01;50.01;4543;1000;0.0;0;0.0000;0;0;0;0;0
60;2014-08-10 05:45:00;909402N262;2;0.000;30;234;234;234;235;0.039;50.01;386.1;0.007;354.7;0.003;446.0;0.000;60;0;0;0.031;0.043;0.045;0;1;2;50.01;50.01;50.01;4543;1000;0.0;0;0.0000;0;0;0;0;0
60;2014-08-10 05:46:00;909402N262;1;0.000;30;235;234;234;235;0.026;50.02;369.7;0.007;335.8;0.002;421.5;0.000;60;0;0;0.023;0.031;0.026;1;1;1;50.02;50.02;50.02;4543;1000;0.0;0;0.0000;0;0;0;0;0
60;2014-08-10 05:47:00;909402N262;2;0.000;30;234;234;234;234;0.077;50.01;382.6;0.007;351.7;0.003;424.3;0.000;60;0;0;0.072;0.119;0.041;1;1;3;50.01;50.01;50.01;4543;1000;0.0;0;0.0000;0;0;0;0;0
60;2014-08-10 05:48:00;909402N262;4;0.000;30;234;234;234;235;0.109;50.01;401.0;0.009;393.1;0.003;468.4;0.001;60;0;0;0.102;0.148;0.077;3;2;3;50.01;50.01;50.01;4543;1000;0.0;0;0.0000;0;0;0;0;0
60;2014-08-10 05:49:00;909402N262;4;0.000;31;234;234;234;235;0.104;50.02;393.3;0.012;429.9;0.003;331.8;0.004;60;0;0;0.105;0.117;0.091;7;0;4;50.02;50.02;50.02;4543;1000;0.0;0;0.0000;0;0;0;0;0
60;2014-08-10 05:50:00;909402N262;6;0.000;31;234;234;235;235;0.077;50.01;392.4;0.015;308.9;0.006;359.6;0.005;60;0;0;0.055;0.096;0.081;5;0;5;50.01;50.01;50.01;4543;1000;0.0;0;0.0000;0;0;0;0;0
60;2014-08-10 05:51:00;909402N262;10;0.000;31;235;234;235;235;0.051;50.03;400.2;0.018;371.3;0.007;389.8;0.006;60;0;0;0.018;0.095;0.041;2;6;3;50.03;50.03;50.03;4543;1000;0.0;0;0.0000;0;0;0;0;0
60;2014-08-10 05:52:00;909402N262;14;0.000;31;235;234;235;236;0.091;50.01;421.0;0.020;431.2;0.007;374.8;0.008;60;0;0;0.074;0.099;0.101;8;1;9;50.01;50.01;50.01;4543;1000;0.0;0;0.0000;0;0;0;0;0
60;2014-08-10 05:53:00;909402N262;20;0.000;31;235;234;235;236;0.109;50.02;419.2;0.025;442.9;0.009;519.2;0.008;60;0;0;0.057;0.152;0.118;6;9;6;50.02;50.02;50.02;4543;1000;0.0;0;0.0000;0;0;0;0;0
60;2014-08-10 05:54:00;909402N262;26;0.000;31;235;234;234;236;0.111;50.01;442.1;0.029;438.0;0.013;542.0;0.011;60;0;0;0.070;0.112;0.151;7;10;8;50.01;50.01;50.01;4543;1000;0.0;0;0.0000;0;0;0;0;0
60;2014-08-10 05:55:00;909402N262;30;0.001;31;235;235;234;236;0.126;50.03;434.0;0.035;436.7;0.015;528.7;0.013;60;0;0;0.109;0.118;0.151;11;10;7;50.02;50.02;50.02;4543;1000;0.0;0;0.0000;0;0;1;1;1
60;2014-08-10 05:56:00;909402N262;34;0.002;31;235;235;235;236;0.147;50.03;447.7;0.038;463.0;0.018;521.9;0.015;60;0;0;0.114;0.181;0.146;10;15;7;50.03;50.03;50.03;4543;1000;0.0;0;0.0000;0;0;2;2;2
60;2014-08-10 05:57:00;909402N262;38;0.003;31;235;235;235;236;0.169;50.03;456.8;0.040;451.8;0.021;522.2;0.018;60;0;0;0.106;0.261;0.142;9;22;6;50.03;50.03;50.03;4543;1000;0.0;0;0.0000;0;0;3;3;3
60;2014-08-10 05:58:00;909402N262;42;0.003;31;236;235;236;236;0.170;50.03;455.5;0.044;458.6;0.023;545.3;0.019;60;0;0;0.115;0.193;0.202;13;11;18;50.03;50.03;50.03;4543;1000;0.0;0;0.0000;0;0;3;3;3
60;2014-08-10 05:59:00;909402N262;48;0.003;31;236;235;236;237;0.270;50.01;467.8;0.049;465.3;0.026;581.7;0.021;60;0;0;0.191;0.329;0.290;14;19;14;50.01;50.01;50.01;4543;1000;0.0;0;0.0000;0;0;3;3;3
60;2014-08-10 06:00:00;909402N262;54;0.005;31;236;235;236;236;0.189;50.00;471.2;0.055;481.5;0.027;605.6;0.023;60;0;0;0.156;0.202;0.209;16;15;22;50.00;50.00;50.00;4543;1000;0.0;0;0.0000;0;0;5;5;5
[wr_ende]
