20150315;190000;danfoss;My Plant;+0100
[wr_def_start]
909402N262;Inverter Type;Inverter Group;Hanzl
[wr_def_end]
[wr]
INTERVAL;TIMESTAMP;SERIAL;P_AC;E_DAY;T_WR;U_AC;U_AC_1;U_AC_2;U_AC_3;I_AC;F_AC;U_DC_1;I_DC_1;U_DC_2;I_DC_2;U_DC_3;I_DC_3;S;E_WR;M_WR;I_AC_1;I_AC_2;I_AC_3;P_AC_1;P_AC_2;P_AC_3;F_AC_1;F_AC_2;F_AC_3;R_DC;PC;PCS;PCS_LL;COS_PHI;COS_PHI_LL;S_COS_PHI;Current_Day_Energy;current_Day_Offset;ccEnergyOfDay_WithoutOffset
60;2015-03-15 18:01:00;909402N262;0;14.235;26;233;234;234;231;0.000;50.07;231.9;0.000;231.3;0.000;231.8;0.000;50;0;0;0.000;0.000;0.000;0;0;0;50.07;50.07;50.07;8349;1000;0.0;0;1.0000;0;2;14235;14235;14234
60;2015-03-15 18:02:00;909402N262;0;14.235;26;233;234;234;231;0.000;50.05;229.2;0.000;228.6;0.000;228.8;0.000;50;0;0;0.000;0.000;0.000;0;0;0;50.05;50.05;50.05;8349;1000;0.0;0;1.0000;0;2;14235;14235;14234
60;2015-03-15 18:03:00;909402N262;0;14.235;25;233;234;234;231;0.000;50.04;229.7;0.000;229.1;0.000;229.5;0.000;50;0;0;0.000;0.000;0.000;0;0;0;50.04;50.04;50.04;8349;1000;0.0;0;1.0000;0;2;14235;14235;14234
60;2015-03-15 18:04:00;909402N262;0;14.235;25;233;234;233;232;0.000;50.02;228.9;0.000;228.3;0.000;228.9;0.000;50;0;0;0.000;0.000;0.000;0;0;0;50.02;50.02;50.02;8349;1000;0.0;0;1.0000;0;2;14235;14235;14234
60;2015-03-15 18:05:00;909402N262;0;14.235;25;233;232;234;232;0.000;50.02;227.9;0.000;227.4;0.000;227.8;0.000;50;0;0;0.000;0.000;0.000;0;0;0;50.02;50.02;50.02;8349;1000;0.0;0;1.0000;0;2;14235;14235;14234
60;2015-03-15 18:06:00;909402N262;0;14.235;25;233;231;235;232;0.000;50.03;228.6;0.000;228.0;0.000;228.6;0.000;50;0;0;0.000;0.000;0.000;0;0;0;50.03;50.03;50.03;8349;1000;0.0;0;1.0000;0;2;14235;14235;14234
60;2015-03-15 18:07:00;909402N262;0;14.235;25;232;232;235;231;0.000;50.02;227.7;0.000;227.2;0.000;228.2;0.000;50;0;0;0.000;0.000;0.000;0;0;0;50.02;50.02;50.02;8349;1000;0.0;0;1.0000;0;2;14235;14235;14234
60;2015-03-15 18:08:00;909402N262;0;14.235;25;232;232;235;231;0.000;50.01;228.8;0.000;228.3;0.000;228.8;0.000;50;0;0;0.000;0.000;0.000;0;0;0;50.01;50.01;50.01;8349;1000;0.0;0;1.0000;0;2;14235;14235;14234
60;2015-03-15 18:09:00;909402N262;0;14.235;25;232;232;234;231;0.000;50.01;228.5;0.000;227.9;0.000;228.5;0.000;50;0;0;0.000;0.000;0.000;0;0;0;50.01;50.01;50.01;8349;1000;0.0;0;1.0000;0;2;14235;14235;14234
60;2015-03-15 18:10:00;909402N262;0;14.235;25;232;232;234;231;0.000;50.00;228.2;0.000;227.7;0.000;228.2;0.000;50;0;0;0.000;0.000;0.000;0;0;0;50.00;50.00;50.00;8349;1000;0.0;0;1.0000;0;2;14235;14235;14234
60;2015-03-15 18:11:00;909402N262;0;14.235;25;232;232;234;231;0.000;49.99;228.0;0.000;227.2;0.000;227.9;0.000;50;0;0;0.000;0.000;0.000;0;0;0;49.99;49.99;49.99;8349;1000;0.0;0;1.0000;0;2;14235;14235;14234
60;2015-03-15 18:12:00;909402N262;0;14.235;25;232;232;234;231;0.000;49.99;231.3;0.000;226.2;0.000;231.0;0.000;50;0;0;0.000;0.000;0.000;0;0;0;49.99;49.99;49.99;8349;1000;0.0;0;1.0000;0;2;14235;14235;14234
60;2015-03-15 18:13:00;909402N262;0;14.235;25;232;232;234;231;0.000;49.99;226.9;0.000;215.3;0.000;223.3;0.000;50;0;0;0.000;0.000;0.000;0;0;0;49.99;49.99;49.99;8349;1000;0.0;0;1.0000;0;2;14235;14235;14234
60;2015-03-15 18:14:00;909402N262;0;14.235;25;232;231;233;231;0.000;49.99;232.9;0.000;204.4;0.000;216.5;0.000;50;0;0;0.000;0.000;0.000;0;0;0;49.99;49.99;49.99;8349;1000;0.0;0;1.0000;0;2;14235;14235;14234
60;2015-03-15 18:15:00;909402N262;0;14.235;25;232;231;234;231;0.000;49.97;222.6;0.000;195.3;0.000;206.6;0.000;50;0;0;0.000;0.000;0.000;0;0;0;49.97;49.97;49.97;8349;1000;0.0;0;1.0000;0;2;14235;14235;14234
60;2015-03-15 18:16:00;909402N262;0;14.235;25;232;230;235;231;0.000;49.98;240.5;0.000;190.1;0.000;201.3;0.000;50;0;0;0.000;0.000;0.000;0;0;0;49.98;49.98;49.98;8349;1000;0.0;0;1.0000;0;2;14235;14235;14234
60;2015-03-15 18:17:00;909402N262;0;14.235;25;232;230;235;231;0.000;49.99;216.8;0.000;179.0;0.000;189.3;0.000;50;0;0;0.000;0.000;0.000;0;0;0;49.99;49.99;49.99;8349;1000;0.0;0;1.0000;0;2;14235;14235;14234
60;2015-03-15 18:18:00;909402N262;0;14.235;25;232;230;234;230;0.000;49.98;224.5;0.000;162.4;0.000;170.5;0.000;50;0;0;0.000;0.000;0.000;0;0;0;49.98;49.98;49.98;8349;1000;0.0;0;1.0000;0;2;14235;14235;14234
60;2015-03-15 18:19:00;909402N262;0;14.235;25;231;230;234;230;0.000;50.00;219.4;0.000;142.0;0.000;147.1;0.000;50;0;0;0.000;0.000;0.000;0;0;0;50.00;50.00;50.00;8349;1000;0.0;0;1.0000;0;2;14235;14235;14234
60;2015-03-15 18:20:00;909402N262;0;14.235;25;231;230;234;230;0.000;49.99;206.3;0.000;120.2;0.000;122.6;0.000;50;0;0;0.000;0.000;0.000;0;0;0;49.99;49.99;49.99;8349;1000;0.0;0;1.0000;0;2;14235;14235;14234
60;2015-03-15 18:21:00;909402N262;0;14.235;25;232;231;234;230;0.000;49.99;189.2;0.000;100.6;0.000;100.9;0.000;80;0;0;0.000;0.000;0.000;0;0;0;49.99;49.99;49.99;8349;1000;0.0;0;1.0000;0;2;14235;14235;14234
[wr_ende]
