20150322;090004;danfoss;My Plant;+0100
[wr_def_start]
909402N262;Inverter Type;Inverter Group;Hanzl
[wr_def_end]
[wr]
INTERVAL;TIMESTAMP;SERIAL;P_AC;E_DAY;T_WR;U_AC;U_AC_1;U_AC_2;U_AC_3;I_AC;F_AC;U_DC_1;I_DC_1;U_DC_2;I_DC_2;U_DC_3;I_DC_3;S;E_WR;M_WR;I_AC_1;I_AC_2;I_AC_3;P_AC_1;P_AC_2;P_AC_3;F_AC_1;F_AC_2;F_AC_3;R_DC;PC;PCS;PCS_LL;COS_PHI;COS_PHI_LL;S_COS_PHI;Current_Day_Energy;current_Day_Offset;ccEnergyOfDay_WithoutOffset
60;2015-03-22 08:01:00;909402N262;1433;1.206;30;233;232;233;233;2.312;50.03;568.5;0.956;671.5;0.630;793.8;0.600;60;0;0;2.255;2.346;2.335;461;486;484;50.03;50.03;50.03;14942;1000;0.0;0;1.0000;0;2;1206;1206;1206
60;2015-03-22 08:02:00;909402N262;1454;1.231;30;232;231;233;233;2.344;50.03;572.8;0.964;681.1;0.632;794.9;0.602;60;0;0;2.280;2.383;2.370;466;495;492;50.03;50.03;50.03;14942;1000;0.0;0;1.0000;0;2;1231;1231;1231
60;2015-03-22 08:03:00;909402N262;1461;1.256;31;232;230;233;233;2.356;50.02;571.7;0.972;682.4;0.634;794.9;0.606;60;0;0;2.295;2.394;2.380;468;496;495;50.02;50.02;50.02;14942;1000;0.0;0;1.0000;0;2;1256;1256;1256
60;2015-03-22 08:04:00;909402N262;1473;1.280;31;232;231;232;233;2.369;50.02;572.4;0.978;680.9;0.640;794.9;0.610;60;0;0;2.311;2.405;2.393;474;499;497;50.02;50.02;50.02;14942;1000;0.0;0;1.0000;0;2;1280;1280;1280
60;2015-03-22 08:05:00;909402N262;1488;1.305;31;232;231;232;233;2.390;50.02;573.6;0.985;677.9;0.649;794.9;0.618;60;0;0;2.336;2.419;2.415;481;502;503;50.02;50.02;50.02;14942;1000;0.0;0;1.0000;0;2;1305;1305;1305
60;2015-03-22 08:06:00;909402N262;1503;1.330;31;232;231;232;233;2.410;50.02;575.0;0.993;677.7;0.656;794.9;0.624;60;0;0;2.351;2.438;2.441;484;507;510;50.02;50.02;50.02;14942;1000;0.0;0;1.0000;0;2;1330;1330;1330
60;2015-03-22 08:07:00;909402N262;1518;1.355;31;232;231;232;232;2.431;50.02;576.4;1.000;677.7;0.662;794.7;0.631;60;0;0;2.379;2.463;2.453;491;513;512;50.02;50.02;50.02;14942;1000;0.0;0;1.0000;0;2;1355;1355;1355
60;2015-03-22 08:08:00;909402N262;1536;1.381;31;231;230;232;232;2.456;50.01;578.9;1.009;677.6;0.669;794.9;0.639;60;0;0;2.396;2.491;2.481;495;520;519;50.01;50.01;50.01;14942;1000;0.0;0;1.0000;0;2;1381;1381;1381
60;2015-03-22 08:09:00;909402N262;1558;1.407;31;231;230;231;232;2.484;50.01;581.1;1.017;678.1;0.677;794.8;0.649;60;0;0;2.422;2.515;2.515;502;526;528;50.01;50.01;50.01;14942;1000;0.0;0;1.0000;0;2;1407;1407;1407
60;2015-03-22 08:10:00;909402N262;1581;1.433;31;231;230;232;231;2.511;49.99;582.9;1.027;678.6;0.687;795.1;0.661;60;0;0;2.442;2.562;2.530;507;541;531;49.99;49.99;49.99;14942;1000;0.0;0;1.0000;0;2;1433;1433;1433
60;2015-03-22 08:11:00;909402N262;1605;1.460;31;231;230;232;231;2.544;50.00;584.3;1.038;680.0;0.696;795.1;0.672;60;0;0;2.482;2.593;2.558;517;547;538;50.00;50.00;50.00;14942;1000;0.0;0;1.0000;0;2;1460;1460;1460
60;2015-03-22 08:12:00;909402N262;1629;1.487;31;231;230;231;232;2.577;49.99;586.4;1.047;681.5;0.705;794.9;0.685;60;0;0;2.512;2.618;2.603;525;553;550;49.99;49.99;49.99;14942;1000;0.0;0;1.0000;0;2;1487;1487;1487
60;2015-03-22 08:13:00;909402N262;1648;1.514;31;231;230;231;232;2.604;50.00;587.7;1.055;682.6;0.711;794.8;0.695;60;0;0;2.530;2.648;2.634;529;559;558;50.00;50.00;50.00;14942;1000;0.0;0;1.0000;0;2;1514;1514;1514
60;2015-03-22 08:14:00;909402N262;1663;1.542;31;231;230;231;233;2.622;50.00;588.1;1.062;683.3;0.717;794.7;0.703;60;0;0;2.546;2.658;2.663;533;562;566;50.00;50.00;50.00;14942;1000;0.0;0;1.0000;0;2;1542;1542;1542
60;2015-03-22 08:15:00;909402N262;1676;1.569;31;232;231;230;234;2.634;50.00;588.3;1.069;683.7;0.723;794.5;0.708;60;0;0;2.566;2.662;2.676;541;562;571;50.00;50.00;50.00;14942;1000;0.0;0;1.0000;0;2;1569;1569;1569
60;2015-03-22 08:16:00;909402N262;1676;1.598;31;232;231;231;234;2.627;49.99;582.9;1.077;677.5;0.730;786.4;0.714;60;0;0;2.562;2.656;2.665;541;563;570;49.99;49.99;49.99;14942;1000;0.0;0;1.0000;0;2;1598;1598;1598
60;2015-03-22 08:17:00;909402N262;1694;1.626;31;232;231;233;233;2.639;50.01;588.7;1.080;683.8;0.733;795.3;0.713;60;0;0;2.577;2.678;2.663;547;574;571;50.01;50.01;50.01;14942;1000;0.0;0;1.0000;0;2;1626;1626;1626
60;2015-03-22 08:18:00;909402N262;1703;1.655;32;232;231;233;233;2.651;50.01;589.5;1.083;684.0;0.737;795.3;0.718;60;0;0;2.582;2.696;2.676;547;579;575;50.01;50.01;50.01;14942;1000;0.0;0;1.0000;0;2;1655;1655;1655
60;2015-03-22 08:19:00;909402N262;1710;1.684;32;232;231;234;233;2.660;50.01;589.6;1.085;683.8;0.741;795.3;0.722;60;0;0;2.593;2.708;2.681;550;583;575;50.01;50.01;50.01;14942;1000;0.0;0;1.0000;0;2;1684;1684;1684
60;2015-03-22 08:20:00;909402N262;1713;1.711;32;232;231;233;233;2.665;50.01;589.9;1.087;683.4;0.743;795.2;0.723;60;0;0;2.605;2.712;2.680;553;584;575;50.01;50.01;50.01;14942;1000;0.0;0;1.0000;0;2;1711;1711;1711
60;2015-03-22 08:21:00;909402N262;1716;1.740;32;233;231;233;233;2.670;50.02;590.4;1.088;682.9;0.745;795.2;0.725;60;0;0;2.605;2.711;2.694;553;583;578;50.02;50.02;50.02;14942;1000;0.0;0;1.0000;0;2;1740;1740;1740
60;2015-03-22 08:22:00;909402N262;1719;1.769;32;232;231;233;233;2.672;50.01;591.0;1.089;682.0;0.747;795.1;0.725;60;0;0;2.603;2.722;2.693;553;586;578;50.01;50.01;50.01;14942;1000;0.0;0;1.0000;0;2;1769;1769;1769
60;2015-03-22 08:23:00;909402N262;1719;1.798;32;232;231;233;233;2.674;50.01;590.6;1.091;680.1;0.749;795.1;0.725;60;0;0;2.611;2.722;2.690;554;585;577;50.01;50.01;50.01;14942;1000;0.0;0;1.0000;0;2;1798;1798;1798
60;2015-03-22 08:24:00;909402N262;1721;1.826;32;232;231;232;233;2.677;50.01;590.5;1.093;678.6;0.751;795.3;0.725;60;0;0;2.613;2.718;2.701;555;584;580;50.01;50.01;50.01;14942;1000;0.0;0;1.0000;0;2;1826;1826;1826
60;2015-03-22 08:25:00;909402N262;1723;1.854;32;232;231;232;233;2.680;50.00;590.7;1.094;676.9;0.755;795.1;0.724;60;0;0;2.611;2.729;2.702;554;586;580;50.00;50.00;50.00;14942;1000;0.0;0;1.0000;0;2;1854;1854;1854
60;2015-03-22 08:26:00;909402N262;1728;1.884;32;232;231;232;232;2.687;50.00;591.2;1.096;675.9;0.759;795.1;0.725;60;0;0;2.627;2.726;2.708;558;586;582;50.00;50.00;50.00;14942;1000;0.0;0;1.0000;0;2;1884;1884;1884
60;2015-03-22 08:27:00;909402N262;1738;1.913;32;232;231;232;233;2.699;49.99;593.0;1.100;674.6;0.766;795.2;0.729;60;0;0;2.633;2.743;2.723;560;589;587;49.99;49.99;49.99;14942;1000;0.0;0;1.0000;0;2;1913;1913;1913
60;2015-03-22 08:28:00;909402N262;1749;1.942;32;232;231;232;233;2.716;49.99;594.5;1.103;672.3;0.773;795.1;0.735;60;0;0;2.649;2.757;2.743;563;592;592;49.99;49.99;49.99;14942;1000;0.0;0;1.0000;0;2;1942;1942;1942
60;2015-03-22 08:29:00;909402N262;1756;1.972;32;232;230;232;233;2.726;49.99;595.6;1.104;670.5;0.780;795.1;0.739;60;0;0;2.658;2.769;2.753;566;595;593;49.99;49.99;49.99;14942;1000;0.0;0;1.0000;0;2;1972;1972;1972
60;2015-03-22 08:30:00;909402N262;1759;2.001;32;231;229;231;232;2.739;49.98;595.5;1.107;669.8;0.782;795.2;0.739;60;0;0;2.675;2.775;2.769;567;595;596;49.98;49.98;49.98;14942;1000;0.0;0;1.0000;0;2;2001;2001;2001
60;2015-03-22 08:31:00;909402N262;1738;2.030;32;231;229;231;232;2.709;49.98;589.1;1.113;652.1;0.788;787.5;0.740;60;0;0;2.632;2.761;2.735;556;592;588;49.98;49.98;49.98;14942;1000;0.0;0;1.0000;0;2;2030;2030;2030
60;2015-03-22 08:32:00;909402N262;1766;2.059;32;231;229;232;231;2.762;49.99;595.7;1.110;671.9;0.785;794.8;0.741;60;0;0;2.672;2.834;2.781;564;607;593;49.99;49.99;49.99;14942;1000;0.0;0;1.0000;0;2;2059;2059;2059
60;2015-03-22 08:33:00;909402N262;1774;2.089;32;231;229;232;232;2.770;49.99;596.2;1.112;676.2;0.785;794.9;0.745;60;0;0;2.687;2.842;2.781;569;610;594;49.99;49.99;49.99;14942;1000;0.0;0;1.0000;0;2;2089;2089;2089
60;2015-03-22 08:34:00;909402N262;1778;2.118;32;231;230;232;232;2.770;50.00;595.7;1.114;680.8;0.782;795.1;0.744;60;0;0;2.698;2.823;2.791;573;604;598;50.00;50.00;50.00;14942;1000;0.0;0;1.0000;0;2;2118;2118;2118
60;2015-03-22 08:35:00;909402N262;1779;2.148;32;231;230;231;232;2.774;50.01;595.0;1.117;679.8;0.786;795.0;0.744;60;0;0;2.702;2.824;2.798;574;604;600;50.01;50.01;50.01;14942;1000;0.0;0;1.0000;0;2;2148;2148;2148
60;2015-03-22 08:36:00;909402N262;1781;2.177;33;231;230;232;231;2.778;50.00;594.3;1.120;679.6;0.788;795.0;0.742;60;0;0;2.709;2.830;2.796;574;607;598;50.00;50.00;50.00;14942;1000;0.0;0;1.0000;0;2;2177;2177;2177
60;2015-03-22 08:37:00;909402N262;1782;2.207;33;231;230;232;231;2.781;50.01;593.5;1.124;680.1;0.789;795.0;0.741;60;0;0;2.715;2.834;2.796;575;608;597;50.01;50.01;50.01;14942;1000;0.0;0;1.0000;0;2;2207;2207;2207
60;2015-03-22 08:38:00;909402N262;1786;2.236;33;231;230;231;232;2.785;50.00;593.0;1.129;680.4;0.790;795.1;0.741;60;0;0;2.709;2.838;2.808;574;608;602;50.00;50.00;50.00;14942;1000;0.0;0;1.0000;0;2;2236;2236;2236
60;2015-03-22 08:39:00;909402N262;1788;2.266;33;231;230;231;233;2.783;49.99;592.2;1.134;682.2;0.788;795.0;0.740;60;0;0;2.703;2.841;2.806;574;608;603;49.99;49.99;49.99;14942;1000;0.0;0;1.0000;0;2;2266;2266;2266
60;2015-03-22 08:40:00;909402N262;1792;2.298;33;234;233;234;235;2.771;49.99;591.5;1.140;683.1;0.790;795.1;0.739;60;0;0;2.691;2.821;2.802;576;608;607;49.99;49.99;49.99;14942;1000;0.0;0;1.0000;0;2;2298;2298;2298
60;2015-03-22 08:41:00;909402N262;1802;2.328;33;234;233;233;235;2.784;49.99;591.3;1.148;681.5;0.798;795.1;0.742;60;0;0;2.706;2.832;2.815;579;610;611;49.99;49.99;49.99;14942;1000;0.0;0;1.0000;0;2;2328;2328;2328
60;2015-03-22 08:42:00;909402N262;1818;2.357;33;234;234;233;235;2.805;49.99;591.1;1.159;675.9;0.812;795.0;0.748;60;0;0;2.752;2.842;2.823;593;612;611;49.99;49.99;49.99;14942;1000;0.0;0;1.0000;0;2;2357;2357;2357
60;2015-03-22 08:43:00;909402N262;1832;2.388;33;234;234;233;234;2.825;49.99;590.7;1.171;673.5;0.821;795.2;0.752;60;0;0;2.769;2.866;2.842;597;619;615;49.99;49.99;49.99;14942;1000;0.0;0;1.0000;0;2;2388;2388;2388
60;2015-03-22 08:44:00;909402N262;1857;2.419;33;234;234;234;234;2.856;49.99;590.8;1.186;673.0;0.835;795.3;0.761;60;0;0;2.801;2.899;2.868;605;629;621;49.99;49.99;49.99;14942;1000;0.0;0;1.0000;0;2;2419;2419;2419
60;2015-03-22 08:45:00;909402N262;1885;2.451;33;234;234;234;234;2.894;49.99;591.1;1.203;672.2;0.852;795.3;0.772;60;0;0;2.840;2.935;2.908;615;638;632;49.99;49.99;49.99;14942;1000;0.0;0;1.0000;0;2;2451;2451;2451
60;2015-03-22 08:46:00;909402N262;1902;2.482;33;234;234;234;234;2.909;49.98;586.6;1.224;660.4;0.873;791.4;0.788;60;0;0;2.851;2.949;2.929;619;643;638;49.98;49.98;49.98;14942;1000;0.0;0;1.0000;0;2;2482;2482;2482
60;2015-03-22 08:47:00;909402N262;1964;2.516;33;234;234;235;234;2.980;49.99;593.0;1.239;674.8;0.896;795.4;0.799;60;0;0;2.928;3.017;2.997;639;664;659;49.99;49.99;49.99;14942;1000;0.0;0;1.0000;0;2;2516;2516;2516
60;2015-03-22 08:48:00;909402N262;2002;2.549;33;234;234;234;234;3.034;49.99;594.3;1.256;672.5;0.924;795.3;0.814;60;0;0;2.976;3.078;3.048;651;679;670;49.99;49.99;49.99;14942;1000;0.0;0;1.0000;0;2;2549;2549;2549
60;2015-03-22 08:49:00;909402N262;2037;2.582;33;234;234;234;234;3.081;49.99;594.6;1.275;678.7;0.935;795.5;0.827;60;0;0;3.027;3.122;3.095;664;690;681;49.99;49.99;49.99;14942;1000;0.0;0;1.0000;0;2;2582;2582;2582
60;2015-03-22 08:50:00;909402N262;2072;2.617;33;234;233;234;234;3.131;50.00;595.0;1.295;681.9;0.948;795.2;0.841;60;0;0;3.071;3.171;3.152;674;701;695;50.00;50.00;50.00;14942;1000;0.0;0;1.0000;0;2;2617;2617;2617
60;2015-03-22 08:51:00;909402N262;2117;2.652;33;234;233;235;234;3.192;50.00;595.7;1.317;681.3;0.975;795.4;0.858;60;0;0;3.127;3.248;3.201;686;721;708;50.00;50.00;50.00;14942;1000;0.0;0;1.0000;0;2;2652;2652;2652
60;2015-03-22 08:52:00;909402N262;2163;2.688;33;234;233;235;234;3.250;49.99;596.8;1.336;681.3;1.003;795.4;0.876;60;0;0;3.187;3.305;3.258;703;736;722;49.99;49.99;49.99;14942;1000;0.0;0;1.0000;0;2;2688;2688;2688
60;2015-03-22 08:53:00;909402N262;2206;2.725;33;234;234;234;234;3.308;49.98;598.1;1.357;681.2;1.030;795.4;0.892;60;0;0;3.250;3.362;3.314;719;749;735;49.98;49.98;49.98;14942;1000;0.0;0;1.0000;0;2;2725;2725;2725
60;2015-03-22 08:54:00;909402N262;2254;2.763;33;234;233;235;233;3.375;49.98;599.3;1.378;681.5;1.059;795.3;0.910;60;0;0;3.325;3.428;3.373;737;767;749;49.98;49.98;49.98;14942;1000;0.0;0;1.0000;0;2;2763;2763;2763
60;2015-03-22 08:55:00;909402N262;2320;2.802;34;234;233;235;233;3.464;49.98;601.6;1.401;682.1;1.104;795.1;0.933;60;0;0;3.408;3.525;3.461;757;791;770;49.98;49.98;49.98;14942;1000;0.0;0;1.0000;0;2;2802;2802;2802
60;2015-03-22 08:56:00;909402N262;2382;2.841;34;234;233;235;233;3.549;49.99;603.7;1.422;681.6;1.151;794.8;0.954;60;0;0;3.486;3.613;3.548;775;814;791;49.99;49.99;49.99;14942;1000;0.0;0;1.0000;0;2;2841;2841;2841
60;2015-03-22 08:57:00;909402N262;2422;2.881;34;234;233;235;233;3.604;49.99;604.6;1.439;681.7;1.178;794.9;0.967;60;0;0;3.543;3.662;3.607;790;824;807;49.99;49.99;49.99;14942;1000;0.0;0;1.0000;0;2;2881;2881;2881
60;2015-03-22 08:58:00;909402N262;2483;2.922;34;234;233;235;234;3.686;50.01;606.5;1.458;681.5;1.226;794.9;0.986;60;0;0;3.616;3.749;3.694;806;846;830;50.01;50.01;50.01;14942;1000;0.0;0;1.0000;0;2;2922;2922;2922
60;2015-03-22 08:59:00;909402N262;2522;2.964;34;234;233;235;234;3.735;49.99;607.4;1.472;681.5;1.255;794.9;0.997;60;0;0;3.672;3.802;3.733;820;860;840;49.99;49.99;49.99;14942;1000;0.0;0;1.0000;0;2;2964;2964;2964
60;2015-03-22 09:00:00;909402N262;2544;3.007;34;235;234;235;235;3.761;50.01;607.7;1.482;681.0;1.273;794.8;1.002;60;0;0;3.699;3.803;3.781;830;860;853;50.01;50.01;50.01;14942;1000;0.0;0;1.0000;0;2;3007;3007;3007
[wr_ende]
