20140127;100004;danfoss;My Plant;+0100
[wr_def_start]
909402N262;Inverter Type;Inverter Group;Hanzl
[wr_def_end]
[wr]
INTERVAL;TIMESTAMP;SERIAL;P_AC;E_DAY;T_WR;U_AC;U_AC_1;U_AC_2;U_AC_3;I_AC;F_AC;U_DC_1;I_DC_1;U_DC_2;I_DC_2;U_DC_3;I_DC_3;S;E_WR;M_WR;I_AC_1;I_AC_2;I_AC_3;P_AC_1;P_AC_2;P_AC_3;F_AC_1;F_AC_2;F_AC_3;R_DC;PC;PCS;PCS_LL;COS_PHI;COS_PHI_LL;S_COS_PHI;Current_Day_Energy;current_Day_Offset;ccEnergyOfDay_WithoutOffset
60;2014-01-27 09:01:00;909402N262;200;0.139;22;233;234;232;232;0.364;49.98;579.6;0.167;583.8;0.085;728.2;0.084;60;0;0;0.369;0.455;0.270;66;81;51;49.98;49.98;49.98;13043;1000;0.0;0;0.0000;0;0;139;139;139
60;2014-01-27 09:02:00;909402N262;204;0.143;22;233;234;232;232;0.365;49.98;588.1;0.166;592.4;0.084;739.6;0.084;60;0;0;0.325;0.479;0.291;60;86;56;49.98;49.98;49.98;13043;1000;0.0;0;0.0000;0;0;143;143;143
60;2014-01-27 09:03:00;909402N262;204;0.145;22;233;234;232;232;0.367;49.98;587.9;0.166;592.9;0.084;751.2;0.084;60;0;0;0.336;0.485;0.281;62;87;53;49.98;49.98;49.98;13043;1000;0.0;0;0.0000;0;0;145;145;145
60;2014-01-27 09:04:00;909402N262;206;0.149;22;232;233;232;232;0.373;49.99;589.1;0.168;594.7;0.084;736.4;0.086;60;0;0;0.336;0.494;0.289;61;89;54;49.99;49.99;49.99;13043;1000;0.0;0;0.0000;0;0;149;149;149
60;2014-01-27 09:05:00;909402N262;218;0.152;22;232;233;232;232;0.387;49.98;590.7;0.176;599.4;0.087;742.7;0.091;60;0;0;0.368;0.494;0.299;68;90;58;49.98;49.98;49.98;13043;1000;0.0;0;0.0000;0;0;152;152;152
60;2014-01-27 09:06:00;909402N262;229;0.158;22;232;233;232;232;0.395;49.98;593.0;0.183;598.6;0.093;754.5;0.093;60;0;0;0.403;0.438;0.346;76;83;67;49.98;49.98;49.98;13043;1000;0.0;0;0.0000;0;0;158;158;158
60;2014-01-27 09:07:00;909402N262;232;0.161;22;232;233;231;233;0.413;49.99;593.9;0.186;600.4;0.093;741.5;0.096;60;0;0;0.416;0.491;0.332;78;89;63;49.99;49.99;49.99;13043;1000;0.0;0;0.0000;0;0;161;161;161
60;2014-01-27 09:08:00;909402N262;241;0.165;22;232;232;232;233;0.431;50.00;594.1;0.192;606.0;0.096;747.3;0.099;60;0;0;0.424;0.532;0.339;78;96;65;50.00;50.00;50.00;13043;1000;0.0;0;0.0000;0;0;165;165;165
60;2014-01-27 09:09:00;909402N262;250;0.170;22;233;232;232;233;0.441;50.01;595.1;0.198;603.3;0.100;755.0;0.102;60;0;0;0.418;0.546;0.359;79;100;68;50.01;50.01;50.01;13043;1000;0.0;0;0.0000;0;0;170;170;170
60;2014-01-27 09:10:00;909402N262;254;0.173;22;233;232;232;233;0.452;49.99;595.3;0.201;605.4;0.102;757.7;0.104;60;0;0;0.423;0.548;0.387;79;101;73;49.99;49.99;49.99;13043;1000;0.0;0;0.0000;0;0;173;173;173
60;2014-01-27 09:11:00;909402N262;252;0.177;22;233;233;232;233;0.444;49.99;594.9;0.199;604.7;0.101;757.6;0.103;60;0;0;0.406;0.548;0.380;77;101;72;49.99;49.99;49.99;13043;1000;0.0;0;0.0000;0;0;177;177;177
60;2014-01-27 09:12:00;909402N262;242;0.181;22;233;234;233;233;0.429;49.99;593.7;0.192;607.4;0.096;747.2;0.100;60;0;0;0.409;0.529;0.350;77;96;67;49.99;49.99;49.99;13043;1000;0.0;0;0.0000;0;0;181;181;181
60;2014-01-27 09:13:00;909402N262;240;0.186;22;233;234;233;233;0.425;49.99;594.1;0.192;608.0;0.096;748.6;0.100;60;0;0;0.408;0.497;0.372;77;92;69;49.99;49.99;49.99;13043;1000;0.0;0;0.0000;0;0;186;186;186
60;2014-01-27 09:14:00;909402N262;240;0.190;22;233;233;233;233;0.427;49.99;593.6;0.192;608.1;0.096;748.1;0.099;60;0;0;0.415;0.522;0.344;78;95;65;49.99;49.99;49.99;13043;1000;0.0;0;0.0000;0;0;190;190;190
60;2014-01-27 09:15:00;909402N262;242;0.193;22;233;234;233;233;0.431;49.99;593.3;0.193;608.7;0.096;745.7;0.100;60;0;0;0.430;0.506;0.359;80;92;67;49.99;49.99;49.99;13043;1000;0.0;0;0.0000;0;0;193;193;193
60;2014-01-27 09:16:00;909402N262;239;0.198;23;233;234;233;233;0.431;49.98;586.5;0.194;598.6;0.097;739.6;0.100;60;0;0;0.421;0.524;0.349;77;94;65;49.98;49.98;49.98;13043;1000;0.0;0;0.0000;0;0;198;198;198
60;2014-01-27 09:17:00;909402N262;242;0.201;23;233;234;233;232;0.444;49.96;593.0;0.194;608.0;0.097;747.1;0.100;60;0;0;0.424;0.540;0.369;75;96;68;49.96;49.96;49.96;13043;1000;0.0;0;0.0000;0;0;201;201;201
60;2014-01-27 09:18:00;909402N262;240;0.205;23;233;234;233;232;0.440;49.97;593.3;0.192;607.4;0.096;748.6;0.098;60;0;0;0.432;0.512;0.377;78;91;69;49.97;49.97;49.97;13043;1000;0.0;0;0.0000;0;0;205;205;205
60;2014-01-27 09:19:00;909402N262;237;0.209;23;233;234;232;232;0.431;49.97;593.5;0.190;605.3;0.094;747.5;0.097;60;0;0;0.435;0.501;0.359;79;89;66;49.97;49.97;49.97;13043;1000;0.0;0;0.0000;0;0;209;209;209
60;2014-01-27 09:20:00;909402N262;233;0.213;23;232;233;232;232;0.430;49.98;593.1;0.187;598.0;0.093;740.8;0.096;60;0;0;0.418;0.520;0.352;75;91;65;49.98;49.98;49.98;13043;1000;0.0;0;0.0000;0;0;213;213;213
60;2014-01-27 09:21:00;909402N262;234;0.218;23;232;233;232;232;0.431;49.98;593.3;0.189;599.8;0.093;742.2;0.096;60;0;0;0.428;0.511;0.356;78;90;64;49.98;49.98;49.98;13043;1000;0.0;0;0.0000;0;0;218;218;218
60;2014-01-27 09:22:00;909402N262;242;0.222;23;232;233;233;232;0.444;49.98;593.1;0.195;606.3;0.096;747.0;0.099;60;0;0;0.432;0.531;0.369;77;94;68;49.98;49.98;49.98;13043;1000;0.0;0;0.0000;0;0;222;222;222
60;2014-01-27 09:23:00;909402N262;249;0.226;23;233;233;232;232;0.454;49.99;594.5;0.201;602.3;0.100;754.7;0.101;60;0;0;0.427;0.559;0.377;78;100;70;49.99;49.99;49.99;13043;1000;0.0;0;0.0000;0;0;226;226;226
60;2014-01-27 09:24:00;909402N262;259;0.230;23;233;233;232;232;0.475;50.01;595.5;0.207;605.7;0.104;751.6;0.106;60;0;0;0.456;0.573;0.397;81;103;73;50.01;50.01;50.01;13043;1000;0.0;0;0.0000;0;0;230;230;230
60;2014-01-27 09:25:00;909402N262;265;0.234;23;232;233;232;232;0.485;50.00;596.5;0.210;612.4;0.105;753.5;0.108;60;0;0;0.468;0.583;0.405;84;105;74;50.00;50.00;50.00;13043;1000;0.0;0;0.0000;0;0;234;234;234
60;2014-01-27 09:26:00;909402N262;271;0.239;23;232;233;232;232;0.498;49.99;596.4;0.213;611.5;0.107;752.7;0.111;60;0;0;0.475;0.592;0.428;86;106;78;49.99;49.99;49.99;13043;1000;0.0;0;0.0000;0;0;239;239;239
60;2014-01-27 09:27:00;909402N262;274;0.244;23;232;233;232;232;0.499;49.99;596.6;0.217;607.0;0.110;761.5;0.112;60;0;0;0.480;0.583;0.435;87;106;80;49.99;49.99;49.99;13043;1000;0.0;0;0.0000;0;0;244;244;244
60;2014-01-27 09:28:00;909402N262;289;0.249;23;232;232;232;233;0.526;49.99;598.1;0.227;613.9;0.115;759.3;0.118;60;0;0;0.479;0.626;0.474;88;113;87;49.99;49.99;49.99;13043;1000;0.0;0;0.0000;0;0;249;249;249
60;2014-01-27 09:29:00;909402N262;305;0.254;23;232;232;233;233;0.550;49.98;599.7;0.238;614.9;0.123;766.6;0.124;60;0;0;0.521;0.639;0.491;95;116;91;49.98;49.98;49.98;13043;1000;0.0;0;0.0000;0;0;254;254;254
60;2014-01-27 09:30:00;909402N262;312;0.259;23;233;232;233;233;0.564;49.99;599.7;0.242;619.0;0.125;762.6;0.127;60;0;0;0.546;0.672;0.474;100;123;87;49.99;49.99;49.99;13043;1000;0.0;0;0.0000;0;0;259;259;259
60;2014-01-27 09:31:00;909402N262;308;0.264;23;232;232;233;233;0.556;49.99;593.4;0.244;611.3;0.125;753.9;0.128;60;0;0;0.553;0.625;0.490;100;113;92;49.99;49.99;49.99;13043;1000;0.0;0;0.0000;0;0;264;264;264
60;2014-01-27 09:32:00;909402N262;310;0.270;23;232;232;233;232;0.550;49.98;600.0;0.242;618.1;0.125;762.0;0.126;60;0;0;0.542;0.638;0.472;101;119;89;49.98;49.98;49.98;13043;1000;0.0;0;0.0000;0;0;270;270;270
60;2014-01-27 09:33:00;909402N262;315;0.274;23;232;232;233;232;0.555;49.97;600.5;0.245;620.6;0.125;762.6;0.127;60;0;0;0.561;0.647;0.459;105;121;87;49.97;49.97;49.97;13043;1000;0.0;0;0.0000;0;0;274;274;274
60;2014-01-27 09:34:00;909402N262;325;0.280;23;232;232;233;232;0.570;49.98;601.4;0.252;617.7;0.129;770.3;0.131;60;0;0;0.582;0.650;0.480;110;122;92;49.98;49.98;49.98;13043;1000;0.0;0;0.0000;0;0;280;280;280
60;2014-01-27 09:35:00;909402N262;333;0.285;23;232;232;233;232;0.591;49.98;602.2;0.257;620.2;0.132;767.3;0.135;60;0;0;0.616;0.675;0.483;116;125;91;49.98;49.98;49.98;13043;1000;0.0;0;0.0000;0;0;285;285;285
60;2014-01-27 09:36:00;909402N262;334;0.291;23;233;233;233;232;0.591;49.99;602.2;0.258;621.4;0.132;767.3;0.135;60;0;0;0.621;0.676;0.478;116;125;92;49.99;49.99;49.99;13043;1000;0.0;0;0.0000;0;0;291;291;291
60;2014-01-27 09:37:00;909402N262;330;0.296;23;233;233;232;232;0.580;49.98;601.6;0.255;618.7;0.131;771.4;0.133;60;0;0;0.578;0.660;0.502;109;123;96;49.98;49.98;49.98;13043;1000;0.0;0;0.0000;0;0;296;296;296
60;2014-01-27 09:38:00;909402N262;327;0.302;23;233;233;232;233;0.567;49.99;601.2;0.253;616.9;0.131;774.1;0.131;60;0;0;0.560;0.650;0.491;107;124;95;49.99;49.99;49.99;13043;1000;0.0;0;0.0000;0;0;302;302;302
60;2014-01-27 09:39:00;909402N262;324;0.308;23;233;233;233;233;0.565;50.00;601.4;0.252;616.4;0.130;772.4;0.130;60;0;0;0.556;0.621;0.520;105;118;100;50.00;50.00;50.00;13043;1000;0.0;0;0.0000;0;0;308;308;308
60;2014-01-27 09:40:00;909402N262;328;0.312;23;233;232;233;233;0.572;50.00;601.4;0.254;617.0;0.131;772.9;0.131;60;0;0;0.565;0.635;0.516;107;120;99;50.00;50.00;50.00;13043;1000;0.0;0;0.0000;0;0;312;312;312
60;2014-01-27 09:41:00;909402N262;330;0.318;23;233;233;234;233;0.577;50.00;601.9;0.255;618.5;0.132;772.0;0.132;60;0;0;0.588;0.644;0.500;111;122;95;50.00;50.00;50.00;13043;1000;0.0;0;0.0000;0;0;318;318;318
60;2014-01-27 09:42:00;909402N262;331;0.323;23;233;233;234;233;0.584;50.01;602.2;0.256;618.9;0.132;768.9;0.134;60;0;0;0.593;0.685;0.475;111;130;90;50.01;50.01;50.01;13043;1000;0.0;0;0.0000;0;0;323;323;323
60;2014-01-27 09:43:00;909402N262;335;0.329;23;233;232;234;233;0.599;50.01;602.7;0.259;621.6;0.132;766.5;0.136;60;0;0;0.618;0.688;0.491;115;127;92;50.01;50.01;50.01;13043;1000;0.0;0;0.0000;0;0;329;329;329
60;2014-01-27 09:44:00;909402N262;335;0.335;23;233;232;234;233;0.596;50.00;602.5;0.257;620.6;0.132;766.2;0.135;60;0;0;0.607;0.683;0.498;113;126;94;50.00;50.00;50.00;13043;1000;0.0;0;0.0000;0;0;335;335;335
60;2014-01-27 09:45:00;909402N262;333;0.341;23;233;232;234;233;0.590;50.02;602.2;0.257;619.8;0.132;768.0;0.134;60;0;0;0.595;0.678;0.498;111;127;94;50.02;50.02;50.02;13043;1000;0.0;0;0.0000;0;0;341;341;341
60;2014-01-27 09:46:00;909402N262;338;0.347;23;233;232;233;233;0.603;50.00;595.5;0.265;601.6;0.135;763.9;0.139;60;0;0;0.586;0.690;0.534;109;127;100;50.00;50.00;50.00;13043;1000;0.0;0;0.0000;0;0;347;347;347
60;2014-01-27 09:47:00;909402N262;350;0.353;23;233;233;233;233;0.618;50.00;603.5;0.270;621.5;0.139;775.3;0.140;60;0;0;0.603;0.693;0.559;114;129;105;50.00;50.00;50.00;13043;1000;0.0;0;0.0000;0;0;353;353;353
60;2014-01-27 09:48:00;909402N262;356;0.357;23;233;233;233;233;0.624;49.99;603.5;0.274;622.3;0.140;775.7;0.142;60;0;0;0.614;0.690;0.570;116;129;109;49.99;49.99;49.99;13043;1000;0.0;0;0.0000;0;0;357;357;357
60;2014-01-27 09:49:00;909402N262;362;0.363;23;233;234;233;233;0.639;49.99;604.2;0.278;626.6;0.143;770.6;0.146;60;0;0;0.619;0.730;0.568;116;137;106;49.99;49.99;49.99;13043;1000;0.0;0;0.0000;0;0;363;363;363
60;2014-01-27 09:50:00;909402N262;365;0.370;23;233;234;233;233;0.650;49.99;604.1;0.281;629.7;0.144;768.7;0.148;60;0;0;0.637;0.747;0.568;119;138;106;49.99;49.99;49.99;13043;1000;0.0;0;0.0000;0;0;370;370;370
60;2014-01-27 09:51:00;909402N262;363;0.376;23;234;234;233;233;0.645;49.99;604.1;0.278;628.0;0.144;769.2;0.147;60;0;0;0.626;0.732;0.577;117;136;109;49.99;49.99;49.99;13043;1000;0.0;0;0.0000;0;0;376;376;376
60;2014-01-27 09:52:00;909402N262;358;0.382;23;234;234;233;233;0.629;49.98;603.2;0.275;623.6;0.141;772.0;0.144;60;0;0;0.618;0.710;0.560;116;132;106;49.98;49.98;49.98;13043;1000;0.0;0;0.0000;0;0;382;382;382
60;2014-01-27 09:53:00;909402N262;360;0.388;24;233;233;233;233;0.638;49.99;603.9;0.277;625.3;0.142;771.1;0.145;60;0;0;0.606;0.737;0.571;114;137;108;49.99;49.99;49.99;13043;1000;0.0;0;0.0000;0;0;388;388;388
60;2014-01-27 09:54:00;909402N262;370;0.394;24;233;233;233;233;0.655;50.00;604.3;0.284;630.1;0.145;772.4;0.149;60;0;0;0.621;0.747;0.598;116;139;113;50.00;50.00;50.00;13043;1000;0.0;0;0.0000;0;0;394;394;394
60;2014-01-27 09:55:00;909402N262;371;0.400;24;233;233;234;234;0.658;50.00;604.7;0.285;628.0;0.147;775.2;0.150;60;0;0;0.634;0.755;0.585;119;141;111;50.00;50.00;50.00;13043;1000;0.0;0;0.0000;0;0;400;400;400
60;2014-01-27 09:56:00;909402N262;366;0.407;24;233;233;233;234;0.650;49.99;603.8;0.281;629.3;0.144;769.4;0.148;60;0;0;0.616;0.742;0.593;116;138;110;49.99;49.99;49.99;13043;1000;0.0;0;0.0000;0;0;407;407;407
60;2014-01-27 09:57:00;909402N262;365;0.413;24;233;233;234;233;0.648;49.98;603.6;0.281;628.7;0.144;769.2;0.148;60;0;0;0.631;0.717;0.596;119;133;111;49.98;49.98;49.98;13043;1000;0.0;0;0.0000;0;0;413;413;413
60;2014-01-27 09:58:00;909402N262;374;0.419;24;233;233;233;234;0.663;50.01;604.8;0.287;626.6;0.148;776.5;0.150;60;0;0;0.641;0.737;0.611;121;137;116;50.01;50.01;50.01;13043;1000;0.0;0;0.0000;0;0;419;419;419
60;2014-01-27 09:59:00;909402N262;383;0.425;24;233;233;233;234;0.674;50.00;604.9;0.293;627.6;0.152;775.3;0.155;60;0;0;0.635;0.744;0.643;120;139;122;50.00;50.00;50.00;13043;1000;0.0;0;0.0000;0;0;425;425;425
60;2014-01-27 10:00:00;909402N262;391;0.432;24;234;234;233;234;0.689;50.00;605.6;0.298;631.9;0.153;773.5;0.158;60;0;0;0.649;0.761;0.659;122;144;124;50.00;50.00;50.00;13043;1000;0.0;0;0.0000;0;0;432;432;432
[wr_ende]
