20141127;080008;danfoss;My Plant;+0100
[wr_def_start]
909402N262;Inverter Type;Inverter Group;Hanzl
[wr_def_end]
[wr]
INTERVAL;TIMESTAMP;SERIAL;P_AC;E_DAY;T_WR;U_AC;U_AC_1;U_AC_2;U_AC_3;I_AC;F_AC;U_DC_1;I_DC_1;U_DC_2;I_DC_2;U_DC_3;I_DC_3;S;E_WR;M_WR;I_AC_1;I_AC_2;I_AC_3;P_AC_1;P_AC_2;P_AC_3;F_AC_1;F_AC_2;F_AC_3;R_DC;PC;PCS;PCS_LL;COS_PHI;COS_PHI_LL;S_COS_PHI;Current_Day_Energy;current_Day_Offset;ccEnergyOfDay_WithoutOffset
60;2014-11-27 07:01:00;909402N262;0;0.000;21;232;232;233;232;0.000;50.04;227.7;0.000;227.2;0.000;227.8;0.000;50;0;0;0.000;0.000;0.000;0;0;0;50.04;50.04;50.04;0;1000;0.0;0;1.0000;0;2;0;0;0
60;2014-11-27 07:02:00;909402N262;0;0.000;22;232;232;233;232;0.000;50.05;227.2;0.000;226.7;0.000;227.8;0.000;50;0;0;0.000;0.000;0.000;0;0;0;50.05;50.05;50.05;0;1000;0.0;0;1.0000;0;2;0;0;0
60;2014-11-27 07:03:00;909402N262;0;0.000;22;232;232;233;232;0.000;50.04;230.5;0.000;229.9;0.000;230.8;0.000;50;0;0;0.000;0.000;0.000;0;0;0;50.04;50.04;50.04;0;1000;0.0;0;1.0000;0;2;0;0;0
60;2014-11-27 07:04:00;909402N262;0;0.000;22;231;231;232;231;0.000;50.04;233.1;0.000;232.6;0.000;233.3;0.000;50;0;0;0.000;0.000;0.000;0;0;0;50.04;50.04;50.04;0;1000;0.0;0;1.0000;0;2;0;0;0
60;2014-11-27 07:05:00;909402N262;0;0.000;22;231;231;232;231;0.000;50.03;226.4;0.000;225.8;0.000;226.8;0.000;50;0;0;0.000;0.000;0.000;0;0;0;50.03;50.03;50.03;0;1000;0.0;0;1.0000;0;2;0;0;0
60;2014-11-27 07:06:00;909402N262;0;0.000;22;231;231;232;231;0.000;50.03;229.5;0.000;228.9;0.000;228.9;0.000;50;0;0;0.000;0.000;0.000;0;0;0;50.03;50.03;50.03;0;1000;0.0;0;1.0000;0;2;0;0;0
60;2014-11-27 07:07:00;909402N262;0;0.000;22;231;231;232;231;0.000;50.03;230.0;0.000;229.5;0.000;230.0;0.000;50;0;0;0.000;0.000;0.000;0;0;0;50.03;50.03;50.03;0;1000;0.0;0;1.0000;0;2;0;0;0
60;2014-11-27 07:08:00;909402N262;0;0.000;22;231;230;232;231;0.000;50.02;231.7;0.000;231.1;0.000;231.5;0.000;50;0;0;0.000;0.000;0.000;0;0;0;50.02;50.02;50.02;0;1000;0.0;0;1.0000;0;2;0;0;0
60;2014-11-27 07:09:00;909402N262;0;0.000;22;231;230;231;231;0.000;50.01;234.5;0.000;233.9;0.000;234.3;0.000;50;0;0;0.000;0.000;0.000;0;0;0;50.01;50.01;50.01;0;1000;0.0;0;1.0000;0;2;0;0;0
60;2014-11-27 07:10:00;909402N262;0;0.000;22;233;232;233;233;0.000;50.00;238.0;0.000;237.4;0.000;238.0;0.000;50;0;0;0.000;0.000;0.000;0;0;0;50.00;50.00;50.00;0;1000;0.0;0;1.0000;0;2;0;0;0
60;2014-11-27 07:11:00;909402N262;0;0.000;23;233;233;234;233;0.000;49.99;231.6;0.000;231.0;0.000;231.8;0.000;50;0;0;0.000;0.000;0.000;0;0;0;49.99;49.99;49.99;0;1000;0.0;0;1.0000;0;2;0;0;0
60;2014-11-27 07:12:00;909402N262;0;0.000;23;234;234;234;233;0.000;49.99;227.6;0.000;227.0;0.000;226.6;0.000;50;0;0;0.000;0.000;0.000;0;0;0;49.99;49.99;49.99;0;1000;0.0;0;1.0000;0;2;0;0;0
60;2014-11-27 07:13:00;909402N262;0;0.000;23;234;233;234;234;0.000;49.98;229.4;0.000;228.8;0.000;229.9;0.000;50;0;0;0.000;0.000;0.000;0;0;0;49.98;49.98;49.98;0;1000;0.0;0;1.0000;0;2;0;0;0
60;2014-11-27 07:14:00;909402N262;0;0.000;23;234;233;235;234;0.000;49.97;233.4;0.000;232.9;0.000;233.2;0.000;50;0;0;0.000;0.000;0.000;0;0;0;49.97;49.97;49.97;0;1000;0.0;0;1.0000;0;2;0;0;0
60;2014-11-27 07:15:00;909402N262;0;0.000;23;233;231;235;234;0.000;49.98;234.3;0.000;233.8;0.000;235.2;0.000;50;0;0;0.000;0.000;0.000;0;0;0;49.98;49.98;49.98;0;1000;0.0;0;1.0000;0;2;0;0;0
60;2014-11-27 07:16:00;909402N262;0;0.000;23;233;231;235;234;0.000;49.98;238.6;0.000;238.0;0.000;238.6;0.000;50;0;0;0.000;0.000;0.000;0;0;0;49.98;49.98;49.98;0;1000;0.0;0;1.0000;0;2;0;0;0
60;2014-11-27 07:17:00;909402N262;0;0.000;23;233;232;234;234;0.000;50.00;238.9;0.000;238.4;0.000;239.1;0.000;50;0;0;0.000;0.000;0.000;0;0;0;50.00;50.00;50.00;0;1000;0.0;0;1.0000;0;2;0;0;0
60;2014-11-27 07:18:00;909402N262;0;0.000;23;233;233;234;233;0.000;50.00;243.1;0.000;242.5;0.000;243.1;0.000;50;0;0;0.000;0.000;0.000;0;0;0;50.00;50.00;50.00;0;1000;0.0;0;1.0000;0;2;0;0;0
60;2014-11-27 07:19:00;909402N262;0;0.000;23;233;233;234;232;0.000;50.00;249.3;0.000;248.8;0.000;249.3;0.000;50;0;0;0.000;0.000;0.000;0;0;0;50.00;50.00;50.00;0;1000;0.0;0;1.0000;0;2;0;0;0
60;2014-11-27 07:20:00;909402N262;0;0.000;23;233;233;234;232;0.000;49.99;260.8;0.000;260.2;0.000;260.8;0.000;50;0;0;0.000;0.000;0.000;0;0;0;49.99;49.99;49.99;0;1000;0.0;0;1.0000;0;2;0;0;0
60;2014-11-27 07:21:00;909402N262;0;0.000;23;233;233;234;232;0.000;49.98;265.3;0.000;265.0;0.000;265.2;0.000;50;0;0;0.000;0.000;0.000;0;0;0;49.98;49.98;49.98;0;1000;0.0;0;1.0000;0;2;0;0;0
60;2014-11-27 07:22:00;909402N262;0;0.000;23;233;233;234;232;0.000;49.97;253.1;0.000;253.0;0.000;253.0;0.000;50;0;0;0.000;0.000;0.000;0;0;0;49.97;49.97;49.97;0;1000;0.0;0;1.0000;0;2;0;0;0
60;2014-11-27 07:23:00;909402N262;0;0.000;23;233;233;234;232;0.000;49.98;255.0;0.000;254.7;0.000;254.8;0.000;50;0;0;0.000;0.000;0.000;0;0;0;49.98;49.98;49.98;0;1000;0.0;0;1.0000;0;2;0;0;0
60;2014-11-27 07:24:00;909402N262;0;0.000;23;233;233;233;232;0.007;49.99;398.9;0.000;367.9;0.000;398.0;0.000;51;0;0;0.007;0.008;0.007;0;0;0;49.99;49.99;49.99;0;1000;0.0;0;1.0000;0;2;0;0;0
60;2014-11-27 07:25:00;909402N262;0;0.000;23;233;233;233;232;0.004;49.99;462.5;0.000;420.0;0.000;486.5;0.002;52;0;0;0.006;0.003;0.003;0;0;0;49.99;49.99;49.99;10860;1000;0.0;0;1.0000;0;2;0;0;0
60;2014-11-27 07:26:00;909402N262;1;0.000;23;233;233;232;233;0.357;49.98;461.0;0.004;373.7;0.001;504.4;0.001;60;0;0;0.393;0.232;0.446;1;15;1;49.98;49.98;49.98;11464;1000;0.0;0;1.0000;0;2;0;0;0
60;2014-11-27 07:27:00;909402N262;0;0.000;23;233;233;232;234;0.629;49.97;413.8;0.007;299.5;0.003;367.4;0.005;60;0;0;0.711;0.397;0.780;2;29;5;49.97;49.97;49.97;11464;1000;0.0;0;1.0000;0;2;0;0;0
60;2014-11-27 07:28:00;909402N262;1;0.001;23;233;233;233;234;0.656;49.96;424.4;0.009;331.1;0.003;322.0;0.007;60;0;0;0.679;0.567;0.723;3;21;4;49.96;49.96;49.96;11464;1000;0.0;0;1.0000;0;2;1;1;1
60;2014-11-27 07:29:00;909402N262;4;0.001;23;233;233;233;234;0.583;49.97;435.5;0.011;384.3;0.004;385.8;0.007;60;0;0;0.557;0.562;0.630;4;24;6;49.97;49.97;49.97;11464;1000;0.0;0;1.0000;0;2;1;1;1
60;2014-11-27 07:30:00;909402N262;7;0.001;23;233;233;233;233;0.617;49.97;433.4;0.013;414.6;0.006;495.8;0.007;60;0;0;0.587;0.600;0.665;9;19;2;49.97;49.97;49.97;11464;1000;0.0;0;1.0000;0;2;1;1;1
60;2014-11-27 07:31:00;909402N262;9;0.002;23;232;232;232;233;0.603;49.97;446.6;0.015;334.0;0.007;526.1;0.007;60;0;0;0.604;0.487;0.719;7;25;3;49.97;49.97;49.97;11464;1000;0.0;0;1.0000;0;2;2;2;2
60;2014-11-27 07:32:00;909402N262;14;0.002;23;232;232;232;233;0.630;49.98;456.2;0.018;412.0;0.007;547.0;0.010;60;0;0;0.669;0.501;0.722;6;32;1;49.98;49.98;49.98;11464;1000;0.0;0;1.0000;0;2;2;2;2
60;2014-11-27 07:33:00;909402N262;19;0.003;24;232;232;231;233;0.633;49.99;458.7;0.023;467.6;0.007;526.4;0.013;60;0;0;0.682;0.417;0.800;10;37;1;49.99;49.99;49.99;11464;1000;0.0;0;1.0000;0;2;3;3;3
60;2014-11-27 07:34:00;909402N262;25;0.004;24;232;232;231;233;0.677;49.99;472.3;0.028;459.7;0.012;549.0;0.016;60;0;0;0.754;0.466;0.811;10;43;3;49.99;49.99;49.99;11464;1000;0.0;0;1.0000;0;2;4;4;4
60;2014-11-27 07:35:00;909402N262;33;0.004;24;233;233;231;234;0.660;49.99;475.4;0.035;475.8;0.014;586.5;0.019;60;0;0;0.702;0.394;0.886;30;33;0;49.99;49.99;49.99;11464;1000;0.0;0;1.0000;0;2;4;4;4
60;2014-11-27 07:36:00;909402N262;39;0.006;24;233;233;231;234;0.643;49.99;492.4;0.039;454.5;0.018;626.7;0.019;60;0;0;0.643;0.385;0.902;43;31;0;49.99;49.99;49.99;11464;1000;0.0;0;1.0000;0;2;6;6;6
60;2014-11-27 07:37:00;909402N262;43;0.006;24;232;232;231;234;0.596;50.00;492.1;0.041;471.8;0.021;603.9;0.023;60;0;0;0.577;0.329;0.884;44;16;1;50.00;50.00;50.00;11464;1000;0.0;0;1.0000;0;2;6;6;6
60;2014-11-27 07:38:00;909402N262;49;0.007;24;232;232;231;234;0.582;50.00;496.1;0.045;479.6;0.023;616.9;0.027;60;0;0;0.565;0.321;0.862;45;19;0;50.00;50.00;50.00;11464;1000;0.0;0;1.0000;0;2;7;7;7
60;2014-11-27 07:39:00;909402N262;54;0.009;24;232;232;230;234;0.646;50.01;506.9;0.049;499.7;0.024;617.2;0.029;60;0;0;0.690;0.333;0.917;41;24;2;50.01;50.01;50.01;11464;1000;0.0;0;1.0000;0;2;9;9;9
60;2014-11-27 07:40:00;909402N262;59;0.010;24;232;232;231;234;0.643;50.01;502.5;0.054;492.4;0.027;631.8;0.031;60;0;0;0.684;0.280;0.965;45;13;8;50.01;50.01;50.01;11464;1000;0.0;0;1.0000;0;2;10;10;10
60;2014-11-27 07:41:00;909402N262;63;0.010;24;232;231;231;234;0.645;49.99;508.3;0.058;490.6;0.030;634.6;0.031;60;0;0;0.635;0.256;1.046;55;0;25;49.99;49.99;49.99;11464;1000;0.0;0;1.0000;0;2;10;10;9
60;2014-11-27 07:42:00;909402N262;66;0.010;24;232;231;231;233;0.617;49.99;513.9;0.058;500.1;0.031;612.9;0.035;60;0;0;0.594;0.223;1.034;54;0;26;49.99;49.99;49.99;11464;1000;0.0;0;1.0000;0;2;10;10;10
60;2014-11-27 07:43:00;909402N262;70;0.011;24;232;231;230;234;0.556;49.99;508.1;0.063;504.1;0.031;639.4;0.035;60;0;0;0.484;0.167;1.017;52;8;14;49.99;49.99;49.99;11464;1000;0.0;0;1.0000;0;2;11;11;11
60;2014-11-27 07:44:00;909402N262;76;0.013;24;232;231;231;234;0.415;49.98;513.4;0.066;518.9;0.034;655.8;0.035;60;0;0;0.351;0.279;0.617;41;22;11;49.98;49.98;49.98;11464;1000;0.0;0;1.0000;0;2;13;13;13
60;2014-11-27 07:45:00;909402N262;80;0.014;24;232;230;231;234;0.333;49.99;519.7;0.068;531.1;0.035;661.2;0.038;60;0;0;0.275;0.246;0.479;37;24;20;49.99;49.99;49.99;11464;1000;0.0;0;1.0000;0;2;14;14;14
60;2014-11-27 07:46:00;909402N262;81;0.015;24;232;231;231;234;0.537;50.00;512.5;0.071;519.1;0.036;632.5;0.041;60;0;0;0.503;0.248;0.862;53;9;23;50.00;50.00;50.00;11464;1000;0.0;0;1.0000;0;2;15;15;15
60;2014-11-27 07:47:00;909402N262;83;0.016;24;232;231;231;233;0.617;50.00;516.0;0.074;507.4;0.038;643.3;0.042;60;0;0;0.602;0.349;0.902;59;3;38;50.00;50.00;50.00;11464;1000;0.0;0;1.0000;0;2;16;16;16
60;2014-11-27 07:48:00;909402N262;88;0.016;24;232;231;231;233;0.496;50.01;519.5;0.077;517.0;0.039;653.2;0.042;60;0;0;0.461;0.316;0.712;48;17;25;50.01;50.01;50.01;11464;1000;0.0;0;1.0000;0;2;16;16;16
60;2014-11-27 07:49:00;909402N262;92;0.018;24;231;230;231;233;0.263;49.99;524.9;0.078;518.1;0.041;670.4;0.042;60;0;0;0.250;0.266;0.274;34;33;23;49.99;49.99;49.99;11464;1000;0.0;0;1.0000;0;2;18;18;18
60;2014-11-27 07:50:00;909402N262;96;0.019;24;231;231;231;233;0.423;49.99;521.5;0.082;525.4;0.042;659.7;0.045;60;0;0;0.405;0.327;0.538;41;29;25;49.99;49.99;49.99;11464;1000;0.0;0;1.0000;0;2;19;19;19
60;2014-11-27 07:51:00;909402N262;99;0.020;24;231;231;230;233;0.279;49.99;520.9;0.085;536.8;0.042;669.2;0.046;60;0;0;0.242;0.279;0.316;32;40;25;49.99;49.99;49.99;11464;1000;0.0;0;1.0000;0;2;20;20;20
60;2014-11-27 07:52:00;909402N262;100;0.022;25;231;231;231;233;0.305;49.98;521.6;0.084;535.4;0.042;667.3;0.046;60;0;0;0.279;0.300;0.336;35;40;23;49.98;49.98;49.98;11464;1000;0.0;0;1.0000;0;2;22;22;22
60;2014-11-27 07:53:00;909402N262;100;0.023;25;231;230;230;233;0.297;49.98;522.3;0.084;535.9;0.042;667.1;0.046;60;0;0;0.264;0.276;0.352;36;38;24;49.98;49.98;49.98;11464;1000;0.0;0;1.0000;0;2;23;23;23
60;2014-11-27 07:54:00;909402N262;104;0.025;25;231;230;230;233;0.272;50.00;527.7;0.087;547.0;0.042;678.2;0.047;60;0;0;0.243;0.278;0.296;38;40;26;50.00;50.00;50.00;11464;1000;0.0;0;1.0000;0;2;25;25;25
60;2014-11-27 07:55:00;909402N262;113;0.028;25;231;230;230;233;0.262;50.00;529.9;0.095;535.6;0.048;680.8;0.050;60;0;0;0.236;0.264;0.288;39;41;31;50.00;50.00;50.00;11464;1000;0.0;0;1.0000;0;2;28;28;28
60;2014-11-27 07:56:00;909402N262;123;0.028;25;231;230;230;233;0.270;49.99;531.3;0.102;549.3;0.051;684.1;0.054;60;0;0;0.244;0.253;0.313;42;41;38;49.99;49.99;49.99;11464;1000;0.0;0;1.0000;0;2;28;28;28
60;2014-11-27 07:57:00;909402N262;131;0.031;25;231;230;231;233;0.230;49.97;536.8;0.106;562.3;0.054;693.7;0.057;60;0;0;0.225;0.240;0.226;42;45;41;49.97;49.97;49.97;11464;1000;0.0;0;1.0000;0;2;31;31;31
60;2014-11-27 07:58:00;909402N262;134;0.034;25;232;231;231;233;0.231;49.98;535.4;0.110;548.9;0.057;707.4;0.057;60;0;0;0.229;0.232;0.234;43;44;45;49.98;49.98;49.98;11464;1000;0.0;0;1.0000;0;2;34;34;34
60;2014-11-27 07:59:00;909402N262;136;0.037;25;231;230;231;233;0.240;49.98;535.0;0.113;548.1;0.058;710.7;0.058;60;0;0;0.239;0.241;0.240;45;45;44;49.98;49.98;49.98;11464;1000;0.0;0;1.0000;0;2;37;37;37
60;2014-11-27 08:00:00;909402N262;140;0.037;25;231;230;231;233;0.252;50.01;539.7;0.116;555.6;0.059;688.6;0.062;60;0;0;0.232;0.275;0.251;42;49;46;50.01;50.01;50.01;11464;1000;0.0;0;1.0000;0;2;37;37;37
[wr_ende]
