20141115;130005;danfoss;My Plant;+0100
[wr_def_start]
909402N262;Inverter Type;Inverter Group;Hanzl
[wr_def_end]
[wr]
INTERVAL;TIMESTAMP;SERIAL;P_AC;E_DAY;T_WR;U_AC;U_AC_1;U_AC_2;U_AC_3;I_AC;F_AC;U_DC_1;I_DC_1;U_DC_2;I_DC_2;U_DC_3;I_DC_3;S;E_WR;M_WR;I_AC_1;I_AC_2;I_AC_3;P_AC_1;P_AC_2;P_AC_3;F_AC_1;F_AC_2;F_AC_3;R_DC;PC;PCS;PCS_LL;COS_PHI;COS_PHI_LL;S_COS_PHI;Current_Day_Energy;current_Day_Offset;ccEnergyOfDay_WithoutOffset
60;2014-11-15 12:01:00;909402N262;908;3.466;38;233;232;234;233;1.624;49.99;566.4;0.711;615.7;0.383;390.4;0.722;60;0;0;1.577;1.656;1.640;287;313;307;49.99;49.99;49.99;15744;1000;0.0;0;1.0000;0;2;3466;3466;3466
60;2014-11-15 12:02:00;909402N262;887;3.481;38;233;231;234;233;1.587;49.98;568.0;0.694;633.4;0.362;390.5;0.694;60;0;0;1.535;1.628;1.600;279;308;299;49.98;49.98;49.98;15744;1000;0.0;0;1.0000;0;2;3481;3481;3481
60;2014-11-15 12:03:00;909402N262;978;3.498;38;233;231;234;233;1.692;49.99;570.0;0.766;637.2;0.394;392.7;0.760;60;0;0;1.632;1.736;1.709;307;339;330;49.99;49.99;49.99;15744;1000;0.0;0;1.0000;0;2;3498;3498;3498
60;2014-11-15 12:04:00;909402N262;1056;3.516;38;233;231;234;233;1.785;50.00;572.2;0.813;637.6;0.431;395.6;0.824;60;0;0;1.725;1.829;1.802;333;365;357;50.00;50.00;50.00;15744;1000;0.0;0;1.0000;0;2;3516;3516;3516
60;2014-11-15 12:05:00;909402N262;994;3.532;38;233;231;234;233;1.711;50.01;569.3;0.763;631.7;0.412;393.6;0.782;60;0;0;1.655;1.753;1.726;312;344;336;50.01;50.01;50.01;15744;1000;0.0;0;1.0000;0;2;3532;3532;3532
60;2014-11-15 12:06:00;909402N262;874;3.546;38;233;232;234;232;1.576;50.00;567.1;0.667;626.3;0.368;390.5;0.695;60;0;0;1.528;1.614;1.587;275;303;295;50.00;50.00;50.00;15744;1000;0.0;0;1.0000;0;2;3546;3546;3546
60;2014-11-15 12:07:00;909402N262;740;3.558;38;232;232;233;233;1.428;49.99;565.5;0.574;624.5;0.311;386.5;0.586;60;0;0;1.381;1.460;1.443;231;257;251;49.99;49.99;49.99;15744;1000;0.0;0;1.0000;0;2;3558;3558;3558
60;2014-11-15 12:08:00;909402N262;807;3.573;38;233;232;233;232;1.498;49.99;566.7;0.627;629.6;0.334;388.9;0.636;60;0;0;1.454;1.528;1.512;254;278;273;49.99;49.99;49.99;15744;1000;0.0;0;1.0000;0;2;3573;3573;3573
60;2014-11-15 12:09:00;909402N262;810;3.587;38;233;232;233;233;1.501;49.98;569.8;0.617;626.5;0.343;389.3;0.639;60;0;0;1.456;1.531;1.516;255;278;275;49.98;49.98;49.98;15744;1000;0.0;0;1.0000;0;2;3587;3587;3587
60;2014-11-15 12:10:00;909402N262;696;3.599;38;233;232;233;233;1.382;49.99;556.5;0.553;623.9;0.292;384.0;0.548;60;0;0;1.340;1.409;1.398;217;240;237;49.99;49.99;49.99;15744;1000;0.0;0;1.0000;0;2;3599;3599;3599
60;2014-11-15 12:11:00;909402N262;797;3.611;38;233;233;232;234;1.490;50.00;560.1;0.642;631.0;0.321;388.4;0.620;60;0;0;1.448;1.508;1.516;251;271;273;50.00;50.00;50.00;15744;1000;0.0;0;1.0000;0;2;3611;3611;3611
60;2014-11-15 12:12:00;909402N262;1000;3.628;38;233;232;232;234;1.718;50.00;574.4;0.782;639.6;0.398;393.6;0.775;60;0;0;1.665;1.743;1.748;317;340;342;50.00;50.00;50.00;15744;1000;0.0;0;1.0000;0;2;3628;3628;3628
60;2014-11-15 12:13:00;909402N262;1066;3.646;38;233;231;233;233;1.796;49.99;574.5;0.829;641.2;0.426;395.7;0.824;60;0;0;1.735;1.835;1.818;337;367;361;49.99;49.99;49.99;15744;1000;0.0;0;1.0000;0;2;3646;3646;3646
60;2014-11-15 12:14:00;909402N262;1302;3.667;38;233;232;234;233;2.089;50.01;576.4;1.018;645.7;0.512;398.9;0.996;60;0;0;2.031;2.128;2.109;417;445;438;50.01;50.01;50.01;15744;1000;0.0;0;1.0000;0;2;3667;3667;3667
60;2014-11-15 12:15:00;909402N262;1630;3.695;38;233;233;233;233;2.513;50.01;577.6;1.246;649.4;0.649;402.9;1.253;60;0;0;2.466;2.544;2.529;531;551;546;50.01;50.01;50.01;15744;1000;0.0;0;1.0000;0;2;3695;3695;3695
60;2014-11-15 12:16:00;909402N262;1358;3.717;38;233;234;232;233;2.161;50.00;572.4;1.025;620.9;0.579;399.8;1.066;60;0;0;2.121;2.174;2.188;442;455;459;50.00;50.00;50.00;15744;1000;0.0;0;1.0000;0;2;3717;3717;3717
60;2014-11-15 12:17:00;909402N262;1093;3.735;38;233;233;232;233;1.830;50.00;576.2;0.816;629.1;0.467;395.1;0.857;60;0;0;1.791;1.850;1.850;353;369;369;50.00;50.00;50.00;15744;1000;0.0;0;1.0000;0;2;3735;3735;3735
60;2014-11-15 12:18:00;909402N262;1010;3.752;38;233;233;232;233;1.730;50.00;576.1;0.767;631.3;0.421;392.8;0.792;60;0;0;1.693;1.749;1.748;325;341;341;50.00;50.00;50.00;15744;1000;0.0;0;1.0000;0;2;3752;3752;3752
60;2014-11-15 12:19:00;909402N262;977;3.768;38;233;232;234;232;1.689;49.99;574.9;0.756;633.2;0.396;391.9;0.763;60;0;0;1.647;1.722;1.698;312;335;328;49.99;49.99;49.99;15744;1000;0.0;0;1.0000;0;2;3768;3768;3768
60;2014-11-15 12:20:00;909402N262;1230;3.789;38;233;232;234;233;1.997;50.00;569.5;0.974;644.2;0.482;397.2;0.946;60;0;0;1.945;2.035;2.013;394;421;413;50.00;50.00;50.00;15744;1000;0.0;0;1.0000;0;2;3789;3789;3789
60;2014-11-15 12:21:00;909402N262;1207;3.810;38;233;233;234;233;1.968;50.01;568.6;0.936;641.5;0.486;397.5;0.940;60;0;0;1.919;2.004;1.982;388;412;405;50.01;50.01;50.01;15744;1000;0.0;0;1.0000;0;2;3810;3810;3810
60;2014-11-15 12:22:00;909402N262;1022;3.826;38;233;233;234;233;1.746;50.01;564.6;0.790;634.0;0.424;393.8;0.802;60;0;0;1.705;1.776;1.757;328;349;343;50.01;50.01;50.01;15744;1000;0.0;0;1.0000;0;2;3826;3826;3826
60;2014-11-15 12:23:00;909402N262;757;3.839;38;233;234;233;232;1.451;50.01;561.3;0.581;623.6;0.325;386.7;0.603;60;0;0;1.425;1.472;1.457;242;259;255;50.01;50.01;50.01;15744;1000;0.0;0;1.0000;0;2;3839;3839;3839
60;2014-11-15 12:24:00;909402N262;606;3.848;38;233;234;234;232;1.296;50.00;556.0;0.483;619.2;0.253;380.2;0.483;60;0;0;1.272;1.313;1.303;191;209;205;50.00;50.00;50.00;15744;1000;0.0;0;1.0000;0;2;3848;3848;3848
60;2014-11-15 12:25:00;909402N262;657;3.860;38;233;233;234;233;1.345;50.00;550.5;0.533;617.6;0.271;382.9;0.523;60;0;0;1.314;1.367;1.355;206;227;222;50.00;50.00;50.00;15744;1000;0.0;0;1.0000;0;2;3860;3860;3860
60;2014-11-15 12:26:00;909402N262;876;3.874;38;233;233;234;233;1.579;50.00;566.6;0.704;630.3;0.349;390.1;0.680;60;0;0;1.543;1.603;1.593;279;300;295;50.00;50.00;50.00;15744;1000;0.0;0;1.0000;0;2;3874;3874;3874
60;2014-11-15 12:27:00;909402N262;1093;3.892;38;233;234;233;233;1.828;50.00;566.8;0.858;634.3;0.441;395.5;0.852;60;0;0;1.790;1.853;1.841;353;371;367;50.00;50.00;50.00;15744;1000;0.0;0;1.0000;0;2;3892;3892;3892
60;2014-11-15 12:28:00;909402N262;961;3.909;38;233;233;234;233;1.671;49.99;564.1;0.737;627.0;0.404;392.9;0.761;60;0;0;1.628;1.701;1.685;306;329;324;49.99;49.99;49.99;15744;1000;0.0;0;1.0000;0;2;3909;3909;3909
60;2014-11-15 12:29:00;909402N262;679;3.920;38;233;233;234;233;1.367;49.99;557.3;0.516;615.5;0.299;384.1;0.546;60;0;0;1.325;1.396;1.382;210;236;231;49.99;49.99;49.99;15744;1000;0.0;0;1.0000;0;2;3920;3920;3920
60;2014-11-15 12:30:00;909402N262;518;3.929;38;233;233;233;233;1.216;49.99;552.2;0.406;605.2;0.228;376.4;0.420;60;0;0;1.187;1.236;1.226;159;181;177;49.99;49.99;49.99;15744;1000;0.0;0;1.0000;0;2;3929;3929;3929
60;2014-11-15 12:31:00;909402N262;461;3.936;38;233;232;234;233;1.168;49.99;548.4;0.376;602.5;0.200;364.6;0.383;60;0;0;1.133;1.191;1.182;138;163;158;49.99;49.99;49.99;15744;1000;0.0;0;1.0000;0;2;3936;3936;3936
60;2014-11-15 12:32:00;909402N262;478;3.944;38;233;232;234;233;1.181;49.99;551.0;0.389;611.7;0.199;372.3;0.387;60;0;0;1.143;1.209;1.192;143;170;163;49.99;49.99;49.99;15744;1000;0.0;0;1.0000;0;2;3944;3944;3944
60;2014-11-15 12:33:00;909402N262;519;3.953;38;233;232;234;233;1.215;49.98;556.8;0.421;614.4;0.215;374.7;0.416;60;0;0;1.175;1.245;1.227;157;184;177;49.98;49.98;49.98;15744;1000;0.0;0;1.0000;0;2;3953;3953;3953
60;2014-11-15 12:34:00;909402N262;613;3.963;38;233;232;234;233;1.300;49.98;560.3;0.491;618.3;0.254;381.5;0.485;60;0;0;1.260;1.329;1.311;189;214;208;49.98;49.98;49.98;15744;1000;0.0;0;1.0000;0;2;3963;3963;3963
60;2014-11-15 12:35:00;909402N262;744;3.975;38;234;232;235;234;1.431;49.98;563.9;0.594;629.2;0.300;386.9;0.584;60;0;0;1.385;1.466;1.444;231;259;252;49.98;49.98;49.98;15744;1000;0.0;0;1.0000;0;2;3975;3975;3975
60;2014-11-15 12:36:00;909402N262;901;3.991;38;233;231;235;234;1.601;49.98;568.7;0.718;630.6;0.360;391.8;0.699;60;0;0;1.541;1.645;1.619;280;314;305;49.98;49.98;49.98;15744;1000;0.0;0;1.0000;0;2;3991;3991;3991
60;2014-11-15 12:37:00;909402N262;978;4.007;38;234;232;235;234;1.692;50.01;566.4;0.783;632.4;0.389;393.2;0.758;60;0;0;1.638;1.732;1.706;308;339;330;50.01;50.01;50.01;15744;1000;0.0;0;1.0000;0;2;4007;4007;4007
60;2014-11-15 12:38:00;909402N262;996;4.024;38;234;232;235;234;1.711;50.01;568.1;0.779;635.0;0.405;393.7;0.774;60;0;0;1.658;1.751;1.724;314;344;335;50.01;50.01;50.01;15744;1000;0.0;0;1.0000;0;2;4024;4024;4024
60;2014-11-15 12:39:00;909402N262;875;4.039;38;234;232;235;234;1.574;50.00;563.8;0.689;624.7;0.365;390.6;0.680;60;0;0;1.524;1.614;1.586;274;304;295;50.00;50.00;50.00;15744;1000;0.0;0;1.0000;0;2;4039;4039;4039
60;2014-11-15 12:40:00;909402N262;876;4.053;38;234;232;235;233;1.576;50.01;565.1;0.695;629.9;0.357;390.4;0.682;60;0;0;1.527;1.613;1.589;275;304;296;50.01;50.01;50.01;15744;1000;0.0;0;1.0000;0;2;4053;4053;4053
60;2014-11-15 12:41:00;909402N262;1018;4.070;38;234;233;235;233;1.736;49.99;569.2;0.790;635.3;0.418;393.7;0.792;60;0;0;1.686;1.775;1.748;323;351;342;49.99;49.99;49.99;15744;1000;0.0;0;1.0000;0;2;4070;4070;4070
60;2014-11-15 12:42:00;909402N262;964;4.086;38;234;233;234;234;1.672;49.99;570.7;0.742;630.4;0.406;391.8;0.748;60;0;0;1.625;1.704;1.689;305;330;326;49.99;49.99;49.99;15744;1000;0.0;0;1.0000;0;2;4086;4086;4086
60;2014-11-15 12:43:00;909402N262;998;4.102;38;234;233;234;234;1.714;50.00;573.6;0.778;635.6;0.408;392.6;0.769;60;0;0;1.664;1.745;1.734;316;342;339;50.00;50.00;50.00;15744;1000;0.0;0;1.0000;0;2;4102;4102;4102
60;2014-11-15 12:44:00;909402N262;1166;4.122;38;234;233;235;234;1.916;50.02;575.9;0.909;640.1;0.467;396.0;0.897;60;0;0;1.865;1.952;1.933;373;399;392;50.02;50.02;50.02;15744;1000;0.0;0;1.0000;0;2;4122;4122;4122
60;2014-11-15 12:45:00;909402N262;1357;4.145;38;234;233;235;234;2.153;50.02;572.9;1.061;645.7;0.539;399.1;1.035;60;0;0;2.098;2.196;2.166;435;465;454;50.02;50.02;50.02;15744;1000;0.0;0;1.0000;0;2;4145;4145;4145
60;2014-11-15 12:46:00;909402N262;1516;4.170;38;234;233;235;234;2.351;50.00;570.1;1.179;642.9;0.609;397.9;1.171;60;0;0;2.294;2.399;2.361;487;517;505;50.00;50.00;50.00;15744;1000;0.0;0;1.0000;0;2;4170;4170;4170
60;2014-11-15 12:47:00;909402N262;1419;4.193;38;234;233;235;234;2.229;49.98;573.5;1.089;644.5;0.575;399.6;1.092;60;0;0;2.169;2.275;2.243;456;485;476;49.98;49.98;49.98;15744;1000;0.0;0;1.0000;0;2;4193;4193;4193
60;2014-11-15 12:48:00;909402N262;1123;4.212;38;234;233;235;234;1.861;49.99;573.0;0.863;636.5;0.464;394.3;0.866;60;0;0;1.809;1.902;1.872;358;385;377;49.99;49.99;49.99;15744;1000;0.0;0;1.0000;0;2;4212;4212;4212
60;2014-11-15 12:49:00;909402N262;1048;4.230;38;234;233;235;234;1.770;49.99;570.8;0.831;637.3;0.421;392.4;0.802;60;0;0;1.719;1.809;1.784;333;361;353;49.99;49.99;49.99;15744;1000;0.0;0;1.0000;0;2;4230;4230;4230
60;2014-11-15 12:50:00;909402N262;1316;4.252;38;234;233;235;234;2.098;49.99;570.2;1.048;644.3;0.516;397.3;1.000;60;0;0;2.041;2.137;2.118;421;450;443;49.99;49.99;49.99;15744;1000;0.0;0;1.0000;0;2;4252;4252;4252
60;2014-11-15 12:51:00;909402N262;1319;4.274;38;234;233;235;234;2.105;50.01;570.5;1.034;643.2;0.525;397.4;1.012;60;0;0;2.047;2.149;2.119;422;452;443;50.01;50.01;50.01;15744;1000;0.0;0;1.0000;0;2;4274;4274;4274
60;2014-11-15 12:52:00;909402N262;1151;4.292;38;234;233;235;234;1.897;50.01;570.9;0.898;640.1;0.465;394.8;0.888;60;0;0;1.845;1.938;1.910;368;395;387;50.01;50.01;50.01;15744;1000;0.0;0;1.0000;0;2;4292;4292;4292
60;2014-11-15 12:53:00;909402N262;1005;4.309;38;234;234;235;234;1.724;50.01;569.4;0.785;635.1;0.411;392.1;0.778;60;0;0;1.678;1.757;1.737;321;344;338;50.01;50.01;50.01;15744;1000;0.0;0;1.0000;0;2;4309;4309;4309
60;2014-11-15 12:54:00;909402N262;908;4.324;38;234;233;235;234;1.613;50.01;562.4;0.724;630.0;0.371;389.4;0.705;60;0;0;1.567;1.646;1.626;287;312;307;50.01;50.01;50.01;15744;1000;0.0;0;1.0000;0;2;4324;4324;4324
60;2014-11-15 12:55:00;909402N262;825;4.338;38;234;232;235;234;1.520;50.02;562.1;0.662;631.4;0.333;387.3;0.641;60;0;0;1.470;1.560;1.532;257;286;279;50.02;50.02;50.02;15744;1000;0.0;0;1.0000;0;2;4338;4338;4338
60;2014-11-15 12:56:00;909402N262;808;4.352;38;234;233;235;234;1.502;50.02;561.2;0.662;630.4;0.321;386.5;0.624;60;0;0;1.458;1.533;1.517;254;279;274;50.02;50.02;50.02;15744;1000;0.0;0;1.0000;0;2;4352;4352;4352
60;2014-11-15 12:57:00;909402N262;1036;4.369;38;234;232;235;234;1.759;50.02;564.5;0.835;635.9;0.409;392.7;0.799;60;0;0;1.704;1.797;1.776;327;357;350;50.02;50.02;50.02;15744;1000;0.0;0;1.0000;0;2;4369;4369;4369
60;2014-11-15 12:58:00;909402N262;995;4.386;38;234;232;235;234;1.711;50.00;565.5;0.782;625.8;0.412;392.2;0.774;60;0;0;1.658;1.750;1.727;314;342;336;50.00;50.00;50.00;15744;1000;0.0;0;1.0000;0;2;4386;4386;4386
60;2014-11-15 12:59:00;909402N262;825;4.400;38;234;233;233;234;1.521;50.00;561.7;0.659;623.0;0.342;388.0;0.639;60;0;0;1.478;1.545;1.540;260;282;281;50.00;50.00;50.00;15744;1000;0.0;0;1.0000;0;2;4400;4400;4400
60;2014-11-15 13:00:00;909402N262;758;4.413;38;234;234;234;234;1.451;50.02;560.5;0.618;621.9;0.312;384.9;0.581;60;0;0;1.411;1.475;1.468;238;260;258;50.02;50.02;50.02;15744;1000;0.0;0;1.0000;0;2;4413;4413;4413
[wr_ende]
