20140301;190000;danfoss;My Plant;+0100
[wr_def_start]
909402N262;Inverter Type;Inverter Group;Hanzl
[wr_def_end]
[wr]
INTERVAL;TIMESTAMP;SERIAL;P_AC;E_DAY;T_WR;U_AC;U_AC_1;U_AC_2;U_AC_3;I_AC;F_AC;U_DC_1;I_DC_1;U_DC_2;I_DC_2;U_DC_3;I_DC_3;S;E_WR;M_WR;I_AC_1;I_AC_2;I_AC_3;P_AC_1;P_AC_2;P_AC_3;F_AC_1;F_AC_2;F_AC_3;R_DC;PC;PCS;PCS_LL;COS_PHI;COS_PHI_LL;S_COS_PHI;Current_Day_Energy;current_Day_Offset;ccEnergyOfDay_WithoutOffset
60;2014-03-01 18:01:00;909402N262;0;29.359;26;232;232;234;231;0.000;50.06;227.8;0.000;202.5;0.000;224.4;0.000;50;0;0;0.000;0.000;0.000;0;0;0;50.06;50.06;50.06;8992;1000;0.0;0;0.0000;0;0;29359;29359;29358
60;2014-03-01 18:02:00;909402N262;0;29.359;26;232;232;234;230;0.000;50.07;227.1;0.000;180.4;0.000;202.2;0.000;50;0;0;0.000;0.000;0.000;0;0;0;50.07;50.07;50.07;8992;1000;0.0;0;0.0000;0;0;29359;29359;29358
60;2014-03-01 18:03:00;909402N262;0;29.359;26;232;232;234;230;0.000;50.07;230.0;0.000;159.7;0.000;175.4;0.000;50;0;0;0.000;0.000;0.000;0;0;0;50.07;50.07;50.07;8992;1000;0.0;0;0.0000;0;0;29359;29359;29358
60;2014-03-01 18:04:00;909402N262;0;29.359;25;232;232;234;230;0.000;50.06;231.5;0.000;140.4;0.000;150.9;0.000;50;0;0;0.000;0.000;0.000;0;0;0;50.06;50.06;50.06;8992;1000;0.0;0;0.0000;0;0;29359;29359;29358
60;2014-03-01 18:05:00;909402N262;0;29.359;25;232;231;234;230;0.000;50.05;222.2;0.000;122.1;0.000;128.7;0.000;50;0;0;0.000;0.000;0.000;0;0;0;50.05;50.05;50.05;8992;1000;0.0;0;0.0000;0;0;29359;29359;29358
[wr_ende]
