20140414;170002;danfoss;My Plant;+0100
[wr_def_start]
909402N262;Inverter Type;Inverter Group;Hanzl
[wr_def_end]
[wr]
INTERVAL;TIMESTAMP;SERIAL;P_AC;E_DAY;T_WR;U_AC;U_AC_1;U_AC_2;U_AC_3;I_AC;F_AC;U_DC_1;I_DC_1;U_DC_2;I_DC_2;U_DC_3;I_DC_3;S;E_WR;M_WR;I_AC_1;I_AC_2;I_AC_3;P_AC_1;P_AC_2;P_AC_3;F_AC_1;F_AC_2;F_AC_3;R_DC;PC;PCS;PCS_LL;COS_PHI;COS_PHI_LL;S_COS_PHI;Current_Day_Energy;current_Day_Offset;ccEnergyOfDay_WithoutOffset
60;2014-04-14 16:01:00;909402N262;698;34.762;41;236;235;236;236;1.216;50.02;540.6;0.525;601.1;0.329;767.4;0.296;60;0;0;1.192;1.244;1.213;226;236;233;50.02;50.02;50.02;15342;1000;0.0;0;0.0000;0;0;34762;34762;34762
60;2014-04-14 16:02:00;909402N262;703;34.773;41;236;235;236;236;1.207;50.01;545.4;0.519;624.7;0.325;766.6;0.296;60;0;0;1.179;1.240;1.202;227;240;234;50.01;50.01;50.01;15342;1000;0.0;0;0.0000;0;0;34773;34773;34773
60;2014-04-14 16:03:00;909402N262;710;34.785;41;236;235;235;236;1.213;50.00;546.2;0.522;628.0;0.326;767.1;0.301;60;0;0;1.206;1.237;1.196;234;242;233;50.00;50.00;50.00;15342;1000;0.0;0;0.0000;0;0;34785;34785;34785
60;2014-04-14 16:04:00;909402N262;719;34.797;41;235;235;236;236;1.223;50.00;548.2;0.521;630.1;0.330;769.1;0.307;60;0;0;1.205;1.245;1.219;234;244;240;50.00;50.00;50.00;15342;1000;0.0;0;0.0000;0;0;34797;34797;34797
60;2014-04-14 16:05:00;909402N262;719;34.809;41;236;235;236;236;1.220;49.99;551.2;0.513;630.8;0.331;769.8;0.307;60;0;0;1.213;1.233;1.215;237;242;238;49.99;49.99;49.99;15342;1000;0.0;0;0.0000;0;0;34809;34809;34809
60;2014-04-14 16:06:00;909402N262;713;34.821;41;236;236;235;236;1.217;50.00;554.9;0.504;630.1;0.331;766.4;0.305;60;0;0;1.209;1.231;1.211;234;241;236;50.00;50.00;50.00;15342;1000;0.0;0;0.0000;0;0;34821;34821;34821
60;2014-04-14 16:07:00;909402N262;714;34.833;41;236;236;235;235;1.221;50.00;557.2;0.501;631.0;0.333;768.8;0.306;60;0;0;1.216;1.243;1.205;236;242;235;50.00;50.00;50.00;15342;1000;0.0;0;0.0000;0;0;34833;34833;34833
60;2014-04-14 16:08:00;909402N262;704;34.845;41;236;236;235;236;1.209;50.02;556.2;0.493;630.9;0.330;767.7;0.302;60;0;0;1.200;1.234;1.195;232;239;232;50.02;50.02;50.02;15342;1000;0.0;0;0.0000;0;0;34845;34845;34845
60;2014-04-14 16:09:00;909402N262;657;34.856;41;236;236;235;236;1.138;50.01;556.1;0.460;627.0;0.312;763.5;0.281;60;0;0;1.107;1.173;1.136;211;224;219;50.01;50.01;50.01;15342;1000;0.0;0;0.0000;0;0;34856;34856;34856
60;2014-04-14 16:10:00;909402N262;613;34.865;41;236;236;236;236;1.062;50.00;553.5;0.434;622.7;0.291;759.2;0.261;60;0;0;1.041;1.108;1.038;198;212;200;50.00;50.00;50.00;15342;1000;0.0;0;0.0000;0;0;34865;34865;34865
60;2014-04-14 16:11:00;909402N262;609;34.877;41;236;236;236;236;1.059;50.00;545.7;0.442;622.3;0.288;759.6;0.259;60;0;0;1.026;1.104;1.047;195;210;202;50.00;50.00;50.00;15342;1000;0.0;0;0.0000;0;0;34877;34877;34877
60;2014-04-14 16:12:00;909402N262;649;34.887;40;236;236;236;236;1.123;50.02;549.3;0.469;626.3;0.304;764.3;0.276;60;0;0;1.105;1.149;1.116;211;221;216;50.02;50.02;50.02;15342;1000;0.0;0;0.0000;0;0;34887;34887;34887
60;2014-04-14 16:13:00;909402N262;730;34.899;40;236;236;236;236;1.232;50.02;543.2;0.531;632.4;0.337;772.6;0.308;60;0;0;1.210;1.259;1.229;237;248;242;50.02;50.02;50.02;15342;1000;0.0;0;0.0000;0;0;34899;34899;34899
60;2014-04-14 16:14:00;909402N262;868;34.914;40;236;236;236;236;1.397;50.01;549.1;0.619;639.5;0.396;781.6;0.366;60;0;0;1.380;1.415;1.396;285;295;288;50.01;50.01;50.01;15342;1000;0.0;0;0.0000;0;0;34914;34914;34914
60;2014-04-14 16:15:00;909402N262;1037;34.932;40;236;236;236;236;1.562;49.99;552.1;0.729;648.1;0.467;792.3;0.433;60;0;0;1.531;1.605;1.552;337;357;342;49.99;49.99;49.99;15342;1000;0.0;0;0.0000;0;0;34932;34932;34932
60;2014-04-14 16:16:00;909402N262;1152;34.950;40;236;236;236;236;1.701;49.99;547.9;0.816;631.7;0.530;784.0;0.487;60;0;0;1.667;1.734;1.704;375;391;384;49.99;49.99;49.99;15342;1000;0.0;0;0.0000;0;0;34950;34950;34950
60;2014-04-14 16:17:00;909402N262;1304;34.972;40;235;236;235;235;1.927;49.97;554.0;0.910;647.9;0.592;776.5;0.554;60;0;0;1.887;1.963;1.932;425;443;435;49.97;49.97;49.97;15342;1000;0.0;0;0.0000;0;0;34972;34972;34972
60;2014-04-14 16:18:00;909402N262;1477;34.997;40;236;236;236;235;2.181;49.99;556.8;1.030;650.4;0.664;768.5;0.633;60;0;0;2.141;2.211;2.191;483;498;495;49.99;49.99;49.99;15342;1000;0.0;0;0.0000;0;0;34997;34997;34997
60;2014-04-14 16:19:00;909402N262;2074;35.031;40;236;236;236;236;3.000;50.00;563.9;1.463;658.4;0.895;777.7;0.876;60;0;0;2.947;3.029;3.025;678;698;697;50.00;50.00;50.00;15342;1000;0.0;0;0.0000;0;0;35031;35031;35031
60;2014-04-14 16:20:00;909402N262;2837;35.078;40;236;236;235;236;4.061;50.00;577.8;1.984;665.3;1.180;783.8;1.196;60;0;0;4.006;4.087;4.090;934;946;954;50.00;50.00;50.00;15342;1000;0.0;0;0.0000;0;0;35078;35078;35078
60;2014-04-14 16:21:00;909402N262;3320;35.134;40;236;237;236;237;4.731;50.01;577.0;2.346;668.9;1.365;788.0;1.386;60;0;0;4.671;4.757;4.766;1093;1109;1116;50.01;50.01;50.01;15342;1000;0.0;0;0.0000;0;0;35134;35134;35134
60;2014-04-14 16:22:00;909402N262;3438;35.191;40;237;237;236;237;4.888;50.01;575.2;2.441;668.3;1.400;786.4;1.452;60;0;0;4.833;4.912;4.920;1134;1148;1154;50.01;50.01;50.01;15342;1000;0.0;0;0.0000;0;0;35191;35191;35191
60;2014-04-14 16:23:00;909402N262;4686;35.269;40;237;237;236;237;6.617;50.01;585.1;3.325;674.9;1.866;793.4;1.959;60;0;0;6.582;6.624;6.647;1555;1564;1566;50.01;50.01;50.01;15342;1000;0.0;0;0.0000;0;0;35269;35269;35269
60;2014-04-14 16:24:00;909402N262;5732;35.365;40;237;238;237;237;8.071;50.01;581.2;4.114;676.5;2.224;793.3;2.436;60;0;0;8.038;8.078;8.098;1907;1913;1916;50.01;50.01;50.01;15342;1000;0.0;0;0.0000;0;0;35365;35365;35365
60;2014-04-14 16:25:00;909402N262;7547;35.491;40;237;238;237;237;10.591;50.00;570.8;5.499;679.1;2.911;794.5;3.209;60;0;0;10.559;10.621;10.594;2513;2516;2516;50.00;50.00;50.00;15342;1000;0.0;0;0.0000;0;0;35491;35491;35491
60;2014-04-14 16:26:00;909402N262;7851;35.621;40;237;237;236;238;11.026;50.01;564.8;5.756;676.0;3.053;794.6;3.350;60;0;0;10.984;11.019;11.077;2609;2604;2637;50.01;50.01;50.01;15342;1000;0.0;0;0.0000;0;0;35621;35621;35621
60;2014-04-14 16:27:00;909402N262;8043;35.756;40;237;237;236;238;11.298;50.01;560.6;5.914;673.2;3.145;795.2;3.448;60;0;0;11.235;11.300;11.360;2667;2669;2705;50.01;50.01;50.01;15342;1000;0.0;0;0.0000;0;0;35756;35756;35756
60;2014-04-14 16:28:00;909402N262;8220;35.892;40;237;238;236;238;11.547;50.00;555.7;6.071;669.5;3.232;795.3;3.542;60;0;0;11.507;11.528;11.608;2735;2719;2764;50.00;50.00;50.00;15342;1000;0.0;0;0.0000;0;0;35892;35892;35892
60;2014-04-14 16:29:00;909402N262;7590;36.018;40;237;238;236;238;10.668;50.00;552.4;5.630;665.2;3.012;794.9;3.269;60;0;0;10.660;10.647;10.697;2535;2511;2543;50.00;50.00;50.00;15342;1000;0.0;0;0.0000;0;0;36018;36018;36018
60;2014-04-14 16:30:00;909402N262;7547;36.145;40;237;238;236;237;10.602;49.99;549.5;5.625;663.2;2.996;795.1;3.258;60;0;0;10.584;10.603;10.620;2519;2505;2522;49.98;49.99;49.99;15342;1000;0.0;0;0.0000;0;0;36145;36145;36145
60;2014-04-14 16:31:00;909402N262;6697;36.257;41;237;238;236;237;9.450;49.99;543.4;5.061;643.4;2.720;793.8;2.915;60;0;0;9.413;9.481;9.458;2235;2227;2238;49.99;49.99;49.99;15342;1000;0.0;0;0.0000;0;0;36257;36257;36257
60;2014-04-14 16:32:00;909402N262;5597;36.350;41;237;237;237;237;7.906;50.01;545.3;4.190;654.6;2.246;794.5;2.416;60;0;0;7.836;7.952;7.930;1850;1869;1875;50.01;50.01;50.01;15342;1000;0.0;0;0.0000;0;0;36350;36350;36350
60;2014-04-14 16:33:00;909402N262;4255;36.421;41;237;237;237;238;6.045;50.00;543.2;3.203;648.4;1.733;794.0;1.817;60;0;0;5.970;6.095;6.072;1402;1421;1429;50.00;50.00;50.00;15342;1000;0.0;0;0.0000;0;0;36421;36421;36421
60;2014-04-14 16:34:00;909402N262;2432;36.463;41;237;237;237;237;3.517;49.99;536.8;1.861;637.6;1.036;783.0;1.015;60;0;0;3.454;3.565;3.532;796;819;815;49.99;49.99;49.99;15342;1000;0.0;0;0.0000;0;0;36463;36463;36463
60;2014-04-14 16:35:00;909402N262;1995;36.496;41;237;237;237;237;2.917;50.00;536.3;1.548;633.4;0.852;778.8;0.829;60;0;0;2.872;2.968;2.912;654;677;663;50.00;50.00;50.00;15342;1000;0.0;0;0.0000;0;0;36496;36496;36496
60;2014-04-14 16:36:00;909402N262;1841;36.527;41;234;233;235;234;2.742;50.00;537.1;1.437;631.9;0.781;778.6;0.764;60;0;0;2.679;2.809;2.739;596;630;613;50.00;50.00;50.00;15342;1000;0.0;0;0.0000;0;0;36527;36527;36527
60;2014-04-14 16:37:00;909402N262;1676;36.555;41;234;233;234;235;2.511;50.01;540.7;1.302;629.1;0.713;777.7;0.695;60;0;0;2.454;2.554;2.526;544;567;564;50.01;50.01;50.01;15342;1000;0.0;0;0.0000;0;0;36555;36555;36555
60;2014-04-14 16:38:00;909402N262;1400;36.578;41;234;234;234;235;2.119;50.00;549.0;1.073;627.1;0.599;774.0;0.580;60;0;0;2.068;2.161;2.130;453;474;471;50.00;50.00;50.00;15342;1000;0.0;0;0.0000;0;0;36578;36578;36578
60;2014-04-14 16:39:00;909402N262;1192;36.598;41;234;233;234;235;1.838;50.00;538.1;0.936;623.2;0.514;769.5;0.494;60;0;0;1.802;1.880;1.834;387;406;397;50.00;50.00;50.00;15342;1000;0.0;0;0.0000;0;0;36598;36598;36598
60;2014-04-14 16:40:00;909402N262;1097;36.616;41;234;234;234;235;1.727;49.99;534.5;0.872;623.0;0.474;767.0;0.454;60;0;0;1.693;1.782;1.707;357;377;361;49.99;49.99;49.99;15342;1000;0.0;0;0.0000;0;0;36616;36616;36616
60;2014-04-14 16:41:00;909402N262;1027;36.633;41;234;234;234;234;1.636;49.99;535.7;0.820;622.4;0.443;765.2;0.421;60;0;0;1.600;1.691;1.619;333;355;337;49.99;49.99;49.99;15342;1000;0.0;0;0.0000;0;0;36633;36633;36633
60;2014-04-14 16:42:00;909402N262;920;36.649;41;234;234;234;234;1.510;49.99;536.8;0.744;618.4;0.396;763.1;0.375;60;0;0;1.497;1.540;1.494;302;314;301;49.99;49.99;49.99;15342;1000;0.0;0;0.0000;0;0;36649;36649;36649
60;2014-04-14 16:43:00;909402N262;772;36.662;41;234;234;234;234;1.336;50.00;537.5;0.633;610.3;0.332;755.0;0.316;60;0;0;1.320;1.373;1.317;253;264;253;50.00;50.00;50.00;15342;1000;0.0;0;0.0000;0;0;36662;36662;36662
60;2014-04-14 16:44:00;909402N262;643;36.673;41;234;234;234;234;1.147;49.99;537.1;0.536;601.7;0.278;744.1;0.264;60;0;0;1.113;1.184;1.145;207;221;214;49.99;49.99;49.99;15342;1000;0.0;0;0.0000;0;0;36673;36673;36673
60;2014-04-14 16:45:00;909402N262;553;36.682;41;234;234;234;234;1.000;49.99;535.2;0.471;593.5;0.241;739.3;0.225;60;0;0;0.965;1.040;0.996;178;191;183;49.99;49.99;49.99;15342;1000;0.0;0;0.0000;0;0;36682;36682;36682
60;2014-04-14 16:46:00;909402N262;483;36.690;41;234;235;234;234;0.873;49.99;526.4;0.425;564.4;0.214;731.6;0.200;60;0;0;0.899;0.928;0.792;164;170;146;49.99;49.99;49.99;15342;1000;0.0;0;0.0000;0;0;36690;36690;36690
60;2014-04-14 16:47:00;909402N262;451;36.697;41;234;235;234;234;0.822;50.00;527.0;0.399;582.1;0.198;727.4;0.183;60;0;0;0.787;0.885;0.795;142;162;145;50.00;50.00;50.00;15342;1000;0.0;0;0.0000;0;0;36697;36697;36697
60;2014-04-14 16:48:00;909402N262;452;36.705;41;235;235;234;235;0.826;50.01;541.7;0.385;583.5;0.201;727.1;0.183;60;0;0;0.811;0.885;0.784;146;162;142;50.01;50.01;50.01;15342;1000;0.0;0;0.0000;0;0;36705;36705;36705
60;2014-04-14 16:49:00;909402N262;497;36.713;41;235;235;234;235;0.904;50.01;540.2;0.415;591.5;0.224;734.8;0.202;60;0;0;0.905;0.944;0.863;164;173;158;50.01;50.01;50.01;15342;1000;0.0;0;0.0000;0;0;36713;36713;36713
60;2014-04-14 16:50:00;909402N262;582;36.722;40;235;235;233;235;1.048;50.00;530.3;0.479;603.6;0.265;746.8;0.237;60;0;0;1.011;1.077;1.058;187;197;195;50.00;50.00;50.00;15342;1000;0.0;0;0.0000;0;0;36722;36722;36722
60;2014-04-14 16:51:00;909402N262;729;36.734;40;235;235;234;235;1.264;50.00;537.3;0.573;619.9;0.332;763.4;0.296;60;0;0;1.230;1.307;1.257;235;250;241;50.00;50.00;50.00;15342;1000;0.0;0;0.0000;0;0;36734;36734;36734
60;2014-04-14 16:52:00;909402N262;939;36.751;40;235;235;234;235;1.524;50.02;550.5;0.699;636.9;0.425;780.7;0.379;60;0;0;1.513;1.552;1.509;310;318;309;50.02;50.02;50.02;15342;1000;0.0;0;0.0000;0;0;36751;36751;36751
60;2014-04-14 16:53:00;909402N262;1224;36.771;40;235;235;234;235;1.841;50.01;562.6;0.876;647.4;0.548;790.2;0.492;60;0;0;1.806;1.875;1.844;400;415;407;50.01;50.01;50.01;15342;1000;0.0;0;0.0000;0;0;36771;36771;36771
60;2014-04-14 16:54:00;909402N262;1626;36.798;40;235;235;234;235;2.434;50.02;571.8;1.141;656.7;0.719;773.2;0.670;60;0;0;2.387;2.467;2.449;530;547;546;50.02;50.02;50.02;15342;1000;0.0;0;0.0000;0;0;36798;36798;36798
60;2014-04-14 16:55:00;909402N262;2243;36.835;40;235;235;235;236;3.269;50.00;577.8;1.569;664.8;0.970;783.2;0.913;60;0;0;3.215;3.299;3.295;733;754;754;50.00;50.00;50.00;15342;1000;0.0;0;0.0000;0;0;36835;36835;36835
60;2014-04-14 16:56:00;909402N262;3096;36.887;40;235;235;234;236;4.442;50.01;577.7;2.194;673.5;1.307;795.1;1.238;60;0;0;4.386;4.472;4.468;1020;1034;1040;50.01;50.01;50.01;15342;1000;0.0;0;0.0000;0;0;36887;36887;36887
60;2014-04-14 16:57:00;909402N262;4071;36.955;40;236;236;235;236;5.803;50.02;574.4;2.922;677.6;1.675;795.0;1.653;60;0;0;5.762;5.814;5.834;1349;1357;1364;50.02;50.02;50.02;15342;1000;0.0;0;0.0000;0;0;36955;36955;36955
60;2014-04-14 16:58:00;909402N262;5490;37.047;40;236;236;235;236;7.785;50.00;578.9;3.924;681.8;2.183;794.7;2.277;60;0;0;7.752;7.785;7.820;1825;1825;1838;50.00;50.00;50.00;15342;1000;0.0;0;0.0000;0;0;37047;37047;37047
60;2014-04-14 16:59:00;909402N262;6565;37.156;40;236;237;235;237;9.285;50.02;580.2;4.711;683.9;2.576;794.8;2.728;60;0;0;9.235;9.288;9.334;2180;2180;2203;50.02;50.02;50.02;15342;1000;0.0;0;0.0000;0;0;37156;37156;37156
60;2014-04-14 17:00:00;909402N262;6161;37.259;40;236;236;236;236;8.727;50.04;575.4;4.463;679.5;2.423;791.8;2.566;60;0;0;8.674;8.738;8.769;2043;2052;2064;50.03;50.04;50.04;15342;1000;0.0;0;0.0000;0;0;37259;37259;37259
[wr_ende]
