20150318;080002;danfoss;My Plant;+0100
[wr_def_start]
909402N262;Inverter Type;Inverter Group;Hanzl
[wr_def_end]
[wr]
INTERVAL;TIMESTAMP;SERIAL;P_AC;E_DAY;T_WR;U_AC;U_AC_1;U_AC_2;U_AC_3;I_AC;F_AC;U_DC_1;I_DC_1;U_DC_2;I_DC_2;U_DC_3;I_DC_3;S;E_WR;M_WR;I_AC_1;I_AC_2;I_AC_3;P_AC_1;P_AC_2;P_AC_3;F_AC_1;F_AC_2;F_AC_3;R_DC;PC;PCS;PCS_LL;COS_PHI;COS_PHI_LL;S_COS_PHI;Current_Day_Energy;current_Day_Offset;ccEnergyOfDay_WithoutOffset
60;2015-03-18 07:01:00;909402N262;437;0.192;24;233;233;233;235;1.182;50.04;586.1;0.330;645.8;0.184;762.3;0.168;60;0;0;1.153;1.216;1.179;135;152;147;50.04;50.04;50.04;11388;1000;0.0;0;1.0000;0;2;192;192;192
60;2015-03-18 07:02:00;909402N262;453;0.199;24;233;231;234;235;1.295;50.04;586.8;0.337;652.4;0.189;769.4;0.174;60;0;0;1.271;1.304;1.310;140;154;156;50.04;50.04;50.04;11388;1000;0.0;0;1.0000;0;2;199;199;199
60;2015-03-18 07:03:00;909402N262;466;0.207;24;233;231;234;235;1.305;50.03;586.8;0.346;656.3;0.194;774.2;0.177;60;0;0;1.279;1.318;1.318;145;160;160;50.03;50.03;50.03;11388;1000;0.0;0;1.0000;0;2;207;207;207
60;2015-03-18 07:04:00;909402N262;481;0.216;24;233;231;233;235;1.318;50.02;587.0;0.356;655.4;0.201;772.7;0.183;60;0;0;1.289;1.334;1.332;149;165;165;50.02;50.02;50.02;11388;1000;0.0;0;1.0000;0;2;216;216;216
60;2015-03-18 07:05:00;909402N262;495;0.224;25;233;232;234;235;1.328;49.99;587.3;0.367;657.7;0.206;776.1;0.189;60;0;0;1.303;1.337;1.345;154;169;169;49.99;49.99;49.99;11388;1000;0.0;0;1.0000;0;2;224;224;224
60;2015-03-18 07:06:00;909402N262;516;0.233;25;233;233;234;234;1.342;50.00;587.4;0.381;660.2;0.212;779.8;0.196;60;0;0;1.322;1.348;1.357;162;174;176;50.00;50.00;50.00;11388;1000;0.0;0;1.0000;0;2;233;233;233
60;2015-03-18 07:07:00;909402N262;537;0.242;25;233;233;234;234;1.354;50.00;588.2;0.398;660.7;0.222;783.1;0.205;60;0;0;1.330;1.365;1.367;167;184;183;50.00;50.00;50.00;11388;1000;0.0;0;1.0000;0;2;242;242;242
60;2015-03-18 07:08:00;909402N262;559;0.251;25;233;233;234;234;1.337;50.00;589.0;0.411;662.6;0.230;793.0;0.209;60;0;0;1.308;1.353;1.352;173;192;191;50.00;50.00;50.00;11388;1000;0.0;0;1.0000;0;2;251;251;251
60;2015-03-18 07:09:00;909402N262;579;0.260;25;233;232;234;234;1.377;49.97;589.6;0.425;664.4;0.238;786.0;0.219;60;0;0;1.344;1.393;1.395;179;199;198;49.97;49.97;49.97;11388;1000;0.0;0;1.0000;0;2;260;260;260
60;2015-03-18 07:10:00;909402N262;601;0.271;25;233;232;234;234;1.395;49.97;590.0;0.439;666.6;0.247;788.2;0.228;60;0;0;1.360;1.415;1.412;187;208;204;49.97;49.97;49.97;11388;1000;0.0;0;1.0000;0;2;271;271;271
60;2015-03-18 07:11:00;909402N262;637;0.280;25;233;232;234;234;1.415;49.97;589.9;0.463;668.4;0.261;790.9;0.242;60;0;0;1.377;1.434;1.434;198;219;217;49.97;49.97;49.97;11388;1000;0.0;0;1.0000;0;2;280;280;280
60;2015-03-18 07:12:00;909402N262;681;0.292;25;233;231;233;234;1.446;49.98;590.2;0.494;670.8;0.279;793.7;0.259;60;0;0;1.405;1.465;1.469;212;234;233;49.98;49.98;49.98;11388;1000;0.0;0;1.0000;0;2;292;292;292
60;2015-03-18 07:13:00;909402N262;712;0.303;25;233;232;233;234;1.470;49.97;589.7;0.515;673.2;0.290;794.2;0.271;60;0;0;1.434;1.489;1.489;224;244;242;49.97;49.97;49.97;11388;1000;0.0;0;1.0000;0;2;303;303;303
60;2015-03-18 07:14:00;909402N262;724;0.316;26;233;232;233;234;1.476;49.97;589.2;0.527;674.5;0.292;794.6;0.277;60;0;0;1.436;1.496;1.496;227;248;247;49.97;49.97;49.97;11388;1000;0.0;0;1.0000;0;2;316;316;316
60;2015-03-18 07:15:00;909402N262;720;0.328;26;233;232;233;234;1.476;49.96;589.1;0.527;672.6;0.290;794.5;0.274;60;0;0;1.435;1.498;1.496;225;248;245;49.96;49.96;49.96;11388;1000;0.0;0;1.0000;0;2;328;328;328
60;2015-03-18 07:16:00;909402N262;706;0.341;26;233;232;233;234;1.463;49.97;583.1;0.522;654.9;0.290;788.8;0.271;60;0;0;1.420;1.481;1.488;219;242;242;49.97;49.97;49.97;11388;1000;0.0;0;1.0000;0;2;341;341;341
60;2015-03-18 07:17:00;909402N262;703;0.352;26;233;231;233;235;1.460;49.97;589.6;0.515;671.1;0.283;794.7;0.265;60;0;0;1.417;1.475;1.490;219;240;242;49.97;49.97;49.97;11388;1000;0.0;0;1.0000;0;2;352;352;352
60;2015-03-18 07:18:00;909402N262;702;0.364;26;233;232;234;234;1.454;49.98;590.1;0.515;671.4;0.283;795.0;0.265;60;0;0;1.412;1.475;1.476;219;241;239;49.98;49.98;49.98;11388;1000;0.0;0;1.0000;0;2;364;364;364
60;2015-03-18 07:19:00;909402N262;707;0.376;26;233;232;233;234;1.472;49.98;590.8;0.517;669.7;0.286;793.3;0.267;60;0;0;1.435;1.489;1.492;222;242;241;49.98;49.98;49.98;11388;1000;0.0;0;1.0000;0;2;376;376;376
60;2015-03-18 07:20:00;909402N262;720;0.387;26;233;232;234;234;1.478;49.98;591.2;0.527;671.4;0.290;794.4;0.272;60;0;0;1.431;1.496;1.507;223;247;248;49.98;49.98;49.98;11388;1000;0.0;0;1.0000;0;2;387;387;387
60;2015-03-18 07:21:00;909402N262;743;0.399;26;233;232;233;235;1.502;49.98;591.2;0.542;671.4;0.299;794.1;0.282;60;0;0;1.456;1.522;1.529;232;255;254;49.98;49.98;49.98;11388;1000;0.0;0;1.0000;0;2;399;399;399
60;2015-03-18 07:22:00;909402N262;776;0.412;26;233;232;233;235;1.533;49.97;588.4;0.568;672.9;0.312;794.8;0.295;60;0;0;1.486;1.552;1.561;243;264;267;49.97;49.97;49.97;11388;1000;0.0;0;1.0000;0;2;412;412;412
60;2015-03-18 07:23:00;909402N262;806;0.426;27;233;231;232;235;1.565;49.97;586.4;0.591;676.3;0.323;794.7;0.308;60;0;0;1.515;1.583;1.597;253;274;278;49.97;49.97;49.97;11388;1000;0.0;0;1.0000;0;2;426;426;426
60;2015-03-18 07:24:00;909402N262;829;0.440;27;233;231;232;235;1.590;49.97;586.7;0.607;677.1;0.331;794.5;0.316;60;0;0;1.535;1.614;1.623;258;283;286;49.97;49.97;49.97;11388;1000;0.0;0;1.0000;0;2;440;440;440
60;2015-03-18 07:25:00;909402N262;841;0.454;27;233;232;232;235;1.601;49.97;587.0;0.617;674.2;0.337;794.8;0.321;60;0;0;1.557;1.620;1.626;266;286;288;49.97;49.97;49.97;11388;1000;0.0;0;1.0000;0;2;454;454;454
60;2015-03-18 07:26:00;909402N262;846;0.469;27;233;232;232;234;1.605;49.98;586.9;0.620;674.1;0.339;794.8;0.323;60;0;0;1.558;1.624;1.634;267;287;291;49.98;49.98;49.98;11388;1000;0.0;0;1.0000;0;2;469;469;469
60;2015-03-18 07:27:00;909402N262;848;0.481;27;233;232;232;234;1.607;49.99;585.7;0.624;674.5;0.340;794.9;0.324;60;0;0;1.562;1.626;1.633;268;288;290;49.99;49.99;49.99;11388;1000;0.0;0;1.0000;0;2;481;481;481
60;2015-03-18 07:28:00;909402N262;849;0.496;27;233;233;231;234;1.608;49.99;586.1;0.624;674.4;0.341;794.9;0.324;60;0;0;1.572;1.619;1.635;271;286;291;49.99;49.99;49.99;11388;1000;0.0;0;1.0000;0;2;496;496;496
60;2015-03-18 07:29:00;909402N262;851;0.510;27;233;233;231;235;1.611;49.98;589.7;0.621;671.9;0.343;794.9;0.324;60;0;0;1.569;1.624;1.642;271;287;292;49.98;49.98;49.98;11388;1000;0.0;0;1.0000;0;2;510;510;510
60;2015-03-18 07:30:00;909402N262;853;0.525;27;233;233;232;234;1.613;49.98;593.5;0.616;670.0;0.346;794.7;0.324;60;0;0;1.570;1.631;1.640;270;288;292;49.98;49.98;49.98;11388;1000;0.0;0;1.0000;0;2;525;525;525
60;2015-03-18 07:31:00;909402N262;843;0.539;27;233;233;231;234;1.603;49.99;587.4;0.618;646.8;0.352;787.7;0.327;60;0;0;1.564;1.617;1.630;268;285;288;49.99;49.99;49.99;11388;1000;0.0;0;1.0000;0;2;539;539;539
60;2015-03-18 07:32:00;909402N262;859;0.553;27;233;233;232;234;1.633;50.00;569.3;0.643;668.4;0.352;794.9;0.328;60;0;0;1.599;1.650;1.652;274;291;291;50.00;50.00;50.00;11388;1000;0.0;0;1.0000;0;2;553;553;553
60;2015-03-18 07:33:00;909402N262;870;0.568;27;233;233;232;234;1.643;50.01;569.8;0.649;667.3;0.359;795.0;0.332;60;0;0;1.601;1.656;1.672;277;294;297;50.01;50.01;50.01;11388;1000;0.0;0;1.0000;0;2;568;568;568
60;2015-03-18 07:34:00;909402N262;889;0.582;27;233;233;232;234;1.663;49.98;570.3;0.661;666.7;0.369;794.7;0.339;60;0;0;1.620;1.681;1.690;282;301;303;49.98;49.98;49.98;11388;1000;0.0;0;1.0000;0;2;582;582;582
60;2015-03-18 07:35:00;909402N262;914;0.598;28;233;233;232;234;1.693;49.98;571.9;0.676;666.7;0.380;794.6;0.350;60;0;0;1.652;1.706;1.723;292;308;312;49.98;49.98;49.98;11388;1000;0.0;0;1.0000;0;2;598;598;598
60;2015-03-18 07:36:00;909402N262;941;0.614;28;233;232;232;234;1.723;49.99;597.6;0.665;668.1;0.391;794.9;0.360;60;0;0;1.678;1.741;1.751;299;319;321;49.99;49.99;49.99;11388;1000;0.0;0;1.0000;0;2;614;614;614
60;2015-03-18 07:37:00;909402N262;965;0.629;28;233;232;232;234;1.747;49.98;602.0;0.676;668.3;0.400;795.3;0.369;60;0;0;1.694;1.768;1.781;305;328;330;49.98;49.98;49.98;11388;1000;0.0;0;1.0000;0;2;629;629;629
60;2015-03-18 07:38:00;909402N262;978;0.647;28;233;233;232;234;1.768;49.99;602.6;0.685;668.8;0.405;794.9;0.375;60;0;0;1.726;1.788;1.791;313;331;332;49.99;49.99;49.99;11388;1000;0.0;0;1.0000;0;2;647;647;647
60;2015-03-18 07:39:00;909402N262;985;0.663;28;235;235;234;236;1.786;50.00;602.8;0.691;669.3;0.408;793.7;0.377;60;0;0;1.740;1.805;1.814;314;334;335;50.00;50.00;50.00;11388;1000;0.0;0;1.0000;0;2;663;663;663
60;2015-03-18 07:40:00;909402N262;988;0.679;28;234;233;233;235;1.785;49.98;603.1;0.692;670.9;0.409;794.2;0.378;60;0;0;1.732;1.808;1.816;313;336;337;49.98;49.98;49.98;11388;1000;0.0;0;1.0000;0;2;679;679;679
60;2015-03-18 07:41:00;909402N262;993;0.695;28;233;233;232;234;1.798;50.01;603.1;0.693;672.8;0.411;792.9;0.381;60;0;0;1.753;1.816;1.826;317;336;338;50.01;50.01;50.01;11388;1000;0.0;0;1.0000;0;2;695;695;695
60;2015-03-18 07:42:00;909402N262;996;0.712;28;233;233;232;234;1.806;49.99;603.4;0.691;675.0;0.410;791.2;0.386;60;0;0;1.764;1.826;1.828;319;337;338;49.99;49.99;49.99;11388;1000;0.0;0;1.0000;0;2;712;712;712
60;2015-03-18 07:43:00;909402N262;994;0.729;28;233;233;231;234;1.809;49.99;603.8;0.687;675.4;0.408;788.7;0.389;60;0;0;1.769;1.821;1.839;319;334;339;49.99;49.99;49.99;11388;1000;0.0;0;1.0000;0;2;729;729;729
60;2015-03-18 07:44:00;909402N262;988;0.745;28;232;232;231;234;1.801;49.99;604.4;0.681;676.5;0.405;789.7;0.388;60;0;0;1.758;1.824;1.823;317;334;335;49.99;49.99;49.99;11388;1000;0.0;0;1.0000;0;2;745;745;745
60;2015-03-18 07:45:00;909402N262;977;0.762;28;232;232;231;234;1.787;49.97;605.2;0.672;676.8;0.400;789.3;0.383;60;0;0;1.744;1.804;1.815;313;329;333;49.97;49.97;49.97;11388;1000;0.0;0;1.0000;0;2;762;762;762
60;2015-03-18 07:46:00;909402N262;955;0.777;28;232;232;231;234;1.761;49.97;599.1;0.668;669.8;0.396;777.6;0.380;60;0;0;1.723;1.782;1.779;307;323;324;49.97;49.97;49.97;11388;1000;0.0;0;1.0000;0;2;777;777;777
60;2015-03-18 07:47:00;909402N262;959;0.794;29;232;232;231;234;1.744;49.98;606.7;0.661;678.7;0.391;792.7;0.372;60;0;0;1.701;1.756;1.775;307;322;329;49.98;49.98;49.98;11388;1000;0.0;0;1.0000;0;2;794;794;794
60;2015-03-18 07:48:00;909402N262;962;0.809;29;232;232;229;234;1.738;49.99;607.4;0.660;680.6;0.389;794.7;0.376;60;0;0;1.695;1.747;1.774;307;322;331;49.99;49.99;49.99;11388;1000;0.0;0;1.0000;0;2;809;809;809
60;2015-03-18 07:49:00;909402N262;960;0.826;29;232;232;229;234;1.735;49.98;608.1;0.656;681.1;0.386;794.9;0.377;60;0;0;1.693;1.737;1.777;307;319;331;49.98;49.98;49.98;11388;1000;0.0;0;1.0000;0;2;826;826;826
60;2015-03-18 07:50:00;909402N262;945;0.841;29;232;233;229;234;1.718;49.98;609.3;0.646;682.0;0.380;795.0;0.370;60;0;0;1.674;1.722;1.758;302;315;326;49.98;49.98;49.98;11388;1000;0.0;0;1.0000;0;2;841;841;841
60;2015-03-18 07:51:00;909402N262;925;0.857;29;232;232;229;234;1.692;49.98;610.6;0.633;683.4;0.372;795.2;0.361;60;0;0;1.653;1.697;1.728;296;308;319;49.98;49.98;49.98;11388;1000;0.0;0;1.0000;0;2;857;857;857
60;2015-03-18 07:52:00;909402N262;907;0.872;29;232;232;230;234;1.674;49.97;611.4;0.619;683.7;0.365;795.1;0.354;60;0;0;1.626;1.688;1.710;288;305;312;49.97;49.97;49.97;11388;1000;0.0;0;1.0000;0;2;872;872;872
60;2015-03-18 07:53:00;909402N262;891;0.887;29;232;233;230;234;1.669;49.99;612.4;0.604;684.3;0.357;793.1;0.351;60;0;0;1.623;1.683;1.702;283;300;306;49.99;49.99;49.99;11388;1000;0.0;0;1.0000;0;2;887;887;887
60;2015-03-18 07:54:00;909402N262;882;0.901;29;232;232;230;234;1.654;50.00;613.7;0.593;685.1;0.352;794.2;0.350;60;0;0;1.615;1.657;1.692;281;295;305;50.00;50.00;50.00;11388;1000;0.0;0;1.0000;0;2;901;901;901
60;2015-03-18 07:55:00;909402N262;879;0.916;29;232;232;230;234;1.684;50.01;600.4;0.604;686.0;0.350;780.7;0.357;60;0;0;1.642;1.686;1.725;280;293;304;50.01;50.01;50.01;11388;1000;0.0;0;1.0000;0;2;916;916;916
60;2015-03-18 07:56:00;909402N262;881;0.931;29;232;232;229;235;1.662;50.00;589.9;0.616;684.7;0.349;790.5;0.356;60;0;0;1.619;1.664;1.703;279;294;305;50.00;50.00;50.00;11388;1000;0.0;0;1.0000;0;2;931;931;931
60;2015-03-18 07:57:00;909402N262;881;0.945;29;232;232;230;235;1.648;50.00;591.2;0.612;682.6;0.347;795.0;0.358;60;0;0;1.608;1.652;1.686;281;294;305;50.00;50.00;50.00;11388;1000;0.0;0;1.0000;0;2;945;945;945
60;2015-03-18 07:58:00;909402N262;875;0.960;29;232;232;230;235;1.641;49.99;592.4;0.605;681.0;0.343;795.0;0.358;60;0;0;1.595;1.646;1.683;277;292;303;49.99;49.99;49.99;11388;1000;0.0;0;1.0000;0;2;960;960;960
60;2015-03-18 07:59:00;909402N262;866;0.975;29;232;232;230;235;1.630;50.00;593.8;0.596;681.4;0.339;795.2;0.355;60;0;0;1.580;1.639;1.673;272;291;301;50.00;50.00;50.00;11388;1000;0.0;0;1.0000;0;2;975;975;975
60;2015-03-18 08:00:00;909402N262;857;0.988;29;232;232;230;235;1.634;50.02;595.1;0.587;685.3;0.335;793.2;0.353;60;0;0;1.591;1.638;1.673;272;287;297;50.02;50.02;50.02;11388;1000;0.0;0;1.0000;0;2;988;988;988
[wr_ende]
