20140429;170001;danfoss;My Plant;+0100
[wr_def_start]
909402N262;Inverter Type;Inverter Group;Hanzl
[wr_def_end]
[wr]
INTERVAL;TIMESTAMP;SERIAL;P_AC;E_DAY;T_WR;U_AC;U_AC_1;U_AC_2;U_AC_3;I_AC;F_AC;U_DC_1;I_DC_1;U_DC_2;I_DC_2;U_DC_3;I_DC_3;S;E_WR;M_WR;I_AC_1;I_AC_2;I_AC_3;P_AC_1;P_AC_2;P_AC_3;F_AC_1;F_AC_2;F_AC_3;R_DC;PC;PCS;PCS_LL;COS_PHI;COS_PHI_LL;S_COS_PHI;Current_Day_Energy;current_Day_Offset;ccEnergyOfDay_WithoutOffset
60;2014-04-29 16:01:00;909402N262;1676;23.026;42;236;236;236;235;2.489;49.97;550.6;1.351;613.4;0.720;780.8;0.664;60;0;0;2.439;2.536;2.492;546;569;559;49.97;49.97;49.97;9321;1000;0.0;0;0.0000;0;0;23026;23026;23026
60;2014-04-29 16:02:00;909402N262;1801;23.056;42;236;236;236;236;2.669;49.97;557.4;1.424;637.3;0.747;783.6;0.709;60;0;0;2.629;2.711;2.668;590;610;599;49.97;49.97;49.97;9321;1000;0.0;0;0.0000;0;0;23056;23056;23056
60;2014-04-29 16:03:00;909402N262;1934;23.087;42;235;235;235;235;2.833;49.96;557.2;1.533;640.3;0.789;791.1;0.758;60;0;0;2.787;2.880;2.833;633;654;644;49.96;49.96;49.96;9321;1000;0.0;0;0.0000;0;0;23087;23087;23087
60;2014-04-29 16:04:00;909402N262;2161;23.123;42;235;236;235;236;3.123;49.96;554.6;1.735;638.2;0.872;794.7;0.846;60;0;0;3.084;3.139;3.148;711;722;726;49.96;49.96;49.96;9321;1000;0.0;0;0.0000;0;0;23123;23123;23123
60;2014-04-29 16:05:00;909402N262;4248;23.195;42;236;236;235;236;6.040;49.97;568.0;3.387;652.9;1.604;794.7;1.687;60;0;0;6.020;6.026;6.076;1409;1414;1422;49.97;49.97;49.97;9321;1000;0.0;0;0.0000;0;0;23195;23195;23195
60;2014-04-29 16:06:00;909402N262;5029;23.279;42;236;236;235;236;7.160;49.98;566.0;3.990;663.2;1.924;792.2;1.963;60;0;0;7.117;7.200;7.164;1669;1671;1679;49.98;49.98;49.98;9321;1000;0.0;0;0.0000;0;0;23279;23279;23279
60;2014-04-29 16:07:00;909402N262;2954;23.328;42;236;236;235;235;4.240;49.98;558.3;2.386;648.3;1.163;794.3;1.125;60;0;0;4.191;4.276;4.253;974;987;987;49.98;49.98;49.98;9321;1000;0.0;0;0.0000;0;0;23328;23328;23328
60;2014-04-29 16:08:00;909402N262;2289;23.366;42;235;236;233;236;3.313;49.99;554.2;1.869;645.6;0.909;793.8;0.872;60;0;0;3.276;3.329;3.334;757;760;770;49.99;49.99;49.99;9321;1000;0.0;0;0.0000;0;0;23366;23366;23366
60;2014-04-29 16:09:00;909402N262;1850;23.397;42;235;236;234;236;2.739;50.01;556.4;1.518;639.9;0.733;784.3;0.712;60;0;0;2.697;2.768;2.752;608;618;622;50.01;50.01;50.01;9321;1000;0.0;0;0.0000;0;0;23397;23397;23397
60;2014-04-29 16:10:00;909402N262;1399;23.420;42;235;236;234;236;2.111;50.00;556.1;1.164;629.3;0.558;775.6;0.539;60;0;0;2.075;2.139;2.120;458;469;470;50.00;50.00;50.00;9321;1000;0.0;0;0.0000;0;0;23420;23420;23420
60;2014-04-29 16:11:00;909402N262;1004;23.437;42;235;236;233;235;1.605;49.99;540.3;0.877;616.9;0.406;763.3;0.388;60;0;0;1.592;1.639;1.586;332;341;329;49.99;49.99;49.99;9321;1000;0.0;0;0.0000;0;0;23437;23437;23437
60;2014-04-29 16:12:00;909402N262;715;23.449;42;235;236;234;235;1.251;50.00;540.4;0.634;603.0;0.295;745.9;0.277;60;0;0;1.227;1.292;1.235;232;245;235;50.00;50.00;50.00;9321;1000;0.0;0;0.0000;0;0;23449;23449;23449
60;2014-04-29 16:13:00;909402N262;529;23.458;42;235;235;233;235;0.963;49.99;539.1;0.476;590.1;0.225;731.3;0.208;60;0;0;0.957;0.991;0.942;175;180;172;49.99;49.99;49.99;9321;1000;0.0;0;0.0000;0;0;23458;23458;23458
60;2014-04-29 16:14:00;909402N262;415;23.465;42;235;235;234;236;0.773;49.99;521.8;0.389;580.1;0.181;715.4;0.165;60;0;0;0.758;0.852;0.711;136;152;125;49.99;49.99;49.99;9321;1000;0.0;0;0.0000;0;0;23465;23465;23465
60;2014-04-29 16:15:00;909402N262;335;23.471;42;235;235;233;235;0.670;49.98;506.9;0.329;568.7;0.150;699.0;0.135;60;0;0;0.594;0.787;0.629;98;132;103;49.98;49.98;49.98;9321;1000;0.0;0;0.0000;0;0;23471;23471;23471
60;2014-04-29 16:16:00;909402N262;275;23.475;42;235;235;234;235;0.599;49.98;490.7;0.283;552.6;0.127;681.6;0.115;60;0;0;0.595;0.677;0.527;89;103;80;49.98;49.98;49.98;9321;1000;0.0;0;0.0000;0;0;23475;23475;23475
60;2014-04-29 16:17:00;909402N262;249;23.478;42;235;235;233;235;0.544;50.00;517.0;0.242;559.0;0.116;677.7;0.102;60;0;0;0.506;0.630;0.498;75;97;74;50.00;50.00;50.00;9321;1000;0.0;0;0.0000;0;0;23478;23478;23478
60;2014-04-29 16:18:00;909402N262;238;23.484;42;235;235;234;235;0.508;49.99;512.1;0.226;567.2;0.111;679.7;0.099;60;0;0;0.474;0.577;0.473;73;90;73;49.99;49.99;49.99;9321;1000;0.0;0;0.0000;0;0;23484;23484;23484
60;2014-04-29 16:19:00;909402N262;244;23.487;42;235;236;234;235;0.504;49.97;511.0;0.225;573.0;0.116;689.8;0.102;60;0;0;0.452;0.602;0.458;73;96;73;49.97;49.97;49.97;9321;1000;0.0;0;0.0000;0;0;23487;23487;23487
60;2014-04-29 16:20:00;909402N262;253;23.491;42;234;235;233;234;0.521;49.98;524.5;0.226;579.4;0.120;691.4;0.108;60;0;0;0.486;0.633;0.444;78;102;71;49.98;49.98;49.98;9321;1000;0.0;0;0.0000;0;0;23491;23491;23491
60;2014-04-29 16:21:00;909402N262;262;23.496;42;234;235;234;234;0.520;49.99;532.2;0.228;588.6;0.121;699.4;0.109;60;0;0;0.474;0.632;0.456;79;105;75;49.99;49.99;49.99;9321;1000;0.0;0;0.0000;0;0;23496;23496;23496
60;2014-04-29 16:22:00;909402N262;269;23.501;42;235;235;235;234;0.519;49.99;531.2;0.235;586.1;0.125;708.7;0.113;60;0;0;0.451;0.626;0.480;78;107;82;49.99;49.99;49.99;9321;1000;0.0;0;0.0000;0;0;23501;23501;23501
60;2014-04-29 16:23:00;909402N262;279;23.504;41;235;235;235;234;0.540;49.99;541.0;0.238;588.2;0.128;707.7;0.117;60;0;0;0.474;0.666;0.481;81;114;83;49.99;49.99;49.99;9321;1000;0.0;0;0.0000;0;0;23504;23504;23504
60;2014-04-29 16:24:00;909402N262;283;23.510;41;235;235;235;234;0.547;49.98;542.3;0.240;590.4;0.129;708.0;0.119;60;0;0;0.538;0.634;0.470;91;108;81;49.98;49.98;49.98;9321;1000;0.0;0;0.0000;0;0;23510;23510;23510
60;2014-04-29 16:25:00;909402N262;281;23.514;41;235;235;235;235;0.541;49.98;542.4;0.239;590.6;0.129;708.3;0.119;60;0;0;0.492;0.648;0.485;84;112;83;49.98;49.98;49.98;9321;1000;0.0;0;0.0000;0;0;23514;23514;23514
60;2014-04-29 16:26:00;909402N262;280;23.519;41;235;235;235;235;0.544;49.99;542.5;0.238;590.2;0.128;708.6;0.117;60;0;0;0.504;0.650;0.478;86;110;82;49.99;49.99;49.99;9321;1000;0.0;0;0.0000;0;0;23519;23519;23519
60;2014-04-29 16:27:00;909402N262;287;23.524;41;235;235;235;234;0.557;49.99;542.6;0.243;595.4;0.132;708.5;0.120;60;0;0;0.514;0.646;0.511;88;109;87;49.99;49.99;49.99;9321;1000;0.0;0;0.0000;0;0;23524;23524;23524
60;2014-04-29 16:28:00;909402N262;291;23.529;41;235;235;235;234;0.558;49.99;543.8;0.246;592.0;0.136;713.4;0.121;60;0;0;0.538;0.641;0.496;93;110;86;49.99;49.99;49.99;9321;1000;0.0;0;0.0000;0;0;23529;23529;23529
60;2014-04-29 16:29:00;909402N262;299;23.534;41;235;235;235;235;0.564;49.99;545.3;0.252;597.4;0.139;720.3;0.122;60;0;0;0.550;0.666;0.477;97;116;84;49.99;49.99;49.99;9321;1000;0.0;0;0.0000;0;0;23534;23534;23534
60;2014-04-29 16:30:00;909402N262;312;23.539;41;235;235;235;235;0.594;49.99;546.2;0.261;597.6;0.145;713.8;0.127;60;0;0;0.567;0.695;0.522;98;120;93;49.99;49.99;49.99;9321;1000;0.0;0;0.0000;0;0;23539;23539;23539
60;2014-04-29 16:31:00;909402N262;327;23.545;41;235;235;235;235;0.613;49.98;539.6;0.276;594.4;0.156;711.2;0.135;60;0;0;0.592;0.688;0.559;104;122;100;49.98;49.98;49.98;9321;1000;0.0;0;0.0000;0;0;23545;23545;23545
60;2014-04-29 16:32:00;909402N262;356;23.551;41;235;235;235;235;0.652;49.96;551.9;0.291;606.7;0.165;726.8;0.143;60;0;0;0.617;0.713;0.627;111;128;115;49.96;49.96;49.96;9321;1000;0.0;0;0.0000;0;0;23551;23551;23551
60;2014-04-29 16:33:00;909402N262;387;23.557;41;235;235;235;235;0.693;49.97;544.2;0.319;613.9;0.178;734.6;0.156;60;0;0;0.627;0.803;0.649;115;149;121;49.97;49.97;49.97;9321;1000;0.0;0;0.0000;0;0;23557;23557;23557
60;2014-04-29 16:34:00;909402N262;423;23.564;41;235;235;235;235;0.756;49.97;545.6;0.345;614.3;0.195;739.1;0.171;60;0;0;0.729;0.847;0.693;136;157;129;49.97;49.97;49.97;9321;1000;0.0;0;0.0000;0;0;23564;23564;23564
60;2014-04-29 16:35:00;909402N262;462;23.571;40;235;236;235;235;0.814;49.98;548.2;0.372;617.4;0.211;748.2;0.185;60;0;0;0.793;0.866;0.785;149;163;148;49.98;49.98;49.98;9321;1000;0.0;0;0.0000;0;0;23571;23571;23571
60;2014-04-29 16:36:00;909402N262;498;23.580;40;235;235;235;235;0.872;49.97;543.2;0.403;620.3;0.226;751.9;0.200;60;0;0;0.871;0.930;0.816;164;177;154;49.97;49.97;49.97;9321;1000;0.0;0;0.0000;0;0;23580;23580;23580
60;2014-04-29 16:37:00;909402N262;534;23.589;40;235;236;235;235;0.931;49.98;544.9;0.429;622.3;0.243;760.2;0.212;60;0;0;0.911;0.998;0.886;174;190;168;49.98;49.98;49.98;9321;1000;0.0;0;0.0000;0;0;23589;23589;23589
60;2014-04-29 16:38:00;909402N262;574;23.598;40;235;236;235;235;1.001;49.99;548.7;0.455;625.0;0.261;761.2;0.228;60;0;0;0.978;1.063;0.962;185;201;185;49.99;49.99;49.99;9321;1000;0.0;0;0.0000;0;0;23598;23598;23598
60;2014-04-29 16:39:00;909402N262;617;23.608;40;235;235;235;235;1.064;49.98;551.8;0.483;627.2;0.281;765.9;0.245;60;0;0;1.035;1.110;1.047;199;213;203;49.98;49.98;49.98;9321;1000;0.0;0;0.0000;0;0;23608;23608;23608
60;2014-04-29 16:40:00;909402N262;667;23.620;40;235;235;235;235;1.142;49.99;552.9;0.519;630.0;0.302;770.1;0.265;60;0;0;1.126;1.167;1.134;218;226;220;49.99;49.99;49.99;9321;1000;0.0;0;0.0000;0;0;23620;23620;23620
60;2014-04-29 16:41:00;909402N262;715;23.632;40;235;235;235;235;1.210;49.99;554.6;0.554;633.6;0.322;775.1;0.283;60;0;0;1.188;1.242;1.202;233;244;236;49.99;49.99;49.99;9321;1000;0.0;0;0.0000;0;0;23632;23632;23632
60;2014-04-29 16:42:00;909402N262;764;23.644;40;235;235;236;235;1.266;49.99;553.5;0.594;635.3;0.341;777.7;0.300;60;0;0;1.254;1.288;1.258;250;261;252;49.99;49.99;49.99;9321;1000;0.0;0;0.0000;0;0;23644;23644;23644
60;2014-04-29 16:43:00;909402N262;813;23.659;40;235;235;236;236;1.330;49.97;555.3;0.633;636.4;0.360;780.1;0.318;60;0;0;1.320;1.361;1.310;267;279;266;49.97;49.97;49.97;9321;1000;0.0;0;0.0000;0;0;23659;23659;23659
60;2014-04-29 16:44:00;909402N262;870;23.672;40;235;235;235;235;1.398;49.99;556.9;0.676;637.4;0.382;781.8;0.338;60;0;0;1.392;1.408;1.396;287;293;288;49.99;49.99;49.99;9321;1000;0.0;0;0.0000;0;0;23672;23672;23672
60;2014-04-29 16:45:00;909402N262;933;23.688;40;235;235;235;236;1.457;49.99;556.9;0.728;638.9;0.408;786.2;0.361;60;0;0;1.445;1.474;1.452;307;316;308;49.99;49.99;49.99;9321;1000;0.0;0;0.0000;0;0;23688;23688;23688
60;2014-04-29 16:46:00;909402N262;1002;23.705;40;235;235;235;235;1.514;49.99;552.8;0.789;634.7;0.440;783.1;0.392;60;0;0;1.471;1.557;1.516;323;343;334;49.99;49.99;49.99;9321;1000;0.0;0;0.0000;0;0;23705;23705;23705
60;2014-04-29 16:47:00;909402N262;1099;23.723;40;236;236;236;236;1.635;49.99;558.9;0.854;642.9;0.470;794.3;0.422;60;0;0;1.588;1.676;1.642;354;375;368;49.99;49.99;49.99;9321;1000;0.0;0;0.0000;0;0;23723;23723;23723
60;2014-04-29 16:48:00;909402N262;1229;23.743;40;236;236;236;236;1.807;49.99;560.1;0.959;644.5;0.518;794.9;0.473;60;0;0;1.758;1.846;1.819;397;418;412;49.99;49.99;49.99;9321;1000;0.0;0;0.0000;0;0;23743;23743;23743
60;2014-04-29 16:49:00;909402N262;1257;23.764;40;236;236;236;236;1.843;49.98;560.0;0.983;644.3;0.529;795.4;0.483;60;0;0;1.790;1.883;1.858;406;428;422;49.98;49.98;49.98;9321;1000;0.0;0;0.0000;0;0;23764;23764;23764
60;2014-04-29 16:50:00;909402N262;1241;23.785;40;236;236;236;236;1.820;49.99;563.3;0.965;644.3;0.523;795.5;0.475;60;0;0;1.773;1.854;1.834;402;420;417;49.99;49.99;49.99;9321;1000;0.0;0;0.0000;0;0;23785;23785;23785
60;2014-04-29 16:51:00;909402N262;1250;23.806;40;236;235;235;236;1.831;49.99;572.7;0.956;644.3;0.526;795.6;0.479;60;0;0;1.781;1.868;1.845;404;424;420;49.99;49.99;49.99;9321;1000;0.0;0;0.0000;0;0;23806;23806;23806
60;2014-04-29 16:52:00;909402N262;1279;23.828;40;236;236;235;236;1.871;49.99;573.6;0.976;644.3;0.537;795.3;0.492;60;0;0;1.821;1.903;1.890;414;432;431;49.99;49.99;49.99;9321;1000;0.0;0;0.0000;0;0;23828;23828;23828
60;2014-04-29 16:53:00;909402N262;1315;23.850;40;236;236;235;236;1.924;49.99;565.4;1.018;644.4;0.550;795.1;0.507;60;0;0;1.874;1.954;1.945;426;444;444;49.99;49.99;49.99;9321;1000;0.0;0;0.0000;0;0;23850;23850;23850
60;2014-04-29 16:54:00;909402N262;1363;23.872;40;236;235;236;236;1.991;49.99;561.7;1.063;644.5;0.568;795.2;0.526;60;0;0;1.939;2.026;2.009;440;462;459;49.99;49.99;49.99;9321;1000;0.0;0;0.0000;0;0;23872;23872;23872
60;2014-04-29 16:55:00;909402N262;1415;23.897;39;236;235;237;236;2.062;49.99;563.4;1.101;644.0;0.587;795.4;0.546;60;0;0;2.004;2.105;2.079;456;482;475;49.99;49.99;49.99;9321;1000;0.0;0;0.0000;0;0;23897;23897;23897
60;2014-04-29 16:56:00;909402N262;1480;23.921;39;236;235;237;236;2.156;49.99;565.0;1.147;644.3;0.612;795.3;0.575;60;0;0;2.096;2.197;2.176;477;503;498;49.99;49.99;49.99;9321;1000;0.0;0;0.0000;0;0;23921;23921;23921
60;2014-04-29 16:57:00;909402N262;1609;23.947;39;236;235;237;236;2.333;49.98;566.5;1.243;646.3;0.660;795.2;0.630;60;0;0;2.270;2.385;2.346;518;549;540;49.98;49.98;49.98;9321;1000;0.0;0;0.0000;0;0;23947;23947;23947
60;2014-04-29 16:58:00;909402N262;1816;23.977;39;236;235;237;236;2.623;49.99;566.5;1.407;647.6;0.736;795.2;0.712;60;0;0;2.566;2.678;2.627;589;619;607;49.99;49.99;49.99;9321;1000;0.0;0;0.0000;0;0;23977;23977;23977
60;2014-04-29 16:59:00;909402N262;2109;24.013;39;236;236;237;236;3.021;49.99;565.5;1.648;650.3;0.839;795.0;0.829;60;0;0;2.962;3.064;3.037;686;714;707;49.99;49.99;49.99;9321;1000;0.0;0;0.0000;0;0;24013;24013;24013
60;2014-04-29 17:00:00;909402N262;2291;24.051;39;236;236;237;237;3.267;50.00;563.5;1.803;651.0;0.906;794.7;0.900;60;0;0;3.212;3.310;3.281;747;775;767;50.00;50.00;50.00;9321;1000;0.0;0;0.0000;0;0;24051;24051;24051
[wr_ende]
