20140731;100005;danfoss;My Plant;+0100
[wr_def_start]
909402N262;Inverter Type;Inverter Group;Hanzl
[wr_def_end]
[wr]
INTERVAL;TIMESTAMP;SERIAL;P_AC;E_DAY;T_WR;U_AC;U_AC_1;U_AC_2;U_AC_3;I_AC;F_AC;U_DC_1;I_DC_1;U_DC_2;I_DC_2;U_DC_3;I_DC_3;S;E_WR;M_WR;I_AC_1;I_AC_2;I_AC_3;P_AC_1;P_AC_2;P_AC_3;F_AC_1;F_AC_2;F_AC_3;R_DC;PC;PCS;PCS_LL;COS_PHI;COS_PHI_LL;S_COS_PHI;Current_Day_Energy;current_Day_Offset;ccEnergyOfDay_WithoutOffset
60;2014-07-31 09:01:00;909402N262;683;1.432;39;233;234;232;233;1.210;50.03;539.0;0.594;594.9;0.305;730.6;0.268;60;0;0;1.190;1.234;1.206;224;232;225;50.03;50.03;50.03;2730;1000;0.0;0;0.0000;0;0;1432;1432;1432
60;2014-07-31 09:02:00;909402N262;859;1.447;39;233;234;232;233;1.446;50.04;544.0;0.739;619.3;0.362;750.8;0.324;60;0;0;1.444;1.461;1.434;285;290;282;50.04;50.04;50.04;2730;1000;0.0;0;0.0000;0;0;1447;1447;1447
60;2014-07-31 09:03:00;909402N262;995;1.463;40;233;234;232;233;1.601;50.04;563.1;0.829;626.0;0.413;759.1;0.371;60;0;0;1.579;1.643;1.581;326;341;327;50.04;50.04;50.04;2730;1000;0.0;0;0.0000;0;0;1463;1463;1463
60;2014-07-31 09:04:00;909402N262;1100;1.482;40;233;234;232;232;1.735;50.04;560.1;0.929;629.2;0.450;762.7;0.404;60;0;0;1.730;1.782;1.693;366;376;356;50.04;50.04;50.04;2730;1000;0.0;0;0.0000;0;0;1482;1482;1482
60;2014-07-31 09:05:00;909402N262;1195;1.502;40;233;234;232;232;1.846;50.05;560.5;0.996;632.8;0.504;767.1;0.428;60;0;0;1.834;1.883;1.823;395;405;392;50.05;50.05;50.05;2730;1000;0.0;0;0.0000;0;0;1502;1502;1502
60;2014-07-31 09:06:00;909402N262;1549;1.527;40;233;234;233;232;2.333;50.04;568.2;1.242;642.3;0.661;778.8;0.557;60;0;0;2.305;2.378;2.317;510;527;509;50.04;50.04;50.04;2730;1000;0.0;0;0.0000;0;0;1527;1527;1527
60;2014-07-31 09:07:00;909402N262;1912;1.559;40;233;235;233;232;2.837;50.03;570.9;1.520;646.5;0.812;784.9;0.685;60;0;0;2.811;2.899;2.801;633;652;624;50.03;50.03;50.03;2730;1000;0.0;0;0.0000;0;0;1559;1559;1559
60;2014-07-31 09:08:00;909402N262;2281;1.597;40;233;234;233;232;3.346;50.03;581.1;1.741;648.5;1.000;780.8;0.825;60;0;0;3.309;3.393;3.338;755;772;753;50.03;50.03;50.03;2730;1000;0.0;0;0.0000;0;0;1597;1597;1597
60;2014-07-31 09:09:00;909402N262;2517;1.639;40;233;234;233;232;3.665;50.02;579.5;1.937;650.8;1.083;789.1;0.906;60;0;0;3.618;3.709;3.670;830;849;836;50.02;50.02;50.02;2730;1000;0.0;0;0.0000;0;0;1639;1639;1639
60;2014-07-31 09:10:00;909402N262;2543;1.682;40;233;234;233;232;3.719;50.02;582.9;1.936;648.8;1.111;781.2;0.919;60;0;0;3.677;3.762;3.718;840;857;844;50.02;50.02;50.02;2730;1000;0.0;0;0.0000;0;0;1682;1682;1682
60;2014-07-31 09:11:00;909402N262;2409;1.721;40;233;234;233;232;3.524;50.01;569.2;1.900;646.7;1.044;786.5;0.859;60;0;0;3.484;3.565;3.525;796;811;800;50.01;50.01;50.01;2730;1000;0.0;0;0.0000;0;0;1721;1721;1721
60;2014-07-31 09:12:00;909402N262;2498;1.763;40;233;234;233;232;3.654;50.01;572.6;1.947;646.8;1.097;782.7;0.893;60;0;0;3.605;3.698;3.659;824;842;830;50.01;50.01;50.01;2730;1000;0.0;0;0.0000;0;0;1763;1763;1763
60;2014-07-31 09:13:00;909402N262;2836;1.810;40;233;234;233;232;4.126;50.01;582.9;2.082;629.6;1.297;786.9;1.066;60;0;0;4.082;4.179;4.118;938;957;939;50.01;50.01;50.01;2730;1000;0.0;0;0.0000;0;0;1810;1810;1810
60;2014-07-31 09:14:00;909402N262;2462;1.852;40;233;234;233;232;3.613;50.00;560.6;2.003;639.5;1.048;783.6;0.885;60;0;0;3.571;3.658;3.611;814;830;817;50.00;50.00;50.00;2730;1000;0.0;0;0.0000;0;0;1852;1852;1852
60;2014-07-31 09:15:00;909402N262;2486;1.893;40;233;234;233;232;3.641;50.01;557.8;2.024;638.0;1.077;784.1;0.886;60;0;0;3.598;3.688;3.638;821;838;826;50.01;50.01;50.01;2730;1000;0.0;0;0.0000;0;0;1893;1893;1893
60;2014-07-31 09:16:00;909402N262;2508;1.934;40;233;233;233;232;3.665;50.02;558.9;2.044;625.2;1.100;776.1;0.916;60;0;0;3.607;3.717;3.673;823;849;835;50.02;50.02;50.02;2730;1000;0.0;0;0.0000;0;0;1934;1934;1934
60;2014-07-31 09:17:00;909402N262;2369;1.975;40;233;233;233;233;3.474;50.01;561.8;1.981;641.2;0.966;780.2;0.843;60;0;0;3.414;3.522;3.488;775;801;791;50.01;50.01;50.01;2730;1000;0.0;0;0.0000;0;0;1975;1975;1975
60;2014-07-31 09:18:00;909402N262;2229;2.012;40;233;233;233;233;3.280;50.01;562.9;1.888;638.4;0.896;776.8;0.793;60;0;0;3.231;3.322;3.288;732;752;743;50.01;50.01;50.01;2730;1000;0.0;0;0.0000;0;0;2012;2012;2012
60;2014-07-31 09:19:00;909402N262;2156;2.047;40;233;233;233;233;3.177;50.02;568.1;1.816;634.5;0.873;776.7;0.761;60;0;0;3.130;3.221;3.181;708;727;719;50.02;50.02;50.02;2730;1000;0.0;0;0.0000;0;0;2047;2047;2047
60;2014-07-31 09:20:00;909402N262;2091;2.083;40;233;234;233;233;3.084;50.02;566.5;1.764;633.1;0.848;774.3;0.742;60;0;0;3.031;3.126;3.095;685;706;698;50.02;50.02;50.02;2730;1000;0.0;0;0.0000;0;0;2083;2083;2083
60;2014-07-31 09:21:00;909402N262;2047;2.117;40;233;233;233;232;3.028;50.01;566.4;1.733;632.0;0.832;771.5;0.725;60;0;0;2.978;3.068;3.040;671;691;683;50.01;50.01;50.01;2730;1000;0.0;0;0.0000;0;0;2117;2117;2117
60;2014-07-31 09:22:00;909402N262;2025;2.150;41;233;233;233;232;2.996;50.01;563.6;1.726;631.6;0.821;771.5;0.715;60;0;0;2.942;3.035;3.011;663;683;677;50.01;50.01;50.01;2730;1000;0.0;0;0.0000;0;0;2150;2150;2150
60;2014-07-31 09:23:00;909402N262;1990;2.183;41;232;233;232;232;2.953;50.01;563.5;1.694;630.9;0.807;770.7;0.708;60;0;0;2.902;3.002;2.956;652;674;662;50.01;50.01;50.01;2730;1000;0.0;0;0.0000;0;0;2183;2183;2183
60;2014-07-31 09:24:00;909402N262;2045;2.218;41;233;233;233;232;3.024;50.00;564.3;1.722;631.3;0.834;772.2;0.733;60;0;0;2.969;3.067;3.036;670;691;682;50.00;50.00;50.01;2730;1000;0.0;0;0.0000;0;0;2218;2218;2218
60;2014-07-31 09:25:00;909402N262;2062;2.253;41;233;233;232;232;3.050;50.00;563.9;1.740;633.6;0.833;771.7;0.743;60;0;0;3.003;3.085;3.064;677;695;689;50.00;50.00;50.00;2730;1000;0.0;0;0.0000;0;0;2253;2253;2253
60;2014-07-31 09:26:00;909402N262;1963;2.285;41;233;233;233;232;2.911;50.00;564.7;1.658;633.6;0.790;769.5;0.708;60;0;0;2.871;2.949;2.915;646;663;653;50.00;50.00;50.00;2730;1000;0.0;0;0.0000;0;0;2285;2285;2285
60;2014-07-31 09:27:00;909402N262;1902;2.317;41;233;233;233;232;2.832;50.00;565.8;1.600;632.2;0.780;770.0;0.677;60;0;0;2.790;2.892;2.816;624;648;628;50.00;50.00;50.00;2730;1000;0.0;0;0.0000;0;0;2317;2317;2317
60;2014-07-31 09:28:00;909402N262;1976;2.351;41;233;233;233;232;2.932;49.99;566.7;1.646;633.9;0.827;772.4;0.697;60;0;0;2.883;2.974;2.939;648;668;658;49.99;49.99;49.99;2730;1000;0.0;0;0.0000;0;0;2351;2351;2351
60;2014-07-31 09:29:00;909402N262;2118;2.385;41;232;233;232;233;3.129;49.99;566.8;1.751;635.2;0.888;774.1;0.753;60;0;0;3.086;3.157;3.144;698;709;709;49.99;49.99;49.99;2730;1000;0.0;0;0.0000;0;0;2385;2385;2385
60;2014-07-31 09:30:00;909402N262;2105;2.420;41;232;233;231;233;3.112;49.99;569.3;1.740;630.4;0.874;771.3;0.755;60;0;0;3.071;3.138;3.127;694;702;706;49.99;49.99;49.99;2730;1000;0.0;0;0.0000;0;0;2420;2420;2420
60;2014-07-31 09:31:00;909402N262;1931;2.453;41;232;233;230;233;2.866;49.99;562.1;1.643;617.5;0.797;763.7;0.705;60;0;0;2.834;2.881;2.883;638;640;650;49.99;49.99;49.99;2730;1000;0.0;0;0.0000;0;0;2453;2453;2453
60;2014-07-31 09:32:00;909402N262;1799;2.482;41;232;233;230;233;2.701;49.98;563.1;1.545;627.0;0.720;761.9;0.649;60;0;0;2.664;2.731;2.710;593;601;602;49.98;49.98;49.98;2730;1000;0.0;0;0.0000;0;0;2482;2482;2482
60;2014-07-31 09:33:00;909402N262;1684;2.511;41;232;233;231;233;2.543;49.99;562.4;1.451;625.2;0.671;759.2;0.611;60;0;0;2.499;2.565;2.567;552;563;568;49.99;49.99;49.99;2730;1000;0.0;0;0.0000;0;0;2511;2511;2511
60;2014-07-31 09:34:00;909402N262;1591;2.537;41;232;232;231;233;2.413;50.00;561.7;1.371;625.0;0.638;757.0;0.577;60;0;0;2.362;2.446;2.432;517;535;537;50.00;50.00;50.00;2730;1000;0.0;0;0.0000;0;0;2537;2537;2537
60;2014-07-31 09:35:00;909402N262;1606;2.564;41;232;232;231;233;2.432;50.01;560.4;1.373;624.4;0.656;758.5;0.583;60;0;0;2.383;2.463;2.452;523;540;542;50.01;50.01;50.01;2730;1000;0.0;0;0.0000;0;0;2564;2564;2564
60;2014-07-31 09:36:00;909402N262;1667;2.591;41;232;233;231;233;2.518;50.00;559.5;1.420;624.2;0.678;760.7;0.611;60;0;0;2.477;2.545;2.533;546;558;561;50.00;50.00;50.00;2730;1000;0.0;0;0.0000;0;0;2591;2591;2591
60;2014-07-31 09:37:00;909402N262;1591;2.618;41;232;233;230;233;2.416;50.01;558.7;1.364;623.6;0.643;758.5;0.585;60;0;0;2.381;2.438;2.430;523;532;535;50.01;50.01;50.01;2730;1000;0.0;0;0.0000;0;0;2618;2618;2618
60;2014-07-31 09:38:00;909402N262;1468;2.643;41;232;233;231;233;2.233;50.02;558.2;1.261;620.9;0.595;757.8;0.537;60;0;0;2.196;2.265;2.238;481;494;491;50.02;50.02;50.02;2730;1000;0.0;0;0.0000;0;0;2643;2643;2643
60;2014-07-31 09:39:00;909402N262;1375;2.665;41;232;233;232;232;2.101;50.01;557.6;1.179;619.6;0.558;755.4;0.508;60;0;0;2.062;2.139;2.102;449;465;459;50.01;50.01;50.01;2730;1000;0.0;0;0.0000;0;0;2665;2665;2665
60;2014-07-31 09:40:00;909402N262;1231;2.686;41;232;233;232;232;1.898;50.01;555.8;1.065;617.1;0.497;748.9;0.458;60;0;0;1.862;1.936;1.896;401;418;410;50.01;50.01;50.01;2730;1000;0.0;0;0.0000;0;0;2686;2686;2686
60;2014-07-31 09:41:00;909402N262;1074;2.704;42;234;236;234;234;1.691;50.01;554.5;0.932;613.0;0.439;743.5;0.400;60;0;0;1.662;1.738;1.673;351;367;354;50.01;50.01;50.01;2730;1000;0.0;0;0.0000;0;0;2704;2704;2704
60;2014-07-31 09:42:00;909402N262;981;2.720;42;236;237;236;236;1.560;50.01;546.7;0.859;610.2;0.411;744.6;0.365;60;0;0;1.537;1.603;1.540;319;339;320;50.01;50.01;50.01;2730;1000;0.0;0;0.0000;0;0;2720;2720;2720
60;2014-07-31 09:43:00;909402N262;974;2.736;42;235;235;235;234;1.569;50.01;551.0;0.838;611.4;0.409;746.0;0.366;60;0;0;1.541;1.619;1.549;316;337;320;50.01;50.01;50.01;2730;1000;0.0;0;0.0000;0;0;2736;2736;2736
60;2014-07-31 09:44:00;909402N262;901;2.751;42;235;235;235;235;1.476;50.01;547.3;0.785;609.0;0.375;738.9;0.340;60;0;0;1.456;1.512;1.462;294;310;295;50.01;50.01;50.01;2730;1000;0.0;0;0.0000;0;0;2751;2751;2751
60;2014-07-31 09:45:00;909402N262;797;2.765;42;235;235;235;235;1.369;50.01;532.6;0.718;606.4;0.333;733.1;0.303;60;0;0;1.355;1.398;1.355;261;274;261;50.01;50.01;50.01;2730;1000;0.0;0;0.0000;0;0;2765;2765;2765
60;2014-07-31 09:46:00;909402N262;710;2.778;42;235;235;235;235;1.245;49.99;528.4;0.647;601.2;0.302;720.9;0.275;60;0;0;1.218;1.278;1.241;229;244;234;49.99;49.99;49.99;2730;1000;0.0;0;0.0000;0;0;2778;2778;2778
60;2014-07-31 09:47:00;909402N262;667;2.787;42;235;234;235;235;1.174;50.00;528.5;0.606;600.6;0.285;725.9;0.255;60;0;0;1.148;1.216;1.160;214;231;220;50.00;50.00;50.00;2730;1000;0.0;0;0.0000;0;0;2787;2787;2787
60;2014-07-31 09:48:00;909402N262;665;2.799;42;235;234;235;235;1.174;50.00;531.8;0.597;601.0;0.288;725.7;0.254;60;0;0;1.154;1.208;1.160;214;230;218;50.00;50.00;50.00;2730;1000;0.0;0;0.0000;0;0;2799;2799;2799
60;2014-07-31 09:49:00;909402N262;715;2.811;42;235;235;235;235;1.239;50.01;547.9;0.617;603.1;0.310;730.9;0.271;60;0;0;1.211;1.281;1.227;229;248;235;50.01;50.01;50.01;2730;1000;0.0;0;0.0000;0;0;2811;2811;2811
60;2014-07-31 09:50:00;909402N262;833;2.824;42;235;235;234;235;1.364;50.00;552.4;0.705;610.8;0.362;738.2;0.314;60;0;0;1.340;1.389;1.363;271;284;276;50.00;50.00;50.00;2730;1000;0.0;0;0.0000;0;0;2824;2824;2824
60;2014-07-31 09:51:00;909402N262;1035;2.842;42;234;235;234;234;1.602;50.00;556.1;0.864;619.2;0.445;750.2;0.386;60;0;0;1.569;1.643;1.594;337;353;343;50.00;50.00;50.00;2730;1000;0.0;0;0.0000;0;0;2842;2842;2842
60;2014-07-31 09:52:00;909402N262;1288;2.863;42;234;235;234;234;1.927;50.00;559.9;1.060;625.5;0.553;761.5;0.474;60;0;0;1.885;1.963;1.933;419;438;430;50.00;50.00;50.00;2730;1000;0.0;0;0.0000;0;0;2863;2863;2863
60;2014-07-31 09:53:00;909402N262;1643;2.891;42;235;235;235;234;2.419;50.01;562.9;1.338;633.9;0.697;774.1;0.597;60;0;0;2.375;2.459;2.425;536;557;548;50.01;50.01;50.01;2730;1000;0.0;0;0.0000;0;0;2891;2891;2891
60;2014-07-31 09:54:00;909402N262;1997;2.925;42;235;235;235;235;2.902;50.01;566.5;1.624;636.4;0.831;778.5;0.729;60;0;0;2.848;2.948;2.912;653;677;666;50.01;50.01;50.01;2730;1000;0.0;0;0.0000;0;0;2925;2925;2925
60;2014-07-31 09:55:00;909402N262;2225;2.961;42;235;235;235;235;3.217;50.01;567.4;1.816;641.9;0.911;779.8;0.809;60;0;0;3.159;3.260;3.233;728;750;745;50.01;50.01;50.01;2730;1000;0.0;0;0.0000;0;0;2961;2961;2961
60;2014-07-31 09:56:00;909402N262;2336;3.000;42;235;235;235;235;3.370;50.02;566.3;1.922;642.4;0.941;780.0;0.854;60;0;0;3.310;3.412;3.390;765;787;783;50.02;50.02;50.02;2730;1000;0.0;0;0.0000;0;0;3000;3000;3000
60;2014-07-31 09:57:00;909402N262;2258;3.038;42;235;235;235;235;3.262;50.02;562.5;1.888;635.9;0.902;777.9;0.828;60;0;0;3.205;3.301;3.281;739;759;757;50.02;50.02;50.02;2730;1000;0.0;0;0.0000;0;0;3038;3038;3038
60;2014-07-31 09:58:00;909402N262;2058;3.072;42;236;236;235;236;2.980;50.03;558.0;1.754;633.9;0.816;771.1;0.756;60;0;0;2.931;3.013;2.997;675;691;689;50.03;50.03;50.03;2730;1000;0.0;0;0.0000;0;0;3072;3072;3072
60;2014-07-31 09:59:00;909402N262;1836;3.102;42;235;236;235;234;2.681;49.99;555.1;1.575;631.4;0.734;767.8;0.671;60;0;0;2.643;2.728;2.673;604;623;606;49.99;49.99;49.99;2730;1000;0.0;0;0.0000;0;0;3102;3102;3102
60;2014-07-31 10:00:00;909402N262;1749;3.132;42;232;233;232;232;2.590;49.97;554.4;1.487;628.3;0.712;765.9;0.642;60;0;0;2.543;2.631;2.597;572;594;581;49.97;49.97;49.97;2730;1000;0.0;0;0.0000;0;0;3132;3132;3132
[wr_ende]
