20150108;130003;danfoss;My Plant;+0100
[wr_def_start]
909402N262;Inverter Type;Inverter Group;Hanzl
[wr_def_end]
[wr]
INTERVAL;TIMESTAMP;SERIAL;P_AC;E_DAY;T_WR;U_AC;U_AC_1;U_AC_2;U_AC_3;I_AC;F_AC;U_DC_1;I_DC_1;U_DC_2;I_DC_2;U_DC_3;I_DC_3;S;E_WR;M_WR;I_AC_1;I_AC_2;I_AC_3;P_AC_1;P_AC_2;P_AC_3;F_AC_1;F_AC_2;F_AC_3;R_DC;PC;PCS;PCS_LL;COS_PHI;COS_PHI_LL;S_COS_PHI;Current_Day_Energy;current_Day_Offset;ccEnergyOfDay_WithoutOffset
60;2015-01-08 12:01:00;909402N262;2262;5.505;36;232;229;233;233;3.409;49.98;590.3;1.802;671.8;0.857;795.3;0.812;60;0;0;3.316;3.473;3.438;722;774;764;49.98;49.98;49.98;916;1000;0.0;0;1.0000;0;2;5505;5505;5505
60;2015-01-08 12:02:00;909402N262;2484;5.547;36;232;229;233;233;3.730;49.98;597.8;1.928;643.9;1.007;795.0;0.883;60;0;0;3.624;3.802;3.764;793;849;841;49.98;49.98;49.98;916;1000;0.0;0;1.0000;0;2;5547;5547;5547
60;2015-01-08 12:03:00;909402N262;2665;5.592;36;231;229;233;232;3.983;49.98;599.4;2.062;649.1;1.071;795.2;0.951;60;0;0;3.897;4.048;4.006;859;907;897;49.98;49.98;49.98;916;1000;0.0;0;1.0000;0;2;5592;5592;5592
60;2015-01-08 12:04:00;909402N262;2782;5.637;36;231;229;232;232;4.150;49.98;600.7;2.150;651.3;1.108;795.4;0.997;60;0;0;4.062;4.215;4.173;898;946;936;49.98;49.98;49.98;916;1000;0.0;0;1.0000;0;2;5637;5637;5637
60;2015-01-08 12:05:00;909402N262;2739;5.682;36;231;229;232;232;4.089;49.99;600.3;2.107;650.7;1.098;795.3;0.984;60;0;0;4.004;4.161;4.103;885;934;919;49.99;49.99;49.99;916;1000;0.0;0;1.0000;0;2;5682;5682;5682
60;2015-01-08 12:06:00;909402N262;2584;5.726;36;231;228;232;232;3.876;49.99;597.6;1.983;645.5;1.057;795.1;0.925;60;0;0;3.777;3.956;3.897;829;885;868;49.99;49.99;49.99;916;1000;0.0;0;1.0000;0;2;5726;5726;5726
60;2015-01-08 12:07:00;909402N262;2435;5.767;36;231;228;232;232;3.672;49.99;594.6;1.875;638.9;1.013;795.0;0.869;60;0;0;3.576;3.743;3.699;781;831;821;49.99;49.99;49.99;916;1000;0.0;0;1.0000;0;2;5767;5767;5767
60;2015-01-08 12:08:00;909402N262;2311;5.806;36;231;229;232;232;3.498;49.99;592.9;1.784;638.7;0.961;794.8;0.825;60;0;0;3.415;3.559;3.521;744;787;778;49.99;49.99;49.99;916;1000;0.0;0;1.0000;0;2;5806;5806;5806
60;2015-01-08 12:09:00;909402N262;2214;5.842;36;231;229;232;233;3.363;49.98;592.6;1.712;636.5;0.923;794.8;0.790;60;0;0;3.271;3.432;3.388;709;757;747;49.98;49.98;49.98;916;1000;0.0;0;1.0000;0;2;5842;5842;5842
60;2015-01-08 12:10:00;909402N262;2125;5.878;36;231;228;233;233;3.245;49.97;592.5;1.644;635.6;0.886;794.9;0.758;60;0;0;3.143;3.321;3.272;677;729;717;49.97;49.97;49.97;916;1000;0.0;0;1.0000;0;2;5878;5878;5878
60;2015-01-08 12:11:00;909402N262;2044;5.912;36;231;228;233;233;3.134;49.98;593.0;1.577;634.3;0.855;795.0;0.728;60;0;0;3.036;3.201;3.167;650;699;692;49.98;49.98;49.98;916;1000;0.0;0;1.0000;0;2;5912;5912;5912
60;2015-01-08 12:12:00;909402N262;2002;5.945;36;231;228;232;234;3.076;49.99;592.1;1.546;634.2;0.840;795.1;0.710;60;0;0;2.965;3.143;3.120;632;685;683;49.99;49.99;49.99;916;1000;0.0;0;1.0000;0;2;5945;5945;5945
60;2015-01-08 12:13:00;909402N262;1989;5.978;36;231;228;233;234;3.055;49.99;589.7;1.543;634.1;0.836;795.2;0.705;60;0;0;2.953;3.120;3.093;630;680;677;49.99;49.99;49.99;916;1000;0.0;0;1.0000;0;2;5978;5978;5978
60;2015-01-08 12:14:00;909402N262;1974;6.011;36;232;229;232;234;3.033;49.98;588.7;1.533;633.9;0.830;795.1;0.700;60;0;0;2.935;3.092;3.073;628;673;671;49.98;49.98;49.98;916;1000;0.0;0;1.0000;0;2;6011;6011;6011
60;2015-01-08 12:15:00;909402N262;1954;6.044;36;232;229;233;234;3.006;49.98;589.4;1.516;633.8;0.822;795.0;0.692;60;0;0;2.911;3.068;3.040;622;667;663;49.98;49.98;49.98;916;1000;0.0;0;1.0000;0;2;6044;6044;6044
60;2015-01-08 12:16:00;909402N262;1905;6.075;36;232;230;232;234;2.934;49.98;590.2;1.493;636.8;0.799;781.0;0.688;60;0;0;2.853;2.974;2.976;609;644;649;49.98;49.98;49.98;916;1000;0.0;0;1.0000;0;2;6075;6075;6075
60;2015-01-08 12:17:00;909402N262;1858;6.107;36;232;230;232;234;2.861;49.99;589.8;1.451;686.5;0.713;795.2;0.655;60;0;0;2.774;2.913;2.898;593;632;631;49.99;49.99;49.99;916;1000;0.0;0;1.0000;0;2;6107;6107;6107
60;2015-01-08 12:18:00;909402N262;1756;6.136;36;232;230;232;233;2.726;49.99;588.6;1.386;685.4;0.667;795.0;0.615;60;0;0;2.645;2.777;2.756;561;599;594;49.99;49.99;49.99;916;1000;0.0;0;1.0000;0;2;6136;6136;6136
60;2015-01-08 12:19:00;909402N262;1628;6.163;36;232;230;233;233;2.558;50.00;588.6;1.298;683.8;0.612;794.9;0.566;60;0;0;2.484;2.610;2.581;520;556;550;50.00;50.00;50.00;916;1000;0.0;0;1.0000;0;2;6163;6163;6163
60;2015-01-08 12:20:00;909402N262;1517;6.189;36;232;230;232;233;2.413;50.01;587.8;1.221;683.0;0.563;795.0;0.526;60;0;0;2.339;2.455;2.447;484;515;516;50.01;50.01;50.01;916;1000;0.0;0;1.0000;0;2;6189;6189;6189
60;2015-01-08 12:21:00;909402N262;1446;6.212;36;232;230;232;233;2.325;50.01;586.5;1.175;683.6;0.530;795.2;0.501;60;0;0;2.251;2.359;2.365;460;490;494;50.01;50.01;50.01;916;1000;0.0;0;1.0000;0;2;6212;6212;6212
60;2015-01-08 12:22:00;909402N262;1434;6.236;36;231;229;232;233;2.311;50.00;585.8;1.172;683.9;0.520;795.1;0.496;60;0;0;2.234;2.357;2.344;455;489;487;50.00;50.00;50.00;916;1000;0.0;0;1.0000;0;2;6236;6236;6236
60;2015-01-08 12:23:00;909402N262;1486;6.262;36;231;229;232;233;2.377;50.00;586.3;1.221;685.7;0.534;795.2;0.513;60;0;0;2.299;2.421;2.413;472;506;506;50.00;50.00;50.00;916;1000;0.0;0;1.0000;0;2;6262;6262;6262
60;2015-01-08 12:24:00;909402N262;1585;6.287;36;231;230;232;232;2.504;49.99;587.8;1.306;690.2;0.559;794.9;0.548;60;0;0;2.433;2.548;2.531;507;539;536;49.99;49.99;49.99;916;1000;0.0;0;1.0000;0;2;6287;6287;6287
60;2015-01-08 12:25:00;909402N262;1781;6.318;36;231;230;232;232;2.760;49.99;590.4;1.477;669.8;0.640;795.1;0.618;60;0;0;2.687;2.802;2.791;572;605;602;49.99;49.99;49.99;916;1000;0.0;0;1.0000;0;2;6318;6318;6318
60;2015-01-08 12:26:00;909402N262;2131;6.353;36;231;230;231;232;3.234;49.99;594.7;1.780;649.3;0.763;795.0;0.745;60;0;0;3.166;3.274;3.264;690;720;720;49.99;49.99;49.99;916;1000;0.0;0;1.0000;0;2;6353;6353;6353
60;2015-01-08 12:27:00;909402N262;2328;6.392;36;231;231;231;233;3.503;49.99;596.7;1.953;629.9;0.841;795.0;0.819;60;0;0;3.441;3.532;3.538;759;780;788;49.99;49.99;49.99;916;1000;0.0;0;1.0000;0;2;6392;6392;6392
60;2015-01-08 12:28:00;909402N262;2327;6.431;36;231;230;231;233;3.502;49.99;596.8;1.954;627.6;0.847;794.8;0.814;60;0;0;3.435;3.537;3.534;757;781;787;49.99;49.99;49.99;916;1000;0.0;0;1.0000;0;2;6431;6431;6431
60;2015-01-08 12:29:00;909402N262;2091;6.465;36;231;230;230;233;3.181;49.99;593.8;1.742;645.0;0.764;794.9;0.725;60;0;0;3.109;3.209;3.226;676;701;712;49.99;49.99;49.99;916;1000;0.0;0;1.0000;0;2;6465;6465;6465
60;2015-01-08 12:30:00;909402N262;2151;6.501;36;231;230;230;233;3.263;49.99;593.9;1.799;649.6;0.774;794.9;0.748;60;0;0;3.193;3.285;3.313;697;719;733;49.99;49.99;49.99;916;1000;0.0;0;1.0000;0;2;6501;6501;6501
60;2015-01-08 12:31:00;909402N262;2174;6.536;36;231;231;230;233;3.290;49.97;591.3;1.842;639.5;0.780;787.3;0.774;60;0;0;3.225;3.312;3.334;707;727;739;49.97;49.97;49.97;916;1000;0.0;0;1.0000;0;2;6536;6536;6536
60;2015-01-08 12:32:00;909402N262;2164;6.572;36;231;231;231;233;3.293;49.96;595.8;1.800;650.0;0.780;795.1;0.754;60;0;0;3.228;3.321;3.332;704;725;733;49.96;49.96;49.96;916;1000;0.0;0;1.0000;0;2;6572;6572;6572
60;2015-01-08 12:33:00;909402N262;2058;6.607;36;231;231;230;233;3.152;49.96;597.9;1.694;644.7;0.757;795.2;0.716;60;0;0;3.091;3.178;3.188;670;688;698;49.96;49.96;49.96;916;1000;0.0;0;1.0000;0;2;6607;6607;6607
60;2015-01-08 12:34:00;909402N262;1948;6.640;36;231;231;230;233;3.001;49.97;599.1;1.593;640.3;0.727;795.2;0.679;60;0;0;2.941;3.020;3.042;633;650;662;49.97;49.97;49.97;916;1000;0.0;0;1.0000;0;2;6640;6640;6640
60;2015-01-08 12:35:00;909402N262;1972;6.672;36;231;230;229;233;3.038;49.98;598.6;1.617;638.8;0.736;795.3;0.687;60;0;0;2.971;3.058;3.086;640;658;673;49.98;49.98;49.98;916;1000;0.0;0;1.0000;0;2;6672;6672;6672
60;2015-01-08 12:36:00;909402N262;2083;6.707;36;231;230;230;233;3.187;49.97;597.9;1.726;656.4;0.737;795.3;0.730;60;0;0;3.120;3.210;3.231;677;696;709;49.97;49.97;49.97;916;1000;0.0;0;1.0000;0;2;6707;6707;6707
60;2015-01-08 12:37:00;909402N262;1933;6.739;36;231;230;230;233;2.984;49.97;598.4;1.596;652.4;0.689;795.1;0.677;60;0;0;2.909;3.011;3.033;624;648;660;49.97;49.97;49.97;916;1000;0.0;0;1.0000;0;2;6739;6739;6739
60;2015-01-08 12:38:00;909402N262;1647;6.767;36;231;229;229;233;2.607;49.97;598.0;1.338;632.7;0.626;794.9;0.576;60;0;0;2.534;2.638;2.651;529;553;563;49.97;49.97;49.97;916;1000;0.0;0;1.0000;0;2;6767;6767;6767
60;2015-01-08 12:39:00;909402N262;1590;6.794;36;231;230;230;233;2.529;49.97;595.8;1.280;632.3;0.615;794.9;0.558;60;0;0;2.466;2.552;2.569;513;532;542;49.97;49.97;49.97;916;1000;0.0;0;1.0000;0;2;6794;6794;6794
60;2015-01-08 12:40:00;909402N262;1618;6.820;36;231;231;230;233;2.563;49.98;593.2;1.293;633.6;0.636;795.0;0.571;60;0;0;2.499;2.592;2.599;522;544;550;49.98;49.98;49.98;916;1000;0.0;0;1.0000;0;2;6820;6820;6820
60;2015-01-08 12:41:00;909402N262;1632;6.848;36;231;230;231;232;2.582;49.98;591.3;1.292;633.2;0.655;795.2;0.578;60;0;0;2.507;2.622;2.617;524;553;554;49.98;49.98;49.98;916;1000;0.0;0;1.0000;0;2;6848;6848;6848
60;2015-01-08 12:42:00;909402N262;1629;6.875;36;231;230;231;232;2.577;49.98;589.8;1.278;633.0;0.666;795.1;0.578;60;0;0;2.513;2.605;2.613;525;549;553;49.98;49.98;49.98;916;1000;0.0;0;1.0000;0;2;6875;6875;6875
60;2015-01-08 12:43:00;909402N262;1617;6.902;36;231;230;231;232;2.561;49.98;599.4;1.234;632.3;0.673;795.1;0.575;60;0;0;2.491;2.608;2.585;520;550;545;49.98;49.98;49.98;916;1000;0.0;0;1.0000;0;2;6902;6902;6902
60;2015-01-08 12:44:00;909402N262;1599;6.928;36;231;230;231;232;2.542;49.98;601.1;1.207;631.4;0.676;795.0;0.569;60;0;0;2.478;2.588;2.560;516;543;538;49.98;49.98;49.98;916;1000;0.0;0;1.0000;0;2;6928;6928;6928
60;2015-01-08 12:45:00;909402N262;1569;6.955;36;231;231;231;232;2.499;49.99;585.8;1.206;630.8;0.671;795.0;0.559;60;0;0;2.438;2.533;2.526;507;530;530;49.99;49.99;49.99;916;1000;0.0;0;1.0000;0;2;6955;6955;6955
60;2015-01-08 12:46:00;909402N262;1516;6.981;36;231;231;231;232;2.423;49.99;580.5;1.166;619.2;0.664;792.9;0.547;60;0;0;2.362;2.457;2.452;488;512;512;49.99;49.99;49.99;916;1000;0.0;0;1.0000;0;2;6981;6981;6981
60;2015-01-08 12:47:00;909402N262;1493;7.005;36;232;231;231;233;2.399;49.99;586.8;1.129;630.2;0.651;795.2;0.534;60;0;0;2.337;2.426;2.434;480;504;507;49.99;49.99;49.99;916;1000;0.0;0;1.0000;0;2;7005;7005;7005
60;2015-01-08 12:48:00;909402N262;1443;7.029;36;232;231;231;233;2.334;49.99;588.8;1.084;630.0;0.632;795.4;0.517;60;0;0;2.266;2.369;2.368;463;489;489;49.99;49.99;49.99;916;1000;0.0;0;1.0000;0;2;7029;7029;7029
60;2015-01-08 12:49:00;909402N262;1397;7.052;36;232;231;231;233;2.276;50.00;601.0;1.024;628.3;0.615;795.6;0.501;60;0;0;2.224;2.303;2.301;452;471;472;50.00;50.00;50.00;916;1000;0.0;0;1.0000;0;2;7052;7052;7052
60;2015-01-08 12:50:00;909402N262;1365;7.076;36;232;231;231;233;2.235;49.99;603.7;0.994;627.4;0.602;795.6;0.489;60;0;0;2.182;2.264;2.259;441;461;460;49.99;49.99;49.99;916;1000;0.0;0;1.0000;0;2;7076;7076;7076
60;2015-01-08 12:51:00;909402N262;1340;7.098;36;232;231;232;233;2.201;49.99;601.5;0.979;627.0;0.591;795.8;0.480;60;0;0;2.146;2.232;2.227;432;454;453;49.99;49.99;49.99;916;1000;0.0;0;1.0000;0;2;7098;7098;7098
60;2015-01-08 12:52:00;909402N262;1313;7.120;36;232;231;232;233;2.166;50.01;599.6;0.963;626.7;0.580;795.7;0.470;60;0;0;2.110;2.196;2.192;422;445;444;50.01;50.01;50.01;916;1000;0.0;0;1.0000;0;2;7120;7120;7120
60;2015-01-08 12:53:00;909402N262;1279;7.141;36;232;231;232;233;2.123;50.02;597.8;0.941;626.2;0.565;795.8;0.458;60;0;0;2.071;2.147;2.151;412;432;434;50.02;50.02;50.02;916;1000;0.0;0;1.0000;0;2;7141;7141;7141
60;2015-01-08 12:54:00;909402N262;1234;7.161;36;232;231;232;232;2.069;50.01;596.8;0.908;625.3;0.547;795.8;0.442;60;0;0;2.025;2.094;2.088;398;417;416;50.01;50.01;50.01;916;1000;0.0;0;1.0000;0;2;7161;7161;7161
60;2015-01-08 12:55:00;909402N262;1187;7.182;36;232;231;232;232;2.010;50.01;596.6;0.872;624.3;0.529;795.6;0.425;60;0;0;1.958;2.039;2.033;381;404;402;50.01;50.01;50.01;916;1000;0.0;0;1.0000;0;2;7182;7182;7182
60;2015-01-08 12:56:00;909402N262;1149;7.200;36;232;231;232;233;1.964;50.01;596.0;0.842;623.7;0.513;795.2;0.411;60;0;0;1.909;1.990;1.993;367;389;390;50.01;50.01;50.01;916;1000;0.0;0;1.0000;0;2;7200;7200;7200
60;2015-01-08 12:57:00;909402N262;1117;7.220;36;232;231;232;232;1.926;49.99;595.6;0.817;622.7;0.500;795.1;0.400;60;0;0;1.876;1.958;1.946;358;381;377;49.99;49.99;49.99;916;1000;0.0;0;1.0000;0;2;7220;7220;7220
60;2015-01-08 12:58:00;909402N262;1099;7.238;36;232;231;232;232;1.904;49.99;595.7;0.802;622.4;0.493;795.2;0.393;60;0;0;1.850;1.937;1.927;350;375;372;49.99;49.99;49.99;916;1000;0.0;0;1.0000;0;2;7238;7238;7238
60;2015-01-08 12:59:00;909402N262;1086;7.255;36;231;230;232;232;1.889;50.00;596.1;0.793;622.5;0.487;795.3;0.389;60;0;0;1.840;1.920;1.909;347;370;367;50.00;50.00;50.00;916;1000;0.0;0;1.0000;0;2;7255;7255;7255
60;2015-01-08 13:00:00;909402N262;1071;7.273;36;231;230;232;232;1.870;49.99;596.0;0.782;623.6;0.480;795.3;0.383;60;0;0;1.813;1.904;1.895;339;367;363;49.99;49.99;49.99;916;1000;0.0;0;1.0000;0;2;7273;7273;7273
[wr_ende]
