20140715;100000;danfoss;My Plant;+0100
[wr_def_start]
909402N262;Inverter Type;Inverter Group;Hanzl
[wr_def_end]
[wr]
INTERVAL;TIMESTAMP;SERIAL;P_AC;E_DAY;T_WR;U_AC;U_AC_1;U_AC_2;U_AC_3;I_AC;F_AC;U_DC_1;I_DC_1;U_DC_2;I_DC_2;U_DC_3;I_DC_3;S;E_WR;M_WR;I_AC_1;I_AC_2;I_AC_3;P_AC_1;P_AC_2;P_AC_3;F_AC_1;F_AC_2;F_AC_3;R_DC;PC;PCS;PCS_LL;COS_PHI;COS_PHI_LL;S_COS_PHI;Current_Day_Energy;current_Day_Offset;ccEnergyOfDay_WithoutOffset
60;2014-07-15 09:01:00;909402N262;651;3.045;41;232;233;230;234;1.166;50.00;540.6;0.613;577.9;0.275;730.2;0.245;60;0;0;1.162;1.171;1.165;214;217;218;50.00;50.00;50.00;4100;1000;0.0;0;0.0000;0;0;3045;3045;3045
60;2014-07-15 09:02:00;909402N262;619;3.056;41;232;233;230;234;1.102;50.01;546.5;0.572;599.8;0.255;727.7;0.230;60;0;0;1.069;1.138;1.100;199;212;206;50.01;50.01;50.01;4100;1000;0.0;0;0.0000;0;0;3056;3056;3056
60;2014-07-15 09:03:00;909402N262;607;3.066;41;232;233;230;233;1.082;50.00;540.9;0.561;597.4;0.256;726.0;0.226;60;0;0;1.034;1.128;1.085;191;210;203;50.00;50.00;50.00;4100;1000;0.0;0;0.0000;0;0;3066;3066;3066
60;2014-07-15 09:04:00;909402N262;609;3.076;41;232;234;230;233;1.083;50.00;531.4;0.568;601.4;0.259;729.0;0.229;60;0;0;1.053;1.110;1.087;196;207;204;50.00;50.00;50.00;4100;1000;0.0;0;0.0000;0;0;3076;3076;3076
60;2014-07-15 09:05:00;909402N262;614;3.087;41;233;233;231;234;1.093;50.00;529.7;0.569;603.6;0.261;724.0;0.235;60;0;0;1.088;1.122;1.069;203;211;198;50.00;50.00;50.00;4100;1000;0.0;0;0.0000;0;0;3087;3087;3087
60;2014-07-15 09:06:00;909402N262;612;3.096;41;233;234;232;234;1.090;50.01;529.5;0.563;604.4;0.260;725.3;0.236;60;0;0;1.052;1.134;1.086;194;213;203;50.01;50.01;50.01;4100;1000;0.0;0;0.0000;0;0;3096;3096;3096
60;2014-07-15 09:07:00;909402N262;601;3.107;41;233;233;232;234;1.072;50.00;529.1;0.552;602.0;0.257;727.9;0.232;60;0;0;1.036;1.112;1.069;192;207;200;50.00;50.00;50.00;4100;1000;0.0;0;0.0000;0;0;3107;3107;3107
60;2014-07-15 09:08:00;909402N262;593;3.116;41;233;233;232;234;1.055;49.98;528.7;0.543;605.0;0.253;729.8;0.228;60;0;0;1.022;1.087;1.057;190;202;199;49.98;49.98;49.98;4100;1000;0.0;0;0.0000;0;0;3116;3116;3116
60;2014-07-15 09:09:00;909402N262;582;3.125;41;233;233;232;234;1.045;50.00;527.6;0.534;606.2;0.250;721.9;0.225;60;0;0;1.013;1.072;1.050;186;199;194;50.00;50.00;50.00;4100;1000;0.0;0;0.0000;0;0;3125;3125;3125
60;2014-07-15 09:10:00;909402N262;569;3.137;41;233;232;232;234;1.017;50.00;532.3;0.517;604.9;0.247;731.4;0.217;60;0;0;0.987;1.064;1.000;182;198;187;50.00;50.00;50.00;4100;1000;0.0;0;0.0000;0;0;3137;3137;3137
60;2014-07-15 09:11:00;909402N262;575;3.146;41;233;232;232;234;1.028;50.00;546.5;0.505;607.7;0.250;726.2;0.221;60;0;0;0.988;1.075;1.021;181;200;191;50.00;50.00;50.00;4100;1000;0.0;0;0.0000;0;0;3146;3146;3146
60;2014-07-15 09:12:00;909402N262;592;3.155;41;233;233;231;234;1.059;50.00;547.8;0.517;609.6;0.257;726.0;0.227;60;0;0;1.024;1.098;1.055;189;204;198;50.00;50.00;50.00;4100;1000;0.0;0;0.0000;0;0;3155;3155;3155
60;2014-07-15 09:13:00;909402N262;615;3.165;41;232;233;231;234;1.095;49.98;549.5;0.535;611.7;0.269;726.2;0.235;60;0;0;1.072;1.121;1.094;200;208;205;49.98;49.98;49.98;4100;1000;0.0;0;0.0000;0;0;3165;3165;3165
60;2014-07-15 09:14:00;909402N262;644;3.177;41;232;233;231;233;1.135;49.99;550.2;0.558;613.5;0.284;728.2;0.243;60;0;0;1.109;1.170;1.127;208;220;213;49.99;49.99;49.99;4100;1000;0.0;0;0.0000;0;0;3177;3177;3177
60;2014-07-15 09:15:00;909402N262;684;3.187;41;233;234;231;234;1.194;49.98;550.8;0.589;615.4;0.304;727.7;0.257;60;0;0;1.184;1.214;1.185;226;231;226;49.98;49.98;49.98;4100;1000;0.0;0;0.0000;0;0;3187;3187;3187
60;2014-07-15 09:16:00;909402N262;730;3.200;41;235;235;234;237;1.243;49.98;548.3;0.628;600.8;0.336;722.1;0.280;60;0;0;1.211;1.270;1.249;234;248;245;49.98;49.98;49.98;4100;1000;0.0;0;0.0000;0;0;3200;3200;3200
60;2014-07-15 09:17:00;909402N262;809;3.213;41;236;235;235;237;1.295;49.98;556.7;0.675;621.9;0.364;731.7;0.305;60;0;0;1.270;1.316;1.300;263;275;270;49.98;49.98;49.98;4100;1000;0.0;0;0.0000;0;0;3213;3213;3213
60;2014-07-15 09:18:00;909402N262;900;3.227;41;234;233;233;235;1.411;49.99;559.8;0.739;625.8;0.405;734.3;0.340;60;0;0;1.368;1.449;1.418;288;308;302;49.99;49.99;49.99;4100;1000;0.0;0;0.0000;0;0;3227;3227;3227
60;2014-07-15 09:19:00;909402N262;1024;3.245;41;233;233;232;234;1.588;49.99;564.3;0.822;629.9;0.459;742.2;0.387;60;0;0;1.542;1.628;1.595;329;349;344;49.99;49.99;49.99;4100;1000;0.0;0;0.0000;0;0;3245;3245;3245
60;2014-07-15 09:20:00;909402N262;1167;3.265;41;233;233;232;234;1.771;49.98;567.5;0.924;632.4;0.519;749.2;0.443;60;0;0;1.735;1.798;1.780;380;393;392;49.98;49.98;49.98;4100;1000;0.0;0;0.0000;0;0;3265;3265;3265
60;2014-07-15 09:21:00;909402N262;1307;3.286;41;233;233;232;233;1.964;49.98;570.1;1.028;635.0;0.576;759.5;0.493;60;0;0;1.928;1.996;1.968;426;441;438;49.98;49.98;49.98;4100;1000;0.0;0;0.0000;0;0;3286;3286;3286
60;2014-07-15 09:22:00;909402N262;1443;3.310;41;233;233;232;233;2.155;49.99;569.6;1.137;636.7;0.630;767.7;0.539;60;0;0;2.116;2.181;2.170;471;485;485;49.99;49.99;49.99;4100;1000;0.0;0;0.0000;0;0;3310;3310;3310
60;2014-07-15 09:23:00;909402N262;1572;3.337;41;233;233;232;233;2.339;49.98;573.9;1.233;637.5;0.682;768.5;0.585;60;0;0;2.301;2.363;2.353;514;528;528;49.98;49.98;49.98;4100;1000;0.0;0;0.0000;0;0;3337;3337;3337
60;2014-07-15 09:24:00;909402N262;1701;3.366;41;233;232;232;234;2.520;49.98;574.8;1.338;639.2;0.736;770.4;0.628;60;0;0;2.474;2.547;2.539;554;572;573;49.98;49.98;49.98;4100;1000;0.0;0;0.0000;0;0;3366;3366;3366
60;2014-07-15 09:25:00;909402N262;1845;3.396;41;233;232;233;234;2.715;49.97;576.3;1.446;642.0;0.797;770.8;0.680;60;0;0;2.662;2.758;2.726;600;623;620;49.97;49.97;49.97;4100;1000;0.0;0;0.0000;0;0;3396;3396;3396
60;2014-07-15 09:26:00;909402N262;2210;3.432;41;233;233;232;233;3.225;49.98;582.3;1.650;648.8;0.993;775.7;0.817;60;0;0;3.171;3.254;3.251;723;743;744;49.98;49.98;49.99;4100;1000;0.0;0;0.0000;0;0;3432;3432;3432
60;2014-07-15 09:27:00;909402N262;2272;3.471;41;233;233;232;233;3.300;49.99;565.5;1.765;646.0;0.995;791.7;0.834;60;0;0;3.260;3.327;3.314;748;759;762;49.99;49.99;49.99;4100;1000;0.0;0;0.0000;0;0;3471;3471;3471
60;2014-07-15 09:28:00;909402N262;2200;3.507;41;233;234;231;233;3.213;49.99;572.4;1.736;640.7;0.924;781.4;0.825;60;0;0;3.180;3.230;3.230;727;733;738;49.99;49.99;49.99;4100;1000;0.0;0;0.0000;0;0;3507;3507;3507
60;2014-07-15 09:29:00;909402N262;2153;3.543;41;232;233;231;233;3.153;49.99;575.6;1.710;639.5;0.889;779.7;0.805;60;0;0;3.118;3.175;3.168;711;719;721;49.99;49.99;49.99;4100;1000;0.0;0;0.0000;0;0;3543;3543;3543
60;2014-07-15 09:30:00;909402N262;2082;3.578;41;233;234;231;233;3.048;49.98;573.6;1.673;638.8;0.851;778.5;0.778;60;0;0;3.013;3.071;3.062;688;695;698;49.98;49.98;49.98;4100;1000;0.0;0;0.0000;0;0;3578;3578;3578
60;2014-07-15 09:31:00;909402N262;1991;3.611;41;233;234;232;233;2.918;49.99;566.1;1.637;621.4;0.832;770.2;0.755;60;0;0;2.877;2.939;2.940;655;666;669;49.99;49.99;49.99;4100;1000;0.0;0;0.0000;0;0;3611;3611;3611
60;2014-07-15 09:32:00;909402N262;1964;3.644;42;233;233;233;233;2.909;50.00;568.9;1.607;640.7;0.793;776.5;0.731;60;0;0;2.872;2.939;2.916;646;659;656;50.00;50.00;50.00;4100;1000;0.0;0;0.0000;0;0;3644;3644;3644
60;2014-07-15 09:33:00;909402N262;1929;3.677;42;233;233;233;233;2.868;49.99;567.4;1.588;639.1;0.777;775.6;0.719;60;0;0;2.830;2.907;2.867;634;651;642;49.99;49.99;49.99;4100;1000;0.0;0;0.0000;0;0;3677;3677;3677
60;2014-07-15 09:34:00;909402N262;1895;3.708;42;232;233;232;232;2.823;50.01;565.8;1.572;638.4;0.757;774.9;0.707;60;0;0;2.784;2.879;2.807;622;644;626;50.01;50.01;50.01;4100;1000;0.0;0;0.0000;0;0;3708;3708;3708
60;2014-07-15 09:35:00;909402N262;1841;3.738;42;232;233;233;232;2.754;49.99;564.5;1.541;636.3;0.730;775.4;0.685;60;0;0;2.720;2.816;2.727;606;628;605;49.99;49.99;49.99;4100;1000;0.0;0;0.0000;0;0;3738;3738;3738
60;2014-07-15 09:36:00;909402N262;1770;3.768;42;233;233;232;232;2.655;49.99;563.4;1.495;634.0;0.698;770.1;0.662;60;0;0;2.619;2.697;2.650;582;598;587;49.99;49.99;49.99;4100;1000;0.0;0;0.0000;0;0;3768;3768;3768
60;2014-07-15 09:37:00;909402N262;1684;3.797;42;233;233;232;233;2.534;49.98;561.8;1.436;633.8;0.659;768.5;0.627;60;0;0;2.493;2.566;2.543;551;566;564;49.98;49.98;49.98;4100;1000;0.0;0;0.0000;0;0;3797;3797;3797
60;2014-07-15 09:38:00;909402N262;1584;3.824;42;233;232;232;233;2.394;49.99;558.4;1.365;634.7;0.616;767.2;0.589;60;0;0;2.349;2.427;2.406;516;534;532;49.99;49.99;49.99;4100;1000;0.0;0;0.0000;0;0;3824;3824;3824
60;2014-07-15 09:39:00;909402N262;1495;3.848;42;233;232;232;233;2.266;50.00;556.4;1.297;621.4;0.592;765.8;0.556;60;0;0;2.223;2.301;2.275;487;504;501;50.00;50.00;50.00;4100;1000;0.0;0;0.0000;0;0;3848;3848;3848
60;2014-07-15 09:40:00;909402N262;1415;3.872;42;233;232;233;233;2.152;49.99;554.8;1.237;610.5;0.567;765.8;0.527;60;0;0;2.109;2.189;2.160;460;480;474;49.99;49.99;49.99;4100;1000;0.0;0;0.0000;0;0;3872;3872;3872
60;2014-07-15 09:41:00;909402N262;1327;3.894;42;233;233;233;232;2.025;49.98;553.6;1.168;608.4;0.529;762.0;0.494;60;0;0;1.985;2.061;2.030;431;450;443;49.98;49.98;49.98;4100;1000;0.0;0;0.0000;0;0;3894;3894;3894
60;2014-07-15 09:42:00;909402N262;1218;3.913;42;232;232;233;232;1.877;49.99;552.7;1.083;607.7;0.486;758.3;0.453;60;0;0;1.834;1.923;1.874;395;415;405;49.99;49.99;49.99;4100;1000;0.0;0;0.0000;0;0;3913;3913;3913
60;2014-07-15 09:43:00;909402N262;1098;3.932;42;233;232;233;233;1.730;50.00;551.3;0.984;603.7;0.441;754.3;0.407;60;0;0;1.697;1.784;1.710;357;378;361;50.00;50.00;50.00;4100;1000;0.0;0;0.0000;0;0;3932;3932;3932
60;2014-07-15 09:44:00;909402N262;1017;3.950;42;233;233;233;233;1.630;49.99;551.2;0.915;601.3;0.410;752.9;0.376;60;0;0;1.594;1.686;1.610;329;351;335;49.99;49.99;49.99;4100;1000;0.0;0;0.0000;0;0;3950;3950;3950
60;2014-07-15 09:45:00;909402N262;932;3.965;42;233;233;232;234;1.518;49.98;550.1;0.841;599.0;0.378;748.7;0.346;60;0;0;1.495;1.559;1.502;303;320;306;49.98;49.98;49.98;4100;1000;0.0;0;0.0000;0;0;3965;3965;3965
60;2014-07-15 09:46:00;909402N262;840;3.979;42;233;234;233;234;1.396;49.99;546.4;0.764;591.2;0.349;737.8;0.318;60;0;0;1.386;1.421;1.381;275;287;276;49.99;49.99;49.99;4100;1000;0.0;0;0.0000;0;0;3979;3979;3979
60;2014-07-15 09:47:00;909402N262;792;3.992;42;234;234;233;234;1.315;49.99;548.5;0.718;603.0;0.323;743.2;0.295;60;0;0;1.294;1.330;1.322;258;267;265;49.99;49.99;49.99;4100;1000;0.0;0;0.0000;0;0;3992;3992;3992
60;2014-07-15 09:48:00;909402N262;745;4.005;42;233;233;234;234;1.258;49.99;546.3;0.678;596.1;0.308;740.5;0.279;60;0;0;1.247;1.280;1.247;244;254;245;49.99;49.99;49.99;4100;1000;0.0;0;0.0000;0;0;4005;4005;4005
60;2014-07-15 09:49:00;909402N262;699;4.017;42;233;233;234;234;1.206;49.99;546.6;0.637;595.4;0.290;737.7;0.263;60;0;0;1.202;1.241;1.177;230;242;226;49.99;49.99;49.99;4100;1000;0.0;0;0.0000;0;0;4017;4017;4017
60;2014-07-15 09:50:00;909402N262;673;4.026;42;233;233;234;234;1.173;49.99;547.8;0.612;596.3;0.279;736.1;0.253;60;0;0;1.173;1.198;1.148;222;230;219;49.99;49.99;49.99;4100;1000;0.0;0;0.0000;0;0;4026;4026;4026
60;2014-07-15 09:51:00;909402N262;638;4.038;42;233;233;233;234;1.122;49.98;546.2;0.583;596.7;0.264;732.8;0.240;60;0;0;1.093;1.169;1.105;204;221;210;49.98;49.98;49.98;4100;1000;0.0;0;0.0000;0;0;4038;4038;4038
60;2014-07-15 09:52:00;909402N262;603;4.048;42;233;233;233;234;1.071;49.99;543.5;0.553;603.5;0.248;730.6;0.227;60;0;0;1.025;1.109;1.079;192;207;202;49.99;49.99;49.99;4100;1000;0.0;0;0.0000;0;0;4048;4048;4048
60;2014-07-15 09:53:00;909402N262;578;4.058;42;233;233;233;234;1.026;49.99;542.4;0.531;598.2;0.240;734.2;0.217;60;0;0;0.999;1.062;1.017;186;199;191;49.99;49.99;49.99;4100;1000;0.0;0;0.0000;0;0;4058;4058;4058
60;2014-07-15 09:54:00;909402N262;558;4.067;42;233;233;233;233;0.995;49.98;541.1;0.512;603.9;0.230;733.6;0.210;60;0;0;0.963;1.059;0.965;178;197;181;49.98;49.98;49.98;4100;1000;0.0;0;0.0000;0;0;4067;4067;4067
60;2014-07-15 09:55:00;909402N262;541;4.076;42;233;233;233;233;0.973;49.99;541.2;0.497;604.8;0.224;725.6;0.207;60;0;0;0.942;1.019;0.960;173;187;179;49.99;49.99;49.99;4100;1000;0.0;0;0.0000;0;0;4076;4076;4076
60;2014-07-15 09:56:00;909402N262;526;4.084;42;233;233;233;234;0.951;50.00;541.8;0.483;600.1;0.219;724.6;0.201;60;0;0;0.923;1.014;0.916;167;187;169;50.00;50.00;50.00;4100;1000;0.0;0;0.0000;0;0;4084;4084;4084
60;2014-07-15 09:57:00;909402N262;514;4.093;42;233;233;233;234;0.936;50.00;542.3;0.472;604.2;0.213;721.3;0.198;60;0;0;0.912;0.986;0.911;166;180;167;50.00;50.00;50.00;4100;1000;0.0;0;0.0000;0;0;4093;4093;4093
60;2014-07-15 09:58:00;909402N262;504;4.101;42;233;233;232;234;0.930;50.02;542.9;0.461;603.2;0.210;714.1;0.195;60;0;0;0.907;0.981;0.903;162;178;162;50.02;50.02;50.02;4100;1000;0.0;0;0.0000;0;0;4101;4101;4101
60;2014-07-15 09:59:00;909402N262;496;4.110;42;233;233;232;234;0.898;50.01;543.8;0.453;597.5;0.209;724.7;0.189;60;0;0;0.905;0.946;0.843;165;174;155;50.01;50.01;50.01;4100;1000;0.0;0;0.0000;0;0;4110;4110;4110
60;2014-07-15 10:00:00;909402N262;490;4.118;42;233;233;232;234;0.888;50.00;544.6;0.447;600.8;0.207;722.7;0.188;60;0;0;0.901;0.939;0.824;163;172;153;50.00;50.00;50.00;4100;1000;0.0;0;0.0000;0;0;4118;4118;4118
[wr_ende]
