20140718;060004;danfoss;My Plant;+0100
[wr_def_start]
909402N262;Inverter Type;Inverter Group;Hanzl
[wr_def_end]
[wr]
INTERVAL;TIMESTAMP;SERIAL;P_AC;E_DAY;T_WR;U_AC;U_AC_1;U_AC_2;U_AC_3;I_AC;F_AC;U_DC_1;I_DC_1;U_DC_2;I_DC_2;U_DC_3;I_DC_3;S;E_WR;M_WR;I_AC_1;I_AC_2;I_AC_3;P_AC_1;P_AC_2;P_AC_3;F_AC_1;F_AC_2;F_AC_3;R_DC;PC;PCS;PCS_LL;COS_PHI;COS_PHI_LL;S_COS_PHI;Current_Day_Energy;current_Day_Offset;ccEnergyOfDay_WithoutOffset
60;2014-07-18 05:01:00;909402N262;0;0.000;27;234;235;235;233;0.000;50.01;228.0;0.000;227.4;0.000;227.9;0.000;50;0;0;0.000;0.000;0.000;0;0;0;50.01;50.01;50.01;0;1000;0.0;0;0.0000;0;0;0;0;0
60;2014-07-18 05:02:00;909402N262;0;0.000;27;234;234;235;233;0.000;50.00;230.2;0.000;229.6;0.000;229.9;0.000;50;0;0;0.000;0.000;0.000;0;0;0;50.00;50.00;50.00;0;1000;0.0;0;0.0000;0;0;0;0;0
60;2014-07-18 05:03:00;909402N262;0;0.000;27;234;234;235;233;0.000;50.00;231.2;0.000;230.6;0.000;231.0;0.000;50;0;0;0.000;0.000;0.000;0;0;0;50.00;50.00;50.00;0;1000;0.0;0;0.0000;0;0;0;0;0
60;2014-07-18 05:04:00;909402N262;0;0.000;28;234;234;235;233;0.000;50.01;227.6;0.000;227.0;0.000;227.6;0.000;50;0;0;0.000;0.000;0.000;0;0;0;50.01;50.01;50.01;0;1000;0.0;0;0.0000;0;0;0;0;0
60;2014-07-18 05:05:00;909402N262;0;0.000;28;234;235;235;233;0.000;50.02;231.2;0.000;230.6;0.000;231.6;0.000;50;0;0;0.000;0.000;0.000;0;0;0;50.02;50.02;50.02;0;1000;0.0;0;0.0000;0;0;0;0;0
60;2014-07-18 05:06:00;909402N262;0;0.000;28;234;235;235;233;0.000;50.01;234.6;0.000;234.1;0.000;234.5;0.000;50;0;0;0.000;0.000;0.000;0;0;0;50.01;50.01;50.01;0;1000;0.0;0;0.0000;0;0;0;0;0
60;2014-07-18 05:07:00;909402N262;0;0.000;28;235;235;235;234;0.000;50.02;236.4;0.000;235.8;0.000;236.4;0.000;50;0;0;0.000;0.000;0.000;0;0;0;50.02;50.02;50.02;0;1000;0.0;0;0.0000;0;0;0;0;0
60;2014-07-18 05:08:00;909402N262;0;0.000;28;235;235;236;234;0.000;50.04;227.2;0.000;226.7;0.000;227.3;0.000;50;0;0;0.000;0.000;0.000;0;0;0;50.04;50.04;50.04;0;1000;0.0;0;0.0000;0;0;0;0;0
60;2014-07-18 05:09:00;909402N262;0;0.000;28;235;234;236;234;0.000;50.03;229.2;0.000;228.7;0.000;229.7;0.000;50;0;0;0.000;0.000;0.000;0;0;0;50.03;50.03;50.03;0;1000;0.0;0;0.0000;0;0;0;0;0
60;2014-07-18 05:10:00;909402N262;0;0.000;28;234;234;235;233;0.000;50.02;232.3;0.000;231.8;0.000;231.5;0.000;50;0;0;0.000;0.000;0.000;0;0;0;50.02;50.02;50.02;0;1000;0.0;0;0.0000;0;0;0;0;0
60;2014-07-18 05:11:00;909402N262;0;0.000;29;234;234;235;233;0.000;50.02;235.3;0.000;234.7;0.000;235.3;0.000;50;0;0;0.000;0.000;0.000;0;0;0;50.02;50.02;50.02;0;1000;0.0;0;0.0000;0;0;0;0;0
60;2014-07-18 05:12:00;909402N262;0;0.000;29;234;234;235;233;0.000;50.02;237.6;0.000;237.0;0.000;237.6;0.000;50;0;0;0.000;0.000;0.000;0;0;0;50.02;50.02;50.02;0;1000;0.0;0;0.0000;0;0;0;0;0
60;2014-07-18 05:13:00;909402N262;0;0.000;29;234;234;235;233;0.000;50.02;241.5;0.000;240.9;0.000;241.5;0.000;50;0;0;0.000;0.000;0.000;0;0;0;50.02;50.02;50.02;0;1000;0.0;0;0.0000;0;0;0;0;0
60;2014-07-18 05:14:00;909402N262;0;0.000;29;234;234;235;233;0.000;50.03;246.3;0.000;245.7;0.000;246.5;0.000;50;0;0;0.000;0.000;0.000;0;0;0;50.03;50.03;50.03;0;1000;0.0;0;0.0000;0;0;0;0;0
60;2014-07-18 05:15:00;909402N262;0;0.000;29;234;234;235;233;0.000;50.02;267.1;0.000;266.7;0.000;267.1;0.000;50;0;0;0.000;0.000;0.000;0;0;0;50.02;50.02;50.02;0;1000;0.0;0;0.0000;0;0;0;0;0
60;2014-07-18 05:16:00;909402N262;0;0.000;29;234;235;235;233;0.000;50.02;252.0;0.000;251.9;0.000;251.9;0.000;50;0;0;0.000;0.000;0.000;0;0;0;50.02;50.02;50.02;0;1000;0.0;0;0.0000;0;0;0;0;0
60;2014-07-18 05:17:00;909402N262;0;0.000;29;234;235;235;233;0.006;50.01;282.2;0.000;281.5;0.000;281.5;0.000;50;0;0;0.006;0.006;0.006;0;0;0;50.01;50.01;50.01;0;1000;0.0;0;0.0000;0;0;0;0;0
60;2014-07-18 05:18:00;909402N262;0;0.000;29;234;235;235;233;0.003;50.01;435.6;0.000;420.1;0.000;473.5;0.000;51;0;0;0.004;0.003;0.004;0;0;0;50.01;50.01;50.02;987;1000;0.0;0;0.0000;0;0;0;0;0
60;2014-07-18 05:19:00;909402N262;0;0.000;29;234;234;235;233;0.041;50.03;416.5;0.005;392.1;0.000;431.6;0.002;60;0;0;0.053;0.022;0.049;0;0;3;50.03;50.03;50.03;6254;1000;0.0;0;0.0000;0;0;0;0;0
60;2014-07-18 05:20:00;909402N262;0;0.000;29;234;235;234;234;0.142;50.03;387.4;0.012;288.1;0.003;346.0;0.003;60;0;0;0.196;0.129;0.101;0;8;3;50.03;50.03;50.03;6254;1000;0.0;0;0.0000;0;0;0;0;0
60;2014-07-18 05:21:00;909402N262;2;0.000;29;234;235;233;234;0.160;50.02;389.6;0.015;330.7;0.003;412.8;0.004;60;0;0;0.264;0.129;0.089;0;13;2;50.02;50.02;50.02;6254;1000;0.0;0;0.0000;0;0;0;0;0
60;2014-07-18 05:22:00;909402N262;4;0.000;29;234;234;233;234;0.191;50.02;395.4;0.017;385.5;0.004;378.5;0.006;60;0;0;0.265;0.193;0.115;0;19;0;50.02;50.02;50.02;6254;1000;0.0;0;0.0000;0;0;0;0;0
60;2014-07-18 05:23:00;909402N262;6;0.001;29;234;234;233;234;0.173;50.02;411.9;0.019;392.9;0.006;336.0;0.007;60;0;0;0.222;0.181;0.118;0;22;0;50.02;50.02;50.02;6254;1000;0.0;0;0.0000;0;0;1;1;1
60;2014-07-18 05:24:00;909402N262;10;0.001;29;234;235;233;234;0.136;50.02;417.8;0.022;341.9;0.007;450.5;0.007;60;0;0;0.186;0.128;0.094;0;13;4;50.02;50.02;50.02;6254;1000;0.0;0;0.0000;0;0;1;1;1
60;2014-07-18 05:25:00;909402N262;14;0.001;29;234;234;234;234;0.139;50.02;431.3;0.024;416.8;0.007;521.7;0.007;60;0;0;0.180;0.151;0.088;0;16;4;50.02;50.02;50.02;6254;1000;0.0;0;0.0000;0;0;1;1;1
60;2014-07-18 05:26:00;909402N262;18;0.001;29;234;235;234;234;0.159;50.02;430.1;0.027;449.4;0.007;534.4;0.010;60;0;0;0.188;0.232;0.057;1;22;1;50.02;50.02;50.02;6254;1000;0.0;0;0.0000;0;0;1;1;1
60;2014-07-18 05:27:00;909402N262;21;0.002;29;234;234;234;234;0.189;50.01;431.3;0.030;475.0;0.009;544.5;0.011;60;0;0;0.227;0.246;0.096;2;19;3;50.01;50.01;50.01;6254;1000;0.0;0;0.0000;0;0;2;2;2
60;2014-07-18 05:28:00;909402N262;24;0.002;30;234;234;234;233;0.181;50.02;433.4;0.034;446.4;0.011;521.8;0.013;60;0;0;0.207;0.269;0.069;4;24;1;50.02;50.02;50.02;6254;1000;0.0;0;0.0000;0;0;2;2;2
60;2014-07-18 05:29:00;909402N262;28;0.002;30;234;234;234;234;0.192;50.00;447.4;0.037;470.2;0.013;532.0;0.015;60;0;0;0.211;0.220;0.147;7;15;7;50.00;50.00;50.00;6254;1000;0.0;0;0.0000;0;0;2;2;2
60;2014-07-18 05:30:00;909402N262;32;0.003;30;234;234;234;235;0.172;50.02;444.6;0.041;464.5;0.015;538.3;0.017;60;0;0;0.124;0.194;0.199;6;19;7;50.02;50.02;50.02;6254;1000;0.0;0;0.0000;0;0;3;3;3
60;2014-07-18 05:31:00;909402N262;35;0.003;30;234;234;234;234;0.206;50.02;452.8;0.045;442.2;0.019;535.5;0.019;60;0;0;0.169;0.209;0.240;9;18;8;50.02;50.02;50.02;6254;1000;0.0;0;0.0000;0;0;3;3;3
60;2014-07-18 05:32:00;909402N262;40;0.003;30;234;234;233;234;0.268;50.01;463.9;0.047;464.4;0.021;574.6;0.019;60;0;0;0.232;0.242;0.331;9;18;13;50.01;50.01;50.01;6254;1000;0.0;0;0.0000;0;0;3;3;3
60;2014-07-18 05:33:00;909402N262;45;0.004;30;234;234;233;234;0.273;50.01;462.4;0.052;467.8;0.023;599.3;0.020;60;0;0;0.275;0.299;0.245;12;23;10;50.01;50.01;50.01;6254;1000;0.0;0;0.0000;0;0;4;4;4
60;2014-07-18 05:34:00;909402N262;49;0.004;30;234;234;234;234;0.241;50.01;472.9;0.055;489.7;0.023;610.9;0.023;60;0;0;0.285;0.301;0.139;18;27;5;50.01;50.01;50.01;6254;1000;0.0;0;0.0000;0;0;4;4;4
60;2014-07-18 05:35:00;909402N262;53;0.006;30;234;233;234;234;0.243;50.02;474.8;0.059;488.2;0.026;590.6;0.025;60;0;0;0.187;0.297;0.247;12;16;23;50.02;50.02;50.02;6254;1000;0.0;0;0.0000;0;0;6;6;6
60;2014-07-18 05:36:00;909402N262;57;0.006;30;234;234;234;234;0.265;50.03;477.3;0.064;479.4;0.029;594.4;0.027;60;0;0;0.329;0.263;0.203;25;18;13;50.03;50.03;50.03;6254;1000;0.0;0;0.0000;0;0;6;6;6
60;2014-07-18 05:37:00;909402N262;62;0.007;30;234;234;234;234;0.275;50.02;483.0;0.067;489.7;0.031;611.3;0.027;60;0;0;0.320;0.287;0.220;24;22;14;50.02;50.02;50.02;6254;1000;0.0;0;0.0000;0;0;7;7;7
60;2014-07-18 05:38:00;909402N262;66;0.008;30;234;234;234;235;0.286;50.02;481.8;0.072;496.4;0.032;605.4;0.029;60;0;0;0.209;0.380;0.271;17;38;10;50.02;50.02;50.02;6254;1000;0.0;0;0.0000;0;0;8;8;8
60;2014-07-18 05:39:00;909402N262;70;0.009;30;234;233;234;235;0.287;50.02;488.2;0.075;510.7;0.035;614.3;0.031;60;0;0;0.225;0.332;0.304;20;32;16;50.02;50.02;50.02;6254;1000;0.0;0;0.0000;0;0;9;9;9
60;2014-07-18 05:40:00;909402N262;75;0.011;30;234;233;234;234;0.303;50.01;488.7;0.080;502.3;0.037;630.8;0.031;60;0;0;0.240;0.362;0.307;22;35;17;50.01;50.01;50.01;6254;1000;0.0;0;0.0000;0;0;11;11;11
60;2014-07-18 05:41:00;909402N262;79;0.012;30;234;233;234;235;0.306;50.01;491.2;0.083;503.6;0.039;610.5;0.034;60;0;0;0.256;0.348;0.316;25;35;17;50.01;50.01;50.01;6254;1000;0.0;0;0.0000;0;0;12;12;12
60;2014-07-18 05:42:00;909402N262;83;0.014;30;234;234;234;235;0.281;50.03;495.0;0.086;504.1;0.041;611.3;0.036;60;0;0;0.248;0.369;0.228;26;42;13;50.03;50.03;50.03;6254;1000;0.0;0;0.0000;0;0;14;14;14
60;2014-07-18 05:43:00;909402N262;87;0.015;30;234;234;234;235;0.338;50.03;494.4;0.091;510.3;0.042;629.6;0.037;60;0;0;0.284;0.404;0.326;27;41;18;50.03;50.03;50.03;6254;1000;0.0;0;0.0000;0;0;15;15;15
60;2014-07-18 05:44:00;909402N262;91;0.017;30;234;234;234;235;0.400;50.03;498.7;0.094;526.3;0.042;632.2;0.038;60;0;0;0.356;0.437;0.409;27;40;22;50.03;50.03;50.03;6254;1000;0.0;0;0.0000;0;0;17;17;17
60;2014-07-18 05:45:00;909402N262;95;0.018;30;234;234;234;235;0.416;50.04;501.0;0.098;528.9;0.044;624.2;0.041;60;0;0;0.349;0.443;0.458;24;40;30;50.04;50.04;50.04;6254;1000;0.0;0;0.0000;0;0;18;18;18
60;2014-07-18 05:46:00;909402N262;98;0.020;30;234;234;234;235;0.373;50.04;495.5;0.102;512.2;0.046;626.6;0.042;60;0;0;0.339;0.375;0.407;28;37;30;50.04;50.04;50.04;6254;1000;0.0;0;0.0000;0;0;20;20;20
60;2014-07-18 05:47:00;909402N262;104;0.022;30;234;234;233;235;0.382;50.04;506.7;0.105;526.3;0.049;642.7;0.042;60;0;0;0.347;0.326;0.474;27;35;40;50.04;50.04;50.04;6254;1000;0.0;0;0.0000;0;0;22;22;22
60;2014-07-18 05:48:00;909402N262;107;0.023;31;234;234;234;235;0.372;50.05;506.8;0.109;527.7;0.050;621.6;0.045;60;0;0;0.326;0.350;0.441;23;37;45;50.05;50.05;50.05;6254;1000;0.0;0;0.0000;0;0;23;23;23
60;2014-07-18 05:49:00;909402N262;111;0.025;31;234;234;233;234;0.408;50.04;508.3;0.112;534.5;0.050;624.9;0.046;60;0;0;0.382;0.415;0.427;30;43;36;50.04;50.04;50.04;6254;1000;0.0;0;0.0000;0;0;25;25;25
60;2014-07-18 05:50:00;909402N262;115;0.027;31;233;234;233;234;0.481;50.04;512.0;0.115;543.4;0.054;635.4;0.046;60;0;0;0.477;0.487;0.479;22;50;46;50.04;50.04;50.04;6254;1000;0.0;0;0.0000;0;0;27;27;27
60;2014-07-18 05:51:00;909402N262;120;0.030;31;233;233;233;234;0.387;50.04;511.6;0.120;544.3;0.054;647.3;0.047;60;0;0;0.378;0.431;0.354;36;50;31;50.04;50.04;50.04;6254;1000;0.0;0;0.0000;0;0;30;30;30
60;2014-07-18 05:52:00;909402N262;124;0.032;31;233;233;233;234;0.355;50.04;514.4;0.124;536.6;0.058;661.0;0.048;60;0;0;0.346;0.384;0.335;39;48;36;50.04;50.04;50.04;6254;1000;0.0;0;0.0000;0;0;32;32;32
60;2014-07-18 05:53:00;909402N262;128;0.033;31;235;235;234;235;0.383;50.04;516.1;0.126;540.3;0.059;659.6;0.049;60;0;0;0.358;0.403;0.390;37;47;41;50.04;50.04;50.04;6254;1000;0.0;0;0.0000;0;0;33;33;33
60;2014-07-18 05:54:00;909402N262;132;0.036;31;236;236;235;236;0.451;50.04;516.3;0.130;542.1;0.062;657.9;0.050;60;0;0;0.431;0.452;0.471;39;49;42;50.04;50.04;50.04;6254;1000;0.0;0;0.0000;0;0;36;36;36
60;2014-07-18 05:55:00;909402N262;136;0.038;31;236;235;235;236;0.396;50.03;519.1;0.133;548.4;0.062;668.5;0.052;60;0;0;0.383;0.427;0.380;43;53;38;50.03;50.03;50.03;6254;1000;0.0;0;0.0000;0;0;38;38;38
60;2014-07-18 05:56:00;909402N262;141;0.040;31;236;235;235;236;0.357;50.03;518.9;0.137;555.0;0.062;674.0;0.053;60;0;0;0.321;0.413;0.337;39;57;43;50.03;50.03;50.03;6254;1000;0.0;0;0.0000;0;0;40;40;40
60;2014-07-18 05:57:00;909402N262;144;0.043;31;236;236;235;236;0.472;50.04;520.1;0.141;550.7;0.065;659.6;0.055;60;0;0;0.451;0.448;0.518;43;45;54;50.04;50.04;50.04;6254;1000;0.0;0;0.0000;0;0;43;43;43
60;2014-07-18 05:58:00;909402N262;148;0.046;32;236;236;235;236;0.489;50.04;522.7;0.145;548.9;0.068;658.9;0.057;60;0;0;0.456;0.447;0.565;42;50;54;50.04;50.04;50.04;6254;1000;0.0;0;0.0000;0;0;46;46;46
60;2014-07-18 05:59:00;909402N262;153;0.048;32;236;236;235;236;0.462;50.07;522.1;0.149;552.1;0.070;671.7;0.058;60;0;0;0.446;0.498;0.443;42;66;43;50.07;50.07;50.07;6254;1000;0.0;0;0.0000;0;0;48;48;48
60;2014-07-18 06:00:00;909402N262;157;0.051;32;235;235;234;236;0.515;50.08;525.1;0.153;558.1;0.071;657.6;0.060;60;0;0;0.471;0.504;0.570;37;65;53;50.08;50.08;50.08;6254;1000;0.0;0;0.0000;0;0;51;51;51
[wr_ende]
