20141107;110003;danfoss;My Plant;+0100
[wr_def_start]
909402N262;Inverter Type;Inverter Group;Hanzl
[wr_def_end]
[wr]
INTERVAL;TIMESTAMP;SERIAL;P_AC;E_DAY;T_WR;U_AC;U_AC_1;U_AC_2;U_AC_3;I_AC;F_AC;U_DC_1;I_DC_1;U_DC_2;I_DC_2;U_DC_3;I_DC_3;S;E_WR;M_WR;I_AC_1;I_AC_2;I_AC_3;P_AC_1;P_AC_2;P_AC_3;F_AC_1;F_AC_2;F_AC_3;R_DC;PC;PCS;PCS_LL;COS_PHI;COS_PHI_LL;S_COS_PHI;Current_Day_Energy;current_Day_Offset;ccEnergyOfDay_WithoutOffset
60;2014-11-07 10:01:00;909402N262;786;0.945;33;234;234;232;235;1.479;49.99;559.7;0.631;610.0;0.330;386.7;0.640;60;0;0;1.441;1.493;1.505;248;265;270;49.99;49.99;49.99;4560;1000;0.0;0;1.0000;0;2;945;945;945
60;2014-11-07 10:02:00;909402N262;788;0.958;33;234;234;233;235;1.481;49.99;561.4;0.627;629.2;0.321;389.4;0.631;60;0;0;1.443;1.500;1.502;249;269;269;49.99;49.99;49.99;4560;1000;0.0;0;1.0000;0;2;958;958;958
60;2014-11-07 10:03:00;909402N262;821;0.971;33;234;234;233;235;1.519;50.00;562.3;0.651;622.6;0.338;391.9;0.653;60;0;0;1.477;1.540;1.541;259;279;281;50.00;50.00;50.00;4560;1000;0.0;0;1.0000;0;2;971;971;971
60;2014-11-07 10:04:00;909402N262;824;0.986;33;234;234;233;236;1.523;50.01;561.6;0.655;622.0;0.340;392.2;0.654;60;0;0;1.478;1.546;1.546;260;280;282;50.01;50.01;50.01;4560;1000;0.0;0;1.0000;0;2;986;986;986
60;2014-11-07 10:05:00;909402N262;867;1.000;33;234;234;233;236;1.570;50.00;562.9;0.690;621.3;0.357;393.0;0.684;60;0;0;1.524;1.590;1.596;274;294;297;50.00;50.00;50.00;4560;1000;0.0;0;1.0000;0;2;1000;1000;1000
60;2014-11-07 10:06:00;909402N262;893;1.015;33;234;234;232;236;1.597;49.99;565.9;0.709;618.5;0.369;392.8;0.701;60;0;0;1.556;1.613;1.622;284;301;306;49.99;49.99;49.99;4560;1000;0.0;0;1.0000;0;2;1015;1015;1015
60;2014-11-07 10:07:00;909402N262;935;1.030;33;234;234;232;236;1.646;50.00;566.1;0.741;619.5;0.386;394.2;0.735;60;0;0;1.600;1.661;1.679;296;315;322;50.00;50.00;50.00;4560;1000;0.0;0;1.0000;0;2;1030;1030;1030
60;2014-11-07 10:08:00;909402N262;911;1.045;33;234;234;232;236;1.620;50.02;563.9;0.721;621.5;0.376;393.9;0.719;60;0;0;1.574;1.634;1.654;289;306;314;50.02;50.02;50.02;4560;1000;0.0;0;1.0000;0;2;1045;1045;1045
60;2014-11-07 10:09:00;909402N262;884;1.060;33;234;234;232;235;1.588;50.01;564.9;0.704;620.0;0.364;394.1;0.693;60;0;0;1.547;1.597;1.622;281;297;305;50.01;50.01;50.01;4560;1000;0.0;0;1.0000;0;2;1060;1060;1060
60;2014-11-07 10:10:00;909402N262;974;1.077;33;234;235;232;236;1.691;50.01;568.1;0.768;621.6;0.401;395.6;0.766;60;0;0;1.644;1.704;1.726;310;327;335;50.01;50.01;50.01;4560;1000;0.0;0;1.0000;0;2;1077;1077;1077
60;2014-11-07 10:11:00;909402N262;913;1.091;33;234;235;232;236;1.621;50.00;567.4;0.720;619.7;0.378;394.9;0.716;60;0;0;1.577;1.632;1.655;290;307;314;50.00;50.00;50.00;4560;1000;0.0;0;1.0000;0;2;1091;1091;1091
60;2014-11-07 10:12:00;909402N262;913;1.107;33;234;235;232;236;1.622;50.01;567.2;0.722;618.6;0.378;394.3;0.715;60;0;0;1.580;1.634;1.654;290;306;314;50.01;50.01;50.01;4560;1000;0.0;0;1.0000;0;2;1107;1107;1107
60;2014-11-07 10:13:00;909402N262;954;1.122;33;234;234;232;236;1.669;50.01;567.8;0.754;619.7;0.395;394.8;0.744;60;0;0;1.622;1.683;1.702;303;321;328;50.01;50.01;50.01;4560;1000;0.0;0;1.0000;0;2;1122;1122;1122
60;2014-11-07 10:14:00;909402N262;921;1.137;33;234;235;232;236;1.631;50.00;566.9;0.727;619.1;0.383;391.3;0.729;60;0;0;1.588;1.643;1.662;293;310;317;50.00;50.00;50.00;4560;1000;0.0;0;1.0000;0;2;1137;1137;1137
60;2014-11-07 10:15:00;909402N262;871;1.152;33;234;235;232;236;1.573;50.00;564.9;0.686;614.1;0.366;387.7;0.698;60;0;0;1.532;1.582;1.606;276;292;300;50.00;50.00;50.00;4560;1000;0.0;0;1.0000;0;2;1152;1152;1152
60;2014-11-07 10:16:00;909402N262;748;1.165;33;234;234;232;236;1.448;50.01;555.3;0.604;605.7;0.317;381.0;0.617;60;0;0;1.404;1.457;1.485;234;253;260;50.01;50.01;50.01;4560;1000;0.0;0;1.0000;0;2;1165;1165;1165
60;2014-11-07 10:17:00;909402N262;641;1.176;33;234;234;232;236;1.365;50.01;552.7;0.517;625.8;0.263;377.1;0.528;60;0;0;1.320;1.375;1.401;198;218;224;50.01;50.01;50.01;4560;1000;0.0;0;1.0000;0;2;1176;1176;1176
60;2014-11-07 10:18:00;909402N262;529;1.185;33;234;234;233;235;1.264;50.01;547.0;0.433;619.9;0.217;372.3;0.443;60;0;0;1.223;1.277;1.294;160;182;185;50.01;50.01;50.01;4560;1000;0.0;0;1.0000;0;2;1185;1185;1185
60;2014-11-07 10:19:00;909402N262;487;1.192;33;234;234;233;235;1.212;49.98;544.7;0.404;592.4;0.208;369.8;0.408;60;0;0;1.183;1.221;1.232;147;168;169;49.98;49.98;49.98;4560;1000;0.0;0;1.0000;0;2;1192;1192;1192
60;2014-11-07 10:20:00;909402N262;481;1.201;33;234;233;233;235;1.199;50.00;544.1;0.399;590.0;0.207;369.4;0.404;60;0;0;1.166;1.213;1.220;145;167;168;50.00;50.00;50.00;4560;1000;0.0;0;1.0000;0;2;1201;1201;1201
60;2014-11-07 10:21:00;909402N262;514;1.209;34;234;233;233;235;1.215;50.01;546.5;0.425;592.8;0.220;371.0;0.430;60;0;0;1.177;1.234;1.235;155;179;178;50.01;50.01;50.01;4560;1000;0.0;0;1.0000;0;2;1209;1209;1209
60;2014-11-07 10:22:00;909402N262;527;1.218;34;234;234;233;235;1.227;50.00;547.2;0.436;596.0;0.225;372.1;0.439;60;0;0;1.194;1.244;1.245;161;182;182;50.00;50.00;50.00;4560;1000;0.0;0;1.0000;0;2;1218;1218;1218
60;2014-11-07 10:23:00;909402N262;569;1.228;34;234;235;233;235;1.264;50.00;549.9;0.468;600.1;0.242;373.5;0.470;60;0;0;1.232;1.279;1.283;175;196;196;50.00;50.00;50.00;4560;1000;0.0;0;1.0000;0;2;1228;1228;1228
60;2014-11-07 10:24:00;909402N262;556;1.237;34;234;235;233;235;1.254;50.01;550.1;0.456;598.9;0.237;373.4;0.461;60;0;0;1.220;1.270;1.273;171;192;192;50.01;50.01;50.01;4560;1000;0.0;0;1.0000;0;2;1237;1237;1237
60;2014-11-07 10:25:00;909402N262;524;1.245;34;234;234;233;234;1.225;50.00;548.0;0.434;596.5;0.223;371.9;0.433;60;0;0;1.195;1.237;1.243;160;181;181;50.00;50.00;50.00;4560;1000;0.0;0;1.0000;0;2;1245;1245;1245
60;2014-11-07 10:26:00;909402N262;510;1.254;34;234;234;233;235;1.211;49.99;549.8;0.421;595.5;0.218;371.7;0.422;60;0;0;1.181;1.220;1.232;155;176;177;49.99;49.99;49.99;4560;1000;0.0;0;1.0000;0;2;1254;1254;1254
60;2014-11-07 10:27:00;909402N262;512;1.263;34;234;234;233;235;1.215;49.99;549.5;0.423;595.9;0.218;372.1;0.424;60;0;0;1.185;1.226;1.235;156;177;178;49.99;49.99;49.99;4560;1000;0.0;0;1.0000;0;2;1263;1263;1263
60;2014-11-07 10:28:00;909402N262;516;1.271;34;234;234;233;235;1.217;49.99;546.7;0.426;596.1;0.219;372.9;0.428;60;0;0;1.184;1.228;1.239;156;178;179;49.99;49.99;49.99;4560;1000;0.0;0;1.0000;0;2;1271;1271;1271
60;2014-11-07 10:29:00;909402N262;531;1.280;34;232;232;231;233;1.227;50.01;548.3;0.438;597.0;0.227;374.8;0.438;60;0;0;1.193;1.239;1.249;162;183;184;50.01;50.01;50.01;4560;1000;0.0;0;1.0000;0;2;1280;1280;1280
60;2014-11-07 10:30:00;909402N262;518;1.289;34;232;232;230;233;1.216;50.01;547.8;0.426;595.8;0.222;374.3;0.429;60;0;0;1.182;1.230;1.236;158;179;180;50.01;50.01;50.01;4560;1000;0.0;0;1.0000;0;2;1289;1289;1289
60;2014-11-07 10:31:00;909402N262;480;1.297;34;231;231;230;232;1.190;50.01;542.9;0.405;564.7;0.214;371.3;0.405;60;0;0;1.164;1.201;1.207;147;165;166;50.01;50.01;50.01;4560;1000;0.0;0;1.0000;0;2;1297;1297;1297
60;2014-11-07 10:32:00;909402N262;478;1.305;34;231;231;230;232;1.181;50.01;546.0;0.398;589.2;0.206;371.9;0.396;60;0;0;1.151;1.195;1.197;145;166;166;50.01;50.01;50.01;4560;1000;0.0;0;1.0000;0;2;1305;1305;1305
60;2014-11-07 10:33:00;909402N262;478;1.313;34;231;232;230;232;1.182;50.01;546.3;0.397;592.5;0.205;372.4;0.396;60;0;0;1.154;1.191;1.201;146;165;166;50.01;50.01;50.01;4560;1000;0.0;0;1.0000;0;2;1313;1313;1313
60;2014-11-07 10:34:00;909402N262;495;1.322;34;231;232;230;232;1.195;50.00;546.6;0.412;591.2;0.212;373.4;0.407;60;0;0;1.169;1.202;1.214;152;170;171;50.00;50.00;50.00;4560;1000;0.0;0;1.0000;0;2;1322;1322;1322
60;2014-11-07 10:35:00;909402N262;577;1.331;34;231;232;230;232;1.267;50.01;550.9;0.475;596.2;0.246;378.8;0.469;60;0;0;1.233;1.282;1.287;178;198;199;50.01;50.01;50.01;4560;1000;0.0;0;1.0000;0;2;1331;1331;1331
60;2014-11-07 10:36:00;909402N262;630;1.341;34;231;231;230;233;1.318;50.01;552.5;0.516;600.2;0.267;383.7;0.505;60;0;0;1.279;1.337;1.340;195;216;217;50.01;50.01;50.01;4560;1000;0.0;0;1.0000;0;2;1341;1341;1341
60;2014-11-07 10:37:00;909402N262;726;1.354;34;231;232;230;232;1.417;50.02;556.4;0.589;606.1;0.305;388.3;0.575;60;0;0;1.378;1.436;1.438;228;247;249;50.02;50.02;50.02;4560;1000;0.0;0;1.0000;0;2;1354;1354;1354
60;2014-11-07 10:38:00;909402N262;699;1.365;34;231;232;230;232;1.388;50.01;557.6;0.565;603.8;0.296;386.8;0.556;60;0;0;1.350;1.407;1.408;219;239;239;50.01;50.01;50.01;4560;1000;0.0;0;1.0000;0;2;1365;1365;1365
60;2014-11-07 10:39:00;909402N262;647;1.376;34;231;231;230;232;1.336;50.01;556.4;0.530;598.0;0.274;387.3;0.509;60;0;0;1.300;1.353;1.356;202;222;222;50.01;50.01;50.01;4560;1000;0.0;0;1.0000;0;2;1376;1376;1376
60;2014-11-07 10:40:00;909402N262;649;1.387;34;234;234;233;234;1.340;49.99;556.7;0.534;596.2;0.274;387.4;0.510;60;0;0;1.303;1.356;1.361;202;222;223;50.00;50.00;50.00;4560;1000;0.0;0;1.0000;0;2;1387;1387;1387
60;2014-11-07 10:41:00;909402N262;681;1.399;34;234;234;232;235;1.372;49.99;555.6;0.560;598.5;0.288;386.3;0.537;60;0;0;1.336;1.382;1.398;212;232;235;49.99;49.99;49.99;4560;1000;0.0;0;1.0000;0;2;1399;1399;1399
60;2014-11-07 10:42:00;909402N262;738;1.411;34;234;233;233;235;1.434;49.99;557.4;0.601;604.9;0.310;389.0;0.582;60;0;0;1.390;1.456;1.457;230;253;253;49.99;49.99;49.99;4560;1000;0.0;0;1.0000;0;2;1411;1411;1411
60;2014-11-07 10:43:00;909402N262;722;1.422;34;234;233;233;234;1.416;50.00;556.2;0.587;628.4;0.292;388.3;0.572;60;0;0;1.372;1.442;1.436;224;249;247;50.00;50.00;50.00;4560;1000;0.0;0;1.0000;0;2;1422;1422;1422
60;2014-11-07 10:44:00;909402N262;715;1.434;34;233;233;233;234;1.407;50.01;555.8;0.587;625.7;0.288;387.4;0.562;60;0;0;1.365;1.429;1.429;222;245;245;50.01;50.01;50.01;4560;1000;0.0;0;1.0000;0;2;1434;1434;1434
60;2014-11-07 10:45:00;909402N262;761;1.447;34;234;234;232;235;1.459;50.01;558.6;0.624;624.2;0.308;389.5;0.595;60;0;0;1.422;1.474;1.482;240;258;261;50.01;50.01;50.01;4560;1000;0.0;0;1.0000;0;2;1447;1447;1447
60;2014-11-07 10:46:00;909402N262;793;1.460;34;234;234;233;234;1.494;49.99;553.2;0.654;624.0;0.324;390.8;0.627;60;0;0;1.457;1.512;1.514;251;270;271;49.99;49.99;49.99;4560;1000;0.0;0;1.0000;0;2;1460;1460;1460
60;2014-11-07 10:47:00;909402N262;777;1.473;35;234;234;233;234;1.474;50.00;558.1;0.633;630.6;0.312;389.3;0.611;60;0;0;1.436;1.493;1.495;245;264;265;50.00;50.00;50.00;4560;1000;0.0;0;1.0000;0;2;1473;1473;1473
60;2014-11-07 10:48:00;909402N262;790;1.486;35;234;234;232;235;1.489;50.01;558.3;0.645;631.9;0.317;389.5;0.619;60;0;0;1.448;1.508;1.513;249;269;271;50.01;50.01;50.01;4560;1000;0.0;0;1.0000;0;2;1486;1486;1486
60;2014-11-07 10:49:00;909402N262;843;1.501;35;234;234;231;235;1.546;50.01;559.0;0.688;632.7;0.337;391.1;0.657;60;0;0;1.502;1.562;1.575;266;284;290;50.01;50.01;50.01;4560;1000;0.0;0;1.0000;0;2;1501;1501;1501
60;2014-11-07 10:50:00;909402N262;879;1.516;35;233;234;232;235;1.585;50.00;560.9;0.710;634.4;0.352;392.2;0.686;60;0;0;1.543;1.603;1.611;279;298;301;50.00;50.00;50.00;4560;1000;0.0;0;1.0000;0;2;1516;1516;1516
60;2014-11-07 10:51:00;909402N262;871;1.530;35;234;234;233;234;1.576;50.00;560.0;0.696;634.5;0.353;392.0;0.687;60;0;0;1.537;1.598;1.593;277;297;296;50.00;50.00;50.00;4560;1000;0.0;0;1.0000;0;2;1530;1530;1530
60;2014-11-07 10:52:00;909402N262;794;1.542;35;234;234;233;234;1.490;50.00;557.9;0.638;631.2;0.322;389.7;0.628;60;0;0;1.449;1.515;1.507;250;272;270;50.00;50.00;50.00;4560;1000;0.0;0;1.0000;0;2;1542;1542;1542
60;2014-11-07 10:53:00;909402N262;676;1.554;35;234;234;233;234;1.368;50.00;552.6;0.554;624.8;0.275;385.8;0.534;60;0;0;1.333;1.389;1.384;212;232;230;50.00;50.00;50.00;4560;1000;0.0;0;1.0000;0;2;1554;1554;1554
60;2014-11-07 10:54:00;909402N262;743;1.567;35;234;235;232;235;1.436;50.01;555.5;0.610;628.8;0.299;387.4;0.584;60;0;0;1.398;1.449;1.463;233;252;256;50.01;50.01;50.01;4560;1000;0.0;0;1.0000;0;2;1567;1567;1567
60;2014-11-07 10:55:00;909402N262;813;1.580;35;234;234;233;235;1.510;50.01;557.9;0.665;632.1;0.325;389.7;0.636;60;0;0;1.469;1.529;1.532;257;277;278;50.01;50.01;50.01;4560;1000;0.0;0;1.0000;0;2;1580;1580;1580
60;2014-11-07 10:56:00;909402N262;936;1.595;35;234;235;233;235;1.648;50.00;560.6;0.758;635.9;0.374;392.6;0.730;60;0;0;1.607;1.665;1.672;299;316;319;50.00;50.00;50.00;4560;1000;0.0;0;1.0000;0;2;1595;1595;1595
60;2014-11-07 10:57:00;909402N262;918;1.612;35;234;234;233;235;1.626;50.02;562.9;0.735;635.0;0.370;392.3;0.719;60;0;0;1.581;1.650;1.648;291;312;313;50.02;50.02;50.02;4560;1000;0.0;0;1.0000;0;2;1612;1612;1612
60;2014-11-07 10:58:00;909402N262;825;1.624;35;234;233;232;235;1.525;50.01;561.5;0.667;631.9;0.331;389.9;0.646;60;0;0;1.478;1.545;1.552;259;280;283;50.01;50.01;50.01;4560;1000;0.0;0;1.0000;0;2;1624;1624;1624
60;2014-11-07 10:59:00;909402N262;896;1.640;35;234;234;232;236;1.604;50.01;563.2;0.733;633.2;0.355;391.0;0.694;60;0;0;1.555;1.622;1.636;283;303;309;50.01;50.01;50.01;4560;1000;0.0;0;1.0000;0;2;1640;1640;1640
60;2014-11-07 11:00:00;909402N262;1010;1.656;35;234;235;232;236;1.734;50.02;568.9;0.812;637.1;0.399;393.3;0.783;60;0;0;1.685;1.748;1.771;322;338;348;50.02;50.02;50.02;4560;1000;0.0;0;1.0000;0;2;1656;1656;1656
[wr_ende]
