20140403;170004;danfoss;My Plant;+0100
[wr_def_start]
909402N262;Inverter Type;Inverter Group;Hanzl
[wr_def_end]
[wr]
INTERVAL;TIMESTAMP;SERIAL;P_AC;E_DAY;T_WR;U_AC;U_AC_1;U_AC_2;U_AC_3;I_AC;F_AC;U_DC_1;I_DC_1;U_DC_2;I_DC_2;U_DC_3;I_DC_3;S;E_WR;M_WR;I_AC_1;I_AC_2;I_AC_3;P_AC_1;P_AC_2;P_AC_3;F_AC_1;F_AC_2;F_AC_3;R_DC;PC;PCS;PCS_LL;COS_PHI;COS_PHI_LL;S_COS_PHI;Current_Day_Energy;current_Day_Offset;ccEnergyOfDay_WithoutOffset
60;2014-04-03 16:01:00;909402N262;2005;38.570;42;234;235;235;234;2.944;49.97;556.1;1.366;642.0;0.892;774.1;0.903;60;0;0;2.896;2.978;2.959;658;676;670;49.97;49.97;49.97;8620;1000;0.0;0;0.0000;0;0;38570;38570;38570
60;2014-04-03 16:02:00;909402N262;2009;38.605;42;234;235;235;234;2.926;49.97;559.3;1.354;658.0;0.879;772.3;0.894;60;0;0;2.873;2.966;2.941;657;679;671;49.97;49.97;49.97;8620;1000;0.0;0;0.0000;0;0;38605;38605;38605
60;2014-04-03 16:03:00;909402N262;1987;38.638;42;235;235;234;235;2.896;49.98;558.9;1.340;657.9;0.869;772.2;0.885;60;0;0;2.837;2.929;2.923;648;669;668;49.98;49.98;49.98;8620;1000;0.0;0;0.0000;0;0;38638;38638;38638
60;2014-04-03 16:04:00;909402N262;1965;38.671;42;234;234;234;235;2.869;50.00;558.8;1.327;658.0;0.858;772.0;0.875;60;0;0;2.815;2.901;2.892;642;661;660;50.00;50.00;50.00;8620;1000;0.0;0;0.0000;0;0;38671;38671;38671
60;2014-04-03 16:05:00;909402N262;1943;38.703;42;234;234;234;235;2.840;49.99;558.5;1.313;657.9;0.848;772.1;0.865;60;0;0;2.783;2.874;2.863;633;655;653;49.99;49.99;49.99;8620;1000;0.0;0;0.0000;0;0;38703;38703;38703
60;2014-04-03 16:06:00;909402N262;1919;38.734;42;234;234;234;234;2.807;50.00;558.0;1.298;658.0;0.837;773.1;0.853;60;0;0;2.753;2.845;2.824;626;647;644;50.00;50.00;50.00;8620;1000;0.0;0;0.0000;0;0;38734;38734;38734
60;2014-04-03 16:07:00;909402N262;1894;38.766;42;234;234;234;234;2.777;49.99;557.6;1.283;657.8;0.826;774.0;0.841;60;0;0;2.731;2.812;2.789;620;639;634;49.99;49.99;49.99;8620;1000;0.0;0;0.0000;0;0;38766;38766;38766
60;2014-04-03 16:08:00;909402N262;1867;38.797;41;234;234;234;234;2.740;49.99;557.4;1.266;657.8;0.815;772.4;0.831;60;0;0;2.701;2.784;2.737;613;632;621;49.99;49.99;49.99;8620;1000;0.0;0;0.0000;0;0;38797;38797;38797
60;2014-04-03 16:09:00;909402N262;1840;38.828;41;234;234;234;234;2.704;50.00;557.4;1.249;658.2;0.802;770.9;0.820;60;0;0;2.669;2.743;2.701;605;622;611;50.00;50.00;50.00;8620;1000;0.0;0;0.0000;0;0;38828;38828;38828
60;2014-04-03 16:10:00;909402N262;1813;38.858;41;234;235;234;234;2.665;50.01;557.2;1.231;658.5;0.789;770.5;0.808;60;0;0;2.625;2.705;2.665;595;613;603;50.01;50.01;50.01;8620;1000;0.0;0;0.0000;0;0;38858;38858;38858
60;2014-04-03 16:11:00;909402N262;1785;38.888;41;234;234;234;234;2.625;49.99;556.7;1.214;658.1;0.777;769.9;0.795;60;0;0;2.579;2.662;2.636;583;603;597;49.99;49.99;49.99;8620;1000;0.0;0;0.0000;0;0;38888;38888;38888
60;2014-04-03 16:12:00;909402N262;1758;38.916;41;234;234;234;234;2.592;50.00;556.3;1.197;658.1;0.765;769.6;0.784;60;0;0;2.553;2.624;2.600;576;593;587;50.00;50.00;50.00;8620;1000;0.0;0;0.0000;0;0;38916;38916;38916
60;2014-04-03 16:13:00;909402N262;1733;38.946;41;234;234;234;234;2.555;50.00;556.0;1.182;657.8;0.754;769.5;0.772;60;0;0;2.514;2.585;2.567;567;584;579;50.00;50.00;50.00;8620;1000;0.0;0;0.0000;0;0;38946;38946;38946
60;2014-04-03 16:14:00;909402N262;1709;38.975;41;234;234;234;234;2.522;50.01;555.8;1.167;657.5;0.745;769.3;0.761;60;0;0;2.480;2.545;2.543;559;574;574;50.01;50.01;50.01;8620;1000;0.0;0;0.0000;0;0;38975;38975;38975
60;2014-04-03 16:15:00;909402N262;1689;39.003;41;234;234;233;234;2.497;50.01;555.8;1.154;656.9;0.737;769.5;0.752;60;0;0;2.457;2.518;2.517;553;566;568;50.01;50.01;50.01;8620;1000;0.0;0;0.0000;0;0;39003;39003;39003
60;2014-04-03 16:16:00;909402N262;1653;39.030;41;234;235;234;234;2.446;50.01;549.5;1.143;649.3;0.728;764.3;0.742;60;0;0;2.409;2.475;2.456;542;556;553;50.01;50.01;50.01;8620;1000;0.0;0;0.0000;0;0;39030;39030;39030
60;2014-04-03 16:17:00;909402N262;1654;39.059;41;234;234;233;233;2.485;49.99;556.4;1.132;655.5;0.723;769.5;0.735;60;0;0;2.442;2.519;2.496;541;558;553;49.99;49.99;49.99;8620;1000;0.0;0;0.0000;0;0;39059;39059;39059
60;2014-04-03 16:18:00;909402N262;1639;39.086;41;234;234;233;234;2.463;49.99;556.8;1.121;654.9;0.717;769.2;0.728;60;0;0;2.421;2.498;2.472;536;552;548;49.99;49.99;49.99;8620;1000;0.0;0;0.0000;0;0;39086;39086;39086
60;2014-04-03 16:19:00;909402N262;1624;39.112;41;234;234;234;234;2.443;49.99;556.5;1.113;653.9;0.712;769.2;0.721;60;0;0;2.401;2.477;2.451;531;549;543;49.99;49.99;49.99;8620;1000;0.0;0;0.0000;0;0;39112;39112;39112
60;2014-04-03 16:20:00;909402N262;1614;39.139;41;234;235;234;234;2.424;50.00;556.1;1.107;652.8;0.709;769.2;0.715;60;0;0;2.387;2.455;2.431;529;544;539;50.00;50.00;50.00;8620;1000;0.0;0;0.0000;0;0;39139;39139;39139
60;2014-04-03 16:21:00;909402N262;1605;39.166;41;234;235;235;234;2.411;50.01;555.6;1.101;652.0;0.706;768.9;0.711;60;0;0;2.367;2.450;2.417;524;543;536;50.01;50.01;50.01;8620;1000;0.0;0;0.0000;0;0;39166;39166;39166
60;2014-04-03 16:22:00;909402N262;1597;39.193;41;234;234;235;234;2.399;49.99;555.1;1.098;651.1;0.704;769.2;0.707;60;0;0;2.348;2.441;2.410;519;542;534;49.99;49.99;49.99;8620;1000;0.0;0;0.0000;0;0;39193;39193;39193
60;2014-04-03 16:23:00;909402N262;1589;39.219;41;235;234;235;235;2.387;50.01;554.8;1.094;650.8;0.700;770.1;0.703;60;0;0;2.340;2.424;2.399;517;537;533;50.01;50.01;50.01;8620;1000;0.0;0;0.0000;0;0;39219;39219;39219
60;2014-04-03 16:24:00;909402N262;1583;39.245;41;234;234;234;235;2.381;50.01;554.3;1.090;650.5;0.697;769.6;0.701;60;0;0;2.329;2.418;2.397;514;535;532;50.01;50.01;50.01;8620;1000;0.0;0;0.0000;0;0;39245;39245;39245
60;2014-04-03 16:25:00;909402N262;1577;39.271;41;234;234;234;235;2.373;50.00;554.0;1.088;649.9;0.694;769.1;0.699;60;0;0;2.325;2.407;2.388;513;532;530;50.00;50.00;50.00;8620;1000;0.0;0;0.0000;0;0;39271;39271;39271
60;2014-04-03 16:26:00;909402N262;1572;39.298;41;234;234;234;234;2.367;49.99;553.7;1.085;649.5;0.693;769.6;0.697;60;0;0;2.321;2.398;2.383;512;530;528;49.99;49.99;49.99;8620;1000;0.0;0;0.0000;0;0;39298;39298;39298
60;2014-04-03 16:27:00;909402N262;1568;39.324;41;234;234;234;235;2.357;49.99;553.6;1.082;649.2;0.691;770.3;0.695;60;0;0;2.315;2.390;2.368;512;528;526;49.99;49.99;49.99;8620;1000;0.0;0;0.0000;0;0;39324;39324;39324
60;2014-04-03 16:28:00;909402N262;1564;39.350;41;234;234;234;234;2.352;49.99;553.3;1.080;648.9;0.690;770.6;0.692;60;0;0;2.304;2.388;2.366;509;529;525;49.99;49.99;49.99;8620;1000;0.0;0;0.0000;0;0;39350;39350;39350
60;2014-04-03 16:29:00;909402N262;1561;39.375;41;234;234;235;235;2.347;49.99;553.2;1.077;648.8;0.689;770.5;0.691;60;0;0;2.298;2.383;2.362;507;528;524;49.99;49.99;49.99;8620;1000;0.0;0;0.0000;0;0;39375;39375;39375
60;2014-04-03 16:30:00;909402N262;1559;39.402;41;235;234;235;235;2.341;50.00;553.2;1.076;648.5;0.688;770.7;0.690;60;0;0;2.291;2.378;2.354;507;527;523;50.00;50.00;50.00;8620;1000;0.0;0;0.0000;0;0;39402;39402;39402
60;2014-04-03 16:31:00;909402N262;1534;39.428;41;235;234;235;235;2.300;49.99;548.4;1.075;631.1;0.690;763.5;0.690;60;0;0;2.248;2.339;2.313;498;519;515;49.99;49.99;49.99;8620;1000;0.0;0;0.0000;0;0;39428;39428;39428
60;2014-04-03 16:32:00;909402N262;1553;39.453;41;235;235;235;235;2.332;49.99;553.1;1.072;648.0;0.687;771.4;0.687;60;0;0;2.284;2.372;2.342;505;526;520;49.99;49.99;49.99;8620;1000;0.0;0;0.0000;0;0;39453;39453;39453
60;2014-04-03 16:33:00;909402N262;1552;39.479;41;235;235;235;235;2.330;49.98;553.0;1.070;647.6;0.687;771.5;0.686;60;0;0;2.284;2.363;2.344;505;524;521;49.98;49.98;49.98;8620;1000;0.0;0;0.0000;0;0;39479;39479;39479
60;2014-04-03 16:34:00;909402N262;1550;39.505;41;235;235;235;235;2.328;49.99;552.7;1.069;647.5;0.686;771.6;0.686;60;0;0;2.278;2.363;2.344;504;523;521;49.99;49.99;49.99;8620;1000;0.0;0;0.0000;0;0;39505;39505;39505
60;2014-04-03 16:35:00;909402N262;1547;39.531;41;235;234;234;235;2.326;49.99;552.8;1.067;647.4;0.685;771.7;0.685;60;0;0;2.277;2.356;2.346;503;520;522;49.99;49.99;49.99;8620;1000;0.0;0;0.0000;0;0;39531;39531;39531
60;2014-04-03 16:36:00;909402N262;1543;39.556;40;234;234;234;235;2.322;50.00;552.9;1.063;647.5;0.683;771.5;0.684;60;0;0;2.270;2.352;2.345;500;520;521;50.00;50.00;50.00;8620;1000;0.0;0;0.0000;0;0;39556;39556;39556
60;2014-04-03 16:37:00;909402N262;1538;39.583;40;234;234;234;235;2.317;49.98;552.8;1.059;647.5;0.681;770.9;0.683;60;0;0;2.264;2.348;2.339;499;519;519;49.98;49.98;49.98;8620;1000;0.0;0;0.0000;0;0;39583;39583;39583
60;2014-04-03 16:38:00;909402N262;1532;39.608;40;234;234;234;235;2.307;49.98;552.7;1.054;647.8;0.678;770.4;0.681;60;0;0;2.255;2.342;2.326;497;517;516;49.98;49.98;49.98;8620;1000;0.0;0;0.0000;0;0;39608;39608;39608
60;2014-04-03 16:39:00;909402N262;1525;39.633;40;235;234;235;235;2.296;49.99;552.5;1.049;647.9;0.675;770.0;0.678;60;0;0;2.243;2.337;2.309;494;517;512;49.99;49.99;49.99;8620;1000;0.0;0;0.0000;0;0;39633;39633;39633
60;2014-04-03 16:40:00;909402N262;1515;39.658;40;235;234;235;235;2.280;49.98;552.3;1.042;648.1;0.671;769.3;0.674;60;0;0;2.229;2.320;2.293;491;513;509;49.98;49.98;49.98;8620;1000;0.0;0;0.0000;0;0;39658;39658;39658
60;2014-04-03 16:41:00;909402N262;1504;39.683;40;235;234;235;235;2.263;49.98;552.0;1.034;648.2;0.666;768.8;0.669;60;0;0;2.208;2.308;2.275;485;511;504;49.98;49.98;49.98;8620;1000;0.0;0;0.0000;0;0;39683;39683;39683
60;2014-04-03 16:42:00;909402N262;1490;39.708;40;235;234;235;235;2.244;49.99;551.6;1.025;648.4;0.660;768.5;0.664;60;0;0;2.188;2.286;2.259;481;506;500;49.99;49.99;49.99;8620;1000;0.0;0;0.0000;0;0;39708;39708;39708
60;2014-04-03 16:43:00;909402N262;1475;39.732;40;235;235;236;236;2.222;50.00;551.5;1.015;648.7;0.653;768.1;0.658;60;0;0;2.170;2.264;2.234;478;501;495;50.00;50.00;50.00;8620;1000;0.0;0;0.0000;0;0;39732;39732;39732
60;2014-04-03 16:44:00;909402N262;1461;39.757;40;235;235;236;236;2.200;50.00;551.4;1.005;648.4;0.648;767.5;0.652;60;0;0;2.145;2.243;2.214;472;497;490;50.00;50.00;50.00;8620;1000;0.0;0;0.0000;0;0;39757;39757;39757
60;2014-04-03 16:45:00;909402N262;1447;39.782;40;235;235;235;236;2.181;49.98;551.2;0.996;647.7;0.643;767.7;0.645;60;0;0;2.130;2.218;2.196;469;490;486;49.98;49.98;49.98;8620;1000;0.0;0;0.0000;0;0;39782;39782;39782
60;2014-04-03 16:46:00;909402N262;1416;39.806;40;236;235;236;236;2.131;49.98;546.8;0.986;631.5;0.639;765.1;0.639;60;0;0;2.079;2.178;2.137;458;481;474;49.98;49.98;49.98;8620;1000;0.0;0;0.0000;0;0;39806;39806;39806
60;2014-04-03 16:47:00;909402N262;1419;39.830;40;236;235;236;236;2.139;50.01;552.1;0.975;646.7;0.633;767.5;0.632;60;0;0;2.093;2.178;2.148;461;481;476;50.01;50.01;50.01;8620;1000;0.0;0;0.0000;0;0;39830;39830;39830
60;2014-04-03 16:48:00;909402N262;1406;39.853;40;236;235;236;236;2.124;50.01;552.3;0.966;646.5;0.628;767.5;0.627;60;0;0;2.076;2.162;2.134;456;477;471;50.01;50.01;50.01;8620;1000;0.0;0;0.0000;0;0;39853;39853;39853
60;2014-04-03 16:49:00;909402N262;1394;39.876;40;236;235;236;236;2.104;50.00;551.6;0.958;646.5;0.622;766.9;0.622;60;0;0;2.058;2.143;2.111;452;473;467;50.00;50.00;50.00;8620;1000;0.0;0;0.0000;0;0;39876;39876;39876
60;2014-04-03 16:50:00;909402N262;1380;39.899;40;236;235;235;236;2.085;50.01;550.8;0.950;646.8;0.615;766.9;0.616;60;0;0;2.041;2.118;2.096;448;467;463;50.01;50.01;50.01;8620;1000;0.0;0;0.0000;0;0;39899;39899;39899
60;2014-04-03 16:51:00;909402N262;1365;39.922;40;236;235;236;236;2.063;50.00;550.5;0.940;647.1;0.608;766.7;0.610;60;0;0;2.014;2.100;2.076;442;463;459;50.00;50.00;50.00;8620;1000;0.0;0;0.0000;0;0;39922;39922;39922
60;2014-04-03 16:52:00;909402N262;1349;39.944;40;236;235;236;236;2.039;50.00;550.2;0.929;647.2;0.601;765.8;0.603;60;0;0;1.993;2.080;2.046;437;458;451;50.00;50.00;50.00;8620;1000;0.0;0;0.0000;0;0;39944;39944;39944
60;2014-04-03 16:53:00;909402N262;1333;39.966;40;236;236;236;235;2.019;50.00;550.2;0.918;647.1;0.594;765.5;0.596;60;0;0;1.977;2.060;2.022;433;454;444;50.00;50.00;50.00;8620;1000;0.0;0;0.0000;0;0;39966;39966;39966
60;2014-04-03 16:54:00;909402N262;1317;39.988;40;235;236;236;235;1.997;49.99;550.1;0.908;647.0;0.587;765.2;0.589;60;0;0;1.955;2.038;1.998;428;448;439;49.99;49.99;49.99;8620;1000;0.0;0;0.0000;0;0;39988;39988;39988
60;2014-04-03 16:55:00;909402N262;1301;40.009;40;236;236;236;235;1.973;50.00;549.8;0.896;646.8;0.581;764.2;0.582;60;0;0;1.934;2.014;1.972;424;443;432;50.00;50.00;50.00;8620;1000;0.0;0;0.0000;0;0;40009;40009;40009
60;2014-04-03 16:56:00;909402N262;1283;40.032;40;236;236;236;235;1.949;50.00;549.5;0.883;646.7;0.573;764.2;0.574;60;0;0;1.909;1.990;1.949;417;436;427;50.00;50.00;50.00;8620;1000;0.0;0;0.0000;0;0;40032;40032;40032
60;2014-04-03 16:57:00;909402N262;1265;40.053;40;236;236;236;235;1.923;50.00;549.5;0.872;646.9;0.566;763.6;0.567;60;0;0;1.884;1.962;1.924;411;431;421;50.00;50.00;50.00;8620;1000;0.0;0;0.0000;0;0;40053;40053;40053
60;2014-04-03 16:58:00;909402N262;1249;40.073;40;236;236;236;235;1.901;50.00;549.3;0.860;646.8;0.558;763.2;0.559;60;0;0;1.861;1.939;1.904;406;425;416;50.00;50.00;50.00;8620;1000;0.0;0;0.0000;0;0;40073;40073;40073
60;2014-04-03 16:59:00;909402N262;1232;40.094;40;236;236;236;235;1.878;50.00;548.9;0.848;646.7;0.550;762.7;0.552;60;0;0;1.838;1.919;1.879;400;419;410;50.00;50.00;50.00;8620;1000;0.0;0;0.0000;0;0;40094;40094;40094
60;2014-04-03 17:00:00;909402N262;1215;40.114;40;236;236;236;235;1.859;49.99;548.6;0.837;646.6;0.543;762.4;0.545;60;0;0;1.822;1.906;1.849;395;415;402;49.98;49.98;49.98;8620;1000;0.0;0;0.0000;0;0;40114;40114;40114
[wr_ende]
