20140714;140002;danfoss;My Plant;+0100
[wr_def_start]
909402N262;Inverter Type;Inverter Group;Hanzl
[wr_def_end]
[wr]
INTERVAL;TIMESTAMP;SERIAL;P_AC;E_DAY;T_WR;U_AC;U_AC_1;U_AC_2;U_AC_3;I_AC;F_AC;U_DC_1;I_DC_1;U_DC_2;I_DC_2;U_DC_3;I_DC_3;S;E_WR;M_WR;I_AC_1;I_AC_2;I_AC_3;P_AC_1;P_AC_2;P_AC_3;F_AC_1;F_AC_2;F_AC_3;R_DC;PC;PCS;PCS_LL;COS_PHI;COS_PHI_LL;S_COS_PHI;Current_Day_Energy;current_Day_Offset;ccEnergyOfDay_WithoutOffset
60;2014-07-14 13:01:00;909402N262;5784;23.232;50;234;234;233;235;8.260;50.01;514.9;4.959;606.8;2.511;751.2;2.411;60;0;0;8.220;8.252;8.308;1919;1917;1946;50.01;50.01;50.01;4317;1000;0.0;0;0.0000;0;0;23232;23232;23232
60;2014-07-14 13:02:00;909402N262;5066;23.316;50;234;234;233;235;7.253;49.99;519.0;4.315;603.0;2.218;750.9;2.076;60;0;0;7.207;7.261;7.292;1678;1680;1705;49.99;49.99;49.99;4317;1000;0.0;0;0.0000;0;0;23316;23316;23316
60;2014-07-14 13:03:00;909402N262;4247;23.386;50;234;234;233;235;6.103;49.98;519.9;3.630;592.3;1.898;748.8;1.724;60;0;0;6.060;6.116;6.135;1405;1410;1429;49.98;49.98;49.98;4317;1000;0.0;0;0.0000;0;0;23386;23386;23386
60;2014-07-14 13:04:00;909402N262;3386;23.443;50;233;233;233;234;4.885;49.99;520.0;2.923;591.1;1.523;745.1;1.350;60;0;0;4.825;4.916;4.914;1113;1130;1140;49.99;49.99;49.99;4317;1000;0.0;0;0.0000;0;0;23443;23443;23443
60;2014-07-14 13:05:00;909402N262;2684;23.488;50;233;233;232;235;3.891;49.99;524.0;2.326;590.7;1.211;741.1;1.050;60;0;0;3.848;3.905;3.921;885;891;907;49.99;49.99;49.99;4317;1000;0.0;0;0.0000;0;0;23488;23488;23488
60;2014-07-14 13:06:00;909402N262;2582;23.530;50;233;233;232;235;3.747;49.99;527.4;2.213;593.7;1.165;743.8;1.009;60;0;0;3.704;3.757;3.781;851;856;873;49.99;49.99;49.99;4317;1000;0.0;0;0.0000;0;0;23530;23530;23530
60;2014-07-14 13:07:00;909402N262;2675;23.574;50;233;234;232;234;3.877;49.99;529.0;2.283;596.7;1.192;747.8;1.048;60;0;0;3.829;3.897;3.905;882;890;900;49.99;49.99;49.99;4317;1000;0.0;0;0.0000;0;0;23574;23574;23574
60;2014-07-14 13:08:00;909402N262;2739;23.621;49;233;234;232;234;3.968;50.00;530.5;2.328;598.7;1.217;751.1;1.071;60;0;0;3.918;3.990;3.997;902;913;922;50.00;50.00;50.00;4317;1000;0.0;0;0.0000;0;0;23621;23621;23621
60;2014-07-14 13:09:00;909402N262;2768;23.667;49;233;233;232;234;4.013;50.00;532.9;2.344;600.8;1.225;754.6;1.078;60;0;0;3.963;4.037;4.041;912;923;931;50.00;50.00;50.00;4317;1000;0.0;0;0.0000;0;0;23667;23667;23667
60;2014-07-14 13:10:00;909402N262;2843;23.713;49;233;233;232;234;4.115;50.02;533.5;2.404;602.9;1.252;757.8;1.103;60;0;0;4.060;4.136;4.151;935;945;960;50.02;50.02;50.02;4317;1000;0.0;0;0.0000;0;0;23713;23713;23713
60;2014-07-14 13:11:00;909402N262;2875;23.762;49;233;234;231;235;4.161;50.02;534.9;2.426;604.8;1.261;759.7;1.112;60;0;0;4.103;4.168;4.214;946;950;977;50.02;50.02;50.02;4317;1000;0.0;0;0.0000;0;0;23762;23762;23762
60;2014-07-14 13:12:00;909402N262;2851;23.810;49;233;233;231;235;4.130;50.02;536.5;2.400;605.7;1.248;761.2;1.099;60;0;0;4.072;4.136;4.184;938;942;969;50.02;50.02;50.02;4317;1000;0.0;0;0.0000;0;0;23810;23810;23810
60;2014-07-14 13:13:00;909402N262;2901;23.858;49;233;233;231;235;4.203;50.02;536.8;2.441;607.1;1.267;763.1;1.116;60;0;0;4.145;4.209;4.257;954;959;986;50.02;50.02;50.02;4317;1000;0.0;0;0.0000;0;0;23858;23858;23858
60;2014-07-14 13:14:00;909402N262;2908;23.907;49;234;234;232;235;4.200;50.01;538.4;2.442;608.3;1.267;764.2;1.117;60;0;0;4.148;4.209;4.245;958;963;984;50.01;50.01;50.01;4317;1000;0.0;0;0.0000;0;0;23907;23907;23907
60;2014-07-14 13:15:00;909402N262;2886;23.955;49;233;234;232;235;4.175;50.01;539.6;2.418;609.0;1.256;764.9;1.107;60;0;0;4.119;4.189;4.219;949;957;977;50.01;50.01;50.01;4317;1000;0.0;0;0.0000;0;0;23955;23955;23955
60;2014-07-14 13:16:00;909402N262;2881;24.002;49;233;234;232;235;4.162;50.00;537.4;2.421;601.4;1.269;758.6;1.118;60;0;0;4.115;4.166;4.205;949;960;972;50.00;50.00;50.00;4317;1000;0.0;0;0.0000;0;0;24002;24002;24002
60;2014-07-14 13:17:00;909402N262;2879;24.050;49;234;234;233;235;4.154;50.01;541.2;2.405;611.0;1.252;766.3;1.101;60;0;0;4.097;4.174;4.191;947;958;972;50.01;50.01;50.01;4317;1000;0.0;0;0.0000;0;0;24050;24050;24050
60;2014-07-14 13:18:00;909402N262;2827;24.098;48;234;234;233;235;4.085;49.99;542.4;2.354;611.0;1.233;766.8;1.079;60;0;0;4.028;4.108;4.119;929;943;954;49.99;49.99;49.99;4317;1000;0.0;0;0.0000;0;0;24098;24098;24098
60;2014-07-14 13:19:00;909402N262;2804;24.144;48;234;234;233;235;4.053;50.00;543.4;2.329;611.5;1.224;767.1;1.069;60;0;0;3.994;4.083;4.084;920;936;945;50.00;50.00;50.00;4317;1000;0.0;0;0.0000;0;0;24144;24144;24144
60;2014-07-14 13:20:00;909402N262;2799;24.191;48;234;234;233;235;4.044;50.00;543.6;2.323;612.2;1.221;767.5;1.066;60;0;0;3.975;4.074;4.083;916;934;947;50.00;50.00;50.00;4317;1000;0.0;0;0.0000;0;0;24191;24191;24191
60;2014-07-14 13:21:00;909402N262;2815;24.239;48;234;234;233;235;4.066;50.01;543.8;2.336;612.9;1.228;768.7;1.071;60;0;0;4.006;4.089;4.105;923;938;952;50.01;50.01;50.01;4317;1000;0.0;0;0.0000;0;0;24239;24239;24239
60;2014-07-14 13:22:00;909402N262;2815;24.285;48;234;234;233;235;4.068;50.01;543.4;2.338;613.6;1.226;769.6;1.070;60;0;0;4.005;4.099;4.101;922;941;950;50.01;50.01;50.01;4317;1000;0.0;0;0.0000;0;0;24285;24285;24285
60;2014-07-14 13:23:00;909402N262;2799;24.331;48;234;234;233;235;4.043;50.01;543.1;2.324;614.0;1.220;770.0;1.061;60;0;0;3.979;4.074;4.076;917;936;944;50.01;50.01;50.01;4317;1000;0.0;0;0.0000;0;0;24331;24331;24331
60;2014-07-14 13:24:00;909402N262;2818;24.379;48;234;234;233;235;4.067;50.01;543.2;2.339;614.6;1.230;770.6;1.066;60;0;0;4.008;4.088;4.107;926;938;953;50.01;50.01;50.01;4317;1000;0.0;0;0.0000;0;0;24379;24379;24379
60;2014-07-14 13:25:00;909402N262;2847;24.425;48;234;234;232;236;4.107;50.01;543.1;2.363;614.9;1.243;771.6;1.076;60;0;0;4.050;4.120;4.152;936;943;965;50.01;50.01;50.01;4317;1000;0.0;0;0.0000;0;0;24425;24425;24425
60;2014-07-14 13:26:00;909402N262;2891;24.474;48;234;234;232;235;4.176;50.02;542.4;2.403;615.5;1.262;772.8;1.090;60;0;0;4.125;4.184;4.219;954;956;979;50.02;50.02;50.02;4317;1000;0.0;0;0.0000;0;0;24474;24474;24474
60;2014-07-14 13:27:00;909402N262;2891;24.522;48;234;234;232;236;4.174;50.02;542.7;2.405;615.6;1.263;773.1;1.087;60;0;0;4.119;4.182;4.221;952;956;982;50.02;50.02;50.02;4317;1000;0.0;0;0.0000;0;0;24522;24522;24522
60;2014-07-14 13:28:00;909402N262;2983;24.573;48;234;234;232;236;4.300;50.01;542.5;2.479;616.0;1.301;774.9;1.122;60;0;0;4.244;4.310;4.348;982;986;1011;50.01;50.01;50.01;4317;1000;0.0;0;0.0000;0;0;24573;24573;24573
60;2014-07-14 13:29:00;909402N262;3046;24.622;48;234;234;232;236;4.390;50.00;542.2;2.534;616.3;1.332;776.3;1.140;60;0;0;4.340;4.397;4.434;1004;1007;1033;50.00;50.00;50.00;4317;1000;0.0;0;0.0000;0;0;24622;24622;24622
60;2014-07-14 13:30:00;909402N262;3054;24.673;48;234;234;231;236;4.407;49.98;541.8;2.544;616.5;1.337;776.4;1.141;60;0;0;4.365;4.402;4.454;1011;1005;1037;49.98;49.98;49.98;4317;1000;0.0;0;0.0000;0;0;24673;24673;24673
60;2014-07-14 13:31:00;909402N262;3060;24.725;48;234;234;231;235;4.415;49.98;538.6;2.568;603.6;1.364;775.6;1.153;60;0;0;4.386;4.394;4.467;1014;1006;1038;49.98;49.98;49.98;4317;1000;0.0;0;0.0000;0;0;24725;24725;24725
60;2014-07-14 13:32:00;909402N262;3143;24.777;47;234;234;231;235;4.565;49.99;541.7;2.621;616.8;1.378;776.8;1.171;60;0;0;4.527;4.555;4.615;1040;1034;1067;49.99;49.99;49.99;4317;1000;0.0;0;0.0000;0;0;24777;24777;24777
60;2014-07-14 13:33:00;909402N262;3201;24.831;47;234;234;232;236;4.645;49.99;542.3;2.666;618.1;1.401;777.0;1.193;60;0;0;4.600;4.645;4.691;1057;1057;1086;49.99;49.99;49.99;4317;1000;0.0;0;0.0000;0;0;24831;24831;24831
60;2014-07-14 13:34:00;909402N262;3251;24.885;47;234;234;232;236;4.710;50.01;541.2;2.711;618.9;1.420;777.4;1.211;60;0;0;4.652;4.719;4.760;1070;1076;1103;50.01;50.01;50.01;4317;1000;0.0;0;0.0000;0;0;24885;24885;24885
60;2014-07-14 13:35:00;909402N262;3317;24.941;47;234;234;232;235;4.804;50.01;541.0;2.766;618.1;1.451;777.5;1.238;60;0;0;4.747;4.819;4.847;1092;1101;1122;50.01;50.01;50.01;4317;1000;0.0;0;0.0000;0;0;24941;24941;24941
60;2014-07-14 13:36:00;909402N262;3360;24.997;47;234;234;233;235;4.861;50.01;541.0;2.802;618.2;1.470;777.6;1.255;60;0;0;4.801;4.882;4.902;1107;1116;1135;50.01;50.01;50.01;4317;1000;0.0;0;0.0000;0;0;24997;24997;24997
60;2014-07-14 13:37:00;909402N262;3403;25.054;47;234;234;233;235;4.923;50.01;541.1;2.836;618.6;1.489;777.6;1.271;60;0;0;4.878;4.939;4.952;1124;1131;1146;50.01;50.01;50.01;4317;1000;0.0;0;0.0000;0;0;25054;25054;25054
60;2014-07-14 13:38:00;909402N262;3429;25.111;47;234;234;233;235;4.962;50.02;540.6;2.861;618.8;1.501;777.7;1.281;60;0;0;4.913;4.987;4.988;1132;1143;1152;50.02;50.02;50.02;4317;1000;0.0;0;0.0000;0;0;25111;25111;25111
60;2014-07-14 13:39:00;909402N262;3472;25.169;47;234;233;233;235;5.026;50.01;539.9;2.899;618.7;1.520;777.9;1.297;60;0;0;4.958;5.052;5.068;1139;1159;1172;50.01;50.01;50.01;4317;1000;0.0;0;0.0000;0;0;25169;25169;25169
60;2014-07-14 13:40:00;909402N262;3521;25.228;47;234;233;234;235;5.091;50.01;540.0;2.937;619.1;1.540;777.9;1.318;60;0;0;5.021;5.119;5.134;1153;1178;1189;50.01;50.01;50.01;4317;1000;0.0;0;0.0000;0;0;25228;25228;25228
60;2014-07-14 13:41:00;909402N262;3542;25.287;47;234;233;234;235;5.118;50.01;540.3;2.953;619.2;1.547;777.7;1.327;60;0;0;5.050;5.149;5.157;1160;1185;1195;50.01;50.01;50.01;4317;1000;0.0;0;0.0000;0;0;25287;25287;25287
60;2014-07-14 13:42:00;909402N262;3501;25.344;47;234;234;233;236;5.056;50.02;539.8;2.923;618.9;1.531;777.9;1.311;60;0;0;4.984;5.078;5.106;1148;1165;1186;50.02;50.02;50.01;4317;1000;0.0;0;0.0000;0;0;25344;25344;25344
60;2014-07-14 13:43:00;909402N262;3421;25.402;47;234;234;233;236;4.944;50.03;540.0;2.856;618.6;1.497;777.8;1.278;60;0;0;4.875;4.971;4.988;1122;1140;1157;50.03;50.03;50.03;4317;1000;0.0;0;0.0000;0;0;25402;25402;25402
60;2014-07-14 13:44:00;909402N262;3305;25.457;47;234;234;233;236;4.779;50.02;539.8;2.762;618.2;1.447;777.1;1.233;60;0;0;4.709;4.803;4.827;1083;1101;1119;50.02;50.02;50.02;4317;1000;0.0;0;0.0000;0;0;25457;25457;25457
60;2014-07-14 13:45:00;909402N262;3300;25.512;47;234;234;233;235;4.778;50.01;539.8;2.757;618.0;1.447;777.4;1.230;60;0;0;4.713;4.800;4.821;1082;1100;1116;50.01;50.01;50.01;4317;1000;0.0;0;0.0000;0;0;25512;25512;25512
60;2014-07-14 13:46:00;909402N262;3360;25.569;47;234;234;234;236;4.849;50.01;536.5;2.832;603.8;1.502;779.3;1.263;60;0;0;4.786;4.872;4.890;1102;1123;1134;50.01;50.01;50.01;4317;1000;0.0;0;0.0000;0;0;25569;25569;25569
60;2014-07-14 13:47:00;909402N262;3538;25.627;47;234;234;233;235;5.116;50.00;540.4;2.949;619.6;1.543;778.9;1.325;60;0;0;5.048;5.140;5.162;1160;1180;1196;50.00;50.00;50.00;4317;1000;0.0;0;0.0000;0;0;25627;25627;25627
60;2014-07-14 13:48:00;909402N262;3515;25.686;47;234;234;233;236;5.081;50.01;540.3;2.924;619.9;1.530;778.5;1.321;60;0;0;5.010;5.102;5.133;1153;1169;1191;50.01;50.01;50.01;4317;1000;0.0;0;0.0000;0;0;25686;25686;25686
60;2014-07-14 13:49:00;909402N262;3451;25.743;47;234;234;233;235;4.996;50.00;540.5;2.871;619.6;1.502;778.4;1.297;60;0;0;4.935;5.018;5.036;1135;1149;1165;50.00;50.00;50.00;4317;1000;0.0;0;0.0000;0;0;25743;25743;25743
60;2014-07-14 13:50:00;909402N262;3443;25.801;47;234;234;233;235;4.979;50.00;540.5;2.867;619.7;1.500;778.4;1.292;60;0;0;4.926;4.998;5.015;1136;1145;1160;50.00;50.00;50.00;4317;1000;0.0;0;0.0000;0;0;25801;25801;25801
60;2014-07-14 13:51:00;909402N262;3505;25.858;47;234;234;233;235;5.069;50.00;540.2;2.922;619.6;1.524;778.4;1.317;60;0;0;5.023;5.078;5.108;1159;1163;1182;50.00;50.00;50.00;4317;1000;0.0;0;0.0000;0;0;25858;25858;25858
60;2014-07-14 13:52:00;909402N262;3492;25.916;47;234;234;234;235;5.041;50.00;540.7;2.910;620.1;1.517;778.5;1.311;60;0;0;4.989;5.069;5.067;1151;1167;1172;50.00;50.00;50.00;4317;1000;0.0;0;0.0000;0;0;25916;25916;25916
60;2014-07-14 13:53:00;909402N262;3620;25.977;47;234;235;234;235;5.222;50.01;541.0;3.011;621.5;1.569;778.7;1.364;60;0;0;5.168;5.238;5.261;1194;1204;1219;50.01;50.01;50.01;4317;1000;0.0;0;0.0000;0;0;25977;25977;25977
60;2014-07-14 13:54:00;909402N262;3746;26.040;47;235;235;234;236;5.394;50.02;540.9;3.113;621.3;1.620;779.2;1.415;60;0;0;5.331;5.414;5.439;1233;1246;1265;50.02;50.02;50.02;4317;1000;0.0;0;0.0000;0;0;26040;26040;26040
60;2014-07-14 13:55:00;909402N262;3621;26.100;47;234;234;234;236;5.224;50.02;540.4;3.011;620.9;1.566;778.8;1.368;60;0;0;5.153;5.248;5.272;1187;1207;1225;50.02;50.02;50.02;4317;1000;0.0;0;0.0000;0;0;26100;26100;26100
60;2014-07-14 13:56:00;909402N262;3479;26.158;47;234;234;234;235;5.025;50.01;540.6;2.890;619.6;1.513;778.1;1.313;60;0;0;4.966;5.053;5.057;1144;1162;1171;50.01;50.01;50.01;4317;1000;0.0;0;0.0000;0;0;26158;26158;26158
60;2014-07-14 13:57:00;909402N262;3363;26.214;47;235;234;234;235;4.858;50.01;541.2;2.795;619.2;1.463;777.8;1.264;60;0;0;4.797;4.889;4.889;1106;1123;1132;50.01;50.01;50.01;4317;1000;0.0;0;0.0000;0;0;26214;26214;26214
60;2014-07-14 13:58:00;909402N262;3323;26.268;47;235;235;234;236;4.793;50.01;541.1;2.769;620.1;1.445;777.7;1.245;60;0;0;4.745;4.818;4.818;1098;1108;1116;50.01;50.01;50.01;4317;1000;0.0;0;0.0000;0;0;26268;26268;26268
60;2014-07-14 13:59:00;909402N262;3337;26.325;47;235;235;234;235;4.815;49.99;540.8;2.786;620.0;1.449;777.6;1.247;60;0;0;4.774;4.838;4.834;1105;1113;1117;49.99;49.99;49.99;4317;1000;0.0;0;0.0000;0;0;26325;26325;26325
60;2014-07-14 14:00:00;909402N262;3335;26.380;47;235;236;234;235;4.810;49.97;541.0;2.783;619.4;1.449;777.9;1.248;60;0;0;4.769;4.838;4.823;1105;1113;1115;49.97;49.97;49.97;4317;1000;0.0;0;0.0000;0;0;26380;26380;26380
[wr_ende]
