20141205;080004;danfoss;My Plant;+0100
[wr_def_start]
909402N262;Inverter Type;Inverter Group;Hanzl
[wr_def_end]
[wr]
INTERVAL;TIMESTAMP;SERIAL;P_AC;E_DAY;T_WR;U_AC;U_AC_1;U_AC_2;U_AC_3;I_AC;F_AC;U_DC_1;I_DC_1;U_DC_2;I_DC_2;U_DC_3;I_DC_3;S;E_WR;M_WR;I_AC_1;I_AC_2;I_AC_3;P_AC_1;P_AC_2;P_AC_3;F_AC_1;F_AC_2;F_AC_3;R_DC;PC;PCS;PCS_LL;COS_PHI;COS_PHI_LL;S_COS_PHI;Current_Day_Energy;current_Day_Offset;ccEnergyOfDay_WithoutOffset
60;2014-12-05 07:10:00;909402N262;0;0.000;0;0;0;0;0;0.000;0.08;0.3;0.000;0.2;0.000;0.3;0.000;50;0;0;0.000;0.000;0.000;0;0;0;0.08;0.08;0.08;6;1000;0.0;0;1.0000;0;2;0;0;0
60;2014-12-05 07:11:00;909402N262;0;0.000;18;232;233;231;233;0.000;50.02;229.4;0.000;217.4;0.000;229.3;0.000;50;0;0;0.000;0.000;0.000;0;0;0;50.02;50.02;50.02;0;1000;0.0;0;1.0000;0;2;0;0;0
60;2014-12-05 07:12:00;909402N262;0;0.000;18;233;232;232;233;0.000;50.01;228.2;0.000;226.0;0.000;228.2;0.000;50;0;0;0.000;0.000;0.000;0;0;0;50.01;50.01;50.01;0;1000;0.0;0;1.0000;0;2;0;0;0
60;2014-12-05 07:13:00;909402N262;0;0.000;19;233;233;232;233;0.000;50.00;229.3;0.000;228.7;0.000;229.3;0.000;50;0;0;0.000;0.000;0.000;0;0;0;50.00;50.00;50.00;0;1000;0.0;0;1.0000;0;2;0;0;0
60;2014-12-05 07:14:00;909402N262;0;0.000;20;233;233;233;233;0.000;49.99;228.3;0.000;227.7;0.000;228.3;0.000;50;0;0;0.000;0.000;0.000;0;0;0;49.99;49.99;49.99;0;1000;0.0;0;1.0000;0;2;0;0;0
60;2014-12-05 07:15:00;909402N262;0;0.000;20;233;233;233;233;0.000;49.99;229.3;0.000;228.7;0.000;229.2;0.000;50;0;0;0.000;0.000;0.000;0;0;0;49.99;49.99;49.99;0;1000;0.0;0;1.0000;0;2;0;0;0
60;2014-12-05 07:16:00;909402N262;0;0.000;21;233;233;232;233;0.000;49.98;228.3;0.000;227.7;0.000;228.2;0.000;50;0;0;0.000;0.000;0.000;0;0;0;49.98;49.98;49.98;0;1000;0.0;0;1.0000;0;2;0;0;0
60;2014-12-05 07:17:00;909402N262;0;0.000;21;233;233;232;233;0.000;49.99;227.9;0.000;227.3;0.000;227.9;0.000;50;0;0;0.000;0.000;0.000;0;0;0;49.99;49.99;49.99;0;1000;0.0;0;1.0000;0;2;0;0;0
60;2014-12-05 07:18:00;909402N262;0;0.000;22;233;233;233;233;0.000;49.97;229.4;0.000;228.9;0.000;229.6;0.000;50;0;0;0.000;0.000;0.000;0;0;0;49.97;49.97;49.97;0;1000;0.0;0;1.0000;0;2;0;0;0
60;2014-12-05 07:19:00;909402N262;0;0.000;22;233;233;233;233;0.000;49.97;228.4;0.000;227.9;0.000;228.5;0.000;50;0;0;0.000;0.000;0.000;0;0;0;49.97;49.97;49.97;0;1000;0.0;0;1.0000;0;2;0;0;0
60;2014-12-05 07:20:00;909402N262;0;0.000;22;233;234;233;234;0.000;49.99;228.6;0.000;228.1;0.000;228.6;0.000;50;0;0;0.000;0.000;0.000;0;0;0;49.99;49.99;49.99;0;1000;0.0;0;1.0000;0;2;0;0;0
60;2014-12-05 07:21:00;909402N262;0;0.000;22;233;234;233;233;0.000;49.99;230.2;0.000;229.6;0.000;230.7;0.000;50;0;0;0.000;0.000;0.000;0;0;0;49.99;49.99;49.99;0;1000;0.0;0;1.0000;0;2;0;0;0
60;2014-12-05 07:22:00;909402N262;0;0.000;22;233;234;232;233;0.000;49.98;227.1;0.000;226.5;0.000;226.9;0.000;50;0;0;0.000;0.000;0.000;0;0;0;49.98;49.98;49.98;0;1000;0.0;0;1.0000;0;2;0;0;0
60;2014-12-05 07:23:00;909402N262;0;0.000;23;233;234;232;233;0.000;49.98;227.1;0.000;226.6;0.000;227.1;0.000;50;0;0;0.000;0.000;0.000;0;0;0;49.98;49.98;49.98;0;1000;0.0;0;1.0000;0;2;0;0;0
60;2014-12-05 07:24:00;909402N262;0;0.000;23;233;234;232;233;0.000;49.98;229.5;0.000;228.9;0.000;230.0;0.000;50;0;0;0.000;0.000;0.000;0;0;0;49.98;49.98;49.98;0;1000;0.0;0;1.0000;0;2;0;0;0
60;2014-12-05 07:25:00;909402N262;0;0.000;23;233;234;232;234;0.000;49.99;230.4;0.000;229.8;0.000;231.3;0.000;50;0;0;0.000;0.000;0.000;0;0;0;49.99;49.99;49.99;0;1000;0.0;0;1.0000;0;2;0;0;0
60;2014-12-05 07:26:00;909402N262;0;0.000;23;233;234;232;234;0.000;49.98;227.4;0.000;226.9;0.000;227.9;0.000;50;0;0;0.000;0.000;0.000;0;0;0;49.98;49.98;49.98;0;1000;0.0;0;1.0000;0;2;0;0;0
60;2014-12-05 07:27:00;909402N262;0;0.000;23;233;234;231;233;0.000;49.98;230.1;0.000;229.6;0.000;230.1;0.000;50;0;0;0.000;0.000;0.000;0;0;0;49.98;49.98;49.98;0;1000;0.0;0;1.0000;0;2;0;0;0
60;2014-12-05 07:28:00;909402N262;0;0.000;23;233;234;232;232;0.000;50.00;233.1;0.000;232.5;0.000;233.1;0.000;50;0;0;0.000;0.000;0.000;0;0;0;50.00;50.00;50.00;0;1000;0.0;0;1.0000;0;2;0;0;0
60;2014-12-05 07:29:00;909402N262;0;0.000;23;233;234;233;232;0.000;49.97;235.5;0.000;234.9;0.000;235.5;0.000;50;0;0;0.000;0.000;0.000;0;0;0;49.97;49.97;49.97;0;1000;0.0;0;1.0000;0;2;0;0;0
60;2014-12-05 07:30:00;909402N262;0;0.000;23;233;234;233;232;0.000;49.97;236.1;0.000;235.6;0.000;236.1;0.000;50;0;0;0.000;0.000;0.000;0;0;0;49.97;49.97;49.97;0;1000;0.0;0;1.0000;0;2;0;0;0
60;2014-12-05 07:31:00;909402N262;0;0.000;23;233;234;233;233;0.000;49.98;236.6;0.000;236.1;0.000;236.5;0.000;50;0;0;0.000;0.000;0.000;0;0;0;49.98;49.98;49.98;0;1000;0.0;0;1.0000;0;2;0;0;0
60;2014-12-05 07:32:00;909402N262;0;0.000;23;233;234;233;233;0.000;49.98;237.7;0.000;237.2;0.000;237.8;0.000;50;0;0;0.000;0.000;0.000;0;0;0;49.98;49.98;49.98;0;1000;0.0;0;1.0000;0;2;0;0;0
60;2014-12-05 07:33:00;909402N262;0;0.000;23;233;233;234;232;0.000;49.99;226.3;0.000;225.7;0.000;226.7;0.000;50;0;0;0.000;0.000;0.000;0;0;0;49.99;49.99;49.99;0;1000;0.0;0;1.0000;0;2;0;0;0
60;2014-12-05 07:34:00;909402N262;0;0.000;23;233;233;234;232;0.000;49.99;228.8;0.000;228.3;0.000;228.5;0.000;50;0;0;0.000;0.000;0.000;0;0;0;49.99;49.99;49.99;0;1000;0.0;0;1.0000;0;2;0;0;0
60;2014-12-05 07:35:00;909402N262;0;0.000;24;233;233;233;232;0.000;49.99;229.9;0.000;229.4;0.000;229.8;0.000;50;0;0;0.000;0.000;0.000;0;0;0;49.99;49.99;49.99;0;1000;0.0;0;1.0000;0;2;0;0;0
60;2014-12-05 07:36:00;909402N262;0;0.000;24;233;234;233;232;0.000;49.98;230.7;0.000;230.2;0.000;231.1;0.000;50;0;0;0.000;0.000;0.000;0;0;0;49.98;49.98;49.98;0;1000;0.0;0;1.0000;0;2;0;0;0
60;2014-12-05 07:37:00;909402N262;0;0.000;24;233;234;233;233;0.000;49.99;230.7;0.000;230.1;0.000;230.7;0.000;50;0;0;0.000;0.000;0.000;0;0;0;49.99;49.99;49.99;0;1000;0.0;0;1.0000;0;2;0;0;0
60;2014-12-05 07:38:00;909402N262;0;0.000;24;233;234;233;233;0.000;49.99;230.9;0.000;230.4;0.000;230.9;0.000;50;0;0;0.000;0.000;0.000;0;0;0;49.99;49.99;49.99;0;1000;0.0;0;1.0000;0;2;0;0;0
60;2014-12-05 07:39:00;909402N262;0;0.000;24;233;234;233;234;0.000;49.99;231.9;0.000;231.3;0.000;231.9;0.000;50;0;0;0.000;0.000;0.000;0;0;0;49.99;49.99;49.99;0;1000;0.0;0;1.0000;0;2;0;0;0
60;2014-12-05 07:40:00;909402N262;0;0.000;24;233;233;234;233;0.000;50.00;232.6;0.000;232.1;0.000;232.5;0.000;50;0;0;0.000;0.000;0.000;0;0;0;50.00;50.00;50.00;0;1000;0.0;0;1.0000;0;2;0;0;0
60;2014-12-05 07:41:00;909402N262;0;0.000;24;233;234;233;233;0.000;50.00;233.7;0.000;233.2;0.000;234.1;0.000;50;0;0;0.000;0.000;0.000;0;0;0;50.00;50.00;50.00;0;1000;0.0;0;1.0000;0;2;0;0;0
60;2014-12-05 07:42:00;909402N262;0;0.000;24;233;233;233;233;0.000;50.00;236.6;0.000;236.1;0.000;235.8;0.000;50;0;0;0.000;0.000;0.000;0;0;0;50.00;50.00;50.00;0;1000;0.0;0;1.0000;0;2;0;0;0
60;2014-12-05 07:43:00;909402N262;0;0.000;24;233;233;233;233;0.000;50.01;239.2;0.000;238.6;0.000;239.5;0.000;50;0;0;0.000;0.000;0.000;0;0;0;50.01;50.01;50.01;0;1000;0.0;0;1.0000;0;2;0;0;0
60;2014-12-05 07:44:00;909402N262;0;0.000;24;233;234;233;233;0.000;50.01;247.2;0.000;246.7;0.000;247.2;0.000;50;0;0;0.000;0.000;0.000;0;0;0;50.01;50.01;50.01;0;1000;0.0;0;1.0000;0;2;0;0;0
60;2014-12-05 07:45:00;909402N262;0;0.000;24;233;233;233;233;0.000;50.00;260.1;0.000;259.7;0.000;260.1;0.000;50;0;0;0.000;0.000;0.000;0;0;0;50.00;50.00;50.00;0;1000;0.0;0;1.0000;0;2;0;0;0
60;2014-12-05 07:46:00;909402N262;0;0.000;24;233;233;233;233;0.000;50.00;252.2;0.000;252.1;0.000;252.2;0.000;50;0;0;0.000;0.000;0.000;0;0;0;50.00;50.00;50.00;0;1000;0.0;0;1.0000;0;2;0;0;0
60;2014-12-05 07:47:00;909402N262;0;0.000;24;233;232;233;233;0.000;49.99;261.7;0.000;261.2;0.000;261.5;0.000;50;0;0;0.000;0.000;0.000;0;0;0;49.99;49.99;49.99;0;1000;0.0;0;1.0000;0;2;0;0;0
60;2014-12-05 07:48:00;909402N262;0;0.000;24;233;233;233;232;0.008;50.01;413.4;0.000;384.6;0.000;425.2;0.000;51;0;0;0.008;0.008;0.008;0;0;0;50.01;50.01;50.01;0;1000;0.0;0;1.0000;0;2;0;0;0
60;2014-12-05 07:49:00;909402N262;0;0.000;24;233;232;234;232;0.003;50.01;461.7;0.002;421.0;0.000;491.1;0.000;51;0;0;0.006;0.003;0.002;0;0;0;50.01;50.01;50.01;6816;1000;0.0;0;1.0000;0;2;0;0;0
60;2014-12-05 07:50:00;909402N262;1;0.000;24;233;232;234;233;0.297;50.00;411.0;0.010;329.2;0.003;420.7;0.002;60;0;0;0.178;0.348;0.367;5;9;1;50.00;50.00;50.00;7472;1000;0.0;0;1.0000;0;2;0;0;0
60;2014-12-05 07:51:00;909402N262;1;0.000;24;233;233;233;233;0.361;50.00;414.3;0.011;359.4;0.006;313.9;0.007;60;0;0;0.266;0.514;0.305;1;30;1;50.00;50.00;50.00;7472;1000;0.0;0;1.0000;0;2;0;0;0
60;2014-12-05 07:52:00;909402N262;5;0.000;24;233;233;234;233;0.384;49.99;428.2;0.015;413.9;0.006;404.6;0.007;60;0;0;0.250;0.533;0.371;2;27;3;49.99;49.99;49.99;7472;1000;0.0;0;1.0000;0;2;0;0;0
60;2014-12-05 07:53:00;909402N262;7;0.001;24;233;233;234;234;0.425;50.01;428.2;0.017;358.9;0.007;483.7;0.007;60;0;0;0.295;0.585;0.397;2;27;3;50.01;50.01;50.01;7472;1000;0.0;0;1.0000;0;2;1;1;1
60;2014-12-05 07:54:00;909402N262;10;0.002;24;233;233;233;233;0.406;50.01;446.3;0.019;372.3;0.008;518.3;0.007;60;0;0;0.327;0.464;0.427;2;34;2;50.01;50.01;50.01;7472;1000;0.0;0;1.0000;0;2;2;2;2
60;2014-12-05 07:55:00;909402N262;12;0.002;25;233;232;233;234;0.359;50.01;455.0;0.019;396.0;0.009;526.7;0.007;60;0;0;0.329;0.266;0.482;14;6;2;50.01;50.01;50.01;7472;1000;0.0;0;1.0000;0;2;2;2;2
60;2014-12-05 07:56:00;909402N262;12;0.002;25;233;232;233;234;0.361;50.00;452.3;0.019;388.0;0.009;524.5;0.007;60;0;0;0.260;0.387;0.438;5;16;2;50.00;50.00;50.00;7472;1000;0.0;0;1.0000;0;2;2;2;2
60;2014-12-05 07:57:00;909402N262;10;0.002;25;233;232;233;233;0.375;50.00;444.7;0.019;354.0;0.008;514.6;0.007;60;0;0;0.243;0.475;0.407;5;19;4;50.00;50.00;50.00;7472;1000;0.0;0;1.0000;0;2;2;2;2
60;2014-12-05 07:58:00;909402N262;7;0.002;25;233;232;233;233;0.349;49.99;429.0;0.019;315.9;0.007;486.3;0.007;60;0;0;0.250;0.514;0.283;2;16;4;49.99;49.99;49.99;7472;1000;0.0;0;1.0000;0;2;2;2;2
60;2014-12-05 07:59:00;909402N262;6;0.002;25;233;232;233;232;0.326;50.00;421.8;0.018;286.1;0.007;448.1;0.007;60;0;0;0.301;0.454;0.223;1;12;6;50.00;50.00;50.00;7472;1000;0.0;0;1.0000;0;2;2;2;2
60;2014-12-05 08:00:00;909402N262;6;0.003;25;233;232;234;232;0.284;50.00;424.5;0.018;289.8;0.007;465.7;0.007;60;0;0;0.143;0.598;0.112;1;5;6;50.00;50.00;50.00;7472;1000;0.0;0;1.0000;0;2;3;3;3
[wr_ende]
