20141014;160002;danfoss;My Plant;+0100
[wr_def_start]
909402N262;Inverter Type;Inverter Group;Hanzl
[wr_def_end]
[wr]
INTERVAL;TIMESTAMP;SERIAL;P_AC;E_DAY;T_WR;U_AC;U_AC_1;U_AC_2;U_AC_3;I_AC;F_AC;U_DC_1;I_DC_1;U_DC_2;I_DC_2;U_DC_3;I_DC_3;S;E_WR;M_WR;I_AC_1;I_AC_2;I_AC_3;P_AC_1;P_AC_2;P_AC_3;F_AC_1;F_AC_2;F_AC_3;R_DC;PC;PCS;PCS_LL;COS_PHI;COS_PHI_LL;S_COS_PHI;Current_Day_Energy;current_Day_Offset;ccEnergyOfDay_WithoutOffset
60;2014-10-14 15:01:00;909402N262;4205;26.242;45;235;235;235;235;6.059;50.00;537.5;3.825;624.0;1.540;785.9;1.591;60;0;0;6.022;6.073;6.083;1389;1409;1406;50.00;50.00;50.00;12840;1000;0.0;0;1.0000;0;2;26242;26242;26242
60;2014-10-14 15:02:00;909402N262;4392;26.316;45;235;235;235;235;6.333;49.99;538.7;3.969;642.0;1.558;790.8;1.655;60;0;0;6.295;6.367;6.339;1454;1472;1464;49.99;49.99;49.99;12840;1000;0.0;0;1.0000;0;2;26316;26316;26316
60;2014-10-14 15:03:00;909402N262;3595;26.376;45;235;235;235;235;5.234;50.01;539.6;3.251;632.5;1.249;784.4;1.384;60;0;0;5.188;5.266;5.250;1186;1205;1200;50.01;50.01;50.01;12840;1000;0.0;0;1.0000;0;2;26376;26376;26376
60;2014-10-14 15:04:00;909402N262;3723;26.438;45;235;235;235;235;5.420;50.01;535.2;3.384;637.2;1.334;782.4;1.410;60;0;0;5.359;5.469;5.432;1228;1250;1244;50.01;50.01;50.01;12840;1000;0.0;0;1.0000;0;2;26438;26438;26438
60;2014-10-14 15:05:00;909402N262;2564;26.480;45;235;235;234;235;3.835;50.01;530.4;2.314;628.3;0.966;773.8;0.968;60;0;0;3.775;3.877;3.855;840;861;861;50.01;50.01;50.01;12840;1000;0.0;0;1.0000;0;2;26480;26480;26480
60;2014-10-14 15:06:00;909402N262;1895;26.513;45;234;234;234;235;2.937;50.01;525.4;1.736;620.2;0.742;764.4;0.697;60;0;0;2.880;2.972;2.960;616;639;638;50.01;50.01;50.01;12840;1000;0.0;0;1.0000;0;2;26513;26513;26513
60;2014-10-14 15:07:00;909402N262;1620;26.539;44;234;234;234;234;2.584;50.01;523.7;1.502;617.3;0.642;761.0;0.589;60;0;0;2.531;2.618;2.604;526;548;546;50.01;50.01;50.01;12840;1000;0.0;0;1.0000;0;2;26539;26539;26539
60;2014-10-14 15:08:00;909402N262;1825;26.569;44;234;234;234;235;2.848;50.01;527.7;1.689;621.7;0.720;765.7;0.650;60;0;0;2.798;2.878;2.869;594;615;614;50.01;50.01;50.01;12840;1000;0.0;0;1.0000;0;2;26569;26569;26569
60;2014-10-14 15:09:00;909402N262;1758;26.599;44;234;234;234;234;2.765;50.00;528.3;1.630;620.4;0.676;766.9;0.637;60;0;0;2.713;2.798;2.786;573;591;592;50.00;50.00;50.00;12840;1000;0.0;0;1.0000;0;2;26599;26599;26599
60;2014-10-14 15:10:00;909402N262;1771;26.629;44;234;234;234;234;2.780;50.00;529.6;1.640;621.2;0.675;769.5;0.643;60;0;0;2.729;2.807;2.806;577;596;597;50.00;50.00;50.00;12840;1000;0.0;0;1.0000;0;2;26629;26629;26629
60;2014-10-14 15:11:00;909402N262;1841;26.659;44;234;234;234;235;2.870;49.99;532.0;1.699;623.1;0.693;772.3;0.671;60;0;0;2.819;2.897;2.895;601;619;620;49.99;49.99;49.99;12840;1000;0.0;0;1.0000;0;2;26659;26659;26659
60;2014-10-14 15:12:00;909402N262;1766;26.688;44;234;234;234;235;2.772;49.99;531.4;1.631;621.9;0.666;770.9;0.643;60;0;0;2.722;2.803;2.792;575;595;594;49.99;49.99;49.99;12840;1000;0.0;0;1.0000;0;2;26688;26688;26688
60;2014-10-14 15:13:00;909402N262;1581;26.715;44;234;234;234;235;2.534;49.99;529.5;1.467;618.2;0.604;767.5;0.572;60;0;0;2.481;2.560;2.561;513;533;534;49.99;49.99;49.99;12840;1000;0.0;0;1.0000;0;2;26715;26715;26715
60;2014-10-14 15:14:00;909402N262;1581;26.741;44;235;235;235;235;2.529;50.01;530.4;1.466;619.5;0.601;768.9;0.570;60;0;0;2.474;2.562;2.552;513;533;533;50.01;50.01;50.01;12840;1000;0.0;0;1.0000;0;2;26741;26741;26741
60;2014-10-14 15:15:00;909402N262;1719;26.771;44;235;235;234;235;2.710;50.02;533.6;1.591;623.8;0.644;773.3;0.621;60;0;0;2.657;2.741;2.734;560;578;580;50.02;50.02;50.02;12840;1000;0.0;0;1.0000;0;2;26771;26771;26771
60;2014-10-14 15:16:00;909402N262;2208;26.807;44;235;235;234;235;3.336;50.00;535.6;2.045;617.1;0.820;779.9;0.813;60;0;0;3.287;3.354;3.368;719;739;746;50.00;50.00;50.00;12840;1000;0.0;0;1.0000;0;2;26807;26807;26807
60;2014-10-14 15:17:00;909402N262;4217;26.878;44;235;235;234;236;6.057;50.00;547.0;3.805;647.5;1.461;794.6;1.560;60;0;0;6.017;6.065;6.090;1394;1402;1416;50.00;50.00;50.00;12840;1000;0.0;0;1.0000;0;2;26878;26878;26878
60;2014-10-14 15:18:00;909402N262;4314;26.950;44;235;235;234;236;6.203;50.01;545.2;3.894;647.2;1.484;794.4;1.613;60;0;0;6.146;6.228;6.236;1426;1434;1451;50.01;50.01;50.01;12840;1000;0.0;0;1.0000;0;2;26950;26950;26950
60;2014-10-14 15:19:00;909402N262;3910;27.014;44;235;235;234;236;5.628;49.98;542.6;3.545;643.2;1.361;794.8;1.455;60;0;0;5.578;5.655;5.651;1291;1306;1311;49.98;49.98;49.98;12840;1000;0.0;0;1.0000;0;2;27014;27014;27014
60;2014-10-14 15:20:00;909402N262;3788;27.078;44;235;235;235;236;5.459;49.98;541.2;3.438;641.3;1.330;794.6;1.407;60;0;0;5.406;5.490;5.483;1249;1268;1270;49.98;49.98;49.98;12840;1000;0.0;0;1.0000;0;2;27078;27078;27078
60;2014-10-14 15:21:00;909402N262;4026;27.145;44;235;235;235;235;5.798;49.98;540.1;3.657;641.9;1.407;794.4;1.503;60;0;0;5.739;5.839;5.816;1327;1349;1347;49.98;49.98;49.98;12840;1000;0.0;0;1.0000;0;2;27145;27145;27145
60;2014-10-14 15:22:00;909402N262;3452;27.202;44;235;235;234;235;5.023;49.97;536.9;3.145;637.8;1.225;787.4;1.286;60;0;0;4.972;5.057;5.041;1140;1152;1157;49.97;49.97;49.97;12840;1000;0.0;0;1.0000;0;2;27202;27202;27202
60;2014-10-14 15:23:00;909402N262;4563;27.279;44;234;235;234;235;6.578;49.97;537.7;4.183;640.5;1.607;787.3;1.717;60;0;0;6.541;6.590;6.603;1511;1530;1526;49.97;49.97;49.97;12840;1000;0.0;0;1.0000;0;2;27279;27279;27279
60;2014-10-14 15:24:00;909402N262;8109;27.415;44;235;235;235;235;11.651;49.98;532.9;7.401;650.6;2.803;795.4;3.110;60;0;0;11.601;11.685;11.667;2693;2708;2705;49.98;49.98;49.98;12840;1000;0.0;0;1.0000;0;2;27415;27415;27415
60;2014-10-14 15:25:00;909402N262;8135;27.550;44;235;235;235;235;11.700;49.99;527.0;7.480;646.3;2.841;794.9;3.136;60;0;0;11.649;11.741;11.711;2702;2717;2714;49.99;49.99;49.99;12840;1000;0.0;0;1.0000;0;2;27550;27550;27550
60;2014-10-14 15:26:00;909402N262;8055;27.684;45;235;235;235;235;11.587;49.99;521.7;7.458;642.9;2.836;788.6;3.135;60;0;0;11.540;11.623;11.599;2677;2690;2687;49.99;49.99;49.99;12840;1000;0.0;0;1.0000;0;2;27684;27684;27684
60;2014-10-14 15:27:00;909402N262;7827;27.815;45;235;235;235;235;11.236;49.99;518.2;7.283;639.2;2.776;781.6;3.080;60;0;0;11.194;11.271;11.244;2603;2612;2610;49.99;49.99;49.99;12840;1000;0.0;0;1.0000;0;2;27815;27815;27815
60;2014-10-14 15:28:00;909402N262;7094;27.933;45;235;236;235;235;10.107;49.99;516.1;6.626;635.7;2.539;778.0;2.795;60;0;0;10.073;10.133;10.117;2360;2367;2365;49.99;49.99;49.99;12840;1000;0.0;0;1.0000;0;2;27933;27933;27933
60;2014-10-14 15:29:00;909402N262;7274;28.054;45;235;236;235;235;10.366;50.00;513.2;6.825;634.5;2.620;777.1;2.872;60;0;0;10.330;10.386;10.384;2420;2426;2426;50.00;50.00;50.00;12840;1000;0.0;0;1.0000;0;2;28054;28054;28054
60;2014-10-14 15:30:00;909402N262;7214;28.174;45;235;236;235;235;10.281;49.99;510.9;6.785;632.6;2.602;774.2;2.862;60;0;0;10.240;10.311;10.292;2400;2406;2406;49.99;49.99;49.99;12840;1000;0.0;0;1.0000;0;2;28174;28174;28174
60;2014-10-14 15:31:00;909402N262;7180;28.294;45;235;236;235;235;10.234;49.99;501.9;6.870;625.9;2.638;772.4;2.907;60;0;0;10.196;10.266;10.242;2390;2398;2392;49.99;49.99;49.99;12840;1000;0.0;0;1.0000;0;2;28294;28294;28294
60;2014-10-14 15:32:00;909402N262;7357;28.417;46;235;236;235;235;10.490;50.00;507.2;6.959;629.8;2.672;770.2;2.944;60;0;0;10.449;10.526;10.497;2446;2457;2452;50.00;50.00;50.00;12840;1000;0.0;0;1.0000;0;2;28417;28417;28417
60;2014-10-14 15:33:00;909402N262;7349;28.540;46;235;235;235;235;10.479;49.99;505.9;6.970;628.6;2.674;768.2;2.947;60;0;0;10.438;10.504;10.496;2442;2452;2454;49.99;49.99;49.99;12840;1000;0.0;0;1.0000;0;2;28540;28540;28540
60;2014-10-14 15:34:00;909402N262;7366;28.662;46;235;235;236;236;10.487;49.99;504.9;6.994;627.3;2.687;766.8;2.961;60;0;0;10.397;10.554;10.511;2426;2475;2463;49.99;49.99;49.99;12840;1000;0.0;0;1.0000;0;2;28662;28662;28662
60;2014-10-14 15:35:00;909402N262;7422;28.786;46;236;235;236;236;10.560;49.99;503.2;7.063;626.0;2.716;765.0;2.996;60;0;0;10.478;10.619;10.584;2448;2491;2481;49.99;49.99;49.99;12840;1000;0.0;0;1.0000;0;2;28786;28786;28786
60;2014-10-14 15:36:00;909402N262;7432;28.910;46;236;235;236;236;10.578;49.98;501.2;7.093;624.4;2.732;763.9;3.006;60;0;0;10.501;10.646;10.588;2453;2496;2481;49.98;49.98;49.98;12840;1000;0.0;0;1.0000;0;2;28910;28910;28910
60;2014-10-14 15:37:00;909402N262;7527;29.036;46;236;236;236;236;10.726;49.99;499.8;7.193;623.9;2.771;762.7;3.053;60;0;0;10.657;10.779;10.742;2489;2522;2514;49.99;49.99;49.99;12840;1000;0.0;0;1.0000;0;2;29036;29036;29036
60;2014-10-14 15:38:00;909402N262;7487;29.160;46;236;236;236;236;10.645;49.99;498.6;7.171;622.6;2.764;761.3;3.043;60;0;0;10.584;10.676;10.677;2478;2499;2507;49.99;49.99;49.99;12840;1000;0.0;0;1.0000;0;2;29160;29160;29160
60;2014-10-14 15:39:00;909402N262;7375;29.284;46;235;235;235;236;10.497;49.99;497.7;7.070;621.8;2.729;759.6;3.002;60;0;0;10.444;10.517;10.532;2444;2457;2472;49.99;49.99;49.99;12840;1000;0.0;0;1.0000;0;2;29284;29284;29284
60;2014-10-14 15:40:00;909402N262;7178;29.403;46;235;235;235;236;10.231;50.00;497.1;6.898;621.2;2.660;757.9;2.922;60;0;0;10.168;10.257;10.270;2375;2394;2408;50.00;50.00;50.00;12840;1000;0.0;0;1.0000;0;2;29403;29403;29403
60;2014-10-14 15:41:00;909402N262;7199;29.523;46;235;235;235;236;10.253;49.99;496.3;6.932;620.0;2.673;756.9;2.931;60;0;0;10.177;10.297;10.286;2379;2405;2412;49.99;49.99;49.99;12840;1000;0.0;0;1.0000;0;2;29523;29523;29523
60;2014-10-14 15:42:00;909402N262;6964;29.639;46;236;235;236;236;9.902;49.99;496.7;6.713;619.2;2.594;755.2;2.829;60;0;0;9.822;9.962;9.923;2298;2337;2327;49.99;49.99;49.99;12840;1000;0.0;0;1.0000;0;2;29639;29639;29639
60;2014-10-14 15:43:00;909402N262;7238;29.759;46;236;235;236;236;10.287;50.00;495.4;6.995;619.1;2.689;756.1;2.947;60;0;0;10.212;10.343;10.306;2391;2427;2418;50.00;50.00;50.00;12840;1000;0.0;0;1.0000;0;2;29759;29759;29759
60;2014-10-14 15:44:00;909402N262;5882;29.858;46;235;235;236;236;8.405;50.00;496.4;5.696;616.1;2.194;751.9;2.382;60;0;0;8.327;8.462;8.426;1941;1972;1967;50.00;50.00;50.00;12840;1000;0.0;0;1.0000;0;2;29858;29858;29858
60;2014-10-14 15:45:00;909402N262;7262;29.979;46;236;236;236;236;10.329;50.00;496.3;7.032;618.6;2.693;757.0;2.950;60;0;0;10.264;10.378;10.347;2403;2436;2423;50.00;50.00;50.00;12840;1000;0.0;0;1.0000;0;2;29979;29979;29979
60;2014-10-14 15:46:00;909402N262;5954;30.077;46;236;236;236;236;8.481;50.01;490.4;5.818;599.9;2.218;751.6;2.451;60;0;0;8.404;8.566;8.474;1969;2001;1982;50.01;50.01;50.01;12840;1000;0.0;0;1.0000;0;2;30077;30077;30077
60;2014-10-14 15:47:00;909402N262;3974;30.144;46;235;235;236;235;5.702;50.01;498.9;3.877;612.3;1.516;739.2;1.579;60;0;0;5.637;5.742;5.729;1306;1337;1329;50.01;50.01;50.01;12840;1000;0.0;0;1.0000;0;2;30144;30144;30144
60;2014-10-14 15:48:00;909402N262;5773;30.241;46;236;235;236;236;8.207;50.01;501.6;5.607;618.3;2.120;738.5;2.347;60;0;0;8.138;8.263;8.221;1906;1938;1928;50.01;50.01;50.01;12840;1000;0.0;0;1.0000;0;2;30241;30241;30241
60;2014-10-14 15:49:00;909402N262;4504;30.316;46;235;235;236;236;6.435;50.00;502.6;4.387;615.4;1.698;733.9;1.805;60;0;0;6.372;6.470;6.463;1481;1513;1508;50.00;50.00;50.00;12840;1000;0.0;0;1.0000;0;2;30316;30316;30316
60;2014-10-14 15:50:00;909402N262;6732;30.428;46;235;235;235;236;9.573;50.01;503.2;6.526;621.9;2.467;744.1;2.723;60;0;0;9.497;9.606;9.617;2218;2257;2256;50.01;50.01;50.01;12840;1000;0.0;0;1.0000;0;2;30428;30428;30428
60;2014-10-14 15:51:00;909402N262;6821;30.542;46;235;234;235;235;9.699;50.00;501.6;6.643;621.0;2.500;736.4;2.786;60;0;0;9.616;9.752;9.730;2247;2288;2284;50.00;50.00;50.00;12840;1000;0.0;0;1.0000;0;2;30542;30542;30542
60;2014-10-14 15:52:00;909402N262;6396;30.648;46;235;235;235;235;9.087;49.99;501.5;6.263;619.1;2.364;726.6;2.618;60;0;0;9.008;9.140;9.113;2108;2147;2140;49.99;49.99;49.99;12840;1000;0.0;0;1.0000;0;2;30648;30648;30648
60;2014-10-14 15:53:00;909402N262;6657;30.759;46;235;235;235;235;9.454;49.99;500.2;6.527;619.2;2.461;726.4;2.732;60;0;0;9.378;9.510;9.475;2196;2234;2226;49.99;49.99;49.99;12840;1000;0.0;0;1.0000;0;2;30759;30759;30759
60;2014-10-14 15:54:00;909402N262;6717;30.869;46;236;235;236;236;9.515;50.00;499.2;6.596;618.9;2.485;726.4;2.761;60;0;0;9.437;9.566;9.542;2216;2252;2248;50.00;50.00;50.00;12840;1000;0.0;0;1.0000;0;2;30869;30869;30869
60;2014-10-14 15:55:00;909402N262;6749;30.981;46;237;236;237;237;9.525;50.01;498.1;6.652;618.5;2.505;721.6;2.782;60;0;0;9.451;9.555;9.569;2227;2257;2263;50.01;50.01;50.01;12840;1000;0.0;0;1.0000;0;2;30981;30981;30981
60;2014-10-14 15:56:00;909402N262;6665;31.093;46;237;236;237;237;9.405;50.01;497.7;6.602;617.9;2.489;710.8;2.760;60;0;0;9.330;9.438;9.449;2199;2229;2234;50.01;50.01;50.01;12840;1000;0.0;0;1.0000;0;2;31093;31093;31093
60;2014-10-14 15:57:00;909402N262;6792;31.205;46;237;237;237;237;9.580;50.00;497.2;6.734;618.0;2.538;708.3;2.822;60;0;0;9.510;9.614;9.618;2244;2271;2275;50.00;50.00;50.00;12840;1000;0.0;0;1.0000;0;2;31205;31205;31205
60;2014-10-14 15:58:00;909402N262;6687;31.317;46;237;237;237;237;9.441;50.01;496.8;6.635;617.5;2.501;707.9;2.779;60;0;0;9.384;9.474;9.466;2215;2236;2233;50.01;50.01;50.01;12840;1000;0.0;0;1.0000;0;2;31317;31317;31317
60;2014-10-14 15:59:00;909402N262;6446;31.425;46;234;234;234;234;9.201;50.01;496.7;6.414;617.0;2.424;700.9;2.681;60;0;0;9.144;9.238;9.221;2135;2157;2152;50.01;50.01;50.01;12840;1000;0.0;0;1.0000;0;2;31425;31425;31425
60;2014-10-14 16:00:00;909402N262;5821;31.522;46;234;234;234;234;8.323;50.01;497.6;5.815;615.6;2.202;690.6;2.422;60;0;0;8.268;8.362;8.339;1927;1949;1943;50.01;50.01;50.01;12840;1000;0.0;0;1.0000;0;2;31522;31522;31522
[wr_ende]
