20140216;110001;danfoss;My Plant;+0100
[wr_def_start]
909402N262;Inverter Type;Inverter Group;Hanzl
[wr_def_end]
[wr]
INTERVAL;TIMESTAMP;SERIAL;P_AC;E_DAY;T_WR;U_AC;U_AC_1;U_AC_2;U_AC_3;I_AC;F_AC;U_DC_1;I_DC_1;U_DC_2;I_DC_2;U_DC_3;I_DC_3;S;E_WR;M_WR;I_AC_1;I_AC_2;I_AC_3;P_AC_1;P_AC_2;P_AC_3;F_AC_1;F_AC_2;F_AC_3;R_DC;PC;PCS;PCS_LL;COS_PHI;COS_PHI_LL;S_COS_PHI;Current_Day_Energy;current_Day_Offset;ccEnergyOfDay_WithoutOffset
60;2014-02-16 10:01:00;909402N262;3470;1.862;30;234;234;235;234;4.966;50.01;479.0;3.012;704.2;1.320;787.7;1.482;60;0;0;4.915;5.008;4.977;1143;1169;1157;50.01;50.01;50.01;29930;1000;0.0;0;0.0000;0;0;1862;1862;1526
60;2014-02-16 10:02:00;909402N262;3762;1.862;30;235;234;235;235;5.393;50.00;463.8;3.427;717.6;1.354;794.8;1.578;60;0;0;5.333;5.442;5.406;1237;1266;1256;50.00;50.00;50.00;29930;1000;0.0;0;0.0000;0;0;1862;1862;1589
60;2014-02-16 10:03:00;909402N262;3480;1.862;30;235;234;235;234;4.994;50.02;489.1;2.828;701.7;1.344;794.7;1.515;60;0;0;4.933;5.029;5.021;1143;1170;1165;50.02;50.02;50.02;29930;1000;0.0;0;0.0000;0;0;1862;1862;1648
60;2014-02-16 10:04:00;909402N262;3651;1.862;30;235;235;235;234;5.239;50.01;480.1;3.114;709.5;1.307;794.6;1.610;60;0;0;5.178;5.294;5.246;1202;1231;1216;50.01;50.01;50.01;29930;1000;0.0;0;0.0000;0;0;1862;1862;1708
60;2014-02-16 10:05:00;909402N262;2915;1.862;30;234;234;235;234;4.191;50.01;539.9;2.057;670.3;1.277;795.2;1.238;60;0;0;4.125;4.248;4.200;955;987;971;50.01;50.01;50.01;29930;1000;0.0;0;0.0000;0;0;1862;1862;1757
60;2014-02-16 10:06:00;909402N262;3137;1.862;30;235;234;235;234;4.508;50.01;575.3;1.970;692.1;1.273;794.9;1.454;60;0;0;4.442;4.562;4.520;1029;1059;1047;50.01;50.01;50.01;29930;1000;0.0;0;0.0000;0;0;1862;1862;1809
60;2014-02-16 10:07:00;909402N262;2735;1.862;31;234;234;235;234;3.940;50.00;571.6;1.826;670.6;1.191;795.0;1.159;60;0;0;3.883;3.983;3.955;897;922;914;50.00;50.00;50.00;29930;1000;0.0;0;0.0000;0;0;1862;1862;1855
60;2014-02-16 10:08:00;909402N262;2704;1.900;31;234;234;235;234;3.898;50.01;568.7;1.821;666.3;1.189;795.1;1.139;60;0;0;3.838;3.950;3.907;885;915;902;50.01;50.01;50.01;29930;1000;0.0;0;0.0000;0;0;1900;1900;1900
60;2014-02-16 10:09:00;909402N262;2770;1.946;31;234;234;235;233;3.998;49.99;581.3;1.775;679.8;1.184;795.1;1.210;60;0;0;3.946;4.051;3.999;909;937;922;49.99;49.99;49.99;29930;1000;0.0;0;0.0000;0;0;1946;1946;1946
60;2014-02-16 10:10:00;909402N262;2521;1.987;31;234;233;235;234;3.641;49.99;551.9;1.741;669.4;1.102;795.1;1.071;60;0;0;3.574;3.700;3.650;822;856;841;49.99;49.99;49.99;29930;1000;0.0;0;0.0000;0;0;1987;1987;1987
60;2014-02-16 10:11:00;909402N262;3207;2.041;31;234;234;235;234;4.611;50.01;571.6;2.082;712.0;1.153;794.9;1.587;60;0;0;4.548;4.667;4.619;1051;1086;1069;50.01;50.01;50.01;29930;1000;0.0;0;0.0000;0;0;2041;2041;2041
60;2014-02-16 10:12:00;909402N262;3023;2.092;31;234;234;235;234;4.361;50.01;524.1;2.351;684.7;1.163;794.8;1.322;60;0;0;4.293;4.432;4.360;992;1022;1007;50.01;50.01;50.01;29930;1000;0.0;0;0.0000;0;0;2092;2092;2092
60;2014-02-16 10:13:00;909402N262;2672;2.136;31;234;234;234;233;3.857;49.99;551.6;1.892;663.8;1.171;795.0;1.107;60;0;0;3.814;3.904;3.854;880;903;886;49.99;49.99;49.99;29930;1000;0.0;0;0.0000;0;0;2136;2136;2136
60;2014-02-16 10:14:00;909402N262;3439;2.194;31;234;234;234;234;4.948;50.00;556.5;2.421;704.5;1.234;794.8;1.631;60;0;0;4.895;5.003;4.948;1133;1161;1145;50.00;50.00;50.00;29930;1000;0.0;0;0.0000;0;0;2194;2194;2194
60;2014-02-16 10:15:00;909402N262;4390;2.266;31;234;234;235;234;6.288;50.00;486.4;3.948;725.6;1.295;794.3;2.010;60;0;0;6.231;6.352;6.282;1447;1481;1461;50.00;50.00;50.00;29930;1000;0.0;0;0.0000;0;0;2266;2266;2266
60;2014-02-16 10:16:00;909402N262;3328;2.323;31;234;233;234;235;4.785;49.99;485.7;2.717;685.8;1.263;793.4;1.496;60;0;0;4.706;4.845;4.804;1087;1123;1116;49.99;49.99;49.99;29930;1000;0.0;0;0.0000;0;0;2323;2323;2323
60;2014-02-16 10:17:00;909402N262;2792;2.370;31;234;233;234;235;4.011;49.99;551.3;1.974;665.9;1.213;794.8;1.172;60;0;0;3.940;4.063;4.031;910;943;937;49.99;49.99;49.99;29930;1000;0.0;0;0.0000;0;0;2370;2370;2370
60;2014-02-16 10:18:00;909402N262;2821;2.417;31;234;233;234;235;4.047;50.00;559.5;1.982;662.1;1.233;795.1;1.166;60;0;0;3.981;4.091;4.070;921;951;947;50.00;50.00;50.00;29930;1000;0.0;0;0.0000;0;0;2417;2417;2417
60;2014-02-16 10:19:00;909402N262;3610;2.477;31;234;233;235;234;5.169;50.01;585.5;2.174;712.3;1.286;794.7;1.845;60;0;0;5.104;5.226;5.178;1183;1221;1204;50.01;50.01;50.01;29930;1000;0.0;0;0.0000;0;0;2477;2477;2477
60;2014-02-16 10:20:00;909402N262;3044;2.527;31;234;233;234;234;4.372;49.99;569.0;1.957;692.3;1.174;794.3;1.444;60;0;0;4.304;4.433;4.379;995;1030;1015;49.99;49.99;49.99;29930;1000;0.0;0;0.0000;0;0;2527;2527;2527
60;2014-02-16 10:21:00;909402N262;2615;2.571;32;234;233;234;234;3.764;49.99;548.0;1.877;670.2;1.106;794.8;1.101;60;0;0;3.689;3.824;3.779;851;888;875;49.99;49.99;49.99;29930;1000;0.0;0;0.0000;0;0;2571;2571;2571
60;2014-02-16 10:22:00;909402N262;2675;2.615;32;233;233;234;234;3.853;50.00;546.6;1.931;675.1;1.105;794.6;1.138;60;0;0;3.783;3.910;3.866;872;907;895;50.00;50.00;50.00;29930;1000;0.0;0;0.0000;0;0;2615;2615;2615
60;2014-02-16 10:23:00;909402N262;2712;2.660;32;234;233;235;234;3.900;50.00;547.8;1.952;678.4;1.100;794.7;1.163;60;0;0;3.831;3.959;3.910;886;919;905;50.00;50.00;50.00;29930;1000;0.0;0;0.0000;0;0;2660;2660;2660
60;2014-02-16 10:24:00;909402N262;2861;2.709;32;234;233;234;234;4.112;50.00;561.6;2.007;679.2;1.161;794.6;1.233;60;0;0;4.046;4.165;4.126;936;968;956;50.00;50.00;50.00;29930;1000;0.0;0;0.0000;0;0;2709;2709;2709
60;2014-02-16 10:25:00;909402N262;2706;2.753;32;234;233;234;233;3.888;49.99;563.3;1.918;661.1;1.165;794.9;1.114;60;0;0;3.827;3.941;3.898;886;916;902;49.99;49.99;49.99;29930;1000;0.0;0;0.0000;0;0;2753;2753;2753
60;2014-02-16 10:26:00;909402N262;2868;2.801;32;234;234;234;233;4.118;50.00;553.6;2.072;669.8;1.201;795.0;1.195;60;0;0;4.072;4.171;4.112;944;971;951;50.00;50.00;50.00;29930;1000;0.0;0;0.0000;0;0;2801;2801;2801
60;2014-02-16 10:27:00;909402N262;2826;2.849;32;234;234;235;234;4.063;50.01;547.6;2.043;684.3;1.126;794.5;1.214;60;0;0;4.003;4.127;4.061;927;956;940;50.01;50.01;50.01;29930;1000;0.0;0;0.0000;0;0;2849;2849;2849
60;2014-02-16 10:28:00;909402N262;2396;2.889;32;234;233;235;234;3.450;50.01;560.4;1.691;660.0;1.049;794.7;0.984;60;0;0;3.386;3.499;3.466;781;812;801;50.01;50.01;50.01;29930;1000;0.0;0;0.0000;0;0;2889;2889;2889
60;2014-02-16 10:29:00;909402N262;2497;2.929;32;234;233;234;234;3.593;50.01;568.2;1.739;663.3;1.087;794.9;1.025;60;0;0;3.529;3.642;3.609;816;845;835;50.01;50.01;50.01;29930;1000;0.0;0;0.0000;0;0;2929;2929;2929
60;2014-02-16 10:30:00;909402N262;2653;2.973;32;234;233;234;234;3.814;50.02;574.0;1.817;664.7;1.157;794.6;1.095;60;0;0;3.748;3.861;3.835;867;897;887;50.02;50.02;50.02;29930;1000;0.0;0;0.0000;0;0;2973;2973;2973
60;2014-02-16 10:31:00;909402N262;3140;3.026;32;234;234;235;234;4.492;50.00;536.7;2.334;673.1;1.262;786.6;1.370;60;0;0;4.430;4.544;4.504;1028;1057;1046;50.00;50.00;50.00;29930;1000;0.0;0;0.0000;0;0;3026;3026;3026
60;2014-02-16 10:32:00;909402N262;2701;3.070;32;234;234;234;234;3.885;50.01;549.3;1.905;677.1;1.132;794.5;1.156;60;0;0;3.820;3.934;3.901;884;910;904;50.01;50.01;50.01;29930;1000;0.0;0;0.0000;0;0;3070;3070;3070
60;2014-02-16 10:33:00;909402N262;2085;3.106;32;234;234;234;234;3.014;50.01;576.4;1.413;667.0;0.916;795.2;0.856;60;0;0;2.962;3.057;3.024;681;706;697;50.01;50.01;50.01;29930;1000;0.0;0;0.0000;0;0;3106;3106;3106
60;2014-02-16 10:34:00;909402N262;2074;3.140;32;234;234;234;233;2.999;50.01;575.3;1.417;663.8;0.908;795.4;0.849;60;0;0;2.939;3.045;3.013;676;704;692;50.01;50.01;50.01;29930;1000;0.0;0;0.0000;0;0;3140;3140;3140
60;2014-02-16 10:35:00;909402N262;2559;3.183;32;234;233;234;233;3.690;50.01;546.1;1.893;680.9;1.016;794.2;1.091;60;0;0;3.620;3.743;3.707;836;867;855;50.01;50.01;50.01;29930;1000;0.0;0;0.0000;0;0;3183;3183;3183
60;2014-02-16 10:36:00;909402N262;2320;3.222;32;234;233;234;233;3.349;50.00;552.8;1.611;665.2;1.023;794.6;0.976;60;0;0;3.293;3.394;3.362;759;785;774;50.00;50.00;50.00;29930;1000;0.0;0;0.0000;0;0;3222;3222;3222
60;2014-02-16 10:37:00;909402N262;2138;3.258;32;233;233;234;233;3.093;50.00;564.5;1.449;663.5;0.951;795.0;0.892;60;0;0;3.034;3.140;3.107;697;724;715;50.00;50.00;50.00;29930;1000;0.0;0;0.0000;0;0;3258;3258;3258
60;2014-02-16 10:38:00;909402N262;1868;3.288;32;233;233;234;233;2.723;50.01;582.3;1.244;663.4;0.830;795.1;0.767;60;0;0;2.660;2.778;2.732;606;636;624;50.01;50.01;50.01;29930;1000;0.0;0;0.0000;0;0;3288;3288;3288
60;2014-02-16 10:39:00;909402N262;1633;3.315;32;233;232;234;233;2.391;50.00;583.9;1.104;662.5;0.718;795.1;0.665;60;0;0;2.333;2.450;2.392;528;559;544;50.00;50.00;50.00;29930;1000;0.0;0;0.0000;0;0;3315;3315;3315
60;2014-02-16 10:40:00;909402N262;1619;3.343;32;233;232;234;233;2.367;50.00;582.8;1.103;658.1;0.713;795.2;0.658;60;0;0;2.304;2.429;2.370;522;555;540;50.00;50.00;50.00;29930;1000;0.0;0;0.0000;0;0;3343;3343;3343
60;2014-02-16 10:41:00;909402N262;1769;3.373;32;233;233;234;233;2.582;50.00;586.4;1.197;661.5;0.773;795.2;0.721;60;0;0;2.526;2.643;2.578;574;605;588;50.00;50.00;50.00;29930;1000;0.0;0;0.0000;0;0;3373;3373;3373
60;2014-02-16 10:42:00;909402N262;1918;3.405;32;234;234;235;234;2.784;50.00;581.2;1.304;667.8;0.832;795.1;0.783;60;0;0;2.732;2.833;2.787;625;653;639;50.00;50.00;50.00;29930;1000;0.0;0;0.0000;0;0;3405;3405;3405
60;2014-02-16 10:43:00;909402N262;2101;3.439;32;234;233;234;234;3.035;50.01;581.1;1.424;671.2;0.910;795.2;0.861;60;0;0;2.977;3.072;3.056;684;710;706;50.01;50.01;50.01;29930;1000;0.0;0;0.0000;0;0;3439;3439;3439
60;2014-02-16 10:44:00;909402N262;2259;3.477;32;234;233;234;235;3.257;50.02;588.6;1.493;674.5;0.984;794.8;0.931;60;0;0;3.204;3.292;3.276;738;760;759;50.02;50.02;50.02;29930;1000;0.0;0;0.0000;0;0;3477;3477;3477
60;2014-02-16 10:45:00;909402N262;2169;3.512;33;234;233;234;234;3.131;50.02;589.6;1.417;678.2;0.947;795.1;0.896;60;0;0;3.069;3.166;3.158;706;730;731;50.02;50.02;50.02;29930;1000;0.0;0;0.0000;0;0;3512;3512;3512
60;2014-02-16 10:46:00;909402N262;1986;3.546;33;234;233;234;235;2.876;50.01;582.8;1.332;658.4;0.879;788.4;0.829;60;0;0;2.812;2.916;2.900;644;669;671;50.01;50.01;50.01;29930;1000;0.0;0;0.0000;0;0;3546;3546;3546
60;2014-02-16 10:47:00;909402N262;2225;3.583;33;234;233;234;235;3.208;50.00;589.6;1.484;677.4;0.954;794.8;0.915;60;0;0;3.139;3.243;3.242;721;750;752;50.00;50.00;50.00;29930;1000;0.0;0;0.0000;0;0;3583;3583;3583
60;2014-02-16 10:48:00;909402N262;2909;3.631;33;234;233;235;235;4.169;49.99;586.6;1.949;680.6;1.240;794.9;1.202;60;0;0;4.096;4.213;4.200;948;981;979;49.99;49.99;49.99;29930;1000;0.0;0;0.0000;0;0;3631;3631;3631
60;2014-02-16 10:49:00;909402N262;3261;3.687;33;234;233;235;235;4.667;49.99;596.6;2.096;683.8;1.414;795.1;1.360;60;0;0;4.579;4.727;4.697;1061;1100;1097;49.99;49.99;49.99;29930;1000;0.0;0;0.0000;0;0;3687;3687;3687
60;2014-02-16 10:50:00;909402N262;2578;3.729;33;234;233;234;235;3.705;49.99;586.4;1.680;679.7;1.132;794.7;1.069;60;0;0;3.631;3.755;3.730;838;870;868;49.99;49.99;49.99;29930;1000;0.0;0;0.0000;0;0;3729;3729;3729
60;2014-02-16 10:51:00;909402N262;2427;3.770;33;234;233;234;235;3.491;49.99;589.9;1.605;675.8;1.054;794.7;0.998;60;0;0;3.414;3.540;3.520;786;821;818;49.99;49.99;49.99;29930;1000;0.0;0;0.0000;0;0;3770;3770;3770
60;2014-02-16 10:52:00;909402N262;2525;3.812;33;234;233;234;235;3.625;50.00;588.3;1.660;675.2;1.102;794.9;1.045;60;0;0;3.551;3.664;3.662;820;850;852;50.00;50.00;50.00;29930;1000;0.0;0;0.0000;0;0;3812;3812;3812
60;2014-02-16 10:53:00;909402N262;2287;3.850;33;234;233;234;235;3.290;49.99;583.8;1.498;675.9;1.000;794.8;0.954;60;0;0;3.229;3.333;3.309;744;772;769;49.99;49.99;49.99;29930;1000;0.0;0;0.0000;0;0;3850;3850;3850
60;2014-02-16 10:54:00;909402N262;1997;3.884;33;234;234;234;235;2.885;49.98;581.4;1.321;673.8;0.871;795.3;0.829;60;0;0;2.830;2.928;2.898;650;675;670;49.98;49.98;49.98;29930;1000;0.0;0;0.0000;0;0;3884;3884;3884
60;2014-02-16 10:55:00;909402N262;1902;3.915;33;234;234;234;235;2.757;49.99;583.8;1.253;669.8;0.837;795.2;0.788;60;0;0;2.709;2.803;2.761;620;644;636;49.99;49.99;49.99;29930;1000;0.0;0;0.0000;0;0;3915;3915;3915
60;2014-02-16 10:56:00;909402N262;1802;3.946;33;234;234;234;235;2.619;50.00;578.0;1.198;672.1;0.793;795.2;0.747;60;0;0;2.560;2.668;2.630;585;609;606;50.00;50.00;50.00;29930;1000;0.0;0;0.0000;0;0;3946;3946;3946
60;2014-02-16 10:57:00;909402N262;1630;3.973;33;234;234;233;235;2.377;50.01;576.5;1.079;667.6;0.730;795.1;0.673;60;0;0;2.322;2.407;2.404;530;547;552;50.01;50.01;50.01;29930;1000;0.0;0;0.0000;0;0;3973;3973;3973
60;2014-02-16 10:58:00;909402N262;1471;3.997;33;234;234;233;235;2.155;50.01;573.7;0.991;661.3;0.662;795.3;0.602;60;0;0;2.108;2.185;2.172;479;495;495;50.01;50.01;50.01;29930;1000;0.0;0;0.0000;0;0;3997;3997;3997
60;2014-02-16 10:59:00;909402N262;1544;4.023;33;234;234;234;234;2.255;50.01;579.8;1.046;658.1;0.687;794.9;0.629;60;0;0;2.212;2.290;2.265;503;521;517;50.01;50.01;50.01;29930;1000;0.0;0;0.0000;0;0;4023;4023;4023
60;2014-02-16 11:00:00;909402N262;1865;4.054;33;234;234;234;234;2.707;49.99;589.5;1.247;665.7;0.816;795.1;0.761;60;0;0;2.667;2.744;2.712;611;629;623;49.99;49.99;49.99;29930;1000;0.0;0;0.0000;0;0;4054;4054;4054
[wr_ende]
