20150227;070004;danfoss;My Plant;+0100
[wr_def_start]
909402N262;Inverter Type;Inverter Group;Hanzl
[wr_def_end]
[wr]
INTERVAL;TIMESTAMP;SERIAL;P_AC;E_DAY;T_WR;U_AC;U_AC_1;U_AC_2;U_AC_3;I_AC;F_AC;U_DC_1;I_DC_1;U_DC_2;I_DC_2;U_DC_3;I_DC_3;S;E_WR;M_WR;I_AC_1;I_AC_2;I_AC_3;P_AC_1;P_AC_2;P_AC_3;F_AC_1;F_AC_2;F_AC_3;R_DC;PC;PCS;PCS_LL;COS_PHI;COS_PHI_LL;S_COS_PHI;Current_Day_Energy;current_Day_Offset;ccEnergyOfDay_WithoutOffset
60;2015-02-27 06:19:00;909402N262;0;0.000;0;0;0;0;0;0.000;0.06;0.2;0.000;0.1;0.000;0.1;0.000;30;0;0;0.000;0.000;0.000;0;0;0;0.06;0.06;0.06;14;1000;0.0;0;1.0000;0;2;0;0;46813
60;2015-02-27 06:20:00;909402N262;0;0.000;13;229;229;230;227;0.000;48.92;222.5;0.000;215.1;0.000;220.5;0.000;50;0;0;0.000;0.000;0.000;0;0;0;48.92;48.93;48.92;0;1000;0.0;0;1.0000;0;2;0;0;0
60;2015-02-27 06:21:00;909402N262;0;0.000;14;234;234;235;233;0.000;49.98;228.8;0.000;227.5;0.000;228.7;0.000;50;0;0;0.000;0.000;0.000;0;0;0;49.98;49.98;49.98;0;1000;0.0;0;1.0000;0;2;0;0;0
60;2015-02-27 06:22:00;909402N262;0;0.000;15;234;234;235;233;0.000;49.97;229.6;0.000;229.0;0.000;229.6;0.000;50;0;0;0.000;0.000;0.000;0;0;0;49.97;49.97;49.97;0;1000;0.0;0;1.0000;0;2;0;0;0
60;2015-02-27 06:23:00;909402N262;0;0.000;15;234;234;235;233;0.000;49.97;227.8;0.000;227.2;0.000;228.5;0.000;50;0;0;0.000;0.000;0.000;0;0;0;49.97;49.97;49.97;0;1000;0.0;0;1.0000;0;2;0;0;0
60;2015-02-27 06:24:00;909402N262;0;0.000;16;233;233;235;232;0.000;49.96;230.0;0.000;229.5;0.000;230.1;0.000;50;0;0;0.000;0.000;0.000;0;0;0;49.96;49.96;49.96;0;1000;0.0;0;1.0000;0;2;0;0;0
60;2015-02-27 06:25:00;909402N262;0;0.000;17;234;234;235;232;0.000;49.96;228.5;0.000;227.9;0.000;228.5;0.000;50;0;0;0.000;0.000;0.000;0;0;0;49.96;49.96;49.96;0;1000;0.0;0;1.0000;0;2;0;0;0
60;2015-02-27 06:26:00;909402N262;0;0.000;17;234;234;235;232;0.000;49.96;230.5;0.000;229.9;0.000;231.0;0.000;50;0;0;0.000;0.000;0.000;0;0;0;49.95;49.95;49.95;0;1000;0.0;0;1.0000;0;2;0;0;0
60;2015-02-27 06:27:00;909402N262;0;0.000;17;233;234;235;232;0.000;49.95;229.9;0.000;229.4;0.000;229.1;0.000;50;0;0;0.000;0.000;0.000;0;0;0;49.95;49.95;49.95;0;1000;0.0;0;1.0000;0;2;0;0;0
60;2015-02-27 06:28:00;909402N262;0;0.000;18;233;233;235;232;0.000;49.95;234.8;0.000;234.3;0.000;234.4;0.000;50;0;0;0.000;0.000;0.000;0;0;0;49.95;49.95;49.95;0;1000;0.0;0;1.0000;0;2;0;0;0
60;2015-02-27 06:29:00;909402N262;0;0.000;18;233;233;235;232;0.000;49.97;235.4;0.000;234.9;0.000;235.5;0.000;50;0;0;0.000;0.000;0.000;0;0;0;49.97;49.97;49.97;0;1000;0.0;0;1.0000;0;2;0;0;0
60;2015-02-27 06:30:00;909402N262;0;0.000;18;233;232;234;232;0.000;50.01;227.8;0.000;227.3;0.000;227.8;0.000;50;0;0;0.000;0.000;0.000;0;0;0;50.01;50.01;50.01;0;1000;0.0;0;1.0000;0;2;0;0;0
60;2015-02-27 06:31:00;909402N262;0;0.000;18;233;233;234;233;0.000;50.02;229.3;0.000;228.8;0.000;229.4;0.000;50;0;0;0.000;0.000;0.000;0;0;0;50.02;50.02;50.02;0;1000;0.0;0;1.0000;0;2;0;0;0
60;2015-02-27 06:32:00;909402N262;0;0.000;18;234;234;235;233;0.000;50.01;233.5;0.000;232.9;0.000;233.7;0.000;50;0;0;0.000;0.000;0.000;0;0;0;50.01;50.01;50.01;0;1000;0.0;0;1.0000;0;2;0;0;0
60;2015-02-27 06:33:00;909402N262;0;0.000;19;234;234;235;233;0.000;50.00;237.5;0.000;237.0;0.000;237.6;0.000;50;0;0;0.000;0.000;0.000;0;0;0;50.00;50.00;50.00;0;1000;0.0;0;1.0000;0;2;0;0;0
60;2015-02-27 06:34:00;909402N262;0;0.000;19;234;234;235;233;0.000;49.99;243.3;0.000;242.8;0.000;243.3;0.000;50;0;0;0.000;0.000;0.000;0;0;0;49.99;49.99;49.99;0;1000;0.0;0;1.0000;0;2;0;0;0
60;2015-02-27 06:35:00;909402N262;0;0.000;19;234;234;235;232;0.000;49.98;262.3;0.000;261.9;0.000;261.7;0.000;50;0;0;0.000;0.000;0.000;0;0;0;49.98;49.98;49.98;0;1000;0.0;0;1.0000;0;2;0;0;0
60;2015-02-27 06:36:00;909402N262;0;0.000;19;234;234;235;232;0.000;49.98;252.9;0.000;252.6;0.000;252.7;0.000;50;0;0;0.000;0.000;0.000;0;0;0;49.98;49.98;49.98;0;1000;0.0;0;1.0000;0;2;0;0;0
60;2015-02-27 06:37:00;909402N262;0;0.000;19;233;233;235;232;0.004;49.98;393.7;0.000;372.3;0.000;389.0;0.000;51;0;0;0.005;0.004;0.005;0;0;0;49.98;49.98;49.98;0;1000;0.0;0;1.0000;0;2;0;0;0
60;2015-02-27 06:38:00;909402N262;0;0.000;19;233;233;234;232;0.015;49.97;487.7;0.005;453.8;0.002;493.8;0.001;60;0;0;0.022;0.016;0.009;0;1;0;49.97;49.97;49.97;6584;1000;0.0;0;1.0000;0;2;0;0;0
60;2015-02-27 06:39:00;909402N262;3;0.000;19;233;233;233;233;0.347;49.96;462.0;0.015;320.3;0.007;415.9;0.003;60;0;0;0.524;0.351;0.168;2;16;4;49.96;49.96;49.96;7819;1000;0.0;0;1.0000;0;2;0;0;0
60;2015-02-27 06:40:00;909402N262;6;0.000;19;233;234;234;233;0.408;49.97;466.4;0.019;391.4;0.009;356.1;0.006;60;0;0;0.614;0.445;0.166;5;14;3;49.97;49.97;49.97;7819;1000;0.0;0;1.0000;0;2;0;0;0
60;2015-02-27 06:41:00;909402N262;11;0.000;19;233;233;234;233;0.419;49.96;477.2;0.022;442.3;0.010;463.6;0.007;60;0;0;0.551;0.501;0.206;6;20;4;49.96;49.96;49.96;7819;1000;0.0;0;1.0000;0;2;0;0;0
60;2015-02-27 06:42:00;909402N262;15;0.001;19;234;234;234;233;0.480;49.96;492.5;0.024;446.0;0.011;527.6;0.008;60;0;0;0.587;0.591;0.263;1;46;0;49.96;49.96;49.96;7819;1000;0.0;0;1.0000;0;2;1;1;1
60;2015-02-27 06:43:00;909402N262;20;0.002;19;233;234;233;234;0.485;49.98;491.5;0.028;461.2;0.013;555.6;0.011;60;0;0;0.490;0.580;0.385;0;56;1;49.98;49.98;49.98;7819;1000;0.0;0;1.0000;0;2;2;2;2
60;2015-02-27 06:44:00;909402N262;24;0.003;19;233;233;233;234;0.429;49.97;492.2;0.033;500.3;0.014;550.6;0.011;60;0;0;0.400;0.411;0.477;6;31;3;49.97;49.97;49.97;7819;1000;0.0;0;1.0000;0;2;3;3;3
60;2015-02-27 06:45:00;909402N262;28;0.003;20;233;233;233;234;0.432;49.98;491.3;0.037;490.3;0.016;534.0;0.015;60;0;0;0.421;0.516;0.361;0;50;7;49.98;49.98;49.98;7819;1000;0.0;0;1.0000;0;2;3;3;3
60;2015-02-27 06:46:00;909402N262;33;0.004;20;233;233;233;234;0.413;49.99;502.6;0.039;482.2;0.019;566.4;0.015;60;0;0;0.416;0.280;0.544;14;19;11;49.99;49.99;49.99;7819;1000;0.0;0;1.0000;0;2;4;4;4
60;2015-02-27 06:47:00;909402N262;38;0.004;20;234;233;233;235;0.419;49.99;504.3;0.044;501.7;0.020;577.5;0.018;60;0;0;0.397;0.259;0.602;17;13;12;49.99;49.99;49.99;7819;1000;0.0;0;1.0000;0;2;4;4;4
60;2015-02-27 06:48:00;909402N262;44;0.004;20;234;233;233;235;0.387;49.98;518.1;0.047;480.4;0.023;600.8;0.019;60;0;0;0.326;0.282;0.553;11;15;19;49.99;49.99;49.99;7819;1000;0.0;0;1.0000;0;2;4;4;4
60;2015-02-27 06:49:00;909402N262;49;0.004;20;234;233;234;235;0.445;49.98;517.4;0.052;502.5;0.026;630.6;0.023;60;0;0;0.367;0.402;0.566;22;16;14;49.98;49.98;49.98;7819;1000;0.0;0;1.0000;0;2;4;4;4
60;2015-02-27 06:50:00;909402N262;54;0.005;20;234;233;234;235;0.470;49.97;523.7;0.057;512.1;0.027;609.4;0.025;60;0;0;0.344;0.553;0.515;23;25;12;49.97;49.97;49.97;7819;1000;0.0;0;1.0000;0;2;5;5;5
60;2015-02-27 06:51:00;909402N262;60;0.005;20;233;233;232;235;0.451;49.97;522.9;0.062;534.1;0.030;623.8;0.027;60;0;0;0.417;0.250;0.687;37;24;4;49.97;49.97;49.97;7819;1000;0.0;0;1.0000;0;2;5;5;5
60;2015-02-27 06:52:00;909402N262;66;0.007;20;233;232;232;235;0.410;49.96;527.9;0.066;513.8;0.034;624.5;0.029;60;0;0;0.358;0.232;0.641;41;18;8;49.96;49.96;49.96;7819;1000;0.0;0;1.0000;0;2;7;7;7
60;2015-02-27 06:53:00;909402N262;72;0.008;20;233;232;232;234;0.420;49.95;527.4;0.072;527.4;0.036;639.3;0.030;60;0;0;0.389;0.232;0.640;48;13;10;49.95;49.95;49.95;7819;1000;0.0;0;1.0000;0;2;8;8;8
60;2015-02-27 06:54:00;909402N262;77;0.009;20;233;232;232;234;0.506;49.96;531.7;0.077;539.8;0.039;632.3;0.033;60;0;0;0.476;0.295;0.749;43;18;21;49.96;49.96;49.96;7819;1000;0.0;0;1.0000;0;2;9;9;9
60;2015-02-27 06:55:00;909402N262;84;0.010;20;233;233;232;234;0.426;49.97;534.1;0.082;561.1;0.039;648.2;0.035;60;0;0;0.425;0.265;0.590;38;24;21;49.97;49.97;49.97;7819;1000;0.0;0;1.0000;0;2;10;10;10
60;2015-02-27 06:56:00;909402N262;90;0.012;20;233;233;233;235;0.397;49.96;536.4;0.085;541.0;0.041;659.3;0.038;60;0;0;0.366;0.291;0.535;42;21;25;49.96;49.96;49.96;7819;1000;0.0;0;1.0000;0;2;12;12;12
60;2015-02-27 06:57:00;909402N262;96;0.014;20;233;232;233;234;0.302;49.99;537.6;0.090;556.7;0.043;670.6;0.039;60;0;0;0.286;0.284;0.336;37;31;27;49.99;49.99;49.99;7819;1000;0.0;0;1.0000;0;2;14;14;14
60;2015-02-27 06:58:00;909402N262;100;0.015;20;233;233;233;234;0.560;49.99;539.8;0.095;560.1;0.046;651.9;0.042;60;0;0;0.498;0.486;0.697;40;22;43;49.99;49.99;49.99;7819;1000;0.0;0;1.0000;0;2;15;15;15
60;2015-02-27 06:59:00;909402N262;107;0.017;20;233;232;233;234;0.283;50.01;542.4;0.099;573.4;0.046;674.2;0.042;60;0;0;0.261;0.306;0.283;35;37;33;50.01;50.01;50.01;7819;1000;0.0;0;1.0000;0;2;17;17;17
60;2015-02-27 07:00:00;909402N262;113;0.019;21;234;233;234;234;0.360;50.02;543.4;0.104;577.6;0.049;670.2;0.045;60;0;0;0.305;0.388;0.388;35;40;37;50.02;50.02;50.02;7819;1000;0.0;0;1.0000;0;2;19;19;19
[wr_ende]
