20140720;160001;danfoss;My Plant;+0100
[wr_def_start]
909402N262;Inverter Type;Inverter Group;Hanzl
[wr_def_end]
[wr]
INTERVAL;TIMESTAMP;SERIAL;P_AC;E_DAY;T_WR;U_AC;U_AC_1;U_AC_2;U_AC_3;I_AC;F_AC;U_DC_1;I_DC_1;U_DC_2;I_DC_2;U_DC_3;I_DC_3;S;E_WR;M_WR;I_AC_1;I_AC_2;I_AC_3;P_AC_1;P_AC_2;P_AC_3;F_AC_1;F_AC_2;F_AC_3;R_DC;PC;PCS;PCS_LL;COS_PHI;COS_PHI_LL;S_COS_PHI;Current_Day_Energy;current_Day_Offset;ccEnergyOfDay_WithoutOffset
60;2014-07-20 15:01:00;909402N262;3132;39.992;52;236;236;236;236;4.506;49.99;515.6;2.673;603.7;1.399;729.9;1.309;60;0;0;4.451;4.544;4.523;1033;1050;1050;49.99;49.99;49.99;6022;1000;0.0;0;0.0000;0;0;39992;39992;39992
60;2014-07-20 15:02:00;909402N262;2924;40.040;52;236;236;235;236;4.216;49.99;522.0;2.482;608.7;1.302;735.6;1.186;60;0;0;4.167;4.252;4.230;963;981;978;49.99;49.99;49.99;6022;1000;0.0;0;0.0000;0;0;40040;40040;40040
60;2014-07-20 15:03:00;909402N262;2822;40.088;52;236;236;236;236;4.065;49.99;523.0;2.413;609.7;1.247;737.0;1.130;60;0;0;4.007;4.109;4.079;926;950;945;49.99;49.99;49.99;6022;1000;0.0;0;0.0000;0;0;40088;40088;40088
60;2014-07-20 15:04:00;909402N262;2869;40.136;52;236;236;236;236;4.119;49.98;523.9;2.468;613.0;1.237;741.1;1.137;60;0;0;4.067;4.156;4.136;941;964;960;49.98;49.98;49.98;6022;1000;0.0;0;0.0000;0;0;40136;40136;40136
60;2014-07-20 15:05:00;909402N262;8446;40.277;52;237;237;237;237;11.771;49.98;519.7;6.961;628.6;3.584;767.2;3.432;60;0;0;11.736;11.799;11.780;2781;2811;2812;49.98;49.98;49.98;6022;1000;0.0;0;0.0000;0;0;40277;40277;40277
60;2014-07-20 15:06:00;909402N262;9000;40.427;52;237;237;237;237;12.664;49.98;512.3;7.443;628.0;3.804;768.7;3.836;60;0;0;12.614;12.725;12.655;2982;3016;3001;49.98;49.98;49.98;6022;1000;0.0;0;0.0000;0;0;40427;40427;40427
60;2014-07-20 15:07:00;909402N262;9249;40.580;52;237;236;237;238;13.023;49.99;507.7;7.713;624.1;3.951;764.9;3.951;60;0;0;12.925;13.132;13.014;3043;3114;3088;49.99;49.99;49.99;6022;1000;0.0;0;0.0000;0;0;40580;40580;40580
60;2014-07-20 15:08:00;909402N262;9145;40.733;52;237;236;237;238;12.885;50.00;503.8;7.671;621.0;3.922;762.5;3.945;60;0;0;12.778;12.973;12.905;3007;3074;3061;50.00;50.00;50.00;6022;1000;0.0;0;0.0000;0;0;40733;40733;40733
60;2014-07-20 15:09:00;909402N262;6995;40.849;52;237;235;237;237;10.013;50.01;503.2;5.953;610.7;2.978;748.1;3.161;60;0;0;9.890;10.098;10.051;2315;2364;2352;50.01;50.01;50.01;6022;1000;0.0;0;0.0000;0;0;40849;40849;40849
60;2014-07-20 15:10:00;909402N262;2190;40.886;52;236;234;236;237;3.185;50.00;501.4;2.020;596.1;0.950;719.4;0.883;60;0;0;3.099;3.246;3.211;705;744;739;50.00;50.00;50.00;6022;1000;0.0;0;0.0000;0;0;40886;40886;40886
60;2014-07-20 15:11:00;909402N262;4035;40.953;52;236;235;236;237;5.618;50.00;510.5;3.385;607.1;1.781;736.4;1.602;60;0;0;5.535;5.670;5.651;1290;1342;1355;50.00;50.00;50.00;6022;1000;0.0;0;0.0000;0;0;40953;40953;40953
60;2014-07-20 15:12:00;909402N262;8807;41.101;52;237;236;237;238;12.406;50.01;505.1;7.408;622.0;3.729;762.5;3.797;60;0;0;12.306;12.484;12.428;2900;2954;2951;50.01;50.01;50.01;6022;1000;0.0;0;0.0000;0;0;41101;41101;41101
60;2014-07-20 15:13:00;909402N262;8988;41.250;52;237;236;237;238;12.649;50.01;502.1;7.589;620.0;3.832;759.5;3.893;60;0;0;12.551;12.686;12.712;2959;2999;3027;50.01;50.01;50.01;6022;1000;0.0;0;0.0000;0;0;41250;41250;41250
60;2014-07-20 15:14:00;909402N262;9053;41.401;52;237;236;237;239;12.729;50.02;499.6;7.686;617.6;3.873;755.3;3.944;60;0;0;12.618;12.785;12.784;2975;3030;3046;50.02;50.02;50.02;6022;1000;0.0;0;0.0000;0;0;41401;41401;41401
60;2014-07-20 15:15:00;909402N262;8957;41.551;52;237;236;237;238;12.616;50.02;498.2;7.622;616.5;3.837;751.9;3.935;60;0;0;12.504;12.681;12.665;2948;3004;3010;50.02;50.02;50.02;6022;1000;0.0;0;0.0000;0;0;41551;41551;41551
60;2014-07-20 15:16:00;909402N262;8713;41.697;52;237;236;237;238;12.268;50.02;489.2;7.518;603.7;3.787;740.1;3.880;60;0;0;12.189;12.304;12.312;2872;2909;2927;50.02;50.02;50.02;6022;1000;0.0;0;0.0000;0;0;41697;41697;41697
60;2014-07-20 15:17:00;909402N262;8822;41.843;52;237;236;238;238;12.419;50.01;495.4;7.550;612.4;3.812;746.2;3.893;60;0;0;12.312;12.491;12.454;2903;2962;2957;50.01;50.01;50.01;6022;1000;0.0;0;0.0000;0;0;41843;41843;41843
60;2014-07-20 15:18:00;909402N262;8748;41.989;53;236;235;237;236;12.367;50.00;494.5;7.498;611.3;3.788;743.8;3.867;60;0;0;12.259;12.482;12.361;2875;2956;2912;50.00;50.00;50.00;6022;1000;0.0;0;0.0000;0;0;41989;41989;41989
60;2014-07-20 15:19:00;909402N262;8728;42.134;53;236;236;237;235;12.354;50.01;493.4;7.491;610.1;3.785;743.2;3.867;60;0;0;12.276;12.471;12.317;2887;2946;2893;50.01;50.01;50.01;6022;1000;0.0;0;0.0000;0;0;42134;42134;42134
60;2014-07-20 15:20:00;909402N262;8694;42.279;53;236;236;236;235;12.301;50.02;491.8;7.476;608.2;3.785;741.9;3.863;60;0;0;12.259;12.403;12.241;2894;2926;2873;50.02;50.02;50.02;6022;1000;0.0;0;0.0000;0;0;42279;42279;42279
60;2014-07-20 15:21:00;909402N262;8622;42.423;53;236;237;237;235;12.191;50.01;491.1;7.421;607.3;3.762;739.6;3.839;60;0;0;12.146;12.309;12.120;2869;2907;2844;50.01;50.01;50.01;6022;1000;0.0;0;0.0000;0;0;42423;42423;42423
60;2014-07-20 15:22:00;909402N262;8572;42.567;53;236;236;237;235;12.127;50.02;490.1;7.386;606.7;3.746;738.2;3.825;60;0;0;12.069;12.249;12.063;2848;2892;2829;50.02;50.02;50.02;6022;1000;0.0;0;0.0000;0;0;42567;42567;42567
60;2014-07-20 15:23:00;909402N262;8667;42.711;53;236;236;237;235;12.258;50.02;488.1;7.497;605.5;3.796;736.9;3.880;60;0;0;12.199;12.379;12.196;2880;2923;2862;50.02;50.02;50.02;6022;1000;0.0;0;0.0000;0;0;42711;42711;42711
60;2014-07-20 15:24:00;909402N262;8687;42.855;53;236;236;236;235;12.292;50.02;487.0;7.528;604.3;3.819;735.1;3.897;60;0;0;12.250;12.400;12.226;2890;2925;2867;50.03;50.02;50.02;6022;1000;0.0;0;0.0000;0;0;42855;42855;42855
60;2014-07-20 15:25:00;909402N262;8438;42.997;53;236;236;236;235;11.952;50.02;486.3;7.348;602.9;3.711;732.9;3.798;60;0;0;11.917;12.049;11.891;2811;2847;2785;50.02;50.02;50.02;6022;1000;0.0;0;0.0000;0;0;42997;42997;42997
60;2014-07-20 15:26:00;909402N262;8144;43.132;53;236;237;236;235;11.599;50.00;486.5;7.100;601.8;3.587;731.2;3.726;60;0;0;11.559;11.706;11.533;2730;2750;2688;50.00;50.00;50.00;6022;1000;0.0;0;0.0000;0;0;43132;43132;43132
60;2014-07-20 15:27:00;909402N262;6560;43.241;53;236;236;236;237;9.244;50.00;491.2;5.607;597.8;2.916;724.6;2.878;60;0;0;9.157;9.335;9.240;2165;2197;2188;50.00;50.00;50.00;6022;1000;0.0;0;0.0000;0;0;43241;43241;43241
60;2014-07-20 15:28:00;909402N262;7804;43.371;53;237;237;237;237;11.025;50.00;489.3;6.710;603.2;3.441;731.8;3.508;60;0;0;10.950;11.105;11.022;2592;2613;2603;50.00;50.00;50.00;6022;1000;0.0;0;0.0000;0;0;43371;43371;43371
60;2014-07-20 15:29:00;909402N262;8324;43.511;53;236;237;235;237;11.854;50.00;487.7;7.185;603.8;3.674;734.2;3.824;60;0;0;11.833;11.859;11.870;2789;2778;2789;50.00;50.00;50.00;6022;1000;0.0;0;0.0000;0;0;43511;43511;43511
60;2014-07-20 15:30:00;909402N262;2919;43.559;53;235;235;234;237;4.221;50.01;500.0;2.551;588.8;1.316;710.2;1.276;60;0;0;4.170;4.259;4.236;967;970;984;50.01;50.01;50.01;6022;1000;0.0;0;0.0000;0;0;43559;43559;43559
60;2014-07-20 15:31:00;909402N262;2305;43.597;53;235;235;233;237;3.345;50.01;488.6;2.112;574.9;1.056;710.0;0.986;60;0;0;3.294;3.360;3.382;757;767;781;50.01;50.01;50.01;6022;1000;0.0;0;0.0000;0;0;43597;43597;43597
60;2014-07-20 15:32:00;909402N262;2277;43.636;53;235;235;234;237;3.282;50.01;498.9;2.067;594.9;1.003;716.1;0.940;60;0;0;3.226;3.310;3.311;744;760;770;50.01;50.01;50.01;6022;1000;0.0;0;0.0000;0;0;43636;43636;43636
60;2014-07-20 15:33:00;909402N262;4580;43.712;53;235;235;234;237;6.389;50.01;509.4;3.868;609.1;2.045;733.7;1.837;60;0;0;6.356;6.372;6.441;1489;1508;1540;50.01;50.01;50.01;6022;1000;0.0;0;0.0000;0;0;43712;43712;43712
60;2014-07-20 15:34:00;909402N262;8452;43.853;52;236;236;235;237;11.918;50.01;508.4;7.067;621.4;3.596;758.0;3.641;60;0;0;11.890;11.925;11.940;2810;2804;2834;50.01;50.01;50.01;6022;1000;0.0;0;0.0000;0;0;43853;43853;43853
60;2014-07-20 15:35:00;909402N262;9003;44.002;52;236;236;235;237;12.689;50.01;503.8;7.559;619.7;3.856;757.4;3.908;60;0;0;12.670;12.693;12.706;2996;2988;3017;50.01;50.01;50.01;6022;1000;0.0;0;0.0000;0;0;44002;44002;44002
60;2014-07-20 15:36:00;909402N262;7243;44.124;52;236;236;235;237;10.376;50.02;502.7;6.193;611.2;3.114;745.3;3.248;60;0;0;10.333;10.426;10.370;2441;2419;2428;50.02;50.02;50.02;6022;1000;0.0;0;0.0000;0;0;44124;44124;44124
60;2014-07-20 15:37:00;909402N262;2449;44.165;52;235;235;234;236;3.479;50.02;499.2;2.197;595.1;1.099;719.1;0.982;60;0;0;3.429;3.515;3.494;797;815;822;50.02;50.02;50.02;6022;1000;0.0;0;0.0000;0;0;44165;44165;44165
60;2014-07-20 15:38:00;909402N262;2698;44.211;52;235;236;234;236;3.946;50.02;508.9;2.457;601.3;1.144;725.3;1.151;60;0;0;3.891;3.993;3.954;904;909;905;50.02;50.02;50.02;6022;1000;0.0;0;0.0000;0;0;44211;44211;44211
60;2014-07-20 15:39:00;909402N262;2605;44.253;52;235;236;235;236;3.719;50.02;502.9;2.352;607.0;1.102;733.8;1.051;60;0;0;3.673;3.754;3.732;857;870;873;50.02;50.02;50.02;6022;1000;0.0;0;0.0000;0;0;44253;44253;44253
60;2014-07-20 15:40:00;909402N262;7748;44.382;52;236;237;235;237;10.794;50.02;515.6;6.467;624.1;3.249;761.1;3.200;60;0;0;10.828;10.726;10.830;2564;2560;2585;50.02;50.02;50.02;6022;1000;0.0;0;0.0000;0;0;44382;44382;44382
60;2014-07-20 15:41:00;909402N262;8899;44.533;52;237;237;235;237;12.543;50.01;507.3;7.454;624.8;3.743;763.2;3.844;60;0;0;12.564;12.535;12.530;2979;2949;2970;50.01;50.01;50.01;6022;1000;0.0;0;0.0000;0;0;44533;44533;44533
60;2014-07-20 15:42:00;909402N262;8494;44.674;52;237;237;236;237;11.975;50.01;504.8;7.168;621.3;3.579;759.8;3.692;60;0;0;11.949;12.025;11.951;2829;2837;2829;50.01;50.01;50.01;6022;1000;0.0;0;0.0000;0;0;44674;44674;44674
60;2014-07-20 15:43:00;909402N262;8162;44.809;52;237;237;236;238;11.488;50.01;502.8;6.910;618.9;3.452;756.5;3.550;60;0;0;11.450;11.514;11.502;2707;2720;2731;50.01;50.01;50.01;6022;1000;0.0;0;0.0000;0;0;44809;44809;44809
60;2014-07-20 15:44:00;909402N262;8130;44.943;52;237;236;237;238;11.455;50.01;501.2;6.885;616.9;3.445;754.0;3.575;60;0;0;11.385;11.509;11.471;2689;2719;2722;50.01;50.01;50.01;6022;1000;0.0;0;0.0000;0;0;44943;44943;44943
60;2014-07-20 15:45:00;909402N262;7896;45.075;52;237;236;237;237;11.214;50.01;499.1;6.751;614.3;3.332;750.9;3.546;60;0;0;11.140;11.301;11.202;2625;2663;2644;50.01;50.01;50.01;6022;1000;0.0;0;0.0000;0;0;45075;45075;45075
60;2014-07-20 15:46:00;909402N262;5367;45.164;52;236;235;236;237;7.447;50.02;504.4;4.569;593.5;2.313;740.3;2.327;60;0;0;7.400;7.431;7.512;1743;1792;1801;50.02;50.02;50.02;6022;1000;0.0;0;0.0000;0;0;45164;45164;45164
60;2014-07-20 15:47:00;909402N262;7926;45.296;52;237;236;236;238;11.167;50.02;500.9;6.740;615.1;3.368;751.9;3.464;60;0;0;11.111;11.173;11.219;2619;2634;2665;50.02;50.02;50.02;6022;1000;0.0;0;0.0000;0;0;45296;45296;45296
60;2014-07-20 15:48:00;909402N262;8156;45.432;52;236;236;235;238;11.515;50.01;499.3;6.945;614.3;3.475;750.5;3.585;60;0;0;11.476;11.504;11.566;2707;2701;2746;50.01;50.01;50.01;6022;1000;0.0;0;0.0000;0;0;45432;45432;45432
60;2014-07-20 15:49:00;909402N262;8041;45.565;52;236;236;235;238;11.355;50.01;498.9;6.861;614.0;3.426;749.0;3.535;60;0;0;11.323;11.342;11.401;2671;2663;2704;50.01;50.01;50.01;6022;1000;0.0;0;0.0000;0;0;45565;45565;45565
60;2014-07-20 15:50:00;909402N262;8071;45.699;52;236;236;234;238;11.413;50.02;497.8;6.898;613.3;3.447;747.1;3.562;60;0;0;11.390;11.364;11.486;2688;2658;2726;50.02;50.02;50.02;6022;1000;0.0;0;0.0000;0;0;45699;45699;45699
60;2014-07-20 15:51:00;909402N262;7904;45.832;52;236;236;235;238;11.156;50.01;497.5;6.762;613.0;3.381;745.9;3.481;60;0;0;11.113;11.141;11.215;2621;2615;2663;50.01;50.01;50.01;6022;1000;0.0;0;0.0000;0;0;45832;45832;45832
60;2014-07-20 15:52:00;909402N262;8256;45.969;53;237;236;236;238;11.642;50.01;497.1;7.063;612.8;3.537;745.6;3.643;60;0;0;11.583;11.669;11.675;2733;2751;2769;50.01;50.01;50.01;6022;1000;0.0;0;0.0000;0;0;45969;45969;45969
60;2014-07-20 15:53:00;909402N262;8106;46.104;53;237;236;237;238;11.438;50.01;496.8;6.948;612.1;3.475;744.0;3.590;60;0;0;11.369;11.465;11.480;2676;2705;2725;50.01;50.01;50.01;6022;1000;0.0;0;0.0000;0;0;46104;46104;46104
60;2014-07-20 15:54:00;909402N262;8054;46.238;53;237;236;237;238;11.353;50.02;497.1;6.897;611.6;3.450;743.8;3.558;60;0;0;11.274;11.377;11.409;2654;2687;2708;50.02;50.02;50.02;6022;1000;0.0;0;0.0000;0;0;46238;46238;46238
60;2014-07-20 15:55:00;909402N262;8223;46.376;53;237;236;237;238;11.591;50.01;495.9;7.049;611.4;3.527;744.0;3.642;60;0;0;11.520;11.616;11.639;2715;2744;2762;50.01;50.01;50.01;6022;1000;0.0;0;0.0000;0;0;46376;46376;46376
60;2014-07-20 15:56:00;909402N262;8145;46.511;53;237;237;237;238;11.479;50.00;495.5;6.987;610.4;3.504;742.6;3.611;60;0;0;11.414;11.521;11.503;2694;2722;2727;50.00;50.00;50.00;6022;1000;0.0;0;0.0000;0;0;46511;46511;46511
60;2014-07-20 15:57:00;909402N262;8094;46.646;53;237;237;237;238;11.398;50.02;496.2;6.951;610.7;3.476;741.5;3.602;60;0;0;11.317;11.448;11.431;2673;2712;2712;50.02;50.02;50.02;6022;1000;0.0;0;0.0000;0;0;46646;46646;46646
60;2014-07-20 15:58:00;909402N262;6072;46.748;53;236;235;235;237;8.623;50.02;501.9;5.267;606.4;2.632;732.9;2.650;60;0;0;8.566;8.649;8.655;2006;2023;2042;50.02;50.02;50.02;6022;1000;0.0;0;0.0000;0;0;46748;46748;46748
60;2014-07-20 15:59:00;909402N262;3663;46.809;53;234;234;232;235;5.345;50.02;503.1;3.179;598.2;1.544;724.1;1.627;60;0;0;5.292;5.359;5.386;1218;1216;1232;50.02;50.02;50.02;6022;1000;0.0;0;0.0000;0;0;46809;46809;46809
60;2014-07-20 16:00:00;909402N262;6600;46.919;53;234;234;233;236;9.378;50.03;505.3;5.621;612.9;2.835;744.5;2.828;60;0;0;9.347;9.378;9.409;2178;2185;2220;50.03;50.03;50.03;6022;1000;0.0;0;0.0000;0;0;46919;46919;46919
[wr_ende]
