20140619;160004;danfoss;My Plant;+0100
[wr_def_start]
909402N262;Inverter Type;Inverter Group;Hanzl
[wr_def_end]
[wr]
INTERVAL;TIMESTAMP;SERIAL;P_AC;E_DAY;T_WR;U_AC;U_AC_1;U_AC_2;U_AC_3;I_AC;F_AC;U_DC_1;I_DC_1;U_DC_2;I_DC_2;U_DC_3;I_DC_3;S;E_WR;M_WR;I_AC_1;I_AC_2;I_AC_3;P_AC_1;P_AC_2;P_AC_3;F_AC_1;F_AC_2;F_AC_3;R_DC;PC;PCS;PCS_LL;COS_PHI;COS_PHI_LL;S_COS_PHI;Current_Day_Energy;current_Day_Offset;ccEnergyOfDay_WithoutOffset
60;2014-06-19 15:01:00;909402N262;9018;35.049;51;237;237;237;237;12.652;49.99;501.7;7.045;594.3;4.198;728.9;4.351;60;0;0;12.626;12.652;12.679;2993;3010;3015;49.99;49.99;49.99;11111;1000;0.0;0;0.0000;0;0;35049;35049;35049
60;2014-06-19 15:02:00;909402N262;6991;35.166;51;236;236;236;237;9.933;49.99;502.6;5.334;606.2;3.088;732.9;3.493;60;0;0;9.872;10.006;9.922;2327;2339;2335;49.99;49.99;49.99;11111;1000;0.0;0;0.0000;0;0;35166;35166;35166
60;2014-06-19 15:03:00;909402N262;6596;35.275;51;236;236;236;237;9.359;49.98;503.8;5.010;607.7;2.880;732.8;3.316;60;0;0;9.329;9.371;9.379;2191;2197;2207;49.98;49.98;49.98;11111;1000;0.0;0;0.0000;0;0;35275;35275;35275
60;2014-06-19 15:04:00;909402N262;7753;35.404;51;236;236;236;237;10.886;49.98;503.2;6.114;605.6;3.653;729.7;3.494;60;0;0;10.855;10.891;10.912;2563;2575;2591;49.98;49.98;49.98;11111;1000;0.0;0;0.0000;0;0;35404;35404;35404
60;2014-06-19 15:05:00;909402N262;7738;35.534;51;236;236;236;237;10.918;50.01;502.3;6.006;605.3;3.626;733.0;3.607;60;0;0;10.901;10.906;10.947;2569;2574;2589;50.01;50.01;50.01;11111;1000;0.0;0;0.0000;0;0;35534;35534;35534
60;2014-06-19 15:06:00;909402N262;9926;35.699;51;237;237;237;237;14.037;50.00;497.7;7.743;605.6;4.776;734.7;4.579;60;0;0;13.991;14.097;14.025;3316;3314;3312;50.00;50.00;50.00;11111;1000;0.0;0;0.0000;0;0;35699;35699;35699
60;2014-06-19 15:07:00;909402N262;10499;35.874;51;237;237;237;237;14.696;50.00;494.1;8.114;601.9;4.897;736.1;5.001;60;0;0;14.664;14.707;14.719;3471;3489;3509;50.00;50.00;50.00;11111;1000;0.0;0;0.0000;0;0;35874;35874;35874
60;2014-06-19 15:08:00;909402N262;11578;36.067;51;237;237;237;237;16.293;49.99;488.6;8.968;600.1;5.425;735.2;5.649;60;0;0;16.269;16.317;16.293;3853;3857;3865;49.99;49.99;49.99;11111;1000;0.0;0;0.0000;0;0;36067;36067;36067
60;2014-06-19 15:09:00;909402N262;8944;36.217;51;236;236;236;237;12.731;50.00;491.9;7.007;598.3;4.301;727.0;4.323;60;0;0;12.680;12.787;12.728;2992;2990;2991;50.00;50.00;50.00;11111;1000;0.0;0;0.0000;0;0;36217;36217;36217
60;2014-06-19 15:10:00;909402N262;9762;36.379;51;236;237;236;236;13.778;49.99;491.4;7.666;596.8;4.746;728.1;4.574;60;0;0;13.754;13.814;13.768;3256;3263;3242;49.99;49.99;49.99;11111;1000;0.0;0;0.0000;0;0;36379;36379;36379
60;2014-06-19 15:11:00;909402N262;10138;36.543;51;236;237;236;236;14.243;49.99;488.7;7.866;596.1;4.720;730.8;4.980;60;0;0;14.255;14.250;14.225;3373;3388;3363;49.99;49.99;49.99;11111;1000;0.0;0;0.0000;0;0;36543;36543;36543
60;2014-06-19 15:12:00;909402N262;11111;36.728;51;237;238;236;236;15.675;49.99;485.6;8.658;594.9;5.239;729.2;5.501;60;0;0;15.690;15.733;15.604;3725;3712;3682;49.99;49.99;49.99;11111;1000;0.0;0;0.0000;0;0;36728;36728;36728
60;2014-06-19 15:13:00;909402N262;10493;36.902;51;237;237;236;236;14.750;49.99;485.5;8.143;595.6;4.801;727.8;5.308;60;0;0;14.786;14.752;14.714;3504;3493;3481;49.99;49.99;49.99;11111;1000;0.0;0;0.0000;0;0;36902;36902;36902
60;2014-06-19 15:14:00;909402N262;8264;37.040;51;236;237;236;236;11.654;50.01;490.0;6.367;594.9;3.842;720.2;4.109;60;0;0;11.648;11.682;11.634;2758;2755;2735;50.01;50.01;50.01;11111;1000;0.0;0;0.0000;0;0;37040;37040;37040
60;2014-06-19 15:15:00;909402N262;7813;37.169;52;236;237;236;235;11.039;50.01;492.0;6.059;599.4;3.566;720.7;3.917;60;0;0;11.043;11.056;11.019;2605;2604;2592;50.01;50.01;50.01;11111;1000;0.0;0;0.0000;0;0;37169;37169;37169
60;2014-06-19 15:16:00;909402N262;5986;37.270;52;236;236;236;235;8.539;50.00;491.9;4.658;586.1;2.798;716.3;3.022;60;0;0;8.495;8.620;8.503;1999;2009;1985;50.00;50.00;50.00;11111;1000;0.0;0;0.0000;0;0;37270;37270;37270
60;2014-06-19 15:17:00;909402N262;5984;37.368;52;236;236;236;235;8.373;50.01;499.6;4.625;600.5;2.722;717.4;2.859;60;0;0;8.325;8.421;8.375;1959;1987;1990;50.01;50.01;50.01;11111;1000;0.0;0;0.0000;0;0;37368;37368;37368
60;2014-06-19 15:18:00;909402N262;8653;37.513;51;236;237;236;236;12.232;50.01;500.7;6.586;609.1;3.945;728.3;4.277;60;0;0;12.233;12.267;12.196;2903;2887;2873;50.01;50.01;50.01;11111;1000;0.0;0;0.0000;0;0;37513;37513;37513
60;2014-06-19 15:19:00;909402N262;11475;37.704;51;237;238;236;237;16.108;50.02;491.6;8.779;607.5;5.192;733.7;5.721;60;0;0;16.165;16.087;16.073;3844;3805;3812;50.02;50.02;50.02;11111;1000;0.0;0;0.0000;0;0;37704;37704;37704
60;2014-06-19 15:20:00;909402N262;9892;37.869;51;237;237;235;238;13.934;50.01;491.7;7.629;599.1;4.725;721.1;4.786;60;0;0;13.895;13.991;13.917;3297;3266;3325;50.01;50.01;50.01;11111;1000;0.0;0;0.0000;0;0;37869;37869;37869
60;2014-06-19 15:21:00;909402N262;5443;37.962;52;236;236;235;237;7.789;50.00;495.0;4.341;593.9;2.728;706.8;2.532;60;0;0;7.736;7.835;7.797;1822;1813;1822;50.00;50.00;50.00;11111;1000;0.0;0;0.0000;0;0;37962;37962;37962
60;2014-06-19 15:22:00;909402N262;4462;38.037;52;236;236;235;237;6.328;50.01;501.5;3.623;595.9;2.257;707.8;1.927;60;0;0;6.291;6.330;6.363;1477;1480;1501;50.01;50.01;50.01;11111;1000;0.0;0;0.0000;0;0;38037;38037;38037
60;2014-06-19 15:23:00;909402N262;4057;38.103;51;236;236;235;236;5.688;50.01;502.1;3.158;596.1;1.833;712.2;1.922;60;0;0;5.620;5.728;5.717;1325;1345;1357;50.01;50.01;50.01;11111;1000;0.0;0;0.0000;0;0;38103;38103;38103
60;2014-06-19 15:24:00;909402N262;10827;38.282;51;237;237;237;237;15.182;50.00;499.3;8.290;608.9;5.049;736.6;5.138;60;0;0;15.162;15.221;15.164;3599;3609;3602;50.00;50.00;50.00;11111;1000;0.0;0;0.0000;0;0;38282;38282;38282
60;2014-06-19 15:25:00;909402N262;11381;38.474;51;237;237;237;237;15.995;50.00;492.4;8.775;605.0;5.358;735.1;5.485;60;0;0;15.957;16.034;15.994;3783;3799;3798;50.00;50.00;50.00;11111;1000;0.0;0;0.0000;0;0;38474;38474;38474
60;2014-06-19 15:26:00;909402N262;10074;38.643;51;237;237;236;237;14.182;50.00;492.3;7.825;601.6;4.805;728.9;4.850;60;0;0;14.169;14.167;14.212;3357;3356;3367;50.00;50.00;50.00;11111;1000;0.0;0;0.0000;0;0;38643;38643;38643
60;2014-06-19 15:27:00;909402N262;10185;38.814;51;237;237;237;237;14.346;50.00;489.8;7.853;601.4;4.681;730.7;5.074;60;0;0;14.314;14.373;14.352;3388;3400;3400;50.00;50.00;50.00;11111;1000;0.0;0;0.0000;0;0;38814;38814;38814
60;2014-06-19 15:28:00;909402N262;10528;38.989;52;237;237;237;237;14.793;50.00;488.2;8.184;599.1;4.939;729.4;5.157;60;0;0;14.761;14.844;14.776;3499;3523;3504;50.00;50.00;50.00;11111;1000;0.0;0;0.0000;0;0;38989;38989;38989
60;2014-06-19 15:29:00;909402N262;10461;39.163;52;237;237;238;237;14.686;50.00;486.9;8.162;597.0;4.958;728.3;5.104;60;0;0;14.642;14.739;14.678;3476;3501;3483;50.00;50.00;50.00;11111;1000;0.0;0;0.0000;0;0;39163;39163;39163
60;2014-06-19 15:30:00;909402N262;7283;39.286;52;237;237;237;237;10.360;50.00;492.9;5.637;598.7;3.321;721.4;3.701;60;0;0;10.305;10.420;10.357;2436;2458;2430;50.00;50.00;50.00;11111;1000;0.0;0;0.0000;0;0;39286;39286;39286
60;2014-06-19 15:31:00;909402N262;7883;39.417;52;237;237;236;237;11.028;50.01;491.1;6.198;584.9;3.672;725.0;3.883;60;0;0;11.012;10.944;11.130;2611;2611;2647;50.01;50.01;50.01;11111;1000;0.0;0;0.0000;0;0;39417;39417;39417
60;2014-06-19 15:32:00;909402N262;9913;39.581;52;237;237;236;238;13.952;49.99;492.8;7.665;600.6;4.569;731.6;4.864;60;0;0;13.937;13.931;13.990;3302;3287;3324;49.99;49.99;49.99;11111;1000;0.0;0;0.0000;0;0;39581;39581;39581
60;2014-06-19 15:33:00;909402N262;10195;39.752;52;237;237;236;238;14.343;49.99;492.1;7.919;599.4;4.754;731.1;4.962;60;0;0;14.337;14.323;14.370;3399;3383;3412;49.99;49.99;49.99;11111;1000;0.0;0;0.0000;0;0;39752;39752;39752
60;2014-06-19 15:34:00;909402N262;10015;39.918;52;237;237;237;238;14.074;50.00;491.7;7.796;598.8;4.670;729.7;4.876;60;0;0;14.045;14.083;14.096;3330;3334;3350;50.00;50.00;50.00;11111;1000;0.0;0;0.0000;0;0;39918;39918;39918
60;2014-06-19 15:35:00;909402N262;9813;40.083;52;237;237;237;237;13.802;50.01;492.0;7.651;598.4;4.574;728.4;4.781;60;0;0;13.760;13.833;13.815;3258;3277;3275;50.01;50.01;50.01;11111;1000;0.0;0;0.0000;0;0;40083;40083;40083
60;2014-06-19 15:36:00;909402N262;9748;40.246;52;237;237;237;237;13.716;50.00;491.9;7.612;598.3;4.540;728.4;4.746;60;0;0;13.668;13.776;13.704;3234;3265;3247;50.00;50.00;50.00;11111;1000;0.0;0;0.0000;0;0;40246;40246;40246
60;2014-06-19 15:37:00;909402N262;9759;40.408;52;237;237;237;237;13.727;50.01;493.3;7.612;599.5;4.534;728.1;4.744;60;0;0;13.678;13.784;13.720;3237;3268;3253;50.01;50.01;50.01;11111;1000;0.0;0;0.0000;0;0;40408;40408;40408
60;2014-06-19 15:38:00;909402N262;9738;40.569;52;237;237;237;237;13.697;50.00;492.9;7.603;599.2;4.526;727.6;4.735;60;0;0;13.632;13.752;13.707;3226;3260;3252;50.00;50.00;50.00;11111;1000;0.0;0;0.0000;0;0;40569;40569;40569
60;2014-06-19 15:39:00;909402N262;9715;40.732;52;237;236;237;237;13.674;49.99;492.8;7.592;598.8;4.516;727.5;4.725;60;0;0;13.611;13.745;13.667;3219;3255;3237;49.99;49.99;49.99;11111;1000;0.0;0;0.0000;0;0;40732;40732;40732
60;2014-06-19 15:40:00;909402N262;9677;40.894;52;237;237;237;237;13.619;50.00;492.7;7.569;598.4;4.495;727.5;4.707;60;0;0;13.573;13.666;13.620;3212;3236;3227;50.00;50.00;50.00;11111;1000;0.0;0;0.0000;0;0;40894;40894;40894
60;2014-06-19 15:41:00;909402N262;9622;41.053;52;237;237;236;237;13.551;50.00;492.1;7.534;597.9;4.471;727.4;4.687;60;0;0;13.517;13.581;13.556;3198;3212;3212;50.00;50.00;50.00;11111;1000;0.0;0;0.0000;0;0;41053;41053;41053
60;2014-06-19 15:42:00;909402N262;9576;41.213;52;237;237;237;237;13.485;50.00;491.9;7.505;597.9;4.447;727.4;4.662;60;0;0;13.450;13.520;13.485;3183;3197;3195;50.00;50.00;50.00;11111;1000;0.0;0;0.0000;0;0;41213;41213;41213
60;2014-06-19 15:43:00;909402N262;9507;41.372;52;237;237;237;237;13.376;50.02;492.3;7.449;598.4;4.408;728.3;4.621;60;0;0;13.337;13.404;13.387;3156;3172;3177;50.02;50.02;50.02;11111;1000;0.0;0;0.0000;0;0;41372;41372;41372
60;2014-06-19 15:44:00;909402N262;9469;41.529;52;237;237;237;237;13.316;50.01;492.0;7.423;598.2;4.390;728.2;4.603;60;0;0;13.279;13.351;13.320;3144;3161;3161;50.01;50.01;50.01;11111;1000;0.0;0;0.0000;0;0;41529;41529;41529
60;2014-06-19 15:45:00;909402N262;9449;41.687;52;237;237;237;237;13.283;50.00;491.8;7.412;598.7;4.384;727.6;4.594;60;0;0;13.239;13.313;13.298;3135;3154;3157;50.00;50.00;50.00;11111;1000;0.0;0;0.0000;0;0;41687;41687;41687
60;2014-06-19 15:46:00;909402N262;9326;41.842;52;237;237;237;237;13.102;50.01;487.5;7.389;595.6;4.365;716.8;4.575;60;0;0;13.067;13.112;13.129;3095;3111;3118;50.01;50.01;50.01;11111;1000;0.0;0;0.0000;0;0;41842;41842;41842
60;2014-06-19 15:47:00;909402N262;9414;41.999;52;237;237;237;237;13.238;49.99;490.0;7.404;597.8;4.372;727.4;4.580;60;0;0;13.194;13.270;13.252;3124;3143;3144;49.99;49.99;49.99;11111;1000;0.0;0;0.0000;0;0;41999;41999;41999
60;2014-06-19 15:48:00;909402N262;9501;42.159;52;237;237;236;237;13.363;50.01;489.5;7.472;597.9;4.411;728.2;4.624;60;0;0;13.317;13.376;13.398;3153;3162;3184;50.01;50.01;50.01;11111;1000;0.0;0;0.0000;0;0;42159;42159;42159
60;2014-06-19 15:49:00;909402N262;8267;42.295;52;237;237;236;237;11.623;50.01;492.5;6.427;596.9;3.802;723.6;4.062;60;0;0;11.572;11.614;11.685;2743;2746;2777;50.01;50.01;50.01;11111;1000;0.0;0;0.0000;0;0;42295;42295;42295
60;2014-06-19 15:50:00;909402N262;9466;42.454;52;237;237;236;238;13.329;50.00;489.9;7.469;599.1;4.411;727.5;4.576;60;0;0;13.306;13.299;13.382;3153;3136;3180;50.00;50.00;50.00;11111;1000;0.0;0;0.0000;0;0;42454;42454;42454
60;2014-06-19 15:51:00;909402N262;7314;42.576;52;236;236;235;237;10.415;49.98;493.8;5.794;595.8;3.438;718.2;3.564;60;0;0;10.400;10.432;10.413;2453;2430;2450;49.98;49.98;49.98;11111;1000;0.0;0;0.0000;0;0;42576;42576;42576
60;2014-06-19 15:52:00;909402N262;7309;42.696;52;236;236;236;237;10.181;49.99;498.1;5.709;597.5;3.283;722.5;3.539;60;0;0;10.201;10.099;10.245;2407;2425;2440;49.99;49.99;49.99;11111;1000;0.0;0;0.0000;0;0;42696;42696;42696
60;2014-06-19 15:53:00;909402N262;9469;42.854;52;236;236;236;236;13.377;50.01;493.6;7.400;601.0;4.364;732.3;4.583;60;0;0;13.340;13.424;13.369;3147;3166;3155;50.01;50.01;50.01;11111;1000;0.0;0;0.0000;0;0;42854;42854;42854
60;2014-06-19 15:54:00;909402N262;9485;43.013;52;236;236;236;236;13.399;50.00;492.6;7.430;600.2;4.377;731.6;4.598;60;0;0;13.361;13.429;13.408;3151;3165;3167;50.00;50.00;50.00;11111;1000;0.0;0;0.0000;0;0;43013;43013;43013
60;2014-06-19 15:55:00;909402N262;9433;43.167;52;236;236;236;236;13.327;50.01;491.9;7.400;599.2;4.362;730.4;4.580;60;0;0;13.289;13.355;13.337;3135;3147;3150;50.01;50.01;50.01;11111;1000;0.0;0;0.0000;0;0;43167;43167;43167
60;2014-06-19 15:56:00;909402N262;4697;43.246;52;235;235;235;235;6.815;50.01;487.3;3.766;578.3;2.221;700.5;2.336;60;0;0;6.770;6.832;6.845;1584;1600;1572;50.01;50.01;50.01;11111;1000;0.0;0;0.0000;0;0;43246;43246;43246
60;2014-06-19 15:57:00;909402N262;1376;43.269;52;235;234;235;235;2.032;49.99;490.0;1.221;565.1;0.661;672.2;0.634;60;0;0;1.971;2.058;2.067;444;468;463;49.99;49.99;49.99;11111;1000;0.0;0;0.0000;0;0;43269;43269;43269
60;2014-06-19 15:58:00;909402N262;1594;43.295;52;235;235;235;235;2.313;50.01;497.8;1.362;575.5;0.739;689.6;0.730;60;0;0;2.254;2.341;2.345;515;537;536;50.01;50.01;50.01;11111;1000;0.0;0;0.0000;0;0;43295;43295;43295
60;2014-06-19 15:59:00;909402N262;5580;43.388;52;236;236;235;236;7.843;50.01;519.0;4.337;605.0;2.686;724.8;2.368;60;0;0;7.809;7.853;7.867;1830;1854;1865;50.01;50.01;50.01;11111;1000;0.0;0;0.0000;0;0;43388;43388;43388
60;2014-06-19 16:00:00;909402N262;9434;43.545;52;236;236;236;237;13.272;50.00;509.4;7.234;614.1;4.218;744.1;4.453;60;0;0;13.242;13.278;13.296;3125;3138;3151;50.00;50.00;50.00;11111;1000;0.0;0;0.0000;0;0;43545;43545;43545
[wr_ende]
