20141029;090001;danfoss;My Plant;+0100
[wr_def_start]
909402N262;Inverter Type;Inverter Group;Hanzl
[wr_def_end]
[wr]
INTERVAL;TIMESTAMP;SERIAL;P_AC;E_DAY;T_WR;U_AC;U_AC_1;U_AC_2;U_AC_3;I_AC;F_AC;U_DC_1;I_DC_1;U_DC_2;I_DC_2;U_DC_3;I_DC_3;S;E_WR;M_WR;I_AC_1;I_AC_2;I_AC_3;P_AC_1;P_AC_2;P_AC_3;F_AC_1;F_AC_2;F_AC_3;R_DC;PC;PCS;PCS_LL;COS_PHI;COS_PHI_LL;S_COS_PHI;Current_Day_Energy;current_Day_Offset;ccEnergyOfDay_WithoutOffset
60;2014-10-29 08:01:00;909402N262;881;0.362;27;232;232;231;234;1.679;50.03;578.0;0.656;653.1;0.348;768.1;0.371;60;0;0;1.633;1.700;1.705;278;297;301;50.03;50.03;50.03;6775;1000;0.0;0;1.0000;0;2;362;362;362
60;2014-10-29 08:02:00;909402N262;896;0.376;27;232;231;232;234;1.696;50.03;583.1;0.660;669.5;0.345;767.9;0.373;60;0;0;1.652;1.715;1.721;285;303;306;50.03;50.03;50.03;6775;1000;0.0;0;1.0000;0;2;376;376;376
60;2014-10-29 08:03:00;909402N262;899;0.391;27;232;231;232;234;1.697;50.03;582.6;0.664;669.7;0.345;767.4;0.374;60;0;0;1.652;1.714;1.727;285;304;308;50.03;50.03;50.03;6775;1000;0.0;0;1.0000;0;2;391;391;391
60;2014-10-29 08:04:00;909402N262;899;0.406;27;232;231;231;234;1.697;50.03;581.7;0.666;669.3;0.343;767.9;0.374;60;0;0;1.653;1.715;1.724;285;304;307;50.03;50.03;50.03;6775;1000;0.0;0;1.0000;0;2;406;406;406
60;2014-10-29 08:05:00;909402N262;891;0.421;28;232;231;231;234;1.691;50.02;582.5;0.662;668.6;0.340;770.0;0.370;60;0;0;1.647;1.707;1.720;283;301;305;50.02;50.02;50.02;6775;1000;0.0;0;1.0000;0;2;421;421;421
60;2014-10-29 08:06:00;909402N262;881;0.436;28;232;231;230;234;1.681;50.01;586.9;0.651;668.5;0.335;769.1;0.366;60;0;0;1.631;1.698;1.716;278;298;304;50.01;50.01;50.01;6775;1000;0.0;0;1.0000;0;2;436;436;436
60;2014-10-29 08:07:00;909402N262;873;0.451;28;232;231;230;234;1.672;50.01;589.8;0.642;667.9;0.333;769.3;0.362;60;0;0;1.623;1.687;1.708;275;295;301;50.01;50.01;50.01;6775;1000;0.0;0;1.0000;0;2;451;451;451
60;2014-10-29 08:08:00;909402N262;868;0.466;28;231;231;230;234;1.667;50.01;607.5;0.619;667.1;0.331;767.4;0.360;60;0;0;1.620;1.683;1.700;274;293;299;50.01;50.01;50.01;6775;1000;0.0;0;1.0000;0;2;466;466;466
60;2014-10-29 08:09:00;909402N262;861;0.480;28;231;231;229;234;1.662;50.00;607.3;0.615;668.8;0.329;766.6;0.357;60;0;0;1.618;1.667;1.701;273;288;297;50.00;50.00;50.00;6775;1000;0.0;0;1.0000;0;2;480;480;480
60;2014-10-29 08:10:00;909402N262;856;0.494;28;231;231;229;233;1.655;50.00;603.2;0.615;669.0;0.327;765.9;0.356;60;0;0;1.614;1.660;1.691;272;286;295;50.00;50.00;50.00;6775;1000;0.0;0;1.0000;0;2;494;494;494
60;2014-10-29 08:11:00;909402N262;847;0.508;28;231;231;229;232;1.644;50.00;605.2;0.606;668.7;0.325;767.1;0.352;60;0;0;1.608;1.657;1.669;271;286;289;50.00;50.00;50.00;6775;1000;0.0;0;1.0000;0;2;508;508;508
60;2014-10-29 08:12:00;909402N262;840;0.522;28;231;231;229;233;1.639;50.01;605.4;0.600;668.5;0.322;767.4;0.348;60;0;0;1.599;1.651;1.667;268;283;287;50.01;50.01;50.01;6775;1000;0.0;0;1.0000;0;2;522;522;522
60;2014-10-29 08:13:00;909402N262;848;0.536;28;231;231;230;233;1.647;50.01;604.9;0.605;667.9;0.326;766.6;0.353;60;0;0;1.605;1.659;1.679;270;285;291;50.01;50.01;50.01;6775;1000;0.0;0;1.0000;0;2;536;536;536
60;2014-10-29 08:14:00;909402N262;869;0.551;28;231;231;229;233;1.668;49.99;605.4;0.617;666.8;0.336;769.0;0.360;60;0;0;1.627;1.671;1.706;277;290;300;49.99;49.99;49.99;6775;1000;0.0;0;1.0000;0;2;551;551;551
60;2014-10-29 08:15:00;909402N262;895;0.566;28;231;231;228;234;1.697;49.99;606.7;0.633;667.2;0.346;771.5;0.369;60;0;0;1.658;1.697;1.736;286;297;309;49.99;49.99;49.99;6775;1000;0.0;0;1.0000;0;2;566;566;566
60;2014-10-29 08:16:00;909402N262;910;0.580;28;231;232;229;233;1.704;49.98;602.6;0.651;648.2;0.362;765.4;0.380;60;0;0;1.668;1.705;1.739;292;303;313;49.98;49.98;49.98;6775;1000;0.0;0;1.0000;0;2;580;580;580
60;2014-10-29 08:17:00;909402N262;946;0.597;28;231;232;229;233;1.752;49.98;607.7;0.667;669.0;0.366;770.6;0.391;60;0;0;1.718;1.755;1.785;304;315;325;49.98;49.98;49.98;6775;1000;0.0;0;1.0000;0;2;597;597;597
60;2014-10-29 08:18:00;909402N262;964;0.612;29;231;232;229;233;1.772;49.97;607.7;0.680;668.6;0.373;771.1;0.399;60;0;0;1.735;1.778;1.805;310;322;330;49.97;49.97;49.97;6775;1000;0.0;0;1.0000;0;2;612;612;612
60;2014-10-29 08:19:00;909402N262;975;0.629;29;231;231;230;233;1.784;49.97;607.5;0.687;669.1;0.377;770.4;0.404;60;0;0;1.747;1.790;1.816;313;326;333;49.97;49.97;49.97;6775;1000;0.0;0;1.0000;0;2;629;629;629
60;2014-10-29 08:20:00;909402N262;979;0.644;29;232;232;230;234;1.791;49.98;606.3;0.692;667.9;0.379;771.5;0.406;60;0;0;1.750;1.797;1.827;313;328;336;49.98;49.98;49.98;6775;1000;0.0;0;1.0000;0;2;644;644;644
60;2014-10-29 08:21:00;909402N262;985;0.661;29;232;232;229;235;1.795;49.99;605.3;0.696;667.7;0.381;770.9;0.409;60;0;0;1.754;1.797;1.835;315;328;339;49.99;49.99;49.99;6775;1000;0.0;0;1.0000;0;2;661;661;661
60;2014-10-29 08:22:00;909402N262;993;0.678;29;232;232;229;235;1.804;49.99;604.5;0.703;668.1;0.385;769.8;0.413;60;0;0;1.758;1.807;1.848;317;331;343;49.99;49.99;49.99;6775;1000;0.0;0;1.0000;0;2;678;678;678
60;2014-10-29 08:23:00;909402N262;1007;0.695;29;232;232;229;235;1.820;49.98;603.6;0.712;667.6;0.391;770.4;0.419;60;0;0;1.775;1.826;1.860;322;336;347;49.98;49.98;49.98;6775;1000;0.0;0;1.0000;0;2;695;695;695
60;2014-10-29 08:24:00;909402N262;1024;0.713;29;232;231;231;234;1.839;49.97;602.7;0.725;667.8;0.397;770.7;0.425;60;0;0;1.790;1.855;1.874;326;346;350;49.97;49.97;49.97;6775;1000;0.0;0;1.0000;0;2;713;713;713
60;2014-10-29 08:25:00;909402N262;1043;0.729;29;232;231;231;233;1.862;49.98;602.6;0.740;668.2;0.405;770.5;0.433;60;0;0;1.809;1.882;1.896;332;353;356;49.98;49.98;49.98;6775;1000;0.0;0;1.0000;0;2;729;729;729
60;2014-10-29 08:26:00;909402N262;1059;0.747;29;232;232;231;233;1.880;49.98;602.5;0.753;668.3;0.410;770.4;0.440;60;0;0;1.839;1.896;1.907;340;357;359;49.99;49.99;49.99;6775;1000;0.0;0;1.0000;0;2;747;747;747
60;2014-10-29 08:27:00;909402N262;1068;0.766;29;232;232;231;233;1.892;49.98;602.5;0.761;668.3;0.412;770.5;0.444;60;0;0;1.853;1.905;1.918;344;359;363;49.98;49.98;49.98;6775;1000;0.0;0;1.0000;0;2;766;766;766
60;2014-10-29 08:28:00;909402N262;1073;0.783;29;232;232;231;233;1.898;49.99;602.5;0.767;668.2;0.413;770.8;0.446;60;0;0;1.858;1.913;1.924;345;362;364;49.99;49.99;49.99;6775;1000;0.0;0;1.0000;0;2;783;783;783
60;2014-10-29 08:29:00;909402N262;1074;0.801;29;232;232;230;233;1.898;49.98;602.5;0.769;667.8;0.414;770.4;0.446;60;0;0;1.854;1.911;1.929;345;361;366;49.98;49.98;49.98;6775;1000;0.0;0;1.0000;0;2;801;801;801
60;2014-10-29 08:30:00;909402N262;1075;0.819;29;231;232;230;233;1.901;49.99;602.6;0.771;667.6;0.413;770.0;0.446;60;0;0;1.863;1.907;1.933;347;359;367;49.99;49.99;49.99;6775;1000;0.0;0;1.0000;0;2;819;819;819
60;2014-10-29 08:31:00;909402N262;1070;0.837;29;231;231;229;233;1.890;49.98;598.7;0.775;661.0;0.418;761.7;0.449;60;0;0;1.847;1.899;1.925;344;358;366;49.98;49.98;49.98;6775;1000;0.0;0;1.0000;0;2;837;837;837
60;2014-10-29 08:32:00;909402N262;1091;0.855;30;231;231;229;233;1.922;49.99;603.7;0.781;668.0;0.420;769.0;0.452;60;0;0;1.876;1.933;1.957;350;365;374;49.99;49.99;49.99;6775;1000;0.0;0;1.0000;0;2;855;855;855
60;2014-10-29 08:33:00;909402N262;1102;0.874;30;231;231;230;233;1.933;50.00;604.3;0.787;668.2;0.424;769.7;0.456;60;0;0;1.886;1.944;1.969;353;369;378;50.00;50.00;50.00;6775;1000;0.0;0;1.0000;0;2;874;874;874
60;2014-10-29 08:34:00;909402N262;1120;0.892;30;231;231;229;233;1.953;49.99;605.6;0.796;668.2;0.431;769.8;0.464;60;0;0;1.907;1.960;1.992;359;374;384;49.99;49.99;49.99;6775;1000;0.0;0;1.0000;0;2;892;892;892
60;2014-10-29 08:35:00;909402N262;1142;0.912;30;231;231;230;233;1.979;49.98;606.2;0.809;668.7;0.440;770.1;0.474;60;0;0;1.932;1.991;2.015;367;383;390;49.98;49.98;49.98;6775;1000;0.0;0;1.0000;0;2;912;912;912
60;2014-10-29 08:36:00;909402N262;1171;0.930;30;231;231;231;233;2.016;49.98;593.6;0.847;669.2;0.452;771.2;0.486;60;0;0;1.962;2.036;2.050;375;395;399;49.98;49.98;49.98;6775;1000;0.0;0;1.0000;0;2;930;930;930
60;2014-10-29 08:37:00;909402N262;1209;0.950;30;232;231;231;233;2.060;49.99;584.3;0.887;670.1;0.467;772.3;0.502;60;0;0;2.008;2.077;2.096;388;407;412;49.99;49.99;49.99;6775;1000;0.0;0;1.0000;0;2;950;950;950
60;2014-10-29 08:38:00;909402N262;1261;0.971;30;232;231;230;234;2.126;49.98;582.8;0.926;671.3;0.487;775.9;0.522;60;0;0;2.073;2.140;2.166;406;422;431;49.98;49.98;49.98;6775;1000;0.0;0;1.0000;0;2;971;971;971
60;2014-10-29 08:39:00;909402N262;1322;0.994;30;231;231;230;233;2.204;49.99;584.5;0.967;671.8;0.511;773.9;0.547;60;0;0;2.148;2.218;2.247;426;442;453;49.99;49.99;49.99;6775;1000;0.0;0;1.0000;0;2;994;994;994
60;2014-10-29 08:40:00;909402N262;1389;1.017;30;231;231;230;233;2.289;49.99;583.7;1.017;672.7;0.537;775.7;0.574;60;0;0;2.235;2.308;2.324;449;466;473;49.99;49.99;49.99;6775;1000;0.0;0;1.0000;0;2;1017;1017;1017
60;2014-10-29 08:41:00;909402N262;1459;1.042;30;231;231;230;233;2.375;49.98;586.7;1.064;673.7;0.564;775.5;0.602;60;0;0;2.320;2.390;2.415;472;488;497;49.98;49.98;49.98;6775;1000;0.0;0;1.0000;0;2;1042;1042;1042
60;2014-10-29 08:42:00;909402N262;1525;1.067;30;231;231;230;233;2.457;49.99;590.9;1.104;674.7;0.590;775.8;0.626;60;0;0;2.398;2.478;2.496;493;511;519;49.99;49.99;49.99;6775;1000;0.0;0;1.0000;0;2;1067;1067;1067
60;2014-10-29 08:43:00;909402N262;1580;1.093;30;231;231;231;233;2.530;49.99;596.0;1.135;675.3;0.615;776.4;0.646;60;0;0;2.469;2.563;2.559;510;533;535;49.99;49.99;49.99;6775;1000;0.0;0;1.0000;0;2;1093;1093;1093
60;2014-10-29 08:44:00;909402N262;1627;1.120;30;232;231;231;233;2.590;49.99;601.0;1.157;677.3;0.636;777.0;0.661;60;0;0;2.529;2.625;2.617;526;548;550;49.99;49.99;49.99;6775;1000;0.0;0;1.0000;0;2;1120;1120;1120
60;2014-10-29 08:45:00;909402N262;1668;1.147;30;232;231;231;233;2.642;49.99;606.4;1.170;678.3;0.660;778.2;0.673;60;0;0;2.578;2.671;2.679;539;561;566;49.99;49.99;49.99;6775;1000;0.0;0;1.0000;0;2;1147;1147;1147
60;2014-10-29 08:46:00;909402N262;1683;1.176;30;232;231;231;233;2.658;50.00;601.2;1.188;669.6;0.679;777.8;0.684;60;0;0;2.591;2.689;2.695;543;566;573;50.00;50.00;50.00;6775;1000;0.0;0;1.0000;0;2;1176;1176;1176
60;2014-10-29 08:47:00;909402N262;1713;1.206;30;232;231;230;234;2.701;49.99;604.2;1.200;679.3;0.681;778.5;0.691;60;0;0;2.633;2.729;2.743;552;575;584;49.99;49.99;49.99;6775;1000;0.0;0;1.0000;0;2;1206;1206;1206
60;2014-10-29 08:48:00;909402N262;1726;1.233;31;232;231;231;233;2.719;49.99;587.2;1.244;679.6;0.686;778.1;0.699;60;0;0;2.647;2.754;2.756;556;582;587;49.99;49.99;49.99;6775;1000;0.0;0;1.0000;0;2;1233;1233;1233
60;2014-10-29 08:49:00;909402N262;1821;1.265;31;231;231;231;233;2.839;49.99;590.8;1.279;688.4;0.753;783.8;0.717;60;0;0;2.770;2.873;2.874;588;614;617;49.99;49.99;49.99;6775;1000;0.0;0;1.0000;0;2;1265;1265;1265
60;2014-10-29 08:50:00;909402N262;2019;1.298;31;231;231;230;233;3.084;49.98;604.3;1.335;702.0;0.887;795.2;0.763;60;0;0;3.018;3.112;3.123;655;677;685;49.98;49.98;49.98;6775;1000;0.0;0;1.0000;0;2;1298;1298;1298
60;2014-10-29 08:51:00;909402N262;2087;1.333;31;232;231;231;233;3.172;49.98;596.3;1.399;703.5;0.913;795.2;0.791;60;0;0;3.110;3.206;3.200;678;702;705;49.98;49.98;49.98;6775;1000;0.0;0;1.0000;0;2;1333;1333;1333
60;2014-10-29 08:52:00;909402N262;1945;1.364;31;232;231;231;233;2.985;49.98;603.3;1.334;682.0;0.818;794.7;0.752;60;0;0;2.915;3.020;3.020;630;655;659;49.98;49.98;49.98;6775;1000;0.0;0;1.0000;0;2;1364;1364;1364
60;2014-10-29 08:53:00;909402N262;1973;1.397;31;232;231;231;234;3.017;49.97;594.4;1.351;700.0;0.835;795.0;0.758;60;0;0;2.951;3.036;3.064;639;659;673;49.97;49.97;49.97;6775;1000;0.0;0;1.0000;0;2;1397;1397;1397
60;2014-10-29 08:54:00;909402N262;1939;1.430;31;232;231;231;234;2.970;49.99;575.9;1.380;699.7;0.812;794.9;0.744;60;0;0;2.900;2.999;3.012;627;651;659;49.99;49.99;49.99;6775;1000;0.0;0;1.0000;0;2;1430;1430;1430
60;2014-10-29 08:55:00;909402N262;1921;1.462;31;232;231;231;234;2.945;49.98;573.4;1.383;706.5;0.790;795.0;0.737;60;0;0;2.873;2.972;2.990;620;645;654;49.98;49.98;49.98;6775;1000;0.0;0;1.0000;0;2;1462;1462;1462
60;2014-10-29 08:56:00;909402N262;2032;1.497;31;232;231;232;233;3.094;49.97;567.8;1.490;725.9;0.800;795.4;0.782;60;0;0;3.025;3.134;3.123;658;686;686;49.97;49.97;49.97;6775;1000;0.0;0;1.0000;0;2;1497;1497;1497
60;2014-10-29 08:57:00;909402N262;2032;1.530;31;232;232;232;233;3.093;49.98;567.0;1.511;726.5;0.781;795.4;0.787;60;0;0;3.023;3.134;3.123;659;686;685;49.98;49.98;49.98;6775;1000;0.0;0;1.0000;0;2;1530;1530;1530
60;2014-10-29 08:58:00;909402N262;1968;1.563;31;232;232;232;233;3.008;49.98;565.0;1.488;723.7;0.742;795.1;0.764;60;0;0;2.944;3.046;3.035;639;663;663;49.98;49.98;49.98;6775;1000;0.0;0;1.0000;0;2;1563;1563;1563
60;2014-10-29 08:59:00;909402N262;1876;1.595;31;232;232;232;233;2.881;49.99;564.8;1.433;722.3;0.692;795.0;0.731;60;0;0;2.822;2.915;2.908;609;632;633;49.99;49.99;49.99;6775;1000;0.0;0;1.0000;0;2;1595;1595;1595
60;2014-10-29 09:00:00;909402N262;1746;1.622;31;232;232;232;233;2.709;50.00;565.2;1.344;725.6;0.628;795.2;0.686;60;0;0;2.653;2.745;2.729;568;589;588;50.00;50.00;50.00;6775;1000;0.0;0;1.0000;0;2;1622;1622;1622
[wr_ende]
