20140622;220001;danfoss;My Plant;+0100
[wr_def_start]
909402N262;Inverter Type;Inverter Group;Hanzl
[wr_def_end]
[wr]
INTERVAL;TIMESTAMP;SERIAL;P_AC;E_DAY;T_WR;U_AC;U_AC_1;U_AC_2;U_AC_3;I_AC;F_AC;U_DC_1;I_DC_1;U_DC_2;I_DC_2;U_DC_3;I_DC_3;S;E_WR;M_WR;I_AC_1;I_AC_2;I_AC_3;P_AC_1;P_AC_2;P_AC_3;F_AC_1;F_AC_2;F_AC_3;R_DC;PC;PCS;PCS_LL;COS_PHI;COS_PHI_LL;S_COS_PHI;Current_Day_Energy;current_Day_Offset;ccEnergyOfDay_WithoutOffset
60;2014-06-22 21:01:00;909402N262;0;74.144;41;233;233;234;232;0.000;49.97;236.1;0.000;235.6;0.000;237.0;0.000;50;0;0;0.000;0.000;0.000;0;0;0;49.97;49.97;49.97;11353;1000;0.0;0;0.0000;0;0;74144;74144;74144
60;2014-06-22 21:02:00;909402N262;0;74.144;40;233;233;234;232;0.000;49.98;233.6;0.000;233.0;0.000;233.5;0.000;50;0;0;0.000;0.000;0.000;0;0;0;49.98;49.98;49.98;11353;1000;0.0;0;0.0000;0;0;74144;74144;74144
60;2014-06-22 21:03:00;909402N262;0;74.144;40;233;233;234;232;0.000;49.97;230.4;0.000;229.9;0.000;230.5;0.000;50;0;0;0.000;0.000;0.000;0;0;0;49.97;49.97;49.97;11353;1000;0.0;0;0.0000;0;0;74144;74144;74144
60;2014-06-22 21:04:00;909402N262;0;74.144;40;233;233;234;231;0.000;49.97;229.1;0.000;228.5;0.000;229.1;0.000;50;0;0;0.000;0.000;0.000;0;0;0;49.97;49.97;49.97;11353;1000;0.0;0;0.0000;0;0;74144;74144;74144
60;2014-06-22 21:05:00;909402N262;0;74.144;39;232;233;234;231;0.000;49.98;226.1;0.000;225.5;0.000;226.7;0.000;50;0;0;0.000;0.000;0.000;0;0;0;49.98;49.98;49.98;11353;1000;0.0;0;0.0000;0;0;74144;74144;74144
60;2014-06-22 21:06:00;909402N262;0;74.144;39;232;233;233;231;0.000;49.98;234.0;0.000;233.4;0.000;233.7;0.000;50;0;0;0.000;0.000;0.000;0;0;0;49.98;49.98;49.98;11353;1000;0.0;0;0.0000;0;0;74144;74144;74144
60;2014-06-22 21:07:00;909402N262;0;74.144;39;234;234;235;233;0.000;49.98;235.4;0.000;234.8;0.000;235.6;0.000;50;0;0;0.000;0.000;0.000;0;0;0;49.98;49.98;49.98;11353;1000;0.0;0;0.0000;0;0;74144;74144;74144
60;2014-06-22 21:08:00;909402N262;0;74.144;39;235;235;236;234;0.000;49.98;232.3;0.000;231.8;0.000;232.3;0.000;50;0;0;0.000;0.000;0.000;0;0;0;49.98;49.98;49.98;11353;1000;0.0;0;0.0000;0;0;74144;74144;74144
60;2014-06-22 21:09:00;909402N262;0;74.144;38;235;235;236;234;0.000;49.97;228.7;0.000;228.1;0.000;228.7;0.000;50;0;0;0.000;0.000;0.000;0;0;0;49.97;49.97;49.97;11353;1000;0.0;0;0.0000;0;0;74144;74144;74144
60;2014-06-22 21:10:00;909402N262;0;74.144;38;235;235;236;233;0.000;49.97;230.3;0.000;229.8;0.000;230.1;0.000;50;0;0;0.000;0.000;0.000;0;0;0;49.97;49.97;49.97;11353;1000;0.0;0;0.0000;0;0;74144;74144;74144
60;2014-06-22 21:11:00;909402N262;0;74.144;38;235;235;236;234;0.000;49.97;227.8;0.000;227.2;0.000;227.8;0.000;50;0;0;0.000;0.000;0.000;0;0;0;49.97;49.97;49.97;11353;1000;0.0;0;0.0000;0;0;74144;74144;74144
60;2014-06-22 21:12:00;909402N262;0;74.144;38;235;235;236;234;0.000;49.96;229.7;0.000;229.1;0.000;229.5;0.000;50;0;0;0.000;0.000;0.000;0;0;0;49.96;49.96;49.96;11353;1000;0.0;0;0.0000;0;0;74144;74144;74144
60;2014-06-22 21:13:00;909402N262;0;74.144;37;234;234;236;234;0.000;49.96;228.0;0.000;227.4;0.000;227.9;0.000;50;0;0;0.000;0.000;0.000;0;0;0;49.96;49.96;49.96;11353;1000;0.0;0;0.0000;0;0;74144;74144;74144
60;2014-06-22 21:14:00;909402N262;0;74.144;37;234;235;235;233;0.000;49.97;228.2;0.000;227.7;0.000;228.2;0.000;50;0;0;0.000;0.000;0.000;0;0;0;49.97;49.97;49.97;11353;1000;0.0;0;0.0000;0;0;74144;74144;74144
60;2014-06-22 21:15:00;909402N262;0;74.144;37;234;234;235;233;0.000;49.97;228.7;0.000;228.1;0.000;228.6;0.000;50;0;0;0.000;0.000;0.000;0;0;0;49.97;49.97;49.97;11353;1000;0.0;0;0.0000;0;0;74144;74144;74144
60;2014-06-22 21:16:00;909402N262;0;74.144;37;234;235;235;233;0.000;49.99;228.3;0.000;227.7;0.000;228.3;0.000;50;0;0;0.000;0.000;0.000;0;0;0;49.99;49.99;49.99;11353;1000;0.0;0;0.0000;0;0;74144;74144;74144
60;2014-06-22 21:17:00;909402N262;0;74.144;37;234;235;236;233;0.000;50.00;227.5;0.000;227.0;0.000;227.5;0.000;50;0;0;0.000;0.000;0.000;0;0;0;50.00;50.00;50.00;11353;1000;0.0;0;0.0000;0;0;74144;74144;74144
60;2014-06-22 21:18:00;909402N262;0;74.144;37;234;234;235;233;0.000;50.00;230.4;0.000;229.1;0.000;230.4;0.000;50;0;0;0.000;0.000;0.000;0;0;0;50.00;50.00;50.00;11353;1000;0.0;0;0.0000;0;0;74144;74144;74144
60;2014-06-22 21:19:00;909402N262;0;74.144;36;234;234;235;233;0.000;49.99;229.7;0.000;222.7;0.000;229.7;0.000;50;0;0;0.000;0.000;0.000;0;0;0;49.99;49.99;49.99;11353;1000;0.0;0;0.0000;0;0;74144;74144;74144
60;2014-06-22 21:20:00;909402N262;0;74.144;36;234;234;235;233;0.000;50.00;242.8;0.000;213.1;0.000;238.1;0.000;50;0;0;0.000;0.000;0.000;0;0;0;50.00;50.00;50.00;11353;1000;0.0;0;0.0000;0;0;74144;74144;74144
60;2014-06-22 21:21:00;909402N262;0;74.144;36;234;234;235;233;0.000;50.00;240.7;0.000;198.6;0.000;221.3;0.000;50;0;0;0.000;0.000;0.000;0;0;0;50.00;50.00;50.00;11353;1000;0.0;0;0.0000;0;0;74144;74144;74144
60;2014-06-22 21:22:00;909402N262;0;74.144;36;234;234;235;233;0.000;50.00;231.9;0.000;184.3;0.000;203.4;0.000;50;0;0;0.000;0.000;0.000;0;0;0;50.00;50.00;50.00;11353;1000;0.0;0;0.0000;0;0;74144;74144;74144
60;2014-06-22 21:23:00;909402N262;0;74.144;36;234;234;235;233;0.000;50.00;220.5;0.000;170.7;0.000;186.2;0.000;50;0;0;0.000;0.000;0.000;0;0;0;50.00;50.00;50.00;11353;1000;0.0;0;0.0000;0;0;74144;74144;74144
[wr_ende]
