20140702;100000;danfoss;My Plant;+0100
[wr_def_start]
909402N262;Inverter Type;Inverter Group;Hanzl
[wr_def_end]
[wr]
INTERVAL;TIMESTAMP;SERIAL;P_AC;E_DAY;T_WR;U_AC;U_AC_1;U_AC_2;U_AC_3;I_AC;F_AC;U_DC_1;I_DC_1;U_DC_2;I_DC_2;U_DC_3;I_DC_3;S;E_WR;M_WR;I_AC_1;I_AC_2;I_AC_3;P_AC_1;P_AC_2;P_AC_3;F_AC_1;F_AC_2;F_AC_3;R_DC;PC;PCS;PCS_LL;COS_PHI;COS_PHI_LL;S_COS_PHI;Current_Day_Energy;current_Day_Offset;ccEnergyOfDay_WithoutOffset
60;2014-07-02 09:01:00;909402N262;765;1.288;37;234;235;234;233;1.149;49.98;543.8;0.685;605.1;0.512;673.8;0.274;60;0;0;1.109;1.186;1.154;245;263;256;49.98;49.98;49.98;8292;1000;0.0;0;0.0000;0;0;1288;1288;1288
60;2014-07-02 09:02:00;909402N262;1047;1.306;37;234;235;234;233;1.539;50.00;339.8;1.220;290.9;1.638;658.3;0.285;60;0;0;1.500;1.574;1.545;340;357;348;50.00;50.00;50.00;8292;1000;0.0;0;0.0000;0;0;1306;1306;1306
60;2014-07-02 09:03:00;909402N262;1113;1.324;37;234;235;234;233;1.617;50.02;339.3;1.250;314.1;1.695;646.4;0.293;60;0;0;1.576;1.648;1.627;362;378;372;50.02;50.02;50.02;8292;1000;0.0;0;0.0000;0;0;1324;1324;1324
60;2014-07-02 09:04:00;909402N262;1173;1.344;37;234;235;234;233;1.698;50.02;339.4;1.278;336.0;1.729;650.6;0.294;60;0;0;1.657;1.729;1.708;381;398;392;50.02;50.02;50.02;8292;1000;0.0;0;0.0000;0;0;1344;1344;1344
60;2014-07-02 09:05:00;909402N262;1228;1.364;37;234;235;234;233;1.815;50.02;339.3;1.306;361.0;1.733;651.8;0.294;60;0;0;1.783;1.841;1.822;400;419;407;50.02;50.02;50.02;8292;1000;0.0;0;0.0000;0;0;1364;1364;1364
60;2014-07-02 09:06:00;909402N262;1266;1.384;37;234;235;235;232;1.866;50.02;338.9;1.334;369.7;1.769;648.7;0.297;60;0;0;1.827;1.904;1.868;411;434;419;50.02;50.02;50.02;8292;1000;0.0;0;0.0000;0;0;1384;1384;1384
60;2014-07-02 09:07:00;909402N262;1311;1.408;37;234;235;235;232;1.930;50.02;338.8;1.365;386.3;1.781;648.5;0.298;60;0;0;1.891;1.977;1.923;426;452;431;50.02;50.02;50.02;8292;1000;0.0;0;0.0000;0;0;1408;1408;1408
60;2014-07-02 09:08:00;909402N262;1359;1.429;37;234;236;235;232;1.990;50.01;338.8;1.396;399.6;1.813;649.6;0.299;60;0;0;1.960;2.026;1.985;443;466;448;50.01;50.01;50.01;8292;1000;0.0;0;0.0000;0;0;1429;1429;1429
60;2014-07-02 09:09:00;909402N262;1391;1.453;37;235;236;236;234;2.031;50.02;338.6;1.429;407.2;1.830;646.3;0.301;60;0;0;1.994;2.056;2.044;453;474;462;50.02;50.02;50.02;8292;1000;0.0;0;0.0000;0;0;1453;1453;1453
60;2014-07-02 09:10:00;909402N262;1423;1.476;37;235;236;235;234;2.078;50.00;338.5;1.461;414.8;1.849;646.8;0.301;60;0;0;2.042;2.096;2.097;463;484;474;50.00;50.00;50.00;8292;1000;0.0;0;0.0000;0;0;1476;1476;1476
60;2014-07-02 09:11:00;909402N262;1459;1.501;37;235;236;235;234;2.123;50.01;338.1;1.497;423.2;1.866;648.7;0.302;60;0;0;2.087;2.149;2.134;475;496;486;50.01;50.01;50.01;8292;1000;0.0;0;0.0000;0;0;1501;1501;1501
60;2014-07-02 09:12:00;909402N262;1489;1.525;37;235;236;236;235;2.160;50.02;338.4;1.530;428.3;1.881;651.4;0.304;60;0;0;2.128;2.186;2.166;484;506;498;50.02;50.02;50.02;8292;1000;0.0;0;0.0000;0;0;1525;1525;1525
60;2014-07-02 09:13:00;909402N262;1579;1.552;37;236;236;236;236;2.270;50.01;421.7;1.402;433.2;1.895;655.6;0.306;60;0;0;2.233;2.296;2.283;513;535;529;50.01;50.01;50.01;8292;1000;0.0;0;0.0000;0;0;1552;1552;1552
60;2014-07-02 09:14:00;909402N262;1647;1.579;37;236;236;236;236;2.396;50.00;441.8;1.414;441.0;1.910;713.4;0.292;60;0;0;2.352;2.436;2.400;537;559;548;50.00;50.00;50.00;8292;1000;0.0;0;0.0000;0;0;1579;1579;1579
60;2014-07-02 09:15:00;909402N262;1691;1.608;37;236;236;236;235;2.441;50.00;439.5;1.473;444.1;1.926;706.5;0.307;60;0;0;2.394;2.479;2.451;550;574;565;50.00;50.00;50.00;8292;1000;0.0;0;0.0000;0;0;1608;1608;1608
60;2014-07-02 09:16:00;909402N262;1711;1.636;37;235;235;236;235;2.495;50.00;432.5;1.545;446.1;1.928;710.0;0.315;60;0;0;2.432;2.546;2.507;553;584;572;50.00;50.00;50.00;8292;1000;0.0;0;0.0000;0;0;1636;1636;1636
60;2014-07-02 09:17:00;909402N262;1789;1.666;38;235;235;235;235;2.650;49.99;435.2;1.592;455.6;1.964;721.5;0.319;60;0;0;2.589;2.705;2.658;581;609;597;49.99;49.99;49.99;8292;1000;0.0;0;0.0000;0;0;1666;1666;1666
60;2014-07-02 09:18:00;909402N262;1824;1.696;38;235;235;235;235;2.692;49.99;433.1;1.653;456.8;1.981;719.3;0.324;60;0;0;2.634;2.737;2.706;593;618;611;49.99;49.99;49.99;8292;1000;0.0;0;0.0000;0;0;1696;1696;1696
60;2014-07-02 09:19:00;909402N262;1860;1.728;38;235;235;235;236;2.743;50.00;430.6;1.704;462.3;1.987;721.2;0.329;60;0;0;2.683;2.783;2.765;604;629;625;50.00;50.00;50.00;8292;1000;0.0;0;0.0000;0;0;1728;1728;1728
60;2014-07-02 09:20:00;909402N262;1887;1.758;38;236;235;236;236;2.779;50.02;427.7;1.757;462.6;1.995;729.8;0.333;60;0;0;2.736;2.815;2.786;618;638;630;50.02;50.02;50.02;8292;1000;0.0;0;0.0000;0;0;1758;1758;1758
60;2014-07-02 09:21:00;909402N262;1950;1.791;38;235;235;235;236;2.864;50.00;430.6;1.804;473.0;2.022;729.5;0.339;60;0;0;2.820;2.892;2.882;639;656;653;50.00;50.00;50.00;8292;1000;0.0;0;0.0000;0;0;1791;1791;1791
60;2014-07-02 09:22:00;909402N262;1988;1.824;38;235;235;235;235;2.917;49.99;440.2;1.820;473.5;2.042;728.6;0.342;60;0;0;2.869;2.956;2.927;651;671;664;49.99;49.99;49.99;8292;1000;0.0;0;0.0000;0;0;1824;1824;1824
60;2014-07-02 09:23:00;909402N262;2031;1.858;38;235;235;235;235;2.974;49.99;441.0;1.872;477.7;2.068;724.0;0.344;60;0;0;2.926;3.014;2.982;665;686;678;49.99;49.99;49.99;8292;1000;0.0;0;0.0000;0;0;1858;1858;1858
60;2014-07-02 09:24:00;909402N262;2067;1.893;38;235;235;235;235;3.023;49.99;450.1;1.889;478.3;2.087;721.5;0.345;60;0;0;2.972;3.069;3.029;676;699;689;49.99;49.99;49.99;8292;1000;0.0;0;0.0000;0;0;1893;1893;1893
60;2014-07-02 09:25:00;909402N262;2101;1.928;38;235;235;235;235;3.072;50.00;446.5;1.954;478.9;2.106;728.7;0.348;60;0;0;3.027;3.113;3.077;689;710;700;50.00;50.00;50.00;8292;1000;0.0;0;0.0000;0;0;1928;1928;1928
60;2014-07-02 09:26:00;909402N262;2155;1.964;38;235;235;235;235;3.148;50.01;444.1;2.007;488.8;2.121;753.2;0.346;60;0;0;3.101;3.187;3.157;707;727;719;50.01;50.01;50.01;8292;1000;0.0;0;0.0000;0;0;1964;1964;1964
60;2014-07-02 09:27:00;909402N262;2202;2.000;38;235;235;235;235;3.215;50.02;511.1;1.829;488.6;2.115;774.4;0.344;60;0;0;3.169;3.263;3.213;722;745;733;50.02;50.02;50.02;8292;1000;0.0;0;0.0000;0;0;2000;2000;2000
60;2014-07-02 09:28:00;909402N262;2234;2.038;38;235;235;235;235;3.252;50.01;517.0;1.839;493.4;2.110;784.2;0.346;60;0;0;3.205;3.294;3.257;734;753;745;50.01;50.01;50.01;8292;1000;0.0;0;0.0000;0;0;2038;2038;2038
60;2014-07-02 09:29:00;909402N262;2296;2.075;38;235;236;235;235;3.322;50.00;519.1;1.897;494.2;2.153;791.1;0.352;60;0;0;3.274;3.356;3.338;754;772;767;50.01;50.01;50.01;8292;1000;0.0;0;0.0000;0;0;2075;2075;2075
60;2014-07-02 09:30:00;909402N262;2361;2.115;38;235;235;236;235;3.402;49.99;517.6;1.965;500.7;2.177;794.7;0.360;60;0;0;3.345;3.444;3.418;772;797;790;49.99;49.99;49.99;8292;1000;0.0;0;0.0000;0;0;2115;2115;2115
60;2014-07-02 09:31:00;909402N262;2380;2.155;38;235;235;235;235;3.417;49.99;512.6;2.015;496.4;2.197;716.8;0.502;60;0;0;3.356;3.454;3.442;776;804;799;49.99;49.99;49.99;8292;1000;0.0;0;0.0000;0;0;2155;2155;2155
60;2014-07-02 09:32:00;909402N262;2526;2.197;38;235;235;236;235;3.594;49.97;512.4;2.073;506.1;2.188;260.6;1.561;60;0;0;3.538;3.635;3.609;828;852;844;49.97;49.97;49.97;8292;1000;0.0;0;0.0000;0;0;2197;2197;2197
60;2014-07-02 09:33:00;909402N262;2609;2.240;39;235;235;236;235;3.714;49.98;509.6;2.143;511.0;2.214;256.7;1.704;60;0;0;3.650;3.760;3.734;852;881;873;49.98;49.98;49.98;8292;1000;0.0;0;0.0000;0;0;2240;2240;2240
60;2014-07-02 09:34:00;909402N262;2686;2.285;39;235;235;236;235;3.822;49.99;506.6;2.207;510.8;2.235;287.4;1.672;60;0;0;3.757;3.868;3.843;878;908;898;49.99;49.99;49.99;8292;1000;0.0;0;0.0000;0;0;2285;2285;2285
60;2014-07-02 09:35:00;909402N262;2745;2.331;39;235;235;236;235;3.908;49.99;503.5;2.258;513.8;2.240;346.1;1.482;60;0;0;3.850;3.952;3.922;901;926;916;49.99;49.99;49.99;8292;1000;0.0;0;0.0000;0;0;2331;2331;2331
60;2014-07-02 09:36:00;909402N262;2894;2.380;39;235;236;235;235;4.113;50.01;501.0;2.311;521.1;2.256;414.9;1.479;60;0;0;4.063;4.153;4.125;954;974;965;50.01;50.01;50.01;8292;1000;0.0;0;0.0000;0;0;2380;2380;2380
60;2014-07-02 09:37:00;909402N262;3027;2.429;39;235;236;235;235;4.301;50.02;499.7;2.356;521.5;2.275;451.7;1.587;60;0;0;4.252;4.339;4.313;998;1017;1010;50.02;50.02;50.02;8292;1000;0.0;0;0.0000;0;0;2429;2429;2429
60;2014-07-02 09:38:00;909402N262;3106;2.482;39;236;236;236;235;4.406;50.01;498.7;2.391;523.4;2.288;449.8;1.713;60;0;0;4.367;4.436;4.416;1027;1041;1035;50.01;50.01;50.01;8292;1000;0.0;0;0.0000;0;0;2482;2482;2482
60;2014-07-02 09:39:00;909402N262;3146;2.534;39;236;236;236;235;4.463;50.01;498.2;2.420;526.3;2.298;445.4;1.764;60;0;0;4.420;4.498;4.471;1040;1056;1048;50.01;50.01;50.01;8292;1000;0.0;0;0.0000;0;0;2534;2534;2534
60;2014-07-02 09:40:00;909402N262;3169;2.587;39;236;236;236;236;4.492;50.02;497.8;2.449;526.1;2.308;445.6;1.777;60;0;0;4.443;4.529;4.504;1045;1064;1058;50.02;50.02;50.02;8292;1000;0.0;0;0.0000;0;0;2587;2587;2587
60;2014-07-02 09:41:00;909402N262;3186;2.641;39;236;236;236;236;4.515;50.01;497.5;2.486;529.2;2.325;434.3;1.785;60;0;0;4.467;4.551;4.527;1051;1069;1063;50.01;50.01;50.01;8292;1000;0.0;0;0.0000;0;0;2641;2641;2641
60;2014-07-02 09:42:00;909402N262;3225;2.695;39;236;236;236;236;4.572;50.01;497.0;2.524;534.7;2.339;437.0;1.780;60;0;0;4.525;4.608;4.584;1065;1083;1076;50.01;50.01;50.01;8292;1000;0.0;0;0.0000;0;0;2695;2695;2695
60;2014-07-02 09:43:00;909402N262;3254;2.749;39;236;236;236;236;4.613;50.00;496.5;2.559;537.0;2.355;447.5;1.737;60;0;0;4.568;4.646;4.625;1075;1091;1086;50.00;50.00;50.00;8292;1000;0.0;0;0.0000;0;0;2749;2749;2749
60;2014-07-02 09:44:00;909402N262;3338;2.803;39;236;236;235;236;4.735;49.99;495.9;2.591;537.3;2.367;497.4;1.689;60;0;0;4.695;4.762;4.748;1104;1117;1115;49.99;49.99;49.99;8292;1000;0.0;0;0.0000;0;0;2803;2803;2803
60;2014-07-02 09:45:00;909402N262;3413;2.861;39;236;236;236;235;4.841;49.99;495.6;2.619;542.4;2.374;499.7;1.774;60;0;0;4.800;4.874;4.849;1128;1145;1138;49.99;49.99;49.99;8292;1000;0.0;0;0.0000;0;0;2861;2861;2861
60;2014-07-02 09:46:00;909402N262;3422;2.918;40;235;236;235;235;4.860;49.99;492.7;2.654;531.7;2.408;508.5;1.783;60;0;0;4.816;4.885;4.879;1130;1145;1145;49.99;49.99;49.99;8292;1000;0.0;0;0.0000;0;0;2918;2918;2918
60;2014-07-02 09:47:00;909402N262;3477;2.975;40;235;235;235;236;4.950;50.00;494.9;2.688;542.1;2.408;484.5;1.862;60;0;0;4.906;4.976;4.970;1148;1161;1167;50.00;50.00;50.00;8292;1000;0.0;0;0.0000;0;0;2975;2975;2975
60;2014-07-02 09:48:00;909402N262;3547;3.034;40;235;235;235;235;5.041;50.00;494.4;2.717;544.4;2.416;528.4;1.795;60;0;0;4.978;5.085;5.060;1164;1193;1188;50.00;50.00;50.00;8292;1000;0.0;0;0.0000;0;0;3034;3034;3034
60;2014-07-02 09:49:00;909402N262;3642;3.095;40;235;235;236;236;5.164;50.00;494.0;2.741;548.0;2.421;546.1;1.871;60;0;0;5.092;5.214;5.188;1193;1227;1221;50.00;50.00;50.00;8292;1000;0.0;0;0.0000;0;0;3095;3095;3095
60;2014-07-02 09:50:00;909402N262;3764;3.157;40;235;235;235;236;5.338;49.99;493.8;2.776;551.8;2.437;604.1;1.836;60;0;0;5.272;5.383;5.361;1236;1265;1261;49.99;49.99;49.99;8292;1000;0.0;0;0.0000;0;0;3157;3157;3157
60;2014-07-02 09:51:00;909402N262;3851;3.222;40;235;235;235;236;5.460;50.01;493.6;2.815;553.1;2.457;624.3;1.864;60;0;0;5.394;5.500;5.488;1265;1293;1291;50.01;50.01;50.01;8292;1000;0.0;0;0.0000;0;0;3222;3222;3222
60;2014-07-02 09:52:00;909402N262;3997;3.289;40;235;235;235;236;5.668;50.01;498.6;2.832;555.9;2.470;663.0;1.923;60;0;0;5.599;5.706;5.701;1313;1340;1342;50.01;50.01;50.01;8292;1000;0.0;0;0.0000;0;0;3289;3289;3289
60;2014-07-02 09:53:00;909402N262;4178;3.359;40;235;235;235;236;5.940;50.01;540.8;2.706;557.6;2.489;693.8;2.001;60;0;0;5.875;5.972;5.973;1375;1398;1404;50.01;50.01;50.01;8292;1000;0.0;0;0.0000;0;0;3359;3359;3359
60;2014-07-02 09:54:00;909402N262;4260;3.430;40;235;235;235;235;6.084;50.01;539.3;2.754;556.9;2.503;708.9;2.029;60;0;0;6.023;6.119;6.111;1403;1426;1429;50.01;50.01;50.01;8292;1000;0.0;0;0.0000;0;0;3430;3430;3430
60;2014-07-02 09:55:00;909402N262;4268;3.501;40;235;235;235;235;6.076;50.01;538.2;2.794;557.0;2.511;699.5;2.039;60;0;0;6.015;6.111;6.102;1406;1430;1431;50.01;50.01;50.01;8292;1000;0.0;0;0.0000;0;0;3501;3501;3501
60;2014-07-02 09:56:00;909402N262;4282;3.572;40;235;235;235;236;6.076;50.01;536.8;2.840;557.3;2.519;693.2;2.047;60;0;0;6.013;6.109;6.106;1409;1434;1436;50.01;50.01;50.01;8292;1000;0.0;0;0.0000;0;0;3572;3572;3572
60;2014-07-02 09:57:00;909402N262;4321;3.644;41;235;235;235;235;6.135;50.02;536.4;2.889;557.2;2.534;690.4;2.065;60;0;0;6.075;6.166;6.166;1423;1447;1450;50.02;50.02;50.02;8292;1000;0.0;0;0.0000;0;0;3644;3644;3644
60;2014-07-02 09:58:00;909402N262;4377;3.718;41;235;235;235;235;6.213;50.01;541.1;2.915;557.3;2.552;692.5;2.084;60;0;0;6.151;6.255;6.235;1441;1470;1463;50.01;50.01;50.01;8292;1000;0.0;0;0.0000;0;0;3718;3718;3718
60;2014-07-02 09:59:00;909402N262;4399;3.791;41;235;235;235;235;6.247;50.00;541.4;2.954;556.8;2.565;687.2;2.093;60;0;0;6.188;6.294;6.259;1450;1479;1468;50.00;50.00;50.00;8292;1000;0.0;0;0.0000;0;0;3791;3791;3791
60;2014-07-02 10:00:00;909402N262;4440;3.865;41;235;234;235;235;6.304;50.00;539.1;3.003;560.0;2.575;686.2;2.107;60;0;0;6.244;6.349;6.320;1463;1492;1483;50.00;50.00;50.00;8292;1000;0.0;0;0.0000;0;0;3865;3865;3865
[wr_ende]
