20141020;100004;danfoss;My Plant;+0100
[wr_def_start]
909402N262;Inverter Type;Inverter Group;Hanzl
[wr_def_end]
[wr]
INTERVAL;TIMESTAMP;SERIAL;P_AC;E_DAY;T_WR;U_AC;U_AC_1;U_AC_2;U_AC_3;I_AC;F_AC;U_DC_1;I_DC_1;U_DC_2;I_DC_2;U_DC_3;I_DC_3;S;E_WR;M_WR;I_AC_1;I_AC_2;I_AC_3;P_AC_1;P_AC_2;P_AC_3;F_AC_1;F_AC_2;F_AC_3;R_DC;PC;PCS;PCS_LL;COS_PHI;COS_PHI_LL;S_COS_PHI;Current_Day_Energy;current_Day_Offset;ccEnergyOfDay_WithoutOffset
60;2014-10-20 09:01:00;909402N262;1153;0.845;31;233;231;234;234;1.980;50.02;572.0;0.903;616.0;0.510;775.5;0.432;60;0;0;1.917;2.022;2.001;365;395;390;50.02;50.02;50.02;5673;1000;0.0;0;1.0000;0;2;845;845;845
60;2014-10-20 09:02:00;909402N262;1183;0.865;31;233;232;234;234;2.009;50.01;581.9;0.908;630.9;0.518;789.2;0.428;60;0;0;1.952;2.039;2.036;377;402;402;50.01;50.01;50.01;5673;1000;0.0;0;1.0000;0;2;865;865;865
60;2014-10-20 09:03:00;909402N262;1203;0.885;31;233;231;233;234;2.020;50.00;582.0;0.918;634.6;0.530;794.9;0.429;60;0;0;1.961;2.052;2.047;383;409;409;50.00;50.00;50.00;5673;1000;0.0;0;1.0000;0;2;885;885;885
60;2014-10-20 09:04:00;909402N262;1204;0.906;31;233;231;233;234;2.022;50.01;581.5;0.922;642.1;0.522;794.5;0.429;60;0;0;1.965;2.055;2.046;384;409;408;50.01;50.01;50.01;5673;1000;0.0;0;1.0000;0;2;906;906;906
60;2014-10-20 09:05:00;909402N262;1214;0.926;31;233;232;233;234;2.035;50.01;581.9;0.930;648.0;0.521;794.8;0.432;60;0;0;1.985;2.061;2.060;390;411;411;50.01;50.01;50.01;5673;1000;0.0;0;1.0000;0;2;926;926;926
60;2014-10-20 09:06:00;909402N262;1222;0.946;31;233;232;232;233;2.050;50.01;582.1;0.938;655.4;0.515;794.6;0.437;60;0;0;1.997;2.076;2.077;392;414;415;50.01;50.01;50.01;5673;1000;0.0;0;1.0000;0;2;946;946;946
60;2014-10-20 09:07:00;909402N262;1219;0.966;31;233;233;233;233;2.052;50.01;581.5;0.940;645.1;0.518;792.4;0.438;60;0;0;2.005;2.081;2.070;393;414;411;50.01;50.01;50.01;5673;1000;0.0;0;1.0000;0;2;966;966;966
60;2014-10-20 09:08:00;909402N262;1221;0.987;31;233;233;234;233;2.058;50.01;581.8;0.942;646.2;0.517;789.6;0.440;60;0;0;2.010;2.091;2.073;394;415;411;50.01;50.01;50.01;5673;1000;0.0;0;1.0000;0;2;987;987;987
60;2014-10-20 09:09:00;909402N262;1223;1.006;32;233;233;234;233;2.064;50.01;582.6;0.943;645.5;0.518;787.5;0.442;60;0;0;2.009;2.103;2.081;392;417;412;50.01;50.01;50.01;5673;1000;0.0;0;1.0000;0;2;1006;1006;1006
60;2014-10-20 09:10:00;909402N262;1224;1.027;32;233;232;234;233;2.065;50.01;584.4;0.943;637.0;0.525;787.4;0.441;60;0;0;2.008;2.099;2.088;392;417;415;50.01;50.01;50.01;5673;1000;0.0;0;1.0000;0;2;1027;1027;1027
60;2014-10-20 09:11:00;909402N262;1228;1.047;32;233;232;234;234;2.064;50.00;586.3;0.942;644.9;0.523;791.2;0.438;60;0;0;2.012;2.088;2.093;394;416;416;50.00;50.00;50.00;5673;1000;0.0;0;1.0000;0;2;1047;1047;1047
60;2014-10-20 09:12:00;909402N262;1237;1.068;32;233;233;234;233;2.065;50.01;581.0;0.955;653.1;0.526;794.5;0.437;60;0;0;2.023;2.087;2.087;401;418;417;50.01;50.01;50.01;5673;1000;0.0;0;1.0000;0;2;1068;1068;1068
60;2014-10-20 09:13:00;909402N262;1235;1.090;32;233;232;234;233;2.083;50.00;577.1;0.956;644.1;0.541;784.6;0.437;60;0;0;2.029;2.118;2.104;395;421;417;50.00;50.00;50.00;5673;1000;0.0;0;1.0000;0;2;1090;1090;1090
60;2014-10-20 09:14:00;909402N262;1233;1.110;32;233;232;234;234;2.081;50.01;581.0;0.939;632.1;0.566;783.2;0.432;60;0;0;2.029;2.112;2.103;396;418;417;50.01;50.01;50.01;5673;1000;0.0;0;1.0000;0;2;1110;1110;1110
60;2014-10-20 09:15:00;909402N262;1225;1.130;32;233;232;233;234;2.073;50.01;585.0;0.918;640.1;0.572;782.0;0.421;60;0;0;2.014;2.114;2.093;391;417;414;50.01;50.01;50.01;5673;1000;0.0;0;1.0000;0;2;1130;1130;1130
60;2014-10-20 09:16:00;909402N262;1207;1.150;32;233;232;233;233;2.049;50.00;575.9;0.918;630.2;0.583;776.6;0.418;60;0;0;2.001;2.079;2.068;388;409;407;50.00;50.00;50.00;5673;1000;0.0;0;1.0000;0;2;1150;1150;1150
60;2014-10-20 09:17:00;909402N262;1205;1.170;32;233;232;233;233;2.069;50.00;570.9;0.919;641.8;0.580;781.0;0.406;60;0;0;2.021;2.097;2.089;388;409;406;50.00;50.00;50.00;5673;1000;0.0;0;1.0000;0;2;1170;1170;1170
60;2014-10-20 09:18:00;909402N262;1214;1.190;32;232;232;233;233;2.082;49.99;577.7;0.905;639.7;0.604;779.7;0.404;60;0;0;2.030;2.112;2.104;390;413;410;49.99;49.99;49.99;5673;1000;0.0;0;1.0000;0;2;1190;1190;1190
60;2014-10-20 09:19:00;909402N262;1204;1.211;32;232;232;233;233;2.069;49.99;584.1;0.884;634.7;0.608;779.0;0.399;60;0;0;2.022;2.099;2.086;387;409;405;49.99;49.99;49.99;5673;1000;0.0;0;1.0000;0;2;1211;1211;1211
60;2014-10-20 09:20:00;909402N262;1219;1.231;32;232;232;233;233;2.087;49.99;574.7;0.902;636.2;0.629;779.2;0.397;60;0;0;2.035;2.119;2.107;392;414;411;49.99;49.99;49.99;5673;1000;0.0;0;1.0000;0;2;1231;1231;1231
60;2014-10-20 09:21:00;909402N262;1249;1.252;32;232;232;233;233;2.124;50.00;582.2;0.898;647.0;0.654;778.9;0.400;60;0;0;2.073;2.160;2.139;402;425;420;50.00;50.00;50.00;5673;1000;0.0;0;1.0000;0;2;1252;1252;1252
60;2014-10-20 09:22:00;909402N262;1232;1.273;33;232;232;233;232;2.102;49.98;584.4;0.890;649.9;0.634;778.8;0.397;60;0;0;2.057;2.135;2.116;398;418;414;49.98;49.98;49.98;5673;1000;0.0;0;1.0000;0;2;1273;1273;1273
60;2014-10-20 09:23:00;909402N262;1227;1.293;33;232;233;233;232;2.095;49.99;582.5;0.897;649.5;0.620;779.6;0.398;60;0;0;2.059;2.124;2.103;398;416;410;49.99;49.99;49.99;5673;1000;0.0;0;1.0000;0;2;1293;1293;1293
60;2014-10-20 09:24:00;909402N262;1210;1.313;33;232;232;233;232;2.073;50.02;579.1;0.906;650.5;0.585;780.2;0.401;60;0;0;2.032;2.107;2.081;391;412;405;50.02;50.02;50.02;5673;1000;0.0;0;1.0000;0;2;1313;1313;1313
60;2014-10-20 09:25:00;909402N262;1233;1.334;33;232;231;233;232;2.103;50.01;579.3;0.922;653.3;0.596;779.8;0.408;60;0;0;2.052;2.141;2.116;396;421;414;50.01;50.01;50.01;5673;1000;0.0;0;1.0000;0;2;1334;1334;1334
60;2014-10-20 09:26:00;909402N262;1249;1.354;33;232;231;233;233;2.121;50.01;577.1;0.942;653.7;0.598;780.0;0.415;60;0;0;2.067;2.157;2.140;401;425;421;50.01;50.01;50.01;5673;1000;0.0;0;1.0000;0;2;1354;1354;1354
60;2014-10-20 09:27:00;909402N262;1320;1.376;33;232;232;233;232;2.208;50.02;582.4;0.963;657.2;0.661;781.3;0.426;60;0;0;2.169;2.241;2.215;429;448;440;50.02;50.02;50.02;5673;1000;0.0;0;1.0000;0;2;1376;1376;1376
60;2014-10-20 09:28:00;909402N262;1331;1.399;33;232;233;232;231;2.226;50.01;581.0;0.981;657.8;0.656;781.7;0.434;60;0;0;2.189;2.251;2.239;434;450;446;50.01;50.01;50.01;5673;1000;0.0;0;1.0000;0;2;1399;1399;1399
60;2014-10-20 09:29:00;909402N262;1388;1.422;33;232;233;232;232;2.294;50.02;583.4;1.008;660.0;0.699;782.9;0.446;60;0;0;2.254;2.320;2.309;453;468;465;50.02;50.02;50.02;5673;1000;0.0;0;1.0000;0;2;1422;1422;1422
60;2014-10-20 09:30:00;909402N262;1464;1.446;33;232;233;232;232;2.387;50.02;588.0;1.035;663.6;0.764;783.4;0.459;60;0;0;2.344;2.410;2.408;478;492;492;50.02;50.02;50.02;5673;1000;0.0;0;1.0000;0;2;1446;1446;1446
60;2014-10-20 09:31:00;909402N262;1546;1.473;33;232;233;232;232;2.480;50.01;586.2;1.078;656.5;0.859;783.2;0.474;60;0;0;2.445;2.499;2.498;507;519;519;50.01;50.01;50.01;5673;1000;0.0;0;1.0000;0;2;1473;1473;1473
60;2014-10-20 09:32:00;909402N262;1661;1.500;33;233;233;232;233;2.622;50.00;598.3;1.090;673.0;0.948;783.6;0.489;60;0;0;2.580;2.638;2.649;544;554;561;50.00;50.00;50.00;5673;1000;0.0;0;1.0000;0;2;1500;1500;1500
60;2014-10-20 09:33:00;909402N262;1732;1.529;33;233;233;232;233;2.717;50.01;604.0;1.107;674.8;1.013;781.8;0.501;60;0;0;2.671;2.734;2.746;567;578;584;50.01;50.01;50.01;5673;1000;0.0;0;1.0000;0;2;1529;1529;1529
60;2014-10-20 09:34:00;909402N262;1743;1.558;33;233;233;232;233;2.717;50.01;604.4;1.124;671.8;1.007;791.2;0.504;60;0;0;2.670;2.741;2.740;570;584;587;50.01;50.01;50.01;5673;1000;0.0;0;1.0000;0;2;1558;1558;1558
60;2014-10-20 09:35:00;909402N262;1772;1.587;33;232;233;232;232;2.751;50.01;601.1;1.154;670.9;1.019;793.6;0.514;60;0;0;2.701;2.786;2.768;578;599;594;50.01;50.01;50.01;5673;1000;0.0;0;1.0000;0;2;1587;1587;1587
60;2014-10-20 09:36:00;909402N262;1897;1.619;34;232;232;232;232;2.918;50.01;594.0;1.207;677.4;1.141;794.2;0.531;60;0;0;2.866;2.951;2.938;619;640;636;50.01;50.01;50.01;5673;1000;0.0;0;1.0000;0;2;1619;1619;1619
60;2014-10-20 09:37:00;909402N262;1990;1.652;34;232;232;233;232;3.050;50.02;593.4;1.234;679.5;1.236;792.3;0.545;60;0;0;2.997;3.091;3.063;650;673;665;50.02;50.02;50.02;5673;1000;0.0;0;1.0000;0;2;1652;1652;1652
60;2014-10-20 09:38:00;909402N262;2031;1.687;34;232;233;232;232;3.102;50.01;593.8;1.246;678.8;1.280;792.0;0.552;60;0;0;3.059;3.135;3.114;668;683;678;50.01;50.01;50.01;5673;1000;0.0;0;1.0000;0;2;1687;1687;1687
60;2014-10-20 09:39:00;909402N262;2050;1.720;34;232;233;232;231;3.133;50.01;595.7;1.252;677.9;1.297;787.7;0.562;60;0;0;3.099;3.163;3.138;677;689;682;50.01;50.01;50.01;5673;1000;0.0;0;1.0000;0;2;1720;1720;1720
60;2014-10-20 09:40:00;909402N262;2093;1.756;34;232;233;232;232;3.198;50.01;595.9;1.264;677.5;1.334;783.2;0.577;60;0;0;3.156;3.230;3.210;687;704;699;50.01;50.01;50.01;5673;1000;0.0;0;1.0000;0;2;1756;1756;1756
60;2014-10-20 09:41:00;909402N262;2135;1.791;34;232;233;232;232;3.255;50.01;596.6;1.275;677.5;1.378;777.9;0.590;60;0;0;3.208;3.288;3.269;700;718;715;50.01;50.01;50.01;5673;1000;0.0;0;1.0000;0;2;1791;1791;1791
60;2014-10-20 09:42:00;909402N262;2124;1.827;34;232;232;232;233;3.237;50.01;596.0;1.281;675.9;1.358;782.3;0.589;60;0;0;3.185;3.267;3.260;694;714;714;50.01;50.01;50.01;5673;1000;0.0;0;1.0000;0;2;1827;1827;1827
60;2014-10-20 09:43:00;909402N262;2107;1.861;34;232;232;232;232;3.221;50.02;594.7;1.288;674.3;1.329;766.7;0.606;60;0;0;3.173;3.249;3.241;690;708;707;50.02;50.02;50.02;5673;1000;0.0;0;1.0000;0;2;1861;1861;1861
60;2014-10-20 09:44:00;909402N262;2043;1.896;34;233;233;232;233;3.132;50.02;591.7;1.292;672.1;1.237;762.7;0.609;60;0;0;3.086;3.157;3.154;670;685;687;50.02;50.02;50.02;5673;1000;0.0;0;1.0000;0;2;1896;1896;1896
60;2014-10-20 09:45:00;909402N262;2099;1.931;34;233;233;232;234;3.203;50.03;593.9;1.300;673.6;1.293;779.7;0.608;60;0;0;3.152;3.214;3.244;687;698;711;50.03;50.03;50.03;5673;1000;0.0;0;1.0000;0;2;1931;1931;1931
60;2014-10-20 09:46:00;909402N262;2053;1.964;34;233;233;231;234;3.134;50.02;554.6;1.513;648.7;1.251;771.8;0.610;60;0;0;3.080;3.143;3.179;670;680;697;50.02;50.02;50.02;5673;1000;0.0;0;1.0000;0;2;1964;1964;1964
60;2014-10-20 09:47:00;909402N262;2174;2.001;34;233;233;231;234;3.282;50.01;363.9;2.570;668.5;1.195;794.5;0.593;60;0;0;3.232;3.290;3.325;712;723;738;50.01;50.01;50.01;5673;1000;0.0;0;1.0000;0;2;2001;2001;2001
60;2014-10-20 09:48:00;909402N262;2035;2.035;34;233;233;232;234;3.092;50.01;363.1;2.384;665.4;1.098;794.9;0.586;60;0;0;3.028;3.113;3.136;662;680;691;50.01;50.01;50.01;5673;1000;0.0;0;1.0000;0;2;2035;2035;2035
60;2014-10-20 09:49:00;909402N262;2291;2.073;35;233;233;232;234;3.437;50.01;364.9;2.735;670.6;1.261;794.9;0.605;60;0;0;3.376;3.452;3.483;747;764;777;50.01;50.01;50.01;5673;1000;0.0;0;1.0000;0;2;2073;2073;2073
60;2014-10-20 09:50:00;909402N262;2333;2.112;35;233;233;231;235;3.497;50.02;364.9;2.796;671.3;1.286;795.1;0.610;60;0;0;3.439;3.515;3.539;762;777;792;50.02;50.02;50.02;5673;1000;0.0;0;1.0000;0;2;2112;2112;2112
60;2014-10-20 09:51:00;909402N262;2372;2.151;35;233;232;232;235;3.564;50.03;385.5;2.738;671.4;1.290;784.0;0.618;60;0;0;3.499;3.587;3.606;772;793;806;50.03;50.03;50.03;5673;1000;0.0;0;1.0000;0;2;2151;2151;2151
60;2014-10-20 09:52:00;909402N262;2373;2.191;35;233;232;233;234;3.569;50.02;385.3;2.783;670.8;1.274;774.1;0.621;60;0;0;3.499;3.602;3.608;770;797;804;50.02;50.02;50.02;5673;1000;0.0;0;1.0000;0;2;2191;2191;2191
60;2014-10-20 09:53:00;909402N262;2206;2.228;35;233;232;233;234;3.346;50.02;384.0;2.564;667.4;1.170;773.4;0.610;60;0;0;3.280;3.376;3.384;716;740;747;50.02;50.02;50.02;5673;1000;0.0;0;1.0000;0;2;2228;2228;2228
60;2014-10-20 09:54:00;909402N262;1964;2.261;35;233;233;232;234;3.022;50.02;382.8;2.233;658.2;1.028;773.8;0.593;60;0;0;2.969;3.040;3.058;641;655;665;50.02;50.02;50.02;5673;1000;0.0;0;1.0000;0;2;2261;2261;2261
60;2014-10-20 09:55:00;909402N262;1862;2.292;35;233;233;232;234;2.886;50.03;385.2;2.082;656.7;0.956;777.6;0.586;60;0;0;2.834;2.909;2.917;608;622;629;50.03;50.03;50.03;5673;1000;0.0;0;1.0000;0;2;2292;2292;2292
60;2014-10-20 09:56:00;909402N262;2128;2.327;35;233;234;232;234;3.237;50.02;402.5;2.357;664.0;1.107;777.1;0.608;60;0;0;3.191;3.250;3.272;698;709;719;50.02;50.02;50.02;5673;1000;0.0;0;1.0000;0;2;2327;2327;2327
60;2014-10-20 09:57:00;909402N262;2333;2.366;35;233;234;232;234;3.518;50.02;395.9;2.698;668.6;1.225;777.0;0.620;60;0;0;3.478;3.528;3.548;769;777;787;50.02;50.02;50.02;5673;1000;0.0;0;1.0000;0;2;2366;2366;2366
60;2014-10-20 09:58:00;909402N262;2410;2.407;35;233;233;232;234;3.620;50.03;395.2;2.813;669.6;1.269;778.5;0.621;60;0;0;3.571;3.634;3.657;791;803;814;50.03;50.03;50.03;5673;1000;0.0;0;1.0000;0;2;2407;2407;2407
60;2014-10-20 09:59:00;909402N262;2294;2.444;35;233;233;232;234;3.465;50.03;394.3;2.654;666.9;1.199;776.7;0.619;60;0;0;3.406;3.487;3.503;749;766;777;50.03;50.03;50.03;5673;1000;0.0;0;1.0000;0;2;2444;2444;2444
60;2014-10-20 10:00:00;909402N262;2125;2.479;35;233;233;231;235;3.238;50.03;393.3;2.423;664.2;1.088;776.1;0.617;60;0;0;3.171;3.258;3.287;690;708;724;50.03;50.03;50.03;5673;1000;0.0;0;1.0000;0;2;2479;2479;2479
[wr_ende]
