20140423;180001;danfoss;My Plant;+0100
[wr_def_start]
909402N262;Inverter Type;Inverter Group;Hanzl
[wr_def_end]
[wr]
INTERVAL;TIMESTAMP;SERIAL;P_AC;E_DAY;T_WR;U_AC;U_AC_1;U_AC_2;U_AC_3;I_AC;F_AC;U_DC_1;I_DC_1;U_DC_2;I_DC_2;U_DC_3;I_DC_3;S;E_WR;M_WR;I_AC_1;I_AC_2;I_AC_3;P_AC_1;P_AC_2;P_AC_3;F_AC_1;F_AC_2;F_AC_3;R_DC;PC;PCS;PCS_LL;COS_PHI;COS_PHI_LL;S_COS_PHI;Current_Day_Energy;current_Day_Offset;ccEnergyOfDay_WithoutOffset
60;2014-04-23 17:01:00;909402N262;1398;43.345;42;234;234;234;233;2.080;49.99;542.1;1.048;623.6;0.644;774.7;0.566;60;0;0;2.043;2.117;2.081;455;476;465;49.99;49.99;49.99;8810;1000;0.0;0;0.0000;0;0;43345;43345;43345
60;2014-04-23 17:02:00;909402N262;1348;43.367;42;234;234;234;233;2.044;50.02;546.9;0.998;634.5;0.619;776.9;0.542;60;0;0;2.007;2.085;2.041;438;458;448;50.02;50.02;50.02;8810;1000;0.0;0;0.0000;0;0;43367;43367;43367
60;2014-04-23 17:03:00;909402N262;1427;43.390;42;234;234;234;232;2.160;50.03;547.0;1.055;635.9;0.651;778.7;0.576;60;0;0;2.121;2.206;2.153;467;487;473;50.03;50.03;50.03;8810;1000;0.0;0;0.0000;0;0;43390;43390;43390
60;2014-04-23 17:04:00;909402N262;1417;43.414;42;234;234;234;232;2.142;50.02;547.8;1.040;635.2;0.654;779.2;0.570;60;0;0;2.107;2.187;2.133;463;483;469;50.02;50.02;50.02;8810;1000;0.0;0;0.0000;0;0;43414;43414;43414
60;2014-04-23 17:05:00;909402N262;1410;43.438;42;233;234;234;232;2.135;50.01;548.1;1.027;637.4;0.654;779.2;0.569;60;0;0;2.099;2.178;2.129;461;480;467;50.01;50.01;50.01;8810;1000;0.0;0;0.0000;0;0;43438;43438;43438
60;2014-04-23 17:06:00;909402N262;1397;43.462;42;233;234;234;232;2.118;50.02;548.8;1.007;638.2;0.649;779.1;0.567;60;0;0;2.083;2.168;2.105;457;475;462;50.02;50.02;50.02;8810;1000;0.0;0;0.0000;0;0;43462;43462;43462
60;2014-04-23 17:07:00;909402N262;1497;43.487;42;233;234;234;232;2.251;50.00;550.1;1.073;638.8;0.689;781.2;0.611;60;0;0;2.217;2.296;2.242;490;509;495;50.00;50.00;50.00;8810;1000;0.0;0;0.0000;0;0;43487;43487;43487
60;2014-04-23 17:08:00;909402N262;1564;43.512;42;234;234;234;232;2.356;50.00;550.1;1.128;639.2;0.720;782.3;0.636;60;0;0;2.318;2.405;2.346;514;531;517;50.01;50.00;50.01;8810;1000;0.0;0;0.0000;0;0;43512;43512;43512
60;2014-04-23 17:09:00;909402N262;1512;43.538;42;234;234;234;233;2.277;50.01;548.8;1.089;638.8;0.697;781.2;0.617;60;0;0;2.238;2.326;2.268;495;513;501;50.01;50.01;50.01;8810;1000;0.0;0;0.0000;0;0;43538;43538;43538
60;2014-04-23 17:10:00;909402N262;1514;43.563;42;234;234;234;232;2.276;50.01;548.2;1.091;638.9;0.697;781.8;0.619;60;0;0;2.246;2.316;2.266;497;514;500;50.01;50.01;50.01;8810;1000;0.0;0;0.0000;0;0;43563;43563;43563
60;2014-04-23 17:11:00;909402N262;1538;43.589;42;233;234;234;232;2.314;50.00;549.1;1.107;639.0;0.704;781.9;0.631;60;0;0;2.281;2.361;2.302;505;522;507;50.00;50.00;50.00;8810;1000;0.0;0;0.0000;0;0;43589;43589;43589
60;2014-04-23 17:12:00;909402N262;1525;43.614;42;233;234;234;232;2.297;50.00;548.1;1.105;638.7;0.695;781.8;0.625;60;0;0;2.266;2.340;2.285;501;517;504;50.00;50.00;50.00;8810;1000;0.0;0;0.0000;0;0;43614;43614;43614
60;2014-04-23 17:13:00;909402N262;1452;43.639;42;233;234;234;232;2.196;50.00;547.4;1.059;637.8;0.660;780.1;0.595;60;0;0;2.166;2.237;2.187;477;494;480;50.00;50.00;50.00;8810;1000;0.0;0;0.0000;0;0;43639;43639;43639
60;2014-04-23 17:14:00;909402N262;1389;43.661;42;234;234;234;233;2.101;49.99;547.7;1.019;636.4;0.628;779.9;0.569;60;0;0;2.062;2.147;2.096;453;473;461;49.99;49.99;49.99;8810;1000;0.0;0;0.0000;0;0;43661;43661;43661
60;2014-04-23 17:15:00;909402N262;1335;43.683;42;234;234;234;233;2.031;49.99;541.1;0.995;633.9;0.605;778.2;0.546;60;0;0;1.998;2.071;2.025;437;455;443;49.99;49.99;49.99;8810;1000;0.0;0;0.0000;0;0;43683;43683;43683
60;2014-04-23 17:16:00;909402N262;1251;43.704;42;234;235;234;233;1.909;50.00;526.1;0.967;615.5;0.582;770.3;0.520;60;0;0;1.875;1.956;1.896;410;426;414;50.00;50.00;50.00;8810;1000;0.0;0;0.0000;0;0;43704;43704;43704
60;2014-04-23 17:17:00;909402N262;1214;43.725;42;234;234;234;233;1.870;49.99;528.0;0.926;631.9;0.557;775.3;0.496;60;0;0;1.844;1.920;1.846;396;415;400;49.99;49.99;49.99;8810;1000;0.0;0;0.0000;0;0;43725;43725;43725
60;2014-04-23 17:18:00;909402N262;1179;43.744;42;234;234;234;233;1.834;50.00;527.5;0.897;631.7;0.544;774.2;0.482;60;0;0;1.807;1.881;1.815;386;404;387;50.00;50.00;50.00;8810;1000;0.0;0;0.0000;0;0;43744;43744;43744
60;2014-04-23 17:19:00;909402N262;1166;43.765;42;234;234;234;233;1.815;49.99;527.5;0.884;631.6;0.541;774.4;0.475;60;0;0;1.800;1.865;1.782;384;401;379;49.99;49.99;49.99;8810;1000;0.0;0;0.0000;0;0;43765;43765;43765
60;2014-04-23 17:20:00;909402N262;1183;43.783;42;234;234;234;233;1.837;49.99;529.8;0.890;632.1;0.552;776.1;0.482;60;0;0;1.811;1.886;1.814;387;408;390;49.99;49.99;49.99;8810;1000;0.0;0;0.0000;0;0;43783;43783;43783
60;2014-04-23 17:21:00;909402N262;1210;43.804;41;234;234;234;234;1.859;49.98;543.2;0.884;634.6;0.563;776.9;0.493;60;0;0;1.821;1.903;1.854;392;413;402;49.98;49.98;49.98;8810;1000;0.0;0;0.0000;0;0;43804;43804;43804
60;2014-04-23 17:22:00;909402N262;1262;43.825;41;234;234;234;234;1.927;49.98;546.5;0.913;637.1;0.586;778.6;0.515;60;0;0;1.884;1.968;1.931;409;429;421;49.98;49.98;49.98;8810;1000;0.0;0;0.0000;0;0;43825;43825;43825
60;2014-04-23 17:23:00;909402N262;1341;43.847;41;234;233;234;234;2.038;49.99;558.3;0.946;638.4;0.620;780.1;0.547;60;0;0;1.997;2.079;2.040;436;456;448;49.99;49.99;49.99;8810;1000;0.0;0;0.0000;0;0;43847;43847;43847
60;2014-04-23 17:24:00;909402N262;1425;43.871;41;234;234;234;234;2.151;49.98;556.1;1.008;639.6;0.656;781.9;0.584;60;0;0;2.111;2.189;2.153;464;483;475;49.98;49.98;49.98;8810;1000;0.0;0;0.0000;0;0;43871;43871;43871
60;2014-04-23 17:25:00;909402N262;1495;43.897;41;234;233;234;234;2.253;49.98;563.7;1.043;640.4;0.684;783.0;0.613;60;0;0;2.211;2.296;2.252;488;509;499;49.98;49.98;49.98;8810;1000;0.0;0;0.0000;0;0;43897;43897;43897
60;2014-04-23 17:26:00;909402N262;1546;43.921;41;234;233;234;234;2.319;49.99;565.7;1.076;641.3;0.705;786.5;0.633;60;0;0;2.262;2.365;2.331;501;524;518;49.99;49.99;49.99;8810;1000;0.0;0;0.0000;0;0;43921;43921;43921
60;2014-04-23 17:27:00;909402N262;1578;43.948;41;234;233;235;234;2.344;49.98;565.5;1.099;642.3;0.716;792.1;0.644;60;0;0;2.299;2.388;2.346;513;535;529;49.98;49.98;49.98;8810;1000;0.0;0;0.0000;0;0;43948;43948;43948
60;2014-04-23 17:28:00;909402N262;1585;43.974;41;234;234;235;234;2.355;49.98;557.2;1.121;642.5;0.717;793.0;0.647;60;0;0;2.304;2.400;2.361;515;539;530;49.98;49.98;49.98;8810;1000;0.0;0;0.0000;0;0;43974;43974;43974
60;2014-04-23 17:29:00;909402N262;1566;44.001;41;234;234;234;235;2.342;49.98;554.2;1.116;642.1;0.708;787.5;0.643;60;0;0;2.292;2.378;2.356;508;528;526;49.98;49.98;49.98;8810;1000;0.0;0;0.0000;0;0;44001;44001;44001
60;2014-04-23 17:30:00;909402N262;1537;44.026;41;234;233;235;234;2.307;50.00;541.9;1.119;640.8;0.697;784.2;0.634;60;0;0;2.256;2.353;2.312;498;523;514;50.00;50.00;50.00;8810;1000;0.0;0;0.0000;0;0;44026;44026;44026
60;2014-04-23 17:31:00;909402N262;1467;44.051;41;234;233;235;234;2.194;50.00;531.1;1.094;625.5;0.677;784.0;0.612;60;0;0;2.139;2.240;2.204;473;498;491;50.00;50.00;50.00;8810;1000;0.0;0;0.0000;0;0;44051;44051;44051
60;2014-04-23 17:32:00;909402N262;1457;44.076;41;234;233;235;234;2.194;50.01;533.8;1.075;639.3;0.666;782.2;0.601;60;0;0;2.144;2.235;2.204;472;496;488;50.01;50.01;50.01;8810;1000;0.0;0;0.0000;0;0;44076;44076;44076
60;2014-04-23 17:33:00;909402N262;1433;44.100;41;234;233;235;234;2.162;50.01;534.2;1.056;639.1;0.657;781.8;0.592;60;0;0;2.115;2.209;2.162;464;489;479;50.01;50.01;50.01;8810;1000;0.0;0;0.0000;0;0;44100;44100;44100
60;2014-04-23 17:34:00;909402N262;1418;44.124;41;234;233;234;234;2.144;49.99;534.8;1.042;639.1;0.649;781.7;0.586;60;0;0;2.095;2.192;2.145;459;482;474;49.99;49.99;49.99;8810;1000;0.0;0;0.0000;0;0;44124;44124;44124
60;2014-04-23 17:35:00;909402N262;1411;44.147;41;234;233;234;234;2.130;49.99;535.2;1.035;639.4;0.646;781.7;0.584;60;0;0;2.084;2.173;2.133;457;479;471;49.99;49.99;49.99;8810;1000;0.0;0;0.0000;0;0;44147;44147;44147
60;2014-04-23 17:36:00;909402N262;1412;44.170;41;234;233;235;234;2.130;50.00;535.7;1.034;639.4;0.647;781.7;0.584;60;0;0;2.079;2.179;2.132;456;481;472;50.00;50.00;50.00;8810;1000;0.0;0;0.0000;0;0;44170;44170;44170
60;2014-04-23 17:37:00;909402N262;1414;44.193;41;234;233;235;234;2.130;49.98;536.8;1.033;639.4;0.647;782.1;0.586;60;0;0;2.080;2.185;2.127;456;484;472;49.98;49.98;49.98;8810;1000;0.0;0;0.0000;0;0;44193;44193;44193
60;2014-04-23 17:38:00;909402N262;1414;44.217;41;234;233;235;233;2.141;49.99;543.2;1.021;640.5;0.645;782.3;0.586;60;0;0;2.093;2.184;2.146;460;482;471;49.99;49.99;49.99;8810;1000;0.0;0;0.0000;0;0;44217;44217;44217
60;2014-04-23 17:39:00;909402N262;1410;44.241;41;234;233;235;233;2.131;49.99;553.3;1.000;640.5;0.642;782.1;0.584;60;0;0;2.084;2.187;2.124;458;482;469;49.99;49.99;49.99;8810;1000;0.0;0;0.0000;0;0;44241;44241;44241
60;2014-04-23 17:40:00;909402N262;1401;44.264;41;234;234;235;233;2.117;49.99;552.0;0.998;640.0;0.638;782.1;0.581;60;0;0;2.077;2.167;2.107;456;477;465;49.98;49.98;49.98;8810;1000;0.0;0;0.0000;0;0;44264;44264;44264
60;2014-04-23 17:41:00;909402N262;1391;44.287;41;234;234;234;233;2.102;49.99;552.1;0.990;639.6;0.633;782.3;0.576;60;0;0;2.060;2.148;2.098;453;473;462;49.99;49.99;49.99;8810;1000;0.0;0;0.0000;0;0;44287;44287;44287
60;2014-04-23 17:42:00;909402N262;1374;44.310;41;234;234;234;233;2.082;49.98;551.3;0.981;638.8;0.626;782.0;0.569;60;0;0;2.048;2.127;2.072;449;467;456;49.98;49.98;49.98;8810;1000;0.0;0;0.0000;0;0;44310;44310;44310
60;2014-04-23 17:43:00;909402N262;1357;44.333;41;234;234;234;233;2.056;49.98;551.3;0.969;638.4;0.619;781.7;0.562;60;0;0;2.022;2.097;2.050;444;462;451;49.98;49.98;49.98;8810;1000;0.0;0;0.0000;0;0;44333;44333;44333
60;2014-04-23 17:44:00;909402N262;1337;44.355;41;234;234;234;234;2.026;49.99;551.1;0.957;638.0;0.609;781.6;0.553;60;0;0;1.987;2.068;2.025;435;454;446;49.99;49.99;49.99;8810;1000;0.0;0;0.0000;0;0;44355;44355;44355
60;2014-04-23 17:45:00;909402N262;1314;44.376;41;234;234;234;233;1.999;49.98;550.1;0.943;637.6;0.598;780.7;0.544;60;0;0;1.962;2.039;1.997;428;445;438;49.98;49.98;49.98;8810;1000;0.0;0;0.0000;0;0;44376;44376;44376
60;2014-04-23 17:46:00;909402N262;1277;44.398;41;234;234;234;233;1.935;49.99;545.9;0.930;624.8;0.588;772.9;0.535;60;0;0;1.904;1.971;1.931;416;435;425;49.99;49.99;49.99;8810;1000;0.0;0;0.0000;0;0;44398;44398;44398
60;2014-04-23 17:47:00;909402N262;1264;44.420;41;234;234;234;233;1.894;49.99;547.8;0.914;637.2;0.575;780.0;0.523;60;0;0;1.855;1.930;1.898;411;429;422;49.99;49.99;49.99;8810;1000;0.0;0;0.0000;0;0;44420;44420;44420
60;2014-04-23 17:48:00;909402N262;1240;44.440;41;234;234;234;234;1.866;49.99;547.9;0.898;636.8;0.564;779.0;0.513;60;0;0;1.833;1.901;1.865;405;423;413;49.99;49.99;49.99;8810;1000;0.0;0;0.0000;0;0;44440;44440;44440
60;2014-04-23 17:49:00;909402N262;1221;44.460;41;234;234;234;234;1.839;49.98;549.0;0.883;636.2;0.555;778.6;0.505;60;0;0;1.799;1.880;1.839;396;415;407;49.98;49.98;49.98;8810;1000;0.0;0;0.0000;0;0;44460;44460;44460
60;2014-04-23 17:50:00;909402N262;1206;44.481;41;234;234;234;234;1.822;49.98;550.9;0.870;636.0;0.548;778.9;0.499;60;0;0;1.785;1.860;1.821;393;411;401;49.98;49.98;49.98;8810;1000;0.0;0;0.0000;0;0;44481;44481;44481
60;2014-04-23 17:51:00;909402N262;1193;44.501;41;234;234;234;234;1.802;49.99;555.7;0.854;635.4;0.541;779.9;0.492;60;0;0;1.767;1.840;1.799;387;407;397;49.99;49.99;49.99;8810;1000;0.0;0;0.0000;0;0;44501;44501;44501
60;2014-04-23 17:52:00;909402N262;1177;44.520;41;234;233;235;234;1.786;50.01;558.1;0.838;634.9;0.535;778.5;0.487;60;0;0;1.749;1.824;1.787;382;402;391;50.01;50.01;50.01;8810;1000;0.0;0;0.0000;0;0;44520;44520;44520
60;2014-04-23 17:53:00;909402N262;1164;44.540;41;234;233;235;234;1.767;50.00;559.3;0.826;634.8;0.529;778.1;0.481;60;0;0;1.736;1.809;1.757;378;398;385;50.00;50.00;50.00;8810;1000;0.0;0;0.0000;0;0;44540;44540;44540
60;2014-04-23 17:54:00;909402N262;1150;44.558;41;234;234;235;234;1.749;50.01;560.8;0.814;634.4;0.523;778.6;0.475;60;0;0;1.719;1.794;1.735;374;394;379;50.01;50.01;50.01;8810;1000;0.0;0;0.0000;0;0;44558;44558;44558
60;2014-04-23 17:55:00;909402N262;1138;44.578;41;234;233;235;234;1.733;49.98;560.6;0.805;634.6;0.517;778.1;0.471;60;0;0;1.705;1.771;1.723;371;389;375;49.98;49.98;49.98;8810;1000;0.0;0;0.0000;0;0;44578;44578;44578
60;2014-04-23 17:56:00;909402N262;1125;44.596;41;234;234;235;234;1.718;50.01;560.6;0.795;634.4;0.512;778.0;0.465;60;0;0;1.687;1.761;1.707;366;387;371;50.01;50.01;50.01;8810;1000;0.0;0;0.0000;0;0;44596;44596;44596
60;2014-04-23 17:57:00;909402N262;1110;44.615;41;235;235;235;234;1.696;50.00;559.6;0.787;634.2;0.506;777.7;0.459;60;0;0;1.673;1.732;1.684;364;380;365;50.00;50.00;50.00;8810;1000;0.0;0;0.0000;0;0;44615;44615;44615
60;2014-04-23 17:58:00;909402N262;1095;44.634;41;235;235;235;234;1.675;50.01;558.7;0.778;634.0;0.499;777.8;0.453;60;0;0;1.650;1.720;1.656;358;377;359;50.01;50.01;50.01;8810;1000;0.0;0;0.0000;0;0;44634;44634;44634
60;2014-04-23 17:59:00;909402N262;1078;44.651;41;235;235;235;235;1.648;50.01;558.3;0.768;634.5;0.492;777.5;0.446;60;0;0;1.602;1.705;1.637;348;372;356;50.01;50.01;50.01;8810;1000;0.0;0;0.0000;0;0;44651;44651;44651
60;2014-04-23 18:00:00;909402N262;1064;44.668;40;235;235;235;235;1.633;50.00;558.0;0.758;634.6;0.485;777.9;0.439;60;0;0;1.592;1.683;1.624;344;365;352;50.00;50.00;50.00;8810;1000;0.0;0;0.0000;0;0;44668;44668;44668
[wr_ende]
