20140509;150000;danfoss;My Plant;+0100
[wr_def_start]
909402N262;Inverter Type;Inverter Group;Hanzl
[wr_def_end]
[wr]
INTERVAL;TIMESTAMP;SERIAL;P_AC;E_DAY;T_WR;U_AC;U_AC_1;U_AC_2;U_AC_3;I_AC;F_AC;U_DC_1;I_DC_1;U_DC_2;I_DC_2;U_DC_3;I_DC_3;S;E_WR;M_WR;I_AC_1;I_AC_2;I_AC_3;P_AC_1;P_AC_2;P_AC_3;F_AC_1;F_AC_2;F_AC_3;R_DC;PC;PCS;PCS_LL;COS_PHI;COS_PHI_LL;S_COS_PHI;Current_Day_Energy;current_Day_Offset;ccEnergyOfDay_WithoutOffset
60;2014-05-09 14:01:00;909402N262;7091;31.762;50;235;235;235;235;10.080;49.99;505.8;5.629;615.4;3.148;747.8;3.236;60;0;0;10.024;10.124;10.093;2351;2367;2369;49.99;49.99;49.99;6948;1000;0.0;0;0.0000;0;0;31762;31762;31762
60;2014-05-09 14:02:00;909402N262;5983;31.861;50;235;235;235;235;8.523;49.98;512.4;4.713;619.3;2.650;752.0;2.677;60;0;0;8.471;8.558;8.540;1982;2000;2000;49.98;49.98;49.98;6948;1000;0.0;0;0.0000;0;0;31861;31861;31861
60;2014-05-09 14:03:00;909402N262;5925;31.960;49;235;235;235;235;8.443;49.99;514.7;4.662;622.0;2.612;755.3;2.627;60;0;0;8.399;8.481;8.449;1966;1982;1974;49.99;49.99;49.99;6948;1000;0.0;0;0.0000;0;0;31960;31960;31960
60;2014-05-09 14:04:00;909402N262;6526;32.069;49;235;236;236;234;9.285;49.99;516.1;5.117;625.4;2.834;759.8;2.910;60;0;0;9.254;9.335;9.267;2170;2191;2163;49.99;49.99;49.99;6948;1000;0.0;0;0.0000;0;0;32069;32069;32069
60;2014-05-09 14:05:00;909402N262;7719;32.198;49;235;235;236;234;10.982;49.98;515.6;6.045;628.1;3.318;764.3;3.448;60;0;0;10.924;11.081;10.943;2559;2599;2556;49.98;49.98;49.98;6948;1000;0.0;0;0.0000;0;0;32198;32198;32198
60;2014-05-09 14:06:00;909402N262;11401;32.388;49;236;236;236;235;16.108;49.99;506.5;8.998;628.9;5.001;765.1;5.128;60;0;0;16.082;16.184;16.060;3788;3836;3772;49.99;49.99;49.99;6948;1000;0.0;0;0.0000;0;0;32388;32388;32388
60;2014-05-09 14:07:00;909402N262;11997;32.588;49;236;236;237;235;16.961;49.98;499.6;9.488;625.1;5.265;759.0;5.518;60;0;0;16.913;17.078;16.894;3986;4042;3968;49.98;49.98;49.98;6948;1000;0.0;0;0.0000;0;0;32588;32588;32588
60;2014-05-09 14:08:00;909402N262;11459;32.778;49;236;235;236;235;16.216;49.98;497.5;9.121;621.9;5.053;753.6;5.300;60;0;0;16.161;16.319;16.170;3804;3857;3799;49.98;49.98;49.98;6948;1000;0.0;0;0.0000;0;0;32778;32778;32778
60;2014-05-09 14:09:00;909402N262;11154;32.966;49;236;236;236;235;15.778;49.98;495.4;8.913;619.1;4.933;750.3;5.181;60;0;0;15.752;15.858;15.725;3715;3743;3695;49.98;49.98;49.98;6948;1000;0.0;0;0.0000;0;0;32966;32966;32966
60;2014-05-09 14:10:00;909402N262;10949;33.150;50;236;236;236;235;15.486;49.98;493.8;8.780;617.0;4.853;748.0;5.100;60;0;0;15.481;15.545;15.433;3657;3665;3625;49.98;49.98;49.98;6948;1000;0.0;0;0.0000;0;0;33150;33150;33150
60;2014-05-09 14:11:00;909402N262;10769;33.330;50;236;236;236;235;15.234;49.97;493.2;8.651;615.5;4.782;746.8;5.023;60;0;0;15.233;15.293;15.178;3599;3605;3563;49.97;49.97;49.97;6948;1000;0.0;0;0.0000;0;0;33330;33330;33330
60;2014-05-09 14:12:00;909402N262;10691;33.508;50;236;236;236;235;15.124;49.98;492.6;8.602;614.7;4.752;745.4;4.994;60;0;0;15.117;15.174;15.083;3570;3577;3542;49.98;49.98;49.98;6948;1000;0.0;0;0.0000;0;0;33508;33508;33508
60;2014-05-09 14:13:00;909402N262;10652;33.686;50;235;236;235;235;15.099;49.98;492.0;8.581;613.9;4.739;744.7;4.983;60;0;0;15.073;15.147;15.079;3551;3563;3538;49.98;49.98;49.98;6948;1000;0.0;0;0.0000;0;0;33686;33686;33686
60;2014-05-09 14:14:00;909402N262;10605;33.861;50;235;236;236;235;15.016;50.00;491.2;8.552;613.5;4.720;744.3;4.970;60;0;0;14.983;15.055;15.010;3529;3545;3529;50.00;50.00;50.00;6948;1000;0.0;0;0.0000;0;0;33861;33861;33861
60;2014-05-09 14:15:00;909402N262;10538;34.038;50;235;235;235;235;14.939;49.99;491.0;8.502;613.9;4.689;743.2;4.942;60;0;0;14.907;14.972;14.939;3507;3520;3509;50.00;50.00;50.00;6948;1000;0.0;0;0.0000;0;0;34038;34038;34038
60;2014-05-09 14:16:00;909402N262;10343;34.211;50;235;235;235;235;14.659;50.00;487.9;8.432;601.7;4.667;742.9;4.912;60;0;0;14.616;14.687;14.675;3440;3453;3449;50.00;50.00;50.00;6948;1000;0.0;0;0.0000;0;0;34211;34211;34211
60;2014-05-09 14:17:00;909402N262;10399;34.384;50;235;235;235;236;14.727;50.00;489.5;8.411;613.0;4.633;741.1;4.894;60;0;0;14.683;14.740;14.759;3455;3468;3475;50.00;50.00;50.00;6948;1000;0.0;0;0.0000;0;0;34384;34384;34384
60;2014-05-09 14:18:00;909402N262;10338;34.556;51;235;235;235;235;14.659;49.99;489.7;8.360;613.0;4.606;740.5;4.869;60;0;0;14.617;14.686;14.675;3436;3453;3447;49.99;49.99;49.99;6948;1000;0.0;0;0.0000;0;0;34556;34556;34556
60;2014-05-09 14:19:00;909402N262;10302;34.727;51;235;235;235;235;14.607;50.01;490.3;8.327;613.0;4.585;741.1;4.848;60;0;0;14.546;14.647;14.629;3416;3445;3438;50.01;50.01;50.01;6948;1000;0.0;0;0.0000;0;0;34727;34727;34727
60;2014-05-09 14:20:00;909402N262;10259;34.897;51;235;235;235;235;14.544;50.01;491.0;8.286;612.8;4.563;740.7;4.826;60;0;0;14.499;14.563;14.570;3409;3422;3426;50.01;50.01;50.01;6948;1000;0.0;0;0.0000;0;0;34897;34897;34897
60;2014-05-09 14:21:00;909402N262;10259;35.068;51;235;235;235;235;14.551;50.01;491.8;8.284;613.0;4.561;739.7;4.825;60;0;0;14.516;14.562;14.575;3413;3417;3427;50.01;50.01;50.01;6948;1000;0.0;0;0.0000;0;0;35068;35068;35068
60;2014-05-09 14:22:00;909402N262;10294;35.239;51;235;236;235;235;14.588;50.00;492.1;8.307;613.5;4.574;739.5;4.841;60;0;0;14.550;14.616;14.600;3424;3434;3434;50.00;50.00;50.00;6948;1000;0.0;0;0.0000;0;0;35239;35239;35239
60;2014-05-09 14:23:00;909402N262;10309;35.410;51;235;235;235;236;14.614;50.00;493.0;8.307;614.0;4.573;740.9;4.842;60;0;0;14.566;14.634;14.643;3423;3438;3446;50.00;50.00;50.00;6948;1000;0.0;0;0.0000;0;0;35410;35410;35410
60;2014-05-09 14:24:00;909402N262;10320;35.582;51;235;235;235;235;14.627;49.99;493.0;8.317;613.7;4.574;740.6;4.849;60;0;0;14.602;14.634;14.647;3435;3438;3445;49.99;49.99;49.99;6948;1000;0.0;0;0.0000;0;0;35582;35582;35582
60;2014-05-09 14:25:00;909402N262;10233;35.753;51;235;236;235;235;14.503;50.01;492.5;8.258;612.7;4.549;739.6;4.806;60;0;0;14.476;14.533;14.502;3407;3417;3407;50.01;50.01;50.01;6948;1000;0.0;0;0.0000;0;0;35753;35753;35753
60;2014-05-09 14:26:00;909402N262;10361;35.926;51;235;235;235;235;14.683;50.01;491.0;8.372;611.9;4.608;739.1;4.890;60;0;0;14.650;14.700;14.699;3446;3455;3459;50.01;50.01;50.01;6948;1000;0.0;0;0.0000;0;0;35926;35926;35926
60;2014-05-09 14:27:00;909402N262;10399;36.099;51;235;235;235;236;14.738;49.99;490.2;8.409;611.3;4.631;738.3;4.916;60;0;0;14.714;14.728;14.773;3457;3460;3480;49.99;49.99;49.99;6948;1000;0.0;0;0.0000;0;0;36099;36099;36099
60;2014-05-09 14:28:00;909402N262;10435;36.274;51;235;235;234;234;14.829;50.01;489.8;8.436;610.9;4.652;738.8;4.934;60;0;0;14.846;14.827;14.815;3490;3471;3472;50.01;50.01;50.01;6948;1000;0.0;0;0.0000;0;0;36274;36274;36274
60;2014-05-09 14:29:00;909402N262;10428;36.447;51;235;235;235;235;14.809;50.01;489.4;8.433;610.6;4.651;739.4;4.931;60;0;0;14.805;14.818;14.805;3483;3473;3469;50.01;50.01;50.01;6948;1000;0.0;0;0.0000;0;0;36447;36447;36447
60;2014-05-09 14:30:00;909402N262;10364;36.619;51;235;235;235;234;14.711;50.01;488.8;8.388;609.9;4.631;738.5;4.906;60;0;0;14.701;14.754;14.679;3460;3465;3437;50.01;50.01;50.01;6948;1000;0.0;0;0.0000;0;0;36619;36619;36619
60;2014-05-09 14:31:00;909402N262;10222;36.790;51;235;236;235;234;14.494;50.00;486.0;8.351;602.3;4.608;737.8;4.889;60;0;0;14.517;14.541;14.426;3420;3426;3374;50.00;50.00;50.00;6948;1000;0.0;0;0.0000;0;0;36790;36790;36790
60;2014-05-09 14:32:00;909402N262;10265;36.962;51;235;235;235;234;14.555;50.00;489.2;8.302;608.9;4.589;738.6;4.859;60;0;0;14.570;14.592;14.505;3431;3433;3397;50.00;50.00;50.00;6948;1000;0.0;0;0.0000;0;0;36962;36962;36962
60;2014-05-09 14:33:00;909402N262;10249;37.133;51;235;235;235;234;14.529;50.00;489.4;8.284;608.6;4.579;740.2;4.848;60;0;0;14.531;14.575;14.482;3421;3431;3395;50.00;50.00;50.00;6948;1000;0.0;0;0.0000;0;0;37133;37133;37133
60;2014-05-09 14:34:00;909402N262;10232;37.303;51;235;236;236;234;14.505;50.01;488.3;8.280;608.8;4.576;738.9;4.847;60;0;0;14.520;14.562;14.434;3423;3432;3374;50.01;50.01;50.01;6948;1000;0.0;0;0.0000;0;0;37303;37303;37303
60;2014-05-09 14:35:00;909402N262;10227;37.473;51;235;236;236;234;14.499;50.01;488.4;8.280;609.6;4.570;737.7;4.850;60;0;0;14.507;14.574;14.416;3420;3437;3369;50.01;50.01;50.01;6948;1000;0.0;0;0.0000;0;0;37473;37473;37473
60;2014-05-09 14:36:00;909402N262;10215;37.644;51;235;236;235;234;14.476;50.00;488.7;8.269;609.7;4.564;736.8;4.847;60;0;0;14.469;14.520;14.441;3409;3418;3385;50.00;50.00;50.00;6948;1000;0.0;0;0.0000;0;0;37644;37644;37644
60;2014-05-09 14:37:00;909402N262;10208;37.813;51;235;236;235;234;14.466;49.99;488.1;8.270;609.8;4.561;736.2;4.849;60;0;0;14.469;14.512;14.419;3411;3413;3380;49.99;49.99;49.99;6948;1000;0.0;0;0.0000;0;0;37813;37813;37813
60;2014-05-09 14:38:00;909402N262;10211;37.983;51;235;236;235;235;14.462;50.01;487.9;8.275;609.8;4.563;735.8;4.856;60;0;0;14.462;14.486;14.439;3411;3409;3390;50.01;50.01;50.01;6948;1000;0.0;0;0.0000;0;0;37983;37983;37983
60;2014-05-09 14:39:00;909402N262;10210;38.154;51;235;235;235;235;14.474;50.01;488.1;8.272;610.0;4.561;735.3;4.857;60;0;0;14.460;14.505;14.459;3403;3411;3393;50.01;50.01;50.01;6948;1000;0.0;0;0.0000;0;0;38154;38154;38154
60;2014-05-09 14:40:00;909402N262;10221;38.325;51;235;235;234;235;14.515;49.99;488.8;8.273;611.0;4.555;734.1;4.868;60;0;0;14.507;14.521;14.517;3409;3403;3407;49.99;49.99;49.99;6948;1000;0.0;0;0.0000;0;0;38325;38325;38325
60;2014-05-09 14:41:00;909402N262;10184;38.493;51;235;235;234;235;14.444;50.01;489.7;8.239;611.6;4.532;733.7;4.848;60;0;0;14.452;14.417;14.463;3400;3386;3395;50.01;50.01;50.01;6948;1000;0.0;0;0.0000;0;0;38493;38493;38493
60;2014-05-09 14:42:00;909402N262;10096;38.662;51;235;235;234;235;14.325;50.01;490.7;8.138;611.9;4.505;733.8;4.785;60;0;0;14.296;14.305;14.374;3360;3353;3374;50.01;50.01;50.01;6948;1000;0.0;0;0.0000;0;0;38662;38662;38662
60;2014-05-09 14:43:00;909402N262;7003;38.778;51;234;234;233;234;9.969;50.01;498.3;5.661;605.6;3.334;730.4;3.160;60;0;0;9.951;9.943;10.013;2329;2330;2341;50.01;50.01;50.01;6948;1000;0.0;0;0.0000;0;0;38778;38778;38778
60;2014-05-09 14:44:00;909402N262;9827;38.942;51;234;235;234;234;13.971;50.01;493.5;7.985;612.0;4.462;738.4;4.534;60;0;0;13.966;13.933;14.015;3277;3264;3283;50.01;50.01;50.01;6948;1000;0.0;0;0.0000;0;0;38942;38942;38942
60;2014-05-09 14:45:00;909402N262;10847;39.122;51;234;235;234;234;15.400;49.98;490.3;8.739;612.2;4.807;738.6;5.127;60;0;0;15.432;15.364;15.406;3625;3601;3610;49.98;49.98;49.98;6948;1000;0.0;0;0.0000;0;0;39122;39122;39122
60;2014-05-09 14:46:00;909402N262;10728;39.301;51;234;235;234;234;15.233;49.99;487.5;8.728;601.7;4.855;733.3;5.124;60;0;0;15.274;15.190;15.237;3590;3562;3573;49.99;49.99;49.99;6948;1000;0.0;0;0.0000;0;0;39301;39301;39301
60;2014-05-09 14:47:00;909402N262;7321;39.424;51;234;234;233;234;10.488;49.99;497.4;5.938;606.5;3.448;726.9;3.290;60;0;0;10.463;10.507;10.494;2446;2437;2448;49.99;49.99;49.99;6948;1000;0.0;0;0.0000;0;0;39424;39424;39424
60;2014-05-09 14:48:00;909402N262;9773;39.587;51;234;235;234;235;13.943;49.99;496.0;7.802;613.2;4.428;737.7;4.591;60;0;0;13.897;13.962;13.970;3258;3238;3277;49.99;49.99;49.99;6948;1000;0.0;0;0.0000;0;0;39587;39587;39587
60;2014-05-09 14:49:00;909402N262;7503;39.712;51;234;234;233;235;10.662;49.99;502.9;5.990;610.8;3.452;735.1;3.361;60;0;0;10.647;10.583;10.758;2496;2485;2520;49.99;49.99;49.99;6948;1000;0.0;0;0.0000;0;0;39712;39712;39712
60;2014-05-09 14:50:00;909402N262;9593;39.872;51;234;234;234;235;13.662;50.02;499.5;7.596;613.7;4.281;741.0;4.479;60;0;0;13.562;13.714;13.710;3168;3201;3218;50.02;50.02;50.02;6948;1000;0.0;0;0.0000;0;0;39872;39872;39872
60;2014-05-09 14:51:00;909402N262;11884;40.069;51;235;234;235;234;16.885;50.02;491.3;9.502;614.7;5.326;739.6;5.634;60;0;0;16.814;16.927;16.914;3937;3980;3965;50.02;50.02;50.02;6948;1000;0.0;0;0.0000;0;0;40069;40069;40069
60;2014-05-09 14:52:00;909402N262;11388;40.260;51;235;234;235;234;16.205;50.01;490.3;9.138;612.0;5.200;735.8;5.356;60;0;0;16.127;16.273;16.216;3776;3813;3799;50.01;50.01;50.01;6948;1000;0.0;0;0.0000;0;0;40260;40260;40260
60;2014-05-09 14:53:00;909402N262;11753;40.455;51;234;234;235;235;16.703;50.01;487.3;9.436;610.1;5.322;733.1;5.625;60;0;0;16.633;16.737;16.740;3892;3931;3927;50.01;50.01;50.01;6948;1000;0.0;0;0.0000;0;0;40455;40455;40455
60;2014-05-09 14:54:00;909402N262;11836;40.652;51;234;234;235;235;16.823;50.01;486.4;9.510;608.7;5.382;731.8;5.678;60;0;0;16.752;16.860;16.859;3918;3959;3957;50.01;50.01;50.01;6948;1000;0.0;0;0.0000;0;0;40652;40652;40652
60;2014-05-09 14:55:00;909402N262;10262;40.825;51;234;234;234;235;14.604;50.02;490.5;8.200;606.4;4.813;728.9;4.754;60;0;0;14.505;14.673;14.634;3391;3416;3439;50.02;50.02;50.02;6948;1000;0.0;0;0.0000;0;0;40825;40825;40825
60;2014-05-09 14:56:00;909402N262;8435;40.966;51;234;234;234;235;12.055;50.00;493.8;6.643;603.7;4.017;726.6;3.854;60;0;0;11.928;12.159;12.080;2790;2814;2834;50.00;50.00;50.00;6948;1000;0.0;0;0.0000;0;0;40966;40966;40966
60;2014-05-09 14:57:00;909402N262;4254;41.036;52;233;233;233;234;6.129;50.00;496.9;3.439;597.8;2.037;715.1;1.957;60;0;0;6.064;6.155;6.170;1398;1423;1431;50.00;50.00;50.00;6948;1000;0.0;0;0.0000;0;0;41036;41036;41036
60;2014-05-09 14:58:00;909402N262;11339;41.225;51;235;234;235;235;16.116;50.01;491.7;8.983;613.0;5.003;739.7;5.510;60;0;0;16.055;16.106;16.189;3760;3788;3811;50.01;50.01;50.01;6948;1000;0.0;0;0.0000;0;0;41225;41225;41225
60;2014-05-09 14:59:00;909402N262;7206;41.344;51;234;233;235;235;10.273;50.01;498.3;5.721;607.3;3.206;731.6;3.459;60;0;0;10.185;10.326;10.308;2372;2418;2414;50.01;50.01;50.01;6948;1000;0.0;0;0.0000;0;0;41344;41344;41344
60;2014-05-09 15:00:00;909402N262;11280;41.534;51;235;234;236;235;16.012;49.98;491.5;9.014;612.0;5.058;739.0;5.355;60;0;0;15.897;16.113;16.026;3718;3792;3767;49.98;49.98;49.98;6948;1000;0.0;0;0.0000;0;0;41534;41534;41534
[wr_ende]
