20141101;090001;danfoss;My Plant;+0100
[wr_def_start]
909402N262;Inverter Type;Inverter Group;Hanzl
[wr_def_end]
[wr]
INTERVAL;TIMESTAMP;SERIAL;P_AC;E_DAY;T_WR;U_AC;U_AC_1;U_AC_2;U_AC_3;I_AC;F_AC;U_DC_1;I_DC_1;U_DC_2;I_DC_2;U_DC_3;I_DC_3;S;E_WR;M_WR;I_AC_1;I_AC_2;I_AC_3;P_AC_1;P_AC_2;P_AC_3;F_AC_1;F_AC_2;F_AC_3;R_DC;PC;PCS;PCS_LL;COS_PHI;COS_PHI_LL;S_COS_PHI;Current_Day_Energy;current_Day_Offset;ccEnergyOfDay_WithoutOffset
60;2014-11-01 08:01:00;909402N262;571;0.371;28;234;234;232;236;1.087;50.02;525.7;0.495;625.5;0.234;396.0;0.453;60;0;0;1.054;0.939;1.269;180;148;241;50.02;50.02;50.02;7628;1000;0.0;0;1.0000;0;2;371;371;371
60;2014-11-01 08:02:00;909402N262;585;0.381;28;234;234;233;236;1.125;50.01;501.4;0.531;649.4;0.231;400.5;0.456;60;0;0;1.175;0.954;1.247;211;144;229;50.01;50.01;50.01;7628;1000;0.0;0;1.0000;0;2;381;381;381
60;2014-11-01 08:03:00;909402N262;594;0.391;28;234;234;233;236;1.075;50.00;503.6;0.537;650.3;0.232;400.7;0.463;60;0;0;0.769;1.076;1.382;104;182;306;50.00;50.00;50.00;7628;1000;0.0;0;1.0000;0;2;391;391;391
60;2014-11-01 08:04:00;909402N262;619;0.400;28;234;233;234;235;1.110;49.99;507.3;0.552;652.0;0.245;401.1;0.481;60;0;0;0.767;1.125;1.438;106;191;320;49.99;49.99;49.99;7628;1000;0.0;0;1.0000;0;2;400;400;400
60;2014-11-01 08:05:00;909402N262;617;0.411;28;234;233;234;235;1.106;49.99;507.0;0.552;647.3;0.247;400.7;0.474;60;0;0;0.767;1.119;1.434;106;190;319;49.99;49.99;49.99;7628;1000;0.0;0;1.0000;0;2;411;411;411
60;2014-11-01 08:06:00;909402N262;642;0.422;28;234;233;234;235;1.141;49.98;509.7;0.567;647.9;0.262;401.5;0.493;60;0;0;0.770;1.168;1.486;107;201;332;49.98;49.98;49.98;7628;1000;0.0;0;1.0000;0;2;422;422;422
60;2014-11-01 08:07:00;909402N262;653;0.433;28;234;233;233;236;1.154;49.99;509.3;0.574;648.5;0.270;401.9;0.497;60;0;0;0.770;1.190;1.504;108;206;337;49.99;49.99;49.99;7628;1000;0.0;0;1.0000;0;2;433;433;433
60;2014-11-01 08:08:00;909402N262;681;0.445;28;234;233;233;236;1.197;49.99;512.4;0.591;654.7;0.284;403.9;0.511;60;0;0;0.785;1.244;1.564;110;217;351;49.99;49.99;49.99;7628;1000;0.0;0;1.0000;0;2;445;445;445
60;2014-11-01 08:09:00;909402N262;637;0.454;28;234;233;233;236;1.133;49.98;510.4;0.562;654.4;0.263;400.2;0.481;60;0;0;0.766;1.159;1.475;107;199;330;49.98;49.98;49.98;7628;1000;0.0;0;1.0000;0;2;454;454;454
60;2014-11-01 08:10:00;909402N262;630;0.465;28;234;234;234;235;1.128;49.99;511.3;0.555;653.7;0.261;399.8;0.472;60;0;0;0.772;1.150;1.463;106;196;326;49.99;49.99;49.99;7628;1000;0.0;0;1.0000;0;2;465;465;465
60;2014-11-01 08:11:00;909402N262;551;0.474;28;234;234;234;235;1.068;49.99;506.0;0.494;643.4;0.232;396.7;0.415;60;0;0;0.857;1.041;1.306;123;172;255;49.99;49.99;49.99;7628;1000;0.0;0;1.0000;0;2;474;474;474
60;2014-11-01 08:12:00;909402N262;537;0.484;28;234;234;234;235;1.054;49.99;505.0;0.477;637.9;0.235;395.6;0.403;60;0;0;0.997;0.955;1.211;167;147;221;49.99;49.99;49.99;7628;1000;0.0;0;1.0000;0;2;484;484;484
60;2014-11-01 08:13:00;909402N262;542;0.493;28;234;234;234;235;1.075;49.98;505.6;0.474;636.0;0.245;395.3;0.403;60;0;0;1.244;0.855;1.128;236;117;186;49.98;49.98;49.98;7628;1000;0.0;0;1.0000;0;2;493;493;493
60;2014-11-01 08:14:00;909402N262;587;0.503;28;234;234;234;235;1.131;49.97;509.6;0.499;636.6;0.276;397.1;0.430;60;0;0;1.218;0.926;1.250;217;139;229;49.97;49.97;49.97;7628;1000;0.0;0;1.0000;0;2;503;503;503
60;2014-11-01 08:15:00;909402N262;651;0.513;28;234;234;233;235;1.308;49.98;515.1;0.534;649.6;0.312;398.5;0.463;60;0;0;1.262;1.322;1.342;200;223;227;49.98;49.98;49.98;7628;1000;0.0;0;1.0000;0;2;513;513;513
60;2014-11-01 08:16:00;909402N262;699;0.525;29;234;233;233;235;1.387;49.98;519.8;0.564;640.7;0.345;399.2;0.491;60;0;0;1.342;1.406;1.414;217;240;240;49.98;49.98;49.98;7628;1000;0.0;0;1.0000;0;2;525;525;525
60;2014-11-01 08:17:00;909402N262;719;0.536;29;234;234;233;235;1.406;49.99;549.8;0.536;674.0;0.347;399.9;0.495;60;0;0;1.365;1.424;1.430;224;245;247;49.99;49.99;49.99;7628;1000;0.0;0;1.0000;0;2;536;536;536
60;2014-11-01 08:18:00;909402N262;736;0.549;29;234;233;233;235;1.423;49.99;550.7;0.537;665.3;0.373;401.2;0.498;60;0;0;1.377;1.443;1.450;229;252;253;49.99;49.99;49.99;7628;1000;0.0;0;1.0000;0;2;549;549;549
60;2014-11-01 08:19:00;909402N262;780;0.562;29;234;233;233;235;1.470;49.99;554.0;0.561;676.8;0.396;403.8;0.518;60;0;0;1.419;1.493;1.499;242;267;268;49.99;49.99;49.99;7628;1000;0.0;0;1.0000;0;2;562;562;562
60;2014-11-01 08:20:00;909402N262;821;0.576;29;234;233;233;235;1.514;49.99;556.4;0.583;681.8;0.422;403.7;0.541;60;0;0;1.459;1.542;1.543;255;282;282;49.99;49.99;49.99;7628;1000;0.0;0;1.0000;0;2;576;576;576
60;2014-11-01 08:21:00;909402N262;846;0.590;29;234;232;234;235;1.540;49.99;557.9;0.596;678.7;0.441;404.3;0.553;60;0;0;1.482;1.572;1.568;263;292;290;49.99;49.99;49.99;7628;1000;0.0;0;1.0000;0;2;590;590;590
60;2014-11-01 08:22:00;909402N262;849;0.604;29;234;233;234;235;1.544;49.99;558.5;0.601;680.1;0.439;403.2;0.557;60;0;0;1.488;1.573;1.571;264;292;291;49.99;49.99;49.99;7628;1000;0.0;0;1.0000;0;2;604;604;604
60;2014-11-01 08:23:00;909402N262;859;0.618;29;234;233;234;235;1.555;49.99;559.3;0.610;681.4;0.440;403.5;0.565;60;0;0;1.498;1.586;1.583;267;296;294;49.99;49.99;49.99;7628;1000;0.0;0;1.0000;0;2;618;618;618
60;2014-11-01 08:24:00;909402N262;871;0.633;29;234;232;234;235;1.568;49.99;561.6;0.619;683.0;0.442;404.7;0.573;60;0;0;1.507;1.607;1.592;270;301;297;49.99;49.99;49.99;7628;1000;0.0;0;1.0000;0;2;633;633;633
60;2014-11-01 08:25:00;909402N262;864;0.647;29;234;232;234;235;1.560;49.99;562.4;0.617;678.7;0.434;404.8;0.573;60;0;0;1.503;1.596;1.582;269;298;294;50.00;49.99;49.99;7628;1000;0.0;0;1.0000;0;2;647;647;647
60;2014-11-01 08:26:00;909402N262;873;0.661;29;234;233;234;235;1.569;50.01;562.4;0.625;675.5;0.441;404.6;0.578;60;0;0;1.516;1.603;1.589;273;301;297;50.01;50.01;50.01;7628;1000;0.0;0;1.0000;0;2;661;661;661
60;2014-11-01 08:27:00;909402N262;905;0.677;29;234;232;234;235;1.605;50.00;563.5;0.637;678.0;0.462;404.6;0.600;60;0;0;1.549;1.638;1.628;283;311;308;50.00;50.00;50.00;7628;1000;0.0;0;1.0000;0;2;677;677;677
60;2014-11-01 08:28:00;909402N262;915;0.693;29;234;233;233;235;1.618;50.00;563.8;0.644;680.5;0.468;404.8;0.601;60;0;0;1.565;1.648;1.643;287;313;313;50.00;50.00;50.00;7628;1000;0.0;0;1.0000;0;2;693;693;693
60;2014-11-01 08:29:00;909402N262;938;0.708;29;234;233;233;235;1.644;49.99;565.6;0.669;669.1;0.474;406.8;0.623;60;0;0;1.589;1.674;1.670;295;321;320;49.99;49.99;49.99;7628;1000;0.0;0;1.0000;0;2;708;708;708
60;2014-11-01 08:30:00;909402N262;945;0.724;30;234;232;234;235;1.651;50.00;565.2;0.683;665.7;0.469;407.5;0.632;60;0;0;1.593;1.686;1.674;296;325;322;50.00;50.00;50.00;7628;1000;0.0;0;1.0000;0;2;724;724;724
60;2014-11-01 08:31:00;909402N262;944;0.740;30;234;232;234;235;1.651;50.02;557.7;0.705;666.8;0.464;407.2;0.639;60;0;0;1.591;1.691;1.673;295;326;321;50.02;50.02;50.02;7628;1000;0.0;0;1.0000;0;2;740;740;740
60;2014-11-01 08:32:00;909402N262;966;0.755;30;234;232;235;235;1.673;50.01;540.8;0.748;681.6;0.457;407.4;0.646;60;0;0;1.614;1.713;1.693;303;334;328;50.01;50.01;50.01;7628;1000;0.0;0;1.0000;0;2;755;755;755
60;2014-11-01 08:33:00;909402N262;975;0.772;30;234;232;234;235;1.683;50.01;540.2;0.759;679.0;0.457;407.8;0.655;60;0;0;1.624;1.718;1.707;306;334;333;50.01;50.01;50.01;7628;1000;0.0;0;1.0000;0;2;772;772;772
60;2014-11-01 08:34:00;909402N262;999;0.789;30;234;233;234;235;1.710;50.01;544.1;0.775;667.6;0.475;408.3;0.669;60;0;0;1.652;1.744;1.735;314;342;341;50.01;50.01;50.01;7628;1000;0.0;0;1.0000;0;2;789;789;789
60;2014-11-01 08:35:00;909402N262;1012;0.805;30;234;233;233;235;1.728;50.00;544.0;0.780;650.4;0.503;408.5;0.671;60;0;0;1.673;1.757;1.755;320;344;346;50.00;50.00;50.00;7628;1000;0.0;0;1.0000;0;2;805;805;805
60;2014-11-01 08:36:00;909402N262;1020;0.822;30;233;234;232;234;1.739;50.00;544.1;0.788;649.5;0.505;409.1;0.675;60;0;0;1.691;1.763;1.764;326;346;347;50.00;50.00;50.00;7628;1000;0.0;0;1.0000;0;2;822;822;822
60;2014-11-01 08:37:00;909402N262;1027;0.840;30;233;234;232;235;1.746;50.00;545.3;0.795;643.7;0.510;409.1;0.679;60;0;0;1.698;1.764;1.778;328;346;351;50.00;50.00;50.00;7628;1000;0.0;0;1.0000;0;2;840;840;840
60;2014-11-01 08:38:00;909402N262;1058;0.857;30;233;234;232;234;1.783;50.00;547.1;0.812;638.8;0.535;409.9;0.696;60;0;0;1.733;1.804;1.812;338;357;361;50.00;50.00;50.00;7628;1000;0.0;0;1.0000;0;2;857;857;857
60;2014-11-01 08:39:00;909402N262;1052;0.875;30;233;233;232;234;1.777;49.99;546.7;0.815;632.8;0.529;409.8;0.698;60;0;0;1.727;1.803;1.802;335;357;358;49.99;49.99;49.99;7628;1000;0.0;0;1.0000;0;2;875;875;875
60;2014-11-01 08:40:00;909402N262;1027;0.892;30;233;233;233;234;1.746;50.00;546.2;0.801;607.1;0.534;409.6;0.682;60;0;0;1.695;1.774;1.771;326;350;349;50.00;50.00;50.00;7628;1000;0.0;0;1.0000;0;2;892;892;892
60;2014-11-01 08:41:00;909402N262;1028;0.910;30;233;233;233;234;1.749;50.01;546.4;0.807;610.3;0.524;409.7;0.690;60;0;0;1.694;1.781;1.772;326;351;350;50.01;50.01;50.01;7628;1000;0.0;0;1.0000;0;2;910;910;910
60;2014-11-01 08:42:00;909402N262;1025;0.927;30;233;232;233;234;1.744;50.01;546.9;0.812;589.5;0.526;407.8;0.700;60;0;0;1.686;1.776;1.770;323;349;350;50.01;50.01;50.01;7628;1000;0.0;0;1.0000;0;2;927;927;927
60;2014-11-01 08:43:00;909402N262;1035;0.944;30;233;232;232;235;1.757;50.01;547.3;0.821;563.7;0.551;402.6;0.722;60;0;0;1.699;1.786;1.786;327;352;354;50.01;50.01;50.01;7628;1000;0.0;0;1.0000;0;2;944;944;944
60;2014-11-01 08:44:00;909402N262;1074;0.961;30;233;233;232;234;1.803;50.01;550.2;0.845;556.6;0.581;398.3;0.758;60;0;0;1.748;1.830;1.832;342;364;366;50.01;50.01;50.01;7628;1000;0.0;0;1.0000;0;2;961;961;961
60;2014-11-01 08:45:00;909402N262;1088;0.980;31;234;233;233;235;1.819;49.99;551.2;0.863;568.3;0.562;398.9;0.776;60;0;0;1.768;1.844;1.846;348;369;370;49.99;49.99;49.99;7628;1000;0.0;0;1.0000;0;2;980;980;980
60;2014-11-01 08:46:00;909402N262;1121;0.998;31;233;233;232;235;1.861;49.99;507.8;1.063;618.5;0.558;402.9;0.790;60;0;0;1.809;1.883;1.891;358;379;382;49.99;49.99;49.99;7628;1000;0.0;0;1.0000;0;2;998;998;998
60;2014-11-01 08:47:00;909402N262;1250;1.019;31;234;233;233;235;2.017;50.00;327.4;1.905;334.6;1.013;409.9;0.789;60;0;0;1.958;2.050;2.045;400;424;424;50.00;50.00;50.00;7628;1000;0.0;0;1.0000;0;2;1019;1019;1019
60;2014-11-01 08:48:00;909402N262;1284;1.041;31;233;233;233;234;2.061;50.00;337.6;1.911;336.6;1.035;408.6;0.801;60;0;0;2.004;2.092;2.088;412;435;436;50.00;50.00;50.00;7628;1000;0.0;0;1.0000;0;2;1041;1041;1041
60;2014-11-01 08:49:00;909402N262;1332;1.063;31;233;233;233;234;2.122;50.00;342.6;1.976;337.4;1.065;410.2;0.812;60;0;0;2.067;2.153;2.147;428;451;451;49.99;49.99;49.99;7628;1000;0.0;0;1.0000;0;2;1063;1063;1063
60;2014-11-01 08:50:00;909402N262;1350;1.086;31;233;232;233;234;2.147;49.99;346.8;2.015;340.4;1.042;413.0;0.808;60;0;0;2.081;2.188;2.172;431;460;457;49.99;49.99;49.99;7628;1000;0.0;0;1.0000;0;2;1086;1086;1086
60;2014-11-01 08:51:00;909402N262;1353;1.107;31;233;232;233;235;2.150;50.00;346.7;2.033;340.8;1.020;404.7;0.835;60;0;0;2.081;2.191;2.178;431;461;459;50.00;50.00;50.00;7628;1000;0.0;0;1.0000;0;2;1107;1107;1107
60;2014-11-01 08:52:00;909402N262;1380;1.131;31;233;232;233;235;2.184;49.99;346.2;2.093;340.7;1.028;404.7;0.848;60;0;0;2.114;2.230;2.210;440;472;467;49.99;49.99;49.99;7628;1000;0.0;0;1.0000;0;2;1131;1131;1131
60;2014-11-01 08:53:00;909402N262;1421;1.154;31;233;232;234;234;2.238;49.99;357.6;2.126;338.6;1.038;406.2;0.857;60;0;0;2.171;2.285;2.258;454;486;479;49.99;49.99;49.99;7628;1000;0.0;0;1.0000;0;2;1154;1154;1154
60;2014-11-01 08:54:00;909402N262;1446;1.178;31;233;232;233;234;2.269;50.00;356.5;2.175;335.3;1.065;404.2;0.873;60;0;0;2.208;2.309;2.290;465;492;488;50.00;50.00;50.00;7628;1000;0.0;0;1.0000;0;2;1178;1178;1178
60;2014-11-01 08:55:00;909402N262;1452;1.204;31;233;233;233;234;2.275;49.99;356.3;2.182;338.0;1.057;400.4;0.888;60;0;0;2.213;2.317;2.296;466;494;489;49.99;49.99;49.99;7628;1000;0.0;0;1.0000;0;2;1204;1204;1204
60;2014-11-01 08:56:00;909402N262;1416;1.227;31;233;232;233;234;2.229;49.99;355.3;2.131;341.6;1.002;397.7;0.893;60;0;0;2.159;2.273;2.256;452;483;479;49.99;49.99;49.99;7628;1000;0.0;0;1.0000;0;2;1227;1227;1227
60;2014-11-01 08:57:00;909402N262;1433;1.251;31;233;232;233;234;2.251;50.00;366.6;2.109;341.6;0.993;404.4;0.887;60;0;0;2.184;2.292;2.277;458;488;485;50.00;50.00;50.00;7628;1000;0.0;0;1.0000;0;2;1251;1251;1251
60;2014-11-01 08:58:00;909402N262;1450;1.275;31;233;232;233;235;2.274;49.99;377.0;2.117;339.9;0.973;399.9;0.898;60;0;0;2.205;2.308;2.309;464;491;493;49.99;49.99;49.99;7628;1000;0.0;0;1.0000;0;2;1275;1275;1275
60;2014-11-01 08:59:00;909402N262;1440;1.298;31;234;233;233;235;2.257;49.98;375.6;2.108;335.8;0.979;394.6;0.905;60;0;0;2.193;2.288;2.292;462;486;490;49.98;49.98;49.98;7628;1000;0.0;0;1.0000;0;2;1298;1298;1298
60;2014-11-01 09:00:00;909402N262;1436;1.322;32;234;233;233;235;2.252;49.99;375.5;2.122;340.4;0.936;410.2;0.873;60;0;0;2.184;2.283;2.289;459;485;490;49.99;49.99;49.99;7628;1000;0.0;0;1.0000;0;2;1322;1322;1322
[wr_ende]
