20140430;120000;danfoss;My Plant;+0100
[wr_def_start]
909402N262;Inverter Type;Inverter Group;Hanzl
[wr_def_end]
[wr]
INTERVAL;TIMESTAMP;SERIAL;P_AC;E_DAY;T_WR;U_AC;U_AC_1;U_AC_2;U_AC_3;I_AC;F_AC;U_DC_1;I_DC_1;U_DC_2;I_DC_2;U_DC_3;I_DC_3;S;E_WR;M_WR;I_AC_1;I_AC_2;I_AC_3;P_AC_1;P_AC_2;P_AC_3;F_AC_1;F_AC_2;F_AC_3;R_DC;PC;PCS;PCS_LL;COS_PHI;COS_PHI_LL;S_COS_PHI;Current_Day_Energy;current_Day_Offset;ccEnergyOfDay_WithoutOffset
60;2014-04-30 11:01:00;909402N262;6902;10.213;43;236;237;236;236;9.756;49.96;526.4;5.386;629.2;3.091;777.0;2.893;60;0;0;9.760;9.773;9.736;2307;2305;2288;49.96;49.96;49.96;5454;1000;0.0;0;0.0000;0;0;10213;10213;10213
60;2014-04-30 11:02:00;909402N262;6906;10.329;43;237;237;237;236;9.743;49.98;530.0;5.349;641.5;3.079;777.0;2.838;60;0;0;9.724;9.798;9.707;2304;2317;2283;49.98;49.98;49.98;5454;1000;0.0;0;0.0000;0;0;10329;10329;10329
60;2014-04-30 11:03:00;909402N262;4843;10.410;43;236;237;237;235;6.869;49.99;538.4;3.722;627.0;2.261;766.2;1.953;60;0;0;6.853;6.909;6.847;1615;1628;1599;49.99;49.99;49.99;5454;1000;0.0;0;0.0000;0;0;10410;10410;10410
60;2014-04-30 11:04:00;909402N262;4652;10.487;43;236;237;236;236;6.605;49.99;538.8;3.596;624.3;2.108;771.0;1.901;60;0;0;6.574;6.639;6.603;1547;1559;1546;49.99;49.99;49.99;5454;1000;0.0;0;0.0000;0;0;10487;10487;10487
60;2014-04-30 11:05:00;909402N262;6754;10.600;44;236;237;236;236;9.544;50.00;532.2;5.227;644.4;2.904;779.7;2.835;60;0;0;9.521;9.577;9.534;2249;2261;2242;50.00;50.00;50.00;5454;1000;0.0;0;0.0000;0;0;10600;10600;10600
60;2014-04-30 11:06:00;909402N262;7475;10.725;44;236;237;237;235;10.551;50.01;529.7;5.801;644.9;3.259;779.4;3.107;60;0;0;10.551;10.577;10.525;2498;2499;2475;50.01;50.01;50.01;5454;1000;0.0;0;0.0000;0;0;10725;10725;10725
60;2014-04-30 11:07:00;909402N262;7441;10.849;44;236;237;236;235;10.509;50.00;527.0;5.807;644.6;3.245;778.3;3.096;60;0;0;10.512;10.538;10.479;2489;2487;2463;50.00;50.00;50.00;5454;1000;0.0;0;0.0000;0;0;10849;10849;10849
60;2014-04-30 11:08:00;909402N262;7325;10.971;44;237;237;237;236;10.328;50.00;525.8;5.731;644.5;3.189;778.2;3.050;60;0;0;10.309;10.383;10.293;2442;2459;2422;50.00;50.00;50.00;5454;1000;0.0;0;0.0000;0;0;10971;10971;10971
60;2014-04-30 11:09:00;909402N262;7329;11.093;44;237;237;237;235;10.339;49.99;524.9;5.739;644.0;3.195;777.9;3.055;60;0;0;10.324;10.391;10.304;2447;2459;2421;49.99;49.99;49.99;5454;1000;0.0;0;0.0000;0;0;11093;11093;11093
60;2014-04-30 11:10:00;909402N262;7469;11.216;44;237;238;237;235;10.532;50.00;523.8;5.848;643.1;3.260;777.8;3.125;60;0;0;10.526;10.578;10.494;2497;2503;2467;50.00;50.00;50.00;5454;1000;0.0;0;0.0000;0;0;11216;11216;11216
60;2014-04-30 11:11:00;909402N262;7632;11.344;44;236;237;237;235;10.767;49.99;522.6;5.986;641.7;3.336;778.3;3.197;60;0;0;10.763;10.819;10.720;2553;2559;2519;49.99;49.99;49.99;5454;1000;0.0;0;0.0000;0;0;11344;11344;11344
60;2014-04-30 11:12:00;909402N262;7705;11.473;44;237;237;237;236;10.868;49.99;534.8;5.920;640.3;3.370;777.6;3.228;60;0;0;10.851;10.908;10.845;2570;2579;2554;49.99;49.99;49.99;5454;1000;0.0;0;0.0000;0;0;11473;11473;11473
60;2014-04-30 11:13:00;909402N262;7775;11.602;44;236;237;236;236;10.972;50.01;540.8;5.927;639.9;3.392;777.2;3.253;60;0;0;10.951;10.982;10.983;2593;2592;2589;50.01;50.01;50.01;5454;1000;0.0;0;0.0000;0;0;11602;11602;11602
60;2014-04-30 11:14:00;909402N262;7854;11.734;44;237;237;237;236;11.076;50.01;536.4;6.059;639.6;3.426;776.7;3.274;60;0;0;11.052;11.097;11.080;2615;2622;2614;50.01;50.01;50.01;5454;1000;0.0;0;0.0000;0;0;11734;11734;11734
60;2014-04-30 11:15:00;909402N262;7712;11.861;44;236;237;236;236;10.887;50.00;531.7;6.015;638.8;3.364;775.8;3.211;60;0;0;10.877;10.918;10.866;2574;2578;2558;50.00;50.00;50.00;5454;1000;0.0;0;0.0000;0;0;11861;11861;11861
60;2014-04-30 11:16:00;909402N262;7753;11.992;44;236;237;236;236;10.935;50.01;524.7;6.142;626.2;3.445;771.9;3.267;60;0;0;10.920;10.929;10.957;2584;2579;2587;50.01;50.01;50.01;5454;1000;0.0;0;0.0000;0;0;11992;11992;11992
60;2014-04-30 11:17:00;909402N262;6803;12.105;45;236;237;236;236;9.646;50.01;529.5;5.371;633.4;3.072;768.1;2.741;60;0;0;9.605;9.675;9.659;2263;2267;2272;50.01;50.01;50.01;5454;1000;0.0;0;0.0000;0;0;12105;12105;12105
60;2014-04-30 11:18:00;909402N262;3247;12.159;45;235;236;235;235;4.676;50.00;535.1;2.463;615.6;1.489;753.9;1.393;60;0;0;4.636;4.692;4.702;1075;1083;1087;50.00;50.01;50.00;5454;1000;0.0;0;0.0000;0;0;12159;12159;12159
60;2014-04-30 11:19:00;909402N262;6708;12.270;45;236;236;236;236;9.503;50.01;537.0;5.046;638.0;2.913;777.0;2.909;60;0;0;9.480;9.496;9.533;2232;2235;2239;50.01;50.01;50.01;5454;1000;0.0;0;0.0000;0;0;12270;12270;12270
60;2014-04-30 11:20:00;909402N262;7861;12.402;45;236;237;236;236;11.116;49.99;530.0;6.166;639.2;3.400;777.9;3.279;60;0;0;11.092;11.132;11.125;2618;2623;2619;49.99;49.99;49.99;5454;1000;0.0;0;0.0000;0;0;12402;12402;12402
60;2014-04-30 11:21:00;909402N262;7930;12.533;45;236;237;236;235;11.227;50.00;527.9;6.253;637.9;3.438;777.1;3.306;60;0;0;11.225;11.243;11.214;2652;2647;2631;50.00;50.00;50.00;5454;1000;0.0;0;0.0000;0;0;12533;12533;12533
60;2014-04-30 11:22:00;909402N262;8004;12.667;45;236;237;236;234;11.340;50.00;526.5;6.326;636.1;3.482;776.8;3.339;60;0;0;11.349;11.382;11.289;2683;2681;2638;50.00;50.00;50.00;5454;1000;0.0;0;0.0000;0;0;12667;12667;12667
60;2014-04-30 11:23:00;909402N262;8019;12.802;45;236;237;236;235;11.358;49.99;525.7;6.351;636.3;3.490;776.1;3.348;60;0;0;11.360;11.407;11.307;2686;2687;2645;49.99;49.99;49.99;5454;1000;0.0;0;0.0000;0;0;12802;12802;12802
60;2014-04-30 11:24:00;909402N262;8045;12.935;45;236;237;236;235;11.394;49.99;525.5;6.368;635.7;3.504;775.1;3.362;60;0;0;11.395;11.429;11.359;2694;2689;2660;49.99;49.99;49.99;5454;1000;0.0;0;0.0000;0;0;12935;12935;12935
60;2014-04-30 11:25:00;909402N262;7969;13.068;45;236;237;236;235;11.275;49.99;524.4;6.319;634.9;3.475;774.7;3.331;60;0;0;11.274;11.312;11.239;2668;2663;2636;49.99;49.99;49.99;5454;1000;0.0;0;0.0000;0;0;13068;13068;13068
60;2014-04-30 11:26:00;909402N262;7916;13.199;45;237;238;237;235;11.172;49.99;524.3;6.265;635.0;3.467;773.4;3.311;60;0;0;11.184;11.215;11.119;2654;2648;2611;49.99;49.99;49.99;5454;1000;0.0;0;0.0000;0;0;13199;13199;13199
60;2014-04-30 11:27:00;909402N262;7078;13.318;45;237;238;237;236;10.004;49.99;525.8;5.692;634.1;3.133;769.9;2.869;60;0;0;9.993;10.042;9.979;2366;2366;2345;49.99;49.99;49.99;5454;1000;0.0;0;0.0000;0;0;13318;13318;13318
60;2014-04-30 11:28:00;909402N262;7102;13.437;45;236;237;237;235;10.050;50.00;528.3;5.512;636.7;3.030;774.7;3.071;60;0;0;10.057;10.085;10.009;2379;2378;2344;50.00;50.00;50.00;5454;1000;0.0;0;0.0000;0;0;13437;13437;13437
60;2014-04-30 11:29:00;909402N262;8104;13.572;45;237;238;237;236;11.440;49.99;528.0;6.269;637.8;3.570;775.5;3.421;60;0;0;11.459;11.469;11.392;2717;2707;2677;49.99;49.99;49.99;5454;1000;0.0;0;0.0000;0;0;13572;13572;13572
60;2014-04-30 11:30:00;909402N262;8388;13.712;45;237;238;236;236;11.835;49.99;525.2;6.589;636.0;3.674;775.0;3.527;60;0;0;11.870;11.853;11.783;2817;2796;2772;49.99;49.99;49.99;5454;1000;0.0;0;0.0000;0;0;13712;13712;13712
60;2014-04-30 11:31:00;909402N262;8634;13.853;46;237;238;237;236;12.166;49.98;519.1;6.904;619.3;3.865;773.7;3.656;60;0;0;12.205;12.194;12.099;2901;2886;2846;49.98;49.98;49.98;5454;1000;0.0;0;0.0000;0;0;13853;13853;13853
60;2014-04-30 11:32:00;909402N262;8534;13.996;46;237;237;237;237;12.031;49.99;521.0;6.776;631.6;3.765;772.6;3.586;60;0;0;12.030;12.049;12.015;2851;2845;2837;49.99;49.99;49.99;5454;1000;0.0;0;0.0000;0;0;13996;13996;13996
60;2014-04-30 11:33:00;909402N262;8384;14.137;46;237;237;236;237;11.822;49.98;519.8;6.721;629.9;3.705;770.7;3.489;60;0;0;11.811;11.834;11.823;2795;2791;2796;49.98;49.98;49.98;5454;1000;0.0;0;0.0000;0;0;14137;14137;14137
60;2014-04-30 11:34:00;909402N262;8441;14.278;46;237;237;237;237;11.900;49.99;518.8;6.713;630.0;3.708;773.0;3.581;60;0;0;11.873;11.913;11.914;2807;2814;2818;49.99;49.99;49.99;5454;1000;0.0;0;0.0000;0;0;14278;14278;14278
60;2014-04-30 11:35:00;909402N262;8630;14.422;46;237;237;237;237;12.159;49.99;517.6;6.910;628.5;3.818;772.8;3.627;60;0;0;12.132;12.176;12.169;2871;2878;2880;49.99;49.99;49.99;5454;1000;0.0;0;0.0000;0;0;14422;14422;14422
60;2014-04-30 11:36:00;909402N262;8632;14.566;46;237;237;237;237;12.150;49.99;516.5;6.923;627.3;3.830;771.2;3.631;60;0;0;12.117;12.164;12.170;2869;2877;2884;49.99;49.99;49.99;5454;1000;0.0;0;0.0000;0;0;14566;14566;14566
60;2014-04-30 11:37:00;909402N262;8703;14.710;46;237;237;237;238;12.241;50.00;515.7;6.986;626.2;3.873;770.2;3.663;60;0;0;12.201;12.258;12.266;2891;2901;2908;50.00;50.00;50.00;5454;1000;0.0;0;0.0000;0;0;14710;14710;14710
60;2014-04-30 11:38:00;909402N262;8865;14.858;46;237;237;237;237;12.481;49.99;515.9;7.111;626.3;3.952;770.1;3.732;60;0;0;12.441;12.513;12.489;2943;2963;2957;49.99;49.99;49.99;5454;1000;0.0;0;0.0000;0;0;14858;14858;14858
60;2014-04-30 11:39:00;909402N262;8918;15.007;46;237;238;237;237;12.549;49.99;516.0;7.156;626.1;3.981;769.8;3.749;60;0;0;12.538;12.568;12.542;2975;2972;2968;49.99;49.99;49.99;5454;1000;0.0;0;0.0000;0;0;15007;15007;15007
60;2014-04-30 11:40:00;909402N262;8895;15.155;46;237;238;237;237;12.509;49.99;515.4;7.140;625.6;3.978;769.0;3.743;60;0;0;12.504;12.523;12.501;2970;2962;2961;49.99;49.99;49.99;5454;1000;0.0;0;0.0000;0;0;15155;15155;15155
60;2014-04-30 11:41:00;909402N262;8972;15.304;47;237;238;237;238;12.615;49.98;514.0;7.213;624.0;4.020;768.9;3.787;60;0;0;12.606;12.607;12.632;2993;2980;2996;49.98;49.98;49.98;5454;1000;0.0;0;0.0000;0;0;15304;15304;15304
60;2014-04-30 11:42:00;909402N262;9179;15.457;47;237;238;237;237;12.914;49.97;513.9;7.386;624.0;4.106;769.0;3.878;60;0;0;12.914;12.913;12.915;3066;3053;3059;49.97;49.97;49.97;5454;1000;0.0;0;0.0000;0;0;15457;15457;15457
60;2014-04-30 11:43:00;909402N262;9148;15.610;47;237;238;237;237;12.868;49.98;514.1;7.362;624.3;4.089;767.8;3.868;60;0;0;12.863;12.867;12.875;3053;3042;3050;49.98;49.98;49.98;5454;1000;0.0;0;0.0000;0;0;15610;15610;15610
60;2014-04-30 11:44:00;909402N262;4294;15.682;47;237;237;236;236;6.121;49.99;526.7;3.662;608.5;1.951;739.1;1.640;60;0;0;6.059;6.203;6.102;1424;1439;1429;49.99;49.99;49.99;5454;1000;0.0;0;0.0000;0;0;15682;15682;15682
60;2014-04-30 11:45:00;909402N262;2663;15.725;47;236;237;236;236;3.848;49.99;527.7;2.243;609.3;1.174;737.7;1.077;60;0;0;3.803;3.885;3.858;878;894;889;49.99;49.99;49.99;5454;1000;0.0;0;0.0000;0;0;15725;15725;15725
60;2014-04-30 11:46:00;909402N262;2893;15.774;47;236;236;235;236;4.163;49.99;531.9;2.396;602.3;1.286;747.6;1.189;60;0;0;4.119;4.183;4.187;954;969;970;49.99;49.99;49.99;5454;1000;0.0;0;0.0000;0;0;15774;15774;15774
60;2014-04-30 11:47:00;909402N262;7360;15.897;47;237;237;236;236;10.396;49.98;538.4;5.659;634.5;3.104;775.7;3.160;60;0;0;10.376;10.434;10.378;2453;2453;2442;49.98;49.98;49.98;5454;1000;0.0;0;0.0000;0;0;15897;15897;15897
60;2014-04-30 11:48:00;909402N262;6819;16.010;47;236;237;236;236;9.630;49.99;537.0;5.324;633.2;2.825;774.1;2.922;60;0;0;9.645;9.608;9.639;2280;2273;2265;49.99;49.99;49.99;5454;1000;0.0;0;0.0000;0;0;16010;16010;16010
60;2014-04-30 11:49:00;909402N262;9273;16.165;47;237;238;237;237;13.060;50.01;525.1;7.334;636.6;4.077;780.7;3.821;60;0;0;13.055;13.081;13.045;3100;3087;3084;50.01;50.01;50.01;5454;1000;0.0;0;0.0000;0;0;16165;16165;16165
60;2014-04-30 11:50:00;909402N262;5952;16.264;47;237;237;236;236;8.418;49.99;525.0;4.823;624.3;2.611;762.1;2.374;60;0;0;8.390;8.458;8.407;1980;1981;1975;49.99;49.99;49.99;5454;1000;0.0;0;0.0000;0;0;16264;16264;16264
60;2014-04-30 11:51:00;909402N262;3935;16.330;47;237;237;236;236;5.594;50.00;525.0;3.089;622.1;1.654;754.6;1.773;60;0;0;5.588;5.565;5.631;1305;1319;1310;50.00;50.00;50.00;5454;1000;0.0;0;0.0000;0;0;16330;16330;16330
60;2014-04-30 11:52:00;909402N262;9492;16.486;47;238;238;237;237;13.334;50.02;524.3;7.511;636.3;4.147;781.2;3.944;60;0;0;13.330;13.329;13.345;3172;3153;3164;50.02;50.02;50.02;5454;1000;0.0;0;0.0000;0;0;16486;16486;16486
60;2014-04-30 11:53:00;909402N262;7861;16.618;47;237;238;236;237;11.080;50.02;522.7;6.328;630.7;3.533;771.4;3.158;60;0;0;11.060;11.092;11.090;2627;2606;2626;50.02;50.02;50.02;5454;1000;0.0;0;0.0000;0;0;16618;16618;16618
60;2014-04-30 11:54:00;909402N262;2921;16.666;47;236;237;236;236;4.208;50.02;535.9;2.398;617.4;1.289;750.0;1.165;60;0;0;4.168;4.230;4.226;966;975;978;50.02;50.02;50.02;5454;1000;0.0;0;0.0000;0;0;16666;16666;16666
60;2014-04-30 11:55:00;909402N262;2688;16.711;47;236;237;236;236;3.880;50.01;540.3;2.189;613.9;1.188;751.7;1.070;60;0;0;3.832;3.911;3.898;886;900;899;50.01;50.01;50.01;5454;1000;0.0;0;0.0000;0;0;16711;16711;16711
60;2014-04-30 11:56:00;909402N262;2523;16.753;47;236;237;236;236;3.644;50.01;542.0;2.051;615.8;1.114;753.9;0.998;60;0;0;3.599;3.674;3.661;833;844;844;50.01;50.01;50.01;5454;1000;0.0;0;0.0000;0;0;16753;16753;16753
60;2014-04-30 11:57:00;909402N262;2331;16.793;46;234;235;233;234;3.408;50.02;529.5;1.944;617.8;1.027;755.2;0.914;60;0;0;3.366;3.430;3.428;770;778;781;50.02;50.02;50.02;5454;1000;0.0;0;0.0000;0;0;16793;16793;16793
60;2014-04-30 11:58:00;909402N262;2140;16.829;46;234;235;233;234;3.143;50.03;534.6;1.771;619.4;0.940;756.0;0.834;60;0;0;3.095;3.168;3.168;703;715;720;50.03;50.03;50.03;5454;1000;0.0;0;0.0000;0;0;16829;16829;16829
60;2014-04-30 11:59:00;909402N262;1984;16.861;46;234;235;234;234;2.921;50.04;539.8;1.624;620.1;0.870;756.3;0.776;60;0;0;2.870;2.953;2.940;649;667;666;50.04;50.04;50.04;5454;1000;0.0;0;0.0000;0;0;16861;16861;16861
60;2014-04-30 12:00:00;909402N262;1886;16.893;46;235;235;235;235;2.793;50.00;532.0;1.561;621.8;0.827;757.7;0.739;60;0;0;2.736;2.844;2.800;614;640;630;50.00;50.00;50.00;5454;1000;0.0;0;0.0000;0;0;16893;16893;16893
[wr_ende]
