20140626;170004;danfoss;My Plant;+0100
[wr_def_start]
909402N262;Inverter Type;Inverter Group;Hanzl
[wr_def_end]
[wr]
INTERVAL;TIMESTAMP;SERIAL;P_AC;E_DAY;T_WR;U_AC;U_AC_1;U_AC_2;U_AC_3;I_AC;F_AC;U_DC_1;I_DC_1;U_DC_2;I_DC_2;U_DC_3;I_DC_3;S;E_WR;M_WR;I_AC_1;I_AC_2;I_AC_3;P_AC_1;P_AC_2;P_AC_3;F_AC_1;F_AC_2;F_AC_3;R_DC;PC;PCS;PCS_LL;COS_PHI;COS_PHI_LL;S_COS_PHI;Current_Day_Energy;current_Day_Offset;ccEnergyOfDay_WithoutOffset
60;2014-06-26 16:01:00;909402N262;8766;52.082;52;237;237;238;237;12.330;49.99;501.7;7.414;605.4;3.796;751.3;3.889;60;0;0;12.293;12.390;12.308;2915;2938;2911;49.99;49.99;49.99;5287;1000;0.0;0;0.0000;0;0;52082;52082;52082
60;2014-06-26 16:02:00;909402N262;8855;52.230;52;237;238;238;237;12.446;50.00;506.0;7.396;618.6;3.784;752.9;3.882;60;0;0;12.413;12.515;12.411;2947;2971;2934;50.00;50.00;50.00;5287;1000;0.0;0;0.0000;0;0;52230;52230;52230
60;2014-06-26 16:03:00;909402N262;8859;52.377;52;237;237;238;237;12.455;50.01;506.0;7.398;617.7;3.791;753.3;3.882;60;0;0;12.405;12.531;12.431;2942;2974;2941;50.01;50.01;50.01;5287;1000;0.0;0;0.0000;0;0;52377;52377;52377
60;2014-06-26 16:04:00;909402N262;8854;52.525;52;237;237;238;237;12.442;50.00;505.5;7.396;617.4;3.792;753.0;3.884;60;0;0;12.388;12.512;12.426;2938;2971;2942;50.00;50.00;50.00;5287;1000;0.0;0;0.0000;0;0;52525;52525;52525
60;2014-06-26 16:05:00;909402N262;8826;52.672;52;237;237;237;237;12.409;50.01;504.0;7.386;616.3;3.790;752.2;3.880;60;0;0;12.349;12.467;12.412;2928;2957;2940;50.01;50.01;50.01;5287;1000;0.0;0;0.0000;0;0;52672;52672;52672
60;2014-06-26 16:06:00;909402N262;8792;52.818;52;237;237;238;237;12.352;50.00;503.2;7.364;616.7;3.781;751.2;3.867;60;0;0;12.295;12.402;12.359;2915;2944;2932;50.00;50.00;50.00;5287;1000;0.0;0;0.0000;0;0;52818;52818;52818
60;2014-06-26 16:07:00;909402N262;8770;52.965;52;237;237;237;237;12.334;50.00;503.5;7.346;617.8;3.767;750.3;3.856;60;0;0;12.276;12.389;12.337;2905;2939;2923;50.00;50.00;50.00;5287;1000;0.0;0;0.0000;0;0;52965;52965;52965
60;2014-06-26 16:08:00;909402N262;8741;53.110;52;237;237;237;237;12.300;50.01;503.5;7.328;617.9;3.754;748.8;3.848;60;0;0;12.261;12.330;12.309;2903;2917;2919;50.01;50.01;50.01;5287;1000;0.0;0;0.0000;0;0;53110;53110;53110
60;2014-06-26 16:09:00;909402N262;8712;53.256;52;237;236;237;237;12.255;50.01;503.7;7.305;617.7;3.736;748.7;3.836;60;0;0;12.175;12.311;12.281;2878;2922;2911;50.01;50.01;50.01;5287;1000;0.0;0;0.0000;0;0;53256;53256;53256
60;2014-06-26 16:10:00;909402N262;8677;53.400;52;237;237;237;237;12.222;49.99;504.3;7.273;618.4;3.713;748.6;3.820;60;0;0;12.159;12.269;12.238;2874;2903;2899;49.99;49.99;49.99;5287;1000;0.0;0;0.0000;0;0;53400;53400;53400
60;2014-06-26 16:11:00;909402N262;8630;53.544;52;237;236;237;237;12.166;50.00;504.8;7.226;618.7;3.685;750.2;3.797;60;0;0;12.115;12.222;12.162;2863;2891;2874;50.00;50.00;50.00;5287;1000;0.0;0;0.0000;0;0;53544;53544;53544
60;2014-06-26 16:12:00;909402N262;8582;53.687;52;237;237;237;237;12.087;49.99;505.4;7.183;618.9;3.655;749.8;3.778;60;0;0;12.037;12.132;12.092;2849;2870;2861;49.99;49.99;49.99;5287;1000;0.0;0;0.0000;0;0;53687;53687;53687
60;2014-06-26 16:13:00;909402N262;8573;53.830;52;237;237;237;237;12.081;49.99;506.4;7.170;619.5;3.639;749.6;3.775;60;0;0;12.027;12.133;12.083;2845;2870;2856;49.99;49.99;49.99;5287;1000;0.0;0;0.0000;0;0;53830;53830;53830
60;2014-06-26 16:14:00;909402N262;8527;53.973;52;237;237;237;237;11.996;50.00;506.6;7.127;620.4;3.614;749.1;3.760;60;0;0;11.951;12.050;11.989;2832;2856;2837;50.00;50.00;50.00;5287;1000;0.0;0;0.0000;0;0;53973;53973;53973
60;2014-06-26 16:15:00;909402N262;8481;54.114;52;237;237;237;237;11.944;49.99;507.0;7.082;621.0;3.590;748.9;3.739;60;0;0;11.888;11.994;11.950;2813;2838;2829;49.99;49.99;49.99;5287;1000;0.0;0;0.0000;0;0;54114;54114;54114
60;2014-06-26 16:16:00;909402N262;8385;54.254;52;237;237;237;237;11.800;49.99;504.3;7.054;610.0;3.592;742.6;3.746;60;0;0;11.755;11.837;11.810;2779;2810;2795;49.99;49.99;49.99;5287;1000;0.0;0;0.0000;0;0;54254;54254;54254
60;2014-06-26 16:17:00;909402N262;8408;54.394;52;237;237;237;237;11.849;49.99;507.9;7.017;621.8;3.551;749.7;3.702;60;0;0;11.794;11.906;11.848;2788;2817;2800;49.99;49.99;49.99;5287;1000;0.0;0;0.0000;0;0;54394;54394;54394
60;2014-06-26 16:18:00;909402N262;8381;54.534;52;237;237;237;237;11.807;49.99;508.1;6.994;622.3;3.536;749.3;3.692;60;0;0;11.742;11.860;11.819;2776;2807;2797;49.99;49.99;49.99;5287;1000;0.0;0;0.0000;0;0;54534;54534;54534
60;2014-06-26 16:19:00;909402N262;8361;54.672;52;237;237;237;237;11.779;50.01;507.8;6.981;622.3;3.528;748.8;3.684;60;0;0;11.714;11.829;11.796;2769;2799;2790;50.01;50.01;50.01;5287;1000;0.0;0;0.0000;0;0;54672;54672;54672
60;2014-06-26 16:20:00;909402N262;8347;54.812;52;237;237;237;237;11.766;50.00;508.7;6.966;622.9;3.517;749.4;3.672;60;0;0;11.727;11.788;11.785;2773;2784;2788;50.00;50.00;50.00;5287;1000;0.0;0;0.0000;0;0;54812;54812;54812
60;2014-06-26 16:21:00;909402N262;8318;54.950;52;237;237;237;238;11.718;49.98;510.2;6.931;624.0;3.492;750.7;3.651;60;0;0;11.678;11.720;11.758;2762;2766;2788;49.98;49.98;49.98;5287;1000;0.0;0;0.0000;0;0;54950;54950;54950
60;2014-06-26 16:22:00;909402N262;8278;55.088;52;237;237;237;237;11.654;50.00;510.5;6.894;624.2;3.471;750.5;3.636;60;0;0;11.604;11.691;11.667;2745;2768;2763;50.00;50.00;50.00;5287;1000;0.0;0;0.0000;0;0;55088;55088;55088
60;2014-06-26 16:23:00;909402N262;8239;55.226;52;238;237;238;238;11.583;49.98;510.2;6.861;624.3;3.449;751.6;3.619;60;0;0;11.546;11.622;11.583;2735;2757;2746;49.98;49.98;49.98;5287;1000;0.0;0;0.0000;0;0;55226;55226;55226
60;2014-06-26 16:24:00;909402N262;8214;55.363;52;238;237;238;238;11.547;49.99;510.5;6.837;624.7;3.434;751.7;3.610;60;0;0;11.495;11.590;11.556;2722;2749;2741;49.99;49.99;49.99;5287;1000;0.0;0;0.0000;0;0;55363;55363;55363
60;2014-06-26 16:25:00;909402N262;8198;55.500;52;237;237;238;238;11.528;49.99;510.1;6.823;624.6;3.427;752.0;3.605;60;0;0;11.471;11.580;11.534;2714;2748;2734;49.99;49.99;49.99;5287;1000;0.0;0;0.0000;0;0;55500;55500;55500
60;2014-06-26 16:26:00;909402N262;8178;55.635;52;237;237;238;237;11.506;49.98;510.5;6.807;624.8;3.417;751.9;3.596;60;0;0;11.461;11.550;11.509;2712;2739;2725;49.98;49.98;49.98;5287;1000;0.0;0;0.0000;0;0;55635;55635;55635
60;2014-06-26 16:27:00;909402N262;8167;55.772;52;238;238;238;238;11.473;49.98;511.0;6.788;625.6;3.408;752.8;3.588;60;0;0;11.426;11.513;11.482;2707;2734;2724;49.98;49.98;49.98;5287;1000;0.0;0;0.0000;0;0;55772;55772;55772
60;2014-06-26 16:28:00;909402N262;8157;55.908;52;238;237;238;238;11.463;49.98;512.0;6.772;626.3;3.398;753.4;3.578;60;0;0;11.421;11.494;11.475;2706;2728;2721;49.98;49.98;49.98;5287;1000;0.0;0;0.0000;0;0;55908;55908;55908
60;2014-06-26 16:29:00;909402N262;8155;56.044;52;238;237;238;238;11.456;49.99;512.9;6.761;627.2;3.391;754.3;3.571;60;0;0;11.405;11.495;11.470;2701;2730;2722;49.99;49.99;49.99;5287;1000;0.0;0;0.0000;0;0;56044;56044;56044
60;2014-06-26 16:30:00;909402N262;8144;56.179;52;238;238;238;238;11.430;49.99;513.6;6.747;627.2;3.384;754.7;3.562;60;0;0;11.382;11.462;11.446;2698;2725;2718;49.99;49.99;49.99;5287;1000;0.0;0;0.0000;0;0;56179;56179;56179
60;2014-06-26 16:31:00;909402N262;8043;56.313;52;238;238;238;238;11.287;49.98;509.0;6.725;621.3;3.379;747.2;3.572;60;0;0;11.228;11.328;11.305;2663;2690;2688;49.98;49.98;49.98;5287;1000;0.0;0;0.0000;0;0;56313;56313;56313
60;2014-06-26 16:32:00;909402N262;8141;56.450;52;238;238;238;238;11.403;49.98;512.0;6.750;625.0;3.391;755.9;3.568;60;0;0;11.341;11.446;11.423;2694;2727;2718;49.98;49.98;49.98;5287;1000;0.0;0;0.0000;0;0;56450;56450;56450
60;2014-06-26 16:33:00;909402N262;5081;56.532;52;237;237;238;238;7.149;49.98;523.6;4.133;609.6;1.973;741.7;2.378;60;0;0;7.093;7.174;7.180;1673;1708;1699;49.98;49.98;49.98;5287;1000;0.0;0;0.0000;0;0;56532;56532;56532
60;2014-06-26 16:34:00;909402N262;5827;56.630;51;238;237;238;238;8.212;49.98;525.2;4.681;619.1;2.062;754.0;2.881;60;0;0;8.137;8.290;8.209;1926;1953;1945;49.98;49.98;49.98;5287;1000;0.0;0;0.0000;0;0;56630;56630;56630
60;2014-06-26 16:35:00;909402N262;1386;56.653;51;237;237;237;237;2.027;49.98;504.1;1.192;595.1;0.601;703.1;0.616;60;0;0;1.953;2.102;2.028;446;473;465;49.98;49.98;49.98;5287;1000;0.0;0;0.0000;0;0;56653;56653;56653
60;2014-06-26 16:36:00;909402N262;914;56.669;51;237;237;237;237;1.330;49.99;503.6;0.882;587.1;0.385;696.0;0.370;60;0;0;1.274;1.369;1.349;290;312;310;49.99;49.99;49.99;5287;1000;0.0;0;0.0000;0;0;56669;56669;56669
60;2014-06-26 16:37:00;909402N262;897;56.684;51;237;237;237;237;1.306;50.00;509.6;0.859;590.6;0.373;699.9;0.360;60;0;0;1.249;1.344;1.325;284;307;304;50.00;50.00;50.00;5287;1000;0.0;0;0.0000;0;0;56684;56684;56684
60;2014-06-26 16:38:00;909402N262;1104;56.702;51;237;237;237;237;1.613;49.99;516.3;1.021;601.9;0.449;709.6;0.452;60;0;0;1.560;1.655;1.624;354;377;370;49.99;49.99;49.99;5287;1000;0.0;0;0.0000;0;0;56702;56702;56702
60;2014-06-26 16:39:00;909402N262;1404;56.726;51;237;236;237;237;2.067;49.99;526.4;1.255;611.8;0.553;728.5;0.573;60;0;0;2.017;2.105;2.080;454;477;470;49.99;49.99;49.99;5287;1000;0.0;0;0.0000;0;0;56726;56726;56726
60;2014-06-26 16:40:00;909402N262;4728;56.806;50;237;237;237;237;6.656;49.99;545.3;3.885;633.1;1.859;769.7;1.922;60;0;0;6.621;6.662;6.686;1563;1584;1579;49.99;49.99;49.99;5287;1000;0.0;0;0.0000;0;0;56806;56806;56806
60;2014-06-26 16:41:00;909402N262;8112;56.941;50;238;238;238;239;11.354;49.98;538.7;6.481;649.7;3.210;788.2;3.381;60;0;0;11.317;11.374;11.372;2692;2706;2711;49.98;49.98;49.98;5287;1000;0.0;0;0.0000;0;0;56941;56941;56941
60;2014-06-26 16:42:00;909402N262;8048;57.075;50;238;238;238;238;11.285;49.99;535.2;6.451;646.7;3.202;781.5;3.394;60;0;0;11.245;11.309;11.303;2671;2685;2689;49.99;49.99;49.99;5287;1000;0.0;0;0.0000;0;0;57075;57075;57075
60;2014-06-26 16:43:00;909402N262;7981;57.207;50;238;238;238;238;11.194;50.00;532.0;6.430;644.1;3.194;779.2;3.377;60;0;0;11.149;11.223;11.211;2648;2664;2667;50.00;50.00;50.00;5287;1000;0.0;0;0.0000;0;0;57207;57207;57207
60;2014-06-26 16:44:00;909402N262;7907;57.339;50;238;238;238;238;11.086;49.99;530.3;6.389;642.2;3.175;777.6;3.354;60;0;0;11.042;11.114;11.102;2623;2640;2642;49.99;49.99;49.99;5287;1000;0.0;0;0.0000;0;0;57339;57339;57339
60;2014-06-26 16:45:00;909402N262;7875;57.471;50;238;238;238;238;11.028;49.98;528.7;6.376;640.4;3.173;776.4;3.347;60;0;0;10.982;11.058;11.046;2613;2630;2630;49.98;49.98;49.98;5287;1000;0.0;0;0.0000;0;0;57471;57471;57471
60;2014-06-26 16:46:00;909402N262;7764;57.601;50;238;238;238;238;10.872;49.99;523.8;6.358;623.6;3.189;776.1;3.338;60;0;0;10.817;10.914;10.887;2572;2598;2592;49.99;49.99;49.99;5287;1000;0.0;0;0.0000;0;0;57601;57601;57601
60;2014-06-26 16:47:00;909402N262;7811;57.731;50;238;238;238;238;10.940;50.00;525.5;6.352;637.3;3.165;774.2;3.337;60;0;0;10.884;10.992;10.946;2586;2617;2606;50.00;50.00;50.00;5287;1000;0.0;0;0.0000;0;0;57731;57731;57731
60;2014-06-26 16:48:00;909402N262;7785;57.860;50;238;238;238;238;10.905;50.01;525.2;6.336;636.7;3.157;773.7;3.327;60;0;0;10.857;10.933;10.925;2581;2600;2602;50.01;50.01;50.01;5287;1000;0.0;0;0.0000;0;0;57860;57860;57860
60;2014-06-26 16:49:00;909402N262;7763;57.991;50;238;238;238;238;10.868;49.99;524.5;6.321;636.0;3.153;771.5;3.326;60;0;0;10.818;10.899;10.889;2572;2594;2593;49.99;49.99;49.99;5287;1000;0.0;0;0.0000;0;0;57991;57991;57991
60;2014-06-26 16:50:00;909402N262;7711;58.119;50;238;238;238;238;10.809;49.99;523.8;6.287;635.4;3.136;770.2;3.311;60;0;0;10.759;10.846;10.822;2556;2579;2574;49.99;49.99;49.99;5287;1000;0.0;0;0.0000;0;0;58119;58119;58119
60;2014-06-26 16:51:00;909402N262;7671;58.247;50;238;238;237;239;10.762;49.98;524.2;6.246;634.7;3.123;769.0;3.301;60;0;0;10.728;10.761;10.799;2547;2550;2572;49.98;49.98;49.98;5287;1000;0.0;0;0.0000;0;0;58247;58247;58247
60;2014-06-26 16:52:00;909402N262;7593;58.373;50;237;237;237;238;10.667;49.99;526.5;6.138;634.0;3.086;768.6;3.283;60;0;0;10.633;10.665;10.705;2522;2522;2546;49.99;49.99;49.99;5287;1000;0.0;0;0.0000;0;0;58373;58373;58373
60;2014-06-26 16:53:00;909402N262;7254;58.494;50;237;237;237;238;10.196;49.99;528.5;5.858;632.6;3.006;767.6;3.094;60;0;0;10.162;10.193;10.235;2408;2411;2433;49.99;49.99;49.99;5287;1000;0.0;0;0.0000;0;0;58494;58494;58494
60;2014-06-26 16:54:00;909402N262;7483;58.619;50;237;237;237;238;10.521;49.99;532.1;5.967;631.8;3.065;767.4;3.244;60;0;0;10.487;10.525;10.552;2485;2489;2507;49.99;49.99;49.99;5287;1000;0.0;0;0.0000;0;0;58619;58619;58619
60;2014-06-26 16:55:00;909402N262;7444;58.743;50;237;237;237;238;10.479;50.00;535.9;5.879;631.3;3.057;767.0;3.234;60;0;0;10.435;10.497;10.506;2469;2481;2493;50.00;50.00;50.00;5287;1000;0.0;0;0.0000;0;0;58743;58743;58743
60;2014-06-26 16:56:00;909402N262;7401;58.867;50;237;237;237;237;10.408;50.01;538.8;5.795;630.6;3.050;765.5;3.227;60;0;0;10.355;10.446;10.423;2452;2477;2471;50.01;50.01;50.01;5287;1000;0.0;0;0.0000;0;0;58867;58867;58867
60;2014-06-26 16:57:00;909402N262;7353;58.989;50;237;237;238;237;10.348;50.00;535.0;5.783;629.8;3.039;765.3;3.214;60;0;0;10.295;10.409;10.340;2436;2469;2446;50.00;50.00;50.00;5287;1000;0.0;0;0.0000;0;0;58989;58989;58989
60;2014-06-26 16:58:00;909402N262;7292;59.111;50;237;237;238;237;10.266;50.01;509.3;6.035;629.5;3.013;765.0;3.187;60;0;0;10.205;10.328;10.267;2414;2449;2426;50.01;50.01;50.01;5287;1000;0.0;0;0.0000;0;0;59111;59111;59111
60;2014-06-26 16:59:00;909402N262;7262;59.232;50;237;237;237;237;10.228;49.99;508.9;6.015;629.7;2.999;763.8;3.178;60;0;0;10.191;10.272;10.222;2413;2432;2414;49.99;49.99;49.99;5287;1000;0.0;0;0.0000;0;0;59232;59232;59232
60;2014-06-26 17:00:00;909402N262;7229;59.353;50;237;238;238;237;10.162;50.00;510.4;5.964;629.6;2.989;763.7;3.168;60;0;0;10.120;10.199;10.168;2401;2419;2407;49.99;49.99;49.99;5287;1000;0.0;0;0.0000;0;0;59353;59353;59353
[wr_ende]
