20140711;060003;danfoss;My Plant;+0100
[wr_def_start]
909402N262;Inverter Type;Inverter Group;Hanzl
[wr_def_end]
[wr]
INTERVAL;TIMESTAMP;SERIAL;P_AC;E_DAY;T_WR;U_AC;U_AC_1;U_AC_2;U_AC_3;I_AC;F_AC;U_DC_1;I_DC_1;U_DC_2;I_DC_2;U_DC_3;I_DC_3;S;E_WR;M_WR;I_AC_1;I_AC_2;I_AC_3;P_AC_1;P_AC_2;P_AC_3;F_AC_1;F_AC_2;F_AC_3;R_DC;PC;PCS;PCS_LL;COS_PHI;COS_PHI_LL;S_COS_PHI;Current_Day_Energy;current_Day_Offset;ccEnergyOfDay_WithoutOffset
60;2014-07-11 05:01:00;909402N262;0;0.000;23;234;234;234;232;0.000;50.00;227.7;0.000;227.2;0.000;227.5;0.000;50;0;0;0.000;0.000;0.000;0;0;0;50.00;50.00;50.00;0;1000;0.0;0;0.0000;0;0;0;0;0
60;2014-07-11 05:02:00;909402N262;0;0.000;24;234;234;234;232;0.000;50.00;228.6;0.000;228.0;0.000;228.4;0.000;50;0;0;0.000;0.000;0.000;0;0;0;50.00;50.00;50.00;0;1000;0.0;0;0.0000;0;0;0;0;0
60;2014-07-11 05:03:00;909402N262;0;0.000;24;234;234;234;233;0.000;50.01;228.3;0.000;227.7;0.000;228.2;0.000;50;0;0;0.000;0.000;0.000;0;0;0;50.01;50.01;50.01;0;1000;0.0;0;0.0000;0;0;0;0;0
60;2014-07-11 05:04:00;909402N262;0;0.000;25;234;234;234;233;0.000;50.02;229.5;0.000;229.0;0.000;229.6;0.000;50;0;0;0.000;0.000;0.000;0;0;0;50.02;50.02;50.02;0;1000;0.0;0;0.0000;0;0;0;0;0
60;2014-07-11 05:05:00;909402N262;0;0.000;25;234;234;234;233;0.000;50.00;229.7;0.000;229.1;0.000;229.8;0.000;50;0;0;0.000;0.000;0.000;0;0;0;50.00;50.00;50.00;0;1000;0.0;0;0.0000;0;0;0;0;0
60;2014-07-11 05:06:00;909402N262;0;0.000;25;234;234;234;233;0.000;49.99;228.9;0.000;228.4;0.000;228.6;0.000;50;0;0;0.000;0.000;0.000;0;0;0;49.99;49.99;49.99;0;1000;0.0;0;0.0000;0;0;0;0;0
60;2014-07-11 05:07:00;909402N262;0;0.000;25;233;234;234;232;0.000;49.99;230.4;0.000;229.9;0.000;230.0;0.000;50;0;0;0.000;0.000;0.000;0;0;0;49.99;49.99;49.99;0;1000;0.0;0;0.0000;0;0;0;0;0
60;2014-07-11 05:08:00;909402N262;0;0.000;26;233;234;234;232;0.000;50.00;232.2;0.000;231.7;0.000;232.3;0.000;50;0;0;0.000;0.000;0.000;0;0;0;50.00;50.00;50.00;0;1000;0.0;0;0.0000;0;0;0;0;0
60;2014-07-11 05:09:00;909402N262;0;0.000;26;233;234;234;232;0.000;50.01;233.8;0.000;233.2;0.000;233.9;0.000;50;0;0;0.000;0.000;0.000;0;0;0;50.01;50.01;50.01;0;1000;0.0;0;0.0000;0;0;0;0;0
60;2014-07-11 05:10:00;909402N262;0;0.000;26;233;234;234;232;0.000;50.00;227.8;0.000;227.3;0.000;227.0;0.000;50;0;0;0.000;0.000;0.000;0;0;0;50.00;50.00;50.00;0;1000;0.0;0;0.0000;0;0;0;0;0
60;2014-07-11 05:11:00;909402N262;0;0.000;26;233;234;234;232;0.000;50.00;227.3;0.000;226.7;0.000;227.6;0.000;50;0;0;0.000;0.000;0.000;0;0;0;50.00;50.00;50.00;0;1000;0.0;0;0.0000;0;0;0;0;0
60;2014-07-11 05:12:00;909402N262;0;0.000;26;234;234;234;233;0.000;50.00;228.0;0.000;227.5;0.000;228.0;0.000;50;0;0;0.000;0.000;0.000;0;0;0;50.00;50.00;50.00;0;1000;0.0;0;0.0000;0;0;0;0;0
60;2014-07-11 05:13:00;909402N262;0;0.000;26;233;234;234;232;0.000;50.00;228.7;0.000;228.2;0.000;228.7;0.000;50;0;0;0.000;0.000;0.000;0;0;0;50.00;50.00;50.00;0;1000;0.0;0;0.0000;0;0;0;0;0
60;2014-07-11 05:14:00;909402N262;0;0.000;26;233;234;234;232;0.000;50.00;230.3;0.000;229.7;0.000;230.8;0.000;50;0;0;0.000;0.000;0.000;0;0;0;50.00;50.00;50.00;0;1000;0.0;0;0.0000;0;0;0;0;0
60;2014-07-11 05:15:00;909402N262;0;0.000;26;234;234;234;233;0.000;50.00;230.9;0.000;230.4;0.000;232.0;0.000;50;0;0;0.000;0.000;0.000;0;0;0;50.00;50.00;50.00;0;1000;0.0;0;0.0000;0;0;0;0;0
60;2014-07-11 05:16:00;909402N262;0;0.000;26;234;235;234;233;0.000;50.00;233.1;0.000;232.6;0.000;234.0;0.000;50;0;0;0.000;0.000;0.000;0;0;0;50.00;50.00;50.00;0;1000;0.0;0;0.0000;0;0;0;0;0
60;2014-07-11 05:17:00;909402N262;0;0.000;27;234;235;234;233;0.000;50.01;231.8;0.000;231.2;0.000;231.8;0.000;50;0;0;0.000;0.000;0.000;0;0;0;50.01;50.01;50.01;0;1000;0.0;0;0.0000;0;0;0;0;0
60;2014-07-11 05:18:00;909402N262;0;0.000;27;234;234;234;233;0.000;50.02;234.2;0.000;233.6;0.000;234.2;0.000;50;0;0;0.000;0.000;0.000;0;0;0;50.02;50.02;50.02;0;1000;0.0;0;0.0000;0;0;0;0;0
60;2014-07-11 05:19:00;909402N262;0;0.000;27;234;235;234;233;0.000;50.02;234.6;0.000;234.1;0.000;235.2;0.000;50;0;0;0.000;0.000;0.000;0;0;0;50.02;50.02;50.02;0;1000;0.0;0;0.0000;0;0;0;0;0
60;2014-07-11 05:20:00;909402N262;0;0.000;27;234;234;234;233;0.000;50.01;236.7;0.000;236.2;0.000;236.5;0.000;50;0;0;0.000;0.000;0.000;0;0;0;50.01;50.01;50.01;0;1000;0.0;0;0.0000;0;0;0;0;0
60;2014-07-11 05:21:00;909402N262;0;0.000;27;234;235;234;233;0.000;50.00;236.9;0.000;236.3;0.000;236.9;0.000;50;0;0;0.000;0.000;0.000;0;0;0;50.00;50.00;50.00;0;1000;0.0;0;0.0000;0;0;0;0;0
60;2014-07-11 05:22:00;909402N262;0;0.000;27;234;235;234;233;0.000;49.99;237.7;0.000;237.1;0.000;237.7;0.000;50;0;0;0.000;0.000;0.000;0;0;0;49.99;49.99;49.99;0;1000;0.0;0;0.0000;0;0;0;0;0
60;2014-07-11 05:23:00;909402N262;0;0.000;27;234;235;235;233;0.000;50.00;238.5;0.000;238.0;0.000;238.6;0.000;50;0;0;0.000;0.000;0.000;0;0;0;50.00;50.00;50.00;0;1000;0.0;0;0.0000;0;0;0;0;0
60;2014-07-11 05:24:00;909402N262;0;0.000;27;234;235;235;233;0.000;50.01;228.8;0.000;228.2;0.000;229.2;0.000;50;0;0;0.000;0.000;0.000;0;0;0;50.01;50.01;50.01;0;1000;0.0;0;0.0000;0;0;0;0;0
60;2014-07-11 05:25:00;909402N262;0;0.000;27;234;235;235;232;0.000;50.01;227.2;0.000;226.6;0.000;226.8;0.000;50;0;0;0.000;0.000;0.000;0;0;0;50.01;50.01;50.01;0;1000;0.0;0;0.0000;0;0;0;0;0
60;2014-07-11 05:26:00;909402N262;0;0.000;27;234;234;235;233;0.000;50.00;228.7;0.000;228.2;0.000;228.0;0.000;50;0;0;0.000;0.000;0.000;0;0;0;50.00;50.00;50.00;0;1000;0.0;0;0.0000;0;0;0;0;0
60;2014-07-11 05:27:00;909402N262;0;0.000;27;234;234;235;233;0.000;50.01;229.4;0.000;228.9;0.000;229.8;0.000;50;0;0;0.000;0.000;0.000;0;0;0;50.01;50.01;50.01;0;1000;0.0;0;0.0000;0;0;0;0;0
60;2014-07-11 05:28:00;909402N262;0;0.000;27;234;234;235;233;0.000;50.01;232.5;0.000;231.9;0.000;231.7;0.000;50;0;0;0.000;0.000;0.000;0;0;0;50.01;50.01;50.01;0;1000;0.0;0;0.0000;0;0;0;0;0
60;2014-07-11 05:29:00;909402N262;0;0.000;27;234;233;235;233;0.000;50.02;233.9;0.000;233.4;0.000;234.0;0.000;50;0;0;0.000;0.000;0.000;0;0;0;50.02;50.02;50.02;0;1000;0.0;0;0.0000;0;0;0;0;0
60;2014-07-11 05:30:00;909402N262;0;0.000;27;234;234;234;233;0.000;50.01;236.2;0.000;235.7;0.000;236.3;0.000;50;0;0;0.000;0.000;0.000;0;0;0;50.01;50.01;50.01;0;1000;0.0;0;0.0000;0;0;0;0;0
60;2014-07-11 05:31:00;909402N262;0;0.000;27;233;234;234;232;0.000;50.01;237.8;0.000;237.3;0.000;238.0;0.000;50;0;0;0.000;0.000;0.000;0;0;0;50.01;50.01;50.01;0;1000;0.0;0;0.0000;0;0;0;0;0
60;2014-07-11 05:32:00;909402N262;0;0.000;27;233;234;234;232;0.000;50.01;241.4;0.000;240.8;0.000;241.9;0.000;50;0;0;0.000;0.000;0.000;0;0;0;50.01;50.01;50.01;0;1000;0.0;0;0.0000;0;0;0;0;0
60;2014-07-11 05:33:00;909402N262;0;0.000;27;233;234;234;233;0.000;50.01;247.5;0.000;247.0;0.000;246.6;0.000;50;0;0;0.000;0.000;0.000;0;0;0;50.01;50.01;50.01;0;1000;0.0;0;0.0000;0;0;0;0;0
60;2014-07-11 05:34:00;909402N262;0;0.000;27;233;233;234;233;0.000;50.01;260.7;0.000;260.3;0.000;261.0;0.000;50;0;0;0.000;0.000;0.000;0;0;0;50.01;50.01;50.01;0;1000;0.0;0;0.0000;0;0;0;0;0
60;2014-07-11 05:35:00;909402N262;0;0.000;27;233;233;234;232;0.000;50.01;253.5;0.000;253.4;0.000;253.5;0.000;50;0;0;0.000;0.000;0.000;0;0;0;50.01;50.01;50.01;0;1000;0.0;0;0.0000;0;0;0;0;0
60;2014-07-11 05:36:00;909402N262;0;0.000;27;233;234;234;233;0.006;50.02;275.3;0.000;274.6;0.000;274.9;0.000;50;0;0;0.007;0.006;0.007;0;0;0;50.02;50.02;50.02;0;1000;0.0;0;0.0000;0;0;0;0;0
60;2014-07-11 05:37:00;909402N262;0;0.000;27;233;233;234;232;0.000;50.02;403.2;0.000;378.5;0.000;401.1;0.000;51;0;0;0.000;0.000;0.000;0;0;0;50.02;50.02;50.02;0;1000;0.0;0;0.0000;0;0;0;0;0
60;2014-07-11 05:38:00;909402N262;0;0.000;27;233;233;234;232;0.003;50.02;431.7;0.001;417.4;0.000;476.2;0.000;51;0;0;0.003;0.003;0.003;0;0;0;50.02;50.02;50.02;5788;1000;0.0;0;0.0000;0;0;0;0;0
60;2014-07-11 05:39:00;909402N262;0;0.000;27;233;233;234;232;0.002;50.02;392.8;0.001;369.7;0.000;408.0;0.000;51;0;0;0.007;0.000;0.000;0;0;0;50.02;50.02;50.02;7173;1000;0.0;0;0.0000;0;0;0;0;0
60;2014-07-11 05:40:00;909402N262;0;0.000;27;233;233;233;234;0.013;50.02;359.4;0.003;277.2;0.002;285.9;0.000;60;0;0;0.017;0.010;0.013;0;0;0;50.02;50.02;50.02;7173;1000;0.0;0;0.0000;0;0;0;0;0
60;2014-07-11 05:41:00;909402N262;0;0.000;27;233;233;233;234;0.007;50.01;352.2;0.004;259.6;0.003;262.7;0.000;60;0;0;0.005;0.008;0.008;0;0;0;50.01;50.01;50.01;7173;1000;0.0;0;0.0000;0;0;0;0;0
60;2014-07-11 05:42:00;909402N262;0;0.000;27;233;233;233;233;0.000;50.01;318.8;0.006;257.4;0.003;270.4;0.001;60;0;0;0.001;0.000;0.000;0;0;0;50.01;50.01;50.01;7173;1000;0.0;0;0.0000;0;0;0;0;0
60;2014-07-11 05:43:00;909402N262;0;0.000;27;235;235;235;236;0.034;50.03;271.2;0.008;271.8;0.003;287.2;0.002;60;0;0;0.027;0.034;0.042;0;3;0;50.03;50.03;50.03;7173;1000;0.0;0;0.0000;0;0;0;0;0
60;2014-07-11 05:44:00;909402N262;0;0.000;27;236;236;236;237;0.101;50.01;328.6;0.010;320.4;0.003;287.9;0.003;60;0;0;0.088;0.083;0.132;0;7;0;50.01;50.01;50.01;7173;1000;0.0;0;0.0000;0;0;0;0;0
60;2014-07-11 05:45:00;909402N262;0;0.000;28;236;236;237;235;0.009;50.01;484.4;0.001;498.9;0.000;578.3;0.000;51;0;0;0.009;0.010;0.008;0;0;0;50.01;50.01;50.01;6919;1000;0.0;0;0.0000;0;0;0;0;0
60;2014-07-11 05:46:00;909402N262;1;0.000;28;236;236;237;236;0.047;50.02;418.7;0.003;408.4;0.001;482.9;0.001;60;0;0;0.063;0.021;0.058;0;1;1;50.02;50.02;50.02;5567;1000;0.0;0;0.0000;0;0;0;0;0
60;2014-07-11 05:47:00;909402N262;6;0.000;28;236;236;236;237;0.109;50.02;365.6;0.010;312.5;0.003;435.8;0.003;60;0;0;0.111;0.075;0.142;4;5;2;50.02;50.02;50.02;5567;1000;0.0;0;0.0000;0;0;0;0;0
60;2014-07-11 05:48:00;909402N262;10;0.000;28;236;236;236;237;0.149;50.02;390.8;0.011;369.6;0.003;499.9;0.003;60;0;0;0.154;0.091;0.203;3;9;2;50.02;50.02;50.02;5567;1000;0.0;0;0.0000;0;0;0;0;0
60;2014-07-11 05:49:00;909402N262;13;0.000;28;236;236;235;237;0.164;50.01;402.1;0.014;415.3;0.003;489.5;0.006;60;0;0;0.196;0.079;0.218;7;8;3;50.01;50.01;50.01;5567;1000;0.0;0;0.0000;0;0;0;0;0
60;2014-07-11 05:50:00;909402N262;14;0.000;28;236;236;235;237;0.174;50.01;390.3;0.015;443.2;0.003;415.9;0.008;60;0;0;0.215;0.080;0.227;7;8;2;50.01;50.01;50.01;5567;1000;0.0;0;0.0000;0;0;0;0;0
60;2014-07-11 05:51:00;909402N262;18;0.001;28;235;236;234;237;0.177;50.00;409.1;0.018;463.6;0.004;492.4;0.007;60;0;0;0.178;0.087;0.268;9;11;1;50.00;50.00;50.00;5567;1000;0.0;0;0.0000;0;0;1;1;1
60;2014-07-11 05:52:00;909402N262;20;0.001;28;235;235;234;236;0.179;50.00;394.9;0.022;403.2;0.006;502.2;0.011;60;0;0;0.194;0.111;0.234;9;13;2;50.00;50.00;50.00;5567;1000;0.0;0;0.0000;0;0;1;1;1
60;2014-07-11 05:53:00;909402N262;23;0.001;28;235;236;234;236;0.222;50.00;405.0;0.025;438.8;0.007;493.1;0.011;60;0;0;0.263;0.138;0.266;6;16;4;50.00;50.00;50.00;5567;1000;0.0;0;0.0000;0;0;1;1;1
60;2014-07-11 05:54:00;909402N262;27;0.001;28;235;236;234;236;0.254;50.00;424.5;0.027;456.7;0.009;508.9;0.013;60;0;0;0.354;0.171;0.237;7;21;3;50.00;50.00;50.00;5567;1000;0.0;0;0.0000;0;0;1;1;1
60;2014-07-11 05:55:00;909402N262;29;0.002;28;235;236;235;235;0.246;50.00;413.9;0.032;421.0;0.012;532.9;0.015;60;0;0;0.383;0.178;0.179;4;18;10;50.00;50.00;50.00;5567;1000;0.0;0;0.0000;0;0;2;2;2
60;2014-07-11 05:56:00;909402N262;32;0.002;28;236;236;235;235;0.262;50.00;419.5;0.035;419.6;0.015;563.3;0.015;60;0;0;0.412;0.244;0.132;6;26;3;50.00;50.00;50.00;5567;1000;0.0;0;0.0000;0;0;2;2;2
60;2014-07-11 05:57:00;909402N262;34;0.003;28;235;236;235;235;0.263;50.00;427.4;0.035;436.5;0.015;570.3;0.015;60;0;0;0.377;0.230;0.184;3;25;9;50.00;50.00;50.00;5567;1000;0.0;0;0.0000;0;0;3;3;3
60;2014-07-11 05:58:00;909402N262;35;0.003;28;234;235;233;235;0.322;50.01;435.0;0.035;446.2;0.015;550.5;0.016;60;0;0;0.454;0.213;0.301;8;24;8;50.01;50.01;50.01;5567;1000;0.0;0;0.0000;0;0;3;3;3
60;2014-07-11 05:59:00;909402N262;36;0.004;28;234;235;233;235;0.459;50.01;443.5;0.038;448.6;0.016;502.8;0.019;60;0;0;0.563;0.395;0.421;5;46;3;50.01;50.01;50.01;5567;1000;0.0;0;0.0000;0;0;4;4;4
60;2014-07-11 06:00:00;909402N262;41;0.004;28;234;235;233;235;0.375;50.01;440.2;0.042;456.2;0.019;531.3;0.020;60;0;0;0.472;0.299;0.355;5;37;8;50.01;50.01;50.01;5567;1000;0.0;0;0.0000;0;0;4;4;4
[wr_ende]
