20140128;110003;danfoss;My Plant;+0100
[wr_def_start]
909402N262;Inverter Type;Inverter Group;Hanzl
[wr_def_end]
[wr]
INTERVAL;TIMESTAMP;SERIAL;P_AC;E_DAY;T_WR;U_AC;U_AC_1;U_AC_2;U_AC_3;I_AC;F_AC;U_DC_1;I_DC_1;U_DC_2;I_DC_2;U_DC_3;I_DC_3;S;E_WR;M_WR;I_AC_1;I_AC_2;I_AC_3;P_AC_1;P_AC_2;P_AC_3;F_AC_1;F_AC_2;F_AC_3;R_DC;PC;PCS;PCS_LL;COS_PHI;COS_PHI_LL;S_COS_PHI;Current_Day_Energy;current_Day_Offset;ccEnergyOfDay_WithoutOffset
60;2014-01-28 10:01:00;909402N262;457;0.269;24;231;231;231;231;0.789;50.02;624.0;0.321;632.8;0.180;779.6;0.189;60;0;0;0.697;0.970;0.702;134;186;136;50.02;50.02;50.02;13704;1000;0.0;0;0.0000;0;0;269;269;269
60;2014-01-28 10:02:00;909402N262;468;0.277;24;231;231;231;231;0.801;50.00;632.5;0.322;651.2;0.181;794.4;0.191;60;0;0;0.787;0.943;0.673;153;183;129;50.00;50.00;50.00;13704;1000;0.0;0;0.0000;0;0;277;277;277
60;2014-01-28 10:03:00;909402N262;464;0.285;24;231;231;231;231;0.801;50.01;632.2;0.321;651.0;0.180;793.4;0.190;60;0;0;0.730;0.951;0.722;140;184;139;50.01;50.01;50.01;13704;1000;0.0;0;0.0000;0;0;285;285;285
60;2014-01-28 10:04:00;909402N262;462;0.292;24;231;231;231;231;0.801;50.03;631.9;0.320;650.4;0.179;792.9;0.188;60;0;0;0.723;0.943;0.739;139;179;142;50.03;50.03;50.03;13704;1000;0.0;0;0.0000;0;0;292;292;292
60;2014-01-28 10:05:00;909402N262;463;0.300;24;231;230;232;231;0.796;50.02;631.7;0.320;650.6;0.180;793.2;0.188;60;0;0;0.725;0.937;0.728;139;182;140;50.02;50.02;50.02;13704;1000;0.0;0;0.0000;0;0;300;300;300
60;2014-01-28 10:06:00;909402N262;471;0.308;24;230;230;231;230;0.808;50.02;632.0;0.325;647.4;0.185;794.5;0.192;60;0;0;0.804;0.949;0.673;154;183;132;50.02;50.02;50.02;13704;1000;0.0;0;0.0000;0;0;308;308;308
60;2014-01-28 10:07:00;909402N262;480;0.316;25;230;230;231;230;0.831;50.03;632.6;0.331;649.2;0.188;793.9;0.196;60;0;0;0.818;0.908;0.767;158;174;146;50.03;50.03;50.03;13704;1000;0.0;0;0.0000;0;0;316;316;316
60;2014-01-28 10:08:00;909402N262;487;0.324;25;231;231;231;230;0.843;50.03;633.3;0.335;651.1;0.191;794.2;0.199;60;0;0;0.834;0.943;0.754;161;180;144;50.03;50.03;50.03;13704;1000;0.0;0;0.0000;0;0;324;324;324
60;2014-01-28 10:09:00;909402N262;502;0.332;25;230;231;231;230;0.868;50.03;635.3;0.343;651.4;0.198;794.0;0.205;60;0;0;0.831;0.915;0.860;160;175;165;50.03;50.03;50.03;13704;1000;0.0;0;0.0000;0;0;332;332;332
60;2014-01-28 10:10:00;909402N262;508;0.341;25;231;231;231;230;0.879;50.03;642.9;0.342;653.1;0.200;793.5;0.207;60;0;0;0.833;0.915;0.891;162;173;171;50.03;50.03;50.03;13704;1000;0.0;0;0.0000;0;0;341;341;341
60;2014-01-28 10:11:00;909402N262;519;0.350;25;231;231;231;230;0.899;50.03;646.9;0.345;653.6;0.205;794.6;0.212;60;0;0;0.887;0.916;0.896;171;175;172;50.03;50.03;50.03;13704;1000;0.0;0;0.0000;0;0;350;350;350
60;2014-01-28 10:12:00;909402N262;529;0.359;25;231;231;231;231;0.922;50.03;647.1;0.352;655.1;0.208;794.8;0.216;60;0;0;0.926;0.928;0.914;176;177;175;50.03;50.03;50.03;13704;1000;0.0;0;0.0000;0;0;359;359;359
60;2014-01-28 10:13:00;909402N262;518;0.368;25;230;231;231;230;0.896;50.03;646.3;0.345;652.5;0.205;794.4;0.210;60;0;0;0.885;0.909;0.896;171;175;171;50.03;50.03;50.03;13704;1000;0.0;0;0.0000;0;0;368;368;368
60;2014-01-28 10:14:00;909402N262;504;0.375;25;230;231;231;229;0.867;50.03;645.6;0.338;651.6;0.198;794.0;0.205;60;0;0;0.834;0.934;0.833;161;180;161;50.03;50.03;50.03;13704;1000;0.0;0;0.0000;0;0;375;375;375
60;2014-01-28 10:15:00;909402N262;478;0.384;25;230;231;231;229;0.828;50.03;643.4;0.324;647.4;0.188;793.7;0.195;60;0;0;0.842;0.916;0.726;164;175;137;50.03;50.03;50.03;13704;1000;0.0;0;0.0000;0;0;384;384;384
60;2014-01-28 10:16:00;909402N262;459;0.391;25;230;231;231;229;0.791;50.02;635.4;0.318;639.8;0.182;776.8;0.189;60;0;0;0.731;0.938;0.704;140;180;133;50.02;50.02;50.02;13704;1000;0.0;0;0.0000;0;0;391;391;391
60;2014-01-28 10:17:00;909402N262;474;0.399;25;230;231;230;229;0.819;50.03;643.1;0.321;648.5;0.186;793.5;0.193;60;0;0;0.836;0.918;0.705;162;176;134;50.03;50.03;50.03;13704;1000;0.0;0;0.0000;0;0;399;399;399
60;2014-01-28 10:18:00;909402N262;486;0.408;25;230;231;230;229;0.842;50.02;644.4;0.329;651.5;0.190;793.0;0.199;60;0;0;0.845;0.917;0.766;164;175;145;50.02;50.02;50.02;13704;1000;0.0;0;0.0000;0;0;408;408;408
60;2014-01-28 10:19:00;909402N262;497;0.416;25;230;231;230;229;0.860;50.02;645.2;0.334;650.7;0.196;793.9;0.204;60;0;0;0.837;0.931;0.812;162;179;156;50.02;50.02;50.02;13704;1000;0.0;0;0.0000;0;0;416;416;416
60;2014-01-28 10:20:00;909402N262;500;0.424;25;230;230;230;229;0.865;50.03;645.7;0.335;650.7;0.197;793.8;0.205;60;0;0;0.818;0.918;0.860;158;175;166;50.03;50.03;50.03;13704;1000;0.0;0;0.0000;0;0;424;424;424
60;2014-01-28 10:21:00;909402N262;480;0.432;25;231;232;231;230;0.828;50.03;643.9;0.325;648.6;0.189;793.6;0.196;60;0;0;0.819;0.920;0.747;159;177;142;50.03;50.03;50.03;13704;1000;0.0;0;0.0000;0;0;432;432;432
60;2014-01-28 10:22:00;909402N262;463;0.440;25;232;233;232;231;0.796;50.03;642.4;0.314;648.4;0.182;792.4;0.188;60;0;0;0.790;0.930;0.670;152;180;128;50.03;50.03;50.03;13704;1000;0.0;0;0.0000;0;0;440;440;440
60;2014-01-28 10:23:00;909402N262;461;0.448;25;233;233;233;231;0.796;50.03;642.4;0.312;649.0;0.181;792.1;0.188;60;0;0;0.713;0.945;0.730;137;182;140;50.03;50.03;50.03;13704;1000;0.0;0;0.0000;0;0;448;448;448
60;2014-01-28 10:24:00;909402N262;471;0.455;25;233;234;233;232;0.811;50.02;642.7;0.318;646.2;0.187;793.9;0.192;60;0;0;0.813;0.905;0.716;156;175;138;50.02;50.02;50.02;13704;1000;0.0;0;0.0000;0;0;455;455;455
60;2014-01-28 10:25:00;909402N262;499;0.464;26;233;234;233;233;0.861;50.03;645.1;0.333;651.3;0.198;794.1;0.205;60;0;0;0.835;0.911;0.839;162;174;162;50.03;50.03;50.03;13704;1000;0.0;0;0.0000;0;0;464;464;464
60;2014-01-28 10:26:00;909402N262;545;0.473;26;233;234;233;233;0.942;50.03;647.3;0.360;656.7;0.215;794.6;0.223;60;0;0;0.942;0.960;0.925;181;184;178;50.03;50.03;50.03;13704;1000;0.0;0;0.0000;0;0;473;473;473
60;2014-01-28 10:27:00;909402N262;571;0.482;26;233;234;232;234;0.971;50.02;648.7;0.375;659.1;0.226;794.3;0.234;60;0;0;0.962;1.029;0.924;189;200;180;50.02;50.02;50.02;13704;1000;0.0;0;0.0000;0;0;482;482;482
60;2014-01-28 10:28:00;909402N262;581;0.492;26;233;234;232;234;0.989;50.03;649.0;0.381;660.6;0.229;794.0;0.238;60;0;0;0.983;1.046;0.939;193;204;182;50.03;50.03;50.03;13704;1000;0.0;0;0.0000;0;0;492;492;492
60;2014-01-28 10:29:00;909402N262;570;0.502;26;233;234;233;234;0.970;50.03;648.2;0.374;658.6;0.226;794.3;0.234;60;0;0;0.954;1.034;0.924;187;202;179;50.03;50.03;50.03;13704;1000;0.0;0;0.0000;0;0;502;502;502
60;2014-01-28 10:30:00;909402N262;559;0.511;26;233;233;233;234;0.953;50.04;647.7;0.368;659.0;0.221;794.6;0.230;60;0;0;0.957;1.005;0.897;187;195;175;50.04;50.04;50.04;13704;1000;0.0;0;0.0000;0;0;511;511;511
60;2014-01-28 10:31:00;909402N262;524;0.520;26;233;233;233;233;0.913;50.04;639.4;0.356;623.6;0.212;793.5;0.219;60;0;0;0.915;0.928;0.896;175;176;172;50.04;50.04;50.04;13704;1000;0.0;0;0.0000;0;0;520;520;520
60;2014-01-28 10:32:00;909402N262;501;0.527;26;233;233;233;234;0.863;50.03;644.5;0.334;651.4;0.198;794.1;0.206;60;0;0;0.838;0.936;0.816;162;180;157;50.03;50.03;50.03;13704;1000;0.0;0;0.0000;0;0;527;527;527
60;2014-01-28 10:33:00;909402N262;473;0.536;26;233;233;233;234;0.816;50.03;642.3;0.318;648.3;0.187;793.1;0.194;60;0;0;0.782;0.917;0.749;151;176;143;50.03;50.03;50.03;13704;1000;0.0;0;0.0000;0;0;536;536;536
60;2014-01-28 10:34:00;909402N262;444;0.543;26;233;233;233;233;0.763;50.03;640.7;0.301;647.7;0.175;793.4;0.181;60;0;0;0.769;0.914;0.606;148;179;115;50.03;50.03;50.03;13704;1000;0.0;0;0.0000;0;0;543;543;543
60;2014-01-28 10:35:00;909402N262;451;0.551;26;233;233;233;233;0.780;50.02;641.0;0.304;648.9;0.177;791.9;0.184;60;0;0;0.776;0.909;0.656;149;174;125;50.02;50.02;50.02;13704;1000;0.0;0;0.0000;0;0;551;551;551
60;2014-01-28 10:36:00;909402N262;466;0.559;26;233;232;233;233;0.799;50.03;642.0;0.313;645.8;0.185;794.4;0.191;60;0;0;0.804;0.922;0.673;156;179;129;50.03;50.03;50.03;13704;1000;0.0;0;0.0000;0;0;559;559;559
60;2014-01-28 10:37:00;909402N262;469;0.566;26;233;232;233;233;0.806;50.03;642.4;0.315;645.7;0.186;794.4;0.193;60;0;0;0.805;0.928;0.687;156;179;133;50.03;50.03;50.03;13704;1000;0.0;0;0.0000;0;0;566;566;566
60;2014-01-28 10:38:00;909402N262;469;0.575;26;233;233;233;233;0.810;50.03;642.5;0.315;645.9;0.186;794.2;0.194;60;0;0;0.798;0.918;0.714;154;176;137;50.03;50.03;50.03;13704;1000;0.0;0;0.0000;0;0;575;575;575
60;2014-01-28 10:39:00;909402N262;461;0.582;26;233;233;233;233;0.792;50.03;642.0;0.311;647.4;0.182;792.8;0.189;60;0;0;0.759;0.910;0.709;146;176;137;50.03;50.03;50.03;13704;1000;0.0;0;0.0000;0;0;582;582;582
60;2014-01-28 10:40:00;909402N262;440;0.590;26;233;233;232;233;0.766;50.02;640.9;0.298;647.0;0.174;790.6;0.180;60;0;0;0.756;0.885;0.659;144;169;126;50.02;50.02;50.02;13704;1000;0.0;0;0.0000;0;0;590;590;590
60;2014-01-28 10:41:00;909402N262;421;0.596;26;233;233;232;233;0.740;50.04;639.2;0.286;641.3;0.168;787.9;0.173;60;0;0;0.680;0.856;0.684;128;161;129;50.04;50.04;50.04;13704;1000;0.0;0;0.0000;0;0;596;596;596
60;2014-01-28 10:42:00;909402N262;400;0.603;26;232;233;232;232;0.713;50.03;637.4;0.274;639.4;0.160;783.7;0.165;60;0;0;0.669;0.819;0.652;126;151;121;50.03;50.03;50.03;13704;1000;0.0;0;0.0000;0;0;603;603;603
60;2014-01-28 10:43:00;909402N262;376;0.609;26;232;232;232;232;0.679;50.04;635.7;0.260;634.4;0.151;779.8;0.156;60;0;0;0.642;0.768;0.627;119;140;115;50.04;50.04;50.04;13704;1000;0.0;0;0.0000;0;0;609;609;609
60;2014-01-28 10:44:00;909402N262;353;0.615;26;232;232;232;232;0.638;50.04;633.9;0.246;631.1;0.141;775.8;0.146;60;0;0;0.629;0.727;0.559;114;133;104;50.04;50.04;50.04;13704;1000;0.0;0;0.0000;0;0;615;615;615
60;2014-01-28 10:45:00;909402N262;344;0.621;26;232;232;233;233;0.620;50.03;633.3;0.242;627.2;0.139;779.2;0.141;60;0;0;0.650;0.703;0.508;122;129;92;50.03;50.03;50.03;13704;1000;0.0;0;0.0000;0;0;621;621;621
60;2014-01-28 10:46:00;909402N262;345;0.627;26;233;232;233;233;0.625;50.02;629.9;0.247;619.2;0.141;756.7;0.147;60;0;0;0.614;0.708;0.554;112;129;102;50.02;50.02;50.02;13704;1000;0.0;0;0.0000;0;0;627;627;627
60;2014-01-28 10:47:00;909402N262;368;0.633;26;233;232;233;233;0.667;50.01;635.8;0.256;631.8;0.148;779.5;0.152;60;0;0;0.649;0.765;0.587;119;140;109;50.01;50.01;50.01;13704;1000;0.0;0;0.0000;0;0;633;633;633
60;2014-01-28 10:48:00;909402N262;380;0.639;26;232;232;232;233;0.687;50.02;636.7;0.264;636.8;0.151;779.3;0.156;60;0;0;0.641;0.780;0.641;118;142;118;50.02;50.02;50.02;13704;1000;0.0;0;0.0000;0;0;639;639;639
60;2014-01-28 10:49:00;909402N262;373;0.646;27;232;232;232;233;0.672;50.02;636.3;0.260;632.5;0.148;780.1;0.153;60;0;0;0.639;0.771;0.607;118;141;112;50.02;50.02;50.02;13704;1000;0.0;0;0.0000;0;0;646;646;646
60;2014-01-28 10:50:00;909402N262;356;0.652;27;232;232;232;232;0.647;50.02;634.8;0.251;631.2;0.141;776.3;0.145;60;0;0;0.654;0.722;0.567;120;131;104;50.02;50.02;50.02;13704;1000;0.0;0;0.0000;0;0;652;652;652
60;2014-01-28 10:51:00;909402N262;350;0.657;27;232;233;232;232;0.631;50.03;634.5;0.248;628.3;0.139;778.1;0.143;60;0;0;0.662;0.716;0.515;123;130;95;50.03;50.03;50.03;13704;1000;0.0;0;0.0000;0;0;657;657;657
60;2014-01-28 10:52:00;909402N262;362;0.664;27;232;233;232;232;0.654;50.03;635.5;0.255;631.7;0.144;776.9;0.148;60;0;0;0.648;0.745;0.571;119;137;104;50.03;50.03;50.03;13704;1000;0.0;0;0.0000;0;0;664;664;664
60;2014-01-28 10:53:00;909402N262;384;0.670;27;233;233;232;232;0.697;50.04;637.0;0.269;634.8;0.152;779.8;0.157;60;0;0;0.679;0.770;0.642;125;140;118;50.04;50.04;50.04;13704;1000;0.0;0;0.0000;0;0;670;670;670
60;2014-01-28 10:54:00;909402N262;405;0.676;27;232;233;233;232;0.719;50.03;638.6;0.282;637.9;0.160;784.5;0.164;60;0;0;0.681;0.826;0.650;128;153;122;50.03;50.03;50.03;13704;1000;0.0;0;0.0000;0;0;676;676;676
60;2014-01-28 10:55:00;909402N262;422;0.683;27;232;233;232;232;0.744;50.03;639.8;0.293;638.3;0.166;788.0;0.171;60;0;0;0.693;0.831;0.708;131;157;132;50.03;50.03;50.03;13704;1000;0.0;0;0.0000;0;0;683;683;683
60;2014-01-28 10:56:00;909402N262;437;0.691;27;232;233;233;232;0.767;50.04;640.6;0.303;643.6;0.171;788.1;0.177;60;0;0;0.753;0.872;0.677;143;165;128;50.04;50.04;50.04;13704;1000;0.0;0;0.0000;0;0;691;691;691
60;2014-01-28 10:57:00;909402N262;455;0.698;27;232;233;232;232;0.784;50.03;641.8;0.314;647.6;0.176;792.2;0.184;60;0;0;0.774;0.895;0.684;148;174;130;50.03;50.03;50.03;13704;1000;0.0;0;0.0000;0;0;698;698;698
60;2014-01-28 10:58:00;909402N262;471;0.707;27;233;233;233;233;0.809;50.03;642.5;0.323;645.8;0.184;794.0;0.190;60;0;0;0.812;0.933;0.683;156;181;132;50.03;50.03;50.03;13704;1000;0.0;0;0.0000;0;0;707;707;707
60;2014-01-28 10:59:00;909402N262;478;0.714;27;233;232;233;232;0.824;50.03;642.7;0.328;644.2;0.187;793.9;0.194;60;0;0;0.776;0.953;0.744;150;183;143;50.03;50.03;50.03;13704;1000;0.0;0;0.0000;0;0;714;714;714
60;2014-01-28 11:00:00;909402N262;474;0.722;27;232;232;233;232;0.817;50.03;642.3;0.325;644.1;0.185;794.2;0.192;60;0;0;0.813;0.917;0.723;157;177;138;50.03;50.03;50.03;13704;1000;0.0;0;0.0000;0;0;722;722;722
[wr_ende]
