20150217;090000;danfoss;My Plant;+0100
[wr_def_start]
909402N262;Inverter Type;Inverter Group;Hanzl
[wr_def_end]
[wr]
INTERVAL;TIMESTAMP;SERIAL;P_AC;E_DAY;T_WR;U_AC;U_AC_1;U_AC_2;U_AC_3;I_AC;F_AC;U_DC_1;I_DC_1;U_DC_2;I_DC_2;U_DC_3;I_DC_3;S;E_WR;M_WR;I_AC_1;I_AC_2;I_AC_3;P_AC_1;P_AC_2;P_AC_3;F_AC_1;F_AC_2;F_AC_3;R_DC;PC;PCS;PCS_LL;COS_PHI;COS_PHI_LL;S_COS_PHI;Current_Day_Energy;current_Day_Offset;ccEnergyOfDay_WithoutOffset
60;2015-02-17 08:01:00;909402N262;626;0.299;27;234;233;234;234;1.417;50.03;595.8;0.404;632.6;0.283;781.5;0.267;60;0;0;1.387;1.437;1.429;196;215;214;50.03;50.03;50.03;14291;1000;0.0;0;1.0000;0;2;299;299;299
60;2015-02-17 08:02:00;909402N262;652;0.311;28;234;233;234;234;1.422;50.01;602.3;0.409;654.7;0.289;793.1;0.273;60;0;0;1.391;1.439;1.438;205;223;222;50.01;50.01;50.01;14291;1000;0.0;0;1.0000;0;2;311;311;311
60;2015-02-17 08:03:00;909402N262;655;0.321;28;234;233;234;234;1.430;50.01;584.6;0.422;657.3;0.290;791.8;0.276;60;0;0;1.396;1.448;1.448;204;224;225;50.01;50.01;50.01;14291;1000;0.0;0;1.0000;0;2;321;321;321
60;2015-02-17 08:04:00;909402N262;674;0.332;28;233;232;234;234;1.449;50.01;591.5;0.434;658.3;0.295;791.2;0.285;60;0;0;1.414;1.469;1.464;210;231;230;50.01;50.01;50.01;14291;1000;0.0;0;1.0000;0;2;332;332;332
60;2015-02-17 08:05:00;909402N262;721;0.344;28;233;232;234;234;1.481;50.01;609.0;0.454;659.7;0.312;794.2;0.304;60;0;0;1.443;1.499;1.502;226;246;248;50.01;50.01;50.01;14291;1000;0.0;0;1.0000;0;2;344;344;344
60;2015-02-17 08:06:00;909402N262;752;0.357;28;233;233;233;234;1.513;50.02;612.7;0.468;663.5;0.324;794.3;0.317;60;0;0;1.472;1.533;1.534;235;256;258;50.02;50.02;50.02;14291;1000;0.0;0;1.0000;0;2;357;357;357
60;2015-02-17 08:07:00;909402N262;735;0.369;28;233;233;233;234;1.496;50.01;599.8;0.462;661.7;0.319;794.5;0.312;60;0;0;1.466;1.512;1.512;233;250;251;50.01;50.01;50.01;14291;1000;0.0;0;1.0000;0;2;369;369;369
60;2015-02-17 08:08:00;909402N262;720;0.381;28;233;233;233;233;1.476;49.99;593.4;0.454;663.2;0.318;794.7;0.305;60;0;0;1.443;1.488;1.498;228;245;247;49.99;49.99;49.99;14291;1000;0.0;0;1.0000;0;2;381;381;381
60;2015-02-17 08:09:00;909402N262;764;0.394;29;233;233;233;233;1.519;50.00;598.6;0.469;669.1;0.337;794.8;0.326;60;0;0;1.488;1.537;1.533;243;260;259;50.00;50.00;50.00;14291;1000;0.0;0;1.0000;0;2;394;394;394
60;2015-02-17 08:10:00;909402N262;875;0.409;29;233;233;234;233;1.634;49.99;602.1;0.526;674.8;0.388;795.0;0.374;60;0;0;1.598;1.663;1.643;280;301;293;49.99;49.99;49.99;14291;1000;0.0;0;1.0000;0;2;409;409;409
60;2015-02-17 08:11:00;909402N262;1060;0.426;29;234;234;234;233;1.843;49.99;608.9;0.625;681.2;0.469;795.0;0.456;60;0;0;1.795;1.873;1.862;339;362;357;49.99;49.99;49.99;14291;1000;0.0;0;1.0000;0;2;426;426;426
60;2015-02-17 08:12:00;909402N262;1152;0.445;29;234;233;234;234;1.954;49.99;616.9;0.682;686.9;0.499;794.7;0.493;60;0;0;1.897;1.994;1.973;367;395;388;49.99;49.99;49.99;14291;1000;0.0;0;1.0000;0;2;445;445;445
60;2015-02-17 08:13:00;909402N262;1126;0.464;29;234;233;234;234;1.921;50.00;616.0;0.676;683.3;0.480;795.1;0.481;60;0;0;1.869;1.958;1.938;359;385;379;50.00;50.00;50.00;14291;1000;0.0;0;1.0000;0;2;464;464;464
60;2015-02-17 08:14:00;909402N262;1071;0.482;29;234;233;234;234;1.858;49.99;616.5;0.643;678.3;0.457;795.0;0.460;60;0;0;1.806;1.895;1.873;342;367;359;49.99;49.99;49.99;14291;1000;0.0;0;1.0000;0;2;482;482;482
60;2015-02-17 08:15:00;909402N262;1018;0.500;29;233;233;234;234;1.795;49.98;614.4;0.613;676.5;0.435;794.7;0.438;60;0;0;1.748;1.825;1.813;325;348;343;49.98;49.98;49.98;14291;1000;0.0;0;1.0000;0;2;500;500;500
60;2015-02-17 08:16:00;909402N262;958;0.515;29;233;233;233;234;1.722;49.97;605.3;0.593;658.0;0.413;795.6;0.417;60;0;0;1.678;1.749;1.740;306;327;324;49.97;49.97;49.97;14291;1000;0.0;0;1.0000;0;2;515;515;515
60;2015-02-17 08:17:00;909402N262;965;0.532;29;233;233;233;234;1.742;49.98;607.2;0.595;674.8;0.416;795.3;0.409;60;0;0;1.690;1.769;1.767;306;330;328;49.98;49.98;49.98;14291;1000;0.0;0;1.0000;0;2;532;532;532
60;2015-02-17 08:18:00;909402N262;976;0.547;29;234;233;233;234;1.752;49.98;608.2;0.603;675.8;0.420;795.3;0.412;60;0;0;1.703;1.778;1.777;311;333;332;49.98;49.98;49.98;14291;1000;0.0;0;1.0000;0;2;547;547;547
60;2015-02-17 08:19:00;909402N262;1014;0.564;30;233;233;234;234;1.798;49.97;610.6;0.618;675.7;0.438;795.2;0.430;60;0;0;1.740;1.828;1.827;321;348;344;49.97;49.97;49.97;14291;1000;0.0;0;1.0000;0;2;564;564;564
60;2015-02-17 08:20:00;909402N262;1045;0.582;30;233;233;233;234;1.834;49.98;613.2;0.630;676.7;0.453;795.3;0.448;60;0;0;1.776;1.865;1.862;332;357;355;49.98;49.98;49.98;14291;1000;0.0;0;1.0000;0;2;582;582;582
60;2015-02-17 08:21:00;909402N262;1093;0.600;30;233;233;233;234;1.888;49.99;616.5;0.651;678.4;0.475;795.5;0.466;60;0;0;1.834;1.911;1.920;348;370;371;49.99;49.99;49.99;14291;1000;0.0;0;1.0000;0;2;600;600;600
60;2015-02-17 08:22:00;909402N262;1222;0.620;30;232;232;232;233;2.052;49.98;608.1;0.743;680.8;0.527;795.2;0.523;60;0;0;1.995;2.084;2.079;391;415;414;49.98;49.98;49.98;14291;1000;0.0;0;1.0000;0;2;620;620;620
60;2015-02-17 08:23:00;909402N262;1256;0.641;30;231;230;231;232;2.101;50.01;603.3;0.788;681.1;0.533;795.2;0.532;60;0;0;2.041;2.133;2.131;402;426;428;50.01;50.01;50.01;14291;1000;0.0;0;1.0000;0;2;641;641;641
60;2015-02-17 08:24:00;909402N262;1179;0.661;30;231;230;231;232;2.003;49.99;602.6;0.749;680.8;0.495;795.6;0.496;60;0;0;1.940;2.038;2.031;375;401;400;49.99;49.99;49.99;14291;1000;0.0;0;1.0000;0;2;661;661;661
60;2015-02-17 08:25:00;909402N262;1117;0.679;30;231;230;231;232;1.926;50.00;603.2;0.704;681.2;0.474;795.5;0.468;60;0;0;1.874;1.951;1.954;357;380;380;50.00;50.00;50.00;14291;1000;0.0;0;1.0000;0;2;679;679;679
60;2015-02-17 08:26:00;909402N262;1133;0.699;30;231;230;230;232;1.947;50.00;603.5;0.702;681.6;0.489;795.6;0.475;60;0;0;1.896;1.969;1.976;362;383;386;50.00;50.00;50.00;14291;1000;0.0;0;1.0000;0;2;699;699;699
60;2015-02-17 08:27:00;909402N262;1156;0.718;30;231;230;230;232;1.975;50.00;600.7;0.718;679.9;0.502;795.6;0.487;60;0;0;1.929;1.998;2.000;372;390;392;50.00;50.00;50.00;14291;1000;0.0;0;1.0000;0;2;718;718;718
60;2015-02-17 08:28:00;909402N262;1185;0.738;31;231;231;230;232;2.012;50.00;596.0;0.745;680.8;0.510;795.4;0.500;60;0;0;1.959;2.040;2.039;380;401;401;50.00;50.00;50.00;14291;1000;0.0;0;1.0000;0;2;738;738;738
60;2015-02-17 08:29:00;909402N262;1182;0.758;31;231;231;230;232;2.010;50.01;593.0;0.755;681.6;0.501;795.4;0.499;60;0;0;1.968;2.026;2.036;381;398;402;50.01;50.01;50.01;14291;1000;0.0;0;1.0000;0;2;758;758;758
60;2015-02-17 08:30:00;909402N262;1158;0.776;31;231;230;230;232;1.978;50.00;600.6;0.739;680.5;0.486;795.6;0.486;60;0;0;1.930;2.002;2.003;372;392;392;50.00;50.00;50.00;14291;1000;0.0;0;1.0000;0;2;776;776;776
60;2015-02-17 08:31:00;909402N262;1073;0.794;31;230;230;230;231;1.868;50.00;592.3;0.702;666.0;0.451;785.6;0.452;60;0;0;1.825;1.882;1.899;343;363;365;50.00;50.00;50.00;14291;1000;0.0;0;1.0000;0;2;794;794;794
60;2015-02-17 08:32:00;909402N262;996;0.811;31;230;230;230;231;1.784;49.99;594.1;0.654;669.1;0.420;795.0;0.414;60;0;0;1.733;1.807;1.812;317;338;339;49.99;49.99;49.99;14291;1000;0.0;0;1.0000;0;2;811;811;811
60;2015-02-17 08:33:00;909402N262;975;0.827;31;232;232;231;233;1.754;49.98;595.8;0.636;667.8;0.414;795.2;0.404;60;0;0;1.704;1.776;1.783;310;330;332;49.98;49.98;49.98;14291;1000;0.0;0;1.0000;0;2;827;827;827
60;2015-02-17 08:34:00;909402N262;1012;0.844;31;234;233;233;234;1.800;49.99;595.8;0.658;669.9;0.431;795.0;0.421;60;0;0;1.752;1.822;1.826;323;343;344;49.99;49.99;49.99;14291;1000;0.0;0;1.0000;0;2;844;844;844
60;2015-02-17 08:35:00;909402N262;1010;0.861;31;233;232;233;234;1.796;49.98;594.7;0.657;670.0;0.431;795.2;0.420;60;0;0;1.743;1.819;1.826;320;343;344;49.98;49.98;49.98;14291;1000;0.0;0;1.0000;0;2;861;861;861
60;2015-02-17 08:36:00;909402N262;1014;0.879;31;233;233;233;233;1.800;49.98;595.1;0.657;670.8;0.434;795.0;0.421;60;0;0;1.755;1.831;1.815;324;347;342;49.98;49.98;49.98;14291;1000;0.0;0;1.0000;0;2;879;879;879
60;2015-02-17 08:37:00;909402N262;1092;0.897;31;233;233;234;233;1.890;49.99;598.0;0.699;676.4;0.465;795.3;0.455;60;0;0;1.848;1.920;1.903;351;373;366;49.99;49.99;49.99;14291;1000;0.0;0;1.0000;0;2;897;897;897
60;2015-02-17 08:38:00;909402N262;1189;0.916;31;234;233;234;234;2.008;50.00;600.4;0.759;677.6;0.505;795.2;0.497;60;0;0;1.953;2.044;2.027;381;406;401;50.00;50.00;50.00;14291;1000;0.0;0;1.0000;0;2;916;916;916
60;2015-02-17 08:39:00;909402N262;1221;0.937;32;233;233;234;234;2.046;50.00;602.7;0.779;677.6;0.519;795.1;0.509;60;0;0;2.000;2.075;2.065;393;416;411;50.00;50.00;50.00;14291;1000;0.0;0;1.0000;0;2;937;937;937
60;2015-02-17 08:40:00;909402N262;1236;0.957;32;234;233;234;234;2.065;49.99;599.2;0.792;677.7;0.527;795.2;0.514;60;0;0;2.004;2.103;2.089;396;422;417;49.99;49.99;49.99;14291;1000;0.0;0;1.0000;0;2;957;957;957
60;2015-02-17 08:41:00;909402N262;1305;0.979;32;234;233;234;234;2.148;50.00;591.1;0.844;680.4;0.559;795.0;0.542;60;0;0;2.092;2.190;2.163;420;445;438;50.00;50.00;50.00;14291;1000;0.0;0;1.0000;0;2;979;979;979
60;2015-02-17 08:42:00;909402N262;1361;1.002;32;233;233;233;234;2.220;49.99;596.5;0.867;683.5;0.583;795.0;0.564;60;0;0;2.158;2.258;2.244;437;462;459;49.99;49.99;49.99;14291;1000;0.0;0;1.0000;0;2;1002;1002;1002
60;2015-02-17 08:43:00;909402N262;1413;1.025;32;233;233;233;234;2.288;49.99;602.4;0.886;685.3;0.611;795.0;0.586;60;0;0;2.243;2.319;2.302;459;478;474;49.99;49.99;49.99;14291;1000;0.0;0;1.0000;0;2;1025;1025;1025
60;2015-02-17 08:44:00;909402N262;1475;1.050;32;233;233;233;234;2.366;49.99;606.6;0.914;687.3;0.640;795.0;0.611;60;0;0;2.304;2.405;2.389;475;500;497;49.99;49.99;49.99;14291;1000;0.0;0;1.0000;0;2;1050;1050;1050
60;2015-02-17 08:45:00;909402N262;1542;1.075;32;233;232;234;234;2.450;49.99;609.4;0.949;688.8;0.678;795.1;0.633;60;0;0;2.390;2.496;2.466;497;525;518;49.99;49.99;49.99;14291;1000;0.0;0;1.0000;0;2;1075;1075;1075
60;2015-02-17 08:46:00;909402N262;1582;1.102;32;233;232;234;234;2.495;49.97;602.7;0.979;680.7;0.713;794.9;0.647;60;0;0;2.428;2.540;2.517;508;541;532;49.97;49.97;49.97;14291;1000;0.0;0;1.0000;0;2;1102;1102;1102
60;2015-02-17 08:47:00;909402N262;1633;1.129;32;233;232;234;234;2.552;49.97;577.5;1.045;691.4;0.731;795.1;0.667;60;0;0;2.483;2.609;2.565;524;560;547;49.97;49.97;49.97;14291;1000;0.0;0;1.0000;0;2;1129;1129;1129
60;2015-02-17 08:48:00;909402N262;1751;1.158;32;234;233;234;234;2.707;49.98;575.1;1.130;694.9;0.772;794.8;0.724;60;0;0;2.645;2.751;2.726;566;595;589;49.98;49.98;49.98;14291;1000;0.0;0;1.0000;0;2;1158;1158;1158
60;2015-02-17 08:49:00;909402N262;1818;1.188;32;234;233;234;234;2.793;49.99;584.5;1.163;697.3;0.788;794.9;0.755;60;0;0;2.731;2.835;2.813;589;616;610;49.99;49.99;49.99;14291;1000;0.0;0;1.0000;0;2;1188;1188;1188
60;2015-02-17 08:50:00;909402N262;1719;1.217;33;234;233;234;233;2.665;49.99;612.2;1.054;696.2;0.753;794.9;0.701;60;0;0;2.602;2.713;2.682;556;584;577;49.99;49.99;49.99;14291;1000;0.0;0;1.0000;0;2;1217;1217;1217
60;2015-02-17 08:51:00;909402N262;1552;1.244;33;234;233;234;234;2.449;50.00;612.1;0.957;692.2;0.672;794.9;0.637;60;0;0;2.395;2.488;2.465;502;527;521;50.00;50.00;50.00;14291;1000;0.0;0;1.0000;0;2;1244;1244;1244
60;2015-02-17 08:52:00;909402N262;1487;1.268;33;234;233;234;233;2.367;49.99;607.0;0.932;688.8;0.636;794.9;0.616;60;0;0;2.312;2.411;2.378;480;507;498;49.99;49.99;49.99;14291;1000;0.0;0;1.0000;0;2;1268;1268;1268
60;2015-02-17 08:53:00;909402N262;1492;1.293;33;234;233;235;234;2.373;49.99;600.9;0.942;688.0;0.642;795.0;0.616;60;0;0;2.314;2.418;2.388;481;510;500;49.99;49.99;49.99;14291;1000;0.0;0;1.0000;0;2;1293;1293;1293
60;2015-02-17 08:54:00;909402N262;1477;1.319;33;233;233;234;233;2.356;49.99;593.8;0.943;686.4;0.636;795.0;0.611;60;0;0;2.295;2.407;2.366;475;505;494;49.99;49.99;49.99;14291;1000;0.0;0;1.0000;0;2;1319;1319;1319
60;2015-02-17 08:55:00;909402N262;1472;1.343;33;233;233;234;233;2.348;49.99;598.3;0.932;685.6;0.634;795.1;0.610;60;0;0;2.297;2.392;2.356;476;503;491;49.99;49.99;49.99;14291;1000;0.0;0;1.0000;0;2;1343;1343;1343
60;2015-02-17 08:56:00;909402N262;1486;1.367;33;233;233;234;233;2.369;50.00;589.3;0.951;685.6;0.644;795.0;0.618;60;0;0;2.315;2.407;2.385;481;506;498;50.00;50.00;50.00;14291;1000;0.0;0;1.0000;0;2;1367;1367;1367
60;2015-02-17 08:57:00;909402N262;1507;1.392;33;233;233;234;233;2.392;49.99;589.0;0.962;685.4;0.657;795.2;0.626;60;0;0;2.348;2.435;2.394;490;513;501;49.99;49.99;49.99;14291;1000;0.0;0;1.0000;0;2;1392;1392;1392
60;2015-02-17 08:58:00;909402N262;1552;1.418;33;233;233;234;233;2.450;50.00;597.6;0.975;686.3;0.671;795.1;0.649;60;0;0;2.391;2.496;2.463;501;530;520;50.00;50.00;50.00;14291;1000;0.0;0;1.0000;0;2;1418;1418;1418
60;2015-02-17 08:59:00;909402N262;1613;1.445;33;233;233;234;233;2.527;50.00;598.0;1.017;686.0;0.695;794.9;0.675;60;0;0;2.467;2.572;2.543;521;550;541;50.00;50.00;50.00;14291;1000;0.0;0;1.0000;0;2;1445;1445;1445
60;2015-02-17 09:00:00;909402N262;1598;1.472;33;233;233;234;233;2.507;49.98;597.3;1.003;685.9;0.696;795.1;0.665;60;0;0;2.447;2.564;2.510;516;547;532;49.98;49.98;49.98;14291;1000;0.0;0;1.0000;0;2;1472;1472;1472
[wr_ende]
