20150309;130004;danfoss;My Plant;+0100
[wr_def_start]
909402N262;Inverter Type;Inverter Group;Hanzl
[wr_def_end]
[wr]
INTERVAL;TIMESTAMP;SERIAL;P_AC;E_DAY;T_WR;U_AC;U_AC_1;U_AC_2;U_AC_3;I_AC;F_AC;U_DC_1;I_DC_1;U_DC_2;I_DC_2;U_DC_3;I_DC_3;S;E_WR;M_WR;I_AC_1;I_AC_2;I_AC_3;P_AC_1;P_AC_2;P_AC_3;F_AC_1;F_AC_2;F_AC_3;R_DC;PC;PCS;PCS_LL;COS_PHI;COS_PHI_LL;S_COS_PHI;Current_Day_Energy;current_Day_Offset;ccEnergyOfDay_WithoutOffset
60;2015-03-09 12:01:00;909402N262;9135;20.298;45;235;235;233;236;13.293;49.97;529.7;7.118;628.0;3.850;795.6;3.912;60;0;0;13.274;13.256;13.349;3049;3004;3080;49.97;49.97;49.97;11820;1000;0.0;0;1.0000;0;2;20298;20298;20298
60;2015-03-09 12:02:00;909402N262;9260;20.453;45;234;235;233;236;13.478;49.96;533.5;7.138;647.7;3.845;795.3;3.917;60;0;0;13.465;13.427;13.543;3091;3050;3118;49.96;49.96;49.96;11820;1000;0.0;0;1.0000;0;2;20453;20453;20453
60;2015-03-09 12:03:00;909402N262;9259;20.607;45;234;235;233;235;13.481;49.97;533.8;7.140;647.1;3.842;795.3;3.916;60;0;0;13.488;13.473;13.482;3099;3064;3093;49.97;49.97;49.97;11820;1000;0.0;0;1.0000;0;2;20607;20607;20607
60;2015-03-09 12:04:00;909402N262;9203;20.762;45;234;236;232;236;13.393;49.98;533.1;7.106;646.2;3.824;795.2;3.892;60;0;0;13.416;13.319;13.444;3085;3020;3095;49.98;49.98;49.98;11820;1000;0.0;0;1.0000;0;2;20762;20762;20762
60;2015-03-09 12:05:00;909402N262;9223;20.915;45;235;235;232;236;13.416;49.99;532.8;7.128;646.3;3.832;795.3;3.901;60;0;0;13.411;13.329;13.509;3078;3024;3119;49.99;49.99;49.99;11820;1000;0.0;0;1.0000;0;2;20915;20915;20915
60;2015-03-09 12:06:00;909402N262;9224;21.069;45;232;234;230;233;13.551;50.01;532.0;7.140;645.1;3.839;795.2;3.903;60;0;0;13.589;13.433;13.633;3104;3014;3104;50.01;50.01;50.01;11820;1000;0.0;0;1.0000;0;2;21069;21069;21069
60;2015-03-09 12:07:00;909402N262;9249;21.223;45;232;234;230;233;13.595;50.01;531.1;7.173;644.5;3.854;793.8;3.919;60;0;0;13.646;13.466;13.673;3121;3020;3106;50.01;50.01;50.01;11820;1000;0.0;0;1.0000;0;2;21223;21223;21223
60;2015-03-09 12:08:00;909402N262;9281;21.378;45;232;234;230;233;13.639;50.00;531.0;7.202;643.9;3.867;792.7;3.937;60;0;0;13.677;13.553;13.688;3124;3043;3112;50.00;50.00;50.00;11820;1000;0.0;0;1.0000;0;2;21378;21378;21378
60;2015-03-09 12:09:00;909402N262;9305;21.533;45;232;233;230;233;13.684;50.00;531.4;7.222;644.3;3.873;792.3;3.946;60;0;0;13.692;13.607;13.755;3118;3055;3130;50.00;50.00;50.00;11820;1000;0.0;0;1.0000;0;2;21533;21533;21533
60;2015-03-09 12:10:00;909402N262;9289;21.688;45;232;234;230;233;13.640;50.02;532.1;7.207;644.5;3.860;791.3;3.943;60;0;0;13.689;13.538;13.693;3132;3042;3113;50.02;50.02;50.02;11820;1000;0.0;0;1.0000;0;2;21688;21688;21688
60;2015-03-09 12:11:00;909402N262;9305;21.844;45;232;234;231;233;13.653;50.03;533.0;7.207;645.6;3.857;795.3;3.933;60;0;0;13.692;13.588;13.679;3132;3062;3109;50.03;50.03;50.03;11820;1000;0.0;0;1.0000;0;2;21844;21844;21844
60;2015-03-09 12:12:00;909402N262;9335;21.999;45;233;234;232;233;13.692;50.03;532.8;7.231;645.9;3.865;795.3;3.950;60;0;0;13.694;13.671;13.713;3123;3092;3119;50.03;50.03;50.03;11820;1000;0.0;0;1.0000;0;2;21999;21999;21999
60;2015-03-09 12:13:00;909402N262;9331;22.155;45;233;233;232;235;13.652;50.03;532.1;7.235;645.6;3.865;795.3;3.950;60;0;0;13.578;13.620;13.760;3091;3087;3152;50.03;50.03;50.03;11820;1000;0.0;0;1.0000;0;2;22155;22155;22155
60;2015-03-09 12:14:00;909402N262;9341;22.310;45;233;232;232;235;13.676;50.03;531.5;7.249;645.4;3.871;795.5;3.954;60;0;0;13.559;13.671;13.800;3076;3103;3160;50.03;50.03;50.03;11820;1000;0.0;0;1.0000;0;2;22310;22310;22310
60;2015-03-09 12:15:00;909402N262;9353;22.466;45;233;233;232;235;13.698;50.02;531.2;7.264;645.5;3.876;795.3;3.958;60;0;0;13.597;13.671;13.828;3089;3095;3167;50.02;50.02;50.02;11820;1000;0.0;0;1.0000;0;2;22466;22466;22466
60;2015-03-09 12:16:00;909402N262;9255;22.620;45;233;232;231;234;13.577;50.02;526.4;7.286;626.9;3.887;795.8;3.964;60;0;0;13.493;13.540;13.700;3062;3056;3134;50.02;50.02;50.02;11820;1000;0.0;0;1.0000;0;2;22620;22620;22620
60;2015-03-09 12:17:00;909402N262;9377;22.777;45;233;233;230;235;13.767;50.03;530.0;7.297;644.0;3.891;795.4;3.974;60;0;0;13.716;13.664;13.922;3120;3062;3192;50.03;50.03;50.03;11820;1000;0.0;0;1.0000;0;2;22777;22777;22777
60;2015-03-09 12:18:00;909402N262;9398;22.934;45;233;233;230;236;13.786;50.02;528.9;7.324;643.2;3.905;795.0;3.988;60;0;0;13.733;13.668;13.958;3126;3062;3208;50.01;50.01;50.01;11820;1000;0.0;0;1.0000;0;2;22934;22934;22934
60;2015-03-09 12:19:00;909402N262;9418;23.091;45;233;234;229;236;13.827;50.03;528.5;7.352;643.4;3.915;790.9;4.011;60;0;0;13.786;13.703;13.994;3139;3064;3213;50.03;50.03;50.03;11820;1000;0.0;0;1.0000;0;2;23091;23091;23091
60;2015-03-09 12:20:00;909402N262;9442;23.247;45;233;234;229;235;13.873;50.03;529.7;7.363;643.8;3.919;791.3;4.013;60;0;0;13.830;13.754;14.036;3149;3074;3217;50.03;50.03;50.03;11820;1000;0.0;0;1.0000;0;2;23247;23247;23247
60;2015-03-09 12:21:00;909402N262;9487;23.406;46;233;234;230;235;13.919;50.02;530.2;7.394;644.3;3.931;794.2;4.021;60;0;0;13.892;13.796;14.071;3171;3087;3227;50.02;50.02;50.02;11820;1000;0.0;0;1.0000;0;2;23406;23406;23406
60;2015-03-09 12:22:00;909402N262;9482;23.564;46;233;234;230;236;13.912;50.02;529.2;7.403;643.7;3.931;791.4;4.034;60;0;0;13.858;13.810;14.070;3158;3092;3230;50.02;50.02;50.02;11820;1000;0.0;0;1.0000;0;2;23564;23564;23564
60;2015-03-09 12:23:00;909402N262;9458;23.723;46;232;234;229;235;13.914;50.01;528.1;7.396;642.8;3.926;787.0;4.049;60;0;0;13.883;13.761;14.099;3163;3066;3227;50.01;50.01;50.01;11820;1000;0.0;0;1.0000;0;2;23723;23723;23723
60;2015-03-09 12:24:00;909402N262;9444;23.879;46;232;233;230;235;13.893;50.02;527.5;7.387;641.8;3.923;786.5;4.050;60;0;0;13.851;13.771;14.058;3149;3079;3215;50.02;50.02;50.02;11820;1000;0.0;0;1.0000;0;2;23879;23879;23879
60;2015-03-09 12:25:00;909402N262;9455;24.038;46;233;234;232;235;13.857;50.01;527.5;7.401;642.1;3.925;785.2;4.058;60;0;0;13.818;13.805;13.950;3150;3114;3189;50.01;50.01;50.01;11820;1000;0.0;0;1.0000;0;2;24038;24038;24038
60;2015-03-09 12:26:00;909402N262;9432;24.195;46;234;234;232;235;13.799;50.01;526.8;7.388;641.7;3.916;784.7;4.053;60;0;0;13.745;13.748;13.905;3137;3109;3183;50.01;50.01;50.01;11820;1000;0.0;0;1.0000;0;2;24195;24195;24195
60;2015-03-09 12:27:00;909402N262;9444;24.351;46;234;234;232;235;13.825;50.01;526.9;7.402;641.8;3.920;783.9;4.060;60;0;0;13.758;13.775;13.944;3138;3110;3196;50.01;50.01;50.01;11820;1000;0.0;0;1.0000;0;2;24351;24351;24351
60;2015-03-09 12:28:00;909402N262;9440;24.508;46;233;234;232;235;13.830;50.02;527.0;7.399;641.5;3.916;783.7;4.061;60;0;0;13.753;13.794;13.945;3131;3116;3191;50.02;50.02;50.02;11820;1000;0.0;0;1.0000;0;2;24508;24508;24508
60;2015-03-09 12:29:00;909402N262;9440;24.666;46;234;234;231;235;13.826;50.03;525.9;7.413;641.2;3.919;783.1;4.064;60;0;0;13.763;13.766;13.951;3137;3103;3198;50.03;50.03;50.03;11820;1000;0.0;0;1.0000;0;2;24666;24666;24666
60;2015-03-09 12:30:00;909402N262;9465;24.823;46;233;233;229;235;13.917;50.00;526.1;7.432;641.6;3.926;783.2;4.076;60;0;0;13.916;13.770;14.066;3164;3076;3223;50.00;50.00;50.00;11820;1000;0.0;0;1.0000;0;2;24823;24823;24823
60;2015-03-09 12:31:00;909402N262;9398;24.981;46;233;233;230;235;13.818;49.99;527.6;7.441;633.1;3.942;771.2;4.104;60;0;0;13.819;13.702;13.933;3140;3068;3188;49.99;49.99;49.99;11820;1000;0.0;0;1.0000;0;2;24981;24981;24981
60;2015-03-09 12:32:00;909402N262;9505;25.140;46;233;234;230;235;13.959;49.98;526.1;7.465;641.6;3.937;784.2;4.092;60;0;0;13.973;13.850;14.054;3181;3106;3215;49.98;49.98;49.98;11820;1000;0.0;0;1.0000;0;2;25140;25140;25140
60;2015-03-09 12:33:00;909402N262;9496;25.297;46;232;233;230;234;13.967;49.98;526.1;7.462;642.6;3.929;783.2;4.091;60;0;0;13.995;13.863;14.045;3184;3107;3204;49.98;49.98;49.98;11820;1000;0.0;0;1.0000;0;2;25297;25297;25297
60;2015-03-09 12:34:00;909402N262;9485;25.456;46;233;234;230;234;13.936;49.99;526.9;7.450;643.0;3.920;783.1;4.084;60;0;0;13.952;13.855;14.002;3179;3110;3194;49.99;49.99;49.99;11820;1000;0.0;0;1.0000;0;2;25456;25456;25456
60;2015-03-09 12:35:00;909402N262;9431;25.614;46;233;234;230;234;13.857;50.01;527.5;7.400;643.5;3.892;783.2;4.061;60;0;0;13.850;13.738;13.983;3155;3078;3196;50.01;50.01;50.01;11820;1000;0.0;0;1.0000;0;2;25614;25614;25614
60;2015-03-09 12:36:00;909402N262;9418;25.770;46;233;234;232;234;13.809;50.00;528.2;7.389;643.4;3.886;782.6;4.052;60;0;0;13.784;13.769;13.876;3141;3110;3165;50.00;50.00;50.00;11820;1000;0.0;0;1.0000;0;2;25770;25770;25770
60;2015-03-09 12:37:00;909402N262;9404;25.924;46;233;235;231;234;13.785;50.02;527.4;7.386;642.9;3.883;782.3;4.048;60;0;0;13.815;13.711;13.831;3160;3092;3151;50.02;50.02;50.02;11820;1000;0.0;0;1.0000;0;2;25924;25924;25924
60;2015-03-09 12:38:00;909402N262;9416;26.081;46;233;234;232;233;13.805;50.01;529.0;7.381;643.3;3.881;783.7;4.045;60;0;0;13.823;13.770;13.822;3156;3114;3143;50.01;50.01;50.01;11820;1000;0.0;0;1.0000;0;2;26081;26081;26081
60;2015-03-09 12:39:00;909402N262;9439;26.238;46;233;234;232;234;13.831;50.01;528.3;7.411;643.2;3.889;784.0;4.054;60;0;0;13.817;13.813;13.863;3150;3128;3159;50.01;50.01;50.01;11820;1000;0.0;0;1.0000;0;2;26238;26238;26238
60;2015-03-09 12:40:00;909402N262;9458;26.396;46;233;234;231;234;13.860;50.00;528.5;7.424;643.3;3.894;784.4;4.059;60;0;0;13.878;13.789;13.914;3172;3105;3178;50.00;50.00;50.00;11820;1000;0.0;0;1.0000;0;2;26396;26396;26396
60;2015-03-09 12:41:00;909402N262;9452;26.555;46;233;234;231;235;13.857;50.00;526.8;7.438;642.5;3.895;783.0;4.067;60;0;0;13.852;13.774;13.947;3158;3103;3189;50.00;50.00;50.00;11820;1000;0.0;0;1.0000;0;2;26555;26555;26555
60;2015-03-09 12:42:00;909402N262;9446;26.712;46;233;233;231;235;13.846;50.01;525.9;7.443;641.7;3.899;782.7;4.069;60;0;0;13.796;13.815;13.928;3140;3118;3186;50.01;50.01;50.01;11820;1000;0.0;0;1.0000;0;2;26712;26712;26712
60;2015-03-09 12:43:00;909402N262;9437;26.869;46;233;233;231;234;13.844;50.01;526.0;7.438;641.0;3.897;782.6;4.067;60;0;0;13.787;13.817;13.928;3136;3116;3184;50.01;50.01;50.01;11820;1000;0.0;0;1.0000;0;2;26869;26869;26869
60;2015-03-09 12:44:00;909402N262;9446;27.026;46;233;233;231;234;13.859;50.01;526.2;7.442;641.0;3.898;783.5;4.069;60;0;0;13.791;13.827;13.959;3135;3118;3191;50.01;50.01;50.01;11820;1000;0.0;0;1.0000;0;2;27026;27026;27026
60;2015-03-09 12:45:00;909402N262;9446;27.183;46;233;234;231;235;13.854;49.99;525.9;7.449;641.4;3.896;783.6;4.069;60;0;0;13.838;13.770;13.954;3152;3101;3191;49.99;49.99;49.99;11820;1000;0.0;0;1.0000;0;2;27183;27183;27183
60;2015-03-09 12:46:00;909402N262;9331;27.340;46;233;233;231;234;13.697;50.00;522.0;7.435;622.5;3.913;779.5;4.084;60;0;0;13.657;13.656;13.778;3103;3081;3146;50.00;50.00;50.00;11820;1000;0.0;0;1.0000;0;2;27340;27340;27340
60;2015-03-09 12:47:00;909402N262;9433;27.497;46;233;234;231;233;13.857;50.01;524.5;7.453;640.4;3.893;782.4;4.073;60;0;0;13.851;13.828;13.894;3154;3118;3159;50.01;50.01;50.01;11820;1000;0.0;0;1.0000;0;2;27497;27497;27497
60;2015-03-09 12:48:00;909402N262;9413;27.654;46;233;234;231;234;13.819;50.01;525.3;7.434;640.9;3.880;782.0;4.064;60;0;0;13.811;13.788;13.859;3148;3108;3155;50.01;50.01;50.01;11820;1000;0.0;0;1.0000;0;2;27654;27654;27654
60;2015-03-09 12:49:00;909402N262;9439;27.811;46;233;233;231;234;13.856;50.02;526.7;7.442;642.0;3.881;783.5;4.066;60;0;0;13.785;13.825;13.960;3130;3118;3188;50.02;50.02;50.02;11820;1000;0.0;0;1.0000;0;2;27811;27811;27811
60;2015-03-09 12:50:00;909402N262;9462;27.969;46;233;233;232;235;13.874;50.01;526.6;7.458;642.2;3.887;784.4;4.073;60;0;0;13.773;13.852;13.997;3126;3132;3202;50.01;50.01;50.01;11820;1000;0.0;0;1.0000;0;2;27969;27969;27969
60;2015-03-09 12:51:00;909402N262;9491;28.127;46;234;233;233;235;13.896;50.01;527.3;7.479;642.8;3.894;784.2;4.082;60;0;0;13.814;13.897;13.978;3141;3153;3196;50.01;50.01;50.01;11820;1000;0.0;0;1.0000;0;2;28127;28127;28127
60;2015-03-09 12:52:00;909402N262;9491;28.285;46;234;233;233;234;13.907;50.02;528.0;7.477;642.9;3.887;784.3;4.081;60;0;0;13.821;13.929;13.973;3138;3163;3188;50.02;50.02;50.02;11820;1000;0.0;0;1.0000;0;2;28285;28285;28285
60;2015-03-09 12:53:00;909402N262;9469;28.443;46;233;233;233;233;13.899;50.02;528.7;7.453;643.3;3.876;785.4;4.063;60;0;0;13.827;13.971;13.900;3138;3175;3154;50.02;50.02;50.02;11820;1000;0.0;0;1.0000;0;2;28443;28443;28443
60;2015-03-09 12:54:00;909402N262;9483;28.601;46;233;233;234;233;13.899;50.02;527.9;7.476;643.3;3.882;785.1;4.072;60;0;0;13.840;13.966;13.892;3145;3178;3157;50.02;50.02;50.02;11820;1000;0.0;0;1.0000;0;2;28601;28601;28601
60;2015-03-09 12:55:00;909402N262;9488;28.759;46;234;233;234;234;13.903;50.02;527.5;7.486;643.0;3.885;784.4;4.079;60;0;0;13.846;13.941;13.922;3148;3172;3167;50.02;50.02;50.02;11820;1000;0.0;0;1.0000;0;2;28759;28759;28759
60;2015-03-09 12:56:00;909402N262;9467;28.916;46;233;233;233;234;13.883;50.01;526.8;7.475;642.3;3.877;783.7;4.076;60;0;0;13.818;13.917;13.914;3138;3160;3167;50.01;50.01;50.01;11820;1000;0.0;0;1.0000;0;2;28916;28916;28916
60;2015-03-09 12:57:00;909402N262;9433;29.074;46;233;234;233;233;13.827;50.01;525.3;7.465;640.5;3.873;782.3;4.072;60;0;0;13.803;13.857;13.823;3142;3144;3144;50.01;50.01;50.01;11820;1000;0.0;0;1.0000;0;2;29074;29074;29074
60;2015-03-09 12:58:00;909402N262;9420;29.232;46;232;233;231;233;13.861;50.02;523.8;7.474;639.4;3.875;781.5;4.073;60;0;0;13.855;13.845;13.883;3146;3120;3151;50.02;50.02;50.02;11820;1000;0.0;0;1.0000;0;2;29232;29232;29232
60;2015-03-09 12:59:00;909402N262;9423;29.391;46;233;233;232;233;13.855;50.01;523.3;7.484;639.4;3.879;780.9;4.076;60;0;0;13.854;13.836;13.877;3151;3123;3148;50.01;50.01;50.01;11820;1000;0.0;0;1.0000;0;2;29391;29391;29391
60;2015-03-09 13:00:00;909402N262;9437;29.548;46;233;233;231;233;13.874;50.00;523.5;7.495;639.4;3.881;781.3;4.082;60;0;0;13.839;13.849;13.936;3143;3124;3169;50.00;50.00;50.00;11820;1000;0.0;0;1.0000;0;2;29548;29548;29548
[wr_ende]
