20140506;070002;danfoss;My Plant;+0100
[wr_def_start]
909402N262;Inverter Type;Inverter Group;Hanzl
[wr_def_end]
[wr]
INTERVAL;TIMESTAMP;SERIAL;P_AC;E_DAY;T_WR;U_AC;U_AC_1;U_AC_2;U_AC_3;I_AC;F_AC;U_DC_1;I_DC_1;U_DC_2;I_DC_2;U_DC_3;I_DC_3;S;E_WR;M_WR;I_AC_1;I_AC_2;I_AC_3;P_AC_1;P_AC_2;P_AC_3;F_AC_1;F_AC_2;F_AC_3;R_DC;PC;PCS;PCS_LL;COS_PHI;COS_PHI_LL;S_COS_PHI;Current_Day_Energy;current_Day_Offset;ccEnergyOfDay_WithoutOffset
60;2014-05-06 06:01:00;909402N262;125;0.030;23;233;232;233;233;0.259;50.06;532.2;0.107;545.9;0.058;665.6;0.049;60;0;0;0.256;0.293;0.228;40;46;38;50.06;50.06;50.06;18986;1000;0.0;0;0.0000;0;0;30;30;30
60;2014-05-06 06:02:00;909402N262;130;0.031;23;232;232;233;232;0.367;50.04;539.1;0.111;552.2;0.061;664.4;0.053;60;0;0;0.353;0.454;0.295;35;57;36;50.04;50.04;50.04;18986;1000;0.0;0;0.0000;0;0;31;31;31
60;2014-05-06 06:03:00;909402N262;134;0.032;23;233;233;234;233;0.295;50.03;542.4;0.114;557.5;0.062;679.3;0.054;60;0;0;0.301;0.339;0.245;44;50;38;50.03;50.03;50.03;18986;1000;0.0;0;0.0000;0;0;32;32;32
60;2014-05-06 06:04:00;909402N262;140;0.033;23;234;234;235;234;0.248;50.02;542.1;0.118;567.6;0.062;694.0;0.054;60;0;0;0.265;0.282;0.199;51;51;36;50.02;50.02;50.02;18986;1000;0.0;0;0.0000;0;0;33;33;33
60;2014-05-06 06:05:00;909402N262;144;0.036;23;234;233;235;234;0.250;50.02;543.9;0.122;563.8;0.065;706.9;0.054;60;0;0;0.280;0.288;0.184;55;53;34;50.02;50.02;50.02;18986;1000;0.0;0;0.0000;0;0;36;36;36
60;2014-05-06 06:06:00;909402N262;148;0.039;23;233;233;234;233;0.328;50.02;546.1;0.126;561.5;0.068;681.9;0.057;60;0;0;0.332;0.413;0.239;52;60;35;50.02;50.02;50.02;18986;1000;0.0;0;0.0000;0;0;39;39;39
60;2014-05-06 06:07:00;909402N262;154;0.041;24;233;233;233;234;0.295;50.03;546.0;0.129;564.7;0.070;692.9;0.058;60;0;0;0.288;0.363;0.235;50;62;38;50.03;50.03;50.03;18986;1000;0.0;0;0.0000;0;0;41;41;41
60;2014-05-06 06:08:00;909402N262;157;0.044;24;233;233;233;233;0.325;50.04;548.4;0.132;567.0;0.070;696.1;0.059;60;0;0;0.315;0.399;0.263;50;66;40;50.04;50.04;50.04;18986;1000;0.0;0;0.0000;0;0;44;44;44
60;2014-05-06 06:09:00;909402N262;162;0.048;24;233;233;233;233;0.366;50.04;549.5;0.135;574.6;0.073;678.0;0.062;60;0;0;0.344;0.471;0.284;49;72;39;50.04;50.04;50.04;18986;1000;0.0;0;0.0000;0;0;48;48;48
60;2014-05-06 06:10:00;909402N262;166;0.050;24;232;232;232;233;0.329;50.03;549.3;0.139;578.4;0.074;689.1;0.063;60;0;0;0.312;0.403;0.273;53;67;45;50.03;50.03;50.03;18986;1000;0.0;0;0.0000;0;0;50;50;50
60;2014-05-06 06:11:00;909402N262;169;0.053;24;233;232;233;233;0.331;50.04;551.8;0.142;570.1;0.077;696.3;0.065;60;0;0;0.319;0.405;0.270;55;67;45;50.04;50.04;50.04;18986;1000;0.0;0;0.0000;0;0;53;53;53
60;2014-05-06 06:12:00;909402N262;174;0.056;24;232;232;233;232;0.354;50.02;552.7;0.145;571.4;0.078;685.8;0.067;60;0;0;0.353;0.406;0.305;56;66;50;50.02;50.02;50.02;18986;1000;0.0;0;0.0000;0;0;56;56;56
60;2014-05-06 06:13:00;909402N262;178;0.058;24;233;233;233;233;0.347;50.03;552.7;0.149;572.9;0.081;694.1;0.068;60;0;0;0.325;0.413;0.303;55;69;52;50.03;50.03;50.03;18986;1000;0.0;0;0.0000;0;0;58;58;58
60;2014-05-06 06:14:00;909402N262;182;0.061;24;233;233;232;233;0.342;50.03;554.6;0.152;577.4;0.082;703.3;0.069;60;0;0;0.274;0.453;0.300;47;79;54;50.03;50.03;50.03;18986;1000;0.0;0;0.0000;0;0;61;61;61
60;2014-05-06 06:15:00;909402N262;186;0.065;24;233;233;233;233;0.367;50.02;555.5;0.155;583.0;0.082;700.0;0.071;60;0;0;0.319;0.467;0.317;52;77;55;50.02;50.02;50.02;18986;1000;0.0;0;0.0000;0;0;65;65;65
60;2014-05-06 06:16:00;909402N262;188;0.068;25;233;234;233;233;0.390;50.03;548.5;0.159;570.0;0.084;680.8;0.073;60;0;0;0.365;0.487;0.318;55;78;51;50.03;50.03;50.03;18986;1000;0.0;0;0.0000;0;0;68;68;68
60;2014-05-06 06:17:00;909402N262;193;0.070;25;233;233;233;233;0.377;50.03;556.5;0.162;578.1;0.085;698.9;0.074;60;0;0;0.365;0.463;0.304;62;77;53;50.03;50.03;50.03;18986;1000;0.0;0;0.0000;0;0;70;70;70
60;2014-05-06 06:18:00;909402N262;198;0.074;25;233;233;233;233;0.379;50.03;558.5;0.164;581.2;0.088;706.9;0.074;60;0;0;0.345;0.505;0.289;59;85;52;50.03;50.03;50.03;18986;1000;0.0;0;0.0000;0;0;74;74;74
60;2014-05-06 06:19:00;909402N262;201;0.077;25;233;233;233;233;0.396;50.03;559.9;0.166;582.7;0.089;699.9;0.077;60;0;0;0.346;0.519;0.325;57;86;56;50.03;50.03;50.03;18986;1000;0.0;0;0.0000;0;0;77;77;77
60;2014-05-06 06:20:00;909402N262;206;0.081;25;233;233;234;233;0.402;50.01;560.5;0.168;585.7;0.089;700.7;0.078;60;0;0;0.365;0.516;0.326;62;86;56;50.01;50.01;50.01;18986;1000;0.0;0;0.0000;0;0;81;81;81
60;2014-05-06 06:21:00;909402N262;209;0.084;25;233;233;234;233;0.396;50.01;561.0;0.171;589.8;0.092;709.1;0.078;60;0;0;0.347;0.508;0.335;59;87;60;50.01;50.01;50.01;18986;1000;0.0;0;0.0000;0;0;84;84;84
60;2014-05-06 06:22:00;909402N262;212;0.088;25;233;233;234;233;0.396;50.00;561.5;0.174;591.5;0.093;715.9;0.079;60;0;0;0.342;0.534;0.312;61;92;57;50.00;50.00;50.00;18986;1000;0.0;0;0.0000;0;0;88;88;88
60;2014-05-06 06:23:00;909402N262;216;0.091;25;233;233;234;233;0.410;50.00;560.7;0.177;586.6;0.096;714.1;0.081;60;0;0;0.367;0.520;0.345;64;88;62;50.00;50.00;50.00;18986;1000;0.0;0;0.0000;0;0;91;91;91
60;2014-05-06 06:24:00;909402N262;220;0.095;25;233;233;233;233;0.425;50.00;561.8;0.180;587.2;0.097;702.6;0.083;60;0;0;0.366;0.529;0.381;63;88;67;50.00;50.00;50.00;18986;1000;0.0;0;0.0000;0;0;95;95;95
60;2014-05-06 06:25:00;909402N262;223;0.099;25;235;235;235;235;0.432;50.00;562.3;0.183;588.7;0.100;708.8;0.084;60;0;0;0.377;0.536;0.385;65;90;66;50.00;50.00;50.00;18986;1000;0.0;0;0.0000;0;0;99;99;99
60;2014-05-06 06:26:00;909402N262;227;0.104;25;235;235;235;235;0.426;49.99;563.0;0.186;591.0;0.101;714.6;0.084;60;0;0;0.401;0.521;0.357;71;90;64;49.99;49.99;49.99;18986;1000;0.0;0;0.0000;0;0;104;104;104
60;2014-05-06 06:27:00;909402N262;230;0.107;26;235;235;235;235;0.443;49.99;563.6;0.189;595.2;0.101;710.2;0.085;60;0;0;0.393;0.553;0.385;69;93;67;49.99;49.99;49.99;18986;1000;0.0;0;0.0000;0;0;107;107;107
60;2014-05-06 06:28:00;909402N262;233;0.111;26;235;235;235;235;0.454;49.99;564.6;0.191;598.3;0.101;710.4;0.087;60;0;0;0.411;0.575;0.378;72;96;65;49.99;49.99;49.99;18986;1000;0.0;0;0.0000;0;0;111;111;111
60;2014-05-06 06:29:00;909402N262;238;0.115;26;235;235;235;235;0.452;50.00;565.6;0.194;594.7;0.104;717.2;0.088;60;0;0;0.421;0.562;0.373;74;96;66;50.00;50.00;50.00;18986;1000;0.0;0;0.0000;0;0;115;115;115
60;2014-05-06 06:30:00;909402N262;241;0.119;26;234;235;235;234;0.448;49.99;565.5;0.197;592.6;0.107;724.2;0.088;60;0;0;0.440;0.535;0.370;78;94;68;49.99;49.99;49.99;18986;1000;0.0;0;0.0000;0;0;119;119;119
60;2014-05-06 06:31:00;909402N262;243;0.123;26;234;235;235;234;0.462;50.02;559.8;0.200;580.3;0.109;717.4;0.089;60;0;0;0.435;0.560;0.391;75;96;69;50.02;50.02;50.02;18986;1000;0.0;0;0.0000;0;0;123;123;123
60;2014-05-06 06:32:00;909402N262;248;0.126;26;234;234;235;234;0.478;50.02;568.3;0.202;596.2;0.109;713.7;0.092;60;0;0;0.435;0.591;0.409;76;100;70;50.02;50.02;50.02;18986;1000;0.0;0;0.0000;0;0;126;126;126
60;2014-05-06 06:33:00;909402N262;251;0.131;26;234;234;234;234;0.473;49.98;567.9;0.205;599.8;0.110;719.0;0.093;60;0;0;0.425;0.565;0.431;75;98;76;49.98;49.98;49.98;18986;1000;0.0;0;0.0000;0;0;131;131;131
60;2014-05-06 06:34:00;909402N262;256;0.136;26;234;233;234;233;0.485;49.97;568.0;0.208;603.2;0.112;720.9;0.095;60;0;0;0.441;0.570;0.444;77;98;78;49.97;49.97;49.97;18986;1000;0.0;0;0.0000;0;0;136;136;136
60;2014-05-06 06:35:00;909402N262;259;0.139;26;233;233;233;234;0.490;49.98;569.9;0.209;603.0;0.113;718.6;0.096;60;0;0;0.448;0.592;0.430;79;102;76;49.98;49.98;49.98;18986;1000;0.0;0;0.0000;0;0;139;139;139
60;2014-05-06 06:36:00;909402N262;262;0.144;26;233;233;233;234;0.493;49.98;570.0;0.212;599.5;0.116;721.1;0.097;60;0;0;0.467;0.585;0.428;83;102;76;49.98;49.98;49.98;18986;1000;0.0;0;0.0000;0;0;144;144;144
60;2014-05-06 06:37:00;909402N262;266;0.149;26;233;233;233;233;0.495;49.98;569.3;0.215;599.8;0.117;726.5;0.098;60;0;0;0.440;0.588;0.457;78;103;81;49.98;49.98;49.98;18986;1000;0.0;0;0.0000;0;0;149;149;149
60;2014-05-06 06:38:00;909402N262;268;0.153;26;233;233;232;233;0.500;49.98;569.6;0.218;600.0;0.119;731.5;0.098;60;0;0;0.461;0.590;0.449;82;104;81;49.98;49.98;49.98;18986;1000;0.0;0;0.0000;0;0;153;153;153
60;2014-05-06 06:39:00;909402N262;273;0.158;26;232;232;233;233;0.500;49.98;566.9;0.222;602.2;0.120;733.9;0.100;60;0;0;0.446;0.596;0.460;80;106;84;49.98;49.98;49.98;18986;1000;0.0;0;0.0000;0;0;158;158;158
60;2014-05-06 06:40:00;909402N262;277;0.162;26;233;232;233;234;0.511;49.98;569.7;0.223;604.8;0.121;726.6;0.101;60;0;0;0.460;0.597;0.478;83;105;86;49.98;49.98;49.98;18986;1000;0.0;0;0.0000;0;0;162;162;162
60;2014-05-06 06:41:00;909402N262;278;0.167;26;232;232;232;234;0.516;49.98;571.9;0.225;608.1;0.121;722.9;0.103;60;0;0;0.477;0.617;0.454;85;108;82;49.98;49.98;49.98;18986;1000;0.0;0;0.0000;0;0;167;167;167
60;2014-05-06 06:42:00;909402N262;282;0.172;26;232;232;232;233;0.517;49.97;568.5;0.229;608.2;0.123;726.0;0.104;60;0;0;0.482;0.642;0.429;86;115;78;49.97;49.97;49.97;18986;1000;0.0;0;0.0000;0;0;172;172;172
60;2014-05-06 06:43:00;909402N262;285;0.176;27;232;232;232;233;0.527;49.97;557.8;0.236;605.6;0.125;727.0;0.105;60;0;0;0.498;0.632;0.451;89;111;82;49.97;49.97;49.97;18986;1000;0.0;0;0.0000;0;0;176;176;176
60;2014-05-06 06:44:00;909402N262;288;0.182;27;233;233;232;234;0.538;49.98;556.3;0.240;606.3;0.127;725.1;0.105;60;0;0;0.527;0.633;0.454;94;109;82;49.98;49.98;49.98;18986;1000;0.0;0;0.0000;0;0;182;182;182
60;2014-05-06 06:45:00;909402N262;291;0.186;27;233;233;232;234;0.538;49.99;556.0;0.243;606.7;0.128;729.0;0.108;60;0;0;0.493;0.668;0.453;90;118;82;49.99;49.99;49.99;18986;1000;0.0;0;0.0000;0;0;186;186;186
60;2014-05-06 06:46:00;909402N262;291;0.192;27;233;233;232;234;0.537;49.98;550.7;0.246;588.0;0.129;732.1;0.109;60;0;0;0.518;0.629;0.465;93;112;85;49.98;49.98;49.98;18986;1000;0.0;0;0.0000;0;0;192;192;192
60;2014-05-06 06:47:00;909402N262;299;0.196;27;233;233;232;234;0.565;49.96;557.6;0.249;612.6;0.130;737.6;0.109;60;0;0;0.561;0.656;0.480;98;114;85;49.96;49.96;49.96;18986;1000;0.0;0;0.0000;0;0;196;196;196
60;2014-05-06 06:48:00;909402N262;303;0.200;27;233;233;232;234;0.574;49.97;558.4;0.251;614.8;0.131;732.5;0.112;60;0;0;0.583;0.665;0.475;101;117;83;49.97;49.97;49.97;18986;1000;0.0;0;0.0000;0;0;200;200;200
60;2014-05-06 06:49:00;909402N262;307;0.206;27;233;233;232;234;0.585;49.97;556.4;0.254;610.1;0.134;732.7;0.113;60;0;0;0.569;0.690;0.498;99;119;87;49.97;49.97;49.97;18986;1000;0.0;0;0.0000;0;0;206;206;206
60;2014-05-06 06:50:00;909402N262;310;0.211;27;233;233;233;234;0.587;49.97;556.6;0.257;609.9;0.136;733.0;0.115;60;0;0;0.571;0.698;0.494;101;121;87;49.97;49.97;49.97;18986;1000;0.0;0;0.0000;0;0;211;211;211
60;2014-05-06 06:51:00;909402N262;315;0.216;27;233;234;233;234;0.590;49.98;557.7;0.260;610.2;0.136;731.8;0.116;60;0;0;0.579;0.708;0.484;102;124;87;49.98;49.98;49.98;18986;1000;0.0;0;0.0000;0;0;216;216;216
60;2014-05-06 06:52:00;909402N262;317;0.222;27;233;233;233;233;0.597;49.98;557.6;0.262;611.1;0.138;734.5;0.117;60;0;0;0.567;0.704;0.521;99;123;93;49.98;49.98;49.98;18986;1000;0.0;0;0.0000;0;0;222;222;222
60;2014-05-06 06:53:00;909402N262;318;0.228;27;233;233;232;233;0.599;49.97;557.0;0.265;612.3;0.139;737.6;0.117;60;0;0;0.606;0.681;0.511;107;118;91;49.97;49.97;49.97;18986;1000;0.0;0;0.0000;0;0;228;228;228
60;2014-05-06 06:54:00;909402N262;322;0.233;27;233;233;233;234;0.602;49.99;557.8;0.267;614.2;0.139;740.9;0.117;60;0;0;0.614;0.688;0.505;109;121;91;49.99;49.99;49.99;18986;1000;0.0;0;0.0000;0;0;233;233;233
60;2014-05-06 06:55:00;909402N262;324;0.239;27;237;237;237;238;0.605;50.00;558.8;0.269;616.5;0.140;744.5;0.117;60;0;0;0.612;0.706;0.498;108;124;89;50.00;50.00;50.00;18986;1000;0.0;0;0.0000;0;0;239;239;239
60;2014-05-06 06:56:00;909402N262;326;0.243;27;235;235;234;235;0.609;50.01;559.2;0.271;618.1;0.140;746.3;0.118;60;0;0;0.604;0.701;0.522;107;124;94;50.01;50.01;50.01;18986;1000;0.0;0;0.0000;0;0;243;243;243
60;2014-05-06 06:57:00;909402N262;329;0.249;27;234;234;233;235;0.616;49.99;558.6;0.273;618.2;0.141;745.0;0.119;60;0;0;0.606;0.691;0.553;107;120;99;49.99;49.99;49.99;18986;1000;0.0;0;0.0000;0;0;249;249;249
60;2014-05-06 06:58:00;909402N262;333;0.255;27;234;234;233;235;0.621;50.01;558.8;0.275;616.6;0.143;740.9;0.121;60;0;0;0.626;0.709;0.530;110;126;94;50.01;50.01;50.01;18986;1000;0.0;0;0.0000;0;0;255;255;255
60;2014-05-06 06:59:00;909402N262;334;0.260;27;234;234;233;235;0.625;50.02;559.3;0.277;614.6;0.144;739.0;0.121;60;0;0;0.630;0.717;0.529;110;126;95;50.02;50.02;50.02;18986;1000;0.0;0;0.0000;0;0;260;260;260
60;2014-05-06 07:00:00;909402N262;336;0.266;27;234;234;234;235;0.631;50.05;560.1;0.279;615.3;0.144;739.5;0.123;60;0;0;0.630;0.720;0.545;111;126;97;50.05;50.05;50.05;18986;1000;0.0;0;0.0000;0;0;266;266;266
[wr_ende]
