20150118;110001;danfoss;My Plant;+0100
[wr_def_start]
909402N262;Inverter Type;Inverter Group;Hanzl
[wr_def_end]
[wr]
INTERVAL;TIMESTAMP;SERIAL;P_AC;E_DAY;T_WR;U_AC;U_AC_1;U_AC_2;U_AC_3;I_AC;F_AC;U_DC_1;I_DC_1;U_DC_2;I_DC_2;U_DC_3;I_DC_3;S;E_WR;M_WR;I_AC_1;I_AC_2;I_AC_3;P_AC_1;P_AC_2;P_AC_3;F_AC_1;F_AC_2;F_AC_3;R_DC;PC;PCS;PCS_LL;COS_PHI;COS_PHI_LL;S_COS_PHI;Current_Day_Energy;current_Day_Offset;ccEnergyOfDay_WithoutOffset
60;2015-01-18 10:01:00;909402N262;106;0.088;27;233;231;232;234;0.304;50.02;554.4;0.195;0.0;0.000;0.0;0.000;60;0;0;0.274;0.262;0.377;38;31;35;50.02;50.02;50.02;22326;1000;0.0;0;1.0000;0;2;88;88;88
60;2015-01-18 10:02:00;909402N262;113;0.090;27;233;232;232;235;0.322;50.01;557.6;0.206;0.0;0.000;0.0;0.000;60;0;0;0.334;0.275;0.359;46;33;32;50.01;50.01;50.01;22326;1000;0.0;0;1.0000;0;2;90;90;90
60;2015-01-18 10:03:00;909402N262;136;0.092;27;233;232;233;235;0.375;50.01;559.2;0.248;0.0;0.000;0.0;0.000;60;0;0;0.399;0.319;0.407;56;37;41;50.01;50.01;50.01;22326;1000;0.0;0;1.0000;0;2;92;92;92
60;2015-01-18 10:04:00;909402N262;149;0.095;27;233;232;233;235;0.394;50.00;560.1;0.272;0.0;0.000;0.0;0.000;60;0;0;0.458;0.265;0.459;64;29;54;50.00;50.00;50.00;22326;1000;0.0;0;1.0000;0;2;95;95;95
60;2015-01-18 10:05:00;909402N262;159;0.097;27;233;232;233;234;0.405;49.98;561.7;0.289;0.0;0.000;0.0;0.000;60;0;0;0.546;0.106;0.563;77;9;73;49.98;49.98;49.98;22326;1000;0.0;0;1.0000;0;2;97;97;97
60;2015-01-18 10:06:00;909402N262;169;0.100;27;233;232;233;234;0.427;49.99;565.2;0.305;0.0;0.000;0.0;0.000;60;0;0;0.574;0.066;0.641;82;5;83;49.99;49.99;49.99;22326;1000;0.0;0;1.0000;0;2;100;100;100
60;2015-01-18 10:07:00;909402N262;176;0.103;27;233;232;233;235;0.436;49.98;568.0;0.314;0.0;0.000;0.0;0.000;60;0;0;0.605;0.046;0.658;87;2;86;49.98;49.98;49.98;22326;1000;0.0;0;1.0000;0;2;103;103;103
60;2015-01-18 10:08:00;909402N262;172;0.105;27;233;232;233;234;0.421;49.99;566.6;0.308;0.0;0.000;0.0;0.000;60;0;0;0.559;0.091;0.613;80;9;83;49.99;49.99;49.99;22326;1000;0.0;0;1.0000;0;2;105;105;105
60;2015-01-18 10:09:00;909402N262;185;0.109;28;233;232;234;234;0.495;49.99;566.6;0.332;0.0;0.000;0.0;0.000;60;0;0;0.460;0.426;0.600;62;43;78;49.99;49.99;49.99;22326;1000;0.0;0;1.0000;0;2;109;109;109
60;2015-01-18 10:10:00;909402N262;196;0.112;28;233;232;234;234;0.516;49.98;568.3;0.351;0.0;0.000;0.0;0.000;60;0;0;0.458;0.512;0.579;63;54;78;49.98;49.98;49.98;22326;1000;0.0;0;1.0000;0;2;112;112;112
60;2015-01-18 10:11:00;909402N262;206;0.115;28;233;231;234;234;0.541;49.99;569.6;0.369;0.0;0.000;0.0;0.000;60;0;0;0.470;0.540;0.614;65;55;83;49.99;49.99;49.99;22326;1000;0.0;0;1.0000;0;2;115;115;115
60;2015-01-18 10:12:00;909402N262;207;0.119;28;233;230;234;235;0.536;49.99;570.2;0.371;0.0;0.000;0.0;0.000;60;0;0;0.491;0.515;0.603;71;56;79;49.99;49.99;49.99;22326;1000;0.0;0;1.0000;0;2;119;119;119
60;2015-01-18 10:13:00;909402N262;197;0.123;28;233;230;235;235;0.505;49.99;570.7;0.351;0.0;0.000;0.0;0.000;60;0;0;0.477;0.447;0.591;68;48;78;49.99;49.99;49.99;22326;1000;0.0;0;1.0000;0;2;123;123;123
60;2015-01-18 10:14:00;909402N262;188;0.126;28;233;230;235;235;0.489;49.99;571.0;0.336;0.0;0.000;0.0;0.000;60;0;0;0.447;0.441;0.581;63;45;78;49.99;49.99;49.99;22326;1000;0.0;0;1.0000;0;2;126;126;126
60;2015-01-18 10:15:00;909402N262;194;0.129;28;233;231;235;235;0.502;49.98;571.2;0.347;0.0;0.000;0.0;0.000;60;0;0;0.466;0.443;0.597;67;48;78;49.98;49.98;49.98;22326;1000;0.0;0;1.0000;0;2;129;129;129
60;2015-01-18 10:16:00;909402N262;197;0.132;28;234;231;235;235;0.513;49.98;567.4;0.354;0.0;0.000;0.0;0.000;60;0;0;0.479;0.477;0.583;67;50;78;49.98;49.98;49.98;22326;1000;0.0;0;1.0000;0;2;132;132;132
60;2015-01-18 10:17:00;909402N262;204;0.135;28;233;232;235;234;0.541;49.96;569.2;0.364;0.0;0.000;0.0;0.000;60;0;0;0.456;0.578;0.590;62;58;82;49.96;49.96;49.96;22326;1000;0.0;0;1.0000;0;2;135;135;135
60;2015-01-18 10:18:00;909402N262;205;0.139;28;233;232;234;235;0.536;49.98;568.5;0.368;0.0;0.000;0.0;0.000;60;0;0;0.531;0.396;0.682;74;45;85;49.98;49.98;49.98;22326;1000;0.0;0;1.0000;0;2;139;139;139
60;2015-01-18 10:19:00;909402N262;201;0.142;28;234;232;234;235;0.523;49.99;567.4;0.362;0.0;0.000;0.0;0.000;60;0;0;0.581;0.258;0.732;83;24;92;49.99;49.99;49.99;22326;1000;0.0;0;1.0000;0;2;142;142;142
60;2015-01-18 10:20:00;909402N262;200;0.145;28;234;233;233;235;0.507;49.99;567.0;0.360;0.0;0.000;0.0;0.000;60;0;0;0.638;0.094;0.790;93;8;98;49.99;49.99;49.99;22326;1000;0.0;0;1.0000;0;2;145;145;145
60;2015-01-18 10:21:00;909402N262;199;0.150;28;234;233;233;236;0.490;49.98;567.1;0.357;0.0;0.000;0.0;0.000;60;0;0;0.662;0.029;0.781;97;3;98;49.98;49.98;49.98;22326;1000;0.0;0;1.0000;0;2;150;150;150
60;2015-01-18 10:22:00;909402N262;198;0.152;28;234;233;233;236;0.493;49.96;567.1;0.355;0.0;0.000;0.0;0.000;60;0;0;0.644;0.101;0.735;95;13;89;49.96;49.96;49.96;22326;1000;0.0;0;1.0000;0;2;152;152;152
60;2015-01-18 10:23:00;909402N262;188;0.156;28;234;232;234;236;0.461;49.98;566.0;0.337;0.0;0.000;0.0;0.000;60;0;0;0.631;0.011;0.743;93;0;94;49.98;49.98;49.98;22326;1000;0.0;0;1.0000;0;2;156;156;156
60;2015-01-18 10:24:00;909402N262;176;0.158;28;234;232;234;236;0.439;49.99;565.4;0.316;0.0;0.000;0.0;0.000;60;0;0;0.581;0.043;0.693;85;4;87;49.99;49.99;49.99;22326;1000;0.0;0;1.0000;0;2;158;158;158
60;2015-01-18 10:25:00;909402N262;171;0.162;28;234;232;234;236;0.425;50.00;564.9;0.309;0.0;0.000;0.0;0.000;60;0;0;0.561;0.083;0.633;81;9;81;50.00;50.00;50.00;22326;1000;0.0;0;1.0000;0;2;162;162;162
60;2015-01-18 10:26:00;909402N262;168;0.165;28;234;232;234;235;0.426;50.00;562.0;0.304;0.0;0.000;0.0;0.000;60;0;0;0.458;0.357;0.463;65;41;60;50.00;50.00;50.00;22326;1000;0.0;0;1.0000;0;2;165;165;165
60;2015-01-18 10:27:00;909402N262;166;0.167;28;234;232;234;235;0.431;49.98;562.2;0.300;0.0;0.000;0.0;0.000;60;0;0;0.501;0.364;0.430;72;39;53;49.98;49.98;49.98;22326;1000;0.0;0;1.0000;0;2;167;167;167
60;2015-01-18 10:28:00;909402N262;165;0.169;28;234;232;234;235;0.428;49.98;562.7;0.299;0.0;0.000;0.0;0.000;60;0;0;0.524;0.337;0.424;76;37;52;49.98;49.98;49.98;22326;1000;0.0;0;1.0000;0;2;169;169;169
60;2015-01-18 10:29:00;909402N262;166;0.173;28;234;233;234;235;0.420;49.99;562.3;0.301;0.0;0.000;0.0;0.000;60;0;0;0.536;0.165;0.561;77;14;74;49.99;49.99;49.99;22326;1000;0.0;0;1.0000;0;2;173;173;173
60;2015-01-18 10:30:00;909402N262;162;0.176;28;234;233;234;235;0.408;49.98;562.5;0.293;0.0;0.000;0.0;0.000;60;0;0;0.496;0.252;0.478;70;28;61;49.98;49.98;49.98;22326;1000;0.0;0;1.0000;0;2;176;176;176
60;2015-01-18 10:31:00;909402N262;162;0.178;28;234;232;234;235;0.417;49.99;560.2;0.296;0.0;0.000;0.0;0.000;60;0;0;0.475;0.270;0.506;67;29;65;49.99;49.99;49.99;22326;1000;0.0;0;1.0000;0;2;178;178;178
60;2015-01-18 10:32:00;909402N262;173;0.180;28;234;232;234;235;0.431;49.98;564.3;0.312;0.0;0.000;0.0;0.000;60;0;0;0.548;0.156;0.590;79;14;79;49.98;49.98;49.98;22326;1000;0.0;0;1.0000;0;2;180;180;180
60;2015-01-18 10:33:00;909402N262;163;0.184;28;233;232;233;235;0.405;49.98;561.4;0.295;0.0;0.000;0.0;0.000;60;0;0;0.533;0.113;0.569;77;12;73;49.98;49.98;49.98;22326;1000;0.0;0;1.0000;0;2;184;184;184
60;2015-01-18 10:34:00;909402N262;201;0.187;28;234;232;233;235;0.498;49.98;566.2;0.362;0.0;0.000;0.0;0.000;60;0;0;0.594;0.184;0.718;87;21;92;49.98;49.98;49.98;22326;1000;0.0;0;1.0000;0;2;187;187;187
60;2015-01-18 10:35:00;909402N262;208;0.191;28;234;233;233;235;0.514;49.98;569.1;0.372;0.0;0.000;0.0;0.000;60;0;0;0.626;0.165;0.753;91;20;96;49.98;49.98;49.98;22326;1000;0.0;0;1.0000;0;2;191;191;191
60;2015-01-18 10:36:00;909402N262;177;0.193;28;234;232;233;236;0.425;49.99;567.5;0.317;0.0;0.000;0.0;0.000;60;0;0;0.593;0.013;0.671;87;1;88;49.99;49.99;49.99;22326;1000;0.0;0;1.0000;0;2;193;193;193
60;2015-01-18 10:37:00;909402N262;177;0.197;28;234;232;233;236;0.426;49.98;568.3;0.316;0.0;0.000;0.0;0.000;60;0;0;0.594;0.007;0.679;87;0;89;49.98;49.98;49.98;22326;1000;0.0;0;1.0000;0;2;197;197;197
60;2015-01-18 10:38:00;909402N262;210;0.200;28;234;232;233;236;0.511;49.99;570.3;0.374;0.0;0.000;0.0;0.000;60;0;0;0.669;0.068;0.798;100;8;102;49.99;49.99;49.99;22326;1000;0.0;0;1.0000;0;2;200;200;200
60;2015-01-18 10:39:00;909402N262;223;0.204;28;234;232;233;236;0.565;49.99;570.9;0.398;0.0;0.000;0.0;0.000;60;0;0;0.626;0.294;0.776;91;36;94;49.99;49.99;49.99;22326;1000;0.0;0;1.0000;0;2;204;204;204
60;2015-01-18 10:40:00;909402N262;214;0.206;28;234;233;234;236;0.530;49.98;569.7;0.384;0.0;0.000;0.0;0.000;60;0;0;0.655;0.165;0.771;96;19;98;49.98;49.98;49.98;22326;1000;0.0;0;1.0000;0;2;206;206;206
60;2015-01-18 10:41:00;909402N262;203;0.211;28;234;232;234;236;0.484;49.98;570.4;0.362;0.0;0.000;0.0;0.000;60;0;0;0.645;0.055;0.753;96;7;100;49.98;49.98;49.98;22326;1000;0.0;0;1.0000;0;2;211;211;211
60;2015-01-18 10:42:00;909402N262;209;0.215;28;234;233;233;236;0.505;49.98;575.4;0.369;0.0;0.000;0.0;0.000;60;0;0;0.633;0.118;0.766;93;15;100;49.98;49.98;49.98;22326;1000;0.0;0;1.0000;0;2;215;215;215
60;2015-01-18 10:43:00;909402N262;230;0.218;28;234;232;234;235;0.571;49.99;580.0;0.403;0.0;0.000;0.0;0.000;60;0;0;0.508;0.509;0.697;72;65;91;49.99;49.99;49.99;22326;1000;0.0;0;1.0000;0;2;218;218;218
60;2015-01-18 10:44:00;909402N262;239;0.222;28;234;232;233;235;0.607;49.99;584.1;0.416;0.0;0.000;0.0;0.000;60;0;0;0.600;0.457;0.766;85;60;93;49.99;49.99;49.99;22326;1000;0.0;0;1.0000;0;2;222;222;222
60;2015-01-18 10:45:00;909402N262;234;0.227;28;233;232;233;235;0.591;49.99;567.7;0.422;0.0;0.000;0.0;0.000;60;0;0;0.597;0.388;0.789;85;51;97;49.99;49.99;49.99;22326;1000;0.0;0;1.0000;0;2;227;227;227
60;2015-01-18 10:46:00;909402N262;231;0.230;28;233;233;233;234;0.591;50.00;569.4;0.416;0.0;0.000;0.0;0.000;60;0;0;0.582;0.496;0.695;81;65;84;50.00;50.00;50.00;22326;1000;0.0;0;1.0000;0;2;230;230;230
60;2015-01-18 10:47:00;909402N262;245;0.234;28;233;232;233;235;0.616;49.99;581.2;0.429;0.0;0.000;0.0;0.000;60;0;0;0.593;0.494;0.762;84;65;95;49.99;49.99;49.99;22326;1000;0.0;0;1.0000;0;2;234;234;234
60;2015-01-18 10:48:00;909402N262;237;0.238;28;233;231;234;235;0.581;50.00;578.7;0.418;0.0;0.000;0.0;0.000;60;0;0;0.535;0.506;0.702;76;68;92;50.00;50.00;50.00;22326;1000;0.0;0;1.0000;0;2;238;238;238
60;2015-01-18 10:49:00;909402N262;234;0.242;28;233;231;233;235;0.577;50.00;578.0;0.412;0.0;0.000;0.0;0.000;60;0;0;0.583;0.384;0.765;84;50;98;50.00;50.00;50.00;22326;1000;0.0;0;1.0000;0;2;242;242;242
60;2015-01-18 10:50:00;909402N262;242;0.246;28;233;232;233;235;0.619;50.00;579.2;0.425;0.0;0.000;0.0;0.000;60;0;0;0.604;0.489;0.766;85;63;91;50.00;50.00;50.00;22326;1000;0.0;0;1.0000;0;2;246;246;246
60;2015-01-18 10:51:00;909402N262;255;0.250;28;233;231;233;234;0.621;50.00;580.6;0.449;0.0;0.000;0.0;0.000;60;0;0;0.694;0.429;0.740;98;56;100;50.00;50.00;50.00;22326;1000;0.0;0;1.0000;0;2;250;250;250
60;2015-01-18 10:52:00;909402N262;269;0.255;28;233;232;231;234;0.657;49.99;581.8;0.470;0.0;0.000;0.0;0.000;60;0;0;0.638;0.520;0.815;87;76;103;49.99;49.99;49.99;22326;1000;0.0;0;1.0000;0;2;255;255;255
60;2015-01-18 10:53:00;909402N262;288;0.260;28;233;232;231;235;0.655;49.98;583.9;0.503;0.0;0.000;0.0;0.000;60;0;0;0.869;0.184;0.913;129;25;133;49.98;49.98;49.98;22326;1000;0.0;0;1.0000;0;2;260;260;260
60;2015-01-18 10:54:00;909402N262;304;0.265;28;233;233;231;235;0.714;50.00;588.2;0.525;0.0;0.000;0.0;0.000;60;0;0;0.776;0.543;0.824;113;75;114;50.00;50.00;50.00;22326;1000;0.0;0;1.0000;0;2;265;265;265
60;2015-01-18 10:55:00;909402N262;309;0.269;28;233;233;232;235;0.728;50.00;588.7;0.534;0.0;0.000;0.0;0.000;60;0;0;0.700;0.776;0.709;101;109;97;50.00;50.00;50.00;22326;1000;0.0;0;1.0000;0;2;269;269;269
60;2015-01-18 10:56:00;909402N262;307;0.275;28;233;233;232;234;0.713;50.00;586.8;0.532;0.0;0.000;0.0;0.000;60;0;0;0.709;0.844;0.587;104;120;81;50.00;50.00;50.00;22326;1000;0.0;0;1.0000;0;2;275;275;275
60;2015-01-18 10:57:00;909402N262;319;0.281;29;233;233;232;235;0.750;49.99;586.3;0.555;0.0;0.000;0.0;0.000;60;0;0;0.617;0.815;0.819;91;111;115;49.99;49.99;49.99;22326;1000;0.0;0;1.0000;0;2;281;281;281
60;2015-01-18 10:58:00;909402N262;329;0.286;29;233;232;233;235;0.775;50.00;586.0;0.573;0.0;0.000;0.0;0.000;60;0;0;0.616;0.830;0.881;93;112;122;50.00;50.00;50.00;22326;1000;0.0;0;1.0000;0;2;286;286;286
60;2015-01-18 10:59:00;909402N262;324;0.292;29;233;232;233;235;0.764;50.00;584.6;0.564;0.0;0.000;0.0;0.000;60;0;0;0.616;0.814;0.862;91;110;120;50.00;50.00;50.00;22326;1000;0.0;0;1.0000;0;2;292;292;292
60;2015-01-18 11:00:00;909402N262;324;0.296;29;233;232;232;234;0.756;49.99;582.7;0.566;0.0;0.000;0.0;0.000;60;0;0;0.605;0.794;0.870;92;107;122;49.99;49.99;49.99;22326;1000;0.0;0;1.0000;0;2;296;296;296
[wr_ende]
