20140510;120000;danfoss;My Plant;+0100
[wr_def_start]
909402N262;Inverter Type;Inverter Group;Hanzl
[wr_def_end]
[wr]
INTERVAL;TIMESTAMP;SERIAL;P_AC;E_DAY;T_WR;U_AC;U_AC_1;U_AC_2;U_AC_3;I_AC;F_AC;U_DC_1;I_DC_1;U_DC_2;I_DC_2;U_DC_3;I_DC_3;S;E_WR;M_WR;I_AC_1;I_AC_2;I_AC_3;P_AC_1;P_AC_2;P_AC_3;F_AC_1;F_AC_2;F_AC_3;R_DC;PC;PCS;PCS_LL;COS_PHI;COS_PHI_LL;S_COS_PHI;Current_Day_Energy;current_Day_Offset;ccEnergyOfDay_WithoutOffset
60;2014-05-10 11:01:00;909402N262;6498;11.040;43;234;234;235;234;9.254;49.98;564.2;4.637;645.9;2.776;787.4;2.832;60;0;0;9.244;9.237;9.283;2150;2189;2157;49.98;49.98;49.98;6393;1000;0.0;0;0.0000;0;0;11040;11040;11040
60;2014-05-10 11:02:00;909402N262;9257;11.195;43;234;234;235;234;13.151;49.97;563.6;6.336;667.8;4.169;794.5;3.845;60;0;0;13.120;13.202;13.133;3077;3103;3076;49.97;49.97;49.97;6393;1000;0.0;0;0.0000;0;0;11195;11195;11195
60;2014-05-10 11:03:00;909402N262;6250;11.300;44;234;234;234;234;8.957;49.99;563.0;4.336;655.3;2.803;793.4;2.570;60;0;0;8.897;9.050;8.924;2079;2088;2081;49.99;49.99;49.99;6393;1000;0.0;0;0.0000;0;0;11300;11300;11300
60;2014-05-10 11:04:00;909402N262;6675;11.411;44;234;234;233;234;9.511;49.99;559.3;4.743;656.1;2.892;793.5;2.780;60;0;0;9.511;9.505;9.518;2226;2223;2224;49.99;49.99;49.99;6393;1000;0.0;0;0.0000;0;0;11411;11411;11411
60;2014-05-10 11:05:00;909402N262;5468;11.501;44;234;234;233;234;7.821;49.99;551.0;3.950;650.7;2.400;793.0;2.252;60;0;0;7.795;7.845;7.823;1820;1821;1825;49.99;49.99;49.99;6393;1000;0.0;0;0.0000;0;0;11501;11501;11501
60;2014-05-10 11:06:00;909402N262;4218;11.573;44;233;234;233;233;6.081;50.00;549.8;3.090;644.0;1.894;789.3;1.714;60;0;0;6.037;6.130;6.077;1401;1408;1408;50.00;50.00;50.00;6393;1000;0.0;0;0.0000;0;0;11573;11573;11573
60;2014-05-10 11:07:00;909402N262;4741;11.651;44;233;234;233;233;6.806;50.00;552.3;3.460;646.4;1.987;789.5;2.014;60;0;0;6.757;6.879;6.784;1576;1585;1578;50.00;50.00;50.00;6393;1000;0.0;0;0.0000;0;0;11651;11651;11651
60;2014-05-10 11:08:00;909402N262;4663;11.729;44;233;234;233;233;6.676;49.98;552.7;3.415;648.5;2.120;788.2;1.864;60;0;0;6.671;6.663;6.694;1552;1564;1554;49.98;49.98;49.98;6393;1000;0.0;0;0.0000;0;0;11729;11729;11729
60;2014-05-10 11:09:00;909402N262;6604;11.840;44;234;234;233;234;9.452;49.99;555.8;4.708;655.6;3.095;791.7;2.625;60;0;0;9.443;9.478;9.435;2207;2202;2198;49.99;49.99;49.99;6393;1000;0.0;0;0.0000;0;0;11840;11840;11840
60;2014-05-10 11:10:00;909402N262;6772;11.953;44;234;235;233;234;9.662;49.98;552.2;4.862;652.7;3.064;791.5;2.785;60;0;0;9.707;9.619;9.661;2273;2249;2253;49.98;49.98;49.98;6393;1000;0.0;0;0.0000;0;0;11953;11953;11953
60;2014-05-10 11:11:00;909402N262;7300;12.074;44;234;235;233;234;10.408;49.99;548.9;5.312;652.7;3.330;787.5;2.952;60;0;0;10.449;10.376;10.399;2454;2418;2429;49.99;49.99;49.99;6393;1000;0.0;0;0.0000;0;0;12074;12074;12074
60;2014-05-10 11:12:00;909402N262;8440;12.214;44;234;235;233;234;12.002;49.99;545.1;6.025;652.4;3.858;789.6;3.473;60;0;0;12.071;11.960;11.977;2839;2797;2802;49.99;49.99;49.99;6393;1000;0.0;0;0.0000;0;0;12214;12214;12214
60;2014-05-10 11:13:00;909402N262;11038;12.398;44;234;235;233;235;15.681;49.99;533.8;7.964;650.7;4.995;794.7;4.689;60;0;0;15.738;15.695;15.612;3710;3654;3665;49.99;49.99;49.99;6393;1000;0.0;0;0.0000;0;0;12398;12398;12398
60;2014-05-10 11:14:00;909402N262;9977;12.565;44;234;235;233;234;14.195;49.99;531.8;7.262;645.4;4.557;792.2;4.227;60;0;0;14.246;14.178;14.161;3350;3312;3314;49.99;49.99;49.99;6393;1000;0.0;0;0.0000;0;0;12565;12565;12565
60;2014-05-10 11:15:00;909402N262;11184;12.752;45;234;235;234;235;15.885;49.99;525.8;8.196;641.6;5.160;794.4;4.759;60;0;0;15.912;15.877;15.866;3741;3717;3725;49.99;49.99;49.99;6393;1000;0.0;0;0.0000;0;0;12752;12752;12752
60;2014-05-10 11:16:00;909402N262;9597;12.911;45;235;235;234;235;13.600;50.00;524.8;7.040;619.3;4.580;786.3;4.087;60;0;0;13.605;13.562;13.633;3194;3188;3210;50.00;50.00;50.00;6393;1000;0.0;0;0.0000;0;0;12911;12911;12911
60;2014-05-10 11:17:00;909402N262;10716;13.090;45;235;235;234;236;15.178;49.99;523.9;7.871;639.0;4.991;790.3;4.539;60;0;0;15.166;15.145;15.225;3568;3559;3589;49.99;49.99;49.99;6393;1000;0.0;0;0.0000;0;0;13090;13090;13090
60;2014-05-10 11:18:00;909402N262;8339;13.230;46;235;235;234;235;11.863;49.99;530.1;6.065;633.9;3.958;777.9;3.509;60;0;0;11.806;11.944;11.841;2768;2779;2779;49.99;49.99;49.99;6393;1000;0.0;0;0.0000;0;0;13230;13230;13230
60;2014-05-10 11:19:00;909402N262;3845;13.293;46;234;234;234;234;5.531;49.99;530.0;2.936;625.9;1.804;762.7;1.575;60;0;0;5.481;5.568;5.545;1269;1289;1285;49.99;49.99;49.99;6393;1000;0.0;0;0.0000;0;0;13293;13293;13293
60;2014-05-10 11:20:00;909402N262;4111;13.361;46;234;234;234;234;5.905;50.00;537.6;3.092;631.5;1.890;768.0;1.692;60;0;0;5.857;5.946;5.912;1358;1380;1370;50.00;50.00;50.00;6393;1000;0.0;0;0.0000;0;0;13361;13361;13361
60;2014-05-10 11:21:00;909402N262;5564;13.454;46;234;234;234;234;7.971;50.00;541.7;4.088;636.7;2.563;774.4;2.312;60;0;0;7.905;8.051;7.957;1841;1867;1853;50.00;50.00;50.00;6393;1000;0.0;0;0.0000;0;0;13454;13454;13454
60;2014-05-10 11:22:00;909402N262;5006;13.538;46;234;234;234;234;7.166;49.99;548.3;3.613;637.9;2.314;775.3;2.022;60;0;0;7.092;7.256;7.150;1649;1668;1664;49.99;49.99;49.99;6393;1000;0.0;0;0.0000;0;0;13538;13538;13538
60;2014-05-10 11:23:00;909402N262;4655;13.616;46;234;234;234;234;6.674;49.99;549.1;3.395;638.8;2.112;777.7;1.938;60;0;0;6.624;6.707;6.691;1539;1558;1556;49.99;49.99;49.99;6393;1000;0.0;0;0.0000;0;0;13616;13616;13616
60;2014-05-10 11:24:00;909402N262;4101;13.683;46;234;234;234;234;5.894;50.01;543.2;3.042;638.4;1.909;775.1;1.648;60;0;0;5.848;5.928;5.908;1356;1374;1371;50.01;50.01;50.01;6393;1000;0.0;0;0.0000;0;0;13683;13683;13683
60;2014-05-10 11:25:00;909402N262;3700;13.746;46;234;234;234;234;5.321;50.01;538.6;2.778;637.1;1.710;773.5;1.484;60;0;0;5.268;5.361;5.336;1220;1239;1236;50.01;50.01;50.01;6393;1000;0.0;0;0.0000;0;0;13746;13746;13746
60;2014-05-10 11:26:00;909402N262;3748;13.808;46;234;234;234;234;5.390;50.00;543.0;2.822;638.2;1.726;775.2;1.485;60;0;0;5.341;5.422;5.409;1238;1255;1253;50.00;50.00;50.00;6393;1000;0.0;0;0.0000;0;0;13808;13808;13808
60;2014-05-10 11:27:00;909402N262;5545;13.901;46;234;234;234;234;7.915;49.99;553.6;4.027;646.0;2.500;779.7;2.283;60;0;0;7.864;7.937;7.944;1835;1863;1856;49.99;49.99;49.99;6393;1000;0.0;0;0.0000;0;0;13901;13901;13901
60;2014-05-10 11:28:00;909402N262;4575;13.977;46;234;234;234;234;6.550;49.99;553.0;3.272;642.6;2.041;781.5;1.889;60;0;0;6.477;6.616;6.559;1504;1530;1527;49.99;49.99;49.99;6393;1000;0.0;0;0.0000;0;0;13977;13977;13977
60;2014-05-10 11:29:00;909402N262;3559;14.037;46;234;233;234;234;5.127;49.99;544.5;2.637;639.4;1.627;777.1;1.435;60;0;0;5.060;5.180;5.142;1167;1200;1190;49.99;49.99;49.99;6393;1000;0.0;0;0.0000;0;0;14037;14037;14037
60;2014-05-10 11:30:00;909402N262;3184;14.089;45;234;233;235;234;4.592;50.01;543.9;2.382;638.1;1.458;774.7;1.272;60;0;0;4.522;4.642;4.613;1040;1075;1067;50.01;50.01;50.01;6393;1000;0.0;0;0.0000;0;0;14089;14089;14089
60;2014-05-10 11:31:00;909402N262;3531;14.148;45;234;233;235;234;5.078;50.03;543.7;2.646;622.1;1.644;781.0;1.419;60;0;0;5.006;5.133;5.095;1155;1188;1182;50.03;50.03;50.03;6393;1000;0.0;0;0.0000;0;0;14148;14148;14148
60;2014-05-10 11:32:00;909402N262;4183;14.219;45;234;233;235;234;5.986;50.03;554.4;3.104;648.3;1.898;783.3;1.663;60;0;0;5.942;5.996;6.022;1376;1411;1399;50.03;50.03;50.03;6393;1000;0.0;0;0.0000;0;0;14219;14219;14219
60;2014-05-10 11:33:00;909402N262;8227;14.357;45;235;234;235;235;11.680;50.03;553.5;5.895;657.2;3.444;787.2;3.512;60;0;0;11.596;11.741;11.705;2715;2759;2750;50.03;50.03;50.03;6393;1000;0.0;0;0.0000;0;0;14357;14357;14357
60;2014-05-10 11:34:00;909402N262;5098;14.442;45;234;233;235;234;7.283;50.02;556.8;3.653;650.6;2.307;789.7;2.040;60;0;0;7.194;7.359;7.298;1670;1714;1703;50.02;50.02;50.02;6393;1000;0.0;0;0.0000;0;0;14442;14442;14442
60;2014-05-10 11:35:00;909402N262;5277;14.530;45;234;233;235;234;7.533;50.02;557.2;3.794;650.6;2.374;786.7;2.126;60;0;0;7.461;7.578;7.560;1733;1777;1764;50.02;50.02;50.02;6393;1000;0.0;0;0.0000;0;0;14530;14530;14530
60;2014-05-10 11:36:00;909402N262;3952;14.595;45;234;233;235;234;5.689;50.00;554.5;2.842;647.3;1.812;787.9;1.575;60;0;0;5.606;5.773;5.689;1296;1333;1321;50.00;50.00;50.00;6393;1000;0.0;0;0.0000;0;0;14595;14595;14595
60;2014-05-10 11:37:00;909402N262;3701;14.658;45;234;233;235;234;5.315;50.01;556.6;2.686;646.9;1.672;784.4;1.481;60;0;0;5.264;5.347;5.336;1216;1246;1238;50.01;50.01;50.01;6393;1000;0.0;0;0.0000;0;0;14658;14658;14658
60;2014-05-10 11:38:00;909402N262;7317;14.780;45;234;234;235;235;10.421;50.01;555.5;5.208;656.8;3.342;788.6;3.046;60;0;0;10.345;10.473;10.447;2420;2464;2454;50.01;50.01;50.01;6393;1000;0.0;0;0.0000;0;0;14780;14780;14780
60;2014-05-10 11:39:00;909402N262;3917;14.846;45;234;233;235;234;5.641;50.02;558.4;2.801;647.1;1.767;789.0;1.582;60;0;0;5.573;5.704;5.647;1286;1318;1310;50.02;50.02;50.02;6393;1000;0.0;0;0.0000;0;0;14846;14846;14846
60;2014-05-10 11:40:00;909402N262;4016;14.913;45;234;233;235;234;5.760;50.01;557.6;2.888;648.0;1.841;788.8;1.594;60;0;0;5.700;5.794;5.788;1318;1354;1344;50.01;50.01;50.01;6393;1000;0.0;0;0.0000;0;0;14913;14913;14913
60;2014-05-10 11:41:00;909402N262;3729;14.974;45;234;233;235;234;5.363;50.01;547.4;2.711;646.1;1.728;786.6;1.483;60;0;0;5.300;5.406;5.384;1224;1257;1247;50.01;50.01;50.01;6393;1000;0.0;0;0.0000;0;0;14974;14974;14974
60;2014-05-10 11:42:00;909402N262;3477;15.033;45;234;233;235;234;5.005;50.02;547.4;2.518;644.3;1.622;782.5;1.387;60;0;0;4.937;5.053;5.025;1139;1171;1165;50.02;50.02;50.02;6393;1000;0.0;0;0.0000;0;0;15033;15033;15033
60;2014-05-10 11:43:00;909402N262;3296;15.087;45;234;233;234;234;4.746;50.01;549.4;2.380;644.2;1.541;781.2;1.309;60;0;0;4.682;4.789;4.769;1079;1109;1105;50.01;50.01;50.01;6393;1000;0.0;0;0.0000;0;0;15087;15087;15087
60;2014-05-10 11:44:00;909402N262;3656;15.149;45;234;233;235;235;5.250;50.01;552.8;2.637;647.8;1.675;785.1;1.456;60;0;0;5.178;5.306;5.266;1198;1231;1225;50.01;50.01;50.01;6393;1000;0.0;0;0.0000;0;0;15149;15149;15149
60;2014-05-10 11:45:00;909402N262;4299;15.221;45;234;233;235;235;6.151;50.01;561.8;3.033;652.8;2.008;792.0;1.689;60;0;0;6.081;6.186;6.187;1410;1446;1442;50.01;50.01;50.01;6393;1000;0.0;0;0.0000;0;0;15221;15221;15221
60;2014-05-10 11:46:00;909402N262;7495;15.346;45;234;234;235;235;10.642;50.00;549.2;5.518;639.6;3.410;793.6;3.132;60;0;0;10.599;10.648;10.681;2479;2515;2507;50.00;50.00;50.00;6393;1000;0.0;0;0.0000;0;0;15346;15346;15346
60;2014-05-10 11:47:00;909402N262;10965;15.530;45;235;235;236;236;15.516;50.01;541.5;7.857;660.7;4.885;795.4;4.623;60;0;0;15.440;15.554;15.556;3629;3667;3668;50.01;50.01;50.01;6393;1000;0.0;0;0.0000;0;0;15530;15530;15530
60;2014-05-10 11:48:00;909402N262;10929;15.712;45;235;234;235;235;15.481;50.01;535.8;7.884;654.4;4.917;795.3;4.629;60;0;0;15.394;15.531;15.519;3612;3658;3656;50.01;50.01;50.01;6393;1000;0.0;0;0.0000;0;0;15712;15712;15712
60;2014-05-10 11:49:00;909402N262;10601;15.889;45;235;234;235;235;15.056;50.01;531.4;7.708;648.9;4.820;795.1;4.494;60;0;0;14.975;15.126;15.068;3507;3555;3539;50.01;50.01;50.01;6393;1000;0.0;0;0.0000;0;0;15889;15889;15889
60;2014-05-10 11:50:00;909402N262;10530;16.064;45;235;234;235;235;14.952;50.01;526.8;7.720;644.1;4.793;795.1;4.483;60;0;0;14.851;15.033;14.972;3474;3537;3516;50.01;50.01;50.01;6393;1000;0.0;0;0.0000;0;0;16064;16064;16064
60;2014-05-10 11:51:00;909402N262;10295;16.235;46;234;234;235;235;14.621;50.00;523.9;7.615;640.2;4.688;794.6;4.385;60;0;0;14.516;14.697;14.651;3395;3459;3438;50.00;50.00;50.00;6393;1000;0.0;0;0.0000;0;0;16235;16235;16235
60;2014-05-10 11:52:00;909402N262;8166;16.372;46;235;234;235;235;11.654;50.02;526.0;6.050;636.7;3.754;783.9;3.500;60;0;0;11.521;11.779;11.664;2689;2748;2735;50.02;50.02;50.02;6393;1000;0.0;0;0.0000;0;0;16372;16372;16372
60;2014-05-10 11:53:00;909402N262;8369;16.513;46;234;233;235;235;11.915;50.00;527.6;6.131;638.5;3.948;783.7;3.480;60;0;0;11.784;12.053;11.909;2750;2812;2792;50.00;50.00;50.00;6393;1000;0.0;0;0.0000;0;0;16513;16513;16513
60;2014-05-10 11:54:00;909402N262;8426;16.654;46;235;234;236;235;11.982;50.01;528.4;6.257;638.2;3.893;782.0;3.563;60;0;0;11.873;12.072;12.003;2774;2835;2815;50.01;50.01;50.01;6393;1000;0.0;0;0.0000;0;0;16654;16654;16654
60;2014-05-10 11:55:00;909402N262;10385;16.826;47;235;235;236;235;14.709;50.01;521.0;7.755;638.0;4.686;784.7;4.501;60;0;0;14.617;14.795;14.715;3432;3487;3463;50.01;50.01;50.01;6393;1000;0.0;0;0.0000;0;0;16826;16826;16826
60;2014-05-10 11:56:00;909402N262;9413;16.984;47;235;235;236;235;13.335;50.01;521.3;7.031;632.9;4.119;781.0;4.171;60;0;0;13.224;13.440;13.342;3103;3152;3139;50.01;50.01;50.01;6393;1000;0.0;0;0.0000;0;0;16984;16984;16984
60;2014-05-10 11:57:00;909402N262;9382;17.139;47;235;234;235;235;13.307;50.01;519.1;7.042;635.4;4.283;779.2;4.036;60;0;0;13.218;13.330;13.374;3099;3137;3148;50.01;50.01;50.01;6393;1000;0.0;0;0.0000;0;0;17139;17139;17139
60;2014-05-10 11:58:00;909402N262;9823;17.303;47;235;235;235;236;13.926;50.02;515.9;7.437;634.9;4.456;779.2;4.271;60;0;0;13.836;13.938;14.006;3245;3275;3301;50.02;50.02;50.02;6393;1000;0.0;0;0.0000;0;0;17303;17303;17303
60;2014-05-10 11:59:00;909402N262;10041;17.470;47;235;235;235;236;14.227;50.01;513.6;7.628;632.4;4.578;777.6;4.375;60;0;0;14.156;14.238;14.287;3321;3351;3367;50.01;50.01;50.01;6393;1000;0.0;0;0.0000;0;0;17470;17470;17470
60;2014-05-10 12:00:00;909402N262;10194;17.640;47;235;235;235;236;14.429;49.99;510.5;7.773;629.8;4.674;776.4;4.455;60;0;0;14.369;14.414;14.505;3376;3391;3425;49.99;49.99;49.99;6393;1000;0.0;0;0.0000;0;0;17640;17640;17640
[wr_ende]
