20141217;130003;danfoss;My Plant;+0100
[wr_def_start]
909402N262;Inverter Type;Inverter Group;Hanzl
[wr_def_end]
[wr]
INTERVAL;TIMESTAMP;SERIAL;P_AC;E_DAY;T_WR;U_AC;U_AC_1;U_AC_2;U_AC_3;I_AC;F_AC;U_DC_1;I_DC_1;U_DC_2;I_DC_2;U_DC_3;I_DC_3;S;E_WR;M_WR;I_AC_1;I_AC_2;I_AC_3;P_AC_1;P_AC_2;P_AC_3;F_AC_1;F_AC_2;F_AC_3;R_DC;PC;PCS;PCS_LL;COS_PHI;COS_PHI_LL;S_COS_PHI;Current_Day_Energy;current_Day_Offset;ccEnergyOfDay_WithoutOffset
60;2014-12-17 12:01:00;909402N262;1421;4.160;40;233;230;233;236;2.287;49.99;592.6;1.125;634.2;0.558;787.5;0.527;60;0;0;2.202;2.324;2.336;450;485;488;49.99;49.99;49.99;868;1000;0.0;0;1.0000;0;2;4160;4160;4160
60;2014-12-17 12:02:00;909402N262;1299;4.182;40;233;230;233;236;2.137;50.00;596.1;1.016;648.7;0.496;794.9;0.475;60;0;0;2.059;2.175;2.178;409;442;446;50.00;50.00;50.00;868;1000;0.0;0;1.0000;0;2;4182;4182;4182
60;2014-12-17 12:03:00;909402N262;1158;4.201;40;233;230;233;235;1.965;49.99;592.2;0.921;646.1;0.443;794.6;0.416;60;0;0;1.892;1.997;2.007;364;395;398;49.99;49.99;49.99;868;1000;0.0;0;1.0000;0;2;4201;4201;4201
60;2014-12-17 12:04:00;909402N262;1171;4.220;40;233;230;233;235;1.980;50.00;594.0;0.925;645.8;0.449;794.5;0.424;60;0;0;1.906;2.014;2.022;368;399;402;50.00;50.00;50.00;868;1000;0.0;0;1.0000;0;2;4220;4220;4220
60;2014-12-17 12:05:00;909402N262;1296;4.243;40;233;230;234;236;2.130;50.00;595.4;1.023;647.9;0.496;795.1;0.467;60;0;0;2.054;2.172;2.166;408;443;443;50.00;50.00;50.00;868;1000;0.0;0;1.0000;0;2;4243;4243;4243
60;2014-12-17 12:06:00;909402N262;1469;4.266;40;233;229;234;236;2.346;50.01;596.5;1.152;650.3;0.566;795.0;0.531;60;0;0;2.256;2.395;2.389;461;502;504;50.01;50.01;50.01;868;1000;0.0;0;1.0000;0;2;4266;4266;4266
60;2014-12-17 12:07:00;909402N262;1469;4.291;40;233;230;234;236;2.346;50.01;598.8;1.135;650.4;0.571;794.8;0.535;60;0;0;2.261;2.388;2.390;463;500;503;50.01;50.01;50.01;868;1000;0.0;0;1.0000;0;2;4291;4291;4291
60;2014-12-17 12:08:00;909402N262;1513;4.316;40;233;230;234;236;2.400;50.00;597.6;1.180;650.5;0.588;794.9;0.546;60;0;0;2.315;2.445;2.440;477;516;518;50.00;50.00;50.00;868;1000;0.0;0;1.0000;0;2;4316;4316;4316
60;2014-12-17 12:09:00;909402N262;1729;4.345;40;233;230;234;236;2.677;49.99;597.3;1.350;653.0;0.667;795.1;0.628;60;0;0;2.585;2.728;2.720;547;590;591;49.99;49.99;49.99;868;1000;0.0;0;1.0000;0;2;4345;4345;4345
60;2014-12-17 12:10:00;909402N262;1977;4.378;40;234;232;234;235;3.004;49.99;601.1;1.548;654.6;0.757;795.0;0.713;60;0;0;2.918;3.050;3.045;634;670;672;49.99;49.99;49.99;868;1000;0.0;0;1.0000;0;2;4378;4378;4378
60;2014-12-17 12:11:00;909402N262;2397;4.418;40;234;233;234;235;3.571;49.99;600.4;1.899;657.3;0.912;794.8;0.856;60;0;0;3.501;3.606;3.606;778;808;810;49.99;49.99;49.99;868;1000;0.0;0;1.0000;0;2;4418;4418;4418
60;2014-12-17 12:12:00;909402N262;2617;4.462;40;234;233;234;235;3.870;50.00;592.6;2.063;658.6;0.993;794.8;0.963;60;0;0;3.801;3.903;3.907;850;881;884;50.01;50.01;50.01;868;1000;0.0;0;1.0000;0;2;4462;4462;4462
60;2014-12-17 12:13:00;909402N262;2608;4.505;40;234;233;233;234;3.855;49.98;588.7;2.082;656.9;0.988;794.9;0.954;60;0;0;3.793;3.892;3.880;852;877;877;49.98;49.98;49.98;868;1000;0.0;0;1.0000;0;2;4505;4505;4505
60;2014-12-17 12:14:00;909402N262;2551;4.548;40;233;231;234;235;3.783;49.99;590.3;2.015;656.5;0.979;795.0;0.933;60;0;0;3.694;3.846;3.811;821;868;861;49.99;49.99;49.99;868;1000;0.0;0;1.0000;0;2;4548;4548;4548
60;2014-12-17 12:15:00;909402N262;2574;4.591;40;233;231;235;234;3.814;49.99;592.0;2.027;655.9;0.992;794.9;0.940;60;0;0;3.730;3.876;3.837;830;876;865;49.99;49.99;49.99;868;1000;0.0;0;1.0000;0;2;4591;4591;4591
60;2014-12-17 12:16:00;909402N262;2821;4.638;40;234;231;235;235;4.143;49.99;594.5;2.222;641.0;1.106;788.7;1.054;60;0;0;4.038;4.210;4.183;904;960;955;49.99;49.99;49.99;868;1000;0.0;0;1.0000;0;2;4638;4638;4638
60;2014-12-17 12:17:00;909402N262;2975;4.688;40;234;231;235;235;4.361;49.99;593.4;2.337;656.2;1.141;795.0;1.094;60;0;0;4.268;4.425;4.390;958;1011;1003;49.99;49.99;49.99;868;1000;0.0;0;1.0000;0;2;4688;4688;4688
60;2014-12-17 12:18:00;909402N262;3065;4.739;40;234;231;235;236;4.486;49.98;588.0;2.430;655.4;1.170;794.9;1.134;60;0;0;4.372;4.555;4.531;981;1042;1040;49.98;49.98;49.98;868;1000;0.0;0;1.0000;0;2;4739;4739;4739
60;2014-12-17 12:19:00;909402N262;2911;4.787;40;233;231;235;235;4.275;49.99;586.1;2.318;654.3;1.113;795.1;1.074;60;0;0;4.169;4.343;4.314;933;991;985;49.99;49.99;49.99;868;1000;0.0;0;1.0000;0;2;4787;4787;4787
60;2014-12-17 12:20:00;909402N262;2880;4.836;40;234;232;234;235;4.227;50.00;585.5;2.297;653.7;1.100;795.0;1.062;60;0;0;4.143;4.275;4.263;933;972;972;50.00;50.00;50.00;868;1000;0.0;0;1.0000;0;2;4836;4836;4836
60;2014-12-17 12:21:00;909402N262;2748;4.880;40;233;232;233;235;4.054;49.99;585.8;2.180;651.8;1.065;795.0;1.011;60;0;0;3.973;4.102;4.089;892;926;929;49.99;49.99;49.99;868;1000;0.0;0;1.0000;0;2;4880;4880;4880
60;2014-12-17 12:22:00;909402N262;2629;4.925;40;233;231;234;235;3.890;49.99;582.3;2.100;650.5;1.023;794.9;0.963;60;0;0;3.795;3.943;3.932;846;890;891;49.99;49.99;49.99;868;1000;0.0;0;1.0000;0;2;4925;4925;4925
60;2014-12-17 12:23:00;909402N262;2697;4.971;40;234;231;234;235;3.980;50.00;588.3;2.161;650.2;1.044;795.0;0.971;60;0;0;3.885;4.025;4.032;868;911;917;50.00;50.00;50.00;868;1000;0.0;0;1.0000;0;2;4971;4971;4971
60;2014-12-17 12:24:00;909402N262;2603;5.013;40;233;231;235;235;3.856;49.99;597.0;2.029;649.6;1.007;794.8;0.955;60;0;0;3.762;3.924;3.882;836;887;878;49.99;49.99;49.99;868;1000;0.0;0;1.0000;0;2;5013;5013;5013
60;2014-12-17 12:25:00;909402N262;2154;5.049;40;233;230;235;235;3.246;50.00;589.9;1.672;646.5;0.848;795.0;0.798;60;0;0;3.145;3.310;3.284;685;736;731;50.00;50.00;50.00;868;1000;0.0;0;1.0000;0;2;5049;5049;5049
60;2014-12-17 12:26:00;909402N262;1765;5.079;40;234;230;236;235;2.725;49.99;587.1;1.358;642.3;0.712;795.0;0.656;60;0;0;2.631;2.793;2.752;558;608;597;49.99;49.99;49.99;868;1000;0.0;0;1.0000;0;2;5079;5079;5079
60;2014-12-17 12:27:00;909402N262;1610;5.106;40;234;231;236;235;2.521;49.99;585.4;1.251;639.6;0.650;794.8;0.593;60;0;0;2.436;2.585;2.544;509;555;544;49.99;49.99;49.99;868;1000;0.0;0;1.0000;0;2;5106;5106;5106
60;2014-12-17 12:28:00;909402N262;1740;5.134;40;234;230;236;235;2.688;50.02;586.9;1.355;642.5;0.697;795.2;0.639;60;0;0;2.589;2.757;2.720;548;600;590;50.02;50.02;50.02;868;1000;0.0;0;1.0000;0;2;5134;5134;5134
60;2014-12-17 12:29:00;909402N262;1864;5.166;40;234;231;236;235;2.852;50.00;585.8;1.455;644.3;0.744;795.2;0.686;60;0;0;2.756;2.912;2.889;590;640;633;50.00;50.00;50.00;868;1000;0.0;0;1.0000;0;2;5166;5166;5166
60;2014-12-17 12:30:00;909402N262;1802;5.196;40;234;232;235;235;2.770;50.02;585.5;1.370;644.3;0.726;795.0;0.682;60;0;0;2.684;2.822;2.806;573;615;611;50.02;50.02;50.02;868;1000;0.0;0;1.0000;0;2;5196;5196;5196
60;2014-12-17 12:31:00;909402N262;1584;5.222;40;234;232;235;235;2.485;50.00;575.1;1.223;629.3;0.649;793.2;0.610;60;0;0;2.412;2.535;2.508;506;542;535;50.00;50.00;50.00;868;1000;0.0;0;1.0000;0;2;5222;5222;5222
60;2014-12-17 12:32:00;909402N262;1321;5.244;40;234;233;235;234;2.162;50.00;579.9;0.999;636.0;0.545;794.4;0.504;60;0;0;2.101;2.208;2.177;422;453;444;50.00;50.00;50.00;868;1000;0.0;0;1.0000;0;2;5244;5244;5244
60;2014-12-17 12:33:00;909402N262;1185;5.264;40;234;232;235;234;2.005;49.99;578.2;0.899;635.4;0.490;792.6;0.452;60;0;0;1.951;2.044;2.022;378;406;399;49.99;49.99;49.99;868;1000;0.0;0;1.0000;0;2;5264;5264;5264
60;2014-12-17 12:34:00;909402N262;1018;5.281;40;231;228;233;233;1.830;49.99;575.6;0.771;633.6;0.424;784.9;0.392;60;0;0;1.766;1.870;1.854;319;350;346;49.99;49.99;49.99;868;1000;0.0;0;1.0000;0;2;5281;5281;5281
60;2014-12-17 12:35:00;909402N262;876;5.295;40;231;228;232;233;1.677;50.00;574.5;0.672;631.4;0.365;777.2;0.336;60;0;0;1.615;1.712;1.706;272;301;300;50.00;50.00;50.00;868;1000;0.0;0;1.0000;0;2;5295;5295;5295
60;2014-12-17 12:36:00;909402N262;855;5.310;40;231;228;232;233;1.655;50.00;573.9;0.667;631.4;0.354;776.3;0.325;60;0;0;1.600;1.689;1.678;267;294;292;50.00;50.00;50.00;868;1000;0.0;0;1.0000;0;2;5310;5310;5310
60;2014-12-17 12:37:00;909402N262;936;5.326;40;231;228;232;232;1.744;50.00;574.3;0.739;634.0;0.385;779.9;0.348;60;0;0;1.687;1.779;1.766;294;322;319;50.00;50.00;50.00;868;1000;0.0;0;1.0000;0;2;5326;5326;5326
60;2014-12-17 12:38:00;909402N262;1091;5.344;40;231;228;232;232;1.906;49.99;574.4;0.868;637.9;0.445;789.6;0.399;60;0;0;1.840;1.947;1.933;343;375;371;49.99;49.99;49.99;868;1000;0.0;0;1.0000;0;2;5344;5344;5344
60;2014-12-17 12:39:00;909402N262;1155;5.363;40;231;228;232;232;1.978;50.01;577.5;0.907;641.4;0.470;791.8;0.423;60;0;0;1.913;2.016;2.006;365;396;392;50.01;50.01;50.01;868;1000;0.0;0;1.0000;0;2;5363;5363;5363
60;2014-12-17 12:40:00;909402N262;1090;5.381;40;231;229;232;232;1.905;50.00;580.4;0.838;639.8;0.447;790.2;0.406;60;0;0;1.846;1.938;1.931;345;372;370;50.00;50.00;50.00;868;1000;0.0;0;1.0000;0;2;5381;5381;5381
60;2014-12-17 12:41:00;909402N262;1045;5.399;40;231;230;232;232;1.856;50.00;577.1;0.816;638.4;0.428;788.0;0.387;60;0;0;1.800;1.892;1.876;331;358;354;50.00;50.00;50.00;868;1000;0.0;0;1.0000;0;2;5399;5399;5399
60;2014-12-17 12:42:00;909402N262;1045;5.417;40;231;229;232;232;1.858;50.01;578.6;0.822;638.8;0.426;786.9;0.384;60;0;0;1.805;1.891;1.880;332;357;354;50.01;50.01;50.01;868;1000;0.0;0;1.0000;0;2;5417;5417;5417
60;2014-12-17 12:43:00;909402N262;1118;5.434;40;231;229;232;232;1.936;50.01;581.3;0.885;639.6;0.451;791.4;0.405;60;0;0;1.871;1.972;1.965;353;383;380;50.01;50.01;50.01;868;1000;0.0;0;1.0000;0;2;5434;5434;5434
60;2014-12-17 12:44:00;909402N262;1182;5.455;40;231;229;232;232;2.004;50.01;583.8;0.935;641.8;0.474;793.9;0.425;60;0;0;1.938;2.040;2.035;375;404;402;50.01;50.01;50.01;868;1000;0.0;0;1.0000;0;2;5455;5455;5455
60;2014-12-17 12:45:00;909402N262;1132;5.473;40;231;228;232;232;1.949;50.00;580.2;0.892;641.5;0.455;792.8;0.413;60;0;0;1.878;1.993;1.978;355;389;385;50.00;50.00;50.00;868;1000;0.0;0;1.0000;0;2;5473;5473;5473
60;2014-12-17 12:46:00;909402N262;1011;5.490;40;231;228;233;232;1.808;50.01;568.6;0.813;632.2;0.411;780.6;0.378;60;0;0;1.742;1.851;1.831;316;349;343;50.01;50.01;50.01;868;1000;0.0;0;1.0000;0;2;5490;5490;5490
60;2014-12-17 12:47:00;909402N262;990;5.507;40;231;228;233;232;1.790;50.01;583.4;0.783;636.9;0.398;788.5;0.360;60;0;0;1.720;1.830;1.820;309;342;338;50.01;50.01;50.01;868;1000;0.0;0;1.0000;0;2;5507;5507;5507
60;2014-12-17 12:48:00;909402N262;1087;5.525;40;231;228;232;232;1.895;50.01;583.2;0.857;639.5;0.433;791.9;0.397;60;0;0;1.824;1.935;1.926;341;374;371;50.01;50.01;50.01;868;1000;0.0;0;1.0000;0;2;5525;5525;5525
60;2014-12-17 12:49:00;909402N262;1021;5.542;40;231;228;232;233;1.820;50.01;584.6;0.786;639.1;0.410;792.1;0.382;60;0;0;1.744;1.859;1.858;317;352;351;50.01;50.01;50.01;868;1000;0.0;0;1.0000;0;2;5542;5542;5542
60;2014-12-17 12:50:00;909402N262;973;5.558;40;231;228;233;233;1.772;50.02;586.3;0.747;637.5;0.393;788.1;0.366;60;0;0;1.706;1.808;1.802;303;335;333;50.02;50.02;50.02;868;1000;0.0;0;1.0000;0;2;5558;5558;5558
60;2014-12-17 12:51:00;909402N262;1066;5.576;40;231;229;232;232;1.869;50.01;587.8;0.816;639.3;0.428;792.1;0.399;60;0;0;1.802;1.908;1.897;334;366;363;50.01;50.01;50.01;868;1000;0.0;0;1.0000;0;2;5576;5576;5576
60;2014-12-17 12:52:00;909402N262;1136;5.595;40;231;230;232;232;1.944;50.02;589.9;0.877;640.8;0.453;794.1;0.420;60;0;0;1.880;1.980;1.972;359;389;385;50.02;50.02;50.02;868;1000;0.0;0;1.0000;0;2;5595;5595;5595
60;2014-12-17 12:53:00;909402N262;1278;5.615;40;231;229;232;232;2.116;50.02;591.3;1.008;642.4;0.497;795.0;0.463;60;0;0;2.047;2.158;2.143;405;438;433;50.02;50.02;50.02;868;1000;0.0;0;1.0000;0;2;5615;5615;5615
60;2014-12-17 12:54:00;909402N262;1256;5.637;40;231;230;232;232;2.089;50.02;593.4;1.005;643.6;0.485;794.8;0.444;60;0;0;2.028;2.126;2.114;400;429;424;50.02;50.02;50.02;868;1000;0.0;0;1.0000;0;2;5637;5637;5637
60;2014-12-17 12:55:00;909402N262;1491;5.662;40;231;230;232;232;2.384;50.01;594.0;1.206;644.9;0.573;795.0;0.523;60;0;0;2.315;2.423;2.414;477;508;505;50.01;50.01;50.01;868;1000;0.0;0;1.0000;0;2;5662;5662;5662
60;2014-12-17 12:56:00;909402N262;1773;5.692;40;231;230;232;231;2.750;50.02;595.4;1.429;648.1;0.677;795.1;0.624;60;0;0;2.681;2.795;2.775;571;603;596;50.01;50.01;50.01;868;1000;0.0;0;1.0000;0;2;5692;5692;5692
60;2014-12-17 12:57:00;909402N262;1970;5.724;40;231;230;233;231;3.015;50.01;596.2;1.603;649.1;0.733;795.2;0.697;60;0;0;2.947;3.067;3.032;636;672;660;50.01;50.01;50.01;868;1000;0.0;0;1.0000;0;2;5724;5724;5724
60;2014-12-17 12:58:00;909402N262;1911;5.756;40;231;230;233;231;2.936;50.01;591.0;1.550;648.3;0.711;795.2;0.690;60;0;0;2.870;2.986;2.954;617;651;641;50.01;50.01;50.01;868;1000;0.0;0;1.0000;0;2;5756;5756;5756
60;2014-12-17 12:59:00;909402N262;1827;5.786;40;231;230;233;231;2.825;50.00;583.9;1.485;646.6;0.689;795.3;0.663;60;0;0;2.757;2.878;2.840;590;623;613;50.00;50.00;50.00;868;1000;0.0;0;1.0000;0;2;5786;5786;5786
60;2014-12-17 13:00:00;909402N262;1727;5.815;40;231;230;233;231;2.691;50.00;582.7;1.386;645.9;0.662;795.1;0.633;60;0;0;2.634;2.736;2.703;559;588;578;50.00;50.00;50.00;868;1000;0.0;0;1.0000;0;2;5815;5815;5815
[wr_ende]
