20140201;120001;danfoss;My Plant;+0100
[wr_def_start]
909402N262;Inverter Type;Inverter Group;Hanzl
[wr_def_end]
[wr]
INTERVAL;TIMESTAMP;SERIAL;P_AC;E_DAY;T_WR;U_AC;U_AC_1;U_AC_2;U_AC_3;I_AC;F_AC;U_DC_1;I_DC_1;U_DC_2;I_DC_2;U_DC_3;I_DC_3;S;E_WR;M_WR;I_AC_1;I_AC_2;I_AC_3;P_AC_1;P_AC_2;P_AC_3;F_AC_1;F_AC_2;F_AC_3;R_DC;PC;PCS;PCS_LL;COS_PHI;COS_PHI_LL;S_COS_PHI;Current_Day_Energy;current_Day_Offset;ccEnergyOfDay_WithoutOffset
60;2014-02-01 11:01:00;909402N262;454;0.953;24;232;233;232;231;0.775;49.99;413.5;0.032;655.1;0.321;789.7;0.304;60;0;0;0.766;0.893;0.667;150;176;127;49.99;49.99;49.99;9894;1000;0.0;0;0.0000;0;0;953;953;953
60;2014-02-01 11:02:00;909402N262;495;0.960;24;232;233;232;232;0.840;49.99;415.9;0.034;680.6;0.337;794.2;0.329;60;0;0;0.806;0.930;0.784;159;181;153;49.99;49.99;49.99;9894;1000;0.0;0;0.0000;0;0;960;960;960
60;2014-02-01 11:03:00;909402N262;483;0.969;24;232;233;232;231;0.823;49.99;405.5;0.035;679.6;0.331;793.3;0.321;60;0;0;0.809;0.917;0.745;160;177;144;49.99;49.99;49.99;9894;1000;0.0;0;0.0000;0;0;969;969;969
60;2014-02-01 11:04:00;909402N262;466;0.976;24;232;233;232;231;0.796;50.00;404.2;0.034;675.7;0.322;794.2;0.310;60;0;0;0.761;0.907;0.721;149;176;140;50.00;50.00;50.00;9894;1000;0.0;0;0.0000;0;0;976;976;976
60;2014-02-01 11:05:00;909402N262;463;0.984;24;232;233;232;232;0.786;50.00;405.7;0.033;674.8;0.320;794.5;0.308;60;0;0;0.689;0.949;0.722;135;186;141;50.00;50.00;50.00;9894;1000;0.0;0;0.0000;0;0;984;984;984
60;2014-02-01 11:06:00;909402N262;514;0.992;24;232;233;232;232;0.878;49.99;410.2;0.036;681.0;0.350;793.9;0.342;60;0;0;0.849;0.935;0.851;167;180;165;49.99;49.99;49.99;9894;1000;0.0;0;0.0000;0;0;992;992;992
60;2014-02-01 11:07:00;909402N262;580;1.002;24;232;233;232;232;0.971;49.99;416.9;0.040;688.2;0.390;794.3;0.384;60;0;0;0.953;1.010;0.952;189;200;187;49.99;49.99;49.99;9894;1000;0.0;0;0.0000;0;0;1002;1002;1002
60;2014-02-01 11:08:00;909402N262;654;1.013;24;233;233;231;233;1.097;50.00;418.5;0.045;692.1;0.436;794.5;0.433;60;0;0;1.050;1.134;1.107;208;223;221;50.00;50.00;50.00;9894;1000;0.0;0;0.0000;0;0;1013;1013;1013
60;2014-02-01 11:09:00;909402N262;686;1.025;24;232;233;231;233;1.161;50.00;417.9;0.046;693.4;0.457;794.8;0.454;60;0;0;1.146;1.189;1.148;224;234;226;50.00;50.00;50.00;9894;1000;0.0;0;0.0000;0;0;1025;1025;1025
60;2014-02-01 11:10:00;909402N262;685;1.036;24;232;233;231;233;1.161;50.01;418.4;0.046;693.2;0.458;794.9;0.454;60;0;0;1.137;1.189;1.159;224;233;228;50.01;50.01;50.01;9894;1000;0.0;0;0.0000;0;0;1036;1036;1036
60;2014-02-01 11:11:00;909402N262;714;1.049;24;232;232;231;233;1.197;50.00;418.4;0.049;694.6;0.476;795.0;0.472;60;0;0;1.189;1.190;1.212;234;237;241;50.00;50.00;50.00;9894;1000;0.0;0;0.0000;0;0;1049;1049;1049
60;2014-02-01 11:12:00;909402N262;754;1.061;24;232;233;231;233;1.245;50.00;422.5;0.051;698.7;0.498;795.0;0.498;60;0;0;1.230;1.262;1.243;247;254;251;50.00;50.00;50.00;9894;1000;0.0;0;0.0000;0;0;1061;1061;1061
60;2014-02-01 11:13:00;909402N262;782;1.074;24;232;234;231;232;1.285;49.98;422.9;0.054;700.5;0.513;795.1;0.517;60;0;0;1.286;1.321;1.250;260;267;253;49.98;49.98;49.98;9894;1000;0.0;0;0.0000;0;0;1074;1074;1074
60;2014-02-01 11:14:00;909402N262;762;1.086;24;232;234;231;232;1.256;49.99;421.2;0.052;702.2;0.498;795.1;0.506;60;0;0;1.251;1.277;1.240;252;258;250;49.99;49.99;49.99;9894;1000;0.0;0;0.0000;0;0;1086;1086;1086
60;2014-02-01 11:15:00;909402N262;698;1.098;25;232;234;231;231;1.176;50.00;416.5;0.047;697.9;0.460;795.0;0.463;60;0;0;1.163;1.192;1.175;229;235;232;50.00;50.00;50.00;9894;1000;0.0;0;0.0000;0;0;1098;1098;1098
60;2014-02-01 11:16:00;909402N262;656;1.109;25;232;234;232;231;1.101;49.99;423.8;0.045;684.4;0.437;787.5;0.441;60;0;0;1.041;1.161;1.102;206;230;219;49.99;49.99;49.99;9894;1000;0.0;0;0.0000;0;0;1109;1109;1109
60;2014-02-01 11:17:00;909402N262;631;1.119;25;233;234;232;232;1.060;50.00;415.5;0.042;693.1;0.419;794.1;0.419;60;0;0;1.008;1.086;1.088;200;213;216;50.00;50.00;50.00;9894;1000;0.0;0;0.0000;0;0;1119;1119;1119
60;2014-02-01 11:18:00;909402N262;584;1.129;25;233;234;232;232;0.981;49.99;417.5;0.040;685.4;0.394;794.0;0.386;60;0;0;0.937;1.040;0.967;186;206;189;49.99;49.99;49.99;9894;1000;0.0;0;0.0000;0;0;1129;1129;1129
60;2014-02-01 11:19:00;909402N262;557;1.138;25;232;234;232;231;0.936;49.99;414.2;0.039;681.4;0.379;794.7;0.368;60;0;0;0.913;0.992;0.903;181;196;178;49.99;49.99;49.99;9894;1000;0.0;0;0.0000;0;0;1138;1138;1138
60;2014-02-01 11:20:00;909402N262;531;1.147;25;232;233;232;232;0.911;50.01;410.6;0.038;678.4;0.364;793.4;0.352;60;0;0;0.883;0.952;0.898;171;184;174;50.01;50.01;50.01;9894;1000;0.0;0;0.0000;0;0;1147;1147;1147
60;2014-02-01 11:21:00;909402N262;552;1.156;25;232;233;232;232;0.933;50.01;414.4;0.039;677.1;0.379;794.5;0.364;60;0;0;0.899;0.993;0.909;176;195;178;50.01;50.01;50.01;9894;1000;0.0;0;0.0000;0;0;1156;1156;1156
60;2014-02-01 11:22:00;909402N262;620;1.167;25;233;232;232;233;1.042;50.01;415.1;0.042;690.4;0.415;794.1;0.411;60;0;0;1.028;1.073;1.026;203;211;205;50.01;50.01;50.01;9894;1000;0.0;0;0.0000;0;0;1167;1167;1167
60;2014-02-01 11:23:00;909402N262;601;1.176;25;233;232;233;234;1.008;50.02;413.1;0.041;693.3;0.398;793.9;0.400;60;0;0;0.961;1.046;1.018;190;208;202;50.02;50.02;50.02;9894;1000;0.0;0;0.0000;0;0;1176;1176;1176
60;2014-02-01 11:24:00;909402N262;552;1.186;25;233;232;233;234;0.934;50.01;410.8;0.039;687.6;0.370;794.2;0.368;60;0;0;0.919;0.993;0.890;180;196;175;50.01;50.01;50.01;9894;1000;0.0;0;0.0000;0;0;1186;1186;1186
60;2014-02-01 11:25:00;909402N262;499;1.195;25;233;232;233;234;0.846;50.01;406.2;0.036;681.0;0.338;792.8;0.333;60;0;0;0.818;0.931;0.790;159;182;155;50.01;50.01;50.01;9894;1000;0.0;0;0.0000;0;0;1195;1195;1195
60;2014-02-01 11:26:00;909402N262;447;1.201;25;233;232;233;234;0.762;50.00;402.5;0.032;671.0;0.310;793.6;0.297;60;0;0;0.751;0.853;0.683;145;167;133;50.00;50.00;50.00;9894;1000;0.0;0;0.0000;0;0;1201;1201;1201
60;2014-02-01 11:27:00;909402N262;415;1.209;25;233;232;233;234;0.715;50.01;399.0;0.031;662.0;0.293;793.0;0.275;60;0;0;0.666;0.818;0.663;127;160;127;50.01;50.01;50.01;9894;1000;0.0;0;0.0000;0;0;1209;1209;1209
60;2014-02-01 11:28:00;909402N262;422;1.216;25;233;232;233;234;0.725;50.00;402.3;0.031;661.0;0.299;793.1;0.280;60;0;0;0.718;0.824;0.634;138;161;122;50.00;50.00;50.00;9894;1000;0.0;0;0.0000;0;0;1216;1216;1216
60;2014-02-01 11:29:00;909402N262;445;1.223;25;233;232;233;234;0.753;50.01;405.6;0.031;665.6;0.312;793.7;0.294;60;0;0;0.698;0.839;0.723;136;165;142;50.01;50.01;50.01;9894;1000;0.0;0;0.0000;0;0;1223;1223;1223
60;2014-02-01 11:30:00;909402N262;469;1.232;25;233;232;233;234;0.797;50.01;406.4;0.034;672.2;0.326;793.6;0.311;60;0;0;0.765;0.926;0.700;150;181;137;50.01;50.01;50.01;9894;1000;0.0;0;0.0000;0;0;1232;1232;1232
60;2014-02-01 11:31:00;909402N262;492;1.238;25;233;232;233;233;0.837;50.01;412.9;0.035;650.7;0.347;787.7;0.332;60;0;0;0.809;0.891;0.812;158;173;158;50.01;50.01;50.01;9894;1000;0.0;0;0.0000;0;0;1238;1238;1238
60;2014-02-01 11:32:00;909402N262;495;1.247;25;232;231;234;233;0.854;49.99;411.4;0.035;671.9;0.344;791.2;0.329;60;0;0;0.811;0.916;0.837;157;177;159;49.99;49.99;49.99;9894;1000;0.0;0;0.0000;0;0;1247;1247;1247
60;2014-02-01 11:33:00;909402N262;511;1.256;25;232;230;234;233;0.882;49.99;412.6;0.037;673.6;0.354;793.4;0.338;60;0;0;0.857;0.914;0.875;165;176;168;49.99;49.99;49.99;9894;1000;0.0;0;0.0000;0;0;1256;1256;1256
60;2014-02-01 11:34:00;909402N262;533;1.265;25;232;231;234;233;0.933;49.99;411.7;0.038;678.1;0.366;794.7;0.353;60;0;0;0.937;0.933;0.929;179;176;177;49.99;49.99;49.99;9894;1000;0.0;0;0.0000;0;0;1265;1265;1265
60;2014-02-01 11:35:00;909402N262;534;1.274;25;232;231;233;233;0.929;49.99;411.6;0.039;677.7;0.366;794.9;0.353;60;0;0;0.936;0.927;0.926;179;176;177;49.99;49.99;49.99;9894;1000;0.0;0;0.0000;0;0;1274;1274;1274
60;2014-02-01 11:36:00;909402N262;541;1.283;25;232;231;233;234;0.942;50.00;413.3;0.039;676.5;0.372;794.5;0.357;60;0;0;0.950;0.940;0.937;181;178;179;50.00;50.00;50.00;9894;1000;0.0;0;0.0000;0;0;1283;1283;1283
60;2014-02-01 11:37:00;909402N262;544;1.292;25;232;230;233;234;0.948;50.01;413.0;0.039;678.9;0.373;794.4;0.360;60;0;0;0.956;0.952;0.938;182;179;180;50.01;50.01;50.01;9894;1000;0.0;0;0.0000;0;0;1292;1292;1292
60;2014-02-01 11:38:00;909402N262;521;1.301;25;233;231;233;235;0.905;50.00;412.8;0.038;678.8;0.357;793.6;0.345;60;0;0;0.886;0.931;0.899;170;177;172;50.00;50.00;50.00;9894;1000;0.0;0;0.0000;0;0;1301;1301;1301
60;2014-02-01 11:39:00;909402N262;513;1.310;25;233;232;232;234;0.879;50.00;411.4;0.038;677.2;0.352;793.8;0.339;60;0;0;0.849;0.921;0.868;164;179;168;50.00;50.00;50.00;9894;1000;0.0;0;0.0000;0;0;1310;1310;1310
60;2014-02-01 11:40:00;909402N262;510;1.317;25;233;232;233;234;0.875;50.00;410.6;0.037;677.4;0.351;792.8;0.338;60;0;0;0.844;0.935;0.847;164;181;164;50.00;50.00;50.00;9894;1000;0.0;0;0.0000;0;0;1317;1317;1317
60;2014-02-01 11:41:00;909402N262;488;1.326;25;233;231;233;234;0.836;50.01;410.2;0.035;674.4;0.337;792.9;0.324;60;0;0;0.818;0.924;0.768;159;180;148;50.01;50.01;50.01;9894;1000;0.0;0;0.0000;0;0;1326;1326;1326
60;2014-02-01 11:42:00;909402N262;458;1.334;25;233;231;233;234;0.786;50.00;406.7;0.034;667.7;0.321;793.4;0.302;60;0;0;0.814;0.907;0.637;157;176;123;50.00;50.00;50.00;9894;1000;0.0;0;0.0000;0;0;1334;1334;1334
60;2014-02-01 11:43:00;909402N262;479;1.341;25;233;232;233;234;0.819;50.00;411.5;0.035;669.5;0.334;792.8;0.317;60;0;0;0.802;0.904;0.753;156;176;144;50.00;50.00;50.00;9894;1000;0.0;0;0.0000;0;0;1341;1341;1341
60;2014-02-01 11:44:00;909402N262;540;1.350;25;233;231;234;234;0.935;50.00;419.2;0.039;673.9;0.373;794.4;0.356;60;0;0;0.935;0.951;0.921;179;181;178;50.00;50.00;50.00;9894;1000;0.0;0;0.0000;0;0;1350;1350;1350
60;2014-02-01 11:45:00;909402N262;576;1.360;25;233;232;233;234;0.976;50.01;428.2;0.040;677.1;0.397;794.4;0.380;60;0;0;0.962;1.053;0.914;188;207;179;50.01;50.01;50.01;9894;1000;0.0;0;0.0000;0;0;1360;1360;1360
60;2014-02-01 11:46:00;909402N262;597;1.371;25;233;232;233;234;1.009;49.99;420.3;0.042;659.1;0.415;794.6;0.401;60;0;0;0.969;1.060;1.000;192;207;196;49.99;49.99;49.99;9894;1000;0.0;0;0.0000;0;0;1371;1371;1371
60;2014-02-01 11:47:00;909402N262;622;1.381;25;233;232;233;234;1.050;49.99;418.2;0.042;681.0;0.424;794.2;0.411;60;0;0;1.013;1.101;1.037;201;214;205;49.99;49.99;49.99;9894;1000;0.0;0;0.0000;0;0;1381;1381;1381
60;2014-02-01 11:48:00;909402N262;629;1.390;25;233;232;232;235;1.063;49.99;417.5;0.044;683.8;0.427;793.9;0.415;60;0;0;1.025;1.127;1.039;203;218;206;49.99;49.99;49.99;9894;1000;0.0;0;0.0000;0;0;1390;1390;1390
60;2014-02-01 11:49:00;909402N262;615;1.402;25;233;232;232;235;1.038;50.00;416.3;0.042;681.6;0.419;794.1;0.405;60;0;0;1.001;1.081;1.034;197;211;205;50.00;50.00;50.00;9894;1000;0.0;0;0.0000;0;0;1402;1402;1402
60;2014-02-01 11:50:00;909402N262;641;1.413;25;233;232;232;235;1.079;50.00;419.5;0.045;681.3;0.437;794.4;0.422;60;0;0;1.034;1.135;1.070;204;221;213;50.00;50.00;50.00;9894;1000;0.0;0;0.0000;0;0;1413;1413;1413
60;2014-02-01 11:51:00;909402N262;657;1.422;25;233;233;231;235;1.104;49.99;418.8;0.046;685.3;0.444;794.4;0.434;60;0;0;1.040;1.156;1.117;205;226;223;49.99;49.99;49.99;9894;1000;0.0;0;0.0000;0;0;1422;1422;1422
60;2014-02-01 11:52:00;909402N262;623;1.434;25;233;234;232;235;1.052;49.99;417.9;0.044;682.7;0.422;794.0;0.412;60;0;0;1.024;1.099;1.034;203;213;206;49.99;49.99;49.99;9894;1000;0.0;0;0.0000;0;0;1434;1434;1434
60;2014-02-01 11:53:00;909402N262;627;1.444;25;233;234;232;235;1.058;50.00;422.1;0.044;679.4;0.427;794.1;0.414;60;0;0;1.024;1.104;1.047;203;214;208;50.00;50.00;50.00;9894;1000;0.0;0;0.0000;0;0;1444;1444;1444
60;2014-02-01 11:54:00;909402N262;686;1.455;25;234;234;233;235;1.151;49.99;420.5;0.048;683.2;0.465;794.8;0.453;60;0;0;1.115;1.184;1.154;220;233;230;49.99;49.99;49.99;9894;1000;0.0;0;0.0000;0;0;1455;1455;1455
60;2014-02-01 11:55:00;909402N262;706;1.467;25;234;233;233;235;1.188;50.01;418.0;0.049;687.2;0.475;795.0;0.466;60;0;0;1.176;1.206;1.182;231;237;235;50.01;50.01;50.01;9894;1000;0.0;0;0.0000;0;0;1467;1467;1467
60;2014-02-01 11:56:00;909402N262;662;1.478;25;233;232;233;235;1.114;49.99;418.9;0.046;686.2;0.446;794.6;0.439;60;0;0;1.061;1.154;1.128;209;228;224;49.99;49.99;49.99;9894;1000;0.0;0;0.0000;0;0;1478;1478;1478
60;2014-02-01 11:57:00;909402N262;670;1.489;25;233;232;233;235;1.128;49.98;419.7;0.046;685.2;0.452;794.7;0.444;60;0;0;1.107;1.164;1.115;217;230;222;49.98;49.98;49.98;9894;1000;0.0;0;0.0000;0;0;1489;1489;1489
60;2014-02-01 11:58:00;909402N262;686;1.501;25;233;232;233;235;1.158;49.99;417.7;0.049;684.7;0.463;794.8;0.453;60;0;0;1.135;1.187;1.153;223;233;228;49.99;49.99;49.99;9894;1000;0.0;0;0.0000;0;0;1501;1501;1501
60;2014-02-01 11:59:00;909402N262;677;1.512;25;233;232;233;235;1.144;49.99;417.6;0.048;683.1;0.458;794.8;0.447;60;0;0;1.142;1.173;1.117;223;230;222;49.99;49.99;49.99;9894;1000;0.0;0;0.0000;0;0;1512;1512;1512
60;2014-02-01 12:00:00;909402N262;715;1.524;25;234;232;234;235;1.202;50.00;421.8;0.050;685.1;0.482;794.7;0.472;60;0;0;1.184;1.219;1.203;233;241;239;50.00;50.00;50.00;9894;1000;0.0;0;0.0000;0;0;1524;1524;1524
[wr_ende]
