20140802;210004;danfoss;My Plant;+0100
[wr_def_start]
909402N262;Inverter Type;Inverter Group;Hanzl
[wr_def_end]
[wr]
INTERVAL;TIMESTAMP;SERIAL;P_AC;E_DAY;T_WR;U_AC;U_AC_1;U_AC_2;U_AC_3;I_AC;F_AC;U_DC_1;I_DC_1;U_DC_2;I_DC_2;U_DC_3;I_DC_3;S;E_WR;M_WR;I_AC_1;I_AC_2;I_AC_3;P_AC_1;P_AC_2;P_AC_3;F_AC_1;F_AC_2;F_AC_3;R_DC;PC;PCS;PCS_LL;COS_PHI;COS_PHI_LL;S_COS_PHI;Current_Day_Energy;current_Day_Offset;ccEnergyOfDay_WithoutOffset
60;2014-08-02 20:01:00;909402N262;78;59.693;44;233;232;234;233;0.182;50.00;454.3;0.083;476.8;0.042;591.0;0.037;60;0;0;0.000;0.546;0.000;0;79;0;50.00;50.00;50.00;3992;1000;0.0;0;0.0000;0;0;59693;59693;59693
60;2014-08-02 20:02:00;909402N262;65;59.694;44;233;232;233;233;0.152;50.00;449.1;0.070;473.9;0.035;593.7;0.030;60;0;0;0.013;0.418;0.027;1;60;3;50.00;50.00;50.00;3992;1000;0.0;0;0.0000;0;0;59694;59694;59694
60;2014-08-02 20:03:00;909402N262;53;59.694;44;233;232;233;233;0.143;50.02;441.5;0.059;464.4;0.028;562.9;0.026;60;0;0;0.069;0.218;0.144;8;25;18;50.02;50.02;50.02;3992;1000;0.0;0;0.0000;0;0;59694;59694;59694
60;2014-08-02 20:04:00;909402N262;43;59.694;44;233;232;232;234;0.118;50.01;434.4;0.050;446.9;0.024;533.7;0.021;60;0;0;0.060;0.175;0.120;7;22;12;50.01;50.01;50.01;3992;1000;0.0;0;0.0000;0;0;59694;59694;59694
60;2014-08-02 20:05:00;909402N262;35;59.696;44;233;232;233;234;0.117;50.01;432.1;0.041;446.1;0.019;533.4;0.018;60;0;0;0.077;0.134;0.140;9;12;13;50.01;50.01;50.01;3992;1000;0.0;0;0.0000;0;0;59696;59696;59696
60;2014-08-02 20:06:00;909402N262;29;59.696;44;233;231;233;234;0.100;50.01;415.8;0.037;435.0;0.015;516.0;0.015;60;0;0;0.064;0.104;0.132;8;8;12;50.01;50.01;50.01;3992;1000;0.0;0;0.0000;0;0;59696;59696;59696
60;2014-08-02 20:07:00;909402N262;25;59.697;44;232;232;232;233;0.075;50.02;417.9;0.032;429.9;0.014;509.5;0.014;60;0;0;0.039;0.118;0.068;3;14;7;50.02;50.02;50.02;3992;1000;0.0;0;0.0000;0;0;59697;59697;59697
60;2014-08-02 20:08:00;909402N262;22;59.697;44;232;232;232;233;0.065;50.03;403.1;0.030;454.5;0.011;507.8;0.011;60;0;0;0.059;0.052;0.084;6;6;9;50.03;50.03;50.03;3992;1000;0.0;0;0.0000;0;0;59697;59697;59697
60;2014-08-02 20:09:00;909402N262;18;59.697;44;234;234;234;234;0.069;50.02;392.3;0.026;426.4;0.011;515.5;0.011;60;0;0;0.041;0.132;0.034;1;15;3;50.02;50.02;50.02;3992;1000;0.0;0;0.0000;0;0;59697;59697;59697
60;2014-08-02 20:10:00;909402N262;16;59.698;44;235;234;236;234;0.068;50.02;406.9;0.022;402.6;0.011;519.2;0.008;60;0;0;0.039;0.143;0.024;3;9;3;50.02;50.02;50.02;3992;1000;0.0;0;0.0000;0;0;59698;59698;59698
60;2014-08-02 20:11:00;909402N262;12;59.698;44;235;234;236;235;0.059;50.03;391.2;0.019;349.5;0.011;504.7;0.007;60;0;0;0.031;0.112;0.035;3;5;4;50.03;50.03;50.03;3992;1000;0.0;0;0.0000;0;0;59698;59698;59698
60;2014-08-02 20:12:00;909402N262;9;59.698;44;235;234;236;236;0.043;50.01;398.6;0.017;276.7;0.011;439.7;0.007;60;0;0;0.021;0.071;0.038;2;1;5;50.01;50.01;50.01;3992;1000;0.0;0;0.0000;0;0;59698;59698;59698
60;2014-08-02 20:13:00;909402N262;6;59.698;44;235;234;236;236;0.042;50.03;381.2;0.015;285.5;0.010;377.5;0.007;60;0;0;0.013;0.087;0.028;1;1;3;50.03;50.03;50.03;3992;1000;0.0;0;0.0000;0;0;59698;59698;59698
60;2014-08-02 20:14:00;909402N262;4;59.699;44;235;234;236;235;0.038;50.02;370.7;0.014;344.1;0.007;342.0;0.007;60;0;0;0.012;0.075;0.027;1;1;3;50.02;50.02;50.02;3992;1000;0.0;0;0.0000;0;0;59699;59699;59699
60;2014-08-02 20:15:00;909402N262;2;59.699;44;235;234;236;235;0.025;50.02;366.8;0.011;309.0;0.006;279.1;0.007;60;0;0;0.009;0.046;0.020;1;0;2;50.02;50.02;50.02;3992;1000;0.0;0;0.0000;0;0;59699;59699;59699
60;2014-08-02 20:16:00;909402N262;0;59.699;44;235;234;236;235;0.014;50.01;347.9;0.010;303.1;0.004;293.8;0.006;60;0;0;0.009;0.026;0.008;0;0;0;50.01;50.01;50.01;3992;1000;0.0;0;0.0000;0;0;59699;59699;59699
60;2014-08-02 20:17:00;909402N262;0;59.699;43;235;235;236;235;0.008;50.00;345.5;0.007;331.1;0.003;331.5;0.003;60;0;0;0.010;0.011;0.003;0;0;0;50.00;50.00;50.00;3992;1000;0.0;0;0.0000;0;0;59699;59699;59699
60;2014-08-02 20:18:00;909402N262;0;59.699;43;235;235;235;235;0.000;50.01;320.3;0.007;295.3;0.002;290.5;0.003;60;0;0;0.000;0.000;0.000;0;0;0;50.01;50.01;50.01;3992;1000;0.0;0;0.0000;0;0;59699;59699;59699
60;2014-08-02 20:19:00;909402N262;0;59.699;43;235;235;235;235;0.000;50.00;269.7;0.005;263.9;0.002;271.6;0.003;60;0;0;0.001;0.000;0.000;0;0;0;50.00;50.00;50.00;3992;1000;0.0;0;0.0000;0;0;59699;59699;59699
60;2014-08-02 20:20:00;909402N262;0;59.699;43;234;234;235;235;0.002;50.01;274.3;0.002;262.7;0.000;263.2;0.002;80;0;0;0.005;0.001;0.000;0;0;0;50.01;50.01;50.01;3992;1000;0.0;0;0.0000;0;0;59699;59699;59699
60;2014-08-02 20:21:00;909402N262;0;59.699;43;235;235;235;234;0.003;50.00;405.2;0.000;377.2;0.000;406.3;0.000;51;0;0;0.003;0.003;0.003;0;0;0;50.00;50.00;50.00;12895;1000;0.0;0;0.0000;0;0;59699;59699;59699
60;2014-08-02 20:22:00;909402N262;0;59.699;43;234;234;235;233;0.000;50.00;399.3;0.000;351.0;0.000;361.8;0.000;51;0;0;0.000;0.000;0.000;0;0;0;50.00;50.00;50.00;30703;1000;0.0;0;0.0000;0;0;59699;59699;59699
60;2014-08-02 20:23:00;909402N262;0;59.699;43;234;234;236;233;0.000;50.00;293.0;0.000;288.2;0.000;290.1;0.000;51;0;0;0.000;0.000;0.000;0;0;0;50.00;50.00;50.00;30703;1000;0.0;0;0.0000;0;0;59699;59699;59699
60;2014-08-02 20:24:00;909402N262;0;59.699;43;234;234;236;233;0.000;49.99;242.9;0.000;242.3;0.000;242.6;0.000;51;0;0;0.000;0.000;0.000;0;0;0;49.99;49.99;49.99;30703;1000;0.0;0;0.0000;0;0;59699;59699;59699
60;2014-08-02 20:25:00;909402N262;0;59.699;42;234;234;236;234;0.000;49.99;241.6;0.000;241.0;0.000;241.6;0.000;51;0;0;0.000;0.000;0.000;0;0;0;49.99;49.99;49.99;30703;1000;0.0;0;0.0000;0;0;59699;59699;59699
60;2014-08-02 20:26:00;909402N262;0;59.699;42;234;234;235;233;0.000;49.99;238.0;0.000;237.4;0.000;238.0;0.000;51;0;0;0.000;0.000;0.000;0;0;0;49.99;49.99;49.99;30703;1000;0.0;0;0.0000;0;0;59699;59699;59699
60;2014-08-02 20:27:00;909402N262;0;59.699;42;235;235;236;234;0.000;50.00;234.9;0.000;234.3;0.000;234.9;0.000;51;0;0;0.000;0.000;0.000;0;0;0;50.00;50.00;50.00;30703;1000;0.0;0;0.0000;0;0;59699;59699;59699
60;2014-08-02 20:28:00;909402N262;0;59.699;42;235;235;236;233;0.000;49.98;233.0;0.000;232.4;0.000;233.5;0.000;51;0;0;0.000;0.000;0.000;0;0;0;49.98;49.98;49.98;30703;1000;0.0;0;0.0000;0;0;59699;59699;59699
60;2014-08-02 20:29:00;909402N262;0;59.699;41;235;234;236;234;0.000;49.99;231.4;0.000;230.8;0.000;230.6;0.000;51;0;0;0.000;0.000;0.000;0;0;0;49.99;49.99;49.99;30703;1000;0.0;0;0.0000;0;0;59699;59699;59699
60;2014-08-02 20:30:00;909402N262;0;59.699;41;234;234;235;233;0.000;49.99;229.3;0.000;228.7;0.000;229.1;0.000;51;0;0;0.000;0.000;0.000;0;0;0;49.99;49.99;49.99;30703;1000;0.0;0;0.0000;0;0;59699;59699;59699
60;2014-08-02 20:31:00;909402N262;0;59.699;41;234;233;235;233;0.000;49.99;227.0;0.000;226.4;0.000;227.3;0.000;51;0;0;0.000;0.000;0.000;0;0;0;49.99;49.99;49.99;30703;1000;0.0;0;0.0000;0;0;59699;59699;59699
60;2014-08-02 20:32:00;909402N262;0;59.699;41;234;233;236;233;0.000;49.99;230.4;0.000;229.9;0.000;230.8;0.000;51;0;0;0.000;0.000;0.000;0;0;0;49.99;49.99;49.99;30703;1000;0.0;0;0.0000;0;0;59699;59699;59699
60;2014-08-02 20:33:00;909402N262;0;59.699;40;234;233;236;234;0.000;49.99;237.0;0.000;236.4;0.000;237.0;0.000;51;0;0;0.000;0.000;0.000;0;0;0;49.99;49.99;49.99;30703;1000;0.0;0;0.0000;0;0;59699;59699;59699
60;2014-08-02 20:34:00;909402N262;0;59.699;40;234;233;236;233;0.000;49.98;234.8;0.000;234.3;0.000;234.8;0.000;51;0;0;0.000;0.000;0.000;0;0;0;49.98;49.98;49.98;30703;1000;0.0;0;0.0000;0;0;59699;59699;59699
60;2014-08-02 20:35:00;909402N262;0;59.699;40;234;233;236;233;0.000;49.99;231.3;0.000;230.8;0.000;230.9;0.000;51;0;0;0.000;0.000;0.000;0;0;0;49.99;49.99;49.99;30703;1000;0.0;0;0.0000;0;0;59699;59699;59699
60;2014-08-02 20:36:00;909402N262;0;59.699;40;234;233;236;233;0.000;49.98;228.3;0.000;227.7;0.000;228.3;0.000;51;0;0;0.000;0.000;0.000;0;0;0;49.98;49.98;49.98;30703;1000;0.0;0;0.0000;0;0;59699;59699;59699
60;2014-08-02 20:37:00;909402N262;0;59.699;40;234;233;235;233;0.000;49.99;229.4;0.000;228.8;0.000;229.1;0.000;51;0;0;0.000;0.000;0.000;0;0;0;49.99;49.99;49.99;30703;1000;0.0;0;0.0000;0;0;59699;59699;59699
60;2014-08-02 20:38:00;909402N262;0;59.699;40;233;232;235;233;0.000;49.98;230.2;0.000;229.6;0.000;230.2;0.000;51;0;0;0.000;0.000;0.000;0;0;0;49.98;49.98;49.98;30703;1000;0.0;0;0.0000;0;0;59699;59699;59699
60;2014-08-02 20:39:00;909402N262;0;59.699;39;233;232;234;233;0.000;49.97;227.9;0.000;227.3;0.000;227.6;0.000;51;0;0;0.000;0.000;0.000;0;0;0;49.97;49.97;49.97;30703;1000;0.0;0;0.0000;0;0;59699;59699;59699
60;2014-08-02 20:40:00;909402N262;0;59.699;39;233;232;234;233;0.000;49.97;228.7;0.000;228.2;0.000;228.7;0.000;51;0;0;0.000;0.000;0.000;0;0;0;49.97;49.97;49.97;30703;1000;0.0;0;0.0000;0;0;59699;59699;59699
60;2014-08-02 20:41:00;909402N262;0;59.699;39;232;231;234;232;0.000;49.99;228.4;0.000;227.8;0.000;228.4;0.000;51;0;0;0.000;0.000;0.000;0;0;0;49.99;49.99;49.99;30703;1000;0.0;0;0.0000;0;0;59699;59699;59699
60;2014-08-02 20:42:00;909402N262;0;59.699;39;233;231;234;233;0.000;49.98;228.4;0.000;227.9;0.000;228.8;0.000;51;0;0;0.000;0.000;0.000;0;0;0;49.98;49.98;49.98;30703;1000;0.0;0;0.0000;0;0;59699;59699;59699
60;2014-08-02 20:43:00;909402N262;0;59.699;39;233;231;234;233;0.000;49.98;229.3;0.000;228.7;0.000;229.3;0.000;51;0;0;0.000;0.000;0.000;0;0;0;49.98;49.98;49.98;30703;1000;0.0;0;0.0000;0;0;59699;59699;59699
60;2014-08-02 20:44:00;909402N262;0;59.699;39;233;231;234;233;0.000;49.97;227.0;0.000;226.4;0.000;227.0;0.000;51;0;0;0.000;0.000;0.000;0;0;0;49.97;49.97;49.97;30703;1000;0.0;0;0.0000;0;0;59699;59699;59699
60;2014-08-02 20:45:00;909402N262;0;59.699;39;233;232;234;232;0.000;50.00;232.6;0.000;228.8;0.000;232.6;0.000;51;0;0;0.000;0.000;0.000;0;0;0;50.00;50.00;50.00;30703;1000;0.0;0;0.0000;0;0;59699;59699;59699
60;2014-08-02 20:46:00;909402N262;0;59.699;38;233;232;234;232;0.000;49.99;227.5;0.000;215.7;0.000;227.0;0.000;51;0;0;0.000;0.000;0.000;0;0;0;49.99;49.99;49.99;30703;1000;0.0;0;0.0000;0;0;59699;59699;59699
60;2014-08-02 20:47:00;909402N262;0;59.699;38;233;232;234;232;0.000;49.98;240.0;0.000;201.0;0.000;221.4;0.000;51;0;0;0.000;0.000;0.000;0;0;0;49.98;49.98;49.98;30703;1000;0.0;0;0.0000;0;0;59699;59699;59699
60;2014-08-02 20:48:00;909402N262;0;59.699;38;233;232;234;232;0.000;49.99;234.9;0.000;183.4;0.000;199.6;0.000;51;0;0;0.000;0.000;0.000;0;0;0;49.99;49.99;49.99;30703;1000;0.0;0;0.0000;0;0;59699;59699;59699
60;2014-08-02 20:49:00;909402N262;0;59.699;38;233;232;234;232;0.000;49.99;223.3;0.000;166.2;0.000;178.3;0.000;51;0;0;0.000;0.000;0.000;0;0;0;49.99;49.99;49.99;30703;1000;0.0;0;0.0000;0;0;59699;59699;59699
[wr_ende]
