20150103;120004;danfoss;My Plant;+0100
[wr_def_start]
909402N262;Inverter Type;Inverter Group;Hanzl
[wr_def_end]
[wr]
INTERVAL;TIMESTAMP;SERIAL;P_AC;E_DAY;T_WR;U_AC;U_AC_1;U_AC_2;U_AC_3;I_AC;F_AC;U_DC_1;I_DC_1;U_DC_2;I_DC_2;U_DC_3;I_DC_3;S;E_WR;M_WR;I_AC_1;I_AC_2;I_AC_3;P_AC_1;P_AC_2;P_AC_3;F_AC_1;F_AC_2;F_AC_3;R_DC;PC;PCS;PCS_LL;COS_PHI;COS_PHI_LL;S_COS_PHI;Current_Day_Energy;current_Day_Offset;ccEnergyOfDay_WithoutOffset
60;2015-01-03 11:01:00;909402N262;3157;4.143;35;234;232;235;235;4.579;49.99;543.2;4.130;570.7;0.502;448.9;1.587;60;0;0;4.481;4.651;4.605;1017;1076;1061;49.99;49.99;49.99;893;1000;0.0;0;1.0000;0;2;4143;4143;4143
60;2015-01-03 11:02:00;909402N262;3084;4.193;35;234;232;235;235;4.480;49.99;545.8;4.146;250.5;0.662;440.4;1.617;60;0;0;4.391;4.550;4.499;997;1049;1036;49.99;49.99;49.99;893;1000;0.0;0;1.0000;0;2;4193;4193;4193
60;2015-01-03 11:03:00;909402N262;3186;4.247;35;234;232;235;235;4.621;49.97;544.9;4.150;568.7;0.485;442.2;1.615;60;0;0;4.534;4.682;4.647;1033;1080;1072;49.97;49.97;49.97;893;1000;0.0;0;1.0000;0;2;4247;4247;4247
60;2015-01-03 11:04:00;909402N262;3218;4.301;35;234;231;235;235;4.667;49.97;543.8;4.176;648.2;0.444;435.7;1.629;60;0;0;4.567;4.737;4.699;1037;1094;1085;49.97;49.97;49.97;893;1000;0.0;0;1.0000;0;2;4301;4301;4301
60;2015-01-03 11:05:00;909402N262;3265;4.355;36;234;231;235;235;4.730;49.98;542.8;4.243;647.1;0.454;442.0;1.629;60;0;0;4.621;4.804;4.766;1049;1112;1102;49.98;49.98;49.98;893;1000;0.0;0;1.0000;0;2;4355;4355;4355
60;2015-01-03 11:06:00;909402N262;3317;4.410;36;234;232;235;236;4.796;49.97;541.9;4.296;652.2;0.463;447.8;1.653;60;0;0;4.691;4.861;4.836;1069;1124;1121;49.97;49.97;49.97;893;1000;0.0;0;1.0000;0;2;4410;4410;4410
60;2015-01-03 11:07:00;909402N262;3336;4.466;36;235;233;235;236;4.812;49.98;541.8;4.321;656.5;0.467;452.9;1.636;60;0;0;4.732;4.872;4.833;1085;1128;1120;49.98;49.98;49.98;893;1000;0.0;0;1.0000;0;2;4466;4466;4466
60;2015-01-03 11:08:00;909402N262;3355;4.523;36;235;234;235;236;4.836;49.98;541.9;4.345;655.4;0.468;466.9;1.601;60;0;0;4.762;4.893;4.854;1095;1133;1125;49.98;49.98;49.98;893;1000;0.0;0;1.0000;0;2;4523;4523;4523
60;2015-01-03 11:09:00;909402N262;3347;4.579;36;235;233;236;236;4.824;49.98;541.7;4.326;654.6;0.458;482.1;1.567;60;0;0;4.741;4.894;4.839;1088;1135;1122;49.98;49.98;49.98;893;1000;0.0;0;1.0000;0;2;4579;4579;4579
60;2015-01-03 11:10:00;909402N262;3166;4.630;36;235;233;235;236;4.576;49.99;542.0;4.074;652.4;0.427;486.6;1.486;60;0;0;4.496;4.636;4.597;1029;1071;1063;49.99;49.99;49.99;893;1000;0.0;0;1.0000;0;2;4630;4630;4630
60;2015-01-03 11:11:00;909402N262;2673;4.674;36;234;231;235;235;3.918;49.98;541.3;3.441;646.1;0.368;480.4;1.263;60;0;0;3.822;4.001;3.932;859;913;898;49.98;49.98;49.98;893;1000;0.0;0;1.0000;0;2;4674;4674;4674
60;2015-01-03 11:12:00;909402N262;2182;4.711;36;232;230;233;232;3.278;49.98;539.6;2.805;640.6;0.316;489.5;1.014;60;0;0;3.207;3.338;3.289;706;743;731;49.98;49.98;49.98;893;1000;0.0;0;1.0000;0;2;4711;4711;4711
60;2015-01-03 11:13:00;909402N262;1702;4.740;36;232;231;233;232;2.620;49.99;537.8;2.144;638.3;0.305;495.0;0.761;60;0;0;2.559;2.668;2.633;549;582;570;49.99;49.99;49.99;893;1000;0.0;0;1.0000;0;2;4740;4740;4740
60;2015-01-03 11:14:00;909402N262;2827;4.787;36;232;231;233;232;4.159;50.00;544.3;3.637;652.0;0.377;487.5;1.317;60;0;0;4.088;4.214;4.175;919;958;947;50.00;50.00;50.00;893;1000;0.0;0;1.0000;0;2;4787;4787;4787
60;2015-01-03 11:15:00;909402N262;2535;4.829;36;232;231;233;232;3.755;50.00;543.4;3.193;652.5;0.398;498.6;1.161;60;0;0;3.692;3.799;3.776;823;860;850;50.00;50.00;50.00;893;1000;0.0;0;1.0000;0;2;4829;4829;4829
60;2015-01-03 11:16:00;909402N262;3594;4.889;36;232;231;233;233;5.225;49.98;541.3;4.575;590.2;0.718;495.1;1.683;60;0;0;5.146;5.287;5.244;1172;1214;1205;49.98;49.98;49.98;893;1000;0.0;0;1.0000;0;2;4889;4889;4889
60;2015-01-03 11:17:00;909402N262;3804;4.952;36;232;231;232;233;5.516;49.99;542.5;4.588;292.7;1.905;495.4;1.682;60;0;0;5.448;5.545;5.556;1247;1273;1282;49.99;49.99;49.99;893;1000;0.0;0;1.0000;0;2;4952;4952;4952
60;2015-01-03 11:18:00;909402N262;4034;5.020;36;232;232;230;234;5.847;50.00;540.0;4.848;301.5;2.028;503.0;1.758;60;0;0;5.789;5.844;5.908;1329;1335;1368;50.00;50.00;50.00;893;1000;0.0;0;1.0000;0;2;5020;5020;5020
60;2015-01-03 11:19:00;909402N262;4339;5.093;36;232;232;231;234;6.274;50.00;537.1;5.160;309.5;2.182;521.1;1.882;60;0;0;6.222;6.272;6.330;1432;1437;1469;50.00;50.00;50.00;893;1000;0.0;0;1.0000;0;2;5093;5093;5093
60;2015-01-03 11:20:00;909402N262;3660;5.154;36;232;232;231;234;5.321;50.01;534.0;4.203;320.0;1.828;604.6;1.508;60;0;0;5.260;5.327;5.377;1203;1212;1243;50.01;50.01;50.01;893;1000;0.0;0;1.0000;0;2;5154;5154;5154
60;2015-01-03 11:21:00;909402N262;3825;5.217;36;232;232;231;234;5.553;49.99;533.4;4.256;325.9;1.906;716.4;1.394;60;0;0;5.500;5.563;5.598;1258;1273;1292;49.99;49.99;49.99;893;1000;0.0;0;1.0000;0;2;5217;5217;5217
60;2015-01-03 11:22:00;909402N262;3006;5.267;37;232;231;232;234;4.441;50.01;528.8;3.068;441.2;1.373;756.1;1.132;60;0;0;4.370;4.475;4.479;979;1009;1017;50.01;50.01;50.01;893;1000;0.0;0;1.0000;0;2;5267;5267;5267
60;2015-01-03 11:23:00;909402N262;2399;5.307;37;232;231;231;234;3.612;50.01;527.3;2.193;589.6;0.980;794.7;0.861;60;0;0;3.545;3.643;3.649;780;804;814;50.01;50.01;50.01;893;1000;0.0;0;1.0000;0;2;5307;5307;5307
60;2015-01-03 11:24:00;909402N262;1945;5.340;37;232;231;231;233;2.994;50.01;533.5;1.704;577.5;0.862;794.8;0.693;60;0;0;2.915;3.036;3.031;627;654;660;50.01;50.01;50.01;893;1000;0.0;0;1.0000;0;2;5340;5340;5340
60;2015-01-03 11:25:00;909402N262;1653;5.367;37;232;231;231;233;2.606;50.02;553.6;1.353;628.1;0.717;794.5;0.581;60;0;0;2.532;2.642;2.644;531;558;563;50.02;50.02;50.02;893;1000;0.0;0;1.0000;0;2;5367;5367;5367
60;2015-01-03 11:26:00;909402N262;1600;5.394;37;231;230;231;233;2.537;50.01;563.6;1.285;627.2;0.698;794.6;0.559;60;0;0;2.466;2.580;2.566;513;542;543;50.01;50.01;50.01;893;1000;0.0;0;1.0000;0;2;5394;5394;5394
60;2015-01-03 11:27:00;909402N262;1619;5.421;37;231;230;231;233;2.559;50.01;570.7;1.284;627.6;0.704;794.6;0.566;60;0;0;2.489;2.600;2.590;520;548;549;50.01;50.01;50.01;893;1000;0.0;0;1.0000;0;2;5421;5421;5421
60;2015-01-03 11:28:00;909402N262;1658;5.449;37;231;230;230;233;2.614;50.01;571.2;1.315;628.4;0.719;794.4;0.580;60;0;0;2.542;2.646;2.654;533;558;565;50.01;50.01;50.01;893;1000;0.0;0;1.0000;0;2;5449;5449;5449
60;2015-01-03 11:29:00;909402N262;1689;5.477;37;231;230;231;233;2.653;50.01;570.0;1.344;629.4;0.730;794.6;0.591;60;0;0;2.576;2.701;2.683;542;573;573;50.01;50.01;50.01;893;1000;0.0;0;1.0000;0;2;5477;5477;5477
60;2015-01-03 11:30:00;909402N262;1697;5.505;37;232;230;232;233;2.663;50.01;572.5;1.347;630.1;0.729;794.6;0.595;60;0;0;2.583;2.709;2.699;543;575;577;50.01;50.01;50.01;893;1000;0.0;0;1.0000;0;2;5505;5505;5505
60;2015-01-03 11:31:00;909402N262;1668;5.533;37;231;231;231;233;2.616;49.99;569.8;1.338;614.8;0.728;793.9;0.589;60;0;0;2.548;2.646;2.654;537;562;567;49.99;49.99;49.99;893;1000;0.0;0;1.0000;0;2;5533;5533;5533
60;2015-01-03 11:32:00;909402N262;1715;5.561;37;231;231;230;233;2.674;50.00;573.7;1.370;630.8;0.732;794.9;0.597;60;0;0;2.605;2.698;2.719;554;573;586;50.00;50.00;50.00;893;1000;0.0;0;1.0000;0;2;5561;5561;5561
60;2015-01-03 11:33:00;909402N262;1813;5.591;37;232;231;230;233;2.801;50.00;575.1;1.452;632.7;0.766;795.0;0.632;60;0;0;2.733;2.825;2.846;587;606;618;50.00;50.00;50.00;893;1000;0.0;0;1.0000;0;2;5591;5591;5591
60;2015-01-03 11:34:00;909402N262;1909;5.623;37;232;231;231;233;2.931;50.01;573.7;1.539;633.5;0.801;795.1;0.665;60;0;0;2.865;2.958;2.970;618;640;649;50.01;50.01;50.01;893;1000;0.0;0;1.0000;0;2;5623;5623;5623
60;2015-01-03 11:35:00;909402N262;1956;5.656;37;231;231;231;233;2.994;50.01;578.9;1.571;633.8;0.812;795.1;0.681;60;0;0;2.922;3.028;3.033;632;657;664;50.01;50.01;50.01;893;1000;0.0;0;1.0000;0;2;5656;5656;5656
60;2015-01-03 11:36:00;909402N262;1963;5.688;37;231;230;231;233;3.005;50.01;576.9;1.592;636.8;0.800;795.2;0.687;60;0;0;2.939;3.041;3.036;634;661;665;50.01;50.01;50.01;893;1000;0.0;0;1.0000;0;2;5688;5688;5688
60;2015-01-03 11:37:00;909402N262;1999;5.722;37;232;230;232;233;3.052;50.02;575.1;1.623;636.8;0.819;795.0;0.698;60;0;0;2.979;3.096;3.081;644;675;677;50.02;50.02;50.02;893;1000;0.0;0;1.0000;0;2;5722;5722;5722
60;2015-01-03 11:38:00;909402N262;2131;5.757;37;232;230;232;233;3.232;50.02;587.8;1.689;637.3;0.881;795.0;0.742;60;0;0;3.157;3.271;3.268;688;719;722;50.02;50.02;50.02;893;1000;0.0;0;1.0000;0;2;5757;5757;5757
60;2015-01-03 11:39:00;909402N262;2213;5.794;37;232;231;232;233;3.341;50.02;586.3;1.757;637.9;0.918;795.0;0.769;60;0;0;3.269;3.381;3.375;716;745;749;50.02;50.02;50.02;893;1000;0.0;0;1.0000;0;2;5794;5794;5794
60;2015-01-03 11:40:00;909402N262;2136;5.830;37;232;231;231;233;3.235;50.01;586.4;1.700;638.1;0.880;795.0;0.742;60;0;0;3.167;3.269;3.270;693;718;724;50.01;50.01;50.01;893;1000;0.0;0;1.0000;0;2;5830;5830;5830
60;2015-01-03 11:41:00;909402N262;2013;5.864;37;232;231;232;233;3.068;50.00;570.7;1.656;638.2;0.820;795.1;0.698;60;0;0;3.004;3.102;3.098;652;678;681;50.00;50.00;50.00;893;1000;0.0;0;1.0000;0;2;5864;5864;5864
60;2015-01-03 11:42:00;909402N262;1916;5.896;37;232;230;232;233;2.936;50.00;579.8;1.554;637.1;0.787;795.1;0.659;60;0;0;2.862;2.978;2.970;617;647;650;50.00;50.00;50.00;893;1000;0.0;0;1.0000;0;2;5896;5896;5896
60;2015-01-03 11:43:00;909402N262;1925;5.929;37;232;231;231;234;2.949;50.01;589.2;1.544;636.8;0.786;795.2;0.660;60;0;0;2.886;2.981;2.982;623;647;653;50.01;50.01;50.01;893;1000;0.0;0;1.0000;0;2;5929;5929;5929
60;2015-01-03 11:44:00;909402N262;2008;5.961;37;232;231;231;233;3.064;50.01;590.1;1.612;636.9;0.815;795.2;0.690;60;0;0;2.996;3.090;3.107;650;673;683;50.01;50.01;50.01;893;1000;0.0;0;1.0000;0;2;5961;5961;5961
60;2015-01-03 11:45:00;909402N262;2142;5.997;37;232;231;231;233;3.247;50.01;592.3;1.710;638.6;0.867;795.0;0.741;60;0;0;3.177;3.279;3.287;694;719;727;50.01;50.01;50.01;893;1000;0.0;0;1.0000;0;2;5997;5997;5997
60;2015-01-03 11:46:00;909402N262;2289;6.035;37;232;231;232;233;3.444;50.00;577.9;1.887;629.4;0.931;784.7;0.811;60;0;0;3.370;3.483;3.480;740;772;774;50.00;50.00;50.00;893;1000;0.0;0;1.0000;0;2;6035;6035;6035
60;2015-01-03 11:47:00;909402N262;2400;6.075;37;232;231;232;233;3.611;50.02;575.0;2.006;616.1;0.976;794.9;0.836;60;0;0;3.543;3.651;3.641;780;809;811;50.02;50.02;50.02;893;1000;0.0;0;1.0000;0;2;6075;6075;6075
60;2015-01-03 11:48:00;909402N262;2496;6.117;37;232;230;232;233;3.741;50.03;579.2;2.101;600.5;1.016;795.1;0.868;60;0;0;3.671;3.777;3.777;809;840;845;50.03;50.03;50.03;893;1000;0.0;0;1.0000;0;2;6117;6117;6117
60;2015-01-03 11:49:00;909402N262;2965;6.166;37;232;230;232;234;4.393;50.02;584.4;2.597;633.5;1.023;795.4;1.041;60;0;0;4.306;4.435;4.440;958;1000;1005;50.02;50.02;50.02;893;1000;0.0;0;1.0000;0;2;6166;6166;6166
60;2015-01-03 11:50:00;909402N262;3391;6.223;37;232;230;231;234;4.991;50.01;586.5;3.083;641.4;1.056;795.5;1.184;60;0;0;4.903;5.031;5.041;1101;1138;1150;50.01;50.01;50.01;893;1000;0.0;0;1.0000;0;2;6223;6223;6223
60;2015-01-03 11:51:00;909402N262;3474;6.281;37;232;230;232;234;5.107;50.01;585.5;3.127;638.6;1.108;795.4;1.220;60;0;0;5.011;5.149;5.162;1126;1166;1179;50.01;50.01;50.01;893;1000;0.0;0;1.0000;0;2;6281;6281;6281
60;2015-01-03 11:52:00;909402N262;3859;6.345;37;232;230;232;234;5.645;50.01;584.8;3.509;640.5;1.211;793.5;1.358;60;0;0;5.552;5.680;5.705;1254;1294;1309;50.01;50.01;50.01;893;1000;0.0;0;1.0000;0;2;6345;6345;6345
60;2015-01-03 11:53:00;909402N262;3963;6.411;37;232;231;232;234;5.794;50.01;583.9;3.613;638.3;1.235;792.1;1.399;60;0;0;5.708;5.826;5.849;1292;1325;1343;50.01;50.01;50.01;893;1000;0.0;0;1.0000;0;2;6411;6411;6411
60;2015-01-03 11:54:00;909402N262;3189;6.464;37;232;231;233;232;4.702;50.01;581.7;2.775;627.1;1.140;795.6;1.118;60;0;0;4.623;4.770;4.714;1038;1082;1066;50.01;50.01;50.01;893;1000;0.0;0;1.0000;0;2;6464;6464;6464
60;2015-01-03 11:55:00;909402N262;2817;6.511;37;232;231;233;232;4.182;50.02;579.2;2.418;594.9;1.117;795.5;0.975;60;0;0;4.111;4.245;4.190;917;957;940;50.02;50.02;50.02;893;1000;0.0;0;1.0000;0;2;6511;6511;6511
60;2015-01-03 11:56:00;909402N262;2708;6.557;37;232;231;233;232;4.031;50.01;576.7;2.321;588.1;1.104;795.3;0.935;60;0;0;3.964;4.095;4.035;883;920;903;50.01;50.01;50.01;893;1000;0.0;0;1.0000;0;2;6557;6557;6557
60;2015-01-03 11:57:00;909402N262;2592;6.600;37;232;232;233;232;3.869;50.01;572.6;2.199;580.5;1.109;795.2;0.893;60;0;0;3.801;3.932;3.876;844;881;865;50.01;50.01;50.01;893;1000;0.0;0;1.0000;0;2;6600;6600;6600
60;2015-01-03 11:58:00;909402N262;2605;6.643;37;232;232;233;232;3.886;50.02;569.7;2.216;580.4;1.121;795.3;0.897;60;0;0;3.818;3.946;3.895;848;885;870;50.02;50.02;50.02;893;1000;0.0;0;1.0000;0;2;6643;6643;6643
60;2015-01-03 11:59:00;909402N262;2759;6.689;37;232;232;233;233;4.098;50.02;570.4;2.372;600.1;1.123;795.4;0.952;60;0;0;4.028;4.154;4.114;899;936;923;50.02;50.02;50.02;893;1000;0.0;0;1.0000;0;2;6689;6689;6689
60;2015-01-03 12:00:00;909402N262;3055;6.739;37;232;231;233;233;4.516;50.01;573.2;2.679;617.2;1.146;795.6;1.057;60;0;0;4.453;4.563;4.533;998;1032;1023;50.01;50.01;50.01;893;1000;0.0;0;1.0000;0;2;6739;6739;6739
[wr_ende]
