20150203;180000;danfoss;My Plant;+0100
[wr_def_start]
909402N262;Inverter Type;Inverter Group;Hanzl
[wr_def_end]
[wr]
INTERVAL;TIMESTAMP;SERIAL;P_AC;E_DAY;T_WR;U_AC;U_AC_1;U_AC_2;U_AC_3;I_AC;F_AC;U_DC_1;I_DC_1;U_DC_2;I_DC_2;U_DC_3;I_DC_3;S;E_WR;M_WR;I_AC_1;I_AC_2;I_AC_3;P_AC_1;P_AC_2;P_AC_3;F_AC_1;F_AC_2;F_AC_3;R_DC;PC;PCS;PCS_LL;COS_PHI;COS_PHI_LL;S_COS_PHI;Current_Day_Energy;current_Day_Offset;ccEnergyOfDay_WithoutOffset
60;2015-02-03 17:01:00;909402N262;0;15.870;29;231;229;232;231;0.000;50.04;234.6;0.000;0.0;0.000;234.5;0.000;50;0;0;0.000;0.000;0.000;0;0;0;50.04;50.04;50.04;9862;1000;0.0;0;1.0000;0;2;15870;15870;15869
60;2015-02-03 17:02:00;909402N262;0;15.870;29;231;230;232;231;0.000;50.04;237.7;0.000;0.0;0.000;237.4;0.000;50;0;0;0.000;0.000;0.000;0;0;0;50.04;50.04;50.04;9862;1000;0.0;0;1.0000;0;2;15870;15870;15869
60;2015-02-03 17:03:00;909402N262;0;15.870;29;231;229;233;231;0.000;50.04;235.5;0.000;0.0;0.000;236.0;0.000;50;0;0;0.000;0.000;0.000;0;0;0;50.04;50.04;50.04;9862;1000;0.0;0;1.0000;0;2;15870;15870;15869
60;2015-02-03 17:04:00;909402N262;0;15.870;28;231;229;233;231;0.000;50.03;233.6;0.000;0.0;0.000;233.4;0.000;50;0;0;0.000;0.000;0.000;0;0;0;50.03;50.03;50.03;9862;1000;0.0;0;1.0000;0;2;15870;15870;15869
60;2015-02-03 17:05:00;909402N262;0;15.870;28;231;230;233;230;0.000;50.02;232.3;0.000;0.0;0.000;232.1;0.000;50;0;0;0.000;0.000;0.000;0;0;0;50.02;50.02;50.02;9862;1000;0.0;0;1.0000;0;2;15870;15870;15869
60;2015-02-03 17:06:00;909402N262;0;15.870;28;231;229;233;231;0.000;50.01;229.4;0.000;0.0;0.000;229.5;0.000;50;0;0;0.000;0.000;0.000;0;0;0;50.01;50.01;50.01;9862;1000;0.0;0;1.0000;0;2;15870;15870;15869
60;2015-02-03 17:07:00;909402N262;0;15.870;28;231;230;233;231;0.000;50.01;226.9;0.000;0.0;0.000;227.2;0.000;50;0;0;0.000;0.000;0.000;0;0;0;50.01;50.01;50.01;9862;1000;0.0;0;1.0000;0;2;15870;15870;15869
60;2015-02-03 17:08:00;909402N262;0;15.870;28;231;230;232;231;0.000;50.01;230.7;0.000;0.0;0.000;230.7;0.000;50;0;0;0.000;0.000;0.000;0;0;0;50.01;50.01;50.01;9862;1000;0.0;0;1.0000;0;2;15870;15870;15869
60;2015-02-03 17:09:00;909402N262;0;15.870;27;231;229;233;231;0.000;49.99;229.7;0.000;0.0;0.000;229.6;0.000;50;0;0;0.000;0.000;0.000;0;0;0;49.99;49.99;49.99;9862;1000;0.0;0;1.0000;0;2;15870;15870;15869
60;2015-02-03 17:10:00;909402N262;0;15.870;27;230;228;232;230;0.000;49.98;227.1;0.000;0.0;0.000;226.9;0.000;50;0;0;0.000;0.000;0.000;0;0;0;49.98;49.98;49.98;9862;1000;0.0;0;1.0000;0;2;15870;15870;15869
60;2015-02-03 17:11:00;909402N262;0;15.870;27;230;228;232;230;0.000;49.98;229.6;0.000;0.0;0.000;229.7;0.000;50;0;0;0.000;0.000;0.000;0;0;0;49.98;49.98;49.98;9862;1000;0.0;0;1.0000;0;2;15870;15870;15869
60;2015-02-03 17:12:00;909402N262;0;15.870;27;233;231;234;232;0.000;49.96;227.8;0.000;0.0;0.000;227.6;0.000;50;0;0;0.000;0.000;0.000;0;0;0;49.96;49.96;49.96;9862;1000;0.0;0;1.0000;0;2;15870;15870;15869
60;2015-02-03 17:13:00;909402N262;0;15.870;27;233;232;234;232;0.000;49.97;228.7;0.000;0.0;0.000;228.9;0.000;50;0;0;0.000;0.000;0.000;0;0;0;49.97;49.97;49.97;9862;1000;0.0;0;1.0000;0;2;15870;15870;15869
60;2015-02-03 17:14:00;909402N262;0;15.870;27;233;232;235;232;0.000;49.97;228.7;0.000;0.0;0.000;228.7;0.000;50;0;0;0.000;0.000;0.000;0;0;0;49.97;49.97;49.97;9862;1000;0.0;0;1.0000;0;2;15870;15870;15869
60;2015-02-03 17:15:00;909402N262;0;15.870;27;233;232;235;232;0.000;49.98;228.5;0.000;0.0;0.000;228.6;0.000;50;0;0;0.000;0.000;0.000;0;0;0;49.98;49.98;49.98;9862;1000;0.0;0;1.0000;0;2;15870;15870;15869
60;2015-02-03 17:16:00;909402N262;0;15.870;27;233;232;235;232;0.000;49.98;227.0;0.000;0.0;0.000;226.9;0.000;50;0;0;0.000;0.000;0.000;0;0;0;49.98;49.98;49.98;9862;1000;0.0;0;1.0000;0;2;15870;15870;15869
60;2015-02-03 17:17:00;909402N262;0;15.870;27;233;231;235;232;0.000;49.98;227.7;0.000;0.0;0.000;227.7;0.000;50;0;0;0.000;0.000;0.000;0;0;0;49.98;49.98;49.98;9862;1000;0.0;0;1.0000;0;2;15870;15870;15869
60;2015-02-03 17:18:00;909402N262;0;15.870;27;232;231;234;232;0.000;49.98;230.3;0.000;0.0;0.000;223.7;0.000;50;0;0;0.000;0.000;0.000;0;0;0;49.98;49.98;49.98;9862;1000;0.0;0;1.0000;0;2;15870;15870;15869
60;2015-02-03 17:19:00;909402N262;0;15.870;27;232;232;234;232;0.000;49.97;224.4;0.000;0.0;0.000;201.9;0.000;50;0;0;0.000;0.000;0.000;0;0;0;49.97;49.97;49.97;9862;1000;0.0;0;1.0000;0;2;15870;15870;15869
60;2015-02-03 17:20:00;909402N262;0;15.870;27;232;231;234;232;0.000;49.98;233.9;0.000;0.0;0.000;176.2;0.000;50;0;0;0.000;0.000;0.000;0;0;0;49.98;49.98;49.98;9862;1000;0.0;0;1.0000;0;2;15870;15870;15869
60;2015-02-03 17:21:00;909402N262;0;15.870;27;232;231;234;232;0.000;49.98;232.6;0.000;0.0;0.000;152.1;0.000;50;0;0;0.000;0.000;0.000;0;0;0;49.98;49.98;49.98;9862;1000;0.0;0;1.0000;0;2;15870;15870;15869
60;2015-02-03 17:22:00;909402N262;0;15.870;27;232;231;233;232;0.000;49.96;222.4;0.000;0.0;0.000;131.6;0.000;50;0;0;0.000;0.000;0.000;0;0;0;49.96;49.96;49.96;9862;1000;0.0;0;1.0000;0;2;15870;15870;15869
60;2015-02-03 17:23:00;909402N262;0;15.870;27;232;232;233;232;0.000;49.97;208.0;0.000;0.0;0.000;114.1;0.000;50;0;0;0.000;0.000;0.000;0;0;0;49.97;49.97;49.97;9862;1000;0.0;0;1.0000;0;2;15870;15870;15869
[wr_ende]
