20140703;070001;danfoss;My Plant;+0100
[wr_def_start]
909402N262;Inverter Type;Inverter Group;Hanzl
[wr_def_end]
[wr]
INTERVAL;TIMESTAMP;SERIAL;P_AC;E_DAY;T_WR;U_AC;U_AC_1;U_AC_2;U_AC_3;I_AC;F_AC;U_DC_1;I_DC_1;U_DC_2;I_DC_2;U_DC_3;I_DC_3;S;E_WR;M_WR;I_AC_1;I_AC_2;I_AC_3;P_AC_1;P_AC_2;P_AC_3;F_AC_1;F_AC_2;F_AC_3;R_DC;PC;PCS;PCS_LL;COS_PHI;COS_PHI_LL;S_COS_PHI;Current_Day_Energy;current_Day_Offset;ccEnergyOfDay_WithoutOffset
60;2014-07-03 06:01:00;909402N262;174;0.062;31;235;235;234;235;0.457;50.06;523.8;0.174;554.7;0.080;668.4;0.062;60;0;0;0.447;0.509;0.417;53;73;45;50.06;50.06;50.06;7423;1000;0.0;0;0.0000;0;0;62;62;62
60;2014-07-03 06:02:00;909402N262;179;0.065;31;234;235;233;235;0.425;50.04;530.3;0.176;565.7;0.081;677.2;0.062;60;0;0;0.403;0.469;0.403;54;72;51;50.04;50.04;50.04;7423;1000;0.0;0;0.0000;0;0;65;65;65
60;2014-07-03 06:03:00;909402N262;181;0.067;31;234;234;233;235;0.492;50.03;531.5;0.178;569.4;0.082;670.0;0.064;60;0;0;0.466;0.542;0.468;49;80;50;50.03;50.03;50.03;7423;1000;0.0;0;0.0000;0;0;67;67;67
60;2014-07-03 06:04:00;909402N262;184;0.071;31;234;234;233;235;0.502;50.03;532.3;0.181;572.2;0.082;669.3;0.065;60;0;0;0.488;0.565;0.454;51;82;49;50.03;50.03;50.03;7423;1000;0.0;0;0.0000;0;0;71;71;71
60;2014-07-03 06:05:00;909402N262;187;0.074;31;234;234;233;235;0.463;50.01;531.7;0.183;574.9;0.082;674.1;0.066;60;0;0;0.437;0.538;0.416;52;81;52;50.02;50.02;50.02;7423;1000;0.0;0;0.0000;0;0;74;74;74
60;2014-07-03 06:06:00;909402N262;190;0.077;31;234;234;232;234;0.426;49.99;531.4;0.186;575.6;0.084;679.8;0.066;60;0;0;0.398;0.529;0.351;56;83;50;49.99;49.99;49.99;7423;1000;0.0;0;0.0000;0;0;77;77;77
60;2014-07-03 06:07:00;909402N262;193;0.080;31;233;234;232;234;0.545;49.99;533.3;0.188;572.8;0.085;667.1;0.068;60;0;0;0.534;0.617;0.485;53;89;49;49.99;49.99;49.99;7423;1000;0.0;0;0.0000;0;0;80;80;80
60;2014-07-03 06:08:00;909402N262;195;0.084;31;233;234;232;234;0.675;49.99;534.9;0.191;574.7;0.087;656.7;0.070;60;0;0;0.742;0.666;0.617;58;92;43;49.99;49.99;49.99;7423;1000;0.0;0;0.0000;0;0;84;84;84
60;2014-07-03 06:09:00;909402N262;199;0.087;31;233;234;232;234;0.566;49.99;534.4;0.195;574.3;0.089;665.5;0.070;60;0;0;0.566;0.595;0.538;57;87;53;49.99;49.99;49.99;7423;1000;0.0;0;0.0000;0;0;87;87;87
60;2014-07-03 06:10:00;909402N262;201;0.091;32;234;233;233;234;0.511;49.99;535.4;0.196;574.0;0.089;669.6;0.070;60;0;0;0.462;0.590;0.483;57;84;58;49.99;49.99;49.99;7423;1000;0.0;0;0.0000;0;0;91;91;91
60;2014-07-03 06:11:00;909402N262;204;0.094;32;234;234;233;234;0.486;49.99;537.1;0.199;576.6;0.089;675.1;0.070;60;0;0;0.473;0.543;0.443;61;82;60;49.99;49.99;49.99;7423;1000;0.0;0;0.0000;0;0;94;94;94
60;2014-07-03 06:12:00;909402N262;208;0.097;32;234;234;233;234;0.448;49.99;537.1;0.201;581.0;0.091;682.5;0.070;60;0;0;0.434;0.502;0.409;65;77;64;49.99;49.99;49.99;7423;1000;0.0;0;0.0000;0;0;97;97;97
60;2014-07-03 06:13:00;909402N262;211;0.101;32;234;234;233;234;0.461;49.99;536.3;0.205;585.1;0.092;683.6;0.072;60;0;0;0.440;0.524;0.421;63;81;65;49.99;49.99;49.99;7423;1000;0.0;0;0.0000;0;0;101;101;101
60;2014-07-03 06:14:00;909402N262;215;0.104;32;234;234;233;234;0.500;49.99;538.3;0.207;581.4;0.095;677.2;0.074;60;0;0;0.483;0.551;0.468;63;84;67;49.99;49.99;49.99;7423;1000;0.0;0;0.0000;0;0;104;104;104
60;2014-07-03 06:15:00;909402N262;219;0.107;32;234;234;233;234;0.486;49.99;539.1;0.210;581.0;0.097;682.7;0.074;60;0;0;0.454;0.553;0.452;63;87;67;49.99;49.99;49.99;7423;1000;0.0;0;0.0000;0;0;107;107;107
60;2014-07-03 06:16:00;909402N262;219;0.111;32;234;235;234;235;0.503;50.01;536.0;0.214;574.5;0.101;679.2;0.077;60;0;0;0.491;0.562;0.458;68;87;63;50.01;50.01;50.01;7423;1000;0.0;0;0.0000;0;0;111;111;111
60;2014-07-03 06:17:00;909402N262;227;0.115;32;235;235;234;235;0.651;50.01;541.2;0.216;589.0;0.101;669.5;0.080;60;0;0;0.721;0.645;0.588;74;92;59;50.01;50.01;50.01;7423;1000;0.0;0;0.0000;0;0;115;115;115
60;2014-07-03 06:18:00;909402N262;231;0.120;32;234;235;233;235;0.574;50.01;542.2;0.219;589.4;0.103;673.1;0.081;60;0;0;0.584;0.615;0.525;69;92;68;50.01;50.01;50.01;7423;1000;0.0;0;0.0000;0;0;120;120;120
60;2014-07-03 06:19:00;909402N262;234;0.124;32;234;235;234;235;0.513;50.00;542.1;0.222;585.1;0.105;683.0;0.082;60;0;0;0.492;0.590;0.459;72;92;69;50.00;50.00;50.00;7423;1000;0.0;0;0.0000;0;0;124;124;124
60;2014-07-03 06:20:00;909402N262;237;0.127;32;234;235;234;235;0.498;50.00;542.1;0.224;585.8;0.105;688.9;0.082;60;0;0;0.470;0.588;0.437;74;93;68;50.00;50.00;50.00;7423;1000;0.0;0;0.0000;0;0;127;127;127
60;2014-07-03 06:21:00;909402N262;239;0.132;32;234;234;234;234;0.491;49.99;542.7;0.226;587.7;0.105;691.1;0.082;60;0;0;0.451;0.594;0.429;72;96;69;49.99;49.99;49.99;7423;1000;0.0;0;0.0000;0;0;132;132;132
60;2014-07-03 06:22:00;909402N262;242;0.135;32;234;234;234;234;0.516;50.00;543.8;0.228;588.6;0.107;686.1;0.083;60;0;0;0.455;0.626;0.467;70;99;71;50.00;50.00;50.00;7423;1000;0.0;0;0.0000;0;0;135;135;135
60;2014-07-03 06:23:00;909402N262;246;0.140;32;234;235;234;235;0.519;50.01;543.9;0.232;588.4;0.109;686.6;0.084;60;0;0;0.487;0.598;0.472;75;95;74;50.01;50.01;50.01;7423;1000;0.0;0;0.0000;0;0;140;140;140
60;2014-07-03 06:24:00;909402N262;251;0.144;32;234;235;234;234;0.507;50.02;544.4;0.236;594.3;0.111;694.1;0.085;60;0;0;0.480;0.582;0.460;78;96;76;50.02;50.02;50.02;7423;1000;0.0;0;0.0000;0;0;144;144;144
60;2014-07-03 06:25:00;909402N262;255;0.148;32;234;235;234;234;0.535;50.01;543.5;0.240;596.0;0.113;695.1;0.085;60;0;0;0.513;0.621;0.473;78;99;76;50.01;50.01;50.01;7423;1000;0.0;0;0.0000;0;0;148;148;148
60;2014-07-03 06:26:00;909402N262;260;0.152;33;234;235;234;234;0.561;50.00;545.6;0.243;592.4;0.117;687.3;0.088;60;0;0;0.524;0.650;0.509;77;100;80;50.00;50.00;50.00;7423;1000;0.0;0;0.0000;0;0;152;152;152
60;2014-07-03 06:27:00;909402N262;264;0.157;33;234;235;234;234;0.549;50.01;535.2;0.252;592.3;0.120;689.8;0.089;60;0;0;0.511;0.650;0.487;80;104;78;50.00;50.00;50.00;7423;1000;0.0;0;0.0000;0;0;157;157;157
60;2014-07-03 06:28:00;909402N262;267;0.162;33;234;235;234;235;0.545;50.00;528.9;0.257;595.9;0.121;695.5;0.091;60;0;0;0.500;0.655;0.481;81;107;78;50.00;50.00;50.00;7423;1000;0.0;0;0.0000;0;0;162;162;162
60;2014-07-03 06:29:00;909402N262;271;0.165;33;234;235;234;234;0.555;50.01;528.8;0.261;599.7;0.121;694.0;0.092;60;0;0;0.503;0.660;0.504;81;107;81;50.01;50.01;50.01;7423;1000;0.0;0;0.0000;0;0;165;165;165
60;2014-07-03 06:30:00;909402N262;276;0.170;33;234;235;234;234;0.561;50.04;533.6;0.262;600.9;0.123;695.7;0.093;60;0;0;0.530;0.665;0.489;85;108;80;50.04;50.04;50.04;7423;1000;0.0;0;0.0000;0;0;170;170;170
60;2014-07-03 06:31:00;909402N262;277;0.175;33;234;234;234;234;0.558;50.02;523.9;0.268;582.9;0.126;699.1;0.094;60;0;0;0.509;0.666;0.500;82;110;82;50.02;50.02;50.02;7423;1000;0.0;0;0.0000;0;0;175;175;175
60;2014-07-03 06:32:00;909402N262;284;0.180;33;234;234;234;234;0.574;50.03;528.0;0.273;597.7;0.127;703.2;0.095;60;0;0;0.518;0.702;0.503;83;115;84;50.03;50.03;50.03;7423;1000;0.0;0;0.0000;0;0;180;180;180
60;2014-07-03 06:33:00;909402N262;289;0.185;33;234;234;234;234;0.574;50.02;529.7;0.276;600.2;0.129;701.9;0.097;60;0;0;0.520;0.687;0.516;87;114;86;50.02;50.02;50.02;7423;1000;0.0;0;0.0000;0;0;185;185;185
60;2014-07-03 06:34:00;909402N262;292;0.189;33;234;235;234;234;0.598;50.03;530.6;0.280;606.0;0.131;697.3;0.100;60;0;0;0.572;0.701;0.521;93;113;84;50.03;50.03;50.03;7423;1000;0.0;0;0.0000;0;0;189;189;189
60;2014-07-03 06:35:00;909402N262;296;0.195;33;235;235;234;234;0.604;50.02;530.5;0.283;602.5;0.134;700.3;0.101;60;0;0;0.584;0.679;0.550;96;110;89;50.02;50.02;50.02;7423;1000;0.0;0;0.0000;0;0;195;195;195
60;2014-07-03 06:36:00;909402N262;301;0.199;33;234;235;234;234;0.601;50.00;532.2;0.285;600.9;0.136;702.7;0.101;60;0;0;0.548;0.699;0.556;90;116;92;50.00;50.00;50.00;7423;1000;0.0;0;0.0000;0;0;199;199;199
60;2014-07-03 06:37:00;909402N262;302;0.205;33;234;235;234;234;0.609;50.00;533.0;0.287;601.3;0.136;700.8;0.104;60;0;0;0.575;0.721;0.533;93;118;88;50.00;50.00;50.00;7423;1000;0.0;0;0.0000;0;0;205;205;205
60;2014-07-03 06:38:00;909402N262;305;0.209;33;234;235;234;233;0.604;50.00;533.1;0.289;601.6;0.136;702.8;0.104;60;0;0;0.555;0.724;0.534;90;122;90;50.00;50.00;50.00;7423;1000;0.0;0;0.0000;0;0;209;209;209
60;2014-07-03 06:39:00;909402N262;306;0.215;33;234;234;233;233;0.601;49.99;532.9;0.291;601.5;0.136;705.3;0.105;60;0;0;0.555;0.692;0.556;93;117;94;49.99;49.99;49.99;7423;1000;0.0;0;0.0000;0;0;215;215;215
60;2014-07-03 06:40:00;909402N262;309;0.221;33;234;235;233;233;0.598;49.99;533.3;0.293;601.4;0.138;709.2;0.105;60;0;0;0.559;0.708;0.527;95;122;90;49.99;49.99;49.99;7423;1000;0.0;0;0.0000;0;0;221;221;221
60;2014-07-03 06:41:00;909402N262;312;0.225;33;234;235;233;234;0.592;49.99;534.0;0.295;602.6;0.139;713.3;0.105;60;0;0;0.578;0.678;0.522;100;119;91;49.99;49.99;49.99;7423;1000;0.0;0;0.0000;0;0;225;225;225
60;2014-07-03 06:42:00;909402N262;314;0.231;33;234;234;233;234;0.593;49.98;534.6;0.297;604.1;0.140;717.2;0.105;60;0;0;0.591;0.665;0.525;102;117;93;49.98;49.98;49.98;7423;1000;0.0;0;0.0000;0;0;231;231;231
60;2014-07-03 06:43:00;909402N262;318;0.236;33;234;234;233;234;0.605;49.98;533.9;0.301;607.2;0.140;714.6;0.106;60;0;0;0.588;0.690;0.538;101;120;95;49.98;49.98;49.98;7423;1000;0.0;0;0.0000;0;0;236;236;236
60;2014-07-03 06:44:00;909402N262;320;0.241;33;234;234;234;234;0.627;49.99;534.3;0.303;609.8;0.141;706.4;0.108;60;0;0;0.585;0.720;0.578;98;123;98;49.99;49.99;49.99;7423;1000;0.0;0;0.0000;0;0;241;241;241
60;2014-07-03 06:45:00;909402N262;325;0.247;33;234;234;234;235;0.628;49.99;535.3;0.306;606.0;0.145;708.2;0.110;60;0;0;0.609;0.700;0.576;103;120;99;49.99;49.99;49.99;7423;1000;0.0;0;0.0000;0;0;247;247;247
60;2014-07-03 06:46:00;909402N262;326;0.252;33;234;234;233;235;0.638;49.99;530.0;0.311;589.9;0.151;706.9;0.114;60;0;0;0.585;0.752;0.577;99;127;97;49.99;49.99;49.99;7423;1000;0.0;0;0.0000;0;0;252;252;252
60;2014-07-03 06:47:00;909402N262;340;0.258;34;234;234;233;235;0.658;49.99;536.9;0.316;609.9;0.155;716.5;0.115;60;0;0;0.596;0.747;0.632;102;127;110;49.99;49.99;49.99;7423;1000;0.0;0;0.0000;0;0;258;258;258
60;2014-07-03 06:48:00;909402N262;349;0.263;34;234;234;234;235;0.670;49.99;537.8;0.321;613.1;0.160;715.2;0.119;60;0;0;0.591;0.769;0.650;102;132;113;49.99;49.99;49.99;7423;1000;0.0;0;0.0000;0;0;263;263;263
60;2014-07-03 06:49:00;909402N262;357;0.270;34;234;234;234;235;0.692;50.00;539.3;0.327;616.2;0.163;712.3;0.123;60;0;0;0.613;0.785;0.679;105;135;116;50.00;50.00;50.00;7423;1000;0.0;0;0.0000;0;0;270;270;270
60;2014-07-03 06:50:00;909402N262;371;0.276;34;234;233;234;234;0.690;49.99;540.3;0.334;618.0;0.168;721.7;0.126;60;0;0;0.611;0.798;0.662;108;143;118;49.99;49.99;49.99;7423;1000;0.0;0;0.0000;0;0;276;276;276
60;2014-07-03 06:51:00;909402N262;389;0.282;34;234;233;234;234;0.716;49.99;539.4;0.347;616.8;0.179;723.2;0.133;60;0;0;0.687;0.823;0.638;123;148;116;49.99;49.99;49.99;7423;1000;0.0;0;0.0000;0;0;282;282;282
60;2014-07-03 06:52:00;909402N262;410;0.289;34;234;233;234;235;0.755;50.00;540.2;0.362;619.2;0.190;724.1;0.141;60;0;0;0.750;0.831;0.684;135;150;123;50.00;50.00;50.00;7423;1000;0.0;0;0.0000;0;0;289;289;289
60;2014-07-03 06:53:00;909402N262;433;0.297;34;234;233;234;235;0.787;49.98;540.8;0.379;621.3;0.202;731.1;0.148;60;0;0;0.769;0.856;0.737;141;156;135;49.98;49.98;49.98;7423;1000;0.0;0;0.0000;0;0;297;297;297
60;2014-07-03 06:54:00;909402N262;463;0.304;34;234;233;233;234;0.837;49.98;543.4;0.400;623.8;0.216;737.2;0.159;60;0;0;0.818;0.893;0.802;150;165;147;49.98;49.98;49.98;7423;1000;0.0;0;0.0000;0;0;304;304;304
60;2014-07-03 06:55:00;909402N262;496;0.312;34;233;233;233;234;0.895;49.99;545.1;0.423;626.9;0.234;741.0;0.170;60;0;0;0.911;0.940;0.834;168;173;155;49.99;49.99;49.99;7423;1000;0.0;0;0.0000;0;0;312;312;312
60;2014-07-03 06:56:00;909402N262;531;0.321;34;233;233;233;235;0.957;50.00;546.4;0.448;629.6;0.252;743.9;0.182;60;0;0;0.942;1.018;0.911;171;187;170;50.00;50.00;50.00;7423;1000;0.0;0;0.0000;0;0;321;321;321
60;2014-07-03 06:57:00;909402N262;570;0.331;34;233;232;232;235;1.032;50.00;548.3;0.475;630.0;0.273;746.8;0.196;60;0;0;0.962;1.106;1.029;177;201;190;50.00;50.00;50.00;7423;1000;0.0;0;0.0000;0;0;331;331;331
60;2014-07-03 06:58:00;909402N262;623;0.341;34;233;232;232;235;1.116;50.01;550.2;0.512;632.2;0.301;755.4;0.212;60;0;0;1.090;1.146;1.112;203;212;207;50.01;50.01;50.01;7423;1000;0.0;0;0.0000;0;0;341;341;341
60;2014-07-03 06:59:00;909402N262;690;0.353;34;233;233;232;235;1.216;50.02;552.1;0.558;637.6;0.330;757.6;0.237;60;0;0;1.192;1.251;1.206;224;234;230;50.02;50.02;50.02;7423;1000;0.0;0;0.0000;0;0;353;353;353
60;2014-07-03 07:00:00;909402N262;749;0.365;34;233;233;232;234;1.300;50.06;553.9;0.602;639.2;0.354;763.0;0.262;60;0;0;1.295;1.313;1.292;248;252;247;50.06;50.06;50.06;7423;1000;0.0;0;0.0000;0;0;365;365;365
[wr_ende]
