20140922;110003;danfoss;My Plant;+0100
[wr_def_start]
909402N262;Inverter Type;Inverter Group;Hanzl
[wr_def_end]
[wr]
INTERVAL;TIMESTAMP;SERIAL;P_AC;E_DAY;T_WR;U_AC;U_AC_1;U_AC_2;U_AC_3;I_AC;F_AC;U_DC_1;I_DC_1;U_DC_2;I_DC_2;U_DC_3;I_DC_3;S;E_WR;M_WR;I_AC_1;I_AC_2;I_AC_3;P_AC_1;P_AC_2;P_AC_3;F_AC_1;F_AC_2;F_AC_3;R_DC;PC;PCS;PCS_LL;COS_PHI;COS_PHI_LL;S_COS_PHI;Current_Day_Energy;current_Day_Offset;ccEnergyOfDay_WithoutOffset
60;2014-09-22 10:01:00;909402N262;1854;2.346;39;236;236;235;236;2.739;50.03;575.5;1.465;625.0;0.835;778.5;0.664;60;0;0;2.703;2.780;2.736;611;631;616;50.03;50.03;50.03;3414;1000;0.0;0;0.0000;0;0;2346;2346;2346
60;2014-09-22 10:02:00;909402N262;1867;2.378;39;236;236;235;236;2.759;50.02;575.0;1.474;645.9;0.806;778.3;0.664;60;0;0;2.712;2.808;2.757;612;630;623;50.02;50.02;50.02;3414;1000;0.0;0;0.0000;0;0;2378;2378;2378
60;2014-09-22 10:03:00;909402N262;1911;2.408;39;236;236;235;236;2.814;50.01;579.8;1.495;646.8;0.832;779.7;0.670;60;0;0;2.768;2.867;2.809;625;647;637;50.01;50.01;50.01;3414;1000;0.0;0;0.0000;0;0;2408;2408;2408
60;2014-09-22 10:04:00;909402N262;1970;2.442;39;236;236;235;236;2.889;50.02;583.7;1.526;647.6;0.866;782.4;0.685;60;0;0;2.831;2.933;2.903;642;665;661;50.02;50.02;50.02;3414;1000;0.0;0;0.0000;0;0;2442;2442;2442
60;2014-09-22 10:05:00;909402N262;2018;2.476;39;235;236;235;236;2.958;50.03;572.9;1.590;647.7;0.883;778.5;0.711;60;0;0;2.911;2.989;2.974;661;677;677;50.03;50.03;50.03;3414;1000;0.0;0;0.0000;0;0;2476;2476;2476
60;2014-09-22 10:06:00;909402N262;2127;2.512;39;235;236;235;235;3.108;50.02;576.6;1.649;649.7;0.951;778.9;0.743;60;0;0;3.060;3.140;3.126;699;714;712;50.02;50.02;50.02;3414;1000;0.0;0;0.0000;0;0;2512;2512;2512
60;2014-09-22 10:07:00;909402N262;2260;2.548;39;235;236;235;235;3.291;50.02;584.8;1.705;651.4;1.043;780.1;0.777;60;0;0;3.239;3.330;3.306;742;760;756;50.02;50.02;50.02;3414;1000;0.0;0;0.0000;0;0;2548;2548;2548
60;2014-09-22 10:08:00;909402N262;2350;2.587;39;235;237;234;235;3.417;50.02;586.0;1.762;652.0;1.088;780.7;0.807;60;0;0;3.379;3.454;3.420;778;788;781;50.02;50.02;50.02;3414;1000;0.0;0;0.0000;0;0;2587;2587;2587
60;2014-09-22 10:09:00;909402N262;2419;2.628;40;235;237;235;234;3.513;50.02;586.7;1.819;651.0;1.104;782.0;0.838;60;0;0;3.479;3.552;3.510;802;813;801;50.02;50.02;50.02;3414;1000;0.0;0;0.0000;0;0;2628;2628;2628
60;2014-09-22 10:10:00;909402N262;2503;2.670;40;235;237;235;235;3.632;50.02;584.4;1.895;650.5;1.132;780.4;0.877;60;0;0;3.592;3.678;3.627;830;843;830;50.02;50.02;50.02;3414;1000;0.0;0;0.0000;0;0;2670;2670;2670
60;2014-09-22 10:11:00;909402N262;2643;2.714;40;235;237;235;235;3.826;50.02;586.5;1.977;651.2;1.221;779.6;0.918;60;0;0;3.790;3.871;3.819;877;890;875;50.02;50.02;50.02;3414;1000;0.0;0;0.0000;0;0;2714;2714;2714
60;2014-09-22 10:12:00;909402N262;2659;2.759;40;235;237;234;235;3.853;50.01;578.5;2.032;649.5;1.193;777.3;0.947;60;0;0;3.823;3.885;3.852;884;889;883;50.01;50.01;50.01;3414;1000;0.0;0;0.0000;0;0;2759;2759;2759
60;2014-09-22 10:13:00;909402N262;2746;2.804;40;235;237;234;235;3.973;50.00;577.7;2.092;650.1;1.238;776.2;0.982;60;0;0;3.937;4.007;3.975;912;919;913;50.00;50.00;50.00;3414;1000;0.0;0;0.0000;0;0;2804;2804;2804
60;2014-09-22 10:14:00;909402N262;2856;2.852;40;235;236;234;235;4.132;49.99;583.6;2.124;650.8;1.322;773.2;1.017;60;0;0;4.100;4.160;4.138;950;952;952;49.99;49.99;49.99;3414;1000;0.0;0;0.0000;0;0;2852;2852;2852
60;2014-09-22 10:15:00;909402N262;2916;2.900;40;235;237;233;235;4.214;49.99;588.3;2.122;651.3;1.381;771.3;1.035;60;0;0;4.187;4.229;4.227;972;968;975;49.99;49.99;49.99;3414;1000;0.0;0;0.0000;0;0;2900;2900;2900
60;2014-09-22 10:16:00;909402N262;2786;2.947;40;235;236;233;235;4.022;49.99;570.5;2.120;627.6;1.329;766.3;1.024;60;0;0;3.984;4.042;4.041;924;926;934;49.99;49.99;49.99;3414;1000;0.0;0;0.0000;0;0;2947;2947;2947
60;2014-09-22 10:17:00;909402N262;2713;2.992;40;235;236;233;235;3.907;49.99;522.8;2.257;647.4;1.237;772.0;0.989;60;0;0;3.868;3.929;3.925;900;902;909;49.99;49.99;49.99;3414;1000;0.0;0;0.0000;0;0;2992;2992;2992
60;2014-09-22 10:18:00;909402N262;2576;3.036;40;235;236;233;235;3.714;49.99;529.3;2.112;645.8;1.169;768.9;0.950;60;0;0;3.679;3.730;3.735;855;854;865;49.99;49.99;49.99;3414;1000;0.0;0;0.0000;0;0;3036;3036;3036
60;2014-09-22 10:19:00;909402N262;2423;3.075;40;235;236;233;236;3.498;50.00;531.1;1.980;643.7;1.099;767.6;0.895;60;0;0;3.449;3.512;3.533;799;802;820;50.00;50.00;50.00;3414;1000;0.0;0;0.0000;0;0;3075;3075;3075
60;2014-09-22 10:20:00;909402N262;2269;3.113;40;235;236;232;236;3.283;49.99;529.6;1.862;642.5;1.029;773.2;0.833;60;0;0;3.238;3.294;3.317;748;750;768;49.99;49.99;49.99;3414;1000;0.0;0;0.0000;0;0;3113;3113;3113
60;2014-09-22 10:21:00;909402N262;2078;3.148;40;235;235;233;236;3.018;50.01;526.6;1.722;641.0;0.932;760.0;0.780;60;0;0;2.964;3.038;3.054;681;690;705;50.01;50.01;50.01;3414;1000;0.0;0;0.0000;0;0;3148;3148;3148
60;2014-09-22 10:22:00;909402N262;1925;3.181;40;235;235;233;236;2.804;50.00;527.6;1.599;639.6;0.856;751.9;0.734;60;0;0;2.747;2.827;2.839;629;641;653;50.00;50.00;50.00;3414;1000;0.0;0;0.0000;0;0;3181;3181;3181
60;2014-09-22 10:23:00;909402N262;1823;3.210;40;235;236;233;237;2.660;50.00;528.6;1.516;639.8;0.806;752.3;0.695;60;0;0;2.607;2.693;2.682;595;610;615;50.00;50.00;50.00;3414;1000;0.0;0;0.0000;0;0;3210;3210;3210
60;2014-09-22 10:24:00;909402N262;1723;3.240;40;235;236;234;236;2.527;49.99;533.1;1.431;639.2;0.752;758.6;0.652;60;0;0;2.477;2.557;2.549;562;577;582;49.99;49.99;49.99;3414;1000;0.0;0;0.0000;0;0;3240;3240;3240
60;2014-09-22 10:25:00;909402N262;1617;3.267;40;234;235;233;235;2.390;50.00;556.3;1.304;637.7;0.694;761.6;0.606;60;0;0;2.343;2.421;2.406;528;543;544;50.00;50.00;50.00;3414;1000;0.0;0;0.0000;0;0;3267;3267;3267
60;2014-09-22 10:26:00;909402N262;1546;3.293;40;233;234;232;234;2.303;50.01;561.8;1.235;635.2;0.665;760.2;0.579;60;0;0;2.253;2.339;2.318;503;521;519;50.01;50.01;50.01;3414;1000;0.0;0;0.0000;0;0;3293;3293;3293
60;2014-09-22 10:27:00;909402N262;1450;3.317;40;233;234;232;234;2.167;49.99;560.4;1.166;633.1;0.628;760.4;0.539;60;0;0;2.119;2.205;2.179;472;490;487;49.99;49.99;49.99;3414;1000;0.0;0;0.0000;0;0;3317;3317;3317
60;2014-09-22 10:28:00;909402N262;1353;3.339;40;233;234;232;234;2.026;49.99;560.1;1.095;630.2;0.589;758.5;0.500;60;0;0;1.981;2.059;2.038;440;456;455;49.99;49.99;49.99;3414;1000;0.0;0;0.0000;0;0;3339;3339;3339
60;2014-09-22 10:29:00;909402N262;1275;3.361;40;233;234;231;234;1.917;49.99;572.1;1.018;628.9;0.553;756.7;0.468;60;0;0;1.878;1.944;1.929;416;427;429;49.99;49.99;49.99;3414;1000;0.0;0;0.0000;0;0;3361;3361;3361
60;2014-09-22 10:30:00;909402N262;1228;3.381;40;233;234;231;234;1.852;49.98;573.1;0.987;627.9;0.528;755.9;0.450;60;0;0;1.816;1.879;1.863;401;412;413;49.98;49.98;49.98;3414;1000;0.0;0;0.0000;0;0;3381;3381;3381
60;2014-09-22 10:31:00;909402N262;1189;3.400;41;233;234;231;234;1.797;49.99;569.1;0.973;608.6;0.519;755.9;0.440;60;0;0;1.760;1.825;1.808;388;399;400;49.99;49.99;49.99;3414;1000;0.0;0;0.0000;0;0;3400;3400;3400
60;2014-09-22 10:32:00;909402N262;1187;3.421;41;233;234;232;234;1.832;49.98;575.3;0.957;629.0;0.503;756.3;0.435;60;0;0;1.797;1.859;1.842;387;399;399;49.98;49.98;49.98;3414;1000;0.0;0;0.0000;0;0;3421;3421;3421
60;2014-09-22 10:33:00;909402N262;1171;3.440;41;233;233;231;234;1.811;49.98;576.7;0.940;630.2;0.496;756.3;0.430;60;0;0;1.774;1.839;1.820;382;394;393;49.98;49.98;49.98;3414;1000;0.0;0;0.0000;0;0;3440;3440;3440
60;2014-09-22 10:34:00;909402N262;1147;3.460;41;233;233;231;234;1.783;49.98;578.1;0.916;629.9;0.489;757.0;0.421;60;0;0;1.748;1.820;1.782;375;388;383;49.98;49.98;49.98;3414;1000;0.0;0;0.0000;0;0;3460;3460;3460
60;2014-09-22 10:35:00;909402N262;1118;3.478;41;232;233;231;233;1.751;49.99;565.5;0.916;630.0;0.476;756.7;0.409;60;0;0;1.720;1.789;1.745;365;378;373;49.99;49.99;49.99;3414;1000;0.0;0;0.0000;0;0;3478;3478;3478
60;2014-09-22 10:36:00;909402N262;1090;3.497;41;233;233;231;233;1.721;49.99;561.9;0.905;627.3;0.464;756.9;0.396;60;0;0;1.695;1.766;1.704;357;371;360;49.99;49.99;49.99;3414;1000;0.0;0;0.0000;0;0;3497;3497;3497
60;2014-09-22 10:37:00;909402N262;1083;3.515;41;233;233;231;233;1.710;49.97;560.2;0.909;623.3;0.460;757.1;0.392;60;0;0;1.686;1.757;1.689;355;370;357;49.97;49.97;49.97;3414;1000;0.0;0;0.0000;0;0;3515;3515;3515
60;2014-09-22 10:38:00;909402N262;1112;3.533;41;232;232;231;234;1.743;49.99;559.4;0.939;627.4;0.466;759.2;0.400;60;0;0;1.714;1.780;1.736;363;377;370;49.99;49.99;49.99;3414;1000;0.0;0;0.0000;0;0;3533;3533;3533
60;2014-09-22 10:39:00;909402N262;1176;3.553;41;232;232;232;233;1.823;49.99;558.9;0.993;632.6;0.484;762.5;0.425;60;0;0;1.779;1.865;1.827;381;400;394;49.99;49.99;49.99;3414;1000;0.0;0;0.0000;0;0;3553;3553;3553
60;2014-09-22 10:40:00;909402N262;1276;3.574;41;232;233;232;233;1.953;49.99;559.5;1.075;634.0;0.521;766.0;0.464;60;0;0;1.910;1.986;1.963;414;430;429;49.99;49.99;49.99;3414;1000;0.0;0;0.0000;0;0;3574;3574;3574
60;2014-09-22 10:41:00;909402N262;1409;3.598;41;233;233;232;234;2.130;49.99;560.5;1.181;636.9;0.572;776.4;0.510;60;0;0;2.082;2.164;2.146;457;475;475;49.99;49.99;49.99;3414;1000;0.0;0;0.0000;0;0;3598;3598;3598
60;2014-09-22 10:42:00;909402N262;1571;3.624;41;233;233;232;234;2.367;50.01;574.3;1.278;640.0;0.635;775.7;0.572;60;0;0;2.315;2.401;2.386;511;530;529;50.01;50.01;50.01;3414;1000;0.0;0;0.0000;0;0;3624;3624;3624
60;2014-09-22 10:43:00;909402N262;1767;3.654;41;233;233;233;233;2.634;50.00;578.4;1.419;642.8;0.714;783.9;0.642;60;0;0;2.581;2.686;2.637;576;599;590;50.00;50.00;50.00;3414;1000;0.0;0;0.0000;0;0;3654;3654;3654
60;2014-09-22 10:44:00;909402N262;1997;3.687;41;233;233;233;233;2.945;49.98;577.2;1.594;645.9;0.809;789.6;0.727;60;0;0;2.898;3.004;2.933;654;678;663;49.98;49.98;49.98;3414;1000;0.0;0;0.0000;0;0;3687;3687;3687
60;2014-09-22 10:45:00;909402N262;2253;3.724;41;233;233;232;233;3.292;49.98;576.0;1.790;648.7;0.916;793.4;0.819;60;0;0;3.231;3.335;3.311;737;759;755;49.98;49.98;49.98;3414;1000;0.0;0;0.0000;0;0;3724;3724;3724
60;2014-09-22 10:46:00;909402N262;2439;3.764;41;233;233;232;233;3.542;49.99;571.5;1.957;642.7;1.009;795.2;0.895;60;0;0;3.492;3.579;3.555;802;819;816;49.99;49.99;49.99;3414;1000;0.0;0;0.0000;0;0;3764;3764;3764
60;2014-09-22 10:47:00;909402N262;3090;3.816;41;233;234;232;234;4.444;49.99;558.3;2.462;655.8;1.278;794.7;1.153;60;0;0;4.391;4.469;4.473;1018;1033;1037;49.99;49.99;49.99;3414;1000;0.0;0;0.0000;0;0;3816;3816;3816
60;2014-09-22 10:48:00;909402N262;4255;3.887;41;233;234;232;234;6.099;49.99;544.1;3.421;660.1;1.754;794.5;1.624;60;0;0;6.059;6.106;6.134;1410;1413;1431;49.99;49.99;49.99;3414;1000;0.0;0;0.0000;0;0;3887;3887;3887
60;2014-09-22 10:49:00;909402N262;3833;3.951;41;234;234;232;235;5.502;49.99;541.3;3.082;656.8;1.601;794.1;1.458;60;0;0;5.456;5.522;5.528;1270;1273;1289;49.99;49.99;49.99;3414;1000;0.0;0;0.0000;0;0;3951;3951;3951
60;2014-09-22 10:50:00;909402N262;3534;4.010;41;234;234;233;234;5.071;50.00;539.2;2.859;653.9;1.484;794.3;1.335;60;0;0;5.023;5.102;5.090;1168;1179;1185;50.00;50.00;50.00;3414;1000;0.0;0;0.0000;0;0;4010;4010;4010
60;2014-09-22 10:51:00;909402N262;2916;4.059;41;234;234;233;234;4.191;50.00;536.4;2.390;648.9;1.236;794.2;1.085;60;0;0;4.138;4.233;4.203;960;978;976;50.00;50.00;50.00;3414;1000;0.0;0;0.0000;0;0;4059;4059;4059
60;2014-09-22 10:52:00;909402N262;3582;4.118;41;234;234;234;234;5.130;50.02;538.4;2.936;652.9;1.500;794.6;1.342;60;0;0;5.087;5.157;5.147;1184;1199;1197;50.02;50.02;50.02;3414;1000;0.0;0;0.0000;0;0;4118;4118;4118
60;2014-09-22 10:53:00;909402N262;4260;4.189;41;234;235;234;235;6.080;50.02;542.6;3.457;655.7;1.767;794.9;1.611;60;0;0;6.036;6.112;6.093;1411;1424;1422;50.02;50.02;50.02;3414;1000;0.0;0;0.0000;0;0;4189;4189;4189
60;2014-09-22 10:54:00;909402N262;4092;4.257;41;234;235;234;234;5.847;50.01;544.7;3.317;654.6;1.694;794.8;1.545;60;0;0;5.801;5.895;5.847;1355;1371;1364;50.01;50.01;50.01;3414;1000;0.0;0;0.0000;0;0;4257;4257;4257
60;2014-09-22 10:55:00;909402N262;3765;4.320;41;235;235;234;235;5.382;50.01;545.4;3.072;655.8;1.539;794.8;1.416;60;0;0;5.333;5.430;5.383;1246;1263;1254;50.01;50.01;50.01;3414;1000;0.0;0;0.0000;0;0;4320;4320;4320
60;2014-09-22 10:56:00;909402N262;3827;4.383;41;234;235;234;235;5.474;50.00;546.0;3.129;658.9;1.546;794.6;1.445;60;0;0;5.426;5.511;5.487;1267;1279;1280;50.00;50.00;50.00;3414;1000;0.0;0;0.0000;0;0;4383;4383;4383
60;2014-09-22 10:57:00;909402N262;3908;4.449;41;234;234;233;235;5.593;50.00;545.3;3.226;662.2;1.552;794.6;1.477;60;0;0;5.550;5.623;5.608;1293;1305;1307;50.00;50.00;50.00;3414;1000;0.0;0;0.0000;0;0;4449;4449;4449
60;2014-09-22 10:58:00;909402N262;5443;4.539;42;234;234;233;235;7.762;50.00;540.9;4.501;672.8;2.122;794.9;2.091;60;0;0;7.713;7.788;7.787;1803;1814;1824;50.00;50.00;50.00;3414;1000;0.0;0;0.0000;0;0;4539;4539;4539
60;2014-09-22 10:59:00;909402N262;6238;4.643;42;234;234;234;235;8.885;50.00;536.8;5.166;673.8;2.436;794.9;2.413;60;0;0;8.830;8.928;8.897;2067;2084;2085;50.00;50.00;50.00;3414;1000;0.0;0;0.0000;0;0;4643;4643;4643
60;2014-09-22 11:00:00;909402N262;6777;4.756;42;234;234;234;235;9.640;49.99;548.2;5.494;672.1;2.648;794.8;2.631;60;0;0;9.584;9.693;9.645;2246;2267;2262;49.99;49.99;49.99;3414;1000;0.0;0;0.0000;0;0;4756;4756;4756
[wr_ende]
