20150117;110000;danfoss;My Plant;+0100
[wr_def_start]
909402N262;Inverter Type;Inverter Group;Hanzl
[wr_def_end]
[wr]
INTERVAL;TIMESTAMP;SERIAL;P_AC;E_DAY;T_WR;U_AC;U_AC_1;U_AC_2;U_AC_3;I_AC;F_AC;U_DC_1;I_DC_1;U_DC_2;I_DC_2;U_DC_3;I_DC_3;S;E_WR;M_WR;I_AC_1;I_AC_2;I_AC_3;P_AC_1;P_AC_2;P_AC_3;F_AC_1;F_AC_2;F_AC_3;R_DC;PC;PCS;PCS_LL;COS_PHI;COS_PHI_LL;S_COS_PHI;Current_Day_Energy;current_Day_Offset;ccEnergyOfDay_WithoutOffset
60;2015-01-17 10:01:00;909402N262;286;0.376;29;233;232;232;234;0.640;50.01;569.4;0.526;0.0;0.000;0.0;0.000;60;0;0;0.931;0.084;0.906;137;12;137;50.01;50.01;50.01;46849;1000;0.0;0;1.0000;0;2;376;376;376
60;2015-01-17 10:02:00;909402N262;286;0.380;29;233;232;232;233;0.671;50.02;569.3;0.527;0.0;0.000;0.0;0.000;60;0;0;0.758;0.498;0.759;107;69;109;50.02;50.02;50.02;46849;1000;0.0;0;1.0000;0;2;380;380;380
60;2015-01-17 10:03:00;909402N262;286;0.386;29;233;232;232;233;0.675;50.02;569.5;0.527;0.0;0.000;0.0;0.000;60;0;0;0.706;0.672;0.649;98;94;92;50.02;50.02;50.02;46849;1000;0.0;0;1.0000;0;2;386;386;386
60;2015-01-17 10:04:00;909402N262;287;0.391;29;233;232;232;234;0.681;50.02;569.6;0.528;0.0;0.000;0.0;0.000;60;0;0;0.790;0.496;0.759;112;68;105;50.02;50.02;50.02;46849;1000;0.0;0;1.0000;0;2;391;391;391
60;2015-01-17 10:05:00;909402N262;289;0.395;29;233;232;232;234;0.673;50.02;569.5;0.532;0.0;0.000;0.0;0.000;60;0;0;0.795;0.474;0.750;113;68;107;50.02;50.02;50.02;46849;1000;0.0;0;1.0000;0;2;395;395;395
60;2015-01-17 10:06:00;909402N262;292;0.400;29;233;232;232;234;0.678;50.01;569.1;0.537;0.0;0.000;0.0;0.000;60;0;0;0.854;0.351;0.829;123;46;122;50.01;50.01;50.01;46849;1000;0.0;0;1.0000;0;2;400;400;400
60;2015-01-17 10:07:00;909402N262;295;0.405;29;233;232;233;233;0.644;49.99;568.6;0.542;0.0;0.000;0.0;0.000;60;0;0;0.972;0.015;0.945;145;3;146;49.99;49.99;49.99;46849;1000;0.0;0;1.0000;0;2;405;405;405
60;2015-01-17 10:08:00;909402N262;297;0.410;29;233;231;233;233;0.682;49.99;568.6;0.546;0.0;0.000;0.0;0.000;60;0;0;0.769;0.487;0.792;113;65;117;49.99;49.99;49.99;46849;1000;0.0;0;1.0000;0;2;410;410;410
60;2015-01-17 10:09:00;909402N262;300;0.415;29;233;231;233;234;0.672;49.99;568.6;0.551;0.0;0.000;0.0;0.000;60;0;0;0.839;0.301;0.878;125;43;130;49.99;49.99;49.99;46849;1000;0.0;0;1.0000;0;2;415;415;415
60;2015-01-17 10:10:00;909402N262;303;0.421;29;233;232;233;233;0.707;50.01;568.7;0.557;0.0;0.000;0.0;0.000;60;0;0;0.722;0.659;0.741;103;91;106;50.01;50.01;50.01;46849;1000;0.0;0;1.0000;0;2;421;421;421
60;2015-01-17 10:11:00;909402N262;307;0.425;29;233;232;233;233;0.710;49.99;569.2;0.565;0.0;0.000;0.0;0.000;60;0;0;0.707;0.753;0.672;100;107;98;49.99;49.99;49.99;46849;1000;0.0;0;1.0000;0;2;425;425;425
60;2015-01-17 10:12:00;909402N262;312;0.430;29;232;232;233;233;0.721;50.01;569.6;0.574;0.0;0.000;0.0;0.000;60;0;0;0.619;0.795;0.750;89;114;108;50.01;50.01;50.01;46849;1000;0.0;0;1.0000;0;2;430;430;430
60;2015-01-17 10:13:00;909402N262;318;0.436;29;233;231;233;234;0.717;50.00;570.0;0.583;0.0;0.000;0.0;0.000;60;0;0;0.620;0.782;0.749;92;115;110;50.00;50.00;50.00;46849;1000;0.0;0;1.0000;0;2;436;436;436
60;2015-01-17 10:14:00;909402N262;323;0.441;29;233;232;233;234;0.730;50.00;570.7;0.591;0.0;0.000;0.0;0.000;60;0;0;0.634;0.781;0.777;97;112;112;50.00;50.00;50.00;46849;1000;0.0;0;1.0000;0;2;441;441;441
60;2015-01-17 10:15:00;909402N262;327;0.447;29;233;232;233;233;0.727;50.00;571.3;0.597;0.0;0.000;0.0;0.000;60;0;0;0.649;0.794;0.740;96;119;110;50.00;50.00;50.00;46849;1000;0.0;0;1.0000;0;2;447;447;447
60;2015-01-17 10:16:00;909402N262;327;0.452;29;233;232;233;233;0.728;49.99;567.7;0.603;0.0;0.000;0.0;0.000;60;0;0;0.622;0.806;0.758;93;120;112;49.99;49.99;49.99;46849;1000;0.0;0;1.0000;0;2;452;452;452
60;2015-01-17 10:17:00;909402N262;333;0.458;29;233;232;233;234;0.747;50.00;573.0;0.608;0.0;0.000;0.0;0.000;60;0;0;0.676;0.778;0.788;101;114;116;50.00;50.00;50.00;46849;1000;0.0;0;1.0000;0;2;458;458;458
60;2015-01-17 10:18:00;909402N262;335;0.464;29;233;232;234;234;0.768;50.01;572.6;0.613;0.0;0.000;0.0;0.000;60;0;0;0.684;0.785;0.835;102;111;120;50.01;50.01;50.01;46849;1000;0.0;0;1.0000;0;2;464;464;464
60;2015-01-17 10:19:00;909402N262;339;0.469;29;233;232;234;234;0.764;50.01;572.4;0.618;0.0;0.000;0.0;0.000;60;0;0;0.642;0.863;0.787;93;128;116;50.01;50.01;50.01;46849;1000;0.0;0;1.0000;0;2;469;469;469
60;2015-01-17 10:20:00;909402N262;344;0.474;29;233;232;234;233;0.782;50.01;572.3;0.626;0.0;0.000;0.0;0.000;60;0;0;0.691;0.897;0.760;98;132;112;50.01;50.01;50.01;46849;1000;0.0;0;1.0000;0;2;474;474;474
60;2015-01-17 10:21:00;909402N262;350;0.481;29;233;232;234;232;0.795;50.00;573.2;0.636;0.0;0.000;0.0;0.000;60;0;0;0.689;0.950;0.748;95;140;112;50.00;50.00;50.00;46849;1000;0.0;0;1.0000;0;2;481;481;481
60;2015-01-17 10:22:00;909402N262;355;0.486;29;233;232;234;233;0.809;50.00;572.8;0.646;0.0;0.000;0.0;0.000;60;0;0;0.749;0.913;0.767;106;133;114;50.00;50.00;50.00;46849;1000;0.0;0;1.0000;0;2;486;486;486
60;2015-01-17 10:23:00;909402N262;359;0.492;29;233;232;233;233;0.813;50.01;572.4;0.653;0.0;0.000;0.0;0.000;60;0;0;0.780;0.920;0.740;109;137;110;50.01;50.01;50.01;46849;1000;0.0;0;1.0000;0;2;492;492;492
60;2015-01-17 10:24:00;909402N262;361;0.499;29;232;232;233;232;0.802;50.00;572.6;0.656;0.0;0.000;0.0;0.000;60;0;0;0.751;0.957;0.700;103;149;106;50.00;50.00;50.00;46849;1000;0.0;0;1.0000;0;2;499;499;499
60;2015-01-17 10:25:00;909402N262;361;0.505;29;233;233;233;232;0.812;50.01;573.0;0.657;0.0;0.000;0.0;0.000;60;0;0;0.768;0.939;0.729;105;147;107;50.01;50.01;50.01;46849;1000;0.0;0;1.0000;0;2;505;505;505
60;2015-01-17 10:26:00;909402N262;363;0.512;29;233;232;233;232;0.799;50.01;572.7;0.660;0.0;0.000;0.0;0.000;60;0;0;0.759;0.935;0.705;106;147;107;50.01;50.01;50.01;46849;1000;0.0;0;1.0000;0;2;512;512;512
60;2015-01-17 10:27:00;909402N262;366;0.516;29;233;232;233;232;0.793;50.00;572.7;0.666;0.0;0.000;0.0;0.000;60;0;0;0.716;0.930;0.733;102;147;114;50.00;50.00;50.00;46849;1000;0.0;0;1.0000;0;2;516;516;516
60;2015-01-17 10:28:00;909402N262;372;0.524;29;233;233;233;232;0.811;50.01;572.4;0.676;0.0;0.000;0.0;0.000;60;0;0;0.686;0.972;0.777;94;154;122;50.01;50.01;50.01;46849;1000;0.0;0;1.0000;0;2;524;524;524
60;2015-01-17 10:29:00;909402N262;379;0.530;29;233;233;234;232;0.828;50.01;572.3;0.689;0.0;0.000;0.0;0.000;60;0;0;0.711;0.956;0.818;100;149;128;50.01;50.01;50.01;46849;1000;0.0;0;1.0000;0;2;530;530;530
60;2015-01-17 10:30:00;909402N262;387;0.536;29;233;232;233;233;0.860;50.00;572.5;0.704;0.0;0.000;0.0;0.000;60;0;0;0.674;0.956;0.951;93;143;149;50.00;50.00;50.00;46849;1000;0.0;0;1.0000;0;2;536;536;536
60;2015-01-17 10:31:00;909402N262;394;0.542;29;233;232;233;233;0.871;50.00;572.4;0.717;0.0;0.000;0.0;0.000;60;0;0;0.771;0.949;0.895;110;145;138;50.00;50.00;50.00;46849;1000;0.0;0;1.0000;0;2;542;542;542
60;2015-01-17 10:32:00;909402N262;401;0.549;29;233;232;234;232;0.901;50.00;573.1;0.729;0.0;0.000;0.0;0.000;60;0;0;0.786;0.954;0.964;110;143;147;50.00;50.00;50.00;46849;1000;0.0;0;1.0000;0;2;549;549;549
60;2015-01-17 10:33:00;909402N262;405;0.556;29;233;232;233;233;0.893;50.02;573.7;0.735;0.0;0.000;0.0;0.000;60;0;0;0.814;0.960;0.907;115;152;137;50.02;50.02;50.02;46849;1000;0.0;0;1.0000;0;2;556;556;556
60;2015-01-17 10:34:00;909402N262;407;0.562;29;233;232;234;233;0.812;50.00;574.1;0.736;0.0;0.000;0.0;0.000;60;0;0;0.882;1.117;0.439;130;208;68;50.00;50.00;50.00;46849;1000;0.0;0;1.0000;0;2;562;562;562
60;2015-01-17 10:35:00;909402N262;406;0.569;29;233;233;233;232;0.873;50.01;574.3;0.735;0.0;0.000;0.0;0.000;60;0;0;0.849;1.000;0.772;122;165;117;50.01;50.01;50.01;46849;1000;0.0;0;1.0000;0;2;569;569;569
60;2015-01-17 10:36:00;909402N262;406;0.576;29;233;233;233;232;0.887;50.00;574.5;0.735;0.0;0.000;0.0;0.000;60;0;0;0.841;0.976;0.844;121;153;129;50.00;50.00;50.00;46849;1000;0.0;0;1.0000;0;2;576;576;576
60;2015-01-17 10:37:00;909402N262;408;0.583;29;233;233;234;232;0.877;50.02;574.9;0.739;0.0;0.000;0.0;0.000;60;0;0;0.846;1.015;0.772;119;171;117;50.02;50.02;50.02;46849;1000;0.0;0;1.0000;0;2;583;583;583
60;2015-01-17 10:38:00;909402N262;414;0.590;29;233;233;234;234;0.790;50.01;574.9;0.748;0.0;0.000;0.0;0.000;60;0;0;0.889;1.175;0.307;134;234;45;50.01;50.01;50.01;46849;1000;0.0;0;1.0000;0;2;590;590;590
60;2015-01-17 10:39:00;909402N262;420;0.597;29;233;233;234;233;0.740;50.01;575.1;0.756;0.0;0.000;0.0;0.000;60;0;0;0.928;1.294;0.000;141;279;0;50.01;50.01;50.01;46849;1000;0.0;0;1.0000;0;2;597;597;597
60;2015-01-17 10:40:00;909402N262;421;0.605;29;233;233;234;233;0.765;50.01;575.3;0.758;0.0;0.000;0.0;0.000;60;0;0;0.861;1.239;0.196;130;255;35;50.01;50.01;50.01;46849;1000;0.0;0;1.0000;0;2;605;605;605
60;2015-01-17 10:41:00;909402N262;418;0.611;29;233;233;234;233;0.789;50.03;576.1;0.752;0.0;0.000;0.0;0.000;60;0;0;0.916;1.204;0.247;135;245;37;50.03;50.03;50.03;46849;1000;0.0;0;1.0000;0;2;611;611;611
60;2015-01-17 10:42:00;909402N262;409;0.617;29;233;233;234;234;0.804;50.02;576.7;0.736;0.0;0.000;0.0;0.000;60;0;0;0.859;1.124;0.431;128;212;68;50.02;50.02;50.02;46849;1000;0.0;0;1.0000;0;2;617;617;617
60;2015-01-17 10:43:00;909402N262;397;0.624;29;233;233;234;233;0.854;50.02;577.5;0.714;0.0;0.000;0.0;0.000;60;0;0;0.805;0.976;0.782;117;159;119;50.02;50.02;50.02;46849;1000;0.0;0;1.0000;0;2;624;624;624
60;2015-01-17 10:44:00;909402N262;383;0.630;29;233;233;234;233;0.835;50.02;578.0;0.689;0.0;0.000;0.0;0.000;60;0;0;0.763;0.955;0.788;110;151;119;50.02;50.02;50.02;46849;1000;0.0;0;1.0000;0;2;630;630;630
60;2015-01-17 10:45:00;909402N262;369;0.637;29;233;233;234;233;0.814;50.01;578.5;0.664;0.0;0.000;0.0;0.000;60;0;0;0.766;0.918;0.758;109;142;116;50.01;50.01;50.01;46849;1000;0.0;0;1.0000;0;2;637;637;637
60;2015-01-17 10:46:00;909402N262;355;0.643;29;233;232;234;233;0.799;50.02;576.8;0.640;0.0;0.000;0.0;0.000;60;0;0;0.752;0.886;0.760;105;133;113;50.02;50.02;50.02;46849;1000;0.0;0;1.0000;0;2;643;643;643
60;2015-01-17 10:47:00;909402N262;348;0.648;29;233;232;233;233;0.788;50.02;579.1;0.627;0.0;0.000;0.0;0.000;60;0;0;0.706;0.848;0.812;102;124;122;50.02;50.02;50.02;46849;1000;0.0;0;1.0000;0;2;648;648;648
60;2015-01-17 10:48:00;909402N262;344;0.654;29;233;232;233;232;0.785;50.02;579.2;0.620;0.0;0.000;0.0;0.000;60;0;0;0.722;0.905;0.730;100;136;106;50.02;50.02;50.02;46849;1000;0.0;0;1.0000;0;2;654;654;654
60;2015-01-17 10:49:00;909402N262;345;0.660;30;233;232;233;233;0.789;50.02;579.3;0.622;0.0;0.000;0.0;0.000;60;0;0;0.713;0.850;0.804;101;123;119;50.02;50.02;50.02;46849;1000;0.0;0;1.0000;0;2;660;660;660
60;2015-01-17 10:50:00;909402N262;350;0.667;30;233;232;233;233;0.797;50.03;579.5;0.630;0.0;0.000;0.0;0.000;60;0;0;0.750;0.898;0.745;106;133;108;50.03;50.03;50.03;46849;1000;0.0;0;1.0000;0;2;667;667;667
60;2015-01-17 10:51:00;909402N262;356;0.673;30;233;233;233;233;0.813;50.03;580.3;0.639;0.0;0.000;0.0;0.000;60;0;0;0.794;0.919;0.727;112;138;105;50.03;50.03;50.03;46849;1000;0.0;0;1.0000;0;2;673;673;673
60;2015-01-17 10:52:00;909402N262;362;0.678;30;233;232;232;233;0.816;50.02;580.5;0.649;0.0;0.000;0.0;0.000;60;0;0;0.789;0.904;0.757;114;135;111;50.02;50.02;50.02;46849;1000;0.0;0;1.0000;0;2;678;678;678
60;2015-01-17 10:53:00;909402N262;366;0.684;30;232;232;233;233;0.815;50.03;581.0;0.656;0.0;0.000;0.0;0.000;60;0;0;0.771;0.912;0.763;110;140;115;50.03;50.03;50.03;46849;1000;0.0;0;1.0000;0;2;684;684;684
60;2015-01-17 10:54:00;909402N262;368;0.690;30;232;232;232;233;0.825;50.02;581.4;0.658;0.0;0.000;0.0;0.000;60;0;0;0.813;0.919;0.744;117;139;109;50.02;50.02;50.02;46849;1000;0.0;0;1.0000;0;2;690;690;690
60;2015-01-17 10:55:00;909402N262;366;0.696;30;232;232;232;233;0.823;50.01;581.7;0.655;0.0;0.000;0.0;0.000;60;0;0;0.776;0.883;0.811;113;131;120;50.01;50.01;50.01;46849;1000;0.0;0;1.0000;0;2;696;696;696
60;2015-01-17 10:56:00;909402N262;365;0.702;30;232;232;231;233;0.826;50.02;581.7;0.653;0.0;0.000;0.0;0.000;60;0;0;0.792;0.885;0.801;115;131;117;50.02;50.02;50.02;46849;1000;0.0;0;1.0000;0;2;702;702;702
60;2015-01-17 10:57:00;909402N262;365;0.708;30;232;231;232;233;0.830;50.02;581.5;0.655;0.0;0.000;0.0;0.000;60;0;0;0.751;0.883;0.856;110;127;127;50.02;50.02;50.02;46849;1000;0.0;0;1.0000;0;2;708;708;708
60;2015-01-17 10:58:00;909402N262;368;0.715;30;232;231;232;233;0.829;50.03;581.7;0.659;0.0;0.000;0.0;0.000;60;0;0;0.794;0.893;0.801;115;132;119;50.03;50.03;50.03;46849;1000;0.0;0;1.0000;0;2;715;715;715
60;2015-01-17 10:59:00;909402N262;371;0.722;30;233;232;232;234;0.836;50.02;581.8;0.664;0.0;0.000;0.0;0.000;60;0;0;0.790;0.861;0.859;119;123;127;50.02;50.02;50.02;46849;1000;0.0;0;1.0000;0;2;722;722;722
60;2015-01-17 11:00:00;909402N262;372;0.728;30;233;232;232;234;0.846;50.02;582.2;0.666;0.0;0.000;0.0;0.000;60;0;0;0.842;0.880;0.816;125;130;117;50.02;50.02;50.02;46849;1000;0.0;0;1.0000;0;2;728;728;728
[wr_ende]
