20150324;180002;danfoss;My Plant;+0100
[wr_def_start]
909402N262;Inverter Type;Inverter Group;Hanzl
[wr_def_end]
[wr]
INTERVAL;TIMESTAMP;SERIAL;P_AC;E_DAY;T_WR;U_AC;U_AC_1;U_AC_2;U_AC_3;I_AC;F_AC;U_DC_1;I_DC_1;U_DC_2;I_DC_2;U_DC_3;I_DC_3;S;E_WR;M_WR;I_AC_1;I_AC_2;I_AC_3;P_AC_1;P_AC_2;P_AC_3;F_AC_1;F_AC_2;F_AC_3;R_DC;PC;PCS;PCS_LL;COS_PHI;COS_PHI_LL;S_COS_PHI;Current_Day_Energy;current_Day_Offset;ccEnergyOfDay_WithoutOffset
60;2015-03-24 17:01:00;909402N262;1833;51.085;42;235;234;235;236;2.823;50.02;532.4;1.920;626.1;0.872;791.8;0.352;60;0;0;2.764;2.858;2.847;592;619;621;50.02;50.02;50.02;10656;1000;0.0;0;1.0000;0;2;51085;51085;51085
60;2015-03-24 17:02:00;909402N262;1807;51.116;42;235;235;235;236;2.790;50.01;520.0;1.922;641.5;0.850;786.5;0.348;60;0;0;2.719;2.825;2.826;583;610;612;50.01;50.01;50.01;10656;1000;0.0;0;1.0000;0;2;51116;51116;51116
60;2015-03-24 17:03:00;909402N262;1779;51.145;42;235;235;235;236;2.756;50.01;520.5;1.890;641.7;0.836;783.8;0.343;60;0;0;2.685;2.793;2.791;574;600;603;50.01;50.01;50.01;10656;1000;0.0;0;1.0000;0;2;51145;51145;51145
60;2015-03-24 17:04:00;909402N262;1749;51.175;42;235;235;235;237;2.717;50.00;521.3;1.854;641.4;0.824;782.7;0.338;60;0;0;2.642;2.752;2.757;563;590;594;50.00;50.00;50.00;10656;1000;0.0;0;1.0000;0;2;51175;51175;51175
60;2015-03-24 17:05:00;909402N262;1705;51.203;42;235;235;234;237;2.661;49.99;522.2;1.801;642.3;0.801;781.4;0.332;60;0;0;2.593;2.690;2.700;550;573;580;49.99;49.99;49.99;10656;1000;0.0;0;1.0000;0;2;51203;51203;51203
60;2015-03-24 17:06:00;909402N262;1663;51.231;42;235;235;234;237;2.613;50.00;524.5;1.747;642.6;0.781;780.2;0.326;60;0;0;2.548;2.637;2.654;537;558;566;50.00;50.00;50.00;10656;1000;0.0;0;1.0000;0;2;51231;51231;51231
60;2015-03-24 17:07:00;909402N262;1609;51.258;42;235;235;234;236;2.548;50.01;528.1;1.676;641.3;0.756;778.9;0.319;60;0;0;2.486;2.573;2.585;520;541;547;50.01;50.01;50.01;10656;1000;0.0;0;1.0000;0;2;51258;51258;51258
60;2015-03-24 17:08:00;909402N262;1547;51.284;41;235;233;234;237;2.466;49.98;529.2;1.600;640.6;0.725;778.5;0.311;60;0;0;2.390;2.492;2.517;494;520;531;49.99;49.99;49.99;10656;1000;0.0;0;1.0000;0;2;51284;51284;51284
60;2015-03-24 17:09:00;909402N262;1484;51.308;41;235;233;234;237;2.388;49.99;508.1;1.596;638.6;0.695;777.4;0.304;60;0;0;2.315;2.411;2.438;474;499;510;49.99;49.99;49.99;10656;1000;0.0;0;1.0000;0;2;51308;51308;51308
60;2015-03-24 17:10:00;909402N262;1441;51.332;41;233;231;231;235;2.346;49.99;508.1;1.548;637.9;0.673;774.9;0.297;60;0;0;2.276;2.369;2.393;461;483;495;49.99;49.99;49.99;10656;1000;0.0;0;1.0000;0;2;51332;51332;51332
60;2015-03-24 17:11:00;909402N262;1404;51.356;41;232;231;232;234;2.303;49.99;508.3;1.508;637.1;0.656;775.2;0.291;60;0;0;2.239;2.334;2.337;450;474;478;49.99;49.99;49.99;10656;1000;0.0;0;1.0000;0;2;51356;51356;51356
60;2015-03-24 17:12:00;909402N262;1372;51.378;41;232;232;232;233;2.261;50.00;508.4;1.472;638.1;0.637;772.8;0.287;60;0;0;2.204;2.289;2.292;441;463;466;50.00;50.00;50.00;10656;1000;0.0;0;1.0000;0;2;51378;51378;51378
60;2015-03-24 17:13:00;909402N262;1335;51.400;41;232;232;231;233;2.215;49.99;508.2;1.430;636.5;0.620;770.8;0.282;60;0;0;2.163;2.240;2.244;431;450;453;49.99;49.99;49.99;10656;1000;0.0;0;1.0000;0;2;51400;51400;51400
60;2015-03-24 17:14:00;909402N262;1288;51.422;41;232;232;231;232;2.161;50.00;507.7;1.381;634.9;0.597;769.7;0.276;60;0;0;2.114;2.188;2.182;416;435;435;50.00;50.00;50.00;10656;1000;0.0;0;1.0000;0;2;51422;51422;51422
60;2015-03-24 17:15:00;909402N262;1249;51.443;41;232;232;231;233;2.109;50.00;507.3;1.339;634.0;0.578;768.2;0.271;60;0;0;2.064;2.131;2.133;404;421;423;50.00;50.00;50.00;10656;1000;0.0;0;1.0000;0;2;51443;51443;51443
60;2015-03-24 17:16:00;909402N262;1193;51.464;41;232;232;232;233;2.037;50.00;503.5;1.292;620.1;0.558;767.6;0.265;60;0;0;1.991;2.060;2.062;385;402;404;50.00;50.00;50.00;10656;1000;0.0;0;1.0000;0;2;51464;51464;51464
60;2015-03-24 17:17:00;909402N262;1173;51.483;41;232;232;231;233;2.016;49.98;506.1;1.256;631.5;0.541;765.0;0.260;60;0;0;1.970;2.038;2.041;378;395;398;49.98;49.98;49.98;10656;1000;0.0;0;1.0000;0;2;51483;51483;51483
60;2015-03-24 17:18:00;909402N262;1143;51.502;41;232;232;230;233;1.981;49.98;505.4;1.225;630.8;0.527;766.3;0.254;60;0;0;1.940;1.993;2.012;369;382;389;49.98;49.98;49.98;10656;1000;0.0;0;1.0000;0;2;51502;51502;51502
60;2015-03-24 17:19:00;909402N262;1113;51.520;41;231;231;230;233;1.948;49.99;505.2;1.192;630.2;0.512;764.0;0.250;60;0;0;1.906;1.962;1.978;359;374;379;49.99;49.99;49.99;10656;1000;0.0;0;1.0000;0;2;51520;51520;51520
60;2015-03-24 17:20:00;909402N262;1084;51.539;41;231;232;230;233;1.913;49.99;505.1;1.161;629.2;0.498;764.7;0.244;60;0;0;1.871;1.925;1.943;349;364;370;49.99;49.99;49.99;10656;1000;0.0;0;1.0000;0;2;51539;51539;51539
60;2015-03-24 17:21:00;909402N262;1049;51.557;41;232;232;230;233;1.870;49.97;509.6;1.107;631.0;0.480;762.7;0.240;60;0;0;1.828;1.885;1.898;337;352;357;49.97;49.97;49.97;10656;1000;0.0;0;1.0000;0;2;51557;51557;51557
60;2015-03-24 17:22:00;909402N262;1008;51.572;41;232;232;231;233;1.822;49.98;498.2;1.082;627.9;0.467;762.5;0.234;60;0;0;1.784;1.832;1.851;324;339;343;49.98;49.98;49.98;10656;1000;0.0;0;1.0000;0;2;51572;51572;51572
60;2015-03-24 17:23:00;909402N262;981;51.589;41;232;232;231;233;1.792;49.99;495.1;1.060;626.4;0.455;759.8;0.229;60;0;0;1.753;1.808;1.815;315;331;333;49.99;49.99;49.99;10656;1000;0.0;0;1.0000;0;2;51589;51589;51589
60;2015-03-24 17:24:00;909402N262;951;51.604;41;232;232;231;233;1.757;49.98;494.5;1.028;629.1;0.436;760.5;0.224;60;0;0;1.715;1.774;1.784;304;321;324;49.99;49.99;49.99;10656;1000;0.0;0;1.0000;0;2;51604;51604;51604
60;2015-03-24 17:25:00;909402N262;915;51.620;41;233;232;231;234;1.720;50.00;494.1;0.992;626.9;0.414;758.1;0.220;60;0;0;1.676;1.734;1.750;291;308;313;50.00;50.00;50.00;10656;1000;0.0;0;1.0000;0;2;51620;51620;51620
60;2015-03-24 17:26:00;909402N262;882;51.635;41;233;232;232;234;1.681;49.99;493.8;0.954;614.9;0.405;764.3;0.212;60;0;0;1.636;1.695;1.712;279;298;302;49.99;49.99;49.99;10656;1000;0.0;0;1.0000;0;2;51635;51635;51635
60;2015-03-24 17:27:00;909402N262;854;51.648;40;233;232;232;234;1.651;49.98;493.1;0.917;622.1;0.388;762.6;0.208;60;0;0;1.611;1.668;1.675;271;290;291;49.98;49.98;49.98;10656;1000;0.0;0;1.0000;0;2;51648;51648;51648
60;2015-03-24 17:28:00;909402N262;816;51.663;40;233;233;232;234;1.611;50.00;493.2;0.877;627.1;0.365;755.9;0.204;60;0;0;1.576;1.620;1.639;260;275;279;50.00;50.00;50.00;10656;1000;0.0;0;1.0000;0;2;51663;51663;51663
60;2015-03-24 17:29:00;909402N262;769;51.675;40;233;233;232;234;1.559;50.01;492.6;0.837;634.1;0.324;748.8;0.200;60;0;0;1.523;1.575;1.580;244;261;261;50.01;50.01;50.01;10656;1000;0.0;0;1.0000;0;2;51675;51675;51675
60;2015-03-24 17:30:00;909402N262;720;51.688;40;233;233;232;234;1.515;50.01;492.5;0.799;650.5;0.277;750.0;0.194;60;0;0;1.479;1.532;1.535;227;246;245;50.01;50.01;50.01;10656;1000;0.0;0;1.0000;0;2;51688;51688;51688
60;2015-03-24 17:31:00;909402N262;674;51.698;40;233;232;232;234;1.461;50.00;488.4;0.765;651.4;0.249;736.9;0.189;60;0;0;1.423;1.479;1.482;212;230;230;50.00;50.00;50.00;10656;1000;0.0;0;1.0000;0;2;51698;51698;51698
60;2015-03-24 17:32:00;909402N262;648;51.710;40;233;232;232;234;1.446;50.00;491.0;0.733;649.8;0.233;742.0;0.184;60;0;0;1.409;1.460;1.469;204;220;222;50.00;50.00;50.00;10656;1000;0.0;0;1.0000;0;2;51710;51710;51710
60;2015-03-24 17:33:00;909402N262;620;51.720;40;233;233;232;233;1.429;50.01;490.6;0.705;642.0;0.221;745.9;0.176;60;0;0;1.399;1.441;1.448;196;212;212;50.01;50.01;50.01;10656;1000;0.0;0;1.0000;0;2;51720;51720;51720
60;2015-03-24 17:34:00;909402N262;591;51.730;40;233;233;232;234;1.385;49.99;491.7;0.667;634.2;0.211;737.5;0.172;60;0;0;1.356;1.399;1.402;186;201;202;49.99;49.99;49.99;10656;1000;0.0;0;1.0000;0;2;51730;51730;51730
60;2015-03-24 17:35:00;909402N262;556;51.739;40;233;232;232;233;1.370;49.99;479.6;0.637;625.5;0.203;740.5;0.166;60;0;0;1.338;1.385;1.388;174;190;190;49.99;49.99;49.99;10656;1000;0.0;0;1.0000;0;2;51739;51739;51739
60;2015-03-24 17:36:00;909402N262;524;51.748;40;232;232;232;233;1.323;50.00;478.6;0.596;614.9;0.194;733.9;0.161;60;0;0;1.298;1.335;1.338;165;179;178;50.00;50.00;50.00;10656;1000;0.0;0;1.0000;0;2;51748;51748;51748
60;2015-03-24 17:37:00;909402N262;494;51.756;40;232;232;231;233;1.303;49.99;477.9;0.560;605.5;0.186;732.1;0.154;60;0;0;1.271;1.312;1.327;154;168;171;49.99;49.99;49.99;10656;1000;0.0;0;1.0000;0;2;51756;51756;51756
60;2015-03-24 17:38:00;909402N262;466;51.764;40;232;232;232;233;1.282;49.99;477.1;0.526;598.3;0.176;731.6;0.147;60;0;0;1.256;1.286;1.304;145;158;161;49.99;49.99;49.99;10656;1000;0.0;0;1.0000;0;2;51764;51764;51764
60;2015-03-24 17:39:00;909402N262;434;51.771;40;233;233;231;234;1.063;49.99;478.9;0.484;597.1;0.166;720.8;0.143;60;0;0;1.032;1.103;1.056;135;153;145;49.99;49.99;49.99;10656;1000;0.0;0;1.0000;0;2;51771;51771;51771
60;2015-03-24 17:40:00;909402N262;403;51.777;40;233;233;231;234;0.738;49.98;458.6;0.466;586.9;0.160;724.5;0.136;60;0;0;0.714;0.817;0.685;129;147;125;49.98;49.98;49.98;10656;1000;0.0;0;1.0000;0;2;51777;51777;51777
60;2015-03-24 17:41:00;909402N262;379;51.784;40;232;233;232;233;0.704;49.98;455.4;0.439;581.9;0.151;717.0;0.130;60;0;0;0.656;0.818;0.640;117;146;114;49.98;49.98;49.98;10656;1000;0.0;0;1.0000;0;2;51784;51784;51784
60;2015-03-24 17:42:00;909402N262;358;51.790;40;232;232;232;233;0.672;49.98;454.4;0.414;578.1;0.143;713.9;0.125;60;0;0;0.584;0.800;0.632;104;141;112;49.98;49.98;49.98;10656;1000;0.0;0;1.0000;0;2;51790;51790;51790
60;2015-03-24 17:43:00;909402N262;337;51.796;39;232;232;232;233;0.639;49.99;453.2;0.388;573.5;0.136;712.5;0.119;60;0;0;0.598;0.722;0.598;105;126;105;49.99;49.99;49.99;10656;1000;0.0;0;1.0000;0;2;51796;51796;51796
60;2015-03-24 17:44:00;909402N262;317;51.800;39;233;233;232;233;0.622;49.99;452.0;0.361;570.5;0.128;705.1;0.114;60;0;0;0.578;0.713;0.575;97;121;97;49.99;49.99;49.99;10656;1000;0.0;0;1.0000;0;2;51800;51800;51800
60;2015-03-24 17:45:00;909402N262;297;51.806;39;233;233;233;233;0.595;49.98;450.8;0.336;568.0;0.122;705.1;0.108;60;0;0;0.569;0.703;0.515;94;116;85;49.98;49.98;49.98;10656;1000;0.0;0;1.0000;0;2;51806;51806;51806
60;2015-03-24 17:46:00;909402N262;274;51.810;39;233;233;233;233;0.569;50.00;445.2;0.314;554.0;0.117;686.3;0.104;60;0;0;0.530;0.676;0.501;85;107;80;50.00;50.00;50.00;10656;1000;0.0;0;1.0000;0;2;51810;51810;51810
60;2015-03-24 17:47:00;909402N262;259;51.816;39;233;233;233;233;0.517;49.99;451.2;0.286;562.2;0.110;696.3;0.098;60;0;0;0.472;0.616;0.463;78;103;77;49.99;49.99;49.99;10656;1000;0.0;0;1.0000;0;2;51816;51816;51816
60;2015-03-24 17:48:00;909402N262;240;51.819;39;233;233;233;233;0.489;50.00;446.3;0.261;559.0;0.104;687.9;0.094;60;0;0;0.455;0.573;0.439;74;93;72;50.00;50.00;50.00;10656;1000;0.0;0;1.0000;0;2;51819;51819;51819
60;2015-03-24 17:49:00;909402N262;222;51.823;39;232;232;232;233;0.458;50.00;432.1;0.246;552.4;0.099;688.1;0.088;60;0;0;0.420;0.546;0.410;68;87;66;50.00;50.00;50.00;10656;1000;0.0;0;1.0000;0;2;51823;51823;51823
60;2015-03-24 17:50:00;909402N262;207;51.826;39;232;232;232;233;0.440;50.01;430.2;0.228;554.7;0.092;680.0;0.084;60;0;0;0.404;0.518;0.400;60;81;63;50.01;50.01;50.01;10656;1000;0.0;0;1.0000;0;2;51826;51826;51826
60;2015-03-24 17:51:00;909402N262;192;51.830;39;232;233;232;233;0.442;50.00;428.5;0.211;547.2;0.087;674.0;0.080;60;0;0;0.419;0.533;0.375;55;82;54;50.00;50.00;50.00;10656;1000;0.0;0;1.0000;0;2;51830;51830;51830
60;2015-03-24 17:52:00;909402N262;179;51.833;39;232;232;232;233;0.406;49.99;426.0;0.196;545.5;0.082;672.6;0.075;60;0;0;0.380;0.483;0.356;52;74;51;49.99;49.99;49.99;10656;1000;0.0;0;1.0000;0;2;51833;51833;51833
60;2015-03-24 17:53:00;909402N262;164;51.836;39;232;232;232;233;0.453;49.99;425.7;0.178;540.8;0.077;662.3;0.071;60;0;0;0.409;0.495;0.456;43;67;52;49.99;49.99;49.99;10656;1000;0.0;0;1.0000;0;2;51836;51836;51836
60;2015-03-24 17:54:00;909402N262;152;51.837;38;232;232;232;233;0.393;49.99;431.8;0.160;536.6;0.071;665.2;0.066;60;0;0;0.388;0.429;0.363;47;59;43;49.99;49.99;49.99;10656;1000;0.0;0;1.0000;0;2;51837;51837;51837
60;2015-03-24 17:55:00;909402N262;139;51.840;38;232;232;232;233;0.475;49.99;434.7;0.143;533.1;0.066;651.7;0.062;60;0;0;0.493;0.427;0.507;44;47;46;49.99;49.99;49.99;10656;1000;0.0;0;1.0000;0;2;51840;51840;51840
60;2015-03-24 17:56:00;909402N262;128;51.843;38;232;230;233;233;0.374;50.00;442.1;0.126;526.8;0.061;654.6;0.057;60;0;0;0.294;0.507;0.323;39;54;33;50.00;50.00;50.00;10656;1000;0.0;0;1.0000;0;2;51843;51843;51843
60;2015-03-24 17:57:00;909402N262;117;51.844;38;232;230;233;233;0.352;50.01;452.5;0.112;526.6;0.056;656.1;0.052;60;0;0;0.257;0.464;0.337;36;44;35;50.01;50.01;50.01;10656;1000;0.0;0;1.0000;0;2;51844;51844;51844
60;2015-03-24 17:58:00;909402N262;106;51.846;38;232;229;232;234;0.407;50.02;452.9;0.101;518.8;0.051;638.4;0.049;60;0;0;0.348;0.359;0.515;49;29;27;50.02;50.02;50.02;10656;1000;0.0;0;1.0000;0;2;51846;51846;51846
60;2015-03-24 17:59:00;909402N262;97;51.848;38;232;230;232;234;0.393;50.04;447.4;0.094;508.0;0.047;624.7;0.046;60;0;0;0.328;0.355;0.497;46;30;20;50.04;50.04;50.04;10656;1000;0.0;0;1.0000;0;2;51848;51848;51848
60;2015-03-24 18:00:00;909402N262;88;51.849;38;231;230;231;233;0.370;50.04;444.4;0.084;510.5;0.042;629.2;0.042;60;0;0;0.298;0.330;0.482;41;32;16;50.04;50.04;50.04;10656;1000;0.0;0;1.0000;0;2;51849;51849;51849
[wr_ende]
