20150109;120002;danfoss;My Plant;+0100
[wr_def_start]
909402N262;Inverter Type;Inverter Group;Hanzl
[wr_def_end]
[wr]
INTERVAL;TIMESTAMP;SERIAL;P_AC;E_DAY;T_WR;U_AC;U_AC_1;U_AC_2;U_AC_3;I_AC;F_AC;U_DC_1;I_DC_1;U_DC_2;I_DC_2;U_DC_3;I_DC_3;S;E_WR;M_WR;I_AC_1;I_AC_2;I_AC_3;P_AC_1;P_AC_2;P_AC_3;F_AC_1;F_AC_2;F_AC_3;R_DC;PC;PCS;PCS_LL;COS_PHI;COS_PHI_LL;S_COS_PHI;Current_Day_Energy;current_Day_Offset;ccEnergyOfDay_WithoutOffset
60;2015-01-09 11:01:00;909402N262;698;1.326;30;231;229;232;232;1.387;49.95;548.8;1.319;96.0;0.000;101.7;0.000;60;0;0;1.329;1.422;1.411;215;246;239;49.95;49.95;49.95;897;1000;0.0;0;1.0000;0;2;1326;1326;1326
60;2015-01-09 11:02:00;909402N262;581;1.336;30;231;229;232;232;1.267;49.96;548.9;1.102;95.6;0.000;95.5;0.000;60;0;0;1.217;1.298;1.288;176;204;199;49.96;49.96;49.96;897;1000;0.0;0;1.0000;0;2;1336;1336;1336
60;2015-01-09 11:03:00;909402N262;480;1.344;30;231;229;232;232;1.176;49.97;564.7;0.891;111.1;0.000;111.4;0.000;60;0;0;1.131;1.203;1.195;143;170;165;49.97;49.97;49.97;897;1000;0.0;0;1.0000;0;2;1344;1344;1344
60;2015-01-09 11:04:00;909402N262;431;1.351;31;231;229;232;232;0.904;49.97;584.8;0.778;106.9;0.000;107.1;0.000;60;0;0;0.514;1.196;1.003;68;210;151;49.97;49.97;49.97;897;1000;0.0;0;1.0000;0;2;1351;1351;1351
60;2015-01-09 11:05:00;909402N262;407;1.358;31;231;228;232;232;0.857;49.97;582.2;0.743;104.3;0.000;104.6;0.000;60;0;0;0.367;1.124;1.081;49;184;171;49.97;49.97;49.97;897;1000;0.0;0;1.0000;0;2;1358;1358;1358
60;2015-01-09 11:06:00;909402N262;389;1.364;31;231;228;232;232;0.852;49.97;582.8;0.711;103.9;0.000;104.2;0.000;60;0;0;0.504;0.969;1.084;72;145;171;49.97;49.97;49.97;897;1000;0.0;0;1.0000;0;2;1364;1364;1364
60;2015-01-09 11:07:00;909402N262;381;1.371;31;231;229;232;232;0.924;49.97;596.0;0.680;101.8;0.000;102.1;0.000;60;0;0;1.047;0.633;1.094;170;45;164;49.97;49.97;49.97;897;1000;0.0;0;1.0000;0;2;1371;1371;1371
60;2015-01-09 11:08:00;909402N262;383;1.376;31;231;229;232;232;0.888;49.98;593.1;0.686;101.7;0.000;102.0;0.000;60;0;0;1.015;0.666;0.984;165;73;143;49.98;49.98;49.98;897;1000;0.0;0;1.0000;0;2;1376;1376;1376
60;2015-01-09 11:09:00;909402N262;392;1.384;31;231;229;232;232;0.856;49.98;593.6;0.701;101.7;0.000;102.0;0.000;60;0;0;0.995;0.899;0.676;155;147;93;49.98;49.98;49.98;897;1000;0.0;0;1.0000;0;2;1384;1384;1384
60;2015-01-09 11:10:00;909402N262;397;1.390;31;231;230;232;232;0.855;49.98;596.2;0.707;101.8;0.000;102.1;0.000;60;0;0;0.976;1.033;0.556;149;180;70;49.98;49.98;49.98;897;1000;0.0;0;1.0000;0;2;1390;1390;1390
60;2015-01-09 11:11:00;909402N262;401;1.397;31;231;230;232;232;0.831;49.99;596.7;0.712;101.8;0.000;102.0;0.000;60;0;0;0.956;1.143;0.394;147;219;42;49.99;49.99;49.99;897;1000;0.0;0;1.0000;0;2;1397;1397;1397
60;2015-01-09 11:12:00;909402N262;405;1.403;31;231;230;232;232;0.804;49.99;592.6;0.724;101.9;0.000;102.1;0.000;60;0;0;0.949;1.267;0.198;147;266;4;49.99;49.99;49.99;897;1000;0.0;0;1.0000;0;2;1403;1403;1403
60;2015-01-09 11:13:00;909402N262;395;1.410;31;231;230;232;232;0.849;50.00;590.1;0.711;101.9;0.000;102.2;0.000;60;0;0;0.984;0.974;0.589;154;183;66;50.00;50.00;50.00;897;1000;0.0;0;1.0000;0;2;1410;1410;1410
60;2015-01-09 11:14:00;909402N262;373;1.416;31;231;230;232;233;0.872;49.99;588.0;0.675;102.0;0.000;102.3;0.000;60;0;0;0.912;0.736;0.970;139;99;132;49.99;49.99;49.99;897;1000;0.0;0;1.0000;0;2;1416;1416;1416
60;2015-01-09 11:15:00;909402N262;339;1.422;31;231;229;232;233;0.815;49.98;585.8;0.620;102.1;0.000;102.3;0.000;60;0;0;0.753;0.707;0.987;114;86;138;49.98;49.98;49.98;897;1000;0.0;0;1.0000;0;2;1422;1422;1422
60;2015-01-09 11:16:00;909402N262;298;1.427;31;232;229;233;233;0.711;49.99;578.0;0.556;88.1;0.000;96.8;0.000;60;0;0;0.822;0.408;0.905;123;50;129;49.99;49.99;49.99;897;1000;0.0;0;1.0000;0;2;1427;1427;1427
60;2015-01-09 11:17:00;909402N262;275;1.432;31;232;230;233;233;0.624;49.99;588.0;0.504;86.8;0.000;86.8;0.000;60;0;0;0.924;0.030;0.919;140;0;138;49.99;49.99;49.99;897;1000;0.0;0;1.0000;0;2;1432;1432;1432
60;2015-01-09 11:18:00;909402N262;266;1.436;31;232;230;233;233;0.633;50.00;588.4;0.490;102.1;0.000;102.4;0.000;60;0;0;0.846;0.158;0.895;125;11;132;50.00;50.00;50.00;897;1000;0.0;0;1.0000;0;2;1436;1436;1436
60;2015-01-09 11:19:00;909402N262;274;1.441;31;232;230;233;233;0.662;50.00;590.4;0.502;102.2;0.000;102.5;0.000;60;0;0;0.935;0.121;0.930;140;1;140;50.00;50.00;50.00;897;1000;0.0;0;1.0000;0;2;1441;1441;1441
60;2015-01-09 11:20:00;909402N262;287;1.446;31;232;230;233;233;0.673;49.99;591.5;0.523;102.3;0.000;102.5;0.000;60;0;0;0.977;0.077;0.966;147;0;147;49.99;49.99;49.99;897;1000;0.0;0;1.0000;0;2;1446;1446;1446
60;2015-01-09 11:21:00;909402N262;294;1.451;31;231;230;232;233;0.658;50.00;584.5;0.542;102.3;0.000;102.6;0.000;60;0;0;0.985;0.024;0.966;149;0;148;50.00;50.00;50.00;897;1000;0.0;0;1.0000;0;2;1451;1451;1451
60;2015-01-09 11:22:00;909402N262;301;1.456;31;232;230;233;233;0.703;49.99;576.2;0.562;102.1;0.000;102.4;0.000;60;0;0;0.851;0.391;0.867;126;48;127;49.99;49.99;49.99;897;1000;0.0;0;1.0000;0;2;1456;1456;1456
60;2015-01-09 11:23:00;909402N262;314;1.462;31;232;230;233;233;0.748;50.00;577.0;0.586;102.1;0.000;102.4;0.000;60;0;0;0.576;0.878;0.790;82;119;110;50.00;50.00;50.00;897;1000;0.0;0;1.0000;0;2;1462;1462;1462
60;2015-01-09 11:24:00;909402N262;341;1.466;31;232;230;233;232;0.811;50.00;584.6;0.625;102.0;0.000;102.3;0.000;60;0;0;0.738;0.833;0.862;107;108;124;50.00;50.00;50.00;897;1000;0.0;0;1.0000;0;2;1466;1466;1466
60;2015-01-09 11:25:00;909402N262;371;1.473;31;232;230;233;232;0.881;50.01;600.5;0.659;102.1;0.000;102.3;0.000;60;0;0;0.860;0.791;0.993;127;93;150;50.01;50.01;50.01;897;1000;0.0;0;1.0000;0;2;1473;1473;1473
60;2015-01-09 11:26:00;909402N262;388;1.479;31;232;230;233;232;0.921;50.00;601.0;0.687;102.1;0.000;102.4;0.000;60;0;0;0.933;0.777;1.053;139;84;163;50.00;50.00;50.00;897;1000;0.0;0;1.0000;0;2;1479;1479;1479
60;2015-01-09 11:27:00;909402N262;408;1.487;31;232;230;233;232;0.914;50.00;600.9;0.723;102.5;0.000;102.7;0.000;60;0;0;0.733;0.940;1.069;103;134;170;50.00;50.00;50.00;897;1000;0.0;0;1.0000;0;2;1487;1487;1487
60;2015-01-09 11:28:00;909402N262;434;1.494;31;232;230;233;232;0.961;50.01;600.4;0.767;103.0;0.000;103.2;0.000;60;0;0;0.824;0.957;1.104;115;145;172;50.01;50.01;50.01;897;1000;0.0;0;1.0000;0;2;1494;1494;1494
60;2015-01-09 11:29:00;909402N262;427;1.501;31;232;230;233;232;0.931;50.00;601.2;0.754;102.9;0.000;103.1;0.000;60;0;0;0.696;0.984;1.113;97;151;178;50.01;50.01;50.01;897;1000;0.0;0;1.0000;0;2;1501;1501;1501
60;2015-01-09 11:30:00;909402N262;397;1.507;31;232;230;233;232;0.814;50.00;589.4;0.717;102.9;0.000;103.1;0.000;60;0;0;0.260;1.046;1.137;32;162;202;50.00;50.00;50.00;897;1000;0.0;0;1.0000;0;2;1507;1507;1507
60;2015-01-09 11:31:00;909402N262;390;1.514;31;232;230;233;232;0.829;49.99;576.8;0.722;89.1;0.000;94.2;0.000;60;0;0;0.395;0.993;1.100;53;147;189;49.99;49.99;49.99;897;1000;0.0;0;1.0000;0;2;1514;1514;1514
60;2015-01-09 11:32:00;909402N262;414;1.521;31;232;230;233;232;0.905;49.98;588.9;0.747;88.7;0.000;88.7;0.000;60;0;0;0.909;1.017;0.789;133;170;112;49.98;49.98;49.98;897;1000;0.0;0;1.0000;0;2;1521;1521;1521
60;2015-01-09 11:33:00;909402N262;438;1.528;31;232;230;233;232;0.976;49.98;602.9;0.769;102.5;0.000;102.8;0.000;60;0;0;0.822;0.976;1.132;114;151;171;49.98;49.98;49.98;897;1000;0.0;0;1.0000;0;2;1528;1528;1528
60;2015-01-09 11:34:00;909402N262;443;1.536;31;232;230;233;232;0.987;49.98;602.7;0.779;102.6;0.000;102.9;0.000;60;0;0;0.835;0.986;1.141;116;152;172;49.98;49.98;49.98;897;1000;0.0;0;1.0000;0;2;1536;1536;1536
60;2015-01-09 11:35:00;909402N262;421;1.542;31;232;229;233;232;0.936;49.99;591.3;0.755;102.6;0.000;102.9;0.000;60;0;0;0.722;0.983;1.104;100;149;169;49.99;49.99;49.99;897;1000;0.0;0;1.0000;0;2;1542;1542;1542
60;2015-01-09 11:36:00;909402N262;401;1.549;31;232;229;233;232;0.832;50.00;583.8;0.731;102.8;0.000;103.1;0.000;60;0;0;0.312;1.044;1.141;39;163;197;50.00;50.00;50.00;897;1000;0.0;0;1.0000;0;2;1549;1549;1549
60;2015-01-09 11:37:00;909402N262;406;1.555;31;232;229;233;232;0.859;50.00;584.8;0.739;102.8;0.000;103.1;0.000;60;0;0;0.426;1.024;1.127;56;157;191;50.00;50.00;50.00;897;1000;0.0;0;1.0000;0;2;1555;1555;1555
60;2015-01-09 11:38:00;909402N262;435;1.563;31;232;230;233;233;0.969;50.01;587.2;0.787;102.9;0.000;103.1;0.000;60;0;0;0.836;0.945;1.127;117;142;174;50.01;50.01;50.01;897;1000;0.0;0;1.0000;0;2;1563;1563;1563
60;2015-01-09 11:39:00;909402N262;467;1.571;31;232;230;232;233;0.996;50.02;589.5;0.839;102.8;0.000;103.0;0.000;60;0;0;0.742;1.013;1.234;104;155;206;50.02;50.02;50.02;897;1000;0.0;0;1.0000;0;2;1571;1571;1571
60;2015-01-09 11:40:00;909402N262;494;1.579;31;232;230;232;233;1.010;50.02;591.4;0.882;102.9;0.000;103.2;0.000;60;0;0;0.727;1.045;1.259;107;163;222;50.02;50.02;50.02;897;1000;0.0;0;1.0000;0;2;1579;1579;1579
60;2015-01-09 11:41:00;909402N262;523;1.588;31;232;230;232;233;1.131;50.01;593.7;0.930;103.1;0.000;103.3;0.000;60;0;0;1.062;1.061;1.270;157;166;199;50.02;50.02;50.02;897;1000;0.0;0;1.0000;0;2;1588;1588;1588
60;2015-01-09 11:42:00;909402N262;555;1.597;31;232;230;233;233;1.155;50.01;595.5;0.980;103.3;0.000;103.5;0.000;60;0;0;1.118;1.138;1.210;178;186;188;50.01;50.01;50.01;897;1000;0.0;0;1.0000;0;2;1597;1597;1597
60;2015-01-09 11:43:00;909402N262;597;1.608;31;232;230;233;232;1.117;50.01;596.0;1.050;104.4;0.000;104.7;0.000;60;0;0;1.052;0.958;1.341;176;147;272;50.01;50.01;50.01;897;1000;0.0;0;1.0000;0;2;1608;1608;1608
60;2015-01-09 11:44:00;909402N262;650;1.618;31;232;230;233;232;1.170;50.01;596.2;1.139;104.5;0.000;104.7;0.000;60;0;0;0.941;1.068;1.503;143;175;330;50.01;50.01;50.01;897;1000;0.0;0;1.0000;0;2;1618;1618;1618
60;2015-01-09 11:45:00;909402N262;695;1.630;31;232;230;233;232;1.239;50.02;596.6;1.216;104.5;0.000;104.7;0.000;60;0;0;0.953;1.154;1.611;144;192;357;50.02;50.02;50.02;897;1000;0.0;0;1.0000;0;2;1630;1630;1630
60;2015-01-09 11:46:00;909402N262;717;1.642;31;232;230;233;232;1.300;50.00;590.8;1.265;92.0;0.000;94.5;0.000;60;0;0;1.037;1.260;1.604;162;213;340;50.00;50.00;50.00;897;1000;0.0;0;1.0000;0;2;1642;1642;1642
60;2015-01-09 11:47:00;909402N262;719;1.653;31;232;230;233;232;1.427;50.01;595.9;1.247;92.5;0.000;84.0;0.000;60;0;0;1.384;1.466;1.431;223;252;242;50.01;50.01;50.01;897;1000;0.0;0;1.0000;0;2;1653;1653;1653
60;2015-01-09 11:48:00;909402N262;686;1.665;31;232;230;233;232;1.379;50.01;593.6;1.196;111.9;0.000;112.2;0.000;60;0;0;1.330;1.416;1.391;211;241;232;50.01;50.01;50.01;897;1000;0.0;0;1.0000;0;2;1665;1665;1665
60;2015-01-09 11:49:00;909402N262;670;1.675;31;232;230;233;232;1.357;50.01;592.0;1.172;112.4;0.000;112.6;0.000;60;0;0;1.308;1.392;1.371;206;235;227;50.01;50.01;50.01;897;1000;0.0;0;1.0000;0;2;1675;1675;1675
60;2015-01-09 11:50:00;909402N262;681;1.687;31;232;231;233;232;1.368;50.02;592.1;1.191;112.5;0.000;112.7;0.000;60;0;0;1.321;1.402;1.382;211;238;231;50.02;50.02;50.02;897;1000;0.0;0;1.0000;0;2;1687;1687;1687
60;2015-01-09 11:51:00;909402N262;698;1.699;31;232;231;233;232;1.389;50.00;607.0;1.189;111.8;0.000;112.0;0.000;60;0;0;1.342;1.422;1.404;216;243;237;50.00;50.00;50.00;897;1000;0.0;0;1.0000;0;2;1699;1699;1699
60;2015-01-09 11:52:00;909402N262;702;1.710;31;232;231;233;232;1.400;50.01;607.3;1.196;111.5;0.000;111.7;0.000;60;0;0;1.360;1.433;1.409;219;245;237;50.01;50.01;50.01;897;1000;0.0;0;1.0000;0;2;1710;1710;1710
60;2015-01-09 11:53:00;909402N262;698;1.723;31;232;231;233;232;1.389;50.01;605.3;1.193;111.4;0.000;111.6;0.000;60;0;0;1.344;1.422;1.403;216;243;237;50.01;50.01;50.01;897;1000;0.0;0;1.0000;0;2;1723;1723;1723
60;2015-01-09 11:54:00;909402N262;690;1.734;31;232;231;233;232;1.380;50.01;603.3;1.183;111.4;0.000;111.6;0.000;60;0;0;1.336;1.412;1.393;214;240;234;50.01;50.01;50.01;897;1000;0.0;0;1.0000;0;2;1734;1734;1734
60;2015-01-09 11:55:00;909402N262;676;1.746;31;232;231;233;232;1.372;50.00;600.5;1.164;111.5;0.000;111.8;0.000;60;0;0;1.327;1.399;1.390;210;234;230;50.00;50.00;50.00;897;1000;0.0;0;1.0000;0;2;1746;1746;1746
60;2015-01-09 11:56:00;909402N262;657;1.756;31;232;231;232;233;1.364;50.00;599.3;1.136;111.7;0.000;112.0;0.000;60;0;0;1.311;1.394;1.389;202;227;226;50.00;50.00;50.00;897;1000;0.0;0;1.0000;0;2;1756;1756;1756
60;2015-01-09 11:57:00;909402N262;630;1.767;31;232;231;233;233;1.345;50.01;599.3;1.090;111.7;0.000;112.0;0.000;60;0;0;1.293;1.377;1.366;193;218;216;50.01;50.01;50.01;897;1000;0.0;0;1.0000;0;2;1767;1767;1767
60;2015-01-09 11:58:00;909402N262;592;1.777;31;233;231;233;234;1.328;50.02;598.7;1.026;111.9;0.000;112.1;0.000;60;0;0;1.269;1.360;1.357;179;205;206;50.02;50.02;50.02;897;1000;0.0;0;1.0000;0;2;1777;1777;1777
60;2015-01-09 11:59:00;909402N262;553;1.786;31;233;231;233;234;1.299;50.01;598.9;0.961;111.9;0.000;112.1;0.000;60;0;0;1.241;1.327;1.330;166;191;194;50.01;50.01;50.01;897;1000;0.0;0;1.0000;0;2;1786;1786;1786
60;2015-01-09 12:00:00;909402N262;526;1.795;31;233;230;234;234;1.269;50.00;598.8;0.915;112.0;0.000;112.2;0.000;60;0;0;1.207;1.299;1.301;157;184;184;50.00;50.00;50.00;897;1000;0.0;0;1.0000;0;2;1795;1795;1795
[wr_ende]
