20150327;130004;danfoss;My Plant;+0100
[wr_def_start]
909402N262;Inverter Type;Inverter Group;Hanzl
[wr_def_end]
[wr]
INTERVAL;TIMESTAMP;SERIAL;P_AC;E_DAY;T_WR;U_AC;U_AC_1;U_AC_2;U_AC_3;I_AC;F_AC;U_DC_1;I_DC_1;U_DC_2;I_DC_2;U_DC_3;I_DC_3;S;E_WR;M_WR;I_AC_1;I_AC_2;I_AC_3;P_AC_1;P_AC_2;P_AC_3;F_AC_1;F_AC_2;F_AC_3;R_DC;PC;PCS;PCS_LL;COS_PHI;COS_PHI_LL;S_COS_PHI;Current_Day_Energy;current_Day_Offset;ccEnergyOfDay_WithoutOffset
60;2015-03-27 12:01:00;909402N262;1117;3.353;35;232;231;233;230;1.961;49.96;572.9;0.830;629.5;0.478;766.4;0.442;60;0;0;1.918;2.013;1.953;360;386;369;49.96;49.96;49.96;6791;1000;0.0;0;1.0000;0;2;3353;3353;3353
60;2015-03-27 12:02:00;909402N262;1136;3.371;35;231;231;233;230;1.990;49.96;577.7;0.837;634.7;0.479;773.7;0.444;60;0;0;1.949;2.034;1.989;367;389;378;49.96;49.96;49.96;6791;1000;0.0;0;1.0000;0;2;3371;3371;3371
60;2015-03-27 12:03:00;909402N262;1140;3.390;35;232;231;233;231;1.997;49.98;577.5;0.842;634.6;0.479;773.7;0.446;60;0;0;1.950;2.042;2.001;367;392;381;49.98;49.98;49.98;6791;1000;0.0;0;1.0000;0;2;3390;3390;3390
60;2015-03-27 12:04:00;909402N262;1143;3.409;35;232;231;233;233;1.996;50.00;577.4;0.844;634.5;0.480;773.4;0.447;60;0;0;1.939;2.034;2.016;364;391;387;50.00;50.00;50.00;6791;1000;0.0;0;1.0000;0;2;3409;3409;3409
60;2015-03-27 12:05:00;909402N262;1144;3.428;35;232;231;233;232;1.996;50.00;577.3;0.845;634.6;0.480;774.0;0.447;60;0;0;1.948;2.029;2.012;367;390;385;50.00;50.00;50.00;6791;1000;0.0;0;1.0000;0;2;3428;3428;3428
60;2015-03-27 12:06:00;909402N262;1136;3.447;35;233;232;233;233;1.985;50.01;577.2;0.839;634.4;0.478;773.0;0.445;60;0;0;1.937;2.019;2.000;365;387;382;50.01;50.01;50.01;6791;1000;0.0;0;1.0000;0;2;3447;3447;3447
60;2015-03-27 12:07:00;909402N262;1122;3.466;35;233;232;234;233;1.967;50.01;577.6;0.828;635.9;0.470;773.4;0.439;60;0;0;1.910;2.005;1.988;357;385;379;50.01;50.01;50.01;6791;1000;0.0;0;1.0000;0;2;3466;3466;3466
60;2015-03-27 12:08:00;909402N262;1107;3.484;36;233;231;234;233;1.949;50.01;577.6;0.817;635.4;0.464;771.6;0.434;60;0;0;1.892;1.989;1.968;351;380;375;50.01;50.01;50.01;6791;1000;0.0;0;1.0000;0;2;3484;3484;3484
60;2015-03-27 12:09:00;909402N262;1089;3.502;36;233;232;234;234;1.925;50.02;577.7;0.803;633.5;0.458;770.6;0.426;60;0;0;1.875;1.963;1.939;348;371;367;50.02;50.02;50.02;6791;1000;0.0;0;1.0000;0;2;3502;3502;3502
60;2015-03-27 12:10:00;909402N262;1058;3.520;36;233;232;233;233;1.892;50.00;577.8;0.781;632.3;0.446;769.0;0.414;60;0;0;1.840;1.924;1.914;337;361;358;50.00;50.00;50.00;6791;1000;0.0;0;1.0000;0;2;3520;3520;3520
60;2015-03-27 12:11:00;909402N262;1024;3.537;36;232;230;233;233;1.853;50.01;578.7;0.757;631.3;0.432;767.7;0.401;60;0;0;1.788;1.892;1.880;322;352;349;50.01;50.01;50.01;6791;1000;0.0;0;1.0000;0;2;3537;3537;3537
60;2015-03-27 12:12:00;909402N262;1004;3.554;36;232;231;233;232;1.827;50.01;580.5;0.741;630.4;0.422;765.7;0.393;60;0;0;1.774;1.864;1.844;318;345;339;50.01;50.01;50.01;6791;1000;0.0;0;1.0000;0;2;3554;3554;3554
60;2015-03-27 12:13:00;909402N262;1008;3.571;36;232;232;233;232;1.832;50.01;581.0;0.745;630.5;0.422;766.1;0.394;60;0;0;1.786;1.870;1.842;321;345;339;50.01;50.01;50.01;6791;1000;0.0;0;1.0000;0;2;3571;3571;3571
60;2015-03-27 12:14:00;909402N262;1039;3.588;36;232;231;234;233;1.868;50.02;583.8;0.766;631.4;0.434;767.4;0.406;60;0;0;1.823;1.906;1.876;332;356;348;50.02;50.02;50.02;6791;1000;0.0;0;1.0000;0;2;3588;3588;3588
60;2015-03-27 12:15:00;909402N262;1091;3.606;36;232;231;233;233;1.931;50.01;584.2;0.804;633.1;0.455;769.8;0.425;60;0;0;1.881;1.970;1.943;348;373;367;50.01;50.01;50.01;6791;1000;0.0;0;1.0000;0;2;3606;3606;3606
60;2015-03-27 12:16:00;909402N262;1138;3.625;36;233;231;233;233;1.978;50.01;581.2;0.848;620.1;0.484;765.0;0.451;60;0;0;1.921;2.017;1.996;363;389;384;50.01;50.01;50.01;6791;1000;0.0;0;1.0000;0;2;3625;3625;3625
60;2015-03-27 12:17:00;909402N262;1210;3.646;36;232;231;233;233;2.061;50.02;584.5;0.891;635.8;0.504;773.9;0.470;60;0;0;2.010;2.090;2.083;388;411;410;50.02;50.02;50.02;6791;1000;0.0;0;1.0000;0;2;3646;3646;3646
60;2015-03-27 12:18:00;909402N262;1269;3.666;36;233;232;234;234;2.130;50.02;584.8;0.931;636.4;0.531;776.8;0.492;60;0;0;2.068;2.169;2.154;405;433;430;50.02;50.02;50.02;6791;1000;0.0;0;1.0000;0;2;3666;3666;3666
60;2015-03-27 12:19:00;909402N262;1328;3.688;36;233;232;234;234;2.195;50.03;585.2;0.968;637.2;0.559;783.3;0.511;60;0;0;2.131;2.230;2.225;423;452;450;50.03;50.03;50.03;6791;1000;0.0;0;1.0000;0;2;3688;3688;3688
60;2015-03-27 12:20:00;909402N262;1387;3.712;36;233;231;234;234;2.274;50.02;586.4;1.004;637.4;0.588;781.2;0.537;60;0;0;2.207;2.318;2.297;443;474;469;50.02;50.02;50.02;6791;1000;0.0;0;1.0000;0;2;3712;3712;3712
60;2015-03-27 12:21:00;909402N262;1447;3.736;36;234;232;234;234;2.345;50.03;587.3;1.042;639.2;0.616;782.0;0.561;60;0;0;2.276;2.390;2.371;462;494;489;50.03;50.03;50.03;6791;1000;0.0;0;1.0000;0;2;3736;3736;3736
60;2015-03-27 12:22:00;909402N262;1503;3.762;36;233;232;234;234;2.410;50.04;588.3;1.078;638.6;0.640;784.9;0.583;60;0;0;2.334;2.459;2.438;479;513;508;50.04;50.04;50.04;6791;1000;0.0;0;1.0000;0;2;3762;3762;3762
60;2015-03-27 12:23:00;909402N262;1559;3.788;36;233;231;235;234;2.479;50.03;588.4;1.117;638.6;0.664;789.3;0.603;60;0;0;2.397;2.534;2.507;496;535;527;50.03;50.03;50.03;6791;1000;0.0;0;1.0000;0;2;3788;3788;3788
60;2015-03-27 12:24:00;909402N262;1612;3.814;36;233;231;235;234;2.545;50.02;588.2;1.156;639.1;0.687;792.1;0.623;60;0;0;2.460;2.605;2.571;512;555;545;50.02;50.02;50.02;6791;1000;0.0;0;1.0000;0;2;3814;3814;3814
60;2015-03-27 12:25:00;909402N262;1657;3.841;36;233;232;235;234;2.596;50.03;587.3;1.193;639.4;0.703;793.9;0.638;60;0;0;2.519;2.653;2.616;530;568;557;50.03;50.03;50.03;6791;1000;0.0;0;1.0000;0;2;3841;3841;3841
60;2015-03-27 12:26:00;909402N262;1704;3.869;36;233;232;235;233;2.650;50.03;586.7;1.231;639.6;0.719;794.8;0.657;60;0;0;2.575;2.710;2.665;546;584;571;50.03;50.03;50.03;6791;1000;0.0;0;1.0000;0;2;3869;3869;3869
60;2015-03-27 12:27:00;909402N262;1753;3.899;36;233;232;234;234;2.713;50.03;585.8;1.273;640.1;0.736;795.0;0.675;60;0;0;2.626;2.765;2.749;559;597;594;50.03;50.03;50.03;6791;1000;0.0;0;1.0000;0;2;3899;3899;3899
60;2015-03-27 12:28:00;909402N262;1791;3.928;36;233;232;234;235;2.764;50.04;584.5;1.308;640.0;0.750;794.9;0.689;60;0;0;2.685;2.814;2.793;574;609;606;50.04;50.04;50.04;6791;1000;0.0;0;1.0000;0;2;3928;3928;3928
60;2015-03-27 12:29:00;909402N262;1814;3.960;36;233;232;234;234;2.791;50.04;584.0;1.329;639.7;0.758;795.0;0.697;60;0;0;2.709;2.840;2.824;580;618;614;50.04;50.04;50.04;6791;1000;0.0;0;1.0000;0;2;3960;3960;3960
60;2015-03-27 12:30:00;909402N262;1823;3.990;36;233;232;235;234;2.805;50.02;583.0;1.339;639.6;0.761;794.9;0.700;60;0;0;2.720;2.863;2.832;582;623;615;50.02;50.02;50.02;6791;1000;0.0;0;1.0000;0;2;3990;3990;3990
60;2015-03-27 12:31:00;909402N262;1792;4.019;36;234;232;235;234;2.759;50.01;578.4;1.333;622.6;0.767;787.8;0.699;60;0;0;2.681;2.808;2.790;574;611;606;50.01;50.01;50.01;6791;1000;0.0;0;1.0000;0;2;4019;4019;4019
60;2015-03-27 12:32:00;909402N262;1783;4.049;36;233;232;234;233;2.756;49.99;582.6;1.307;639.2;0.749;795.0;0.683;60;0;0;2.680;2.815;2.774;573;609;598;49.99;49.99;49.99;6791;1000;0.0;0;1.0000;0;2;4049;4049;4049
60;2015-03-27 12:33:00;909402N262;1754;4.078;36;233;232;234;233;2.716;49.98;583.9;1.278;639.4;0.741;795.1;0.671;60;0;0;2.642;2.775;2.733;563;601;588;49.98;49.98;49.98;6791;1000;0.0;0;1.0000;0;2;4078;4078;4078
60;2015-03-27 12:34:00;909402N262;1735;4.108;36;233;232;235;234;2.692;49.99;585.1;1.258;640.1;0.735;794.8;0.665;60;0;0;2.615;2.745;2.718;556;593;585;49.99;49.99;49.99;6791;1000;0.0;0;1.0000;0;2;4108;4108;4108
60;2015-03-27 12:35:00;909402N262;1740;4.136;36;233;232;235;234;2.697;49.99;585.7;1.256;639.6;0.741;795.0;0.667;60;0;0;2.621;2.758;2.714;559;595;584;49.99;49.99;49.99;6791;1000;0.0;0;1.0000;0;2;4136;4136;4136
60;2015-03-27 12:36:00;909402N262;1763;4.165;36;234;232;235;234;2.727;50.00;585.8;1.270;639.1;0.752;794.8;0.677;60;0;0;2.656;2.773;2.752;567;600;594;50.00;50.00;50.00;6791;1000;0.0;0;1.0000;0;2;4165;4165;4165
60;2015-03-27 12:37:00;909402N262;1800;4.195;36;233;232;235;233;2.778;50.00;585.8;1.296;639.7;0.768;794.7;0.692;60;0;0;2.708;2.836;2.791;580;615;603;50.00;50.00;50.00;6791;1000;0.0;0;1.0000;0;2;4195;4195;4195
60;2015-03-27 12:38:00;909402N262;1833;4.227;36;233;232;234;232;2.824;50.00;585.6;1.320;641.2;0.780;794.7;0.706;60;0;0;2.756;2.877;2.839;592;625;613;50.00;50.00;50.00;6791;1000;0.0;0;1.0000;0;2;4227;4227;4227
60;2015-03-27 12:39:00;909402N262;1849;4.257;36;233;233;234;233;2.840;50.00;585.3;1.334;640.5;0.786;794.4;0.711;60;0;0;2.776;2.887;2.857;599;629;618;50.00;50.00;50.00;6791;1000;0.0;0;1.0000;0;2;4257;4257;4257
60;2015-03-27 12:40:00;909402N262;1853;4.288;36;233;233;234;232;2.850;50.01;585.0;1.338;640.4;0.786;794.5;0.713;60;0;0;2.786;2.901;2.864;601;631;619;50.01;50.01;50.01;6791;1000;0.0;0;1.0000;0;2;4288;4288;4288
60;2015-03-27 12:41:00;909402N262;1861;4.320;36;233;232;234;232;2.858;50.01;584.4;1.347;639.7;0.789;794.7;0.716;60;0;0;2.794;2.906;2.876;603;632;623;50.01;50.01;50.01;6791;1000;0.0;0;1.0000;0;2;4320;4320;4320
60;2015-03-27 12:42:00;909402N262;1882;4.350;36;233;233;234;232;2.886;50.02;583.7;1.367;638.5;0.798;794.5;0.724;60;0;0;2.823;2.939;2.896;611;641;628;50.02;50.02;50.02;6791;1000;0.0;0;1.0000;0;2;4350;4350;4350
60;2015-03-27 12:43:00;909402N262;1933;4.383;36;233;233;234;232;2.949;50.02;583.3;1.405;637.8;0.822;794.9;0.744;60;0;0;2.891;2.998;2.958;629;658;644;50.02;50.02;50.02;6791;1000;0.0;0;1.0000;0;2;4383;4383;4383
60;2015-03-27 12:44:00;909402N262;2017;4.417;36;234;233;235;233;3.058;50.02;582.6;1.467;637.6;0.860;795.0;0.778;60;0;0;3.003;3.106;3.066;657;686;671;50.02;50.02;50.02;6791;1000;0.0;0;1.0000;0;2;4417;4417;4417
60;2015-03-27 12:45:00;909402N262;2124;4.452;36;234;233;235;233;3.204;50.04;582.5;1.542;638.4;0.906;795.1;0.821;60;0;0;3.143;3.254;3.215;691;722;708;50.04;50.04;50.04;6791;1000;0.0;0;1.0000;0;2;4452;4452;4452
60;2015-03-27 12:46:00;909402N262;2190;4.488;36;234;233;234;234;3.285;50.03;576.8;1.609;626.4;0.949;790.4;0.861;60;0;0;3.224;3.331;3.302;712;741;734;50.03;50.03;50.03;6791;1000;0.0;0;1.0000;0;2;4488;4488;4488
60;2015-03-27 12:47:00;909402N262;2262;4.527;36;233;233;234;233;3.394;50.02;581.7;1.644;641.3;0.959;795.1;0.875;60;0;0;3.343;3.432;3.409;736;766;758;50.02;50.02;50.02;6791;1000;0.0;0;1.0000;0;2;4527;4527;4527
60;2015-03-27 12:48:00;909402N262;2274;4.565;36;233;233;234;233;3.413;50.02;581.2;1.659;642.0;0.961;795.1;0.879;60;0;0;3.355;3.456;3.428;737;772;763;50.02;50.02;50.02;6791;1000;0.0;0;1.0000;0;2;4565;4565;4565
60;2015-03-27 12:49:00;909402N262;2243;4.602;36;233;233;234;233;3.374;50.03;581.0;1.641;641.6;0.947;795.2;0.865;60;0;0;3.322;3.416;3.386;730;760;751;50.03;50.03;50.03;6791;1000;0.0;0;1.0000;0;2;4602;4602;4602
60;2015-03-27 12:50:00;909402N262;2172;4.639;36;234;233;235;233;3.272;50.03;581.4;1.590;639.8;0.918;795.2;0.836;60;0;0;3.220;3.316;3.282;706;739;726;50.03;50.03;50.03;6791;1000;0.0;0;1.0000;0;2;4639;4639;4639
60;2015-03-27 12:51:00;909402N262;2085;4.673;36;233;233;234;233;3.161;50.02;581.5;1.526;638.2;0.885;795.0;0.801;60;0;0;3.104;3.211;3.168;676;709;698;50.02;50.02;50.02;6791;1000;0.0;0;1.0000;0;2;4673;4673;4673
60;2015-03-27 12:52:00;909402N262;2018;4.707;36;232;231;232;233;3.086;50.02;580.5;1.477;637.6;0.860;795.1;0.775;60;0;0;3.011;3.134;3.114;652;681;684;50.02;50.02;50.02;6791;1000;0.0;0;1.0000;0;2;4707;4707;4707
60;2015-03-27 12:53:00;909402N262;1966;4.740;36;233;232;233;233;3.015;50.02;580.1;1.438;637.3;0.839;795.0;0.754;60;0;0;2.946;3.064;3.036;637;664;663;50.02;50.02;50.02;6791;1000;0.0;0;1.0000;0;2;4740;4740;4740
60;2015-03-27 12:54:00;909402N262;1944;4.772;36;233;232;234;233;2.983;50.01;580.5;1.418;636.4;0.831;795.2;0.747;60;0;0;2.913;3.034;3.002;629;659;654;50.01;50.01;50.01;6791;1000;0.0;0;1.0000;0;2;4772;4772;4772
60;2015-03-27 12:55:00;909402N262;1950;4.805;36;233;231;234;234;2.987;50.02;581.0;1.417;636.0;0.835;795.1;0.751;60;0;0;2.918;3.036;3.008;628;661;660;50.02;50.02;50.02;6791;1000;0.0;0;1.0000;0;2;4805;4805;4805
60;2015-03-27 12:56:00;909402N262;1955;4.837;36;233;231;235;233;2.993;50.02;580.3;1.422;636.5;0.836;794.9;0.753;60;0;0;2.922;3.048;3.009;627;668;659;50.02;50.02;50.02;6791;1000;0.0;0;1.0000;0;2;4837;4837;4837
60;2015-03-27 12:57:00;909402N262;1952;4.871;37;233;231;235;233;2.986;50.02;579.6;1.422;636.7;0.833;795.0;0.753;60;0;0;2.915;3.039;3.006;625;667;658;50.02;50.02;50.02;6791;1000;0.0;0;1.0000;0;2;4871;4871;4871
60;2015-03-27 12:58:00;909402N262;1955;4.903;37;233;232;235;233;2.992;50.01;579.5;1.426;636.3;0.833;795.0;0.754;60;0;0;2.927;3.048;3.001;629;667;657;50.01;50.01;50.01;6791;1000;0.0;0;1.0000;0;2;4903;4903;4903
60;2015-03-27 12:59:00;909402N262;1973;4.936;37;233;232;234;234;3.024;50.00;579.2;1.444;635.8;0.840;794.9;0.762;60;0;0;2.954;3.081;3.039;636;672;663;50.00;50.00;50.00;6791;1000;0.0;0;1.0000;0;2;4936;4936;4936
60;2015-03-27 13:00:00;909402N262;1981;4.968;37;233;232;234;234;3.037;49.98;578.5;1.454;635.4;0.841;795.0;0.764;60;0;0;2.948;3.103;3.060;636;677;667;49.98;49.98;49.98;6791;1000;0.0;0;1.0000;0;2;4968;4968;4968
[wr_ende]
