20140520;100003;danfoss;My Plant;+0100
[wr_def_start]
909402N262;Inverter Type;Inverter Group;Hanzl
[wr_def_end]
[wr]
INTERVAL;TIMESTAMP;SERIAL;P_AC;E_DAY;T_WR;U_AC;U_AC_1;U_AC_2;U_AC_3;I_AC;F_AC;U_DC_1;I_DC_1;U_DC_2;I_DC_2;U_DC_3;I_DC_3;S;E_WR;M_WR;I_AC_1;I_AC_2;I_AC_3;P_AC_1;P_AC_2;P_AC_3;F_AC_1;F_AC_2;F_AC_3;R_DC;PC;PCS;PCS_LL;COS_PHI;COS_PHI_LL;S_COS_PHI;Current_Day_Energy;current_Day_Offset;ccEnergyOfDay_WithoutOffset
60;2014-05-20 09:01:00;909402N262;915;1.172;32;235;236;234;234;1.433;50.03;359.3;1.271;633.5;0.548;785.6;0.271;60;0;0;1.427;1.441;1.431;304;308;301;50.03;50.03;50.03;10775;1000;0.0;0;0.0000;0;0;1172;1172;1172
60;2014-05-20 09:02:00;909402N262;1385;1.195;32;235;236;234;234;2.034;50.02;448.7;1.089;385.8;1.857;794.7;0.261;60;0;0;1.997;2.066;2.041;454;467;462;50.02;50.02;50.02;10775;1000;0.0;0;0.0000;0;0;1195;1195;1195
60;2014-05-20 09:03:00;909402N262;1433;1.219;32;235;236;234;234;2.102;50.03;447.1;1.148;394.1;1.875;794.6;0.263;60;0;0;2.067;2.124;2.115;471;480;480;50.03;50.03;50.03;10775;1000;0.0;0;0.0000;0;0;1219;1219;1219
60;2014-05-20 09:04:00;909402N262;1473;1.244;32;234;236;233;234;2.163;50.03;445.1;1.210;400.6;1.885;793.5;0.261;60;0;0;2.125;2.188;2.178;483;494;494;50.03;50.03;50.03;10775;1000;0.0;0;0.0000;0;0;1244;1244;1244
60;2014-05-20 09:05:00;909402N262;1507;1.269;32;234;235;234;234;2.218;50.03;442.5;1.273;404.4;1.894;790.2;0.262;60;0;0;2.179;2.254;2.223;494;508;503;50.03;50.03;50.03;10775;1000;0.0;0;0.0000;0;0;1269;1269;1269
60;2014-05-20 09:06:00;909402N262;1559;1.295;32;234;235;234;235;2.280;50.05;440.3;1.337;412.4;1.913;794.7;0.265;60;0;0;2.244;2.313;2.284;511;524;521;50.05;50.05;50.05;10775;1000;0.0;0;0.0000;0;0;1295;1295;1295
60;2014-05-20 09:07:00;909402N262;1597;1.322;32;234;234;234;235;2.332;50.04;438.1;1.398;416.7;1.924;794.9;0.270;60;0;0;2.285;2.371;2.342;520;539;535;50.04;50.04;50.04;10775;1000;0.0;0;0.0000;0;0;1322;1322;1322
60;2014-05-20 09:08:00;909402N262;1636;1.349;32;234;235;234;235;2.388;50.04;435.6;1.458;421.5;1.936;795.0;0.273;60;0;0;2.345;2.427;2.393;535;552;547;50.04;50.04;50.04;10775;1000;0.0;0;0.0000;0;0;1349;1349;1349
60;2014-05-20 09:09:00;909402N262;1687;1.376;32;235;235;234;235;2.459;50.04;433.1;1.520;431.4;1.955;794.7;0.274;60;0;0;2.405;2.500;2.472;550;569;566;50.04;50.04;50.04;10775;1000;0.0;0;0.0000;0;0;1376;1376;1376
60;2014-05-20 09:10:00;909402N262;1722;1.406;32;235;235;234;235;2.509;50.03;430.5;1.579;435.3;1.965;794.9;0.276;60;0;0;2.465;2.553;2.510;564;582;575;50.03;50.03;50.03;10775;1000;0.0;0;0.0000;0;0;1406;1406;1406
60;2014-05-20 09:11:00;909402N262;1758;1.435;32;234;235;234;235;2.560;50.02;427.1;1.641;438.7;1.985;794.9;0.277;60;0;0;2.515;2.603;2.564;575;593;588;50.02;50.02;50.02;10775;1000;0.0;0;0.0000;0;0;1435;1435;1435
60;2014-05-20 09:12:00;909402N262;1802;1.465;32;234;234;234;234;2.625;50.02;424.9;1.690;447.9;1.999;795.1;0.278;60;0;0;2.578;2.666;2.633;589;607;603;50.02;50.02;50.02;10775;1000;0.0;0;0.0000;0;0;1465;1465;1465
60;2014-05-20 09:13:00;909402N262;1836;1.496;32;234;234;234;234;2.675;50.01;442.9;1.671;450.7;2.013;794.9;0.280;60;0;0;2.632;2.714;2.679;601;620;614;50.01;50.01;50.01;10775;1000;0.0;0;0.0000;0;0;1496;1496;1496
60;2014-05-20 09:14:00;909402N262;1882;1.526;32;234;234;235;234;2.736;50.02;450.1;1.700;455.4;2.034;794.9;0.282;60;0;0;2.690;2.789;2.731;615;639;626;50.02;50.02;50.02;10775;1000;0.0;0;0.0000;0;0;1526;1526;1526
60;2014-05-20 09:15:00;909402N262;1924;1.559;32;234;234;235;234;2.793;50.02;478.9;1.642;461.9;2.045;794.8;0.284;60;0;0;2.748;2.845;2.788;629;654;640;50.02;50.02;50.02;10775;1000;0.0;0;0.0000;0;0;1559;1559;1559
60;2014-05-20 09:16:00;909402N262;1983;1.592;33;234;234;235;234;2.867;50.01;475.4;1.703;459.9;2.055;717.2;0.494;60;0;0;2.814;2.908;2.880;648;669;664;50.01;50.01;50.01;10775;1000;0.0;0;0.0000;0;0;1592;1592;1592
60;2014-05-20 09:17:00;909402N262;2315;1.630;33;234;234;235;234;3.303;50.01;490.7;1.719;469.6;2.083;354.6;1.532;60;0;0;3.242;3.346;3.322;757;781;775;50.01;50.01;50.01;10775;1000;0.0;0;0.0000;0;0;1630;1630;1630
60;2014-05-20 09:18:00;909402N262;2395;1.670;33;234;234;235;234;3.414;50.01;521.6;1.701;471.7;2.100;374.4;1.512;60;0;0;3.355;3.458;3.431;784;808;802;50.01;50.01;50.01;10775;1000;0.0;0;0.0000;0;0;1670;1670;1670
60;2014-05-20 09:19:00;909402N262;2472;1.712;33;234;234;234;235;3.527;50.01;512.2;1.799;479.5;2.110;372.9;1.578;60;0;0;3.469;3.557;3.555;810;828;832;50.01;50.01;50.01;10775;1000;0.0;0;0.0000;0;0;1712;1712;1712
60;2014-05-20 09:20:00;909402N262;2549;1.755;33;234;234;234;235;3.636;49.99;512.1;1.856;481.6;2.129;398.1;1.564;60;0;0;3.584;3.664;3.660;837;853;856;49.99;49.99;49.99;10775;1000;0.0;0;0.0000;0;0;1755;1755;1755
60;2014-05-20 09:21:00;909402N262;2653;1.798;33;234;234;234;235;3.785;50.00;511.8;1.915;485.2;2.145;419.3;1.630;60;0;0;3.731;3.817;3.809;871;889;891;50.00;50.00;50.00;10775;1000;0.0;0;0.0000;0;0;1798;1798;1798
60;2014-05-20 09:22:00;909402N262;2703;1.844;33;234;234;234;235;3.858;50.01;519.7;1.938;487.3;2.160;423.1;1.644;60;0;0;3.802;3.889;3.884;887;905;908;50.01;50.01;50.01;10775;1000;0.0;0;0.0000;0;0;1844;1844;1844
60;2014-05-20 09:23:00;909402N262;2743;1.889;33;234;234;233;234;3.921;50.01;522.2;1.981;487.6;2.174;403.7;1.742;60;0;0;3.877;3.948;3.939;905;917;918;50.01;50.01;50.01;10775;1000;0.0;0;0.0000;0;0;1889;1889;1889
60;2014-05-20 09:24:00;909402N262;2840;1.937;33;234;234;234;234;4.058;50.01;519.3;2.041;493.8;2.186;447.0;1.687;60;0;0;4.012;4.089;4.073;937;952;949;50.01;50.01;50.01;10775;1000;0.0;0;0.0000;0;0;1937;1937;1937
60;2014-05-20 09:25:00;909402N262;2943;1.985;33;234;234;234;233;4.205;49.99;516.0;2.103;498.3;2.205;473.9;1.717;60;0;0;4.156;4.251;4.210;970;992;980;49.99;49.99;49.99;10775;1000;0.0;0;0.0000;0;0;1985;1985;1985
60;2014-05-20 09:26:00;909402N262;3071;2.037;33;234;234;235;234;4.384;50.01;513.1;2.160;500.7;2.218;508.1;1.787;60;0;0;4.334;4.430;4.389;1012;1036;1022;50.01;50.01;50.01;10775;1000;0.0;0;0.0000;0;0;2037;2037;2037
60;2014-05-20 09:27:00;909402N262;3186;2.090;33;234;234;235;234;4.547;50.02;510.4;2.213;503.8;2.239;553.7;1.778;60;0;0;4.497;4.596;4.548;1050;1073;1059;50.02;50.02;50.02;10775;1000;0.0;0;0.0000;0;0;2090;2090;2090
60;2014-05-20 09:28:00;909402N262;3247;2.144;33;234;234;235;234;4.635;50.01;509.5;2.249;504.1;2.252;585.2;1.746;60;0;0;4.583;4.683;4.640;1070;1094;1081;50.01;50.01;50.01;10775;1000;0.0;0;0.0000;0;0;2144;2144;2144
60;2014-05-20 09:29:00;909402N262;3308;2.200;33;234;233;235;234;4.718;50.01;508.8;2.282;512.1;2.263;591.5;1.766;60;0;0;4.648;4.772;4.736;1082;1118;1107;50.01;50.01;50.01;10775;1000;0.0;0;0.0000;0;0;2200;2200;2200
60;2014-05-20 09:30:00;909402N262;3381;2.257;34;234;233;235;235;4.821;50.01;508.7;2.320;515.2;2.283;604.9;1.790;60;0;0;4.750;4.870;4.845;1106;1139;1134;50.01;50.01;50.01;10775;1000;0.0;0;0.0000;0;0;2257;2257;2257
60;2014-05-20 09:31:00;909402N262;3386;2.314;34;234;234;235;235;4.828;50.01;505.5;2.356;511.7;2.287;605.2;1.810;60;0;0;4.757;4.870;4.857;1108;1138;1138;50.01;50.01;50.01;10775;1000;0.0;0;0.0000;0;0;2314;2314;2314
60;2014-05-20 09:32:00;909402N262;3468;2.370;34;234;233;235;235;4.942;50.00;508.1;2.391;521.1;2.309;605.6;1.828;60;0;0;4.869;4.988;4.971;1134;1167;1165;50.00;50.00;50.00;10775;1000;0.0;0;0.0000;0;0;2370;2370;2370
60;2014-05-20 09:33:00;909402N262;3518;2.430;34;234;234;235;235;5.012;50.00;507.6;2.426;521.3;2.323;615.8;1.839;60;0;0;4.940;5.060;5.038;1152;1184;1180;50.00;50.00;50.00;10775;1000;0.0;0;0.0000;0;0;2430;2430;2430
60;2014-05-20 09:34:00;909402N262;3581;2.489;34;234;234;234;235;5.107;50.01;507.2;2.465;527.4;2.340;621.5;1.860;60;0;0;5.038;5.140;5.145;1175;1199;1205;50.01;50.01;50.01;10775;1000;0.0;0;0.0000;0;0;2489;2489;2489
60;2014-05-20 09:35:00;909402N262;3642;2.550;34;234;234;234;235;5.195;50.00;507.2;2.500;533.1;2.355;629.4;1.870;60;0;0;5.130;5.228;5.227;1197;1220;1224;50.00;50.00;50.00;10775;1000;0.0;0;0.0000;0;0;2550;2550;2550
60;2014-05-20 09:36:00;909402N262;3675;2.611;34;234;234;234;234;5.246;50.02;506.4;2.537;532.7;2.372;626.5;1.893;60;0;0;5.181;5.286;5.271;1208;1234;1232;50.02;50.02;50.02;10775;1000;0.0;0;0.0000;0;0;2611;2611;2611
60;2014-05-20 09:37:00;909402N262;3748;2.674;34;234;234;234;234;5.351;50.01;506.3;2.574;536.5;2.389;641.2;1.909;60;0;0;5.290;5.394;5.371;1233;1260;1253;50.01;50.01;50.01;10775;1000;0.0;0;0.0000;0;0;2674;2674;2674
60;2014-05-20 09:38:00;909402N262;3825;2.738;34;234;234;234;234;5.463;50.01;506.2;2.612;537.2;2.408;661.4;1.924;60;0;0;5.409;5.504;5.478;1261;1285;1277;50.01;50.01;50.01;10775;1000;0.0;0;0.0000;0;0;2738;2738;2738
60;2014-05-20 09:39:00;909402N262;3947;2.804;34;234;234;234;234;5.669;50.01;505.6;2.644;537.4;2.423;702.8;1.943;60;0;0;5.604;5.723;5.682;1299;1329;1317;50.01;50.01;50.01;10775;1000;0.0;0;0.0000;0;0;2804;2804;2804
60;2014-05-20 09:40:00;909402N262;4063;2.871;34;234;234;234;234;5.854;50.02;505.4;2.677;542.8;2.434;737.7;1.959;60;0;0;5.798;5.893;5.872;1338;1363;1359;50.02;50.02;50.02;10775;1000;0.0;0;0.0000;0;0;2871;2871;2871
60;2014-05-20 09:41:00;909402N262;4146;2.941;35;234;234;234;234;5.977;50.00;505.0;2.715;546.9;2.450;753.8;1.982;60;0;0;5.916;6.015;6.002;1365;1391;1388;50.00;50.00;50.00;10775;1000;0.0;0;0.0000;0;0;2941;2941;2941
60;2014-05-20 09:42:00;909402N262;4257;3.011;35;234;234;234;234;6.133;50.01;530.8;2.664;548.7;2.467;773.0;2.007;60;0;0;6.077;6.169;6.153;1403;1428;1424;50.01;50.01;50.01;10775;1000;0.0;0;0.0000;0;0;3011;3011;3011
60;2014-05-20 09:43:00;909402N262;4367;3.084;35;234;234;234;234;6.272;50.02;537.3;2.688;550.1;2.483;791.6;2.046;60;0;0;6.214;6.296;6.307;1441;1458;1466;50.02;50.02;50.02;10775;1000;0.0;0;0.0000;0;0;3084;3084;3084
60;2014-05-20 09:44:00;909402N262;4452;3.159;35;234;234;234;234;6.385;50.01;537.7;2.736;553.5;2.501;794.6;2.090;60;0;0;6.323;6.419;6.415;1469;1489;1492;50.01;50.01;50.01;10775;1000;0.0;0;0.0000;0;0;3159;3159;3159
60;2014-05-20 09:45:00;909402N262;4499;3.233;35;234;234;234;235;6.447;49.98;548.2;2.734;553.5;2.511;794.4;2.106;60;0;0;6.392;6.462;6.489;1485;1500;1511;49.98;49.98;49.98;10775;1000;0.0;0;0.0000;0;0;3233;3233;3233
60;2014-05-20 09:46:00;909402N262;4484;3.308;35;234;234;234;234;6.427;49.98;541.6;2.782;550.8;2.514;794.7;2.113;60;0;0;6.376;6.446;6.460;1481;1495;1505;49.98;49.98;49.98;10775;1000;0.0;0;0.0000;0;0;3308;3308;3308
60;2014-05-20 09:47:00;909402N262;4557;3.384;35;234;234;234;234;6.524;49.99;548.8;2.814;556.8;2.532;794.5;2.098;60;0;0;6.468;6.552;6.552;1504;1526;1526;49.99;49.99;49.99;10775;1000;0.0;0;0.0000;0;0;3384;3384;3384
60;2014-05-20 09:48:00;909402N262;4608;3.461;35;234;233;234;234;6.600;49.99;553.5;2.838;559.5;2.552;793.2;2.111;60;0;0;6.544;6.643;6.615;1520;1546;1539;49.99;49.99;49.99;10775;1000;0.0;0;0.0000;0;0;3461;3461;3461
60;2014-05-20 09:49:00;909402N262;4659;3.538;36;234;234;234;234;6.678;49.98;553.0;2.886;564.1;2.568;785.8;2.137;60;0;0;6.621;6.721;6.692;1537;1565;1555;49.98;49.98;49.98;10775;1000;0.0;0;0.0000;0;0;3538;3538;3538
60;2014-05-20 09:50:00;909402N262;4687;3.616;36;234;234;234;234;6.712;49.99;550.8;2.941;563.8;2.582;780.2;2.150;60;0;0;6.658;6.738;6.740;1548;1568;1569;49.99;49.99;49.99;10775;1000;0.0;0;0.0000;0;0;3616;3616;3616
60;2014-05-20 09:51:00;909402N262;4724;3.695;36;234;234;234;234;6.769;49.98;549.2;2.985;566.6;2.594;778.4;2.162;60;0;0;6.712;6.805;6.790;1560;1582;1580;49.98;49.98;49.98;10775;1000;0.0;0;0.0000;0;0;3695;3695;3695
60;2014-05-20 09:52:00;909402N262;4773;3.774;36;234;234;235;234;6.826;49.99;550.1;3.020;568.6;2.612;777.8;2.178;60;0;0;6.765;6.867;6.847;1575;1600;1596;49.99;49.99;49.99;10775;1000;0.0;0;0.0000;0;0;3774;3774;3774
60;2014-05-20 09:53:00;909402N262;4808;3.855;36;234;234;235;234;6.882;49.99;559.2;3.006;567.9;2.624;778.4;2.192;60;0;0;6.821;6.923;6.902;1587;1613;1606;49.99;49.99;49.99;10775;1000;0.0;0;0.0000;0;0;3855;3855;3855
60;2014-05-20 09:54:00;909402N262;4842;3.936;36;234;235;234;234;6.925;50.01;559.1;3.042;567.4;2.635;777.5;2.206;60;0;0;6.887;6.959;6.931;1607;1621;1612;50.01;50.01;50.01;10775;1000;0.0;0;0.0000;0;0;3936;3936;3936
60;2014-05-20 09:55:00;909402N262;4874;4.017;36;234;235;234;234;6.970;50.00;556.9;3.091;566.7;2.647;777.1;2.217;60;0;0;6.934;7.002;6.975;1618;1631;1623;50.00;50.00;50.00;10775;1000;0.0;0;0.0000;0;0;4017;4017;4017
60;2014-05-20 09:56:00;909402N262;4941;4.100;36;234;234;235;234;7.062;50.01;554.7;3.147;566.6;2.666;783.6;2.242;60;0;0;7.011;7.102;7.074;1634;1659;1647;50.01;50.01;50.01;10775;1000;0.0;0;0.0000;0;0;4100;4100;4100
60;2014-05-20 09:57:00;909402N262;5009;4.182;37;234;234;235;234;7.147;50.00;552.9;3.200;566.2;2.683;791.8;2.266;60;0;0;7.084;7.192;7.165;1653;1683;1671;50.00;50.00;50.00;10775;1000;0.0;0;0.0000;0;0;4182;4182;4182
60;2014-05-20 09:58:00;909402N262;5076;4.267;37;234;234;235;234;7.241;50.01;551.7;3.255;566.5;2.701;794.9;2.295;60;0;0;7.195;7.280;7.250;1680;1704;1690;50.01;50.01;50.01;10775;1000;0.0;0;0.0000;0;0;4267;4267;4267
60;2014-05-20 09:59:00;909402N262;5130;4.353;37;234;234;235;234;7.315;50.03;549.5;3.310;568.6;2.719;795.1;2.314;60;0;0;7.270;7.346;7.330;1699;1718;1711;50.03;50.03;50.03;10775;1000;0.0;0;0.0000;0;0;4353;4353;4353
60;2014-05-20 10:00:00;909402N262;5174;4.439;37;235;235;235;234;7.372;50.00;547.4;3.358;571.9;2.729;795.0;2.329;60;0;0;7.331;7.398;7.389;1717;1729;1726;50.00;50.00;50.00;10775;1000;0.0;0;0.0000;0;0;4439;4439;4439
[wr_ende]
