20140831;150004;danfoss;My Plant;+0100
[wr_def_start]
909402N262;Inverter Type;Inverter Group;Hanzl
[wr_def_end]
[wr]
INTERVAL;TIMESTAMP;SERIAL;P_AC;E_DAY;T_WR;U_AC;U_AC_1;U_AC_2;U_AC_3;I_AC;F_AC;U_DC_1;I_DC_1;U_DC_2;I_DC_2;U_DC_3;I_DC_3;S;E_WR;M_WR;I_AC_1;I_AC_2;I_AC_3;P_AC_1;P_AC_2;P_AC_3;F_AC_1;F_AC_2;F_AC_3;R_DC;PC;PCS;PCS_LL;COS_PHI;COS_PHI_LL;S_COS_PHI;Current_Day_Energy;current_Day_Offset;ccEnergyOfDay_WithoutOffset
60;2014-08-31 14:01:00;909402N262;2039;9.911;44;234;234;234;235;2.969;49.98;551.4;1.693;604.6;0.890;780.5;0.756;60;0;0;2.905;3.003;3.001;662;687;688;49.98;49.98;49.98;6084;1000;0.0;0;0.0000;0;0;9911;9911;9911
60;2014-08-31 14:02:00;909402N262;2118;9.946;44;234;234;234;235;3.108;49.98;555.4;1.740;620.4;0.901;780.1;0.779;60;0;0;3.050;3.139;3.136;691;710;715;49.98;49.98;49.98;6084;1000;0.0;0;0.0000;0;0;9946;9946;9946
60;2014-08-31 14:03:00;909402N262;2189;9.982;44;234;234;234;235;3.206;50.00;555.3;1.802;621.3;0.927;781.0;0.807;60;0;0;3.149;3.242;3.228;716;736;736;50.00;50.00;50.00;6084;1000;0.0;0;0.0000;0;0;9982;9982;9982
60;2014-08-31 14:04:00;909402N262;2281;10.021;44;234;234;234;235;3.337;49.99;555.1;1.877;622.0;0.963;782.4;0.841;60;0;0;3.279;3.369;3.363;745;765;768;49.99;49.99;49.99;6084;1000;0.0;0;0.0000;0;0;10021;10021;10021
60;2014-08-31 14:05:00;909402N262;2386;10.060;44;234;234;234;235;3.482;50.01;554.6;1.961;623.2;1.005;783.3;0.883;60;0;0;3.425;3.518;3.503;780;802;802;50.01;50.01;50.01;6084;1000;0.0;0;0.0000;0;0;10060;10060;10060
60;2014-08-31 14:06:00;909402N262;2489;10.101;44;234;234;233;235;3.626;50.01;553.6;2.041;623.7;1.052;784.4;0.923;60;0;0;3.574;3.656;3.650;817;832;838;50.01;50.01;50.01;6084;1000;0.0;0;0.0000;0;0;10101;10101;10101
60;2014-08-31 14:07:00;909402N262;2572;10.144;44;234;234;233;235;3.742;50.02;552.5;2.103;624.6;1.091;785.3;0.956;60;0;0;3.690;3.768;3.770;845;859;866;50.02;50.02;50.02;6084;1000;0.0;0;0.0000;0;0;10144;10144;10144
60;2014-08-31 14:08:00;909402N262;2607;10.188;44;234;235;233;236;3.792;50.01;552.0;2.126;624.0;1.113;785.4;0.969;60;0;0;3.742;3.816;3.818;857;869;879;50.01;50.01;50.01;6084;1000;0.0;0;0.0000;0;0;10188;10188;10188
60;2014-08-31 14:09:00;909402N262;2587;10.231;44;235;235;234;236;3.762;50.00;551.6;2.106;623.6;1.110;784.2;0.962;60;0;0;3.712;3.791;3.784;850;864;871;50.00;50.00;50.00;6084;1000;0.0;0;0.0000;0;0;10231;10231;10231
60;2014-08-31 14:10:00;909402N262;2534;10.274;44;235;235;233;236;3.687;50.00;551.4;2.061;623.0;1.092;783.4;0.941;60;0;0;3.628;3.720;3.714;831;846;855;50.00;50.00;50.00;6084;1000;0.0;0;0.0000;0;0;10274;10274;10274
60;2014-08-31 14:11:00;909402N262;2485;10.316;44;234;233;234;235;3.628;50.00;551.2;2.023;621.5;1.076;781.8;0.923;60;0;0;3.562;3.668;3.654;811;836;836;50.00;50.00;50.00;6084;1000;0.0;0;0.0000;0;0;10316;10316;10316
60;2014-08-31 14:12:00;909402N262;2464;10.356;44;234;234;234;235;3.591;50.01;550.3;2.013;621.0;1.068;781.1;0.914;60;0;0;3.531;3.627;3.616;807;826;829;50.01;50.01;50.01;6084;1000;0.0;0;0.0000;0;0;10356;10356;10356
60;2014-08-31 14:13:00;909402N262;2471;10.398;44;234;234;234;235;3.600;50.00;550.2;2.021;620.6;1.072;781.0;0.915;60;0;0;3.537;3.630;3.633;809;827;834;50.00;50.00;50.00;6084;1000;0.0;0;0.0000;0;0;10398;10398;10398
60;2014-08-31 14:14:00;909402N262;2497;10.439;44;234;234;234;235;3.639;49.99;550.1;2.045;620.6;1.082;780.6;0.924;60;0;0;3.580;3.674;3.665;818;837;841;49.99;49.99;49.99;6084;1000;0.0;0;0.0000;0;0;10439;10439;10439
60;2014-08-31 14:15:00;909402N262;2522;10.481;44;234;234;234;235;3.674;50.01;549.6;2.068;621.3;1.091;779.6;0.936;60;0;0;3.617;3.713;3.693;826;846;848;50.01;50.01;50.01;6084;1000;0.0;0;0.0000;0;0;10481;10481;10481
60;2014-08-31 14:16:00;909402N262;2503;10.523;44;234;235;234;235;3.637;50.01;545.2;2.072;606.0;1.107;781.8;0.940;60;0;0;3.583;3.682;3.647;822;842;837;50.01;50.01;50.01;6084;1000;0.0;0;0.0000;0;0;10523;10523;10523
60;2014-08-31 14:17:00;909402N262;2506;10.564;44;234;235;234;234;3.621;50.02;549.1;2.046;620.3;1.087;780.4;0.933;60;0;0;3.572;3.662;3.630;826;842;836;50.02;50.02;50.02;6084;1000;0.0;0;0.0000;0;0;10564;10564;10564
60;2014-08-31 14:18:00;909402N262;2445;10.606;44;234;235;234;234;3.537;50.01;547.7;2.001;618.5;1.065;778.8;0.911;60;0;0;3.492;3.580;3.541;806;823;815;50.01;50.01;50.01;6084;1000;0.0;0;0.0000;0;0;10606;10606;10606
60;2014-08-31 14:19:00;909402N262;2390;10.645;44;234;235;234;234;3.459;50.01;547.4;1.962;617.7;1.042;773.2;0.894;60;0;0;3.402;3.504;3.473;784;805;798;50.01;50.01;50.01;6084;1000;0.0;0;0.0000;0;0;10645;10645;10645
60;2014-08-31 14:20:00;909402N262;2375;10.685;44;234;235;234;234;3.437;50.02;547.5;1.956;617.6;1.033;773.9;0.885;60;0;0;3.384;3.480;3.447;781;799;793;50.02;50.02;50.02;6084;1000;0.0;0;0.0000;0;0;10685;10685;10685
60;2014-08-31 14:21:00;909402N262;2399;10.724;44;234;235;234;234;3.469;50.02;547.6;1.979;617.8;1.039;778.7;0.889;60;0;0;3.416;3.514;3.478;788;810;800;50.02;50.02;50.02;6084;1000;0.0;0;0.0000;0;0;10724;10724;10724
60;2014-08-31 14:22:00;909402N262;2462;10.766;44;234;235;234;234;3.557;50.02;548.6;2.029;618.4;1.060;779.8;0.915;60;0;0;3.500;3.599;3.572;808;829;823;50.02;50.02;50.02;6084;1000;0.0;0;0.0000;0;0;10766;10766;10766
60;2014-08-31 14:23:00;909402N262;2590;10.810;44;234;235;233;234;3.745;50.02;549.0;2.132;620.2;1.108;781.2;0.966;60;0;0;3.701;3.778;3.756;855;869;865;50.02;50.02;50.02;6084;1000;0.0;0;0.0000;0;0;10810;10810;10810
60;2014-08-31 14:24:00;909402N262;2635;10.852;44;234;235;234;234;3.808;50.01;548.9;2.160;619.8;1.129;781.7;0.985;60;0;0;3.756;3.854;3.814;867;889;877;50.01;50.01;50.01;6084;1000;0.0;0;0.0000;0;0;10852;10852;10852
60;2014-08-31 14:25:00;909402N262;2644;10.897;44;234;234;234;235;3.815;50.01;548.7;2.162;620.1;1.137;781.4;0.991;60;0;0;3.750;3.860;3.836;865;891;886;50.01;50.01;50.01;6084;1000;0.0;0;0.0000;0;0;10897;10897;10897
60;2014-08-31 14:26:00;909402N262;2621;10.941;44;234;234;234;235;3.783;50.01;548.6;2.140;619.7;1.133;781.2;0.982;60;0;0;3.716;3.822;3.813;858;882;881;50.01;50.01;50.01;6084;1000;0.0;0;0.0000;0;0;10941;10941;10941
60;2014-08-31 14:27:00;909402N262;2558;10.983;44;235;234;234;235;3.690;50.01;548.3;2.087;619.7;1.109;779.4;0.958;60;0;0;3.630;3.730;3.710;837;861;858;50.01;50.01;50.01;6084;1000;0.0;0;0.0000;0;0;10983;10983;10983
60;2014-08-31 14:28:00;909402N262;2464;11.024;44;235;234;235;235;3.558;50.02;547.6;2.016;619.0;1.069;776.1;0.924;60;0;0;3.488;3.596;3.591;803;830;829;50.02;50.02;50.02;6084;1000;0.0;0;0.0000;0;0;11024;11024;11024
60;2014-08-31 14:29:00;909402N262;2367;11.063;44;234;234;234;235;3.425;50.01;546.8;1.943;618.7;1.027;774.1;0.887;60;0;0;3.362;3.464;3.451;773;795;797;50.01;50.01;50.01;6084;1000;0.0;0;0.0000;0;0;11063;11063;11063
60;2014-08-31 14:30:00;909402N262;2275;11.102;44;234;234;233;236;3.295;50.01;546.7;1.869;617.4;0.988;772.9;0.853;60;0;0;3.234;3.323;3.329;743;760;769;50.01;50.01;50.01;6084;1000;0.0;0;0.0000;0;0;11102;11102;11102
60;2014-08-31 14:31:00;909402N262;2154;11.137;44;234;234;233;236;3.122;50.02;541.4;1.790;607.1;0.948;777.1;0.813;60;0;0;3.056;3.154;3.156;702;722;729;50.02;50.02;50.02;6084;1000;0.0;0;0.0000;0;0;11137;11137;11137
60;2014-08-31 14:32:00;909402N262;2051;11.173;44;234;235;233;236;2.984;50.02;546.1;1.687;616.7;0.891;770.5;0.772;60;0;0;2.920;3.012;3.021;668;686;695;50.02;50.02;50.02;6084;1000;0.0;0;0.0000;0;0;11173;11173;11173
60;2014-08-31 14:33:00;909402N262;1910;11.204;44;235;234;234;235;2.789;50.01;545.6;1.573;615.4;0.834;769.0;0.717;60;0;0;2.732;2.830;2.806;621;645;642;50.01;50.01;50.01;6084;1000;0.0;0;0.0000;0;0;11204;11204;11204
60;2014-08-31 14:34:00;909402N262;1782;11.233;44;235;234;235;235;2.612;50.01;545.8;1.469;614.8;0.778;766.5;0.667;60;0;0;2.563;2.653;2.622;580;604;596;50.01;50.01;50.01;6084;1000;0.0;0;0.0000;0;0;11233;11233;11233
60;2014-08-31 14:35:00;909402N262;1678;11.262;44;235;234;235;235;2.471;50.01;545.7;1.391;614.2;0.731;755.8;0.636;60;0;0;2.411;2.507;2.496;543;568;565;50.01;50.01;50.01;6084;1000;0.0;0;0.0000;0;0;11262;11262;11262
60;2014-08-31 14:36:00;909402N262;1613;11.288;44;235;234;235;235;2.383;50.00;544.8;1.343;613.6;0.700;759.1;0.608;60;0;0;2.328;2.420;2.401;523;546;542;50.00;50.00;50.00;6084;1000;0.0;0;0.0000;0;0;11288;11288;11288
60;2014-08-31 14:37:00;909402N262;1581;11.315;44;234;234;235;235;2.339;50.01;543.7;1.322;613.4;0.683;758.1;0.596;60;0;0;2.283;2.374;2.360;512;535;532;50.01;50.01;50.01;6084;1000;0.0;0;0.0000;0;0;11315;11315;11315
60;2014-08-31 14:38:00;909402N262;1576;11.341;44;234;234;235;234;2.331;50.01;543.5;1.320;612.9;0.680;763.1;0.591;60;0;0;2.275;2.375;2.345;510;535;529;50.01;50.01;50.01;6084;1000;0.0;0;0.0000;0;0;11341;11341;11341
60;2014-08-31 14:39:00;909402N262;1591;11.368;44;234;234;234;235;2.353;50.01;544.2;1.330;613.9;0.685;763.9;0.596;60;0;0;2.294;2.384;2.381;515;537;537;50.01;50.01;50.01;6084;1000;0.0;0;0.0000;0;0;11368;11368;11368
60;2014-08-31 14:40:00;909402N262;1621;11.395;44;235;234;235;235;2.389;50.01;545.1;1.353;614.5;0.698;767.3;0.606;60;0;0;2.342;2.419;2.407;527;548;545;50.01;50.01;50.01;6084;1000;0.0;0;0.0000;0;0;11395;11395;11395
60;2014-08-31 14:41:00;909402N262;1661;11.422;44;235;235;235;236;2.445;50.01;545.8;1.384;615.6;0.713;768.9;0.621;60;0;0;2.382;2.482;2.473;537;561;562;50.01;50.01;50.01;6084;1000;0.0;0;0.0000;0;0;11422;11422;11422
60;2014-08-31 14:42:00;909402N262;1703;11.451;44;235;235;235;235;2.502;50.00;547.2;1.413;617.0;0.729;767.2;0.638;60;0;0;2.441;2.538;2.527;552;575;575;50.00;50.00;50.00;6084;1000;0.0;0;0.0000;0;0;11451;11451;11451
60;2014-08-31 14:43:00;909402N262;1740;11.480;44;235;235;235;236;2.554;50.01;547.0;1.445;617.7;0.746;771.3;0.649;60;0;0;2.498;2.593;2.571;565;589;585;50.01;50.01;50.01;6084;1000;0.0;0;0.0000;0;0;11480;11480;11480
60;2014-08-31 14:44:00;909402N262;1778;11.509;44;235;235;235;235;2.607;50.01;547.5;1.474;617.8;0.762;775.1;0.659;60;0;0;2.558;2.642;2.621;579;600;597;50.01;50.01;50.01;6084;1000;0.0;0;0.0000;0;0;11509;11509;11509
60;2014-08-31 14:45:00;909402N262;1826;11.540;44;235;235;235;236;2.669;50.01;547.8;1.516;618.9;0.780;775.1;0.675;60;0;0;2.620;2.713;2.674;595;618;611;50.01;50.01;50.01;6084;1000;0.0;0;0.0000;0;0;11540;11540;11540
60;2014-08-31 14:46:00;909402N262;1893;11.571;44;235;235;235;235;2.755;50.00;543.9;1.585;606.1;0.820;771.6;0.715;60;0;0;2.709;2.799;2.757;617;639;632;50.00;50.00;50.00;6084;1000;0.0;0;0.0000;0;0;11571;11571;11571
60;2014-08-31 14:47:00;909402N262;2022;11.605;44;235;235;235;235;2.969;50.01;549.5;1.675;619.6;0.860;774.7;0.754;60;0;0;2.904;3.010;2.994;657;683;681;50.01;50.01;50.01;6084;1000;0.0;0;0.0000;0;0;11605;11605;11605
60;2014-08-31 14:48:00;909402N262;2141;11.641;44;235;235;235;235;3.139;50.02;550.5;1.765;621.0;0.910;776.6;0.800;60;0;0;3.074;3.178;3.165;698;722;721;50.02;50.02;50.02;6084;1000;0.0;0;0.0000;0;0;11641;11641;11641
60;2014-08-31 14:49:00;909402N262;2243;11.678;44;235;234;235;235;3.277;50.01;550.9;1.841;621.9;0.954;777.7;0.838;60;0;0;3.220;3.312;3.300;733;755;753;50.01;50.01;50.01;6084;1000;0.0;0;0.0000;0;0;11678;11678;11678
60;2014-08-31 14:50:00;909402N262;2298;11.717;44;234;234;234;235;3.357;50.02;551.6;1.880;622.4;0.982;772.4;0.864;60;0;0;3.294;3.397;3.381;750;774;772;50.02;50.02;50.02;6084;1000;0.0;0;0.0000;0;0;11717;11717;11717
60;2014-08-31 14:51:00;909402N262;2320;11.755;44;234;234;234;235;3.388;50.01;551.4;1.898;622.7;0.995;770.1;0.871;60;0;0;3.322;3.426;3.416;756;780;781;50.01;50.01;50.01;6084;1000;0.0;0;0.0000;0;0;11755;11755;11755
60;2014-08-31 14:52:00;909402N262;2333;11.794;44;235;234;235;235;3.402;50.01;550.8;1.910;622.3;1.003;767.4;0.877;60;0;0;3.328;3.443;3.437;758;785;788;50.01;50.01;50.01;6084;1000;0.0;0;0.0000;0;0;11794;11794;11794
60;2014-08-31 14:53:00;909402N262;2348;11.833;44;235;234;235;235;3.420;50.01;550.6;1.924;622.0;1.011;768.1;0.882;60;0;0;3.359;3.458;3.445;766;790;789;50.01;50.01;50.01;6084;1000;0.0;0;0.0000;0;0;11833;11833;11833
60;2014-08-31 14:54:00;909402N262;2372;11.873;44;235;235;235;235;3.453;50.01;550.3;1.945;621.4;1.023;768.4;0.892;60;0;0;3.391;3.489;3.481;774;798;798;50.01;50.01;50.01;6084;1000;0.0;0;0.0000;0;0;11873;11873;11873
60;2014-08-31 14:55:00;909402N262;2413;11.913;44;235;235;235;236;3.505;50.01;550.3;1.977;621.4;1.040;772.5;0.904;60;0;0;3.440;3.542;3.535;787;812;812;50.01;50.01;50.01;6084;1000;0.0;0;0.0000;0;0;11913;11913;11913
60;2014-08-31 14:56:00;909402N262;2452;11.954;45;236;235;236;236;3.556;50.01;550.1;2.008;621.4;1.057;771.2;0.921;60;0;0;3.490;3.596;3.583;800;826;825;50.01;50.01;50.01;6084;1000;0.0;0;0.0000;0;0;11954;11954;11954
60;2014-08-31 14:57:00;909402N262;2482;11.996;45;236;235;236;236;3.595;50.02;550.7;2.028;621.2;1.072;769.1;0.935;60;0;0;3.532;3.636;3.618;811;836;833;50.02;50.02;50.02;6084;1000;0.0;0;0.0000;0;0;11996;11996;11996
60;2014-08-31 14:58:00;909402N262;2497;12.037;45;236;235;236;236;3.612;50.00;550.5;2.039;621.3;1.081;767.9;0.941;60;0;0;3.546;3.653;3.639;814;841;839;50.00;50.00;50.00;6084;1000;0.0;0;0.0000;0;0;12037;12037;12037
60;2014-08-31 14:59:00;909402N262;2495;12.079;45;236;236;236;236;3.609;50.00;550.6;2.039;621.0;1.083;767.3;0.939;60;0;0;3.539;3.654;3.636;813;841;838;50.00;50.00;50.00;6084;1000;0.0;0;0.0000;0;0;12079;12079;12079
60;2014-08-31 15:00:00;909402N262;2469;12.120;45;236;236;236;237;3.572;49.99;549.8;2.022;620.6;1.074;766.9;0.928;60;0;0;3.498;3.615;3.604;804;832;831;49.99;49.99;49.99;6084;1000;0.0;0;0.0000;0;0;12120;12120;12120
[wr_ende]
