20150212;160004;danfoss;My Plant;+0100
[wr_def_start]
909402N262;Inverter Type;Inverter Group;Hanzl
[wr_def_end]
[wr]
INTERVAL;TIMESTAMP;SERIAL;P_AC;E_DAY;T_WR;U_AC;U_AC_1;U_AC_2;U_AC_3;I_AC;F_AC;U_DC_1;I_DC_1;U_DC_2;I_DC_2;U_DC_3;I_DC_3;S;E_WR;M_WR;I_AC_1;I_AC_2;I_AC_3;P_AC_1;P_AC_2;P_AC_3;F_AC_1;F_AC_2;F_AC_3;R_DC;PC;PCS;PCS_LL;COS_PHI;COS_PHI_LL;S_COS_PHI;Current_Day_Energy;current_Day_Offset;ccEnergyOfDay_WithoutOffset
60;2015-02-12 15:01:00;909402N262;1265;20.768;38;232;232;232;232;2.108;50.01;576.7;0.866;653.6;0.534;786.5;0.533;60;0;0;2.062;2.130;2.134;410;426;428;50.01;50.01;50.01;16676;1000;0.0;0;1.0000;0;2;20768;20768;20768
60;2015-02-12 15:02:00;909402N262;1265;20.789;38;232;232;232;232;2.113;50.00;579.6;0.864;655.9;0.532;795.0;0.523;60;0;0;2.063;2.144;2.132;408;429;426;50.00;50.00;50.00;16676;1000;0.0;0;1.0000;0;2;20789;20789;20789
60;2015-02-12 15:03:00;909402N262;1256;20.810;38;231;231;232;232;2.103;50.00;577.9;0.865;655.1;0.526;795.1;0.518;60;0;0;2.044;2.135;2.130;403;426;424;50.00;50.00;50.00;16676;1000;0.0;0;1.0000;0;2;20810;20810;20810
60;2015-02-12 15:04:00;909402N262;1261;20.831;38;231;231;232;232;2.108;50.01;576.6;0.875;654.8;0.527;795.1;0.520;60;0;0;2.052;2.145;2.129;405;429;425;50.01;50.01;50.01;16676;1000;0.0;0;1.0000;0;2;20831;20831;20831
60;2015-02-12 15:05:00;909402N262;1293;20.853;38;231;232;232;231;2.149;50.00;576.0;0.901;656.2;0.536;795.0;0.531;60;0;0;2.103;2.173;2.171;419;436;435;50.00;50.00;50.00;16676;1000;0.0;0;1.0000;0;2;20853;20853;20853
60;2015-02-12 15:06:00;909402N262;1336;20.875;38;232;232;232;231;2.202;50.00;576.2;0.935;657.6;0.552;795.1;0.547;60;0;0;2.159;2.231;2.217;434;453;447;50.00;50.00;50.00;16676;1000;0.0;0;1.0000;0;2;20875;20875;20875
60;2015-02-12 15:07:00;909402N262;1380;20.898;38;232;232;232;231;2.258;50.01;575.3;0.967;659.0;0.570;794.9;0.567;60;0;0;2.205;2.295;2.276;446;469;463;50.01;50.01;50.01;16676;1000;0.0;0;1.0000;0;2;20898;20898;20898
60;2015-02-12 15:08:00;909402N262;1406;20.922;38;232;231;232;232;2.291;50.01;573.3;0.989;660.0;0.578;795.1;0.579;60;0;0;2.235;2.323;2.315;454;476;473;50.01;50.01;50.01;16676;1000;0.0;0;1.0000;0;2;20922;20922;20922
60;2015-02-12 15:09:00;909402N262;1433;20.945;38;232;231;232;232;2.324;50.02;572.5;1.014;660.3;0.586;795.1;0.589;60;0;0;2.273;2.354;2.346;464;485;483;50.02;50.02;50.02;16676;1000;0.0;0;1.0000;0;2;20945;20945;20945
60;2015-02-12 15:10:00;909402N262;1487;20.969;38;232;231;232;232;2.395;50.01;587.2;1.032;661.1;0.604;795.1;0.611;60;0;0;2.337;2.429;2.420;480;504;501;50.01;50.01;50.01;16676;1000;0.0;0;1.0000;0;2;20969;20969;20969
60;2015-02-12 15:11:00;909402N262;1572;20.996;38;232;231;232;232;2.505;50.00;596.1;1.089;663.8;0.632;795.1;0.638;60;0;0;2.445;2.546;2.525;508;533;529;50.00;50.00;50.00;16676;1000;0.0;0;1.0000;0;2;20996;20996;20996
60;2015-02-12 15:12:00;909402N262;1718;21.025;38;231;231;232;232;2.695;49.99;594.4;1.221;666.7;0.704;795.3;0.666;60;0;0;2.636;2.737;2.714;558;582;577;49.99;49.99;49.99;16676;1000;0.0;0;1.0000;0;2;21025;21025;21025
60;2015-02-12 15:13:00;909402N262;1874;21.057;38;232;231;232;232;2.901;50.01;593.2;1.366;669.1;0.777;795.3;0.694;60;0;0;2.843;2.939;2.923;609;633;630;50.01;50.01;50.01;16676;1000;0.0;0;1.0000;0;2;21057;21057;21057
60;2015-02-12 15:14:00;909402N262;1995;21.090;38;232;231;232;232;3.065;50.03;591.9;1.470;669.3;0.803;795.5;0.750;60;0;0;2.998;3.106;3.093;648;674;671;50.03;50.03;50.03;16676;1000;0.0;0;1.0000;0;2;21090;21090;21090
60;2015-02-12 15:15:00;909402N262;1936;21.123;38;232;231;232;232;2.985;50.01;587.9;1.368;668.2;0.758;795.4;0.796;60;0;0;2.921;3.026;3.008;629;655;651;50.01;50.01;50.01;16676;1000;0.0;0;1.0000;0;2;21123;21123;21123
60;2015-02-12 15:16:00;909402N262;1917;21.154;38;232;231;232;232;2.952;50.01;583.0;1.346;651.8;0.767;791.2;0.813;60;0;0;2.887;2.992;2.978;622;648;645;50.01;50.01;50.01;16676;1000;0.0;0;1.0000;0;2;21154;21154;21154
60;2015-02-12 15:17:00;909402N262;1881;21.185;38;231;231;232;231;2.899;50.02;586.8;1.294;667.8;0.749;794.9;0.791;60;0;0;2.841;2.936;2.922;611;635;633;50.02;50.02;50.02;16676;1000;0.0;0;1.0000;0;2;21185;21185;21185
60;2015-02-12 15:18:00;909402N262;1748;21.215;38;231;231;232;231;2.720;50.02;585.7;1.201;666.4;0.698;795.0;0.734;60;0;0;2.660;2.757;2.744;566;591;588;50.02;50.02;50.02;16676;1000;0.0;0;1.0000;0;2;21215;21215;21215
60;2015-02-12 15:19:00;909402N262;1602;21.242;38;231;231;232;231;2.530;50.02;584.3;1.106;664.6;0.640;794.8;0.671;60;0;0;2.475;2.567;2.549;519;543;538;50.02;50.02;50.02;16676;1000;0.0;0;1.0000;0;2;21242;21242;21242
60;2015-02-12 15:20:00;909402N262;1465;21.267;38;231;231;232;231;2.356;50.01;583.0;1.017;660.8;0.586;794.9;0.611;60;0;0;2.305;2.386;2.378;474;496;493;50.01;50.01;50.01;16676;1000;0.0;0;1.0000;0;2;21267;21267;21267
60;2015-02-12 15:21:00;909402N262;1343;21.289;38;232;231;232;232;2.201;50.01;582.0;0.938;658.5;0.536;795.1;0.558;60;0;0;2.149;2.232;2.224;433;455;453;50.01;50.01;50.01;16676;1000;0.0;0;1.0000;0;2;21289;21289;21289
60;2015-02-12 15:22:00;909402N262;1229;21.308;38;232;231;232;232;2.061;50.02;580.0;0.865;656.8;0.490;794.5;0.509;60;0;0;2.018;2.087;2.078;397;416;414;50.02;50.02;50.02;16676;1000;0.0;0;1.0000;0;2;21308;21308;21308
60;2015-02-12 15:23:00;909402N262;1116;21.328;38;232;232;232;232;1.940;50.02;580.1;0.790;652.4;0.446;789.8;0.463;60;0;0;1.893;1.967;1.961;358;378;377;50.02;50.02;50.02;16676;1000;0.0;0;1.0000;0;2;21328;21328;21328
60;2015-02-12 15:24:00;909402N262;1012;21.344;38;232;232;233;232;1.829;50.02;579.9;0.722;648.3;0.404;782.0;0.421;60;0;0;1.786;1.864;1.837;323;346;339;50.02;50.02;50.02;16676;1000;0.0;0;1.0000;0;2;21344;21344;21344
60;2015-02-12 15:25:00;909402N262;934;21.361;38;232;232;232;232;1.744;50.02;580.4;0.672;644.8;0.372;779.4;0.386;60;0;0;1.706;1.769;1.757;299;319;315;50.02;50.02;50.02;16676;1000;0.0;0;1.0000;0;2;21361;21361;21361
60;2015-02-12 15:26:00;909402N262;889;21.376;38;232;232;232;232;1.696;50.00;581.6;0.643;642.5;0.353;779.4;0.366;60;0;0;1.661;1.718;1.709;284;303;299;50.00;50.00;50.00;16676;1000;0.0;0;1.0000;0;2;21376;21376;21376
60;2015-02-12 15:27:00;909402N262;873;21.390;38;232;232;233;232;1.681;49.99;582.1;0.633;642.1;0.346;778.3;0.359;60;0;0;1.648;1.705;1.692;279;297;294;49.99;49.99;49.99;16676;1000;0.0;0;1.0000;0;2;21390;21390;21390
60;2015-02-12 15:28:00;909402N262;888;21.405;38;232;232;233;232;1.697;50.00;583.2;0.641;642.0;0.352;779.9;0.365;60;0;0;1.663;1.717;1.713;284;302;300;50.00;50.00;50.00;16676;1000;0.0;0;1.0000;0;2;21405;21405;21405
60;2015-02-12 15:29:00;909402N262;923;21.420;38;232;232;232;233;1.734;50.00;583.5;0.663;643.6;0.367;781.4;0.380;60;0;0;1.695;1.755;1.754;295;313;313;50.00;50.00;50.00;16676;1000;0.0;0;1.0000;0;2;21420;21420;21420
60;2015-02-12 15:30:00;909402N262;960;21.435;37;232;232;232;233;1.774;49.98;584.9;0.685;646.5;0.381;782.2;0.397;60;0;0;1.735;1.795;1.793;307;326;325;49.98;49.98;49.98;16676;1000;0.0;0;1.0000;0;2;21435;21435;21435
60;2015-02-12 15:31:00;909402N262;971;21.452;37;232;233;232;233;1.774;50.00;580.7;0.699;622.3;0.395;781.8;0.408;60;0;0;1.739;1.792;1.792;312;329;328;50.00;50.00;50.00;16676;1000;0.0;0;1.0000;0;2;21452;21452;21452
60;2015-02-12 15:32:00;909402N262;990;21.469;37;232;233;232;232;1.803;50.00;586.3;0.702;648.7;0.396;784.0;0.409;60;0;0;1.772;1.821;1.817;320;335;333;50.00;50.00;50.00;16676;1000;0.0;0;1.0000;0;2;21469;21469;21469
60;2015-02-12 15:33:00;909402N262;1006;21.485;37;232;233;232;233;1.819;50.02;586.3;0.713;649.4;0.402;785.3;0.415;60;0;0;1.780;1.839;1.839;324;341;340;50.02;50.02;50.02;16676;1000;0.0;0;1.0000;0;2;21485;21485;21485
60;2015-02-12 15:34:00;909402N262;1048;21.503;37;232;233;232;232;1.857;50.02;586.0;0.742;651.1;0.418;790.1;0.430;60;0;0;1.823;1.875;1.875;339;354;353;50.02;50.02;50.02;16676;1000;0.0;0;1.0000;0;2;21503;21503;21503
60;2015-02-12 15:35:00;909402N262;1084;21.520;37;232;233;232;232;1.891;50.00;586.6;0.761;652.6;0.433;793.4;0.445;60;0;0;1.852;1.916;1.905;350;367;364;50.00;50.00;50.00;16676;1000;0.0;0;1.0000;0;2;21520;21520;21520
60;2015-02-12 15:36:00;909402N262;1079;21.538;37;232;231;233;232;1.885;50.01;587.5;0.756;653.1;0.431;793.0;0.443;60;0;0;1.833;1.915;1.907;344;368;365;50.01;50.01;50.01;16676;1000;0.0;0;1.0000;0;2;21538;21538;21538
60;2015-02-12 15:37:00;909402N262;1053;21.556;37;232;231;233;232;1.859;50.01;587.6;0.741;652.5;0.421;791.4;0.431;60;0;0;1.817;1.885;1.877;338;358;356;50.01;50.01;50.01;16676;1000;0.0;0;1.0000;0;2;21556;21556;21556
60;2015-02-12 15:38:00;909402N262;1039;21.573;37;232;231;232;232;1.849;50.01;587.0;0.736;651.9;0.415;788.3;0.424;60;0;0;1.800;1.876;1.873;331;353;353;50.01;50.01;50.01;16676;1000;0.0;0;1.0000;0;2;21573;21573;21573
60;2015-02-12 15:39:00;909402N262;1046;21.591;37;232;232;232;232;1.850;50.00;585.8;0.748;652.2;0.416;790.3;0.424;60;0;0;1.808;1.869;1.875;335;354;355;50.00;50.00;50.00;16676;1000;0.0;0;1.0000;0;2;21591;21591;21591
60;2015-02-12 15:40:00;909402N262;1078;21.609;37;232;231;232;233;1.876;50.01;585.4;0.778;652.6;0.427;794.1;0.431;60;0;0;1.827;1.903;1.898;344;367;365;50.01;50.01;50.01;16676;1000;0.0;0;1.0000;0;2;21609;21609;21609
60;2015-02-12 15:41:00;909402N262;1124;21.628;37;232;232;232;232;1.926;50.01;583.8;0.824;653.9;0.445;795.0;0.443;60;0;0;1.882;1.952;1.945;362;381;379;50.01;50.01;50.01;16676;1000;0.0;0;1.0000;0;2;21628;21628;21628
60;2015-02-12 15:42:00;909402N262;1134;21.647;37;232;232;232;232;1.939;50.00;583.5;0.835;654.0;0.447;794.7;0.444;60;0;0;1.890;1.969;1.959;364;386;382;50.00;50.00;50.00;16676;1000;0.0;0;1.0000;0;2;21647;21647;21647
60;2015-02-12 15:43:00;909402N262;1131;21.665;37;232;232;232;232;1.933;50.01;583.0;0.846;654.4;0.443;794.9;0.437;60;0;0;1.893;1.957;1.949;365;384;380;50.01;50.01;50.01;16676;1000;0.0;0;1.0000;0;2;21665;21665;21665
60;2015-02-12 15:44:00;909402N262;1130;21.684;37;232;231;233;232;1.932;50.00;582.8;0.850;654.0;0.439;794.9;0.436;60;0;0;1.881;1.968;1.949;361;387;380;50.00;50.00;50.00;16676;1000;0.0;0;1.0000;0;2;21684;21684;21684
60;2015-02-12 15:45:00;909402N262;1150;21.703;37;232;233;232;231;1.956;50.00;583.1;0.860;653.8;0.445;795.1;0.450;60;0;0;1.923;1.978;1.969;373;390;384;50.00;50.00;50.00;16676;1000;0.0;0;1.0000;0;2;21703;21703;21703
60;2015-02-12 15:46:00;909402N262;1148;21.722;37;232;233;232;231;1.954;50.00;577.8;0.862;637.3;0.451;784.7;0.461;60;0;0;1.915;1.981;1.966;372;391;384;50.00;50.00;50.00;16676;1000;0.0;0;1.0000;0;2;21722;21722;21722
60;2015-02-12 15:47:00;909402N262;1150;21.743;37;232;233;233;232;1.956;50.01;582.3;0.845;653.4;0.445;795.1;0.461;60;0;0;1.916;1.981;1.973;371;390;386;50.01;50.01;50.01;16676;1000;0.0;0;1.0000;0;2;21743;21743;21743
60;2015-02-12 15:48:00;909402N262;1112;21.761;37;233;233;233;232;1.913;50.01;583.9;0.813;652.3;0.431;794.5;0.448;60;0;0;1.874;1.936;1.931;359;377;375;50.01;50.01;50.01;16676;1000;0.0;0;1.0000;0;2;21761;21761;21761
60;2015-02-12 15:49:00;909402N262;1042;21.778;37;232;233;233;232;1.839;50.01;586.8;0.761;649.7;0.404;792.3;0.417;60;0;0;1.808;1.859;1.852;337;353;350;50.01;50.01;50.01;16676;1000;0.0;0;1.0000;0;2;21778;21778;21778
60;2015-02-12 15:50:00;909402N262;952;21.793;37;232;233;232;232;1.753;50.02;590.1;0.697;645.7;0.370;788.0;0.379;60;0;0;1.721;1.771;1.768;307;322;321;50.02;50.02;50.02;16676;1000;0.0;0;1.0000;0;2;21793;21793;21793
60;2015-02-12 15:51:00;909402N262;862;21.808;37;232;232;232;232;1.666;50.00;583.2;0.648;643.1;0.334;780.7;0.341;60;0;0;1.634;1.689;1.676;276;294;290;50.00;50.00;50.00;16676;1000;0.0;0;1.0000;0;2;21808;21808;21808
60;2015-02-12 15:52:00;909402N262;792;21.821;37;233;232;233;233;1.597;50.01;566.5;0.628;637.4;0.305;777.3;0.308;60;0;0;1.562;1.615;1.614;252;269;269;50.01;50.01;50.01;16676;1000;0.0;0;1.0000;0;2;21821;21821;21821
60;2015-02-12 15:53:00;909402N262;755;21.834;37;233;232;233;233;1.559;50.01;566.2;0.612;633.2;0.289;775.4;0.288;60;0;0;1.527;1.578;1.574;240;257;256;50.01;50.01;50.01;16676;1000;0.0;0;1.0000;0;2;21834;21834;21834
60;2015-02-12 15:54:00;909402N262;740;21.846;37;232;232;233;232;1.543;50.01;566.8;0.612;632.4;0.281;774.3;0.276;60;0;0;1.510;1.564;1.555;235;253;251;50.01;50.01;50.01;16676;1000;0.0;0;1.0000;0;2;21846;21846;21846
60;2015-02-12 15:55:00;909402N262;741;21.858;37;232;232;233;233;1.545;50.01;568.6;0.625;632.6;0.279;775.1;0.268;60;0;0;1.511;1.568;1.557;235;253;251;50.01;50.01;50.01;16676;1000;0.0;0;1.0000;0;2;21858;21858;21858
60;2015-02-12 15:56:00;909402N262;765;21.871;37;232;232;233;233;1.570;50.00;570.8;0.656;633.6;0.288;778.5;0.266;60;0;0;1.535;1.591;1.585;243;261;259;50.00;50.00;50.00;16676;1000;0.0;0;1.0000;0;2;21871;21871;21871
60;2015-02-12 15:57:00;909402N262;1223;21.892;37;233;233;233;232;2.071;50.01;595.4;1.141;668.1;0.480;790.4;0.279;60;0;0;2.029;2.098;2.087;395;416;411;50.01;50.01;50.01;16676;1000;0.0;0;1.0000;0;2;21892;21892;21892
60;2015-02-12 15:58:00;909402N262;890;21.907;37;233;233;233;233;1.662;50.00;578.1;0.782;642.3;0.328;793.8;0.283;60;0;0;1.627;1.684;1.676;285;303;301;50.00;50.00;50.00;16676;1000;0.0;0;1.0000;0;2;21907;21907;21907
60;2015-02-12 15:59:00;909402N262;1523;21.932;37;233;233;234;233;2.438;50.00;589.7;1.523;676.3;0.567;795.1;0.304;60;0;0;2.392;2.463;2.460;493;517;512;50.00;50.00;50.00;16676;1000;0.0;0;1.0000;0;2;21932;21932;21932
60;2015-02-12 16:00:00;909402N262;2836;21.979;37;234;233;234;235;4.179;49.99;606.5;3.172;651.0;1.025;794.8;0.345;60;0;0;4.114;4.213;4.211;926;954;954;49.99;49.99;49.99;16676;1000;0.0;0;1.0000;0;2;21979;21979;21979
[wr_ende]
