20140518;080002;danfoss;My Plant;+0100
[wr_def_start]
909402N262;Inverter Type;Inverter Group;Hanzl
[wr_def_end]
[wr]
INTERVAL;TIMESTAMP;SERIAL;P_AC;E_DAY;T_WR;U_AC;U_AC_1;U_AC_2;U_AC_3;I_AC;F_AC;U_DC_1;I_DC_1;U_DC_2;I_DC_2;U_DC_3;I_DC_3;S;E_WR;M_WR;I_AC_1;I_AC_2;I_AC_3;P_AC_1;P_AC_2;P_AC_3;F_AC_1;F_AC_2;F_AC_3;R_DC;PC;PCS;PCS_LL;COS_PHI;COS_PHI_LL;S_COS_PHI;Current_Day_Energy;current_Day_Offset;ccEnergyOfDay_WithoutOffset
60;2014-05-18 07:01:00;909402N262;406;0.350;28;236;236;236;236;0.732;50.05;544.3;0.349;591.8;0.183;737.6;0.165;60;0;0;0.730;0.825;0.642;135;150;119;50.05;50.05;50.05;10268;1000;0.0;0;0.0000;0;0;350;350;350
60;2014-05-18 07:02:00;909402N262;421;0.357;28;235;235;235;236;0.752;50.05;549.2;0.354;614.9;0.183;740.9;0.166;60;0;0;0.752;0.838;0.666;139;155;124;50.05;50.05;50.05;10268;1000;0.0;0;0.0000;0;0;357;357;357
60;2014-05-18 07:03:00;909402N262;426;0.364;28;235;235;235;235;0.759;50.03;549.1;0.359;613.3;0.186;749.4;0.167;60;0;0;0.754;0.827;0.698;139;153;131;50.03;50.03;50.03;10268;1000;0.0;0;0.0000;0;0;364;364;364
60;2014-05-18 07:04:00;909402N262;416;0.371;28;235;235;235;235;0.743;50.04;549.5;0.350;615.2;0.181;741.0;0.164;60;0;0;0.747;0.825;0.657;139;153;122;50.04;50.04;50.04;10268;1000;0.0;0;0.0000;0;0;371;371;371
60;2014-05-18 07:05:00;909402N262;404;0.377;29;235;235;235;235;0.720;50.03;550.4;0.339;612.1;0.177;748.9;0.158;60;0;0;0.675;0.842;0.645;125;157;120;50.03;50.03;50.03;10268;1000;0.0;0;0.0000;0;0;377;377;377
60;2014-05-18 07:06:00;909402N262;391;0.385;29;235;235;235;236;0.709;50.02;547.1;0.331;613.5;0.171;735.9;0.155;60;0;0;0.664;0.809;0.654;121;147;121;50.02;50.02;50.02;10268;1000;0.0;0;0.0000;0;0;385;385;385
60;2014-05-18 07:07:00;909402N262;380;0.391;29;235;234;235;236;0.685;50.01;546.0;0.323;614.8;0.166;746.3;0.148;60;0;0;0.620;0.769;0.667;114;140;123;50.01;50.01;50.01;10268;1000;0.0;0;0.0000;0;0;391;391;391
60;2014-05-18 07:08:00;909402N262;379;0.398;29;235;234;235;236;0.686;50.02;545.8;0.321;614.7;0.166;746.3;0.147;60;0;0;0.630;0.758;0.670;116;138;124;50.02;50.02;50.02;10268;1000;0.0;0;0.0000;0;0;398;398;398
60;2014-05-18 07:09:00;909402N262;371;0.404;29;235;234;235;236;0.678;50.02;546.7;0.317;613.1;0.164;735.3;0.147;60;0;0;0.612;0.756;0.666;111;136;122;50.02;50.02;50.02;10268;1000;0.0;0;0.0000;0;0;404;404;404
60;2014-05-18 07:10:00;909402N262;366;0.410;29;235;234;235;236;0.671;50.02;547.6;0.312;612.2;0.162;729.3;0.145;60;0;0;0.614;0.758;0.641;111;136;118;50.02;50.02;50.02;10268;1000;0.0;0;0.0000;0;0;410;410;410
60;2014-05-18 07:11:00;909402N262;382;0.416;29;235;234;235;235;0.692;50.00;548.8;0.323;614.6;0.166;742.7;0.150;60;0;0;0.663;0.760;0.653;122;138;121;50.00;50.00;50.00;10268;1000;0.0;0;0.0000;0;0;416;416;416
60;2014-05-18 07:12:00;909402N262;391;0.423;29;234;234;234;235;0.707;49.99;550.7;0.330;615.0;0.169;734.7;0.155;60;0;0;0.665;0.812;0.645;122;149;119;49.99;49.99;49.99;10268;1000;0.0;0;0.0000;0;0;423;423;423
60;2014-05-18 07:13:00;909402N262;392;0.429;29;235;234;235;235;0.709;50.00;550.9;0.332;615.1;0.169;734.7;0.155;60;0;0;0.649;0.814;0.664;120;149;122;50.00;50.00;50.00;10268;1000;0.0;0;0.0000;0;0;429;429;429
60;2014-05-18 07:14:00;909402N262;395;0.436;29;235;234;235;235;0.711;50.01;551.5;0.334;615.2;0.169;739.0;0.156;60;0;0;0.667;0.837;0.630;123;153;118;50.01;50.01;50.01;10268;1000;0.0;0;0.0000;0;0;436;436;436
60;2014-05-18 07:15:00;909402N262;399;0.443;29;235;234;235;235;0.720;50.00;551.7;0.338;614.5;0.171;744.0;0.157;60;0;0;0.675;0.829;0.657;122;152;122;50.00;50.00;50.00;10268;1000;0.0;0;0.0000;0;0;443;443;443
60;2014-05-18 07:16:00;909402N262;400;0.449;29;235;234;234;235;0.707;50.00;546.0;0.344;579.7;0.180;755.1;0.158;60;0;0;0.670;0.802;0.649;125;150;123;50.00;50.00;50.00;10268;1000;0.0;0;0.0000;0;0;449;449;449
60;2014-05-18 07:17:00;909402N262;405;0.456;29;235;234;235;235;0.728;50.00;554.4;0.340;609.6;0.175;750.8;0.157;60;0;0;0.649;0.830;0.707;120;152;131;50.00;50.00;50.00;10268;1000;0.0;0;0.0000;0;0;456;456;456
60;2014-05-18 07:18:00;909402N262;422;0.462;29;235;234;235;235;0.755;50.01;552.7;0.355;614.5;0.182;748.2;0.165;60;0;0;0.753;0.838;0.675;139;155;127;50.01;50.01;50.01;10268;1000;0.0;0;0.0000;0;0;462;462;462
60;2014-05-18 07:19:00;909402N262;451;0.471;29;234;234;234;235;0.808;50.00;555.9;0.374;617.6;0.194;752.9;0.176;60;0;0;0.782;0.871;0.772;145;161;143;50.00;50.00;50.00;10268;1000;0.0;0;0.0000;0;0;471;471;471
60;2014-05-18 07:20:00;909402N262;494;0.479;29;234;234;235;235;0.878;50.00;557.4;0.409;621.1;0.212;759.3;0.191;60;0;0;0.869;0.920;0.845;162;171;158;50.00;50.00;50.00;10268;1000;0.0;0;0.0000;0;0;479;479;479
60;2014-05-18 07:21:00;909402N262;549;0.488;29;235;234;236;235;0.968;50.01;560.9;0.450;625.6;0.235;770.0;0.209;60;0;0;0.954;1.040;0.911;180;195;172;50.01;50.01;50.01;10268;1000;0.0;0;0.0000;0;0;488;488;488
60;2014-05-18 07:22:00;909402N262;598;0.498;29;235;234;236;235;1.055;50.01;564.5;0.487;628.9;0.255;772.1;0.225;60;0;0;1.011;1.133;1.022;190;213;193;50.01;50.01;50.01;10268;1000;0.0;0;0.0000;0;0;498;498;498
60;2014-05-18 07:23:00;909402N262;636;0.508;29;235;234;236;234;1.119;50.01;567.8;0.513;630.8;0.271;774.3;0.241;60;0;0;1.091;1.142;1.126;208;215;213;50.01;50.01;50.01;10268;1000;0.0;0;0.0000;0;0;508;508;508
60;2014-05-18 07:24:00;909402N262;641;0.520;29;234;235;235;234;1.123;50.02;569.7;0.518;629.5;0.272;774.4;0.240;60;0;0;1.085;1.150;1.134;206;217;215;50.02;50.02;50.02;10268;1000;0.0;0;0.0000;0;0;520;520;520
60;2014-05-18 07:25:00;909402N262;649;0.530;29;234;235;235;234;1.139;50.01;569.0;0.527;630.0;0.275;774.6;0.243;60;0;0;1.106;1.167;1.145;210;220;217;50.01;50.01;50.01;10268;1000;0.0;0;0.0000;0;0;530;530;530
60;2014-05-18 07:26:00;909402N262;697;0.541;29;234;235;234;234;1.211;50.00;569.6;0.564;633.3;0.295;777.6;0.261;60;0;0;1.179;1.234;1.221;226;235;234;50.00;50.00;50.00;10268;1000;0.0;0;0.0000;0;0;541;541;541
60;2014-05-18 07:27:00;909402N262;791;0.554;29;234;235;235;234;1.338;50.00;570.7;0.637;638.2;0.332;783.2;0.294;60;0;0;1.327;1.382;1.307;260;273;256;50.00;50.00;50.00;10268;1000;0.0;0;0.0000;0;0;554;554;554
60;2014-05-18 07:28:00;909402N262;894;0.569;30;234;235;235;234;1.417;50.00;575.0;0.713;639.8;0.373;792.6;0.329;60;0;0;1.394;1.448;1.411;292;307;294;50.00;50.00;50.00;10268;1000;0.0;0;0.0000;0;0;569;569;569
60;2014-05-18 07:29:00;909402N262;967;0.586;30;235;235;236;233;1.490;50.00;578.5;0.764;641.6;0.401;794.8;0.356;60;0;0;1.452;1.536;1.484;311;334;320;50.00;50.00;50.00;10268;1000;0.0;0;0.0000;0;0;586;586;586
60;2014-05-18 07:30:00;909402N262;1002;0.603;30;235;235;236;234;1.532;50.00;580.1;0.788;642.1;0.415;795.0;0.369;60;0;0;1.491;1.573;1.532;321;346;333;50.00;50.00;50.00;10268;1000;0.0;0;0.0000;0;0;603;603;603
60;2014-05-18 07:31:00;909402N262;1025;0.619;30;235;235;236;234;1.550;50.00;574.5;0.812;620.2;0.437;795.1;0.378;60;0;0;1.515;1.583;1.554;330;352;340;50.00;50.00;50.00;10268;1000;0.0;0;0.0000;0;0;619;619;619
60;2014-05-18 07:32:00;909402N262;1085;0.638;30;235;235;236;234;1.623;50.00;579.0;0.852;644.0;0.452;794.6;0.398;60;0;0;1.583;1.674;1.613;350;375;358;50.00;50.00;50.00;10268;1000;0.0;0;0.0000;0;0;638;638;638
60;2014-05-18 07:33:00;909402N262;1134;0.656;30;235;235;235;234;1.687;50.01;579.1;0.890;645.1;0.471;794.9;0.417;60;0;0;1.657;1.730;1.676;370;389;374;50.01;50.01;50.01;10268;1000;0.0;0;0.0000;0;0;656;656;656
60;2014-05-18 07:34:00;909402N262;1167;0.677;30;234;234;235;234;1.733;50.01;580.5;0.911;644.7;0.485;794.9;0.429;60;0;0;1.698;1.782;1.720;378;402;386;50.01;50.01;50.01;10268;1000;0.0;0;0.0000;0;0;677;677;677
60;2014-05-18 07:35:00;909402N262;1187;0.696;30;235;234;236;235;1.756;50.01;581.0;0.927;643.3;0.493;795.1;0.437;60;0;0;1.710;1.808;1.750;382;408;395;50.01;50.01;50.01;10268;1000;0.0;0;0.0000;0;0;696;696;696
60;2014-05-18 07:36:00;909402N262;1229;0.717;30;235;233;235;235;1.811;50.00;579.8;0.963;643.3;0.507;795.4;0.453;60;0;0;1.756;1.863;1.815;394;421;412;50.00;50.00;50.00;10268;1000;0.0;0;0.0000;0;0;717;717;717
60;2014-05-18 07:37:00;909402N262;1284;0.737;30;235;234;235;235;1.891;50.02;578.4;1.006;644.0;0.529;795.3;0.475;60;0;0;1.833;1.938;1.903;412;438;432;50.02;50.02;50.02;10268;1000;0.0;0;0.0000;0;0;737;737;737
60;2014-05-18 07:38:00;909402N262;1308;0.760;30;235;234;235;235;1.925;50.02;578.4;1.023;644.0;0.540;795.1;0.485;60;0;0;1.865;1.980;1.930;420;448;438;50.02;50.02;50.02;10268;1000;0.0;0;0.0000;0;0;760;760;760
60;2014-05-18 07:39:00;909402N262;1319;0.782;30;235;234;235;235;1.942;50.02;581.0;1.023;643.4;0.547;795.0;0.489;60;0;0;1.888;1.995;1.944;425;452;440;50.02;50.02;50.02;10268;1000;0.0;0;0.0000;0;0;782;782;782
60;2014-05-18 07:40:00;909402N262;1316;0.804;30;235;234;236;235;1.940;50.02;583.2;1.013;643.0;0.551;795.0;0.488;60;0;0;1.885;1.991;1.944;424;451;440;50.02;50.02;50.02;10268;1000;0.0;0;0.0000;0;0;804;804;804
60;2014-05-18 07:41:00;909402N262;1287;0.825;30;235;234;236;235;1.900;50.02;584.8;0.984;642.2;0.545;794.9;0.476;60;0;0;1.849;1.946;1.907;415;439;431;50.02;50.02;50.02;10268;1000;0.0;0;0.0000;0;0;825;825;825
60;2014-05-18 07:42:00;909402N262;1230;0.845;30;235;234;236;235;1.824;50.02;584.9;0.940;641.5;0.524;794.5;0.453;60;0;0;1.776;1.888;1.810;396;424;407;50.02;50.02;50.02;10268;1000;0.0;0;0.0000;0;0;845;845;845
60;2014-05-18 07:43:00;909402N262;1162;0.865;31;235;234;235;235;1.737;50.02;583.6;0.895;640.0;0.497;793.9;0.426;60;0;0;1.679;1.792;1.740;374;398;388;50.02;50.02;50.02;10268;1000;0.0;0;0.0000;0;0;865;865;865
60;2014-05-18 07:44:00;909402N262;1109;0.883;31;234;233;235;235;1.673;50.02;581.4;0.860;639.4;0.473;792.5;0.406;60;0;0;1.612;1.738;1.671;354;383;370;50.02;50.02;50.02;10268;1000;0.0;0;0.0000;0;0;883;883;883
60;2014-05-18 07:45:00;909402N262;1077;0.901;31;234;234;234;235;1.638;50.02;582.1;0.835;636.7;0.460;789.4;0.396;60;0;0;1.602;1.693;1.619;350;371;354;50.02;50.02;50.02;10268;1000;0.0;0;0.0000;0;0;901;901;901
60;2014-05-18 07:46:00;909402N262;1064;0.919;31;234;234;234;235;1.614;50.02;566.1;0.850;630.7;0.460;780.6;0.399;60;0;0;1.578;1.666;1.600;346;366;351;50.02;50.02;50.02;10268;1000;0.0;0;0.0000;0;0;919;919;919
60;2014-05-18 07:47:00;909402N262;1110;0.938;31;234;233;234;235;1.666;50.02;561.8;0.891;638.5;0.470;793.3;0.410;60;0;0;1.601;1.710;1.688;353;379;376;50.02;50.02;50.02;10268;1000;0.0;0;0.0000;0;0;938;938;938
60;2014-05-18 07:48:00;909402N262;1191;0.957;31;235;234;234;235;1.764;50.03;580.6;0.922;639.8;0.502;794.6;0.441;60;0;0;1.707;1.795;1.790;383;402;403;50.03;50.03;50.03;10268;1000;0.0;0;0.0000;0;0;957;957;957
60;2014-05-18 07:49:00;909402N262;1302;0.979;31;234;234;235;235;1.913;50.01;585.6;0.996;641.8;0.547;795.3;0.483;60;0;0;1.851;1.954;1.935;417;443;440;50.01;50.01;50.01;10268;1000;0.0;0;0.0000;0;0;979;979;979
60;2014-05-18 07:50:00;909402N262;1381;1.003;31;234;234;235;235;2.027;50.01;584.2;1.060;643.3;0.581;795.0;0.510;60;0;0;1.967;2.070;2.046;444;470;465;50.01;50.01;50.01;10268;1000;0.0;0;0.0000;0;0;1003;1003;1003
60;2014-05-18 07:51:00;909402N262;1423;1.027;31;234;234;235;235;2.085;49.99;583.2;1.096;643.9;0.596;795.5;0.525;60;0;0;2.029;2.123;2.105;459;482;480;49.99;49.99;49.99;10268;1000;0.0;0;0.0000;0;0;1027;1027;1027
60;2014-05-18 07:52:00;909402N262;1437;1.050;31;234;234;234;235;2.107;50.00;582.2;1.112;644.5;0.599;795.5;0.530;60;0;0;2.051;2.146;2.126;464;486;485;50.00;50.00;50.00;10268;1000;0.0;0;0.0000;0;0;1050;1050;1050
60;2014-05-18 07:53:00;909402N262;1455;1.074;31;234;234;233;235;2.134;50.00;580.7;1.134;644.7;0.605;795.6;0.533;60;0;0;2.082;2.162;2.160;471;488;494;50.00;50.00;50.00;10268;1000;0.0;0;0.0000;0;0;1074;1074;1074
60;2014-05-18 07:54:00;909402N262;1469;1.099;31;234;233;234;235;2.154;50.01;579.4;1.148;644.7;0.612;795.4;0.538;60;0;0;2.098;2.192;2.172;474;497;495;50.01;50.01;50.01;10268;1000;0.0;0;0.0000;0;0;1099;1099;1099
60;2014-05-18 07:55:00;909402N262;1449;1.124;31;234;234;234;235;2.124;50.01;578.0;1.137;644.3;0.603;795.6;0.529;60;0;0;2.063;2.166;2.145;467;491;490;50.01;50.01;50.01;10268;1000;0.0;0;0.0000;0;0;1124;1124;1124
60;2014-05-18 07:56:00;909402N262;1406;1.147;31;234;234;234;235;2.063;50.00;576.9;1.111;643.0;0.585;795.4;0.511;60;0;0;2.009;2.098;2.083;454;475;475;50.00;50.00;50.00;10268;1000;0.0;0;0.0000;0;0;1147;1147;1147
60;2014-05-18 07:57:00;909402N262;1374;1.170;31;234;233;235;235;2.017;50.02;575.8;1.089;641.6;0.571;795.1;0.501;60;0;0;1.957;2.054;2.042;441;466;466;50.02;50.02;50.02;10268;1000;0.0;0;0.0000;0;0;1170;1170;1170
60;2014-05-18 07:58:00;909402N262;1358;1.192;32;235;234;235;236;1.991;50.02;575.3;1.075;641.5;0.564;795.2;0.496;60;0;0;1.933;2.035;2.007;436;462;458;50.02;50.02;50.02;10268;1000;0.0;0;0.0000;0;0;1192;1192;1192
60;2014-05-18 07:59:00;909402N262;1342;1.215;32;235;234;235;236;1.966;50.03;575.0;1.060;641.4;0.559;795.2;0.490;60;0;0;1.903;2.008;1.988;430;456;454;50.03;50.03;50.03;10268;1000;0.0;0;0.0000;0;0;1215;1215;1215
60;2014-05-18 08:00:00;909402N262;1328;1.236;32;235;234;236;236;1.944;50.05;574.2;1.046;641.5;0.558;795.2;0.484;60;0;0;1.883;1.991;1.960;425;454;447;50.05;50.05;50.05;10268;1000;0.0;0;0.0000;0;0;1236;1236;1236
[wr_ende]
