20150322;060001;danfoss;My Plant;+0100
[wr_def_start]
909402N262;Inverter Type;Inverter Group;Hanzl
[wr_def_end]
[wr]
INTERVAL;TIMESTAMP;SERIAL;P_AC;E_DAY;T_WR;U_AC;U_AC_1;U_AC_2;U_AC_3;I_AC;F_AC;U_DC_1;I_DC_1;U_DC_2;I_DC_2;U_DC_3;I_DC_3;S;E_WR;M_WR;I_AC_1;I_AC_2;I_AC_3;P_AC_1;P_AC_2;P_AC_3;F_AC_1;F_AC_2;F_AC_3;R_DC;PC;PCS;PCS_LL;COS_PHI;COS_PHI_LL;S_COS_PHI;Current_Day_Energy;current_Day_Offset;ccEnergyOfDay_WithoutOffset
60;2015-03-22 05:38:00;909402N262;0;0.000;0;0;0;0;0;0.000;0.03;0.1;0.000;0.0;0.000;0.0;0.000;50;0;0;0.000;0.000;0.000;0;0;0;0.03;0.03;0.03;5;1000;0.0;0;1.0000;0;2;0;0;0
60;2015-03-22 05:39:00;909402N262;0;0.000;15;234;235;235;232;0.000;50.00;229.9;0.000;227.0;0.000;229.8;0.000;50;0;0;0.000;0.000;0.000;0;0;0;50.00;50.00;50.00;0;1000;0.0;0;1.0000;0;2;0;0;0
60;2015-03-22 05:40:00;909402N262;0;0.000;15;234;235;235;232;0.000;49.99;228.3;0.000;227.7;0.000;228.3;0.000;50;0;0;0.000;0.000;0.000;0;0;0;49.99;49.99;49.99;0;1000;0.0;0;1.0000;0;2;0;0;0
60;2015-03-22 05:41:00;909402N262;0;0.000;15;234;235;235;233;0.000;49.99;227.5;0.000;227.0;0.000;227.6;0.000;50;0;0;0.000;0.000;0.000;0;0;0;49.99;49.99;49.99;0;1000;0.0;0;1.0000;0;2;0;0;0
60;2015-03-22 05:42:00;909402N262;0;0.000;16;234;235;235;232;0.000;50.01;229.2;0.000;228.6;0.000;229.2;0.000;50;0;0;0.000;0.000;0.000;0;0;0;50.01;50.01;50.01;0;1000;0.0;0;1.0000;0;2;0;0;0
60;2015-03-22 05:43:00;909402N262;0;0.000;17;234;235;235;232;0.000;50.01;229.1;0.000;228.5;0.000;229.0;0.000;50;0;0;0.000;0.000;0.000;0;0;0;50.01;50.01;50.01;0;1000;0.0;0;1.0000;0;2;0;0;0
60;2015-03-22 05:44:00;909402N262;0;0.000;17;234;234;235;232;0.000;50.01;229.4;0.000;228.9;0.000;229.5;0.000;50;0;0;0.000;0.000;0.000;0;0;0;50.01;50.01;50.01;0;1000;0.0;0;1.0000;0;2;0;0;0
60;2015-03-22 05:45:00;909402N262;0;0.000;18;234;234;235;233;0.000;50.01;230.7;0.000;230.1;0.000;230.4;0.000;50;0;0;0.000;0.000;0.000;0;0;0;50.01;50.01;50.01;0;1000;0.0;0;1.0000;0;2;0;0;0
60;2015-03-22 05:46:00;909402N262;0;0.000;18;234;234;235;233;0.000;50.01;228.3;0.000;227.8;0.000;228.9;0.000;50;0;0;0.000;0.000;0.000;0;0;0;50.01;50.01;50.01;0;1000;0.0;0;1.0000;0;2;0;0;0
60;2015-03-22 05:47:00;909402N262;0;0.000;18;234;234;235;233;0.000;50.00;230.2;0.000;229.6;0.000;230.0;0.000;50;0;0;0.000;0.000;0.000;0;0;0;50.00;50.00;50.00;0;1000;0.0;0;1.0000;0;2;0;0;0
60;2015-03-22 05:48:00;909402N262;0;0.000;19;234;234;235;233;0.000;49.99;232.4;0.000;231.9;0.000;232.2;0.000;50;0;0;0.000;0.000;0.000;0;0;0;49.99;49.99;49.99;0;1000;0.0;0;1.0000;0;2;0;0;0
60;2015-03-22 05:49:00;909402N262;0;0.000;19;234;235;235;233;0.000;49.99;235.4;0.000;234.8;0.000;235.4;0.000;50;0;0;0.000;0.000;0.000;0;0;0;49.99;49.99;49.99;0;1000;0.0;0;1.0000;0;2;0;0;0
60;2015-03-22 05:50:00;909402N262;0;0.000;19;234;235;235;233;0.000;49.99;237.1;0.000;236.5;0.000;237.1;0.000;50;0;0;0.000;0.000;0.000;0;0;0;49.99;49.99;49.99;0;1000;0.0;0;1.0000;0;2;0;0;0
60;2015-03-22 05:51:00;909402N262;0;0.000;19;234;235;235;233;0.000;49.99;226.9;0.000;226.4;0.000;227.0;0.000;50;0;0;0.000;0.000;0.000;0;0;0;49.99;49.99;49.99;0;1000;0.0;0;1.0000;0;2;0;0;0
60;2015-03-22 05:52:00;909402N262;0;0.000;19;234;235;235;233;0.000;49.99;228.4;0.000;227.8;0.000;228.0;0.000;50;0;0;0.000;0.000;0.000;0;0;0;49.99;49.99;49.99;0;1000;0.0;0;1.0000;0;2;0;0;0
60;2015-03-22 05:53:00;909402N262;0;0.000;19;234;235;235;233;0.000;50.00;230.8;0.000;230.3;0.000;230.8;0.000;50;0;0;0.000;0.000;0.000;0;0;0;50.00;50.00;50.00;0;1000;0.0;0;1.0000;0;2;0;0;0
60;2015-03-22 05:54:00;909402N262;0;0.000;19;234;235;235;233;0.000;49.99;233.3;0.000;232.8;0.000;233.3;0.000;50;0;0;0.000;0.000;0.000;0;0;0;49.99;49.99;49.99;0;1000;0.0;0;1.0000;0;2;0;0;0
60;2015-03-22 05:55:00;909402N262;0;0.000;19;235;235;235;234;0.000;49.99;237.4;0.000;236.8;0.000;237.3;0.000;50;0;0;0.000;0.000;0.000;0;0;0;49.99;49.99;49.99;0;1000;0.0;0;1.0000;0;2;0;0;0
60;2015-03-22 05:56:00;909402N262;0;0.000;20;234;235;235;233;0.000;50.00;241.5;0.000;241.0;0.000;241.4;0.000;50;0;0;0.000;0.000;0.000;0;0;0;50.00;50.00;50.00;0;1000;0.0;0;1.0000;0;2;0;0;0
60;2015-03-22 05:57:00;909402N262;0;0.000;20;234;235;235;233;0.000;50.01;255.7;0.000;255.2;0.000;255.8;0.000;50;0;0;0.000;0.000;0.000;0;0;0;50.01;50.01;50.01;0;1000;0.0;0;1.0000;0;2;0;0;0
60;2015-03-22 05:58:00;909402N262;0;0.000;20;234;234;235;234;0.000;50.01;257.1;0.000;256.9;0.000;257.0;0.000;50;0;0;0.000;0.000;0.000;0;0;0;50.01;50.01;50.01;0;1000;0.0;0;1.0000;0;2;0;0;0
60;2015-03-22 05:59:00;909402N262;0;0.000;20;234;235;235;234;0.005;50.03;286.0;0.000;285.3;0.000;285.6;0.000;50;0;0;0.005;0.005;0.005;0;0;0;50.03;50.03;50.03;0;1000;0.0;0;1.0000;0;2;0;0;0
60;2015-03-22 06:00:00;909402N262;0;0.000;20;235;235;235;234;0.003;50.03;490.9;0.001;474.5;0.000;532.7;0.000;51;0;0;0.003;0.003;0.003;0;0;0;50.03;50.03;50.03;7077;1000;0.0;0;1.0000;0;2;0;0;0
[wr_ende]
