20140720;120004;danfoss;My Plant;+0100
[wr_def_start]
909402N262;Inverter Type;Inverter Group;Hanzl
[wr_def_end]
[wr]
INTERVAL;TIMESTAMP;SERIAL;P_AC;E_DAY;T_WR;U_AC;U_AC_1;U_AC_2;U_AC_3;I_AC;F_AC;U_DC_1;I_DC_1;U_DC_2;I_DC_2;U_DC_3;I_DC_3;S;E_WR;M_WR;I_AC_1;I_AC_2;I_AC_3;P_AC_1;P_AC_2;P_AC_3;F_AC_1;F_AC_2;F_AC_3;R_DC;PC;PCS;PCS_LL;COS_PHI;COS_PHI_LL;S_COS_PHI;Current_Day_Energy;current_Day_Offset;ccEnergyOfDay_WithoutOffset
60;2014-07-20 11:01:00;909402N262;6091;8.846;48;236;235;236;237;8.640;50.01;523.6;4.763;593.2;2.994;720.7;2.693;60;0;0;8.566;8.685;8.669;2004;2040;2046;50.01;50.01;50.01;6022;1000;0.0;0;0.0000;0;0;8846;8846;8846
60;2014-07-20 11:02:00;909402N262;5996;8.947;48;236;235;236;237;8.511;50.00;526.1;4.657;599.5;2.917;720.5;2.619;60;0;0;8.446;8.555;8.533;1977;2008;2011;50.00;50.00;50.00;6022;1000;0.0;0;0.0000;0;0;8947;8947;8947
60;2014-07-20 11:03:00;909402N262;5999;9.047;48;236;235;236;236;8.511;50.01;525.9;4.662;599.3;2.910;720.7;2.622;60;0;0;8.427;8.573;8.534;1968;2019;2010;50.01;50.01;50.01;6022;1000;0.0;0;0.0000;0;0;9047;9047;9047
60;2014-07-20 11:04:00;909402N262;6198;9.150;48;236;235;237;236;8.791;50.01;525.2;4.827;599.0;3.015;717.9;2.714;60;0;0;8.706;8.851;8.818;2035;2086;2075;50.01;50.01;50.01;6022;1000;0.0;0;0.0000;0;0;9150;9150;9150
60;2014-07-20 11:05:00;909402N262;6279;9.255;48;236;235;236;237;8.906;49.99;524.6;4.897;598.7;3.054;718.3;2.751;60;0;0;8.814;8.971;8.934;2059;2112;2105;49.99;49.99;49.99;6022;1000;0.0;0;0.0000;0;0;9255;9255;9255
60;2014-07-20 11:06:00;909402N262;6340;9.360;48;236;235;236;237;8.988;50.00;523.9;4.951;598.6;3.082;719.6;2.779;60;0;0;8.925;9.030;9.010;2092;2123;2123;50.00;50.00;50.00;6022;1000;0.0;0;0.0000;0;0;9360;9360;9360
60;2014-07-20 11:07:00;909402N262;6392;9.467;48;236;235;236;236;9.065;50.00;523.8;4.992;598.7;3.102;720.7;2.798;60;0;0;9.010;9.108;9.077;2113;2139;2138;50.00;50.00;50.00;6022;1000;0.0;0;0.0000;0;0;9467;9467;9467
60;2014-07-20 11:08:00;909402N262;6440;9.575;48;236;235;236;236;9.140;50.00;523.0;5.038;599.3;3.124;720.3;2.821;60;0;0;9.102;9.185;9.135;2135;2158;2145;50.00;50.00;50.00;6022;1000;0.0;0;0.0000;0;0;9575;9575;9575
60;2014-07-20 11:09:00;909402N262;6515;9.683;48;236;235;236;236;9.247;50.00;522.9;5.101;598.5;3.162;719.8;2.856;60;0;0;9.205;9.292;9.244;2159;2182;2171;50.00;50.00;50.00;6022;1000;0.0;0;0.0000;0;0;9683;9683;9683
60;2014-07-20 11:10:00;909402N262;6539;9.791;48;235;236;235;235;9.291;50.00;522.2;5.126;597.3;3.172;721.1;2.868;60;0;0;9.277;9.337;9.261;2179;2189;2169;50.00;50.00;50.00;6022;1000;0.0;0;0.0000;0;0;9791;9791;9791
60;2014-07-20 11:11:00;909402N262;6561;9.902;48;235;236;235;235;9.332;49.99;521.9;5.131;596.9;3.171;731.4;2.862;60;0;0;9.316;9.371;9.310;2188;2194;2178;49.99;49.99;49.99;6022;1000;0.0;0;0.0000;0;0;9902;9902;9902
60;2014-07-20 11:12:00;909402N262;6567;10.011;48;235;235;236;235;9.335;49.99;522.8;5.132;598.1;3.163;732.2;2.860;60;0;0;9.286;9.396;9.324;2174;2205;2186;49.99;49.99;49.99;6022;1000;0.0;0;0.0000;0;0;10011;10011;10011
60;2014-07-20 11:13:00;909402N262;6520;10.119;48;235;235;236;235;9.259;50.00;523.6;5.088;598.8;3.127;735.2;2.831;60;0;0;9.204;9.326;9.247;2157;2190;2169;50.00;50.00;50.00;6022;1000;0.0;0;0.0000;0;0;10119;10119;10119
60;2014-07-20 11:14:00;909402N262;6662;10.231;48;235;235;236;235;9.465;50.00;523.6;5.211;599.3;3.201;730.4;2.900;60;0;0;9.431;9.537;9.427;2209;2243;2210;50.00;50.00;50.00;6022;1000;0.0;0;0.0000;0;0;10231;10231;10231
60;2014-07-20 11:15:00;909402N262;6748;10.341;48;236;236;236;236;9.568;49.99;522.3;5.283;598.1;3.242;733.3;2.939;60;0;0;9.525;9.614;9.566;2237;2259;2251;49.99;49.99;49.99;6022;1000;0.0;0;0.0000;0;0;10341;10341;10341
60;2014-07-20 11:16:00;909402N262;6630;10.452;48;236;235;236;236;9.405;49.99;518.8;5.275;587.1;3.255;721.9;2.932;60;0;0;9.341;9.459;9.416;2188;2226;2216;49.99;49.99;49.99;6022;1000;0.0;0;0.0000;0;0;10452;10452;10452
60;2014-07-20 11:17:00;909402N262;6743;10.565;49;235;234;236;236;9.584;50.00;520.2;5.332;612.9;3.173;719.7;2.960;60;0;0;9.489;9.657;9.608;2215;2271;2256;50.00;50.00;50.00;6022;1000;0.0;0;0.0000;0;0;10565;10565;10565
60;2014-07-20 11:18:00;909402N262;6800;10.677;49;235;234;236;235;9.669;50.00;520.1;5.348;622.5;3.116;735.9;2.964;60;0;0;9.605;9.734;9.668;2243;2285;2269;50.00;50.00;50.00;6022;1000;0.0;0;0.0000;0;0;10677;10677;10677
60;2014-07-20 11:19:00;909402N262;6614;10.788;49;235;234;236;236;9.415;49.99;520.4;5.216;613.8;3.079;733.3;2.886;60;0;0;9.338;9.483;9.425;2179;2223;2212;49.99;49.99;49.99;6022;1000;0.0;0;0.0000;0;0;10788;10788;10788
60;2014-07-20 11:20:00;909402N262;6635;10.898;49;235;235;235;236;9.427;49.99;520.3;5.225;596.1;3.177;733.7;2.890;60;0;0;9.371;9.463;9.448;2192;2218;2219;49.99;49.99;49.99;6022;1000;0.0;0;0.0000;0;0;10898;10898;10898
60;2014-07-20 11:21:00;909402N262;6326;11.003;49;235;235;235;235;9.018;49.99;519.9;5.005;595.6;3.036;731.7;2.756;60;0;0;8.978;9.081;8.995;2101;2126;2100;49.99;49.99;49.99;6022;1000;0.0;0;0.0000;0;0;11003;11003;11003
60;2014-07-20 11:22:00;909402N262;6408;11.111;49;235;235;236;235;9.113;49.99;519.5;5.064;595.5;3.067;732.5;2.793;60;0;0;9.066;9.172;9.101;2121;2154;2131;49.99;49.99;49.99;6022;1000;0.0;0;0.0000;0;0;11111;11111;11111
60;2014-07-20 11:23:00;909402N262;6608;11.221;49;235;235;235;236;9.400;49.99;519.1;5.222;603.7;3.118;731.9;2.892;60;0;0;9.350;9.447;9.403;2186;2214;2207;49.99;49.99;49.99;6022;1000;0.0;0;0.0000;0;0;11221;11221;11221
60;2014-07-20 11:24:00;909402N262;6826;11.335;49;235;235;235;236;9.686;50.00;518.1;5.406;610.4;3.186;731.3;2.989;60;0;0;9.647;9.731;9.682;2262;2284;2275;50.00;50.00;50.00;6022;1000;0.0;0;0.0000;0;0;11335;11335;11335
60;2014-07-20 11:25:00;909402N262;6925;11.450;49;235;235;235;236;9.835;49.99;516.8;5.498;618.9;3.186;730.5;3.039;60;0;0;9.798;9.847;9.860;2296;2307;2319;49.99;49.99;49.99;6022;1000;0.0;0;0.0000;0;0;11450;11450;11450
60;2014-07-20 11:26:00;909402N262;7032;11.568;49;235;235;235;236;9.988;49.99;517.2;5.587;619.8;3.224;730.8;3.082;60;0;0;9.951;9.994;10.019;2332;2339;2359;49.99;49.99;49.99;6022;1000;0.0;0;0.0000;0;0;11568;11568;11568
60;2014-07-20 11:27:00;909402N262;7009;11.685;49;235;235;235;236;9.967;50.00;517.8;5.563;620.1;3.204;733.6;3.070;60;0;0;9.910;10.004;9.987;2318;2342;2347;50.00;50.00;50.00;6022;1000;0.0;0;0.0000;0;0;11685;11685;11685
60;2014-07-20 11:28:00;909402N262;6987;11.801;49;235;235;234;235;9.946;49.99;516.7;5.555;614.7;3.216;734.4;3.065;60;0;0;9.912;9.982;9.946;2321;2334;2331;49.99;49.99;49.99;6022;1000;0.0;0;0.0000;0;0;11801;11801;11801
60;2014-07-20 11:29:00;909402N262;6944;11.916;49;235;235;234;235;9.890;49.98;516.3;5.533;601.2;3.280;728.3;3.055;60;0;0;9.866;9.911;9.895;2310;2313;2321;49.98;49.98;49.98;6022;1000;0.0;0;0.0000;0;0;11916;11916;11916
60;2014-07-20 11:30:00;909402N262;6831;12.030;49;235;235;234;235;9.724;50.00;516.7;5.446;619.4;3.114;733.1;2.994;60;0;0;9.700;9.744;9.729;2273;2276;2281;50.00;50.00;50.00;6022;1000;0.0;0;0.0000;0;0;12030;12030;12030
60;2014-07-20 11:31:00;909402N262;6619;12.140;49;235;235;234;236;9.419;50.00;513.7;5.320;605.7;3.070;737.2;2.918;60;0;0;9.388;9.425;9.446;2195;2205;2218;50.00;50.00;50.00;6022;1000;0.0;0;0.0000;0;0;12140;12140;12140
60;2014-07-20 11:32:00;909402N262;6844;12.255;49;235;234;234;236;9.722;50.00;517.9;5.423;602.7;3.186;747.0;2.976;60;0;0;9.665;9.748;9.754;2260;2284;2298;50.00;50.00;50.00;6022;1000;0.0;0;0.0000;0;0;12255;12255;12255
60;2014-07-20 11:33:00;909402N262;6765;12.368;49;235;234;234;235;9.626;49.99;518.1;5.358;598.5;3.173;748.0;2.937;60;0;0;9.565;9.654;9.659;2235;2256;2271;49.99;49.99;49.99;6022;1000;0.0;0;0.0000;0;0;12368;12368;12368
60;2014-07-20 11:34:00;909402N262;6906;12.482;49;235;234;234;236;9.809;50.01;518.0;5.504;613.5;3.177;736.7;3.007;60;0;0;9.760;9.803;9.865;2284;2291;2329;50.01;50.01;50.01;6022;1000;0.0;0;0.0000;0;0;12482;12482;12482
60;2014-07-20 11:35:00;909402N262;6809;12.596;49;235;235;233;236;9.675;50.01;517.6;5.408;605.7;3.161;746.2;2.955;60;0;0;9.631;9.647;9.747;2261;2248;2299;50.01;50.01;50.01;6022;1000;0.0;0;0.0000;0;0;12596;12596;12596
60;2014-07-20 11:36:00;909402N262;6690;12.708;49;235;235;233;236;9.517;49.99;517.5;5.312;601.7;3.118;749.5;2.897;60;0;0;9.491;9.496;9.564;2226;2207;2253;49.99;49.99;49.99;6022;1000;0.0;0;0.0000;0;0;12708;12708;12708
60;2014-07-20 11:37:00;909402N262;6632;12.820;49;235;235;233;236;9.426;50.00;516.9;5.274;610.9;3.039;747.9;2.877;60;0;0;9.407;9.409;9.463;2208;2191;2230;50.00;50.00;50.00;6022;1000;0.0;0;0.0000;0;0;12820;12820;12820
60;2014-07-20 11:38:00;909402N262;6825;12.934;49;234;235;233;235;9.712;49.99;515.6;5.438;616.4;3.094;747.2;2.968;60;0;0;9.711;9.705;9.720;2278;2256;2284;49.99;49.99;49.99;6022;1000;0.0;0;0.0000;0;0;12934;12934;12934
60;2014-07-20 11:39:00;909402N262;6947;13.049;49;234;235;233;235;9.889;50.00;514.8;5.537;609.6;3.187;747.5;3.021;60;0;0;9.877;9.868;9.923;2316;2298;2331;50.00;50.00;50.00;6022;1000;0.0;0;0.0000;0;0;13049;13049;13049
60;2014-07-20 11:40:00;909402N262;7020;13.167;49;234;234;232;236;10.004;50.01;514.6;5.601;615.7;3.184;747.3;3.062;60;0;0;9.961;9.976;10.075;2332;2315;2372;50.01;50.01;50.01;6022;1000;0.0;0;0.0000;0;0;13167;13167;13167
60;2014-07-20 11:41:00;909402N262;7021;13.283;50;234;235;232;235;10.003;50.01;514.1;5.610;617.9;3.167;746.9;3.066;60;0;0;9.984;9.962;10.064;2339;2311;2368;50.01;50.01;50.01;6022;1000;0.0;0;0.0000;0;0;13283;13283;13283
60;2014-07-20 11:42:00;909402N262;7069;13.401;50;234;234;232;236;10.074;50.00;513.3;5.656;616.7;3.196;746.7;3.085;60;0;0;10.036;10.047;10.140;2343;2333;2388;50.00;50.00;50.00;6022;1000;0.0;0;0.0000;0;0;13401;13401;13401
60;2014-07-20 11:43:00;909402N262;7245;13.522;50;234;234;233;236;10.322;50.01;513.4;5.793;620.8;3.249;747.2;3.168;60;0;0;10.247;10.309;10.411;2394;2395;2454;50.01;50.01;50.01;6022;1000;0.0;0;0.0000;0;0;13522;13522;13522
60;2014-07-20 11:44:00;909402N262;7351;13.645;50;234;233;233;236;10.472;50.01;513.8;5.884;618.2;3.310;746.8;3.212;60;0;0;10.391;10.482;10.543;2419;2444;2484;50.01;50.01;50.01;6022;1000;0.0;0;0.0000;0;0;13645;13645;13645
60;2014-07-20 11:45:00;909402N262;7453;13.769;50;235;233;234;237;10.587;50.00;514.3;5.966;618.0;3.356;746.2;3.256;60;0;0;10.489;10.612;10.661;2447;2483;2520;50.00;50.00;50.00;6022;1000;0.0;0;0.0000;0;0;13769;13769;13769
60;2014-07-20 11:46:00;909402N262;7401;13.893;50;235;235;234;236;10.497;50.01;510.7;5.984;605.1;3.393;745.6;3.271;60;0;0;10.437;10.488;10.566;2445;2459;2495;50.01;50.01;50.01;6022;1000;0.0;0;0.0000;0;0;13893;13893;13893
60;2014-07-20 11:47:00;909402N262;7459;14.017;50;235;235;234;236;10.592;50.00;511.7;6.007;618.6;3.352;742.7;3.274;60;0;0;10.537;10.585;10.654;2469;2472;2516;50.00;50.00;50.00;6022;1000;0.0;0;0.0000;0;0;14017;14017;14017
60;2014-07-20 11:48:00;909402N262;7419;14.141;50;235;235;234;236;10.522;50.01;511.3;5.977;617.8;3.338;741.9;3.261;60;0;0;10.476;10.514;10.578;2459;2458;2500;50.01;50.01;50.01;6022;1000;0.0;0;0.0000;0;0;14141;14141;14141
60;2014-07-20 11:49:00;909402N262;7479;14.265;50;235;235;234;236;10.611;50.02;511.8;6.026;618.8;3.357;741.8;3.281;60;0;0;10.571;10.619;10.643;2479;2485;2511;50.02;50.02;50.02;6022;1000;0.0;0;0.0000;0;0;14265;14265;14265
60;2014-07-20 11:50:00;909402N262;7484;14.390;50;235;235;234;236;10.617;50.01;511.2;6.039;618.5;3.360;742.1;3.290;60;0;0;10.601;10.632;10.620;2493;2491;2499;50.01;50.01;50.01;6022;1000;0.0;0;0.0000;0;0;14390;14390;14390
60;2014-07-20 11:51:00;909402N262;7428;14.513;50;235;235;235;236;10.531;50.01;509.9;6.011;617.2;3.338;740.0;3.270;60;0;0;10.488;10.572;10.534;2463;2481;2481;50.01;50.01;50.01;6022;1000;0.0;0;0.0000;0;0;14513;14513;14513
60;2014-07-20 11:52:00;909402N262;7500;14.639;50;235;235;235;236;10.629;50.01;510.0;6.068;617.1;3.370;741.7;3.297;60;0;0;10.583;10.651;10.654;2484;2500;2514;50.01;50.01;50.01;6022;1000;0.0;0;0.0000;0;0;14639;14639;14639
60;2014-07-20 11:53:00;909402N262;7462;14.763;50;235;235;234;237;10.574;50.00;509.7;6.054;617.1;3.355;739.3;3.280;60;0;0;10.540;10.561;10.623;2476;2474;2511;50.00;50.00;50.00;6022;1000;0.0;0;0.0000;0;0;14763;14763;14763
60;2014-07-20 11:54:00;909402N262;7479;14.888;50;236;235;235;237;10.592;49.99;509.3;6.062;617.1;3.360;740.3;3.292;60;0;0;10.535;10.599;10.643;2472;2486;2519;49.99;49.99;49.99;6022;1000;0.0;0;0.0000;0;0;14888;14888;14888
60;2014-07-20 11:55:00;909402N262;7542;15.014;50;235;234;235;237;10.685;50.01;508.9;6.116;617.0;3.390;742.0;3.318;60;0;0;10.607;10.710;10.738;2484;2515;2542;50.01;50.01;50.01;6022;1000;0.0;0;0.0000;0;0;15014;15014;15014
60;2014-07-20 11:56:00;909402N262;7618;15.140;50;235;234;236;236;10.803;50.00;508.4;6.184;617.4;3.420;742.7;3.347;60;0;0;10.703;10.880;10.826;2501;2561;2553;50.00;50.00;50.00;6022;1000;0.0;0;0.0000;0;0;15140;15140;15140
60;2014-07-20 11:57:00;909402N262;7649;15.268;50;235;234;236;236;10.839;50.01;507.9;6.212;618.1;3.430;743.1;3.368;60;0;0;10.721;10.917;10.880;2508;2574;2567;50.01;50.01;50.01;6022;1000;0.0;0;0.0000;0;0;15268;15268;15268
60;2014-07-20 11:58:00;909402N262;7665;15.396;50;235;234;236;237;10.850;50.01;507.6;6.228;618.2;3.436;742.6;3.371;60;0;0;10.720;10.909;10.923;2503;2572;2587;50.01;50.01;50.01;6022;1000;0.0;0;0.0000;0;0;15396;15396;15396
60;2014-07-20 11:59:00;909402N262;7738;15.525;50;235;234;235;237;10.964;50.00;506.9;6.300;617.3;3.468;741.9;3.409;60;0;0;10.843;11.016;11.035;2533;2588;2614;50.00;50.00;50.00;6022;1000;0.0;0;0.0000;0;0;15525;15525;15525
60;2014-07-20 12:00:00;909402N262;7718;15.654;50;235;234;235;236;10.950;49.98;506.8;6.286;616.7;3.459;741.7;3.401;60;0;0;10.861;11.005;10.986;2541;2583;2591;49.98;49.98;49.98;6022;1000;0.0;0;0.0000;0;0;15654;15654;15654
[wr_ende]
