20140915;160005;danfoss;My Plant;+0100
[wr_def_start]
909402N262;Inverter Type;Inverter Group;Hanzl
[wr_def_end]
[wr]
INTERVAL;TIMESTAMP;SERIAL;P_AC;E_DAY;T_WR;U_AC;U_AC_1;U_AC_2;U_AC_3;I_AC;F_AC;U_DC_1;I_DC_1;U_DC_2;I_DC_2;U_DC_3;I_DC_3;S;E_WR;M_WR;I_AC_1;I_AC_2;I_AC_3;P_AC_1;P_AC_2;P_AC_3;F_AC_1;F_AC_2;F_AC_3;R_DC;PC;PCS;PCS_LL;COS_PHI;COS_PHI_LL;S_COS_PHI;Current_Day_Energy;current_Day_Offset;ccEnergyOfDay_WithoutOffset
60;2014-09-15 15:01:00;909402N262;985;11.293;43;234;234;234;234;1.551;49.98;551.1;0.839;606.7;0.439;758.1;0.378;60;0;0;1.525;1.593;1.537;320;339;324;49.98;49.98;49.98;3227;1000;0.0;0;0.0000;0;0;11293;11293;11293
60;2014-09-15 15:02:00;909402N262;1012;11.310;43;234;233;234;234;1.565;49.97;554.4;0.849;623.9;0.439;761.8;0.382;60;0;0;1.530;1.615;1.550;327;349;333;49.97;49.97;49.97;3227;1000;0.0;0;0.0000;0;0;11310;11310;11310
60;2014-09-15 15:03:00;909402N262;1027;11.327;43;233;233;234;234;1.586;49.99;554.6;0.861;625.5;0.446;763.3;0.388;60;0;0;1.544;1.634;1.581;331;353;341;49.99;49.99;49.99;3227;1000;0.0;0;0.0000;0;0;11327;11327;11327
60;2014-09-15 15:04:00;909402N262;1054;11.345;43;234;233;234;234;1.621;49.99;554.8;0.882;626.8;0.457;766.2;0.398;60;0;0;1.585;1.668;1.612;341;362;349;49.99;49.99;49.99;3227;1000;0.0;0;0.0000;0;0;11345;11345;11345
60;2014-09-15 15:05:00;909402N262;1096;11.363;43;234;233;234;234;1.676;49.99;555.0;0.915;630.2;0.471;767.8;0.413;60;0;0;1.647;1.712;1.669;356;374;363;49.99;49.99;49.99;3227;1000;0.0;0;0.0000;0;0;11363;11363;11363
60;2014-09-15 15:06:00;909402N262;1145;11.383;42;234;233;234;234;1.737;49.99;556.3;0.951;632.6;0.489;770.8;0.430;60;0;0;1.709;1.767;1.736;373;389;381;49.99;49.99;49.99;3227;1000;0.0;0;0.0000;0;0;11383;11383;11383
60;2014-09-15 15:07:00;909402N262;1191;11.401;42;233;233;233;233;1.797;49.99;556.7;0.986;631.2;0.510;773.0;0.447;60;0;0;1.760;1.833;1.798;386;405;398;49.99;49.99;49.99;3227;1000;0.0;0;0.0000;0;0;11401;11401;11401
60;2014-09-15 15:08:00;909402N262;1240;11.422;42;233;233;234;234;1.861;50.00;557.6;1.022;630.6;0.533;775.6;0.464;60;0;0;1.824;1.890;1.871;402;420;416;50.00;50.00;50.00;3227;1000;0.0;0;0.0000;0;0;11422;11422;11422
60;2014-09-15 15:09:00;909402N262;1297;11.445;42;234;233;234;234;1.938;50.00;558.1;1.066;631.7;0.557;777.1;0.487;60;0;0;1.895;1.972;1.948;420;440;435;50.00;50.00;50.00;3227;1000;0.0;0;0.0000;0;0;11445;11445;11445
60;2014-09-15 15:10:00;909402N262;1353;11.466;42;234;233;234;234;2.016;49.99;558.5;1.109;630.2;0.581;777.5;0.509;60;0;0;1.972;2.056;2.020;439;460;452;49.99;49.99;49.99;3227;1000;0.0;0;0.0000;0;0;11466;11466;11466
60;2014-09-15 15:11:00;909402N262;1399;11.490;42;234;233;234;234;2.078;50.00;558.0;1.149;628.8;0.599;778.8;0.525;60;0;0;2.030;2.118;2.087;453;476;469;50.00;50.00;50.00;3227;1000;0.0;0;0.0000;0;0;11490;11490;11490
60;2014-09-15 15:12:00;909402N262;1429;11.514;42;234;233;234;234;2.121;50.01;557.7;1.179;629.4;0.608;778.0;0.538;60;0;0;2.074;2.162;2.128;463;487;479;50.01;50.01;50.01;3227;1000;0.0;0;0.0000;0;0;11514;11514;11514
60;2014-09-15 15:13:00;909402N262;1445;11.539;42;234;234;234;234;2.143;50.01;557.6;1.196;629.9;0.610;777.2;0.543;60;0;0;2.094;2.186;2.149;467;491;484;50.01;50.01;50.01;3227;1000;0.0;0;0.0000;0;0;11539;11539;11539
60;2014-09-15 15:14:00;909402N262;1447;11.562;42;234;233;234;234;2.148;49.99;557.8;1.202;630.8;0.608;775.6;0.544;60;0;0;2.102;2.185;2.157;469;491;485;49.99;49.99;49.99;3227;1000;0.0;0;0.0000;0;0;11562;11562;11562
60;2014-09-15 15:15:00;909402N262;1448;11.586;42;234;234;234;234;2.149;50.00;558.2;1.206;632.1;0.604;773.9;0.544;60;0;0;2.100;2.193;2.155;469;493;484;50.00;50.00;50.00;3227;1000;0.0;0;0.0000;0;0;11586;11586;11586
60;2014-09-15 15:16:00;909402N262;1437;11.610;42;234;234;234;234;2.127;49.99;555.4;1.212;616.4;0.612;769.1;0.548;60;0;0;2.082;2.167;2.134;466;489;481;49.99;49.99;49.99;3227;1000;0.0;0;0.0000;0;0;11610;11610;11610
60;2014-09-15 15:17:00;909402N262;1463;11.635;42;234;234;234;234;2.169;49.98;560.9;1.218;633.9;0.602;773.8;0.550;60;0;0;2.124;2.203;2.181;475;495;491;49.98;49.98;49.98;3227;1000;0.0;0;0.0000;0;0;11635;11635;11635
60;2014-09-15 15:18:00;909402N262;1473;11.660;42;234;234;234;234;2.185;49.98;562.8;1.225;634.5;0.603;773.8;0.556;60;0;0;2.139;2.216;2.200;479;498;495;49.98;49.98;49.98;3227;1000;0.0;0;0.0000;0;0;11660;11660;11660
60;2014-09-15 15:19:00;909402N262;1484;11.684;42;234;234;234;234;2.200;49.99;564.5;1.234;635.2;0.603;773.2;0.559;60;0;0;2.152;2.235;2.214;481;502;499;49.99;49.99;49.99;3227;1000;0.0;0;0.0000;0;0;11684;11684;11684
60;2014-09-15 15:20:00;909402N262;1490;11.709;42;234;234;234;234;2.210;50.01;565.3;1.242;636.2;0.602;772.6;0.560;60;0;0;2.166;2.243;2.222;484;504;500;50.01;50.01;50.01;3227;1000;0.0;0;0.0000;0;0;11709;11709;11709
60;2014-09-15 15:21:00;909402N262;1495;11.734;42;234;234;234;234;2.217;50.01;565.5;1.249;636.6;0.601;771.9;0.560;60;0;0;2.173;2.248;2.232;486;504;502;50.01;50.01;50.01;3227;1000;0.0;0;0.0000;0;0;11734;11734;11734
60;2014-09-15 15:22:00;909402N262;1505;11.760;42;234;234;233;234;2.231;50.00;565.0;1.266;636.7;0.603;771.9;0.563;60;0;0;2.186;2.262;2.247;490;507;506;50.00;50.00;50.00;3227;1000;0.0;0;0.0000;0;0;11760;11760;11760
60;2014-09-15 15:23:00;909402N262;1530;11.785;42;234;234;233;234;2.269;49.99;564.0;1.293;636.2;0.609;772.2;0.571;60;0;0;2.229;2.295;2.285;500;515;513;49.99;49.99;49.99;3227;1000;0.0;0;0.0000;0;0;11785;11785;11785
60;2014-09-15 15:24:00;909402N262;1565;11.810;42;233;233;234;233;2.321;49.99;563.4;1.330;636.2;0.620;772.7;0.584;60;0;0;2.274;2.357;2.332;509;530;524;49.99;49.99;49.99;3227;1000;0.0;0;0.0000;0;0;11810;11810;11810
60;2014-09-15 15:25:00;909402N262;1614;11.837;42;234;234;234;234;2.388;49.99;563.2;1.378;637.7;0.632;773.4;0.601;60;0;0;2.337;2.434;2.395;524;549;539;49.99;49.99;49.99;3227;1000;0.0;0;0.0000;0;0;11837;11837;11837
60;2014-09-15 15:26:00;909402N262;1669;11.866;42;234;234;234;234;2.465;49.99;563.1;1.432;637.6;0.649;774.6;0.620;60;0;0;2.417;2.506;2.473;543;566;558;49.99;49.99;49.99;3227;1000;0.0;0;0.0000;0;0;11866;11866;11866
60;2014-09-15 15:27:00;909402N262;1753;11.896;42;234;234;234;234;2.582;49.99;562.0;1.514;636.9;0.678;776.6;0.648;60;0;0;2.530;2.632;2.586;570;597;585;49.99;49.99;49.99;3227;1000;0.0;0;0.0000;0;0;11896;11896;11896
60;2014-09-15 15:28:00;909402N262;1807;11.925;42;234;233;234;234;2.657;50.00;561.3;1.564;635.5;0.700;776.9;0.665;60;0;0;2.609;2.703;2.659;588;614;603;50.00;50.00;50.00;3227;1000;0.0;0;0.0000;0;0;11925;11925;11925
60;2014-09-15 15:29:00;909402N262;2021;11.958;42;233;233;234;234;2.953;49.98;560.1;1.755;635.8;0.777;778.8;0.743;60;0;0;2.886;3.005;2.969;655;686;677;49.98;49.98;49.98;3227;1000;0.0;0;0.0000;0;0;11958;11958;11958
60;2014-09-15 15:30:00;909402N262;2181;11.995;42;233;233;233;234;3.176;49.97;560.5;1.891;635.6;0.841;779.8;0.800;60;0;0;3.113;3.216;3.199;711;735;732;49.97;49.97;49.97;3227;1000;0.0;0;0.0000;0;0;11995;11995;11995
60;2014-09-15 15:31:00;909402N262;2272;12.033;42;234;233;233;234;3.300;49.98;552.9;1.984;627.3;0.892;781.1;0.845;60;0;0;3.237;3.341;3.323;741;766;764;49.98;49.98;49.98;3227;1000;0.0;0;0.0000;0;0;12033;12033;12033
60;2014-09-15 15:32:00;909402N262;2528;12.075;42;234;233;234;235;3.688;49.99;561.1;2.175;637.0;0.971;784.6;0.935;60;0;0;3.610;3.735;3.721;820;853;854;49.99;49.99;49.99;3227;1000;0.0;0;0.0000;0;0;12075;12075;12075
60;2014-09-15 15:33:00;909402N262;3379;12.132;42;234;233;235;235;4.863;49.99;563.7;2.885;640.2;1.267;793.7;1.261;60;0;0;4.787;4.916;4.886;1102;1142;1134;49.99;49.99;49.99;3227;1000;0.0;0;0.0000;0;0;12132;12132;12132
60;2014-09-15 15:34:00;909402N262;3915;12.197;42;234;233;235;235;5.627;49.99;562.9;3.380;647.4;1.438;794.9;1.443;60;0;0;5.540;5.692;5.650;1278;1323;1313;49.99;49.99;49.99;3227;1000;0.0;0;0.0000;0;0;12197;12197;12197
60;2014-09-15 15:35:00;909402N262;4211;12.267;42;234;233;235;235;6.046;49.99;561.3;3.666;654.9;1.501;794.4;1.564;60;0;0;5.955;6.119;6.066;1376;1422;1410;49.99;49.99;49.99;3227;1000;0.0;0;0.0000;0;0;12267;12267;12267
60;2014-09-15 15:36:00;909402N262;3667;12.328;42;234;233;235;235;5.268;50.00;558.1;3.170;637.0;1.382;795.4;1.355;60;0;0;5.193;5.335;5.278;1199;1240;1227;50.00;50.00;50.00;3227;1000;0.0;0;0.0000;0;0;12328;12328;12328
60;2014-09-15 15:37:00;909402N262;3823;12.393;42;234;233;235;235;5.488;49.99;557.0;3.328;643.9;1.401;795.2;1.423;60;0;0;5.400;5.553;5.512;1246;1293;1282;49.99;49.99;49.99;3227;1000;0.0;0;0.0000;0;0;12393;12393;12393
60;2014-09-15 15:38:00;909402N262;3953;12.458;42;235;233;235;235;5.667;49.99;556.3;3.451;636.0;1.482;795.3;1.458;60;0;0;5.582;5.737;5.682;1291;1336;1324;49.99;49.99;49.99;3227;1000;0.0;0;0.0000;0;0;12458;12458;12458
60;2014-09-15 15:39:00;909402N262;3608;12.518;42;235;234;235;235;5.186;49.98;554.2;3.150;632.3;1.372;793.0;1.330;60;0;0;5.102;5.250;5.208;1177;1219;1211;49.98;49.98;49.98;3227;1000;0.0;0;0.0000;0;0;12518;12518;12518
60;2014-09-15 15:40:00;909402N262;3929;12.583;42;235;234;235;235;5.633;49.98;553.9;3.453;639.2;1.455;792.9;1.454;60;0;0;5.561;5.690;5.648;1289;1325;1314;49.98;49.98;49.98;3227;1000;0.0;0;0.0000;0;0;12583;12583;12583
60;2014-09-15 15:41:00;909402N262;3359;12.639;42;235;234;235;235;4.847;49.98;551.6;2.951;629.6;1.294;783.1;1.239;60;0;0;4.781;4.898;4.864;1100;1131;1124;49.98;49.98;49.98;3227;1000;0.0;0;0.0000;0;0;12639;12639;12639
60;2014-09-15 15:42:00;909402N262;3125;12.692;43;235;234;235;235;4.518;49.98;550.1;2.745;627.7;1.215;780.7;1.156;60;0;0;4.454;4.556;4.546;1023;1050;1050;49.98;49.98;49.98;3227;1000;0.0;0;0.0000;0;0;12692;12692;12692
60;2014-09-15 15:43:00;909402N262;3086;12.743;43;235;234;234;235;4.466;49.97;550.5;2.710;626.5;1.205;779.6;1.141;60;0;0;4.407;4.498;4.495;1012;1034;1038;49.97;49.97;49.97;3227;1000;0.0;0;0.0000;0;0;12743;12743;12743
60;2014-09-15 15:44:00;909402N262;3057;12.793;43;234;234;234;235;4.426;49.98;551.9;2.680;626.3;1.193;779.3;1.129;60;0;0;4.360;4.459;4.460;1001;1025;1029;49.98;49.98;49.98;3227;1000;0.0;0;0.0000;0;0;12793;12793;12793
60;2014-09-15 15:45:00;909402N262;3062;12.845;43;235;234;234;235;4.432;49.97;552.6;2.684;626.7;1.191;779.2;1.132;60;0;0;4.366;4.465;4.466;1003;1026;1032;49.97;49.97;49.97;3227;1000;0.0;0;0.0000;0;0;12845;12845;12845
60;2014-09-15 15:46:00;909402N262;3102;12.897;43;235;234;235;235;4.476;49.97;540.5;2.770;626.1;1.220;772.8;1.159;60;0;0;4.404;4.530;4.496;1014;1047;1040;49.97;49.97;49.97;3227;1000;0.0;0;0.0000;0;0;12897;12897;12897
60;2014-09-15 15:47:00;909402N262;3032;12.948;43;235;234;235;235;4.361;49.99;552.9;2.669;625.6;1.178;778.3;1.117;60;0;0;4.286;4.420;4.379;990;1024;1017;49.99;49.99;49.99;3227;1000;0.0;0;0.0000;0;0;12948;12948;12948
60;2014-09-15 15:48:00;909402N262;2883;12.995;43;235;234;235;235;4.149;49.99;554.4;2.528;625.3;1.128;777.1;1.059;60;0;0;4.078;4.197;4.172;941;973;968;49.99;49.99;49.99;3227;1000;0.0;0;0.0000;0;0;12995;12995;12995
60;2014-09-15 15:49:00;909402N262;2884;13.043;43;235;234;235;235;4.151;49.99;553.7;2.533;625.7;1.125;777.1;1.060;60;0;0;4.081;4.198;4.175;942;972;968;49.99;49.99;49.99;3227;1000;0.0;0;0.0000;0;0;13043;13043;13043
60;2014-09-15 15:50:00;909402N262;2993;13.093;43;235;234;235;235;4.306;50.00;550.8;2.652;625.5;1.161;778.4;1.099;60;0;0;4.243;4.350;4.325;981;1009;1002;50.00;50.00;50.00;3227;1000;0.0;0;0.0000;0;0;13093;13093;13093
60;2014-09-15 15:51:00;909402N262;3050;13.144;43;235;234;235;235;4.385;50.00;549.9;2.713;625.8;1.182;778.9;1.114;60;0;0;4.319;4.422;4.414;998;1024;1026;50.00;50.00;50.00;3227;1000;0.0;0;0.0000;0;0;13144;13144;13144
60;2014-09-15 15:52:00;909402N262;3037;13.195;43;235;234;235;235;4.361;50.01;550.2;2.697;626.4;1.177;778.6;1.113;60;0;0;4.296;4.400;4.389;994;1020;1020;50.01;50.01;50.01;3227;1000;0.0;0;0.0000;0;0;13195;13195;13195
60;2014-09-15 15:53:00;909402N262;2975;13.245;43;235;235;235;235;4.276;50.01;550.3;2.635;626.6;1.158;778.3;1.090;60;0;0;4.213;4.316;4.299;975;1000;997;50.01;50.01;50.01;3227;1000;0.0;0;0.0000;0;0;13245;13245;13245
60;2014-09-15 15:54:00;909402N262;2895;13.293;43;235;235;235;235;4.162;50.01;550.9;2.554;627.3;1.129;777.7;1.063;60;0;0;4.100;4.205;4.182;948;974;970;50.01;50.01;50.01;3227;1000;0.0;0;0.0000;0;0;13293;13293;13293
60;2014-09-15 15:55:00;909402N262;2873;13.340;43;235;235;235;235;4.132;50.00;552.2;2.526;629.2;1.117;778.0;1.057;60;0;0;4.068;4.173;4.155;941;966;965;50.00;50.00;50.00;3227;1000;0.0;0;0.0000;0;0;13340;13340;13340
60;2014-09-15 15:56:00;909402N262;2897;13.389;43;235;235;235;235;4.168;50.01;552.2;2.548;629.0;1.121;778.0;1.071;60;0;0;4.104;4.210;4.190;949;975;971;50.01;50.01;50.01;3227;1000;0.0;0;0.0000;0;0;13389;13389;13389
60;2014-09-15 15:57:00;909402N262;3018;13.439;43;235;234;235;235;4.338;50.00;550.9;2.668;627.3;1.159;779.2;1.118;60;0;0;4.275;4.381;4.358;989;1016;1011;50.00;50.00;50.00;3227;1000;0.0;0;0.0000;0;0;13439;13439;13439
60;2014-09-15 15:58:00;909402N262;3012;13.489;43;235;234;235;235;4.342;49.99;549.8;2.671;626.9;1.157;778.6;1.113;60;0;0;4.277;4.389;4.360;987;1015;1008;49.99;49.99;49.99;3227;1000;0.0;0;0.0000;0;0;13489;13489;13489
60;2014-09-15 15:59:00;909402N262;2876;13.538;43;235;234;235;235;4.135;49.99;548.8;2.552;627.9;1.103;777.4;1.067;60;0;0;4.068;4.189;4.149;940;971;962;49.99;49.99;49.99;3227;1000;0.0;0;0.0000;0;0;13538;13538;13538
60;2014-09-15 16:00:00;909402N262;2798;13.584;43;235;234;235;235;4.032;50.00;547.4;2.491;624.8;1.082;776.9;1.036;60;0;0;3.964;4.079;4.054;913;943;939;50.00;50.00;50.00;3227;1000;0.0;0;0.0000;0;0;13584;13584;13584
[wr_ende]
