20140710;140001;danfoss;My Plant;+0100
[wr_def_start]
909402N262;Inverter Type;Inverter Group;Hanzl
[wr_def_end]
[wr]
INTERVAL;TIMESTAMP;SERIAL;P_AC;E_DAY;T_WR;U_AC;U_AC_1;U_AC_2;U_AC_3;I_AC;F_AC;U_DC_1;I_DC_1;U_DC_2;I_DC_2;U_DC_3;I_DC_3;S;E_WR;M_WR;I_AC_1;I_AC_2;I_AC_3;P_AC_1;P_AC_2;P_AC_3;F_AC_1;F_AC_2;F_AC_3;R_DC;PC;PCS;PCS_LL;COS_PHI;COS_PHI_LL;S_COS_PHI;Current_Day_Energy;current_Day_Offset;ccEnergyOfDay_WithoutOffset
60;2014-07-10 13:01:00;909402N262;1816;10.329;42;235;235;235;235;2.630;49.95;571.3;1.459;619.6;0.757;791.3;0.687;60;0;0;2.585;2.673;2.634;593;612;607;49.95;49.95;49.95;5399;1000;0.0;0;0.0000;0;0;10329;10329;10329
60;2014-07-10 13:02:00;909402N262;1818;10.359;42;235;235;235;235;2.640;49.95;573.6;1.448;630.0;0.745;795.1;0.678;60;0;0;2.597;2.677;2.646;594;613;609;49.95;49.95;49.95;5399;1000;0.0;0;0.0000;0;0;10359;10359;10359
60;2014-07-10 13:03:00;909402N262;1819;10.388;42;235;235;235;235;2.640;49.96;574.7;1.447;629.9;0.744;795.1;0.678;60;0;0;2.599;2.678;2.644;595;614;608;49.96;49.96;49.96;5399;1000;0.0;0;0.0000;0;0;10388;10388;10388
60;2014-07-10 13:04:00;909402N262;1837;10.419;42;235;235;235;235;2.664;49.97;575.2;1.461;629.9;0.750;795.1;0.686;60;0;0;2.623;2.709;2.661;601;622;612;49.97;49.97;49.97;5399;1000;0.0;0;0.0000;0;0;10419;10419;10419
60;2014-07-10 13:05:00;909402N262;1879;10.451;42;235;235;235;234;2.724;49.97;575.3;1.494;630.1;0.766;795.1;0.702;60;0;0;2.682;2.774;2.717;615;638;624;49.97;49.97;49.97;5399;1000;0.0;0;0.0000;0;0;10451;10451;10451
60;2014-07-10 13:06:00;909402N262;1937;10.483;42;235;235;234;235;2.804;49.98;575.4;1.540;631.3;0.788;795.2;0.725;60;0;0;2.756;2.846;2.812;633;654;649;49.98;49.98;49.98;5399;1000;0.0;0;0.0000;0;0;10483;10483;10483
60;2014-07-10 13:07:00;909402N262;2005;10.516;42;235;235;234;236;2.895;49.97;574.7;1.592;631.0;0.817;795.2;0.751;60;0;0;2.843;2.924;2.920;654;673;677;49.97;49.97;49.97;5399;1000;0.0;0;0.0000;0;0;10516;10516;10516
60;2014-07-10 13:08:00;909402N262;2080;10.552;42;235;235;235;236;2.994;49.97;573.9;1.651;631.6;0.847;795.0;0.781;60;0;0;2.937;3.022;3.024;678;697;702;49.97;49.97;49.97;5399;1000;0.0;0;0.0000;0;0;10552;10552;10552
60;2014-07-10 13:09:00;909402N262;2158;10.587;42;235;235;234;236;3.100;49.98;573.3;1.714;631.5;0.880;795.2;0.812;60;0;0;3.050;3.121;3.131;706;722;729;49.98;49.98;49.98;5399;1000;0.0;0;0.0000;0;0;10587;10587;10587
60;2014-07-10 13:10:00;909402N262;2239;10.625;42;235;235;235;236;3.210;49.99;573.2;1.777;631.8;0.913;795.0;0.843;60;0;0;3.152;3.247;3.231;730;754;753;49.99;49.99;49.99;5399;1000;0.0;0;0.0000;0;0;10625;10625;10625
60;2014-07-10 13:11:00;909402N262;2316;10.663;42;235;235;235;236;3.318;49.98;573.9;1.834;633.3;0.944;794.7;0.873;60;0;0;3.263;3.354;3.339;757;780;778;49.98;49.98;49.98;5399;1000;0.0;0;0.0000;0;0;10663;10663;10663
60;2014-07-10 13:12:00;909402N262;2404;10.703;42;235;235;235;235;3.442;49.98;573.5;1.902;633.6;0.980;794.6;0.907;60;0;0;3.388;3.479;3.459;788;809;805;49.98;49.98;49.98;5399;1000;0.0;0;0.0000;0;0;10703;10703;10703
60;2014-07-10 13:13:00;909402N262;2502;10.745;42;235;235;235;235;3.578;49.97;572.2;1.982;634.5;1.021;794.7;0.943;60;0;0;3.523;3.613;3.600;820;842;839;49.97;49.97;49.97;5399;1000;0.0;0;0.0000;0;0;10745;10745;10745
60;2014-07-10 13:14:00;909402N262;2596;10.788;42;235;235;235;235;3.709;49.99;571.5;2.056;634.7;1.061;795.0;0.979;60;0;0;3.662;3.744;3.723;854;873;867;49.99;49.99;49.99;5399;1000;0.0;0;0.0000;0;0;10788;10788;10788
60;2014-07-10 13:15:00;909402N262;2677;10.833;42;235;235;235;235;3.821;50.01;571.4;2.119;635.7;1.093;794.6;1.009;60;0;0;3.760;3.858;3.846;878;900;897;50.01;50.01;50.01;5399;1000;0.0;0;0.0000;0;0;10833;10833;10833
60;2014-07-10 13:16:00;909402N262;2713;10.878;42;235;235;235;235;3.874;49.99;568.1;2.161;622.2;1.129;793.6;1.033;60;0;0;3.818;3.902;3.902;890;913;908;49.99;49.99;49.99;5399;1000;0.0;0;0.0000;0;0;10878;10878;10878
60;2014-07-10 13:17:00;909402N262;2770;10.925;42;235;235;236;235;3.960;49.99;571.4;2.192;639.0;1.124;794.8;1.045;60;0;0;3.894;4.013;3.973;906;937;925;49.99;49.99;49.99;5399;1000;0.0;0;0.0000;0;0;10925;10925;10925
60;2014-07-10 13:18:00;909402N262;2793;10.970;42;235;235;235;235;3.991;50.00;570.9;2.214;638.4;1.134;794.9;1.053;60;0;0;3.935;4.030;4.009;916;941;934;50.00;50.00;50.00;5399;1000;0.0;0;0.0000;0;0;10970;10970;10970
60;2014-07-10 13:19:00;909402N262;2826;11.018;42;235;235;235;235;4.037;50.00;569.4;2.250;637.2;1.147;795.1;1.065;60;0;0;3.983;4.074;4.055;929;950;945;50.00;50.00;50.00;5399;1000;0.0;0;0.0000;0;0;11018;11018;11018
60;2014-07-10 13:20:00;909402N262;2883;11.065;42;235;235;235;235;4.120;50.00;568.3;2.305;636.7;1.167;795.1;1.087;60;0;0;4.062;4.164;4.136;945;972;964;50.00;50.00;50.00;5399;1000;0.0;0;0.0000;0;0;11065;11065;11065
60;2014-07-10 13:21:00;909402N262;2970;11.115;42;235;235;235;235;4.243;49.99;568.0;2.376;638.4;1.196;795.1;1.124;60;0;0;4.190;4.283;4.256;977;999;992;49.99;49.99;49.99;5399;1000;0.0;0;0.0000;0;0;11115;11115;11115
60;2014-07-10 13:22:00;909402N262;3085;11.166;42;235;235;235;235;4.402;50.00;567.6;2.470;641.3;1.234;795.3;1.170;60;0;0;4.346;4.443;4.417;1016;1037;1030;50.00;50.00;50.00;5399;1000;0.0;0;0.0000;0;0;11166;11166;11166
60;2014-07-10 13:23:00;909402N262;3233;11.220;42;235;235;235;235;4.612;49.98;566.7;2.587;644.0;1.290;795.2;1.230;60;0;0;4.563;4.649;4.626;1066;1086;1079;49.98;49.98;49.99;5399;1000;0.0;0;0.0000;0;0;11220;11220;11220
60;2014-07-10 13:24:00;909402N262;3411;11.277;42;235;235;235;235;4.868;49.99;565.9;2.724;645.6;1.364;795.1;1.301;60;0;0;4.815;4.905;4.884;1123;1146;1140;49.99;49.99;49.99;5399;1000;0.0;0;0.0000;0;0;11277;11277;11277
60;2014-07-10 13:25:00;909402N262;3641;11.338;42;235;235;235;235;5.188;49.99;565.7;2.899;641.5;1.467;795.1;1.394;60;0;0;5.135;5.229;5.200;1200;1223;1215;49.99;49.99;49.99;5399;1000;0.0;0;0.0000;0;0;11338;11338;11338
60;2014-07-10 13:26:00;909402N262;3996;11.404;42;235;235;236;235;5.684;50.00;565.3;3.170;639.9;1.619;795.3;1.540;60;0;0;5.626;5.728;5.698;1317;1342;1334;50.00;50.00;50.00;5399;1000;0.0;0;0.0000;0;0;11404;11404;11404
60;2014-07-10 13:27:00;909402N262;4574;11.481;42;236;235;236;236;6.497;50.00;565.0;3.615;645.7;1.839;795.1;1.775;60;0;0;6.442;6.537;6.513;1510;1535;1528;50.00;50.00;50.00;5399;1000;0.0;0;0.0000;0;0;11481;11481;11481
60;2014-07-10 13:28:00;909402N262;4633;11.558;42;235;235;236;236;6.582;50.00;563.6;3.652;642.1;1.879;795.2;1.805;60;0;0;6.526;6.625;6.595;1528;1555;1548;50.00;50.00;50.00;5399;1000;0.0;0;0.0000;0;0;11558;11558;11558
60;2014-07-10 13:29:00;909402N262;4585;11.635;43;236;235;236;236;6.510;49.98;562.5;3.598;637.4;1.887;795.1;1.791;60;0;0;6.448;6.556;6.528;1511;1540;1533;49.98;49.98;49.98;5399;1000;0.0;0;0.0000;0;0;11635;11635;11635
60;2014-07-10 13:30:00;909402N262;4505;11.711;43;236;236;236;236;6.388;49.97;562.0;3.532;635.6;1.866;795.4;1.757;60;0;0;6.327;6.425;6.412;1484;1510;1508;49.97;49.97;49.97;5399;1000;0.0;0;0.0000;0;0;11711;11711;11711
60;2014-07-10 13:31:00;909402N262;4080;11.778;43;236;235;236;236;5.798;49.97;557.6;3.221;614.8;1.750;795.6;1.601;60;0;0;5.740;5.840;5.814;1344;1371;1363;49.97;49.97;49.97;5399;1000;0.0;0;0.0000;0;0;11778;11778;11778
60;2014-07-10 13:32:00;909402N262;3639;11.839;43;236;235;236;236;5.183;49.97;563.8;2.834;625.9;1.547;795.0;1.410;60;0;0;5.127;5.231;5.191;1198;1225;1215;49.97;49.97;49.97;5399;1000;0.0;0;0.0000;0;0;11839;11839;11839
60;2014-07-10 13:33:00;909402N262;3196;11.892;43;235;235;236;235;4.559;49.97;567.6;2.470;625.0;1.368;794.8;1.229;60;0;0;4.495;4.609;4.575;1048;1076;1069;49.97;49.97;49.97;5399;1000;0.0;0;0.0000;0;0;11892;11892;11892
60;2014-07-10 13:34:00;909402N262;2836;11.939;43;235;235;236;236;4.063;49.99;568.6;2.188;623.4;1.223;787.0;1.094;60;0;0;3.999;4.110;4.082;929;956;950;49.99;49.99;49.99;5399;1000;0.0;0;0.0000;0;0;11939;11939;11939
60;2014-07-10 13:35:00;909402N262;2574;11.982;43;235;235;236;236;3.701;49.99;557.6;2.029;622.5;1.114;783.0;0.994;60;0;0;3.637;3.749;3.717;841;869;862;49.99;49.99;49.99;5399;1000;0.0;0;0.0000;0;0;11982;11982;11982
60;2014-07-10 13:36:00;909402N262;2379;12.022;43;235;235;236;236;3.428;49.99;554.9;1.887;621.3;1.032;781.0;0.918;60;0;0;3.366;3.477;3.442;777;804;797;49.99;49.99;49.99;5399;1000;0.0;0;0.0000;0;0;12022;12022;12022
60;2014-07-10 13:37:00;909402N262;2226;12.058;43;235;235;236;236;3.211;49.99;555.6;1.768;620.4;0.964;780.5;0.858;60;0;0;3.148;3.261;3.226;725;752;746;49.99;49.99;49.99;5399;1000;0.0;0;0.0000;0;0;12058;12058;12058
60;2014-07-10 13:38:00;909402N262;2099;12.094;43;235;235;235;235;3.041;49.99;560.8;1.657;619.3;0.907;779.8;0.810;60;0;0;2.978;3.089;3.057;683;711;703;49.99;49.99;49.99;5399;1000;0.0;0;0.0000;0;0;12094;12094;12094
60;2014-07-10 13:39:00;909402N262;1992;12.128;43;235;235;236;235;2.893;50.00;568.2;1.556;619.0;0.859;779.7;0.767;60;0;0;2.834;2.937;2.909;648;675;667;50.00;50.00;50.00;5399;1000;0.0;0;0.0000;0;0;12128;12128;12128
60;2014-07-10 13:40:00;909402N262;1900;12.159;43;236;235;236;236;2.767;50.01;566.6;1.490;619.1;0.819;779.4;0.730;60;0;0;2.717;2.815;2.769;620;645;634;50.01;50.01;50.01;5399;1000;0.0;0;0.0000;0;0;12159;12159;12159
60;2014-07-10 13:41:00;909402N262;1826;12.190;43;236;235;236;236;2.665;50.01;565.5;1.435;619.8;0.788;778.9;0.700;60;0;0;2.615;2.713;2.667;595;620;609;50.01;50.01;50.01;5399;1000;0.0;0;0.0000;0;0;12190;12190;12190
60;2014-07-10 13:42:00;909402N262;1764;12.219;43;235;235;236;236;2.583;50.01;564.5;1.388;619.6;0.766;779.0;0.674;60;0;0;2.531;2.627;2.591;574;598;590;50.01;50.01;50.01;5399;1000;0.0;0;0.0000;0;0;12219;12219;12219
60;2014-07-10 13:43:00;909402N262;1706;12.247;43;236;236;236;236;2.499;50.01;564.1;1.341;619.2;0.744;777.7;0.652;60;0;0;2.452;2.537;2.509;555;578;571;50.01;50.01;50.01;5399;1000;0.0;0;0.0000;0;0;12247;12247;12247
60;2014-07-10 13:44:00;909402N262;1645;12.276;43;236;236;236;235;2.417;50.00;564.5;1.292;618.6;0.718;776.9;0.630;60;0;0;2.373;2.457;2.422;537;558;549;50.00;50.00;50.00;5399;1000;0.0;0;0.0000;0;0;12276;12276;12276
60;2014-07-10 13:45:00;909402N262;1595;12.301;43;235;236;236;235;2.345;49.99;564.4;1.254;618.8;0.693;777.0;0.610;60;0;0;2.302;2.385;2.349;520;541;532;49.99;49.99;49.99;5399;1000;0.0;0;0.0000;0;0;12301;12301;12301
60;2014-07-10 13:46:00;909402N262;1542;12.327;43;235;235;236;235;2.265;49.99;559.2;1.232;603.8;0.683;776.1;0.595;60;0;0;2.223;2.300;2.272;502;523;514;49.99;49.99;49.99;5399;1000;0.0;0;0.0000;0;0;12327;12327;12327
60;2014-07-10 13:47:00;909402N262;1532;12.353;43;235;235;236;235;2.258;49.97;562.2;1.218;618.8;0.665;777.2;0.583;60;0;0;2.215;2.296;2.265;499;519;512;49.97;49.97;49.97;5399;1000;0.0;0;0.0000;0;0;12353;12353;12353
60;2014-07-10 13:48:00;909402N262;1507;12.378;43;235;236;236;235;2.222;49.97;561.1;1.203;619.1;0.653;776.9;0.572;60;0;0;2.179;2.259;2.228;491;511;503;49.97;49.97;49.97;5399;1000;0.0;0;0.0000;0;0;12378;12378;12378
60;2014-07-10 13:49:00;909402N262;1478;12.402;43;235;235;236;235;2.182;49.97;559.4;1.185;619.1;0.639;776.1;0.562;60;0;0;2.138;2.222;2.186;481;502;493;49.97;49.97;49.97;5399;1000;0.0;0;0.0000;0;0;12402;12402;12402
60;2014-07-10 13:50:00;909402N262;1445;12.426;43;235;235;236;236;2.134;49.99;557.8;1.166;618.6;0.624;775.6;0.550;60;0;0;2.084;2.175;2.144;468;491;484;49.99;49.99;49.99;5399;1000;0.0;0;0.0000;0;0;12426;12426;12426
60;2014-07-10 13:51:00;909402N262;1416;12.450;43;236;235;236;236;2.089;50.01;558.0;1.145;618.4;0.610;776.2;0.536;60;0;0;2.042;2.131;2.096;458;481;474;50.01;50.01;50.01;5399;1000;0.0;0;0.0000;0;0;12450;12450;12450
60;2014-07-10 13:52:00;909402N262;1391;12.473;43;236;235;236;236;2.054;50.01;559.9;1.124;618.9;0.597;777.3;0.525;60;0;0;2.007;2.096;2.061;450;473;466;50.01;50.01;50.01;5399;1000;0.0;0;0.0000;0;0;12473;12473;12473
60;2014-07-10 13:53:00;909402N262;1373;12.497;43;236;235;236;236;2.029;50.01;561.5;1.109;619.1;0.588;776.3;0.518;60;0;0;1.985;2.068;2.036;445;466;460;50.01;50.01;50.01;5399;1000;0.0;0;0.0000;0;0;12497;12497;12497
60;2014-07-10 13:54:00;909402N262;1359;12.519;43;236;235;236;236;2.011;50.00;562.3;1.096;619.7;0.581;775.0;0.514;60;0;0;1.967;2.048;2.018;441;461;455;50.00;50.00;50.00;5399;1000;0.0;0;0.0000;0;0;12519;12519;12519
60;2014-07-10 13:55:00;909402N262;1351;12.541;43;236;235;236;236;2.000;50.00;563.6;1.088;620.1;0.577;774.8;0.512;60;0;0;1.959;2.037;2.005;438;460;452;50.00;50.00;50.00;5399;1000;0.0;0;0.0000;0;0;12541;12541;12541
60;2014-07-10 13:56:00;909402N262;1354;12.564;43;236;235;236;236;2.003;50.01;564.5;1.090;620.1;0.578;775.3;0.513;60;0;0;1.964;2.038;2.007;439;460;452;50.01;50.01;50.01;5399;1000;0.0;0;0.0000;0;0;12564;12564;12564
60;2014-07-10 13:57:00;909402N262;1375;12.587;43;236;236;236;236;2.029;50.02;565.6;1.102;620.7;0.586;776.5;0.519;60;0;0;1.984;2.068;2.035;445;467;460;50.02;50.02;50.02;5399;1000;0.0;0;0.0000;0;0;12587;12587;12587
60;2014-07-10 13:58:00;909402N262;1411;12.611;43;236;236;236;236;2.077;50.02;566.8;1.125;621.6;0.603;776.6;0.533;60;0;0;2.035;2.117;2.081;458;478;472;50.02;50.02;50.02;5399;1000;0.0;0;0.0000;0;0;12611;12611;12611
60;2014-07-10 13:59:00;909402N262;1460;12.635;43;236;236;236;236;2.151;50.00;567.6;1.160;623.3;0.624;777.1;0.552;60;0;0;2.105;2.190;2.159;474;495;489;50.00;50.00;50.00;5399;1000;0.0;0;0.0000;0;0;12635;12635;12635
60;2014-07-10 14:00:00;909402N262;1517;12.661;43;236;236;236;236;2.232;49.99;568.5;1.200;623.8;0.647;777.9;0.575;60;0;0;2.190;2.268;2.239;494;513;507;49.99;49.99;49.99;5399;1000;0.0;0;0.0000;0;0;12661;12661;12661
[wr_ende]
