20140323;100001;danfoss;My Plant;+0100
[wr_def_start]
909402N262;Inverter Type;Inverter Group;Hanzl
[wr_def_end]
[wr]
INTERVAL;TIMESTAMP;SERIAL;P_AC;E_DAY;T_WR;U_AC;U_AC_1;U_AC_2;U_AC_3;I_AC;F_AC;U_DC_1;I_DC_1;U_DC_2;I_DC_2;U_DC_3;I_DC_3;S;E_WR;M_WR;I_AC_1;I_AC_2;I_AC_3;P_AC_1;P_AC_2;P_AC_3;F_AC_1;F_AC_2;F_AC_3;R_DC;PC;PCS;PCS_LL;COS_PHI;COS_PHI_LL;S_COS_PHI;Current_Day_Energy;current_Day_Offset;ccEnergyOfDay_WithoutOffset
60;2014-03-23 09:01:00;909402N262;1162;1.456;32;234;234;234;234;1.767;50.01;565.7;0.769;659.4;0.501;785.4;0.522;60;0;0;1.733;1.814;1.756;378;398;383;50.01;50.01;50.01;25431;1000;0.0;0;0.0000;0;0;1456;1456;1456
60;2014-03-23 09:02:00;909402N262;1132;1.474;32;234;234;235;234;1.755;50.02;570.4;0.742;673.6;0.481;781.5;0.507;60;0;0;1.733;1.801;1.731;370;388;371;50.02;50.02;50.02;25431;1000;0.0;0;0.0000;0;0;1474;1474;1474
60;2014-03-23 09:03:00;909402N262;1087;1.492;32;234;233;235;234;1.695;50.02;569.0;0.715;672.5;0.464;780.0;0.487;60;0;0;1.653;1.749;1.685;351;376;359;50.02;50.02;50.02;25431;1000;0.0;0;0.0000;0;0;1492;1492;1492
60;2014-03-23 09:04:00;909402N262;1062;1.511;32;234;233;234;234;1.665;50.01;567.6;0.702;673.0;0.453;779.8;0.476;60;0;0;1.635;1.719;1.643;345;366;348;50.01;50.01;50.01;25431;1000;0.0;0;0.0000;0;0;1511;1511;1511
60;2014-03-23 09:05:00;909402N262;1057;1.528;33;234;233;234;234;1.657;50.01;567.1;0.699;672.8;0.450;779.9;0.473;60;0;0;1.622;1.714;1.635;343;366;346;50.01;50.01;50.01;25431;1000;0.0;0;0.0000;0;0;1528;1528;1528
60;2014-03-23 09:06:00;909402N262;1058;1.545;33;234;233;234;234;1.660;50.01;566.4;0.699;671.8;0.454;779.7;0.473;60;0;0;1.627;1.714;1.639;344;365;346;50.01;50.01;50.01;25431;1000;0.0;0;0.0000;0;0;1545;1545;1545
60;2014-03-23 09:07:00;909402N262;1056;1.563;33;234;234;234;234;1.656;50.02;566.1;0.697;672.5;0.453;779.9;0.473;60;0;0;1.624;1.709;1.636;344;364;346;50.02;50.02;50.02;25431;1000;0.0;0;0.0000;0;0;1563;1563;1563
60;2014-03-23 09:08:00;909402N262;1045;1.581;33;234;234;234;234;1.642;50.01;565.5;0.689;672.6;0.450;779.1;0.469;60;0;0;1.613;1.690;1.623;341;360;342;50.01;50.01;50.01;25431;1000;0.0;0;0.0000;0;0;1581;1581;1581
60;2014-03-23 09:09:00;909402N262;1021;1.597;33;234;234;234;233;1.611;50.00;564.8;0.671;671.9;0.441;778.7;0.458;60;0;0;1.583;1.657;1.593;333;352;334;50.00;50.00;50.00;25431;1000;0.0;0;0.0000;0;0;1597;1597;1597
60;2014-03-23 09:10:00;909402N262;982;1.613;33;233;234;234;233;1.562;50.00;564.4;0.646;670.6;0.424;776.9;0.441;60;0;0;1.537;1.603;1.546;320;338;322;50.00;50.00;50.00;25431;1000;0.0;0;0.0000;0;0;1613;1613;1613
60;2014-03-23 09:11:00;909402N262;922;1.630;33;233;234;233;233;1.499;50.01;563.2;0.610;671.2;0.396;773.6;0.418;60;0;0;1.491;1.523;1.485;305;314;302;50.01;50.01;50.01;25431;1000;0.0;0;0.0000;0;0;1630;1630;1630
60;2014-03-23 09:12:00;909402N262;858;1.642;33;233;234;233;233;1.439;50.01;563.0;0.570;669.0;0.369;769.9;0.389;60;0;0;1.436;1.462;1.420;284;290;281;50.01;50.01;50.01;25431;1000;0.0;0;0.0000;0;0;1642;1642;1642
60;2014-03-23 09:13:00;909402N262;810;1.657;33;233;233;233;234;1.374;50.01;562.2;0.544;666.0;0.348;767.2;0.367;60;0;0;1.356;1.429;1.339;266;280;263;50.01;50.01;50.01;25431;1000;0.0;0;0.0000;0;0;1657;1657;1657
60;2014-03-23 09:14:00;909402N262;814;1.670;33;233;233;233;234;1.380;50.00;560.4;0.553;663.8;0.348;767.7;0.367;60;0;0;1.365;1.429;1.348;268;279;265;50.00;50.00;50.00;25431;1000;0.0;0;0.0000;0;0;1670;1670;1670
60;2014-03-23 09:15:00;909402N262;846;1.685;33;233;233;233;233;1.423;49.99;559.2;0.578;661.5;0.366;769.1;0.378;60;0;0;1.409;1.456;1.404;279;289;277;49.99;49.99;49.99;25431;1000;0.0;0;0.0000;0;0;1685;1685;1685
60;2014-03-23 09:16:00;909402N262;882;1.700;33;233;233;233;233;1.444;50.00;554.6;0.604;659.6;0.391;761.4;0.397;60;0;0;1.436;1.463;1.434;291;299;290;50.00;50.00;50.00;25431;1000;0.0;0;0.0000;0;0;1700;1700;1700
60;2014-03-23 09:17:00;909402N262;890;1.715;33;233;233;233;233;1.425;50.00;560.6;0.601;663.4;0.387;769.3;0.399;60;0;0;1.407;1.455;1.413;292;304;294;50.00;50.00;50.00;25431;1000;0.0;0;0.0000;0;0;1715;1715;1715
60;2014-03-23 09:18:00;909402N262;875;1.729;33;233;233;234;233;1.410;50.01;560.7;0.591;663.1;0.379;767.8;0.392;60;0;0;1.389;1.436;1.405;286;298;289;50.01;50.01;50.01;25431;1000;0.0;0;0.0000;0;0;1729;1729;1729
60;2014-03-23 09:19:00;909402N262;879;1.743;33;233;233;234;232;1.410;50.01;561.4;0.594;662.1;0.381;767.7;0.394;60;0;0;1.386;1.438;1.407;286;300;291;50.01;50.01;50.01;25431;1000;0.0;0;0.0000;0;0;1743;1743;1743
60;2014-03-23 09:20:00;909402N262;896;1.758;33;233;232;234;232;1.428;50.01;562.6;0.601;660.3;0.392;768.6;0.402;60;0;0;1.401;1.455;1.428;292;305;297;50.01;50.01;50.01;25431;1000;0.0;0;0.0000;0;0;1758;1758;1758
60;2014-03-23 09:21:00;909402N262;885;1.773;33;233;233;234;232;1.418;50.00;563.5;0.591;660.9;0.388;768.2;0.397;60;0;0;1.395;1.442;1.418;289;301;294;50.00;50.00;50.00;25431;1000;0.0;0;0.0000;0;0;1773;1773;1773
60;2014-03-23 09:22:00;909402N262;875;1.788;33;233;233;234;232;1.411;50.00;564.0;0.584;658.0;0.386;766.9;0.392;60;0;0;1.390;1.431;1.414;285;296;291;50.00;50.00;50.00;25431;1000;0.0;0;0.0000;0;0;1788;1788;1788
60;2014-03-23 09:23:00;909402N262;879;1.803;33;233;233;233;232;1.415;50.00;565.0;0.587;660.4;0.383;767.4;0.396;60;0;0;1.399;1.435;1.413;288;298;291;50.00;50.00;50.00;25431;1000;0.0;0;0.0000;0;0;1803;1803;1803
60;2014-03-23 09:24:00;909402N262;902;1.817;33;233;233;233;233;1.435;49.99;567.2;0.597;663.0;0.390;768.5;0.410;60;0;0;1.417;1.463;1.427;296;308;298;49.99;49.99;49.99;25431;1000;0.0;0;0.0000;0;0;1817;1817;1817
60;2014-03-23 09:25:00;909402N262;899;1.832;33;233;233;233;232;1.427;49.99;568.1;0.589;665.0;0.389;768.6;0.410;60;0;0;1.416;1.447;1.420;297;304;296;49.99;49.99;49.99;25431;1000;0.0;0;0.0000;0;0;1832;1832;1832
60;2014-03-23 09:26:00;909402N262;836;1.847;33;233;233;233;232;1.362;49.99;566.1;0.546;665.8;0.359;765.2;0.386;60;0;0;1.354;1.374;1.360;276;282;276;49.99;49.99;49.99;25431;1000;0.0;0;0.0000;0;0;1847;1847;1847
60;2014-03-23 09:27:00;909402N262;688;1.858;33;233;233;233;232;1.176;49.99;561.5;0.461;657.2;0.293;753.3;0.324;60;0;0;1.169;1.193;1.168;227;233;227;49.99;49.99;49.99;25431;1000;0.0;0;0.0000;0;0;1858;1858;1858
60;2014-03-23 09:28:00;909402N262;605;1.868;33;233;233;233;233;1.065;50.00;553.8;0.418;650.4;0.266;743.8;0.281;60;0;0;1.054;1.082;1.060;199;204;201;50.00;50.00;50.00;25431;1000;0.0;0;0.0000;0;0;1868;1868;1868
60;2014-03-23 09:29:00;909402N262;604;1.878;33;233;233;233;233;1.060;49.98;549.0;0.422;644.1;0.269;745.5;0.279;60;0;0;1.052;1.081;1.049;199;205;199;49.98;49.98;49.98;25431;1000;0.0;0;0.0000;0;0;1878;1878;1878
60;2014-03-23 09:30:00;909402N262;582;1.888;33;233;233;233;232;1.027;49.99;547.7;0.409;643.2;0.258;738.6;0.269;60;0;0;1.013;1.060;1.009;190;200;190;49.99;49.99;49.99;25431;1000;0.0;0;0.0000;0;0;1888;1888;1888
60;2014-03-23 09:31:00;909402N262;591;1.897;33;233;233;234;232;1.040;49.99;541.5;0.422;624.1;0.268;733.6;0.274;60;0;0;1.017;1.072;1.031;190;203;195;49.99;49.99;49.99;25431;1000;0.0;0;0.0000;0;0;1897;1897;1897
60;2014-03-23 09:32:00;909402N262;676;1.909;33;233;232;234;232;1.190;49.99;551.6;0.473;639.2;0.303;749.0;0.308;60;0;0;1.158;1.227;1.186;218;232;224;49.99;49.99;49.99;25431;1000;0.0;0;0.0000;0;0;1909;1909;1909
60;2014-03-23 09:33:00;909402N262;742;1.921;33;233;233;234;232;1.276;49.99;555.0;0.509;649.3;0.330;755.7;0.338;60;0;0;1.249;1.325;1.254;241;259;240;49.99;49.99;49.99;25431;1000;0.0;0;0.0000;0;0;1921;1921;1921
60;2014-03-23 09:34:00;909402N262;782;1.934;33;232;232;233;232;1.332;49.99;555.2;0.534;650.3;0.348;759.5;0.354;60;0;0;1.293;1.399;1.304;252;275;253;49.99;49.99;49.99;25431;1000;0.0;0;0.0000;0;0;1934;1934;1934
60;2014-03-23 09:35:00;909402N262;813;1.948;33;232;232;233;232;1.383;49.99;556.5;0.549;656.1;0.357;764.7;0.368;60;0;0;1.370;1.423;1.358;268;277;265;49.99;49.99;49.99;25431;1000;0.0;0;0.0000;0;0;1948;1948;1948
60;2014-03-23 09:36:00;909402N262;790;1.961;33;232;232;232;233;1.351;50.00;556.0;0.536;659.3;0.346;760.1;0.361;60;0;0;1.323;1.400;1.331;258;272;259;50.00;50.00;50.00;25431;1000;0.0;0;0.0000;0;0;1961;1961;1961
60;2014-03-23 09:37:00;909402N262;784;1.974;33;232;232;232;232;1.335;49.99;555.8;0.530;656.4;0.346;760.0;0.356;60;0;0;1.306;1.400;1.300;255;275;252;49.99;49.99;49.99;25431;1000;0.0;0;0.0000;0;0;1974;1974;1974
60;2014-03-23 09:38:00;909402N262;758;1.987;33;232;232;232;232;1.293;49.99;555.5;0.512;655.1;0.338;756.8;0.345;60;0;0;1.264;1.340;1.276;246;264;246;49.99;49.99;49.99;25431;1000;0.0;0;0.0000;0;0;1987;1987;1987
60;2014-03-23 09:39:00;909402N262;712;1.998;33;232;232;232;232;1.239;49.98;553.9;0.488;652.5;0.319;752.8;0.324;60;0;0;1.215;1.271;1.232;232;244;234;49.98;49.98;49.98;25431;1000;0.0;0;0.0000;0;0;1998;1998;1998
60;2014-03-23 09:40:00;909402N262;680;2.010;33;232;232;232;232;1.198;49.99;551.8;0.471;647.6;0.305;748.4;0.308;60;0;0;1.188;1.213;1.195;224;228;226;49.99;49.99;49.99;25431;1000;0.0;0;0.0000;0;0;2010;2010;2010
60;2014-03-23 09:41:00;909402N262;672;2.021;33;232;233;233;232;1.188;49.99;552.0;0.473;645.9;0.299;747.7;0.304;60;0;0;1.155;1.217;1.194;217;228;225;49.99;49.99;49.99;25431;1000;0.0;0;0.0000;0;0;2021;2021;2021
60;2014-03-23 09:42:00;909402N262;775;2.033;33;232;232;232;232;1.324;49.99;554.9;0.549;639.0;0.344;757.2;0.344;60;0;0;1.302;1.357;1.315;253;265;255;49.99;49.99;49.99;25431;1000;0.0;0;0.0000;0;0;2033;2033;2033
60;2014-03-23 09:43:00;909402N262;1072;2.051;34;232;232;231;232;1.684;50.00;562.4;0.739;642.9;0.475;775.1;0.469;60;0;0;1.666;1.718;1.669;352;365;352;50.00;50.00;50.00;25431;1000;0.0;0;0.0000;0;0;2051;2051;2051
60;2014-03-23 09:44:00;909402N262;1392;2.075;34;233;232;232;233;2.099;49.99;568.7;0.919;662.0;0.607;785.7;0.612;60;0;0;2.061;2.136;2.100;454;470;466;49.99;49.99;49.99;25431;1000;0.0;0;0.0000;0;0;2075;2075;2075
60;2014-03-23 09:45:00;909402N262;1434;2.099;34;233;233;232;234;2.158;50.00;573.2;0.928;677.8;0.608;789.5;0.638;60;0;0;2.111;2.195;2.170;467;483;482;50.00;50.00;50.00;25431;1000;0.0;0;0.0000;0;0;2099;2099;2099
60;2014-03-23 09:46:00;909402N262;1297;2.121;34;233;232;232;234;1.957;49.99;571.6;0.843;660.5;0.558;784.5;0.590;60;0;0;1.910;2.001;1.962;420;439;435;49.99;49.99;49.99;25431;1000;0.0;0;0.0000;0;0;2121;2121;2121
60;2014-03-23 09:47:00;909402N262;1195;2.140;34;233;232;232;233;1.804;49.99;578.1;0.769;674.4;0.509;780.1;0.537;60;0;0;1.768;1.841;1.805;388;406;399;49.99;49.99;49.99;25431;1000;0.0;0;0.0000;0;0;2140;2140;2140
60;2014-03-23 09:48:00;909402N262;1182;2.161;34;233;233;232;233;1.787;49.99;577.4;0.767;668.1;0.507;780.0;0.527;60;0;0;1.755;1.824;1.783;385;401;394;49.99;49.99;49.99;25431;1000;0.0;0;0.0000;0;0;2161;2161;2161
60;2014-03-23 09:49:00;909402N262;1252;2.182;34;233;232;233;233;1.881;50.00;576.8;0.817;669.6;0.530;779.8;0.560;60;0;0;1.846;1.912;1.885;408;424;419;50.00;50.00;50.00;25431;1000;0.0;0;0.0000;0;0;2182;2182;2182
60;2014-03-23 09:50:00;909402N262;1355;2.204;34;233;232;233;233;2.018;49.99;576.5;0.879;672.8;0.572;781.9;0.610;60;0;0;1.981;2.050;2.025;440;458;454;49.99;49.99;49.99;25431;1000;0.0;0;0.0000;0;0;2204;2204;2204
60;2014-03-23 09:51:00;909402N262;1376;2.227;34;233;233;233;233;2.046;50.00;576.1;0.890;679.8;0.571;782.9;0.623;60;0;0;2.010;2.080;2.050;449;465;460;50.00;50.00;50.00;25431;1000;0.0;0;0.0000;0;0;2227;2227;2227
60;2014-03-23 09:52:00;909402N262;1377;2.251;34;233;233;233;233;2.046;49.99;575.6;0.884;677.5;0.581;783.0;0.621;60;0;0;2.008;2.079;2.052;448;465;461;49.99;49.99;49.99;25431;1000;0.0;0;0.0000;0;0;2251;2251;2251
60;2014-03-23 09:53:00;909402N262;1353;2.272;34;233;232;233;233;2.016;50.00;575.1;0.870;679.6;0.566;782.1;0.614;60;0;0;1.978;2.058;2.014;440;460;450;50.00;50.00;50.00;25431;1000;0.0;0;0.0000;0;0;2272;2272;2272
60;2014-03-23 09:54:00;909402N262;1293;2.294;34;233;232;233;233;1.933;49.99;573.4;0.831;678.2;0.544;780.4;0.586;60;0;0;1.893;1.970;1.936;420;440;432;49.99;49.99;49.99;25431;1000;0.0;0;0.0000;0;0;2294;2294;2294
60;2014-03-23 09:55:00;909402N262;1203;2.314;34;233;232;233;233;1.813;50.00;571.1;0.779;670.1;0.513;779.1;0.545;60;0;0;1.777;1.852;1.810;391;410;400;50.00;50.00;50.00;25431;1000;0.0;0;0.0000;0;0;2314;2314;2314
60;2014-03-23 09:56:00;909402N262;1124;2.333;34;233;232;233;233;1.713;49.99;569.0;0.734;673.0;0.479;776.1;0.510;60;0;0;1.684;1.748;1.707;366;383;373;49.99;49.99;49.99;25431;1000;0.0;0;0.0000;0;0;2333;2333;2333
60;2014-03-23 09:57:00;909402N262;1085;2.351;34;233;232;233;232;1.664;49.99;565.7;0.714;670.1;0.465;774.2;0.493;60;0;0;1.640;1.699;1.653;355;371;358;49.99;49.99;49.99;25431;1000;0.0;0;0.0000;0;0;2351;2351;2351
60;2014-03-23 09:58:00;909402N262;1031;2.368;34;232;232;233;232;1.590;49.99;562.7;0.682;669.9;0.440;771.7;0.470;60;0;0;1.566;1.637;1.569;337;355;337;49.99;49.99;49.99;25431;1000;0.0;0;0.0000;0;0;2368;2368;2368
60;2014-03-23 09:59:00;909402N262;927;2.384;34;233;233;233;233;1.462;50.00;561.2;0.618;668.0;0.393;766.8;0.428;60;0;0;1.441;1.489;1.456;303;316;307;50.00;50.00;50.00;25431;1000;0.0;0;0.0000;0;0;2384;2384;2384
60;2014-03-23 10:00:00;909402N262;813;2.398;34;233;232;234;232;1.333;50.01;557.5;0.547;664.1;0.348;759.7;0.375;60;0;0;1.318;1.349;1.332;266;277;269;50.01;50.01;50.01;25431;1000;0.0;0;0.0000;0;0;2398;2398;2398
[wr_ende]
