20140504;120000;danfoss;My Plant;+0100
[wr_def_start]
909402N262;Inverter Type;Inverter Group;Hanzl
[wr_def_end]
[wr]
INTERVAL;TIMESTAMP;SERIAL;P_AC;E_DAY;T_WR;U_AC;U_AC_1;U_AC_2;U_AC_3;I_AC;F_AC;U_DC_1;I_DC_1;U_DC_2;I_DC_2;U_DC_3;I_DC_3;S;E_WR;M_WR;I_AC_1;I_AC_2;I_AC_3;P_AC_1;P_AC_2;P_AC_3;F_AC_1;F_AC_2;F_AC_3;R_DC;PC;PCS;PCS_LL;COS_PHI;COS_PHI_LL;S_COS_PHI;Current_Day_Energy;current_Day_Offset;ccEnergyOfDay_WithoutOffset
60;2014-05-04 11:01:00;909402N262;7911;13.287;44;236;235;236;236;11.168;49.99;552.2;5.559;644.2;3.385;795.3;3.534;60;0;0;11.099;11.217;11.190;2610;2658;2641;49.99;49.99;49.99;27112;1000;0.0;0;0.0000;0;0;13287;13287;13287
60;2014-05-04 11:02:00;909402N262;8041;13.422;44;236;235;236;236;11.370;50.00;554.3;5.622;660.0;3.370;795.1;3.563;60;0;0;11.284;11.445;11.381;2651;2705;2684;50.00;50.00;50.00;27112;1000;0.0;0;0.0000;0;0;13422;13422;13422
60;2014-05-04 11:03:00;909402N262;8072;13.557;44;235;235;237;235;11.416;50.00;554.3;5.649;659.6;3.379;795.2;3.576;60;0;0;11.338;11.505;11.407;2664;2722;2684;50.00;50.00;50.00;27112;1000;0.0;0;0.0000;0;0;13557;13557;13557
60;2014-05-04 11:04:00;909402N262;8074;13.693;44;235;235;237;235;11.422;50.01;553.5;5.660;658.2;3.383;795.1;3.580;60;0;0;11.327;11.540;11.399;2662;2733;2676;50.01;50.01;50.01;27112;1000;0.0;0;0.0000;0;0;13693;13693;13693
60;2014-05-04 11:05:00;909402N262;8118;13.828;44;236;235;237;235;11.478;50.00;552.8;5.701;658.4;3.397;795.1;3.601;60;0;0;11.403;11.594;11.437;2680;2749;2688;50.00;50.00;50.00;27112;1000;0.0;0;0.0000;0;0;13828;13828;13828
60;2014-05-04 11:06:00;909402N262;8145;13.964;44;236;235;237;235;11.518;49.99;553.4;5.722;658.9;3.404;795.1;3.607;60;0;0;11.439;11.636;11.480;2687;2755;2700;49.99;49.99;49.99;27112;1000;0.0;0;0.0000;0;0;13964;13964;13964
60;2014-05-04 11:07:00;909402N262;8217;14.101;44;235;235;237;235;11.626;49.98;554.6;5.770;660.6;3.423;795.1;3.635;60;0;0;11.580;11.731;11.568;2723;2776;2716;49.98;49.98;49.98;27112;1000;0.0;0;0.0000;0;0;14101;14101;14101
60;2014-05-04 11:08:00;909402N262;8178;14.237;45;235;235;236;235;11.570;49.99;556.4;5.714;661.2;3.388;794.0;3.622;60;0;0;11.548;11.613;11.550;2714;2753;2708;49.99;49.99;49.99;27112;1000;0.0;0;0.0000;0;0;14237;14237;14237
60;2014-05-04 11:09:00;909402N262;8270;14.374;45;235;235;236;235;11.702;50.00;572.7;5.650;661.3;3.429;795.2;3.652;60;0;0;11.633;11.784;11.689;2738;2783;2749;50.00;50.00;50.00;27112;1000;0.0;0;0.0000;0;0;14374;14374;14374
60;2014-05-04 11:10:00;909402N262;8339;14.514;45;236;236;236;235;11.791;49.99;576.0;5.683;662.6;3.441;795.1;3.673;60;0;0;11.735;11.870;11.768;2767;2801;2770;49.99;49.99;49.99;27112;1000;0.0;0;0.0000;0;0;14514;14514;14514
60;2014-05-04 11:11:00;909402N262;8384;14.653;45;236;236;236;235;11.853;50.00;571.5;5.773;662.9;3.452;795.2;3.689;60;0;0;11.820;11.919;11.821;2791;2812;2779;50.00;50.00;50.00;27112;1000;0.0;0;0.0000;0;0;14653;14653;14653
60;2014-05-04 11:12:00;909402N262;8432;14.794;45;236;236;236;235;11.916;50.00;567.0;5.865;663.3;3.467;795.1;3.707;60;0;0;11.865;11.995;11.890;2801;2833;2797;50.00;50.00;50.00;27112;1000;0.0;0;0.0000;0;0;14794;14794;14794
60;2014-05-04 11:13:00;909402N262;8449;14.935;45;236;236;236;235;11.941;49.99;564.7;5.916;664.3;3.462;795.2;3.707;60;0;0;11.911;12.011;11.901;2811;2836;2800;49.99;49.99;49.99;27112;1000;0.0;0;0.0000;0;0;14935;14935;14935
60;2014-05-04 11:14:00;909402N262;8519;15.077;45;236;235;236;235;12.044;50.00;565.0;5.974;664.3;3.485;795.2;3.737;60;0;0;11.993;12.125;12.016;2824;2864;2829;50.00;50.00;50.00;27112;1000;0.0;0;0.0000;0;0;15077;15077;15077
60;2014-05-04 11:15:00;909402N262;8556;15.219;45;236;235;236;235;12.098;50.00;564.1;6.012;664.5;3.496;795.1;3.754;60;0;0;12.045;12.183;12.066;2837;2878;2839;50.00;50.00;50.00;27112;1000;0.0;0;0.0000;0;0;15219;15219;15219
60;2014-05-04 11:16:00;909402N262;8509;15.361;45;236;236;236;236;12.017;50.00;560.2;6.031;649.4;3.540;795.5;3.767;60;0;0;11.982;12.065;12.004;2825;2853;2828;50.00;50.00;50.00;27112;1000;0.0;0;0.0000;0;0;15361;15361;15361
60;2014-05-04 11:17:00;909402N262;8640;15.505;45;236;236;236;236;12.207;50.00;563.1;6.086;665.1;3.522;795.1;3.794;60;0;0;12.149;12.286;12.188;2866;2901;2872;50.00;50.00;50.00;27112;1000;0.0;0;0.0000;0;0;15505;15505;15505
60;2014-05-04 11:18:00;909402N262;8670;15.649;45;236;236;236;236;12.246;50.00;562.8;6.110;667.8;3.513;795.1;3.808;60;0;0;12.194;12.309;12.236;2877;2905;2885;50.00;50.00;50.00;27112;1000;0.0;0;0.0000;0;0;15649;15649;15649
60;2014-05-04 11:19:00;909402N262;8705;15.795;45;236;236;236;236;12.288;50.00;562.4;6.143;667.5;3.526;795.1;3.825;60;0;0;12.216;12.356;12.294;2881;2918;2903;50.00;50.00;50.00;27112;1000;0.0;0;0.0000;0;0;15795;15795;15795
60;2014-05-04 11:20:00;909402N262;8732;15.940;46;236;236;236;236;12.335;49.99;562.2;6.169;666.9;3.537;795.0;3.838;60;0;0;12.255;12.412;12.339;2888;2930;2912;49.99;49.99;49.99;27112;1000;0.0;0;0.0000;0;0;15940;15940;15940
60;2014-05-04 11:21:00;909402N262;8792;16.087;46;236;236;236;236;12.417;50.00;561.7;6.218;668.2;3.553;795.1;3.865;60;0;0;12.362;12.477;12.414;2918;2944;2926;50.00;50.00;50.00;27112;1000;0.0;0;0.0000;0;0;16087;16087;16087
60;2014-05-04 11:22:00;909402N262;8793;16.234;46;236;236;236;236;12.412;50.01;560.4;6.230;666.9;3.558;795.0;3.871;60;0;0;12.377;12.458;12.402;2924;2943;2925;50.01;50.01;50.01;27112;1000;0.0;0;0.0000;0;0;16234;16234;16234
60;2014-05-04 11:23:00;909402N262;8795;16.380;46;236;236;236;236;12.418;50.02;559.1;6.245;665.9;3.562;795.1;3.875;60;0;0;12.386;12.453;12.415;2928;2936;2930;50.02;50.02;50.02;27112;1000;0.0;0;0.0000;0;0;16380;16380;16380
60;2014-05-04 11:24:00;909402N262;8818;16.527;46;236;236;236;236;12.442;50.03;558.1;6.271;664.2;3.579;795.0;3.887;60;0;0;12.402;12.470;12.456;2934;2937;2945;50.03;50.03;50.03;27112;1000;0.0;0;0.0000;0;0;16527;16527;16527
60;2014-05-04 11:25:00;909402N262;8810;16.674;46;236;236;235;236;12.438;50.01;557.5;6.275;664.6;3.575;795.1;3.882;60;0;0;12.419;12.441;12.454;2938;2926;2943;50.01;50.01;50.01;27112;1000;0.0;0;0.0000;0;0;16674;16674;16674
60;2014-05-04 11:26:00;909402N262;8810;16.821;46;236;236;236;236;12.426;50.01;557.4;6.279;665.1;3.571;795.0;3.882;60;0;0;12.365;12.447;12.467;2920;2938;2948;50.01;50.01;50.01;27112;1000;0.0;0;0.0000;0;0;16821;16821;16821
60;2014-05-04 11:27:00;909402N262;8820;16.968;46;236;236;236;237;12.441;50.01;556.5;6.297;666.2;3.569;795.0;3.887;60;0;0;12.371;12.472;12.482;2920;2946;2952;50.01;50.01;50.01;27112;1000;0.0;0;0.0000;0;0;16968;16968;16968
60;2014-05-04 11:28:00;909402N262;8824;17.114;46;236;236;236;237;12.444;50.01;555.5;6.310;665.3;3.573;795.0;3.890;60;0;0;12.389;12.457;12.488;2928;2937;2957;50.01;50.01;50.01;27112;1000;0.0;0;0.0000;0;0;17114;17114;17114
60;2014-05-04 11:29:00;909402N262;8861;17.263;46;236;236;236;237;12.496;50.01;555.2;6.341;665.2;3.586;795.0;3.907;60;0;0;12.447;12.494;12.548;2940;2947;2971;50.01;50.01;50.01;27112;1000;0.0;0;0.0000;0;0;17263;17263;17263
60;2014-05-04 11:30:00;909402N262;8931;17.409;46;236;236;236;237;12.592;50.01;554.6;6.394;665.1;3.613;795.0;3.940;60;0;0;12.529;12.613;12.635;2956;2981;2991;50.01;50.01;50.01;27112;1000;0.0;0;0.0000;0;0;17409;17409;17409
60;2014-05-04 11:31:00;909402N262;8893;17.557;46;236;236;236;237;12.529;49.99;549.8;6.419;653.4;3.656;788.6;3.970;60;0;0;12.481;12.524;12.584;2945;2966;2981;49.99;49.99;49.99;27112;1000;0.0;0;0.0000;0;0;17557;17557;17557
60;2014-05-04 11:32:00;909402N262;9032;17.707;47;236;236;236;237;12.738;49.99;554.3;6.473;663.9;3.654;794.9;3.986;60;0;0;12.690;12.737;12.789;2995;3004;3030;49.99;49.99;49.99;27112;1000;0.0;0;0.0000;0;0;17707;17707;17707
60;2014-05-04 11:33:00;909402N262;9082;17.859;47;236;236;237;236;12.807;50.00;555.2;6.508;664.6;3.670;794.9;4.005;60;0;0;12.730;12.855;12.838;3001;3042;3038;50.00;50.00;50.00;27112;1000;0.0;0;0.0000;0;0;17859;17859;17859
60;2014-05-04 11:34:00;909402N262;9094;18.011;47;236;236;237;237;12.814;50.01;555.4;6.518;665.5;3.665;795.1;4.008;60;0;0;12.727;12.865;12.852;3004;3045;3042;50.01;50.01;50.01;27112;1000;0.0;0;0.0000;0;0;18011;18011;18011
60;2014-05-04 11:35:00;909402N262;9109;18.163;47;236;236;236;237;12.845;50.01;554.3;6.536;665.5;3.670;795.0;4.018;60;0;0;12.762;12.873;12.900;3011;3041;3054;50.01;50.01;50.01;27112;1000;0.0;0;0.0000;0;0;18163;18163;18163
60;2014-05-04 11:36:00;909402N262;9093;18.313;47;236;236;236;237;12.811;50.00;553.4;6.534;666.8;3.660;795.0;4.015;60;0;0;12.748;12.832;12.854;3013;3032;3045;50.00;50.00;50.00;27112;1000;0.0;0;0.0000;0;0;18313;18313;18313
60;2014-05-04 11:37:00;909402N262;9139;18.467;47;236;236;236;237;12.877;50.00;553.1;6.571;666.8;3.675;794.9;4.038;60;0;0;12.803;12.875;12.953;3026;3037;3074;50.00;50.00;50.00;27112;1000;0.0;0;0.0000;0;0;18467;18467;18467
60;2014-05-04 11:38:00;909402N262;9150;18.618;47;236;236;236;237;12.896;50.01;552.5;6.585;666.1;3.681;795.0;4.046;60;0;0;12.810;12.898;12.980;3025;3042;3082;50.01;50.01;50.01;27112;1000;0.0;0;0.0000;0;0;18618;18618;18618
60;2014-05-04 11:39:00;909402N262;9178;18.771;47;236;236;236;237;12.936;49.99;552.6;6.611;665.8;3.694;794.9;4.056;60;0;0;12.864;12.934;13.010;3038;3048;3090;49.99;49.99;49.99;27112;1000;0.0;0;0.0000;0;0;18771;18771;18771
60;2014-05-04 11:40:00;909402N262;9202;18.925;47;236;236;236;237;12.968;50.00;552.2;6.633;667.5;3.693;795.1;4.068;60;0;0;12.893;12.986;13.026;3046;3063;3091;50.00;50.00;50.00;27112;1000;0.0;0;0.0000;0;0;18925;18925;18925
60;2014-05-04 11:41:00;909402N262;9209;19.079;47;236;235;236;237;12.998;49.99;552.1;6.643;666.1;3.701;794.9;4.073;60;0;0;12.928;13.003;13.064;3046;3065;3097;49.99;49.99;49.99;27112;1000;0.0;0;0.0000;0;0;19079;19079;19079
60;2014-05-04 11:42:00;909402N262;9237;19.233;47;236;236;236;237;13.029;50.00;550.9;6.671;667.1;3.704;794.9;4.088;60;0;0;12.959;13.030;13.099;3057;3070;3107;50.00;50.00;50.00;27112;1000;0.0;0;0.0000;0;0;19233;19233;19233
60;2014-05-04 11:43:00;909402N262;9268;19.387;47;236;236;235;237;13.073;50.00;550.7;6.701;668.1;3.709;794.9;4.103;60;0;0;13.016;13.068;13.137;3073;3077;3116;50.00;50.00;50.00;27112;1000;0.0;0;0.0000;0;0;19387;19387;19387
60;2014-05-04 11:44:00;909402N262;9276;19.541;47;236;236;235;237;13.084;50.01;550.3;6.713;667.2;3.713;795.1;4.105;60;0;0;13.017;13.084;13.151;3073;3081;3119;50.01;50.01;50.01;27112;1000;0.0;0;0.0000;0;0;19541;19541;19541
60;2014-05-04 11:45:00;909402N262;9300;19.696;47;236;236;236;237;13.125;50.01;550.0;6.739;667.3;3.721;794.8;4.117;60;0;0;13.063;13.141;13.172;3081;3097;3119;50.01;50.01;50.01;27112;1000;0.0;0;0.0000;0;0;19696;19696;19696
60;2014-05-04 11:46:00;909402N262;9269;19.851;48;236;236;236;237;13.054;50.01;546.2;6.773;652.8;3.778;794.3;4.137;60;0;0;13.008;13.053;13.102;3071;3094;3102;50.01;50.01;50.01;27112;1000;0.0;0;0.0000;0;0;19851;19851;19851
60;2014-05-04 11:47:00;909402N262;9355;20.006;48;236;236;236;236;13.204;50.00;549.7;6.778;668.8;3.733;794.9;4.138;60;0;0;13.137;13.232;13.243;3101;3119;3131;50.00;50.00;50.00;27112;1000;0.0;0;0.0000;0;0;20006;20006;20006
60;2014-05-04 11:48:00;909402N262;9387;20.164;48;236;236;236;237;13.250;50.00;549.8;6.804;669.2;3.743;794.9;4.153;60;0;0;13.188;13.263;13.299;3112;3127;3147;50.00;50.00;50.00;27112;1000;0.0;0;0.0000;0;0;20164;20164;20164
60;2014-05-04 11:49:00;909402N262;9436;20.321;48;236;236;235;237;13.307;50.00;551.5;6.832;670.2;3.757;794.9;4.167;60;0;0;13.254;13.293;13.374;3132;3129;3173;50.00;50.00;50.00;27112;1000;0.0;0;0.0000;0;0;20321;20321;20321
60;2014-05-04 11:50:00;909402N262;9487;20.479;48;236;236;236;237;13.373;50.01;553.0;6.862;672.1;3.767;794.9;4.185;60;0;0;13.315;13.388;13.418;3147;3157;3180;50.01;50.01;50.01;27112;1000;0.0;0;0.0000;0;0;20479;20479;20479
60;2014-05-04 11:51:00;909402N262;9519;20.638;48;237;237;236;237;13.409;50.01;553.3;6.884;672.3;3.777;794.9;4.199;60;0;0;13.356;13.421;13.451;3160;3169;3188;50.01;50.01;50.01;27112;1000;0.0;0;0.0000;0;0;20638;20638;20638
60;2014-05-04 11:52:00;909402N262;9542;20.796;48;237;237;236;237;13.447;50.01;552.9;6.906;673.6;3.779;794.9;4.209;60;0;0;13.395;13.460;13.487;3170;3176;3193;50.01;50.01;50.01;27112;1000;0.0;0;0.0000;0;0;20796;20796;20796
60;2014-05-04 11:53:00;909402N262;9560;20.955;48;237;237;236;237;13.468;50.01;554.6;6.910;673.2;3.786;794.9;4.207;60;0;0;13.434;13.479;13.491;3180;3182;3197;50.01;50.01;50.01;27112;1000;0.0;0;0.0000;0;0;20955;20955;20955
60;2014-05-04 11:54:00;909402N262;9610;21.117;48;237;237;236;237;13.541;50.01;555.6;6.943;674.0;3.797;794.9;4.229;60;0;0;13.495;13.550;13.580;3193;3197;3217;50.01;50.01;50.01;27112;1000;0.0;0;0.0000;0;0;21117;21117;21117
60;2014-05-04 11:55:00;909402N262;9615;21.277;48;236;236;235;237;13.558;50.02;554.9;6.953;673.9;3.796;795.2;4.236;60;0;0;13.479;13.546;13.650;3186;3189;3238;50.02;50.02;50.02;27112;1000;0.0;0;0.0000;0;0;21277;21277;21277
60;2014-05-04 11:56:00;909402N262;9634;21.437;48;237;236;236;237;13.569;50.03;552.8;6.983;676.2;3.788;795.1;4.252;60;0;0;13.515;13.571;13.622;3195;3206;3231;50.03;50.03;50.03;27112;1000;0.0;0;0.0000;0;0;21437;21437;21437
60;2014-05-04 11:57:00;909402N262;9638;21.599;48;236;235;237;237;13.589;50.01;552.2;6.989;676.5;3.786;795.0;4.260;60;0;0;13.493;13.631;13.644;3177;3227;3232;50.01;50.01;50.01;27112;1000;0.0;0;0.0000;0;0;21599;21599;21599
60;2014-05-04 11:58:00;909402N262;9643;21.762;48;236;235;237;237;13.591;50.02;551.3;7.006;674.5;3.796;795.1;4.265;60;0;0;13.502;13.633;13.639;3180;3231;3231;50.02;50.02;50.02;27112;1000;0.0;0;0.0000;0;0;21762;21762;21762
60;2014-05-04 11:59:00;909402N262;9650;21.922;48;237;236;237;237;13.583;50.01;549.7;7.029;673.6;3.800;795.0;4.273;60;0;0;13.490;13.658;13.603;3185;3242;3222;50.01;50.01;50.01;27112;1000;0.0;0;0.0000;0;0;21922;21922;21922
60;2014-05-04 12:00:00;909402N262;9672;22.083;48;237;236;238;237;13.598;49.99;549.6;7.051;673.3;3.808;795.0;4.283;60;0;0;13.504;13.680;13.610;3192;3253;3227;49.99;49.99;49.99;27112;1000;0.0;0;0.0000;0;0;22083;22083;22083
[wr_ende]
