20140921;190001;danfoss;My Plant;+0100
[wr_def_start]
909402N262;Inverter Type;Inverter Group;Hanzl
[wr_def_end]
[wr]
INTERVAL;TIMESTAMP;SERIAL;P_AC;E_DAY;T_WR;U_AC;U_AC_1;U_AC_2;U_AC_3;I_AC;F_AC;U_DC_1;I_DC_1;U_DC_2;I_DC_2;U_DC_3;I_DC_3;S;E_WR;M_WR;I_AC_1;I_AC_2;I_AC_3;P_AC_1;P_AC_2;P_AC_3;F_AC_1;F_AC_2;F_AC_3;R_DC;PC;PCS;PCS_LL;COS_PHI;COS_PHI_LL;S_COS_PHI;Current_Day_Energy;current_Day_Offset;ccEnergyOfDay_WithoutOffset
60;2014-09-21 18:01:00;909402N262;17;46.195;42;233;233;233;233;0.043;50.05;385.7;0.020;442.0;0.010;493.9;0.010;60;0;0;0.080;0.039;0.012;10;4;1;50.05;50.05;50.05;6623;1000;0.0;0;0.0000;0;0;46195;46195;46195
60;2014-09-21 18:02:00;909402N262;13;46.195;42;233;233;233;233;0.033;50.05;388.3;0.014;407.8;0.007;510.1;0.007;60;0;0;0.038;0.050;0.011;4;6;1;50.05;50.05;50.05;6623;1000;0.0;0;0.0000;0;0;46195;46195;46195
60;2014-09-21 18:03:00;909402N262;7;46.195;42;233;233;232;233;0.021;50.04;379.9;0.010;335.9;0.007;453.1;0.007;60;0;0;0.007;0.053;0.004;0;7;0;50.04;50.04;50.04;6623;1000;0.0;0;0.0000;0;0;46195;46195;46195
60;2014-09-21 18:04:00;909402N262;3;46.195;42;233;233;232;233;0.009;50.04;347.9;0.007;368.2;0.005;336.8;0.007;60;0;0;0.001;0.024;0.002;0;3;0;50.04;50.04;50.04;6623;1000;0.0;0;0.0000;0;0;46195;46195;46195
60;2014-09-21 18:05:00;909402N262;0;46.195;42;233;233;232;233;0.002;50.04;347.3;0.004;334.6;0.003;275.0;0.005;60;0;0;0.000;0.007;0.000;0;0;0;50.04;50.04;50.04;6623;1000;0.0;0;0.0000;0;0;46195;46195;46195
60;2014-09-21 18:06:00;909402N262;0;46.195;42;233;233;232;233;0.000;50.02;311.1;0.003;299.8;0.003;304.6;0.003;60;0;0;0.000;0.000;0.000;0;0;0;50.02;50.02;50.02;6623;1000;0.0;0;0.0000;0;0;46195;46195;46195
60;2014-09-21 18:07:00;909402N262;0;46.195;42;233;233;232;234;0.003;50.03;259.1;0.002;258.8;0.003;299.6;0.003;60;0;0;0.009;0.000;0.000;0;0;0;50.03;50.03;50.03;6623;1000;0.0;0;0.0000;0;0;46195;46195;46195
60;2014-09-21 18:08:00;909402N262;0;46.195;42;233;233;232;234;0.002;50.02;257.9;0.000;285.0;0.002;281.3;0.002;60;0;0;0.004;0.000;0.002;0;0;0;50.02;50.02;50.02;6623;1000;0.0;0;0.0000;0;0;46195;46195;46195
60;2014-09-21 18:09:00;909402N262;0;46.195;42;233;233;233;233;0.000;50.03;323.7;0.000;328.3;0.000;313.9;0.000;80;0;0;0.002;0.000;0.000;0;0;0;50.03;50.03;50.03;6623;1000;0.0;0;0.0000;0;0;46195;46195;46195
60;2014-09-21 18:10:00;909402N262;0;46.195;42;234;234;235;233;0.003;50.02;418.9;0.000;377.8;0.000;427.5;0.000;51;0;0;0.003;0.003;0.003;0;0;0;50.02;50.02;50.02;26959;1000;0.0;0;0.0000;0;0;46195;46195;46195
60;2014-09-21 18:11:00;909402N262;0;46.195;41;236;235;237;235;0.000;50.02;411.7;0.000;351.9;0.000;372.8;0.000;51;0;0;0.000;0.000;0.000;0;0;0;50.02;50.02;50.02;34223;1000;0.0;0;0.0000;0;0;46195;46195;46195
60;2014-09-21 18:12:00;909402N262;0;46.195;41;235;235;237;234;0.000;50.03;400.3;0.000;342.3;0.000;367.5;0.000;51;0;0;0.000;0.000;0.000;0;0;0;50.03;50.03;50.03;34223;1000;0.0;0;0.0000;0;0;46195;46195;46195
60;2014-09-21 18:13:00;909402N262;0;46.195;41;235;235;236;234;0.000;50.03;288.7;0.000;285.4;0.000;287.3;0.000;51;0;0;0.000;0.000;0.000;0;0;0;50.03;50.03;50.03;34223;1000;0.0;0;0.0000;0;0;46195;46195;46195
60;2014-09-21 18:14:00;909402N262;0;46.195;40;235;235;236;234;0.000;50.03;247.3;0.000;246.7;0.000;247.3;0.000;51;0;0;0.000;0.000;0.000;0;0;0;50.03;50.03;50.03;34223;1000;0.0;0;0.0000;0;0;46195;46195;46195
60;2014-09-21 18:15:00;909402N262;0;46.195;40;235;235;236;234;0.000;50.04;243.6;0.000;243.0;0.000;243.6;0.000;51;0;0;0.000;0.000;0.000;0;0;0;50.04;50.04;50.04;34223;1000;0.0;0;0.0000;0;0;46195;46195;46195
60;2014-09-21 18:16:00;909402N262;0;46.195;40;235;235;236;234;0.000;50.02;241.2;0.000;240.6;0.000;241.2;0.000;51;0;0;0.000;0.000;0.000;0;0;0;50.02;50.02;50.02;34223;1000;0.0;0;0.0000;0;0;46195;46195;46195
60;2014-09-21 18:17:00;909402N262;0;46.195;40;235;235;236;234;0.000;50.01;237.4;0.000;236.8;0.000;237.8;0.000;51;0;0;0.000;0.000;0.000;0;0;0;50.01;50.01;50.01;34223;1000;0.0;0;0.0000;0;0;46195;46195;46195
60;2014-09-21 18:18:00;909402N262;0;46.195;39;235;235;237;234;0.000;50.02;234.5;0.000;234.0;0.000;234.9;0.000;51;0;0;0.000;0.000;0.000;0;0;0;50.02;50.02;50.02;34223;1000;0.0;0;0.0000;0;0;46195;46195;46195
60;2014-09-21 18:19:00;909402N262;0;46.195;39;235;235;237;234;0.000;50.00;232.2;0.000;231.6;0.000;232.3;0.000;51;0;0;0.000;0.000;0.000;0;0;0;50.00;50.00;50.00;34223;1000;0.0;0;0.0000;0;0;46195;46195;46195
60;2014-09-21 18:20:00;909402N262;0;46.195;39;235;235;237;234;0.000;49.99;230.5;0.000;229.9;0.000;230.5;0.000;51;0;0;0.000;0.000;0.000;0;0;0;49.99;49.99;49.99;34223;1000;0.0;0;0.0000;0;0;46195;46195;46195
60;2014-09-21 18:21:00;909402N262;0;46.195;39;236;236;237;234;0.000;50.01;228.5;0.000;228.0;0.000;228.5;0.000;51;0;0;0.000;0.000;0.000;0;0;0;50.01;50.01;50.01;34223;1000;0.0;0;0.0000;0;0;46195;46195;46195
60;2014-09-21 18:22:00;909402N262;0;46.195;38;236;236;237;234;0.000;50.00;226.2;0.000;225.6;0.000;226.7;0.000;51;0;0;0.000;0.000;0.000;0;0;0;50.00;50.00;50.00;34223;1000;0.0;0;0.0000;0;0;46195;46195;46195
60;2014-09-21 18:23:00;909402N262;0;46.195;38;235;235;236;234;0.000;50.01;229.8;0.000;229.2;0.000;229.8;0.000;51;0;0;0.000;0.000;0.000;0;0;0;50.01;50.01;50.01;34223;1000;0.0;0;0.0000;0;0;46195;46195;46195
60;2014-09-21 18:24:00;909402N262;0;46.195;38;235;235;236;234;0.000;49.99;238.4;0.000;237.9;0.000;238.5;0.000;51;0;0;0.000;0.000;0.000;0;0;0;49.99;49.99;49.99;34223;1000;0.0;0;0.0000;0;0;46195;46195;46195
60;2014-09-21 18:25:00;909402N262;0;46.195;38;235;235;236;234;0.000;50.00;235.5;0.000;234.9;0.000;236.0;0.000;51;0;0;0.000;0.000;0.000;0;0;0;50.00;50.00;50.00;34223;1000;0.0;0;0.0000;0;0;46195;46195;46195
60;2014-09-21 18:26:00;909402N262;0;46.195;37;235;234;236;234;0.000;49.99;234.7;0.000;234.1;0.000;234.3;0.000;51;0;0;0.000;0.000;0.000;0;0;0;49.99;49.99;49.99;34223;1000;0.0;0;0.0000;0;0;46195;46195;46195
60;2014-09-21 18:27:00;909402N262;0;46.195;37;235;234;236;234;0.000;50.00;234.0;0.000;233.5;0.000;234.1;0.000;51;0;0;0.000;0.000;0.000;0;0;0;50.00;50.00;50.00;34223;1000;0.0;0;0.0000;0;0;46195;46195;46195
60;2014-09-21 18:28:00;909402N262;0;46.195;37;235;234;236;235;0.000;50.00;233.8;0.000;233.3;0.000;233.9;0.000;51;0;0;0.000;0.000;0.000;0;0;0;50.00;50.00;50.00;34223;1000;0.0;0;0.0000;0;0;46195;46195;46195
60;2014-09-21 18:29:00;909402N262;0;46.195;37;235;233;236;234;0.000;50.00;232.1;0.000;231.6;0.000;232.2;0.000;51;0;0;0.000;0.000;0.000;0;0;0;50.00;50.00;50.00;34223;1000;0.0;0;0.0000;0;0;46195;46195;46195
60;2014-09-21 18:30:00;909402N262;0;46.195;37;235;234;236;234;0.000;49.99;231.5;0.000;230.9;0.000;231.9;0.000;51;0;0;0.000;0.000;0.000;0;0;0;49.99;49.99;49.99;34223;1000;0.0;0;0.0000;0;0;46195;46195;46195
60;2014-09-21 18:31:00;909402N262;0;46.195;37;235;235;236;234;0.000;49.99;230.0;0.000;229.5;0.000;230.0;0.000;51;0;0;0.000;0.000;0.000;0;0;0;49.99;49.99;49.99;34223;1000;0.0;0;0.0000;0;0;46195;46195;46195
60;2014-09-21 18:32:00;909402N262;0;46.195;36;235;235;236;234;0.000;49.99;229.2;0.000;228.7;0.000;229.3;0.000;51;0;0;0.000;0.000;0.000;0;0;0;49.99;49.99;49.99;34223;1000;0.0;0;0.0000;0;0;46195;46195;46195
60;2014-09-21 18:33:00;909402N262;0;46.195;36;235;235;235;234;0.000;49.98;227.1;0.000;226.6;0.000;227.3;0.000;51;0;0;0.000;0.000;0.000;0;0;0;49.98;49.98;49.98;34223;1000;0.0;0;0.0000;0;0;46195;46195;46195
60;2014-09-21 18:34:00;909402N262;0;46.195;36;235;235;235;234;0.000;49.98;231.9;0.000;231.4;0.000;232.5;0.000;51;0;0;0.000;0.000;0.000;0;0;0;49.98;49.98;49.98;34223;1000;0.0;0;0.0000;0;0;46195;46195;46195
60;2014-09-21 18:35:00;909402N262;0;46.195;36;235;235;235;234;0.000;49.97;228.9;0.000;228.4;0.000;228.9;0.000;51;0;0;0.000;0.000;0.000;0;0;0;49.97;49.97;49.97;34223;1000;0.0;0;0.0000;0;0;46195;46195;46195
60;2014-09-21 18:36:00;909402N262;0;46.195;36;234;235;234;234;0.000;49.97;229.6;0.000;229.1;0.000;229.7;0.000;51;0;0;0.000;0.000;0.000;0;0;0;49.97;49.97;49.97;34223;1000;0.0;0;0.0000;0;0;46195;46195;46195
60;2014-09-21 18:37:00;909402N262;0;46.195;36;234;235;235;234;0.000;49.98;229.3;0.000;228.8;0.000;229.3;0.000;51;0;0;0.000;0.000;0.000;0;0;0;49.98;49.98;49.98;34223;1000;0.0;0;0.0000;0;0;46195;46195;46195
60;2014-09-21 18:38:00;909402N262;0;46.195;36;234;235;234;234;0.000;49.97;227.8;0.000;227.3;0.000;228.3;0.000;51;0;0;0.000;0.000;0.000;0;0;0;49.97;49.97;49.97;34223;1000;0.0;0;0.0000;0;0;46195;46195;46195
60;2014-09-21 18:39:00;909402N262;0;46.195;35;234;235;234;234;0.000;49.97;227.3;0.000;226.7;0.000;227.2;0.000;51;0;0;0.000;0.000;0.000;0;0;0;49.97;49.97;49.97;34223;1000;0.0;0;0.0000;0;0;46195;46195;46195
60;2014-09-21 18:40:00;909402N262;0;46.195;35;234;235;234;234;0.000;49.97;229.0;0.000;228.4;0.000;229.0;0.000;51;0;0;0.000;0.000;0.000;0;0;0;49.97;49.97;49.97;34223;1000;0.0;0;0.0000;0;0;46195;46195;46195
60;2014-09-21 18:41:00;909402N262;0;46.195;35;234;235;235;233;0.000;49.98;227.5;0.000;225.2;0.000;227.4;0.000;51;0;0;0.000;0.000;0.000;0;0;0;49.98;49.98;49.98;34223;1000;0.0;0;0.0000;0;0;46195;46195;46195
60;2014-09-21 18:42:00;909402N262;0;46.195;35;234;235;235;233;0.000;49.98;228.6;0.000;219.0;0.000;227.6;0.000;51;0;0;0.000;0.000;0.000;0;0;0;49.98;49.98;49.98;34223;1000;0.0;0;0.0000;0;0;46195;46195;46195
60;2014-09-21 18:43:00;909402N262;0;46.195;35;234;235;235;233;0.000;49.98;237.5;0.000;208.3;0.000;222.3;0.000;51;0;0;0.000;0.000;0.000;0;0;0;49.98;49.98;49.98;34223;1000;0.0;0;0.0000;0;0;46195;46195;46195
60;2014-09-21 18:44:00;909402N262;0;46.195;35;234;235;235;233;0.000;49.98;220.0;0.000;196.1;0.000;208.0;0.000;51;0;0;0.000;0.000;0.000;0;0;0;49.98;49.98;49.98;34223;1000;0.0;0;0.0000;0;0;46195;46195;46195
60;2014-09-21 18:45:00;909402N262;0;46.195;35;234;234;235;233;0.000;49.98;230.9;0.000;185.3;0.000;196.4;0.000;51;0;0;0.000;0.000;0.000;0;0;0;49.98;49.98;49.98;34223;1000;0.0;0;0.0000;0;0;46195;46195;46195
60;2014-09-21 18:46:00;909402N262;0;46.195;35;234;234;235;233;0.000;49.97;230.8;0.000;175.5;0.000;185.3;0.000;51;0;0;0.000;0.000;0.000;0;0;0;49.97;49.97;49.97;34223;1000;0.0;0;0.0000;0;0;46195;46195;46195
60;2014-09-21 18:47:00;909402N262;0;46.195;35;234;234;235;233;0.000;49.97;225.6;0.000;166.4;0.000;174.7;0.000;51;0;0;0.000;0.000;0.000;0;0;0;49.97;49.97;49.97;34223;1000;0.0;0;0.0000;0;0;46195;46195;46195
60;2014-09-21 18:48:00;909402N262;0;46.195;35;234;234;235;233;0.000;49.97;217.9;0.000;157.5;0.000;164.1;0.000;80;0;0;0.000;0.000;0.000;0;0;0;49.97;49.97;49.97;34223;1000;0.0;0;0.0000;0;0;46195;46195;46195
[wr_ende]
