20141001;180004;danfoss;My Plant;+0100
[wr_def_start]
909402N262;Inverter Type;Inverter Group;Hanzl
[wr_def_end]
[wr]
INTERVAL;TIMESTAMP;SERIAL;P_AC;E_DAY;T_WR;U_AC;U_AC_1;U_AC_2;U_AC_3;I_AC;F_AC;U_DC_1;I_DC_1;U_DC_2;I_DC_2;U_DC_3;I_DC_3;S;E_WR;M_WR;I_AC_1;I_AC_2;I_AC_3;P_AC_1;P_AC_2;P_AC_3;F_AC_1;F_AC_2;F_AC_3;R_DC;PC;PCS;PCS_LL;COS_PHI;COS_PHI_LL;S_COS_PHI;Current_Day_Energy;current_Day_Offset;ccEnergyOfDay_WithoutOffset
60;2014-10-01 17:01:00;909402N262;446;11.518;38;234;234;234;234;0.825;50.02;531.9;0.408;593.2;0.188;704.8;0.182;60;0;0;0.793;0.909;0.775;141;169;140;50.02;50.02;50.02;4750;1000;0.0;0;0.0000;0;0;11518;11518;11518
60;2014-10-01 17:02:00;909402N262;467;11.526;38;234;234;234;234;0.846;50.03;534.3;0.416;600.9;0.192;724.9;0.183;60;0;0;0.831;0.903;0.805;152;165;147;50.03;50.03;50.03;4750;1000;0.0;0;0.0000;0;0;11526;11526;11526
60;2014-10-01 17:03:00;909402N262;478;11.535;38;233;233;233;233;0.870;50.03;535.0;0.424;605.0;0.196;720.8;0.190;60;0;0;0.874;0.948;0.789;158;174;145;50.03;50.03;50.03;4750;1000;0.0;0;0.0000;0;0;11535;11535;11535
60;2014-10-01 17:04:00;909402N262;486;11.542;38;233;233;233;233;0.876;50.03;535.9;0.429;603.6;0.201;729.0;0.191;60;0;0;0.900;0.930;0.798;165;172;147;50.03;50.03;50.03;4750;1000;0.0;0;0.0000;0;0;11542;11542;11542
60;2014-10-01 17:05:00;909402N262;490;11.550;38;233;233;233;233;0.883;50.03;536.3;0.431;604.8;0.203;730.7;0.192;60;0;0;0.899;0.937;0.813;164;174;150;50.03;50.03;50.03;4750;1000;0.0;0;0.0000;0;0;11550;11550;11550
60;2014-10-01 17:06:00;909402N262;490;11.558;38;233;232;233;233;0.883;50.03;536.4;0.429;605.7;0.204;730.5;0.192;60;0;0;0.906;0.933;0.810;166;171;151;50.03;50.03;50.03;4750;1000;0.0;0;0.0000;0;0;11558;11558;11558
60;2014-10-01 17:07:00;909402N262;484;11.567;38;233;233;233;233;0.873;50.02;536.1;0.423;604.8;0.203;725.9;0.191;60;0;0;0.900;0.921;0.798;165;169;148;50.02;50.02;50.02;4750;1000;0.0;0;0.0000;0;0;11567;11567;11567
60;2014-10-01 17:08:00;909402N262;474;11.574;38;233;233;233;233;0.864;50.03;535.9;0.414;606.1;0.199;718.4;0.189;60;0;0;0.866;0.946;0.780;157;172;143;50.03;50.03;50.03;4750;1000;0.0;0;0.0000;0;0;11574;11574;11574
60;2014-10-01 17:09:00;909402N262;462;11.582;37;233;233;234;233;0.835;50.04;534.9;0.404;604.6;0.195;723.3;0.182;60;0;0;0.820;0.896;0.790;149;165;146;50.04;50.04;50.04;4750;1000;0.0;0;0.0000;0;0;11582;11582;11582
60;2014-10-01 17:10:00;909402N262;448;11.590;37;233;233;233;233;0.819;50.03;534.0;0.392;604.0;0.189;715.8;0.177;60;0;0;0.792;0.897;0.769;143;163;139;50.03;50.03;50.03;4750;1000;0.0;0;0.0000;0;0;11590;11590;11590
60;2014-10-01 17:11:00;909402N262;433;11.596;37;233;233;233;233;0.790;50.04;533.5;0.380;601.0;0.184;717.4;0.171;60;0;0;0.772;0.850;0.748;140;154;137;50.04;50.04;50.04;4750;1000;0.0;0;0.0000;0;0;11596;11596;11596
60;2014-10-01 17:12:00;909402N262;418;11.604;37;233;233;233;233;0.773;50.02;533.1;0.367;601.6;0.176;714.1;0.166;60;0;0;0.772;0.845;0.704;137;152;125;50.02;50.02;50.02;4750;1000;0.0;0;0.0000;0;0;11604;11604;11604
60;2014-10-01 17:13:00;909402N262;402;11.610;37;233;233;233;233;0.758;50.02;532.3;0.353;599.1;0.171;707.5;0.160;60;0;0;0.746;0.804;0.725;129;142;128;50.02;50.02;50.02;4750;1000;0.0;0;0.0000;0;0;11610;11610;11610
60;2014-10-01 17:14:00;909402N262;386;11.617;37;233;233;232;233;0.723;50.02;531.2;0.341;600.3;0.164;712.4;0.153;60;0;0;0.676;0.818;0.677;119;145;120;50.02;50.02;50.02;4750;1000;0.0;0;0.0000;0;0;11617;11617;11617
60;2014-10-01 17:15:00;909402N262;372;11.623;37;232;232;232;233;0.715;50.02;531.6;0.330;598.0;0.159;703.2;0.149;60;0;0;0.682;0.785;0.680;117;136;117;50.02;50.02;50.02;4750;1000;0.0;0;0.0000;0;0;11623;11623;11623
60;2014-10-01 17:16:00;909402N262;355;11.629;37;232;232;232;233;0.678;50.03;522.9;0.321;576.9;0.157;704.8;0.143;60;0;0;0.608;0.782;0.646;105;136;111;50.03;50.03;50.03;4750;1000;0.0;0;0.0000;0;0;11629;11629;11629
60;2014-10-01 17:17:00;909402N262;347;11.634;37;232;232;232;233;0.681;50.01;527.8;0.311;592.1;0.149;695.6;0.139;60;0;0;0.623;0.786;0.636;104;134;107;50.01;50.01;50.01;4750;1000;0.0;0;0.0000;0;0;11634;11634;11634
60;2014-10-01 17:18:00;909402N262;337;11.640;37;232;232;232;233;0.646;50.00;526.6;0.304;589.9;0.145;707.0;0.133;60;0;0;0.601;0.733;0.605;102;127;106;50.00;50.00;50.00;4750;1000;0.0;0;0.0000;0;0;11640;11640;11640
60;2014-10-01 17:19:00;909402N262;330;11.646;37;232;232;232;233;0.644;50.01;526.0;0.297;585.1;0.142;700.1;0.132;60;0;0;0.616;0.725;0.593;103;124;101;50.01;50.01;50.01;4750;1000;0.0;0;0.0000;0;0;11646;11646;11646
60;2014-10-01 17:20:00;909402N262;325;11.652;37;233;233;232;233;0.648;50.00;525.9;0.293;589.2;0.138;693.6;0.131;60;0;0;0.588;0.717;0.640;97;121;105;50.00;50.00;50.00;4750;1000;0.0;0;0.0000;0;0;11652;11652;11652
60;2014-10-01 17:21:00;909402N262;321;11.657;37;233;234;232;233;0.646;50.00;525.2;0.291;589.8;0.136;692.5;0.129;60;0;0;0.611;0.717;0.612;99;120;99;50.00;50.00;50.00;4750;1000;0.0;0;0.0000;0;0;11657;11657;11657
60;2014-10-01 17:22:00;909402N262;319;11.663;37;233;234;232;233;0.639;50.00;525.2;0.289;588.0;0.136;692.8;0.127;60;0;0;0.590;0.721;0.607;96;121;102;50.00;50.00;50.00;4750;1000;0.0;0;0.0000;0;0;11663;11663;11663
60;2014-10-01 17:23:00;909402N262;317;11.667;37;233;233;232;233;0.640;50.00;525.7;0.287;585.5;0.136;691.2;0.128;60;0;0;0.580;0.703;0.637;94;116;105;50.00;50.00;50.00;4750;1000;0.0;0;0.0000;0;0;11667;11667;11667
60;2014-10-01 17:24:00;909402N262;315;11.673;37;233;233;232;233;0.634;50.01;526.0;0.286;583.7;0.136;692.1;0.127;60;0;0;0.574;0.738;0.592;93;124;97;50.01;50.01;50.01;4750;1000;0.0;0;0.0000;0;0;11673;11673;11673
60;2014-10-01 17:25:00;909402N262;315;11.679;37;233;233;232;232;0.630;49.99;525.8;0.285;581.9;0.136;694.5;0.127;60;0;0;0.593;0.716;0.583;96;119;97;49.99;49.99;49.99;4750;1000;0.0;0;0.0000;0;0;11679;11679;11679
60;2014-10-01 17:26:00;909402N262;315;11.683;37;232;233;232;232;0.634;50.00;525.6;0.285;581.0;0.136;692.8;0.127;60;0;0;0.582;0.718;0.602;95;117;100;50.00;50.00;50.00;4750;1000;0.0;0;0.0000;0;0;11683;11683;11683
60;2014-10-01 17:27:00;909402N262;315;11.689;37;232;233;232;232;0.628;49.99;526.2;0.285;580.6;0.136;691.6;0.127;60;0;0;0.597;0.726;0.562;97;122;95;49.99;49.99;49.99;4750;1000;0.0;0;0.0000;0;0;11689;11689;11689
60;2014-10-01 17:28:00;909402N262;315;11.694;37;232;233;232;232;0.636;49.99;526.4;0.286;582.0;0.136;693.0;0.127;60;0;0;0.578;0.712;0.618;94;119;101;49.99;49.99;49.99;4750;1000;0.0;0;0.0000;0;0;11694;11694;11694
60;2014-10-01 17:29:00;909402N262;318;11.699;37;232;233;233;232;0.630;50.00;525.9;0.288;583.8;0.136;693.6;0.128;60;0;0;0.592;0.727;0.573;97;122;97;50.00;50.00;50.00;4750;1000;0.0;0;0.0000;0;0;11699;11699;11699
60;2014-10-01 17:30:00;909402N262;319;11.705;37;233;233;233;232;0.634;49.99;525.0;0.290;585.7;0.136;692.9;0.129;60;0;0;0.560;0.726;0.618;91;121;105;49.99;49.99;49.99;4750;1000;0.0;0;0.0000;0;0;11705;11705;11705
60;2014-10-01 17:31:00;909402N262;317;11.710;37;232;232;233;232;0.639;50.00;518.8;0.291;574.0;0.137;692.2;0.130;60;0;0;0.586;0.737;0.595;95;121;100;50.00;50.00;50.00;4750;1000;0.0;0;0.0000;0;0;11710;11710;11710
60;2014-10-01 17:32:00;909402N262;321;11.716;37;232;232;233;232;0.650;49.99;525.4;0.290;588.7;0.136;693.5;0.131;60;0;0;0.565;0.750;0.637;93;121;105;49.99;49.99;49.99;4750;1000;0.0;0;0.0000;0;0;11716;11716;11716
60;2014-10-01 17:33:00;909402N262;319;11.720;37;232;232;233;232;0.647;49.99;525.3;0.289;586.2;0.136;693.6;0.130;60;0;0;0.578;0.759;0.604;94;125;99;49.99;49.99;49.99;4750;1000;0.0;0;0.0000;0;0;11720;11720;11720
60;2014-10-01 17:34:00;909402N262;316;11.726;37;233;232;233;233;0.643;50.01;525.6;0.286;582.6;0.136;692.9;0.128;60;0;0;0.549;0.765;0.616;87;126;100;50.01;50.01;50.01;4750;1000;0.0;0;0.0000;0;0;11726;11726;11726
60;2014-10-01 17:35:00;909402N262;311;11.731;37;233;232;233;233;0.627;50.02;524.2;0.282;578.0;0.135;698.4;0.126;60;0;0;0.546;0.747;0.589;90;123;96;50.02;50.02;50.02;4750;1000;0.0;0;0.0000;0;0;11731;11731;11731
60;2014-10-01 17:36:00;909402N262;305;11.736;37;233;232;233;233;0.612;50.02;525.0;0.276;579.8;0.132;701.7;0.124;60;0;0;0.567;0.732;0.539;92;122;89;50.02;50.02;50.02;4750;1000;0.0;0;0.0000;0;0;11736;11736;11736
60;2014-10-01 17:37:00;909402N262;299;11.741;37;232;232;233;233;0.623;50.02;522.8;0.271;586.1;0.127;690.8;0.121;60;0;0;0.546;0.743;0.580;87;117;91;50.02;50.02;50.02;4750;1000;0.0;0;0.0000;0;0;11741;11741;11741
60;2014-10-01 17:38:00;909402N262;290;11.746;37;232;232;233;233;0.612;50.01;522.6;0.264;575.5;0.126;686.3;0.120;60;0;0;0.566;0.716;0.555;88;113;87;50.01;50.01;50.01;4750;1000;0.0;0;0.0000;0;0;11746;11746;11746
60;2014-10-01 17:39:00;909402N262;282;11.751;37;233;232;233;233;0.586;50.01;522.1;0.257;575.5;0.122;693.8;0.115;60;0;0;0.483;0.701;0.574;78;112;91;50.01;50.01;50.01;4750;1000;0.0;0;0.0000;0;0;11751;11751;11751
60;2014-10-01 17:40:00;909402N262;276;11.756;37;233;232;233;233;0.586;50.01;520.5;0.252;579.9;0.117;689.7;0.113;60;0;0;0.551;0.690;0.518;86;107;81;50.01;50.01;50.01;4750;1000;0.0;0;0.0000;0;0;11756;11756;11756
60;2014-10-01 17:41:00;909402N262;268;11.759;37;233;232;233;234;0.582;50.01;520.8;0.246;570.1;0.117;682.5;0.111;60;0;0;0.501;0.694;0.552;76;105;85;50.01;50.01;50.01;4750;1000;0.0;0;0.0000;0;0;11759;11759;11759
60;2014-10-01 17:42:00;909402N262;261;11.764;37;233;232;233;233;0.578;50.01;518.9;0.241;564.9;0.115;679.0;0.108;60;0;0;0.518;0.668;0.549;75;101;83;50.01;50.01;50.01;4750;1000;0.0;0;0.0000;0;0;11764;11764;11764
60;2014-10-01 17:43:00;909402N262;256;11.768;37;233;232;233;233;0.544;50.01;519.4;0.235;573.3;0.110;685.0;0.105;60;0;0;0.487;0.622;0.524;77;96;81;50.01;50.01;50.01;4750;1000;0.0;0;0.0000;0;0;11768;11768;11768
60;2014-10-01 17:44:00;909402N262;248;11.772;37;233;232;233;232;0.544;50.01;518.3;0.228;569.3;0.108;679.7;0.102;60;0;0;0.482;0.643;0.508;72;97;77;50.01;50.01;50.01;4750;1000;0.0;0;0.0000;0;0;11772;11772;11772
60;2014-10-01 17:45:00;909402N262;240;11.777;37;232;231;233;232;0.536;50.00;516.8;0.221;561.7;0.105;673.4;0.100;60;0;0;0.468;0.613;0.527;69;91;78;50.00;50.00;50.00;4750;1000;0.0;0;0.0000;0;0;11777;11777;11777
60;2014-10-01 17:46:00;909402N262;227;11.780;37;232;232;233;232;0.531;49.99;510.9;0.213;546.7;0.101;666.6;0.097;60;0;0;0.500;0.602;0.493;71;83;71;49.99;49.99;49.99;4750;1000;0.0;0;0.0000;0;0;11780;11780;11780
60;2014-10-01 17:47:00;909402N262;220;11.784;37;232;231;233;232;0.481;49.99;515.7;0.203;559.2;0.096;671.8;0.091;60;0;0;0.438;0.571;0.435;66;84;68;49.99;49.99;49.99;4750;1000;0.0;0;0.0000;0;0;11784;11784;11784
60;2014-10-01 17:48:00;909402N262;207;11.787;37;232;231;233;232;0.506;49.99;515.1;0.192;559.6;0.091;656.2;0.088;60;0;0;0.453;0.599;0.468;62;77;66;49.99;49.99;49.99;4750;1000;0.0;0;0.0000;0;0;11787;11787;11787
60;2014-10-01 17:49:00;909402N262;196;11.790;37;232;232;233;232;0.459;49.99;513.9;0.181;553.0;0.087;665.4;0.082;60;0;0;0.412;0.550;0.415;58;73;63;49.99;49.99;49.99;4750;1000;0.0;0;0.0000;0;0;11790;11790;11790
60;2014-10-01 17:50:00;909402N262;184;11.793;37;232;232;233;233;0.483;49.97;513.7;0.171;549.8;0.083;651.3;0.080;60;0;0;0.418;0.591;0.441;52;71;60;49.97;49.97;49.97;4750;1000;0.0;0;0.0000;0;0;11793;11793;11793
60;2014-10-01 17:51:00;909402N262;175;11.797;37;232;232;233;232;0.449;49.98;510.1;0.164;548.0;0.078;658.6;0.074;60;0;0;0.367;0.593;0.389;44;74;56;49.98;49.98;49.98;4750;1000;0.0;0;0.0000;0;0;11797;11797;11797
60;2014-10-01 17:52:00;909402N262;165;11.799;37;232;232;233;232;0.450;49.98;508.6;0.156;538.7;0.075;653.7;0.070;60;0;0;0.335;0.612;0.404;36;73;54;49.98;49.98;49.98;4750;1000;0.0;0;0.0000;0;0;11799;11799;11799
60;2014-10-01 17:53:00;909402N262;156;11.802;37;232;231;233;233;0.441;50.00;507.3;0.148;546.2;0.070;649.4;0.068;60;0;0;0.262;0.608;0.454;30;66;61;50.00;50.00;50.00;4750;1000;0.0;0;0.0000;0;0;11802;11802;11802
60;2014-10-01 17:54:00;909402N262;148;11.804;37;232;231;233;233;0.427;50.01;506.2;0.140;535.4;0.068;641.6;0.063;60;0;0;0.298;0.587;0.398;33;62;51;50.01;50.01;50.01;4750;1000;0.0;0;0.0000;0;0;11804;11804;11804
60;2014-10-01 17:55:00;909402N262;139;11.807;37;233;232;233;233;0.409;50.02;503.5;0.133;529.6;0.065;635.1;0.061;60;0;0;0.291;0.574;0.362;32;62;44;50.02;50.02;50.02;4750;1000;0.0;0;0.0000;0;0;11807;11807;11807
60;2014-10-01 17:56:00;909402N262;132;11.808;37;232;232;233;233;0.379;50.03;500.5;0.126;538.3;0.059;641.8;0.056;60;0;0;0.269;0.540;0.329;27;60;42;50.03;50.03;50.03;4750;1000;0.0;0;0.0000;0;0;11808;11808;11808
60;2014-10-01 17:57:00;909402N262;124;11.811;36;232;232;233;232;0.364;50.03;499.7;0.119;525.0;0.058;645.1;0.053;60;0;0;0.237;0.548;0.309;23;57;42;50.03;50.03;50.03;4750;1000;0.0;0;0.0000;0;0;11811;11811;11811
60;2014-10-01 17:58:00;909402N262;117;11.813;36;233;232;233;233;0.332;50.03;496.8;0.112;518.9;0.054;647.0;0.050;60;0;0;0.310;0.412;0.274;35;43;37;50.03;50.03;50.03;4750;1000;0.0;0;0.0000;0;0;11813;11813;11813
60;2014-10-01 17:59:00;909402N262;109;11.815;36;233;233;234;232;0.312;50.03;492.1;0.107;528.8;0.050;633.7;0.048;60;0;0;0.325;0.429;0.183;31;53;24;50.03;50.03;50.03;4750;1000;0.0;0;0.0000;0;0;11815;11815;11815
60;2014-10-01 18:00:00;909402N262;103;11.817;36;233;233;233;233;0.295;50.04;491.6;0.100;513.8;0.049;615.9;0.046;60;0;0;0.335;0.337;0.215;37;38;26;50.04;50.04;50.04;4750;1000;0.0;0;0.0000;0;0;11817;11817;11817
[wr_ende]
