20140204;160001;danfoss;My Plant;+0100
[wr_def_start]
909402N262;Inverter Type;Inverter Group;Hanzl
[wr_def_end]
[wr]
INTERVAL;TIMESTAMP;SERIAL;P_AC;E_DAY;T_WR;U_AC;U_AC_1;U_AC_2;U_AC_3;I_AC;F_AC;U_DC_1;I_DC_1;U_DC_2;I_DC_2;U_DC_3;I_DC_3;S;E_WR;M_WR;I_AC_1;I_AC_2;I_AC_3;P_AC_1;P_AC_2;P_AC_3;F_AC_1;F_AC_2;F_AC_3;R_DC;PC;PCS;PCS_LL;COS_PHI;COS_PHI_LL;S_COS_PHI;Current_Day_Energy;current_Day_Offset;ccEnergyOfDay_WithoutOffset
60;2014-02-04 15:01:00;909402N262;136;1.632;23;233;234;233;232;0.235;49.98;509.5;0.020;604.7;0.101;718.4;0.091;60;0;0;0.236;0.240;0.229;43;47;43;49.98;49.98;49.98;4893;1000;0.0;0;0.0000;0;0;1632;1632;1632
60;2014-02-04 15:02:00;909402N262;135;1.634;23;233;234;233;231;0.227;49.98;516.2;0.019;611.9;0.101;733.4;0.089;60;0;0;0.218;0.234;0.230;43;45;45;49.98;49.98;49.98;4893;1000;0.0;0;0.0000;0;0;1634;1634;1634
60;2014-02-04 15:03:00;909402N262;129;1.637;23;233;234;233;231;0.222;49.98;512.6;0.019;613.3;0.097;723.9;0.085;60;0;0;0.216;0.227;0.225;40;44;43;49.98;49.98;49.98;4893;1000;0.0;0;0.0000;0;0;1637;1637;1637
60;2014-02-04 15:04:00;909402N262;125;1.639;23;233;233;233;232;0.217;49.99;506.8;0.019;607.7;0.094;728.9;0.082;60;0;0;0.215;0.227;0.211;40;42;40;49.99;49.99;49.99;4893;1000;0.0;0;0.0000;0;0;1639;1639;1639
60;2014-02-04 15:05:00;909402N262;121;1.640;23;233;234;233;231;0.216;50.00;418.9;0.025;606.6;0.092;718.8;0.081;60;0;0;0.201;0.231;0.218;37;42;40;50.00;50.00;50.00;4893;1000;0.0;0;0.0000;0;0;1640;1640;1640
60;2014-02-04 15:06:00;909402N262;121;1.643;23;233;234;233;231;0.215;50.01;395.9;0.027;607.2;0.093;720.7;0.082;60;0;0;0.200;0.235;0.211;37;44;39;50.01;50.01;50.01;4893;1000;0.0;0;0.0000;0;0;1643;1643;1643
60;2014-02-04 15:07:00;909402N262;122;1.645;23;233;234;234;230;0.214;50.00;395.7;0.027;606.5;0.093;720.4;0.082;60;0;0;0.203;0.220;0.220;37;42;41;50.00;50.00;50.00;4893;1000;0.0;0;0.0000;0;0;1645;1645;1645
60;2014-02-04 15:08:00;909402N262;118;1.646;23;231;232;232;229;0.211;50.00;393.5;0.026;606.5;0.090;724.8;0.079;60;0;0;0.209;0.228;0.196;38;42;36;50.00;50.00;50.00;4893;1000;0.0;0;0.0000;0;0;1646;1646;1646
60;2014-02-04 15:09:00;909402N262;114;1.649;23;231;232;232;229;0.209;49.99;389.0;0.024;609.6;0.086;710.6;0.078;60;0;0;0.202;0.229;0.197;36;40;36;49.99;49.99;49.99;4893;1000;0.0;0;0.0000;0;0;1649;1649;1649
60;2014-02-04 15:10:00;909402N262;110;1.651;23;233;234;233;231;0.204;49.99;385.7;0.023;604.3;0.085;704.5;0.077;60;0;0;0.208;0.220;0.185;37;39;33;49.99;49.99;49.99;4893;1000;0.0;0;0.0000;0;0;1651;1651;1651
60;2014-02-04 15:11:00;909402N262;110;1.652;23;233;234;233;232;0.196;49.99;385.6;0.023;601.8;0.085;729.4;0.074;60;0;0;0.191;0.217;0.180;35;40;33;49.99;49.99;49.99;4893;1000;0.0;0;0.0000;0;0;1652;1652;1652
60;2014-02-04 15:12:00;909402N262;105;1.654;23;233;234;233;232;0.189;49.99;372.9;0.023;600.1;0.082;717.1;0.071;60;0;0;0.185;0.223;0.159;33;41;29;49.99;49.99;49.99;4893;1000;0.0;0;0.0000;0;0;1654;1654;1654
60;2014-02-04 15:13:00;909402N262;99;1.656;23;233;234;233;232;0.186;49.99;357.4;0.023;602.9;0.078;703.4;0.068;60;0;0;0.197;0.221;0.141;34;38;26;49.99;49.99;49.99;4893;1000;0.0;0;0.0000;0;0;1656;1656;1656
60;2014-02-04 15:14:00;909402N262;99;1.657;23;233;234;233;232;0.187;49.98;356.6;0.023;602.4;0.078;701.9;0.068;60;0;0;0.197;0.216;0.150;34;36;26;49.98;49.98;49.98;4893;1000;0.0;0;0.0000;0;0;1657;1657;1657
60;2014-02-04 15:15:00;909402N262;103;1.659;23;233;234;233;231;0.182;49.98;364.5;0.023;600.5;0.081;719.7;0.069;60;0;0;0.176;0.210;0.161;32;39;30;49.98;49.98;49.98;4893;1000;0.0;0;0.0000;0;0;1659;1659;1659
60;2014-02-04 15:16:00;909402N262;99;1.661;23;232;234;233;230;0.189;49.98;375.4;0.022;590.9;0.080;701.8;0.069;60;0;0;0.188;0.242;0.139;30;42;25;49.98;49.98;49.98;4893;1000;0.0;0;0.0000;0;0;1661;1661;1661
60;2014-02-04 15:17:00;909402N262;96;1.662;23;233;234;233;232;0.198;49.98;509.8;0.015;598.0;0.078;687.0;0.068;60;0;0;0.196;0.233;0.165;30;38;27;49.98;49.98;49.98;4893;1000;0.0;0;0.0000;0;0;1662;1662;1662
60;2014-02-04 15:18:00;909402N262;96;1.664;23;233;233;233;232;0.181;49.98;505.2;0.015;595.4;0.078;711.5;0.063;60;0;0;0.186;0.212;0.145;32;36;26;49.98;49.98;49.98;4893;1000;0.0;0;0.0000;0;0;1664;1664;1664
60;2014-02-04 15:19:00;909402N262;95;1.666;23;233;233;233;233;0.202;49.98;508.2;0.015;596.6;0.078;679.8;0.068;60;0;0;0.206;0.235;0.165;31;37;25;49.98;49.98;49.98;4893;1000;0.0;0;0.0000;0;0;1666;1666;1666
60;2014-02-04 15:20:00;909402N262;102;1.667;23;233;234;233;233;0.189;49.99;497.6;0.015;600.6;0.080;714.4;0.069;60;0;0;0.191;0.230;0.147;33;41;26;49.99;49.99;49.99;4893;1000;0.0;0;0.0000;0;0;1667;1667;1667
60;2014-02-04 15:21:00;909402N262;100;1.669;23;233;234;234;233;0.192;49.99;355.4;0.023;600.2;0.079;703.5;0.069;60;0;0;0.194;0.229;0.155;33;39;27;49.99;49.99;49.99;4893;1000;0.0;0;0.0000;0;0;1669;1669;1669
60;2014-02-04 15:22:00;909402N262;91;1.671;23;233;234;234;233;0.177;49.99;337.0;0.023;591.3;0.074;700.5;0.062;60;0;0;0.179;0.215;0.138;29;36;24;49.99;49.99;49.99;4893;1000;0.0;0;0.0000;0;0;1671;1671;1671
60;2014-02-04 15:23:00;909402N262;90;1.672;23;234;234;234;233;0.175;50.00;336.3;0.022;590.2;0.073;699.6;0.061;60;0;0;0.174;0.211;0.140;28;35;24;50.00;50.00;50.00;4893;1000;0.0;0;0.0000;0;0;1672;1672;1672
60;2014-02-04 15:24:00;909402N262;89;1.674;23;234;234;234;233;0.174;50.01;333.7;0.023;588.7;0.073;701.8;0.061;60;0;0;0.177;0.201;0.146;28;34;24;50.01;50.01;50.01;4893;1000;0.0;0;0.0000;0;0;1674;1674;1674
60;2014-02-04 15:25:00;909402N262;87;1.675;23;234;234;234;233;0.162;50.00;332.3;0.023;590.2;0.070;712.4;0.058;60;0;0;0.168;0.179;0.140;30;31;25;50.00;50.00;50.00;4893;1000;0.0;0;0.0000;0;0;1675;1675;1675
60;2014-02-04 15:26:00;909402N262;87;1.677;23;231;232;231;230;0.158;49.99;334.6;0.022;596.5;0.069;708.0;0.058;60;0;0;0.159;0.191;0.125;29;34;22;49.99;49.99;49.99;4893;1000;0.0;0;0.0000;0;0;1677;1677;1677
60;2014-02-04 15:27:00;909402N262;92;1.679;23;231;232;231;231;0.171;50.01;335.6;0.023;591.7;0.074;709.2;0.061;60;0;0;0.167;0.207;0.141;29;35;25;50.01;50.01;50.01;4893;1000;0.0;0;0.0000;0;0;1679;1679;1679
60;2014-02-04 15:28:00;909402N262;93;1.679;23;231;232;231;231;0.171;49.99;337.1;0.023;592.6;0.075;711.8;0.062;60;0;0;0.162;0.215;0.138;28;38;24;49.99;49.99;49.99;4893;1000;0.0;0;0.0000;0;0;1679;1679;1679
60;2014-02-04 15:29:00;909402N262;85;1.682;23;231;231;231;231;0.159;49.99;332.3;0.022;596.4;0.070;702.6;0.058;60;0;0;0.165;0.180;0.133;29;31;23;49.99;49.99;49.99;4893;1000;0.0;0;0.0000;0;0;1682;1682;1682
60;2014-02-04 15:30:00;909402N262;88;1.682;23;231;231;231;231;0.163;49.99;333.1;0.023;591.0;0.072;704.4;0.060;60;0;0;0.165;0.188;0.138;29;33;24;49.99;49.99;49.99;4893;1000;0.0;0;0.0000;0;0;1682;1682;1682
60;2014-02-04 15:31:00;909402N262;90;1.685;23;231;231;231;231;0.172;50.00;334.1;0.023;576.3;0.074;703.1;0.062;60;0;0;0.176;0.214;0.127;30;36;22;50.00;50.00;50.00;4893;1000;0.0;0;0.0000;0;0;1685;1685;1685
60;2014-02-04 15:32:00;909402N262;84;1.686;23;231;232;231;231;0.160;50.00;340.3;0.020;594.4;0.067;692.6;0.058;60;0;0;0.165;0.178;0.138;28;31;24;50.00;50.00;50.00;4893;1000;0.0;0;0.0000;0;0;1686;1686;1686
60;2014-02-04 15:33:00;909402N262;80;1.686;23;231;232;231;231;0.202;50.00;335.7;0.019;588.0;0.066;667.9;0.057;60;0;0;0.214;0.249;0.145;21;36;20;50.00;50.00;50.00;4893;1000;0.0;0;0.0000;0;0;1686;1686;1686
60;2014-02-04 15:34:00;909402N262;78;1.689;23;231;232;231;231;0.150;50.00;315.4;0.020;585.6;0.065;699.9;0.054;60;0;0;0.151;0.171;0.128;26;28;22;50.00;50.00;50.00;4893;1000;0.0;0;0.0000;0;0;1689;1689;1689
60;2014-02-04 15:35:00;909402N262;73;1.689;23;231;232;231;231;0.202;49.99;309.8;0.019;583.1;0.062;670.1;0.053;60;0;0;0.227;0.251;0.128;21;36;15;49.99;49.99;49.99;4893;1000;0.0;0;0.0000;0;0;1689;1689;1689
60;2014-02-04 15:36:00;909402N262;66;1.691;23;231;231;231;231;0.145;50.00;279.2;0.019;581.5;0.058;679.3;0.047;60;0;0;0.148;0.172;0.115;20;26;18;50.00;50.00;50.00;4893;1000;0.0;0;0.0000;0;0;1691;1691;1691
60;2014-02-04 15:37:00;909402N262;63;1.692;23;231;231;231;230;0.206;50.00;272.5;0.019;572.0;0.057;657.3;0.046;60;0;0;0.237;0.262;0.120;14;34;12;50.00;50.00;50.00;4893;1000;0.0;0;0.0000;0;0;1692;1692;1692
60;2014-02-04 15:38:00;909402N262;62;1.693;23;231;231;231;230;0.130;50.00;266.7;0.019;571.4;0.054;691.4;0.043;60;0;0;0.124;0.154;0.112;18;24;18;50.00;50.00;50.00;4893;1000;0.0;0;0.0000;0;0;1693;1693;1693
60;2014-02-04 15:39:00;909402N262;61;1.693;23;231;231;231;230;0.182;49.99;265.2;0.019;571.5;0.055;672.0;0.044;60;0;0;0.192;0.234;0.122;15;31;15;49.99;49.99;49.99;4893;1000;0.0;0;0.0000;0;0;1693;1693;1693
60;2014-02-04 15:40:00;909402N262;61;1.695;23;231;230;231;231;0.163;50.00;263.1;0.019;572.4;0.054;677.2;0.043;60;0;0;0.169;0.192;0.128;17;26;17;50.00;50.00;50.00;4893;1000;0.0;0;0.0000;0;0;1695;1695;1695
60;2014-02-04 15:41:00;909402N262;55;1.696;23;231;230;232;231;0.156;49.99;297.5;0.016;570.5;0.049;663.7;0.040;60;0;0;0.125;0.215;0.130;12;25;17;49.99;49.99;49.99;4893;1000;0.0;0;0.0000;0;0;1696;1696;1696
60;2014-02-04 15:42:00;909402N262;41;1.697;23;231;230;232;230;0.225;49.99;305.2;0.011;551.9;0.041;639.2;0.031;60;0;0;0.156;0.350;0.169;2;27;14;49.99;49.99;49.99;4893;1000;0.0;0;0.0000;0;0;1697;1697;1697
60;2014-02-04 15:43:00;909402N262;27;1.697;23;231;230;232;231;0.207;50.00;303.9;0.007;528.6;0.032;608.3;0.022;60;0;0;0.143;0.319;0.159;2;19;9;50.00;50.00;50.00;4893;1000;0.0;0;0.0000;0;0;1697;1697;1697
60;2014-02-04 15:44:00;909402N262;24;1.697;23;231;230;232;231;0.212;50.00;280.8;0.008;532.6;0.028;621.4;0.019;60;0;0;0.103;0.331;0.204;3;9;13;50.00;50.00;50.00;4893;1000;0.0;0;0.0000;0;0;1697;1697;1697
60;2014-02-04 15:45:00;909402N262;25;1.698;23;230;229;232;230;0.219;50.00;288.0;0.008;539.8;0.029;599.2;0.020;60;0;0;0.097;0.384;0.177;3;10;13;50.00;50.00;50.00;4893;1000;0.0;0;0.0000;0;0;1698;1698;1698
60;2014-02-04 15:46:00;909402N262;28;1.698;22;230;229;231;230;0.232;49.98;299.6;0.008;526.7;0.033;599.1;0.023;60;0;0;0.157;0.294;0.245;10;11;8;49.98;49.98;49.98;4893;1000;0.0;0;0.0000;0;0;1698;1698;1698
60;2014-02-04 15:47:00;909402N262;40;1.699;22;230;230;231;231;0.200;49.97;285.0;0.013;551.7;0.040;646.5;0.030;60;0;0;0.156;0.258;0.188;13;21;7;49.97;49.97;49.97;4893;1000;0.0;0;0.0000;0;0;1699;1699;1699
60;2014-02-04 15:48:00;909402N262;53;1.700;22;231;230;231;231;0.172;49.98;333.5;0.014;570.0;0.046;661.5;0.038;60;0;0;0.150;0.209;0.158;16;23;12;49.98;49.98;49.98;4893;1000;0.0;0;0.0000;0;0;1700;1700;1700
60;2014-02-04 15:49:00;909402N262;61;1.701;22;231;230;231;231;0.164;49.98;368.9;0.015;570.9;0.054;667.8;0.043;60;0;0;0.153;0.197;0.143;19;25;16;49.98;49.98;49.98;4893;1000;0.0;0;0.0000;0;0;1701;1701;1701
60;2014-02-04 15:50:00;909402N262;71;1.702;22;231;231;231;231;0.150;49.99;353.4;0.017;583.8;0.060;685.7;0.051;60;0;0;0.155;0.170;0.127;22;27;20;49.99;49.99;49.99;4893;1000;0.0;0;0.0000;0;0;1702;1702;1702
60;2014-02-04 15:51:00;909402N262;81;1.704;22;231;232;231;231;0.154;50.00;322.2;0.020;591.3;0.066;700.0;0.056;60;0;0;0.145;0.178;0.139;25;31;24;50.00;50.00;50.00;4893;1000;0.0;0;0.0000;0;0;1704;1704;1704
60;2014-02-04 15:52:00;909402N262;87;1.705;22;231;232;231;230;0.161;49.99;351.2;0.020;590.5;0.071;709.5;0.058;60;0;0;0.161;0.168;0.155;28;29;29;49.99;49.99;49.99;4893;1000;0.0;0;0.0000;0;0;1705;1705;1705
60;2014-02-04 15:53:00;909402N262;28;1.706;22;231;231;232;230;0.059;50.00;360.1;0.019;480.2;0.055;568.6;0.044;51;246;0;0.054;0.066;0.058;8;10;9;50.00;50.00;50.00;6344;1000;0.0;0;0.0000;0;0;1706;1706;1706
60;2014-02-04 15:54:00;909402N262;45;1.707;22;232;232;233;231;0.126;50.00;306.1;0.023;430.5;0.070;487.9;0.055;60;0;0;0.131;0.153;0.094;12;20;12;50.00;50.00;50.00;8832;1000;0.0;0;0.0000;0;0;1707;1707;1707
60;2014-02-04 15:55:00;909402N262;62;1.707;22;233;232;233;232;0.178;50.00;348.8;0.015;573.4;0.055;667.8;0.040;60;0;0;0.157;0.252;0.126;13;32;15;50.00;50.00;50.00;8832;1000;0.0;0;0.0000;0;0;1707;1707;1707
60;2014-02-04 15:56:00;909402N262;48;1.708;22;233;233;234;233;0.163;50.01;307.4;0.013;560.5;0.044;652.6;0.032;60;0;0;0.159;0.222;0.110;11;24;12;50.01;50.01;50.01;8832;1000;0.0;0;0.0000;0;0;1708;1708;1708
60;2014-02-04 15:57:00;909402N262;36;1.709;22;233;233;234;233;0.200;50.01;307.4;0.010;548.4;0.039;630.0;0.023;60;0;0;0.225;0.237;0.140;4;25;10;50.01;50.01;50.01;8832;1000;0.0;0;0.0000;0;0;1709;1709;1709
60;2014-02-04 15:58:00;909402N262;29;1.709;22;233;234;234;233;0.160;50.01;320.1;0.007;526.6;0.034;610.6;0.019;60;0;0;0.211;0.161;0.109;4;16;11;50.01;50.01;50.01;8832;1000;0.0;0;0.0000;0;0;1709;1709;1709
60;2014-02-04 15:59:00;909402N262;18;1.709;22;233;233;234;233;0.113;50.01;330.3;0.003;523.2;0.025;566.6;0.012;60;0;0;0.155;0.108;0.078;4;7;7;50.01;50.01;50.01;8832;1000;0.0;0;0.0000;0;0;1709;1709;1709
60;2014-02-04 16:00:00;909402N262;8;1.709;22;231;231;232;231;0.069;50.03;290.7;0.003;489.5;0.020;509.8;0.004;60;0;0;0.104;0.057;0.048;3;2;4;50.03;50.03;50.03;8832;1000;0.0;0;0.0000;0;0;1709;1709;1709
[wr_ende]
