20140316;110000;danfoss;My Plant;+0100
[wr_def_start]
909402N262;Inverter Type;Inverter Group;Hanzl
[wr_def_end]
[wr]
INTERVAL;TIMESTAMP;SERIAL;P_AC;E_DAY;T_WR;U_AC;U_AC_1;U_AC_2;U_AC_3;I_AC;F_AC;U_DC_1;I_DC_1;U_DC_2;I_DC_2;U_DC_3;I_DC_3;S;E_WR;M_WR;I_AC_1;I_AC_2;I_AC_3;P_AC_1;P_AC_2;P_AC_3;F_AC_1;F_AC_2;F_AC_3;R_DC;PC;PCS;PCS_LL;COS_PHI;COS_PHI_LL;S_COS_PHI;Current_Day_Energy;current_Day_Offset;ccEnergyOfDay_WithoutOffset
60;2014-03-16 10:01:00;909402N262;2048;4.636;33;234;234;234;234;2.976;50.01;572.1;1.380;652.5;0.880;790.5;0.891;60;0;0;2.925;3.013;2.991;672;688;686;50.01;50.01;50.01;17823;1000;0.0;0;0.0000;0;0;4636;4636;4636
60;2014-03-16 10:02:00;909402N262;2025;4.670;33;234;235;234;234;2.927;50.01;576.2;1.351;669.4;0.854;795.2;0.869;60;0;0;2.885;2.961;2.937;664;681;677;50.01;50.01;50.01;17823;1000;0.0;0;0.0000;0;0;4670;4670;4670
60;2014-03-16 10:03:00;909402N262;2025;4.703;33;234;234;234;234;2.930;50.01;575.1;1.355;671.4;0.848;795.2;0.871;60;0;0;2.882;2.961;2.949;663;681;678;50.01;50.01;50.01;17823;1000;0.0;0;0.0000;0;0;4703;4703;4703
60;2014-03-16 10:04:00;909402N262;2085;4.739;33;234;234;233;234;3.015;50.01;573.6;1.397;674.1;0.870;795.2;0.900;60;0;0;2.969;3.053;3.024;684;702;697;50.01;50.01;50.01;17823;1000;0.0;0;0.0000;0;0;4739;4739;4739
60;2014-03-16 10:05:00;909402N262;2198;4.775;33;234;234;233;234;3.172;50.00;573.0;1.468;676.5;0.914;794.8;0.954;60;0;0;3.128;3.194;3.196;723;736;737;50.00;50.00;50.00;17823;1000;0.0;0;0.0000;0;0;4775;4775;4775
60;2014-03-16 10:06:00;909402N262;2327;4.813;33;234;234;234;234;3.351;50.00;573.3;1.551;676.7;0.969;794.8;1.013;60;0;0;3.311;3.382;3.360;766;783;776;50.00;50.00;50.00;17823;1000;0.0;0;0.0000;0;0;4813;4813;4813
60;2014-03-16 10:07:00;909402N262;2422;4.855;33;234;234;234;234;3.486;49.99;573.6;1.612;676.0;1.011;794.7;1.055;60;0;0;3.441;3.514;3.504;798;813;810;49.99;49.99;49.99;17823;1000;0.0;0;0.0000;0;0;4855;4855;4855
60;2014-03-16 10:08:00;909402N262;2495;4.895;33;234;235;234;234;3.583;49.99;573.4;1.659;676.2;1.041;795.0;1.087;60;0;0;3.537;3.618;3.594;821;839;832;49.99;49.99;49.99;17823;1000;0.0;0;0.0000;0;0;4895;4895;4895
60;2014-03-16 10:09:00;909402N262;2570;4.938;34;234;234;234;234;3.689;50.01;573.7;1.710;676.1;1.074;795.1;1.119;60;0;0;3.635;3.734;3.700;843;868;858;50.01;50.01;50.01;17823;1000;0.0;0;0.0000;0;0;4938;4938;4938
60;2014-03-16 10:10:00;909402N262;2599;4.982;34;234;234;234;234;3.733;50.00;574.5;1.726;675.1;1.091;795.0;1.128;60;0;0;3.681;3.775;3.745;853;876;868;50.00;50.00;50.00;17823;1000;0.0;0;0.0000;0;0;4982;4982;4982
60;2014-03-16 10:11:00;909402N262;2552;5.024;34;234;234;235;234;3.666;50.00;575.4;1.694;671.6;1.079;795.0;1.105;60;0;0;3.619;3.706;3.674;838;861;851;50.00;50.00;50.00;17823;1000;0.0;0;0.0000;0;0;5024;5024;5024
60;2014-03-16 10:12:00;909402N262;2455;5.065;34;234;234;235;233;3.529;50.00;578.8;1.620;668.4;1.041;794.8;1.064;60;0;0;3.482;3.576;3.530;806;832;815;50.00;50.00;50.00;17823;1000;0.0;0;0.0000;0;0;5065;5065;5065
60;2014-03-16 10:13:00;909402N262;2395;5.105;34;234;234;235;233;3.446;49.99;579.4;1.583;670.8;1.006;794.7;1.039;60;0;0;3.399;3.491;3.449;786;811;795;49.99;49.99;49.99;17823;1000;0.0;0;0.0000;0;0;5105;5105;5105
60;2014-03-16 10:14:00;909402N262;2437;5.145;34;234;234;235;233;3.507;49.99;576.8;1.620;672.4;1.020;794.8;1.057;60;0;0;3.452;3.550;3.520;799;824;812;49.99;49.99;49.99;17823;1000;0.0;0;0.0000;0;0;5145;5145;5145
60;2014-03-16 10:15:00;909402N262;2541;5.188;34;234;234;234;233;3.654;49.98;573.8;1.698;673.4;1.064;795.1;1.103;60;0;0;3.617;3.695;3.651;840;857;843;49.98;49.98;49.98;17823;1000;0.0;0;0.0000;0;0;5188;5188;5188
60;2014-03-16 10:16:00;909402N262;2645;5.233;34;234;235;234;233;3.795;50.00;564.3;1.788;663.9;1.122;794.1;1.161;60;0;0;3.752;3.836;3.799;873;892;879;50.00;50.00;50.00;17823;1000;0.0;0;0.0000;0;0;5233;5233;5233
60;2014-03-16 10:17:00;909402N262;2790;5.278;34;234;235;234;233;4.004;49.99;574.2;1.859;673.6;1.168;794.8;1.214;60;0;0;3.970;4.035;4.009;923;938;926;49.99;49.99;49.99;17823;1000;0.0;0;0.0000;0;0;5278;5278;5278
60;2014-03-16 10:18:00;909402N262;2885;5.327;34;234;234;235;233;4.142;50.00;576.7;1.913;674.0;1.207;795.2;1.256;60;0;0;4.093;4.197;4.136;950;977;957;50.00;50.00;50.00;17823;1000;0.0;0;0.0000;0;0;5327;5327;5327
60;2014-03-16 10:19:00;909402N262;2934;5.375;34;234;234;235;233;4.207;50.01;576.7;1.946;672.2;1.234;795.2;1.275;60;0;0;4.144;4.277;4.202;962;998;973;50.01;50.01;50.01;17823;1000;0.0;0;0.0000;0;0;5375;5375;5375
60;2014-03-16 10:20:00;909402N262;2941;5.425;34;234;233;235;234;4.219;49.99;577.2;1.949;669.4;1.244;795.2;1.276;60;0;0;4.151;4.283;4.223;961;999;979;49.99;49.99;49.99;17823;1000;0.0;0;0.0000;0;0;5425;5425;5425
60;2014-03-16 10:21:00;909402N262;2909;5.473;34;234;233;235;234;4.171;49.99;578.8;1.924;670.5;1.223;795.2;1.264;60;0;0;4.111;4.237;4.167;952;988;966;49.99;49.99;49.99;17823;1000;0.0;0;0.0000;0;0;5473;5473;5473
60;2014-03-16 10:22:00;909402N262;2887;5.522;34;234;233;235;233;4.144;49.99;583.0;1.889;671.3;1.214;795.1;1.256;60;0;0;4.093;4.196;4.144;947;977;960;49.99;49.99;49.99;17823;1000;0.0;0;0.0000;0;0;5522;5522;5522
60;2014-03-16 10:23:00;909402N262;2876;5.570;34;234;234;235;234;4.129;49.99;581.2;1.890;670.5;1.212;795.2;1.251;60;0;0;4.078;4.175;4.134;945;971;958;49.99;49.99;49.99;17823;1000;0.0;0;0.0000;0;0;5570;5570;5570
60;2014-03-16 10:24:00;909402N262;2841;5.617;34;234;233;235;234;4.079;50.00;580.8;1.872;671.2;1.192;794.9;1.237;60;0;0;4.012;4.140;4.086;928;964;947;50.00;50.00;50.00;17823;1000;0.0;0;0.0000;0;0;5617;5617;5617
60;2014-03-16 10:25:00;909402N262;2795;5.664;34;234;233;235;233;4.015;49.99;581.3;1.840;670.9;1.173;794.7;1.216;60;0;0;3.961;4.065;4.019;917;946;930;49.99;49.99;49.99;17823;1000;0.0;0;0.0000;0;0;5664;5664;5664
60;2014-03-16 10:26:00;909402N262;2785;5.709;34;234;234;234;233;4.004;50.01;580.5;1.839;670.9;1.166;794.8;1.212;60;0;0;3.954;4.049;4.009;916;941;926;50.01;50.01;50.01;17823;1000;0.0;0;0.0000;0;0;5709;5709;5709
60;2014-03-16 10:27:00;909402N262;2791;5.756;34;233;233;234;234;4.018;50.00;579.4;1.846;673.4;1.163;794.8;1.215;60;0;0;3.957;4.057;4.041;913;940;936;50.00;50.00;50.00;17823;1000;0.0;0;0.0000;0;0;5756;5756;5756
60;2014-03-16 10:28:00;909402N262;2815;5.803;34;233;232;234;234;4.055;50.00;577.2;1.866;674.3;1.173;794.7;1.227;60;0;0;3.987;4.099;4.079;917;951;945;50.00;50.00;50.00;17823;1000;0.0;0;0.0000;0;0;5803;5803;5803
60;2014-03-16 10:29:00;909402N262;2805;5.851;34;233;231;234;234;4.043;49.99;576.9;1.858;673.3;1.173;794.7;1.223;60;0;0;3.957;4.121;4.053;907;957;940;49.99;49.99;49.99;17823;1000;0.0;0;0.0000;0;0;5851;5851;5851
60;2014-03-16 10:30:00;909402N262;2746;5.895;34;233;231;235;234;3.957;50.01;578.0;1.814;672.5;1.150;794.5;1.197;60;0;0;3.866;4.013;3.993;886;933;926;50.01;50.01;50.01;17823;1000;0.0;0;0.0000;0;0;5895;5895;5895
60;2014-03-16 10:31:00;909402N262;2675;5.941;34;233;231;235;234;3.858;50.01;578.1;1.790;655.5;1.134;785.3;1.179;60;0;0;3.770;3.910;3.895;862;909;902;50.01;50.01;50.01;17823;1000;0.0;0;0.0000;0;0;5941;5941;5941
60;2014-03-16 10:32:00;909402N262;2636;5.985;34;233;231;235;233;3.806;50.00;578.8;1.747;668.9;1.110;793.7;1.144;60;0;0;3.723;3.862;3.835;851;897;886;50.00;50.00;50.00;17823;1000;0.0;0;0.0000;0;0;5985;5985;5985
60;2014-03-16 10:33:00;909402N262;2569;6.027;34;233;231;235;234;3.722;50.00;577.5;1.713;667.5;1.082;790.5;1.117;60;0;0;3.642;3.776;3.748;830;874;863;50.00;50.00;50.00;17823;1000;0.0;0;0.0000;0;0;6027;6027;6027
60;2014-03-16 10:34:00;909402N262;2541;6.070;34;233;231;235;234;3.682;50.00;576.5;1.704;668.9;1.064;789.9;1.106;60;0;0;3.602;3.740;3.704;821;865;854;50.00;50.00;50.00;17823;1000;0.0;0;0.0000;0;0;6070;6070;6070
60;2014-03-16 10:35:00;909402N262;2561;6.112;34;233;231;235;233;3.711;50.00;576.8;1.716;671.6;1.065;790.5;1.115;60;0;0;3.639;3.763;3.732;830;870;858;50.00;50.00;50.00;17823;1000;0.0;0;0.0000;0;0;6112;6112;6112
60;2014-03-16 10:36:00;909402N262;2618;6.157;34;233;232;235;234;3.780;50.01;576.0;1.754;671.8;1.093;793.1;1.135;60;0;0;3.697;3.830;3.814;847;888;881;50.01;50.01;50.01;17823;1000;0.0;0;0.0000;0;0;6157;6157;6157
60;2014-03-16 10:37:00;909402N262;2647;6.200;34;233;232;235;234;3.814;50.00;575.2;1.772;670.6;1.112;794.4;1.145;60;0;0;3.742;3.868;3.834;860;898;887;50.00;50.00;50.00;17823;1000;0.0;0;0.0000;0;0;6200;6200;6200
60;2014-03-16 10:38:00;909402N262;2630;6.244;34;233;232;234;234;3.798;50.01;576.4;1.755;669.9;1.109;792.6;1.138;60;0;0;3.720;3.847;3.827;853;890;885;50.01;50.01;50.01;17823;1000;0.0;0;0.0000;0;0;6244;6244;6244
60;2014-03-16 10:39:00;909402N262;2603;6.288;34;233;233;234;234;3.765;50.00;577.4;1.732;669.1;1.101;790.7;1.129;60;0;0;3.694;3.818;3.784;848;881;872;50.00;50.00;50.00;17823;1000;0.0;0;0.0000;0;0;6288;6288;6288
60;2014-03-16 10:40:00;909402N262;2639;6.331;35;234;233;234;234;3.804;50.01;578.8;1.747;671.1;1.114;793.6;1.144;60;0;0;3.736;3.846;3.830;861;891;885;50.01;50.01;50.01;17823;1000;0.0;0;0.0000;0;0;6331;6331;6331
60;2014-03-16 10:41:00;909402N262;2740;6.378;35;234;233;234;234;3.943;50.00;580.0;1.802;671.0;1.160;794.3;1.187;60;0;0;3.882;3.989;3.958;897;924;916;50.00;50.00;50.00;17823;1000;0.0;0;0.0000;0;0;6378;6378;6378
60;2014-03-16 10:42:00;909402N262;2856;6.425;35;234;233;234;234;4.104;50.00;582.1;1.864;671.6;1.213;795.0;1.239;60;0;0;4.041;4.150;4.123;933;964;956;50.00;50.00;50.00;17823;1000;0.0;0;0.0000;0;0;6425;6425;6425
60;2014-03-16 10:43:00;909402N262;2995;6.474;35;234;233;234;234;4.305;50.01;584.0;1.939;673.0;1.277;795.1;1.303;60;0;0;4.243;4.347;4.325;981;1009;1003;50.01;50.01;50.01;17823;1000;0.0;0;0.0000;0;0;6474;6474;6474
60;2014-03-16 10:44:00;909402N262;3166;6.528;35;234;233;234;234;4.544;50.02;578.8;2.053;672.0;1.364;795.1;1.380;60;0;0;4.484;4.586;4.562;1039;1066;1060;50.02;50.02;50.02;17823;1000;0.0;0;0.0000;0;0;6528;6528;6528
60;2014-03-16 10:45:00;909402N262;3379;6.583;35;234;234;234;234;4.843;50.02;571.2;2.205;669.1;1.470;795.2;1.477;60;0;0;4.791;4.889;4.850;1112;1138;1128;50.02;50.02;50.02;17823;1000;0.0;0;0.0000;0;0;6583;6583;6583
60;2014-03-16 10:46:00;909402N262;3365;6.641;35;234;233;235;234;4.826;50.02;565.9;2.222;652.0;1.491;794.1;1.497;60;0;0;4.749;4.890;4.840;1098;1140;1126;50.02;50.02;50.02;17823;1000;0.0;0;0.0000;0;0;6641;6641;6641
60;2014-03-16 10:47:00;909402N262;3294;6.695;35;234;233;235;234;4.721;50.02;568.3;2.159;668.5;1.432;794.9;1.441;60;0;0;4.633;4.798;4.734;1070;1121;1100;50.02;50.02;50.02;17823;1000;0.0;0;0.0000;0;0;6695;6695;6695
60;2014-03-16 10:48:00;909402N262;3147;6.748;35;234;233;235;234;4.517;50.01;577.8;2.043;665.5;1.371;795.0;1.369;60;0;0;4.443;4.576;4.532;1027;1064;1054;50.01;50.01;50.01;17823;1000;0.0;0;0.0000;0;0;6748;6748;6748
60;2014-03-16 10:49:00;909402N262;3110;6.800;35;234;233;234;234;4.465;50.01;575.5;2.030;665.4;1.350;795.0;1.353;60;0;0;4.389;4.513;4.493;1014;1048;1045;50.01;50.01;50.01;17823;1000;0.0;0;0.0000;0;0;6800;6800;6800
60;2014-03-16 10:50:00;909402N262;3112;6.852;35;234;233;234;234;4.469;50.01;574.7;2.035;665.7;1.351;794.9;1.356;60;0;0;4.404;4.507;4.498;1020;1044;1046;50.01;50.01;50.01;17823;1000;0.0;0;0.0000;0;0;6852;6852;6852
60;2014-03-16 10:51:00;909402N262;3168;6.904;35;234;234;234;234;4.547;50.01;575.6;2.071;666.5;1.373;795.0;1.380;60;0;0;4.487;4.585;4.571;1041;1062;1063;50.01;50.01;50.01;17823;1000;0.0;0;0.0000;0;0;6904;6904;6904
60;2014-03-16 10:52:00;909402N262;3178;6.956;35;234;233;234;234;4.563;50.01;575.1;2.083;663.0;1.388;794.9;1.378;60;0;0;4.498;4.598;4.593;1042;1066;1068;50.01;50.01;50.01;17823;1000;0.0;0;0.0000;0;0;6956;6956;6956
60;2014-03-16 10:53:00;909402N262;3080;7.008;35;234;233;234;234;4.426;50.02;572.1;2.030;661.0;1.349;794.8;1.334;60;0;0;4.355;4.474;4.451;1006;1038;1034;50.02;50.02;50.02;17823;1000;0.0;0;0.0000;0;0;7008;7008;7008
60;2014-03-16 10:54:00;909402N262;3027;7.059;35;234;233;234;234;4.351;50.01;570.9;1.997;665.7;1.313;794.9;1.316;60;0;0;4.282;4.398;4.374;990;1019;1016;50.01;50.01;50.01;17823;1000;0.0;0;0.0000;0;0;7059;7059;7059
60;2014-03-16 10:55:00;909402N262;3111;7.111;35;233;233;233;234;4.474;50.00;573.9;2.033;664.2;1.364;794.9;1.350;60;0;0;4.402;4.514;4.506;1017;1045;1047;50.00;50.00;50.00;17823;1000;0.0;0;0.0000;0;0;7111;7111;7111
60;2014-03-16 10:56:00;909402N262;3186;7.164;35;233;234;232;234;4.583;50.01;573.0;2.085;661.1;1.405;794.5;1.382;60;0;0;4.534;4.597;4.618;1051;1058;1075;50.01;50.01;50.01;17823;1000;0.0;0;0.0000;0;0;7164;7164;7164
60;2014-03-16 10:57:00;909402N262;3272;7.218;35;233;233;232;235;4.706;50.00;574.5;2.136;662.8;1.437;794.8;1.423;60;0;0;4.659;4.716;4.744;1079;1086;1105;50.00;50.00;50.00;17823;1000;0.0;0;0.0000;0;0;7218;7218;7218
60;2014-03-16 10:58:00;909402N262;3513;7.276;35;234;232;233;236;5.038;50.00;578.7;2.286;664.7;1.532;795.0;1.525;60;0;0;4.953;5.072;5.089;1143;1176;1191;50.00;50.00;50.00;17823;1000;0.0;0;0.0000;0;0;7276;7276;7276
60;2014-03-16 10:59:00;909402N262;3702;7.338;35;234;232;233;235;5.310;50.00;568.4;2.450;666.2;1.610;795.0;1.612;60;0;0;5.227;5.338;5.366;1206;1238;1256;50.00;50.00;50.00;17823;1000;0.0;0;0.0000;0;0;7338;7338;7338
60;2014-03-16 11:00:00;909402N262;3793;7.401;35;233;231;234;235;5.445;49.99;568.4;2.498;662.9;1.666;795.0;1.654;60;0;0;5.341;5.489;5.505;1228;1275;1288;49.99;49.99;49.99;17823;1000;0.0;0;0.0000;0;0;7401;7401;7401
[wr_ende]
