20150210;080000;danfoss;My Plant;+0100
[wr_def_start]
909402N262;Inverter Type;Inverter Group;Hanzl
[wr_def_end]
[wr]
INTERVAL;TIMESTAMP;SERIAL;P_AC;E_DAY;T_WR;U_AC;U_AC_1;U_AC_2;U_AC_3;I_AC;F_AC;U_DC_1;I_DC_1;U_DC_2;I_DC_2;U_DC_3;I_DC_3;S;E_WR;M_WR;I_AC_1;I_AC_2;I_AC_3;P_AC_1;P_AC_2;P_AC_3;F_AC_1;F_AC_2;F_AC_3;R_DC;PC;PCS;PCS_LL;COS_PHI;COS_PHI_LL;S_COS_PHI;Current_Day_Energy;current_Day_Offset;ccEnergyOfDay_WithoutOffset
60;2015-02-10 07:01:00;909402N262;0;0.000;18;232;232;233;232;0.000;50.05;229.3;0.000;228.7;0.000;229.3;0.000;50;0;0;0.000;0.000;0.000;0;0;0;50.05;50.05;50.05;0;1000;0.0;0;1.0000;0;2;0;0;0
60;2015-02-10 07:02:00;909402N262;0;0.000;18;232;232;233;232;0.000;50.06;232.4;0.000;231.9;0.000;232.0;0.000;50;0;0;0.000;0.000;0.000;0;0;0;50.06;50.06;50.06;0;1000;0.0;0;1.0000;0;2;0;0;0
60;2015-02-10 07:03:00;909402N262;0;0.000;18;232;231;232;232;0.000;50.07;229.3;0.000;228.7;0.000;229.3;0.000;50;0;0;0.000;0.000;0.000;0;0;0;50.07;50.07;50.07;0;1000;0.0;0;1.0000;0;2;0;0;0
60;2015-02-10 07:04:00;909402N262;0;0.000;19;232;231;232;232;0.000;50.06;229.0;0.000;228.5;0.000;228.4;0.000;50;0;0;0.000;0.000;0.000;0;0;0;50.06;50.06;50.06;0;1000;0.0;0;1.0000;0;2;0;0;0
60;2015-02-10 07:05:00;909402N262;0;0.000;19;232;232;233;232;0.000;50.06;229.6;0.000;229.0;0.000;229.6;0.000;50;0;0;0.000;0.000;0.000;0;0;0;50.06;50.06;50.06;0;1000;0.0;0;1.0000;0;2;0;0;0
60;2015-02-10 07:06:00;909402N262;0;0.000;19;232;231;233;232;0.000;50.06;231.5;0.000;231.0;0.000;231.6;0.000;50;0;0;0.000;0.000;0.000;0;0;0;50.06;50.06;50.06;0;1000;0.0;0;1.0000;0;2;0;0;0
60;2015-02-10 07:07:00;909402N262;0;0.000;19;232;231;233;232;0.000;50.06;232.4;0.000;231.8;0.000;233.4;0.000;50;0;0;0.000;0.000;0.000;0;0;0;50.06;50.06;50.06;0;1000;0.0;0;1.0000;0;2;0;0;0
60;2015-02-10 07:08:00;909402N262;0;0.000;19;232;231;233;231;0.000;50.06;233.5;0.000;233.0;0.000;234.4;0.000;50;0;0;0.000;0.000;0.000;0;0;0;50.06;50.06;50.06;0;1000;0.0;0;1.0000;0;2;0;0;0
60;2015-02-10 07:09:00;909402N262;0;0.000;19;232;231;234;231;0.000;50.05;235.1;0.000;234.6;0.000;235.2;0.000;50;0;0;0.000;0.000;0.000;0;0;0;50.05;50.05;50.05;0;1000;0.0;0;1.0000;0;2;0;0;0
60;2015-02-10 07:10:00;909402N262;0;0.000;19;232;231;234;231;0.000;50.04;236.7;0.000;236.2;0.000;236.8;0.000;50;0;0;0.000;0.000;0.000;0;0;0;50.04;50.04;50.04;0;1000;0.0;0;1.0000;0;2;0;0;0
60;2015-02-10 07:11:00;909402N262;0;0.000;19;232;231;233;231;0.000;50.03;238.6;0.000;238.0;0.000;238.6;0.000;50;0;0;0.000;0.000;0.000;0;0;0;50.03;50.03;50.03;0;1000;0.0;0;1.0000;0;2;0;0;0
60;2015-02-10 07:12:00;909402N262;0;0.000;19;231;231;232;231;0.000;50.03;228.8;0.000;228.3;0.000;228.8;0.000;50;0;0;0.000;0.000;0.000;0;0;0;50.03;50.03;50.03;0;1000;0.0;0;1.0000;0;2;0;0;0
60;2015-02-10 07:13:00;909402N262;0;0.000;20;232;231;233;231;0.000;50.02;227.4;0.000;226.8;0.000;226.7;0.000;50;0;0;0.000;0.000;0.000;0;0;0;50.02;50.02;50.02;0;1000;0.0;0;1.0000;0;2;0;0;0
60;2015-02-10 07:14:00;909402N262;0;0.000;20;232;231;233;232;0.000;50.00;229.6;0.000;229.0;0.000;229.3;0.000;50;0;0;0.000;0.000;0.000;0;0;0;50.00;50.00;50.00;0;1000;0.0;0;1.0000;0;2;0;0;0
60;2015-02-10 07:15:00;909402N262;0;0.000;20;232;231;233;231;0.000;50.01;231.5;0.000;231.0;0.000;231.5;0.000;50;0;0;0.000;0.000;0.000;0;0;0;50.01;50.01;50.01;0;1000;0.0;0;1.0000;0;2;0;0;0
60;2015-02-10 07:16:00;909402N262;0;0.000;20;231;231;232;231;0.000;50.00;234.4;0.000;233.9;0.000;234.5;0.000;50;0;0;0.000;0.000;0.000;0;0;0;50.00;50.00;50.00;0;1000;0.0;0;1.0000;0;2;0;0;0
60;2015-02-10 07:17:00;909402N262;0;0.000;20;232;231;233;231;0.000;50.00;243.8;0.000;243.2;0.000;244.4;0.000;50;0;0;0.000;0.000;0.000;0;0;0;50.00;50.00;50.00;0;1000;0.0;0;1.0000;0;2;0;0;0
60;2015-02-10 07:18:00;909402N262;0;0.000;20;231;231;232;231;0.000;49.99;258.4;0.000;258.1;0.000;258.4;0.000;50;0;0;0.000;0.000;0.000;0;0;0;49.99;49.99;49.99;0;1000;0.0;0;1.0000;0;2;0;0;0
60;2015-02-10 07:19:00;909402N262;0;0.000;20;232;232;232;231;0.005;49.99;277.8;0.000;277.4;0.000;277.6;0.000;50;0;0;0.005;0.006;0.006;0;0;0;49.99;49.99;49.99;0;1000;0.0;0;1.0000;0;2;0;0;0
60;2015-02-10 07:20:00;909402N262;0;0.000;20;232;232;232;232;0.003;49.99;492.7;0.000;495.4;0.000;551.1;0.000;51;0;0;0.003;0.003;0.003;0;0;0;49.99;49.99;49.99;2836;1000;0.0;0;1.0000;0;2;0;0;0
60;2015-02-10 07:21:00;909402N262;0;0.000;20;232;232;231;233;0.001;49.98;486.2;0.002;499.7;0.001;573.6;0.001;52;0;0;0.005;0.000;0.000;0;0;0;49.98;49.98;49.98;8085;1000;0.0;0;1.0000;0;2;0;0;0
60;2015-02-10 07:22:00;909402N262;6;0.000;20;232;233;231;234;0.399;49.98;478.1;0.010;459.4;0.008;559.5;0.005;60;0;0;0.383;0.198;0.617;17;21;0;49.98;49.98;49.98;8085;1000;0.0;0;1.0000;0;2;0;0;0
60;2015-02-10 07:23:00;909402N262;13;0.000;20;233;233;231;234;0.527;49.97;460.9;0.018;458.3;0.013;557.2;0.010;60;0;0;0.519;0.242;0.822;12;25;2;49.97;49.97;49.97;8085;1000;0.0;0;1.0000;0;2;0;0;0
60;2015-02-10 07:24:00;909402N262;16;0.001;20;232;232;231;234;0.535;49.98;470.0;0.022;488.2;0.014;594.3;0.011;60;0;0;0.517;0.256;0.834;19;22;1;49.98;49.98;49.98;8085;1000;0.0;0;1.0000;0;2;1;1;1
60;2015-02-10 07:25:00;909402N262;15;0.002;20;232;232;231;234;0.501;49.98;470.6;0.021;479.3;0.013;579.8;0.011;60;0;0;0.435;0.286;0.782;33;16;0;49.98;49.98;49.98;8085;1000;0.0;0;1.0000;0;2;2;2;2
60;2015-02-10 07:26:00;909402N262;15;0.002;20;232;232;232;233;0.491;49.96;471.2;0.019;468.0;0.013;570.0;0.011;60;0;0;0.440;0.361;0.673;11;14;2;49.96;49.96;49.96;8085;1000;0.0;0;1.0000;0;2;2;2;2
60;2015-02-10 07:27:00;909402N262;13;0.002;20;232;232;232;233;0.581;49.95;472.4;0.019;468.0;0.013;564.4;0.011;60;0;0;0.532;0.471;0.740;12;18;3;49.95;49.95;49.95;8085;1000;0.0;0;1.0000;0;2;2;2;2
60;2015-02-10 07:28:00;909402N262;17;0.003;20;232;232;232;233;0.584;49.96;478.3;0.021;494.0;0.014;599.4;0.011;60;0;0;0.540;0.413;0.801;17;15;3;49.96;49.96;49.96;8085;1000;0.0;0;1.0000;0;2;3;3;3
60;2015-02-10 07:29:00;909402N262;20;0.004;20;232;232;231;234;0.559;49.97;487.5;0.023;492.4;0.016;608.8;0.011;60;0;0;0.494;0.255;0.928;32;18;2;49.97;49.97;49.97;8085;1000;0.0;0;1.0000;0;2;4;4;4
60;2015-02-10 07:30:00;909402N262;25;0.005;20;232;231;231;234;0.485;50.00;493.3;0.026;485.6;0.019;559.3;0.015;60;0;0;0.344;0.195;0.918;37;14;0;50.00;50.00;50.00;8085;1000;0.0;0;1.0000;0;2;5;5;5
60;2015-02-10 07:31:00;909402N262;30;0.005;20;232;231;231;234;0.482;50.00;490.7;0.029;482.2;0.022;593.8;0.016;60;0;0;0.416;0.252;0.780;37;15;0;50.00;50.00;50.00;8085;1000;0.0;0;1.0000;0;2;5;5;5
60;2015-02-10 07:32:00;909402N262;37;0.007;21;232;232;231;233;0.507;50.00;496.4;0.034;497.8;0.026;622.6;0.019;60;0;0;0.494;0.323;0.706;35;27;0;50.00;50.00;50.00;8085;1000;0.0;0;1.0000;0;2;7;7;7
60;2015-02-10 07:33:00;909402N262;43;0.008;21;231;232;231;232;0.539;49.97;508.8;0.039;514.2;0.027;634.4;0.023;60;0;0;0.589;0.377;0.651;5;37;11;49.97;49.97;49.97;8085;1000;0.0;0;1.0000;0;2;8;8;8
60;2015-02-10 07:34:00;909402N262;47;0.008;21;231;232;230;231;0.495;49.96;514.5;0.040;532.7;0.030;612.5;0.026;60;0;0;0.630;0.360;0.495;5;34;17;49.96;49.96;49.96;8085;1000;0.0;0;1.0000;0;2;8;8;8
60;2015-02-10 07:35:00;909402N262;51;0.009;21;231;232;231;231;0.302;49.97;512.9;0.042;524.0;0.031;654.4;0.025;60;0;0;0.420;0.260;0.228;8;32;17;49.97;49.97;49.97;8085;1000;0.0;0;1.0000;0;2;9;9;9
60;2015-02-10 07:36:00;909402N262;53;0.010;21;231;231;231;231;0.468;49.97;518.5;0.045;513.9;0.034;643.3;0.027;60;0;0;0.590;0.480;0.334;3;47;9;49.97;49.97;49.97;8085;1000;0.0;0;1.0000;0;2;10;10;10
60;2015-02-10 07:37:00;909402N262;57;0.010;21;231;232;231;231;0.346;49.96;525.6;0.046;523.6;0.035;651.9;0.027;60;0;0;0.444;0.352;0.244;10;43;8;49.96;49.96;49.96;8085;1000;0.0;0;1.0000;0;2;10;10;10
60;2015-02-10 07:38:00;909402N262;64;0.011;21;231;232;230;231;0.450;49.96;533.3;0.050;544.6;0.039;648.8;0.031;60;0;0;0.592;0.425;0.333;10;55;8;49.96;49.96;49.96;8085;1000;0.0;0;1.0000;0;2;11;11;11
60;2015-02-10 07:39:00;909402N262;75;0.012;21;231;232;230;231;0.313;49.97;537.2;0.057;549.3;0.042;662.0;0.036;60;0;0;0.401;0.326;0.212;16;45;15;49.97;49.97;49.97;8085;1000;0.0;0;1.0000;0;2;12;12;12
60;2015-02-10 07:40:00;909402N262;85;0.014;21;231;231;230;230;0.379;49.97;540.0;0.064;566.6;0.046;655.6;0.041;60;0;0;0.459;0.440;0.240;18;57;12;49.97;49.97;49.97;8085;1000;0.0;0;1.0000;0;2;14;14;14
60;2015-02-10 07:41:00;909402N262;94;0.015;21;231;232;231;231;0.354;49.98;545.8;0.068;566.6;0.053;659.3;0.044;60;0;0;0.430;0.398;0.235;23;53;18;49.98;49.98;49.98;8085;1000;0.0;0;1.0000;0;2;15;15;15
60;2015-02-10 07:42:00;909402N262;101;0.016;21;231;232;231;230;0.223;49.99;540.4;0.075;572.1;0.055;684.9;0.047;60;0;0;0.248;0.248;0.175;32;39;28;49.99;49.99;49.99;8085;1000;0.0;0;1.0000;0;2;16;16;16
60;2015-02-10 07:43:00;909402N262;110;0.017;21;231;232;231;231;0.219;49.99;546.0;0.078;581.9;0.058;688.3;0.051;60;0;0;0.219;0.249;0.190;35;42;31;49.99;49.99;49.99;8085;1000;0.0;0;1.0000;0;2;17;17;17
60;2015-02-10 07:44:00;909402N262;115;0.019;21;231;231;231;231;0.223;49.99;540.8;0.083;576.6;0.061;700.0;0.054;60;0;0;0.226;0.247;0.197;36;43;34;49.99;49.99;49.99;8085;1000;0.0;0;1.0000;0;2;19;19;19
60;2015-02-10 07:45:00;909402N262;124;0.020;21;231;232;231;230;0.227;49.98;556.9;0.085;578.0;0.065;693.9;0.058;60;0;0;0.231;0.238;0.214;40;42;39;49.98;49.98;49.98;8085;1000;0.0;0;1.0000;0;2;20;20;20
60;2015-02-10 07:46:00;909402N262;135;0.021;21;231;232;231;230;0.265;49.97;558.5;0.092;577.7;0.072;683.4;0.066;60;0;0;0.286;0.285;0.225;42;50;40;49.97;49.97;49.97;8085;1000;0.0;0;1.0000;0;2;21;21;21
60;2015-02-10 07:47:00;909402N262;152;0.024;21;231;232;231;230;0.268;49.97;569.4;0.099;592.7;0.078;710.0;0.073;60;0;0;0.237;0.318;0.250;44;59;47;49.97;49.97;49.97;8085;1000;0.0;0;1.0000;0;2;24;24;24
60;2015-02-10 07:48:00;909402N262;163;0.028;21;231;231;231;231;0.289;49.98;572.5;0.106;590.2;0.082;718.4;0.078;60;0;0;0.302;0.322;0.244;56;58;46;49.98;49.98;49.98;8085;1000;0.0;0;1.0000;0;2;28;28;28
60;2015-02-10 07:49:00;909402N262;166;0.031;21;230;232;229;231;0.306;49.97;575.1;0.109;588.3;0.085;699.8;0.081;60;0;0;0.315;0.348;0.256;56;61;48;49.97;49.97;49.97;8085;1000;0.0;0;1.0000;0;2;31;31;31
60;2015-02-10 07:50:00;909402N262;171;0.034;21;232;233;231;233;0.305;49.97;575.4;0.112;590.8;0.085;706.6;0.082;60;0;0;0.290;0.355;0.270;53;63;52;49.97;49.97;49.97;8085;1000;0.0;0;1.0000;0;2;34;34;34
60;2015-02-10 07:51:00;909402N262;181;0.036;21;233;233;232;235;0.333;49.97;575.2;0.120;590.5;0.091;708.7;0.085;60;0;0;0.298;0.404;0.298;54;71;54;49.97;49.97;49.97;8085;1000;0.0;0;1.0000;0;2;36;36;36
60;2015-02-10 07:52:00;909402N262;191;0.039;22;234;234;232;236;0.358;49.98;576.8;0.127;593.4;0.096;709.2;0.091;60;0;0;0.335;0.445;0.295;59;77;53;49.98;49.98;49.98;8085;1000;0.0;0;1.0000;0;2;39;39;39
60;2015-02-10 07:53:00;909402N262;193;0.042;22;234;235;233;235;0.368;49.98;576.4;0.129;593.7;0.096;706.5;0.092;60;0;0;0.336;0.462;0.306;58;79;54;49.98;49.98;49.98;8085;1000;0.0;0;1.0000;0;2;42;42;42
60;2015-02-10 07:54:00;909402N262;189;0.046;22;233;233;231;234;0.361;49.97;575.3;0.128;589.0;0.095;706.1;0.088;60;0;0;0.333;0.456;0.295;58;77;53;49.97;49.97;49.97;8085;1000;0.0;0;1.0000;0;2;46;46;46
60;2015-02-10 07:55:00;909402N262;190;0.048;22;231;232;230;233;0.358;49.98;576.3;0.129;588.3;0.094;706.9;0.088;60;0;0;0.329;0.441;0.306;58;75;55;49.98;49.98;49.98;8085;1000;0.0;0;1.0000;0;2;48;48;48
60;2015-02-10 07:56:00;909402N262;193;0.051;22;231;232;230;233;0.363;49.98;576.2;0.133;591.4;0.096;706.5;0.089;60;0;0;0.322;0.447;0.322;56;76;59;49.98;49.98;49.98;8085;1000;0.0;0;1.0000;0;2;51;51;51
60;2015-02-10 07:57:00;909402N262;199;0.055;22;232;232;230;233;0.373;49.99;568.6;0.139;598.1;0.097;707.6;0.092;60;0;0;0.318;0.477;0.326;56;82;59;49.99;49.99;49.99;8085;1000;0.0;0;1.0000;0;2;55;55;55
60;2015-02-10 07:58:00;909402N262;210;0.058;22;232;232;230;233;0.386;49.99;566.1;0.147;599.8;0.102;713.2;0.097;60;0;0;0.355;0.499;0.305;63;87;56;49.99;49.99;49.99;8085;1000;0.0;0;1.0000;0;2;58;58;58
60;2015-02-10 07:59:00;909402N262;225;0.063;22;232;232;230;233;0.417;49.99;568.0;0.158;602.7;0.109;714.1;0.104;60;0;0;0.404;0.510;0.338;71;90;62;49.99;49.99;49.99;8085;1000;0.0;0;1.0000;0;2;63;63;63
60;2015-02-10 08:00:00;909402N262;230;0.066;22;232;232;230;233;0.422;50.01;568.2;0.163;599.8;0.112;718.0;0.105;60;0;0;0.389;0.523;0.354;70;92;65;50.01;50.01;50.01;8085;1000;0.0;0;1.0000;0;2;66;66;66
[wr_ende]
