20140817;210001;danfoss;My Plant;+0100
[wr_def_start]
909402N262;Inverter Type;Inverter Group;Hanzl
[wr_def_end]
[wr]
INTERVAL;TIMESTAMP;SERIAL;P_AC;E_DAY;T_WR;U_AC;U_AC_1;U_AC_2;U_AC_3;I_AC;F_AC;U_DC_1;I_DC_1;U_DC_2;I_DC_2;U_DC_3;I_DC_3;S;E_WR;M_WR;I_AC_1;I_AC_2;I_AC_3;P_AC_1;P_AC_2;P_AC_3;F_AC_1;F_AC_2;F_AC_3;R_DC;PC;PCS;PCS_LL;COS_PHI;COS_PHI_LL;S_COS_PHI;Current_Day_Energy;current_Day_Offset;ccEnergyOfDay_WithoutOffset
60;2014-08-17 20:01:00;909402N262;0;55.531;42;235;235;234;235;0.001;50.03;314.5;0.010;259.5;0.002;283.5;0.000;60;0;0;0.005;0.000;0.000;0;0;0;50.03;50.03;50.03;5867;1000;0.0;0;0.0000;0;0;55531;55531;55531
60;2014-08-17 20:02:00;909402N262;0;55.531;42;234;234;234;235;0.000;50.03;279.7;0.007;305.4;0.000;260.8;0.000;60;0;0;0.000;0.001;0.000;0;0;0;50.03;50.03;50.03;5867;1000;0.0;0;0.0000;0;0;55531;55531;55531
60;2014-08-17 20:03:00;909402N262;0;55.531;42;234;234;234;235;0.002;50.02;264.2;0.004;279.2;0.000;253.7;0.000;60;0;0;0.000;0.006;0.000;0;0;0;50.02;50.02;50.02;5867;1000;0.0;0;0.0000;0;0;55531;55531;55531
60;2014-08-17 20:04:00;909402N262;0;55.531;42;234;234;234;235;0.013;50.02;266.8;0.002;257.9;0.000;257.7;0.000;60;0;0;0.000;0.039;0.000;0;0;0;50.02;50.02;50.02;5867;1000;0.0;0;0.0000;0;0;55531;55531;55531
60;2014-08-17 20:05:00;909402N262;0;55.531;42;234;234;235;235;0.024;50.01;259.0;0.000;256.5;0.000;264.3;0.000;60;0;0;0.000;0.072;0.000;0;0;0;50.01;50.01;50.01;5867;1000;0.0;0;0.0000;0;0;55531;55531;55531
60;2014-08-17 20:06:00;909402N262;0;55.531;42;234;234;234;234;0.026;50.02;253.8;0.000;255.0;0.000;254.4;0.000;60;0;0;0.000;0.078;0.000;0;0;0;50.02;50.02;50.02;5867;1000;0.0;0;0.0000;0;0;55531;55531;55531
60;2014-08-17 20:07:00;909402N262;0;55.531;42;234;234;236;234;0.005;50.01;314.4;0.000;259.3;0.000;252.1;0.000;50;0;0;0.000;0.017;0.000;0;0;0;50.01;50.01;50.01;5867;1000;0.0;0;0.0000;0;0;55531;55531;55531
60;2014-08-17 20:08:00;909402N262;0;55.531;42;234;234;236;233;0.000;49.99;231.7;0.000;231.1;0.000;231.7;0.000;50;0;0;0.000;0.000;0.000;0;0;0;49.99;49.99;49.99;5867;1000;0.0;0;0.0000;0;0;55531;55531;55531
60;2014-08-17 20:09:00;909402N262;0;55.531;41;234;234;236;233;0.000;49.99;229.8;0.000;229.2;0.000;229.7;0.000;50;0;0;0.000;0.000;0.000;0;0;0;49.99;49.99;49.99;5867;1000;0.0;0;0.0000;0;0;55531;55531;55531
60;2014-08-17 20:10:00;909402N262;0;55.531;41;234;234;235;233;0.000;49.98;226.6;0.000;226.0;0.000;227.4;0.000;50;0;0;0.000;0.000;0.000;0;0;0;49.98;49.98;49.98;5867;1000;0.0;0;0.0000;0;0;55531;55531;55531
60;2014-08-17 20:11:00;909402N262;0;55.531;41;234;234;235;233;0.000;49.99;232.2;0.000;231.6;0.000;232.2;0.000;50;0;0;0.000;0.000;0.000;0;0;0;49.99;49.99;49.99;5867;1000;0.0;0;0.0000;0;0;55531;55531;55531
60;2014-08-17 20:12:00;909402N262;0;55.531;41;234;234;235;233;0.000;49.99;237.6;0.000;237.0;0.000;237.5;0.000;50;0;0;0.000;0.000;0.000;0;0;0;49.99;49.99;49.99;5867;1000;0.0;0;0.0000;0;0;55531;55531;55531
60;2014-08-17 20:13:00;909402N262;0;55.531;40;234;234;235;233;0.000;50.00;236.3;0.000;235.8;0.000;236.2;0.000;50;0;0;0.000;0.000;0.000;0;0;0;50.00;50.00;50.00;5867;1000;0.0;0;0.0000;0;0;55531;55531;55531
60;2014-08-17 20:14:00;909402N262;0;55.531;40;234;233;235;233;0.000;50.01;234.2;0.000;233.6;0.000;233.9;0.000;50;0;0;0.000;0.000;0.000;0;0;0;50.01;50.01;50.01;5867;1000;0.0;0;0.0000;0;0;55531;55531;55531
60;2014-08-17 20:15:00;909402N262;0;55.531;40;234;234;235;233;0.000;50.01;233.3;0.000;232.8;0.000;233.7;0.000;50;0;0;0.000;0.000;0.000;0;0;0;50.01;50.01;50.01;5867;1000;0.0;0;0.0000;0;0;55531;55531;55531
60;2014-08-17 20:16:00;909402N262;0;55.531;39;234;234;235;233;0.000;49.99;229.5;0.000;228.9;0.000;229.5;0.000;50;0;0;0.000;0.000;0.000;0;0;0;49.99;49.99;49.99;5867;1000;0.0;0;0.0000;0;0;55531;55531;55531
60;2014-08-17 20:17:00;909402N262;0;55.531;39;234;233;235;233;0.000;49.99;228.3;0.000;227.7;0.000;228.3;0.000;50;0;0;0.000;0.000;0.000;0;0;0;49.99;49.99;49.99;5867;1000;0.0;0;0.0000;0;0;55531;55531;55531
60;2014-08-17 20:18:00;909402N262;0;55.531;39;233;233;235;233;0.000;49.99;228.9;0.000;228.3;0.000;229.5;0.000;50;0;0;0.000;0.000;0.000;0;0;0;49.99;49.99;49.99;5867;1000;0.0;0;0.0000;0;0;55531;55531;55531
60;2014-08-17 20:19:00;909402N262;0;55.531;38;233;233;235;233;0.000;49.99;229.4;0.000;228.9;0.000;229.4;0.000;50;0;0;0.000;0.000;0.000;0;0;0;49.99;49.99;49.99;5867;1000;0.0;0;0.0000;0;0;55531;55531;55531
60;2014-08-17 20:20:00;909402N262;0;55.531;38;233;233;234;233;0.000;49.98;228.4;0.000;227.8;0.000;228.9;0.000;50;0;0;0.000;0.000;0.000;0;0;0;49.98;49.98;49.98;5867;1000;0.0;0;0.0000;0;0;55531;55531;55531
60;2014-08-17 20:21:00;909402N262;0;55.531;38;233;233;235;233;0.000;50.00;228.2;0.000;227.7;0.000;228.2;0.000;50;0;0;0.000;0.000;0.000;0;0;0;50.00;50.00;50.00;5867;1000;0.0;0;0.0000;0;0;55531;55531;55531
60;2014-08-17 20:22:00;909402N262;0;55.531;38;233;233;234;233;0.000;50.01;227.8;0.000;227.2;0.000;227.8;0.000;50;0;0;0.000;0.000;0.000;0;0;0;50.01;50.01;50.01;5867;1000;0.0;0;0.0000;0;0;55531;55531;55531
60;2014-08-17 20:23:00;909402N262;0;55.531;37;233;233;234;232;0.000;49.99;228.9;0.000;224.0;0.000;228.6;0.000;50;0;0;0.000;0.000;0.000;0;0;0;49.99;49.99;49.99;5867;1000;0.0;0;0.0000;0;0;55531;55531;55531
60;2014-08-17 20:24:00;909402N262;0;55.531;37;233;233;234;232;0.000;49.99;231.0;0.000;205.8;0.000;219.1;0.000;50;0;0;0.000;0.000;0.000;0;0;0;49.99;49.99;49.99;5867;1000;0.0;0;0.0000;0;0;55531;55531;55531
60;2014-08-17 20:25:00;909402N262;0;55.531;37;233;233;234;232;0.000;49.99;223.1;0.000;183.8;0.000;195.3;0.000;50;0;0;0.000;0.000;0.000;0;0;0;49.99;49.99;49.99;5867;1000;0.0;0;0.0000;0;0;55531;55531;55531
60;2014-08-17 20:26:00;909402N262;0;55.531;37;233;233;234;232;0.000;49.99;229.8;0.000;164.1;0.000;172.2;0.000;50;0;0;0.000;0.000;0.000;0;0;0;49.99;49.99;49.99;5867;1000;0.0;0;0.0000;0;0;55531;55531;55531
60;2014-08-17 20:27:00;909402N262;0;55.531;37;233;233;234;232;0.000;49.99;222.9;0.000;145.6;0.000;150.7;0.000;50;0;0;0.000;0.000;0.000;0;0;0;49.99;49.99;49.99;5867;1000;0.0;0;0.0000;0;0;55531;55531;55531
60;2014-08-17 20:28:00;909402N262;0;55.531;36;233;233;234;232;0.000;49.98;210.0;0.000;128.5;0.000;131.0;0.000;50;0;0;0.000;0.000;0.000;0;0;0;49.98;49.98;49.98;5867;1000;0.0;0;0.0000;0;0;55531;55531;55531
60;2014-08-17 20:29:00;909402N262;0;55.531;36;233;233;234;232;0.000;49.98;194.8;0.000;113.1;0.000;113.5;0.000;80;0;0;0.000;0.000;0.000;0;0;0;49.98;49.98;49.98;5867;1000;0.0;0;0.0000;0;0;55531;55531;55531
[wr_ende]
