20140831;180002;danfoss;My Plant;+0100
[wr_def_start]
909402N262;Inverter Type;Inverter Group;Hanzl
[wr_def_end]
[wr]
INTERVAL;TIMESTAMP;SERIAL;P_AC;E_DAY;T_WR;U_AC;U_AC_1;U_AC_2;U_AC_3;I_AC;F_AC;U_DC_1;I_DC_1;U_DC_2;I_DC_2;U_DC_3;I_DC_3;S;E_WR;M_WR;I_AC_1;I_AC_2;I_AC_3;P_AC_1;P_AC_2;P_AC_3;F_AC_1;F_AC_2;F_AC_3;R_DC;PC;PCS;PCS_LL;COS_PHI;COS_PHI_LL;S_COS_PHI;Current_Day_Energy;current_Day_Offset;ccEnergyOfDay_WithoutOffset
60;2014-08-31 17:01:00;909402N262;1382;18.791;45;236;236;237;237;2.077;50.03;541.7;1.178;596.6;0.604;747.1;0.528;60;0;0;2.024;2.117;2.091;446;470;465;50.03;50.03;50.03;6084;1000;0.0;0;0.0000;0;0;18791;18791;18791
60;2014-08-31 17:02:00;909402N262;1390;18.814;45;236;236;237;237;2.091;50.03;545.7;1.171;612.4;0.596;757.8;0.517;60;0;0;2.043;2.130;2.102;449;471;467;50.03;50.03;50.03;6084;1000;0.0;0;0.0000;0;0;18814;18814;18814
60;2014-08-31 17:03:00;909402N262;1381;18.837;45;236;236;236;237;2.082;50.03;545.6;1.166;611.9;0.594;757.4;0.512;60;0;0;2.033;2.121;2.092;447;468;464;50.03;50.03;50.03;6084;1000;0.0;0;0.0000;0;0;18837;18837;18837
60;2014-08-31 17:04:00;909402N262;1372;18.860;45;236;236;236;236;2.075;50.04;545.6;1.161;611.9;0.590;751.0;0.511;60;0;0;2.026;2.114;2.087;444;465;461;50.04;50.04;50.04;6084;1000;0.0;0;0.0000;0;0;18860;18860;18860
60;2014-08-31 17:05:00;909402N262;1367;18.883;45;236;236;236;236;2.067;50.02;545.8;1.158;612.3;0.586;748.1;0.510;60;0;0;2.016;2.113;2.074;442;465;458;50.02;50.02;50.02;6084;1000;0.0;0;0.0000;0;0;18883;18883;18883
60;2014-08-31 17:06:00;909402N262;1360;18.906;45;236;236;236;236;2.056;50.02;546.4;1.153;612.2;0.582;748.7;0.508;60;0;0;2.007;2.102;2.061;440;463;455;50.02;50.02;50.02;6084;1000;0.0;0;0.0000;0;0;18906;18906;18906
60;2014-08-31 17:07:00;909402N262;1358;18.928;45;236;236;236;236;2.056;50.02;547.1;1.150;613.1;0.579;750.3;0.507;60;0;0;2.009;2.098;2.063;439;461;455;50.02;50.02;50.02;6084;1000;0.0;0;0.0000;0;0;18928;18928;18928
60;2014-08-31 17:08:00;909402N262;1361;18.951;45;236;236;236;236;2.059;50.01;548.4;1.147;613.8;0.579;749.8;0.509;60;0;0;2.012;2.101;2.066;441;462;456;50.01;50.01;50.01;6084;1000;0.0;0;0.0000;0;0;18951;18951;18951
60;2014-08-31 17:09:00;909402N262;1361;18.974;45;236;236;236;236;2.060;50.01;550.0;1.142;614.7;0.578;750.3;0.511;60;0;0;2.010;2.106;2.064;440;463;456;50.01;50.01;50.01;6084;1000;0.0;0;0.0000;0;0;18974;18974;18974
60;2014-08-31 17:10:00;909402N262;1358;18.996;45;236;236;236;236;2.054;50.02;552.1;1.132;615.3;0.577;749.5;0.512;60;0;0;2.007;2.093;2.064;439;461;456;50.02;50.02;50.02;6084;1000;0.0;0;0.0000;0;0;18996;18996;18996
60;2014-08-31 17:11:00;909402N262;1352;19.019;45;236;236;236;236;2.045;50.01;554.1;1.120;615.4;0.575;749.5;0.510;60;0;0;1.998;2.089;2.048;437;460;453;50.01;50.01;50.01;6084;1000;0.0;0;0.0000;0;0;19019;19019;19019
60;2014-08-31 17:12:00;909402N262;1337;19.041;45;236;235;237;236;2.025;50.01;556.1;1.103;615.2;0.571;747.9;0.505;60;0;0;1.974;2.073;2.028;431;456;448;50.01;50.01;50.01;6084;1000;0.0;0;0.0000;0;0;19041;19041;19041
60;2014-08-31 17:13:00;909402N262;1322;19.063;45;236;236;236;236;2.005;50.01;550.6;1.103;615.2;0.566;748.0;0.499;60;0;0;1.962;2.043;2.010;428;449;443;50.01;50.01;50.01;6084;1000;0.0;0;0.0000;0;0;19063;19063;19063
60;2014-08-31 17:14:00;909402N262;1309;19.085;45;236;236;236;236;1.983;50.02;550.9;1.092;615.3;0.560;747.7;0.492;60;0;0;1.935;2.026;1.988;423;445;439;50.02;50.02;50.02;6084;1000;0.0;0;0.0000;0;0;19085;19085;19085
60;2014-08-31 17:15:00;909402N262;1303;19.106;45;236;236;236;236;1.976;50.01;543.4;1.104;615.1;0.559;747.7;0.489;60;0;0;1.932;2.017;1.979;422;443;436;50.01;50.01;50.01;6084;1000;0.0;0;0.0000;0;0;19106;19106;19106
60;2014-08-31 17:16:00;909402N262;1295;19.129;45;236;235;236;237;1.959;50.01;537.4;1.112;605.1;0.565;742.5;0.492;60;0;0;1.910;2.000;1.967;416;441;436;50.01;50.01;50.01;6084;1000;0.0;0;0.0000;0;0;19129;19129;19129
60;2014-08-31 17:17:00;909402N262;1320;19.150;45;236;233;236;237;2.003;50.01;541.2;1.123;615.1;0.567;752.1;0.490;60;0;0;1.938;2.049;2.024;420;451;447;50.01;50.01;50.01;6084;1000;0.0;0;0.0000;0;0;19150;19150;19150
60;2014-08-31 17:18:00;909402N262;1332;19.173;45;236;233;237;237;2.020;50.00;542.8;1.132;615.6;0.572;756.6;0.493;60;0;0;1.954;2.070;2.036;423;457;450;50.00;50.00;50.00;6084;1000;0.0;0;0.0000;0;0;19173;19173;19173
60;2014-08-31 17:19:00;909402N262;1347;19.195;45;235;233;237;236;2.037;49.99;544.1;1.140;616.3;0.577;761.7;0.495;60;0;0;1.965;2.093;2.054;427;463;455;49.99;49.99;49.99;6084;1000;0.0;0;0.0000;0;0;19195;19195;19195
60;2014-08-31 17:20:00;909402N262;1364;19.218;45;235;233;237;236;2.062;49.99;545.3;1.151;616.6;0.582;766.1;0.499;60;0;0;1.998;2.123;2.066;434;470;457;49.99;49.99;49.99;6084;1000;0.0;0;0.0000;0;0;19218;19218;19218
60;2014-08-31 17:21:00;909402N262;1381;19.241;45;235;233;237;236;2.083;50.00;546.5;1.164;616.7;0.589;769.4;0.504;60;0;0;2.021;2.138;2.092;441;475;464;50.00;50.00;50.00;6084;1000;0.0;0;0.0000;0;0;19241;19241;19241
60;2014-08-31 17:22:00;909402N262;1398;19.263;45;235;233;237;236;2.108;49.99;542.9;1.186;616.8;0.597;771.2;0.509;60;0;0;2.046;2.166;2.112;448;481;468;49.99;49.99;49.99;6084;1000;0.0;0;0.0000;0;0;19263;19263;19263
60;2014-08-31 17:23:00;909402N262;1415;19.287;45;236;235;237;236;2.126;50.00;527.0;1.238;616.7;0.605;773.5;0.514;60;0;0;2.072;2.177;2.129;456;484;473;50.00;50.00;50.00;6084;1000;0.0;0;0.0000;0;0;19287;19287;19287
60;2014-08-31 17:24:00;909402N262;1431;19.311;45;236;235;237;236;2.146;50.00;527.9;1.250;616.8;0.612;774.6;0.519;60;0;0;2.093;2.197;2.149;462;489;478;50.00;50.00;50.00;6084;1000;0.0;0;0.0000;0;0;19311;19311;19311
60;2014-08-31 17:25:00;909402N262;1444;19.335;45;236;235;237;236;2.167;49.99;528.5;1.261;617.5;0.617;772.9;0.524;60;0;0;2.111;2.219;2.172;465;494;483;49.99;49.99;49.99;6084;1000;0.0;0;0.0000;0;0;19335;19335;19335
60;2014-08-31 17:26:00;909402N262;1457;19.359;45;236;235;237;236;2.187;50.00;529.5;1.271;618.2;0.621;770.2;0.530;60;0;0;2.131;2.239;2.193;469;498;487;50.00;50.00;50.00;6084;1000;0.0;0;0.0000;0;0;19359;19359;19359
60;2014-08-31 17:27:00;909402N262;1467;19.384;45;236;234;237;236;2.203;49.99;530.4;1.280;619.1;0.624;768.9;0.534;60;0;0;2.144;2.257;2.209;472;502;491;49.99;49.99;49.99;6084;1000;0.0;0;0.0000;0;0;19384;19384;19384
60;2014-08-31 17:28:00;909402N262;1480;19.409;45;236;234;237;236;2.220;50.00;532.1;1.288;619.2;0.628;769.4;0.537;60;0;0;2.161;2.275;2.224;476;507;495;50.00;50.00;50.00;6084;1000;0.0;0;0.0000;0;0;19409;19409;19409
60;2014-08-31 17:29:00;909402N262;1491;19.433;45;236;234;237;236;2.235;50.00;534.0;1.294;618.8;0.632;769.7;0.539;60;0;0;2.183;2.283;2.241;481;509;499;50.00;50.00;50.00;6084;1000;0.0;0;0.0000;0;0;19433;19433;19433
60;2014-08-31 17:30:00;909402N262;1498;19.459;45;236;235;237;235;2.247;50.01;535.9;1.298;618.2;0.636;769.6;0.542;60;0;0;2.190;2.300;2.253;483;512;501;50.01;50.01;50.01;6084;1000;0.0;0;0.0000;0;0;19459;19459;19459
60;2014-08-31 17:31:00;909402N262;1498;19.483;45;236;236;236;236;2.233;49.99;534.1;1.304;602.9;0.648;770.4;0.544;60;0;0;2.186;2.271;2.243;486;508;502;49.99;49.99;49.99;6084;1000;0.0;0;0.0000;0;0;19483;19483;19483
60;2014-08-31 17:32:00;909402N262;1525;19.510;45;236;236;236;236;2.282;50.00;540.2;1.311;618.0;0.648;771.3;0.550;60;0;0;2.234;2.325;2.288;496;517;511;50.00;50.00;50.00;6084;1000;0.0;0;0.0000;0;0;19510;19510;19510
60;2014-08-31 17:33:00;909402N262;1553;19.535;45;236;236;236;236;2.322;49.99;543.4;1.326;618.5;0.659;767.9;0.563;60;0;0;2.270;2.362;2.335;503;526;521;49.99;49.99;49.99;6084;1000;0.0;0;0.0000;0;0;19535;19535;19535
60;2014-08-31 17:34:00;909402N262;1594;19.562;45;236;236;236;236;2.384;50.00;548.0;1.349;618.8;0.678;758.7;0.586;60;0;0;2.332;2.433;2.387;517;542;533;50.00;50.00;50.00;6084;1000;0.0;0;0.0000;0;0;19562;19562;19562
60;2014-08-31 17:35:00;909402N262;1672;19.589;45;236;236;236;236;2.490;49.99;514.8;1.519;619.5;0.709;758.9;0.611;60;0;0;2.439;2.531;2.501;543;566;560;49.99;49.99;49.99;6084;1000;0.0;0;0.0000;0;0;19589;19589;19589
60;2014-08-31 17:36:00;909402N262;1762;19.618;45;236;236;236;236;2.613;49.99;507.6;1.636;620.5;0.744;764.6;0.632;60;0;0;2.554;2.660;2.627;571;598;591;49.99;49.99;49.99;6084;1000;0.0;0;0.0000;0;0;19618;19618;19618
60;2014-08-31 17:37:00;909402N262;1829;19.650;45;236;236;236;236;2.703;49.99;508.1;1.706;621.8;0.771;773.8;0.643;60;0;0;2.645;2.758;2.708;594;622;612;49.98;49.98;49.98;6084;1000;0.0;0;0.0000;0;0;19650;19650;19650
60;2014-08-31 17:38:00;909402N262;1875;19.680;45;236;236;236;236;2.761;49.98;508.5;1.754;621.9;0.789;776.6;0.652;60;0;0;2.701;2.825;2.759;608;639;625;49.98;49.98;49.98;6084;1000;0.0;0;0.0000;0;0;19680;19680;19680
60;2014-08-31 17:39:00;909402N262;1961;19.714;45;236;236;236;236;2.874;49.99;508.4;1.853;621.9;0.828;779.1;0.666;60;0;0;2.827;2.928;2.867;641;666;653;49.99;49.99;49.99;6084;1000;0.0;0;0.0000;0;0;19714;19714;19714
60;2014-08-31 17:40:00;909402N262;1922;19.745;45;236;236;236;236;2.824;50.00;508.6;1.805;621.2;0.810;772.3;0.667;60;0;0;2.777;2.880;2.815;628;654;638;50.00;50.00;50.00;6084;1000;0.0;0;0.0000;0;0;19745;19745;19745
60;2014-08-31 17:41:00;909402N262;1965;19.779;45;236;237;236;236;2.878;50.00;508.8;1.859;621.3;0.831;779.4;0.665;60;0;0;2.831;2.931;2.872;643;667;653;50.00;50.00;50.00;6084;1000;0.0;0;0.0000;0;0;19779;19779;19779
60;2014-08-31 17:42:00;909402N262;2083;19.814;45;236;235;237;237;3.036;50.01;508.9;2.000;622.1;0.884;773.6;0.689;60;0;0;2.971;3.085;3.053;676;707;699;50.01;50.01;50.01;6084;1000;0.0;0;0.0000;0;0;19814;19814;19814
60;2014-08-31 17:43:00;909402N262;2120;19.849;45;236;235;237;237;3.088;50.01;508.9;2.042;622.1;0.902;764.3;0.705;60;0;0;3.014;3.134;3.116;685;719;716;50.01;50.01;50.01;6084;1000;0.0;0;0.0000;0;0;19849;19849;19849
60;2014-08-31 17:44:00;909402N262;2280;19.886;45;236;235;237;237;3.307;50.00;509.3;2.232;623.4;0.974;762.6;0.728;60;0;0;3.223;3.358;3.342;735;772;770;50.00;50.00;50.00;6084;1000;0.0;0;0.0000;0;0;19886;19886;19886
60;2014-08-31 17:45:00;909402N262;2363;19.926;45;236;235;237;237;3.426;49.99;509.4;2.331;623.5;1.013;762.7;0.741;60;0;0;3.345;3.480;3.455;763;801;797;49.99;49.99;49.99;6084;1000;0.0;0;0.0000;0;0;19926;19926;19926
60;2014-08-31 17:46:00;909402N262;2481;19.968;45;236;236;236;237;3.567;50.00;505.4;2.506;609.4;1.093;737.9;0.795;60;0;0;3.511;3.602;3.588;812;834;832;50.00;50.00;50.00;6084;1000;0.0;0;0.0000;0;0;19968;19968;19968
60;2014-08-31 17:47:00;909402N262;2544;20.011;45;236;236;236;237;3.596;49.99;508.5;2.518;624.6;1.085;631.0;0.976;60;0;0;3.537;3.638;3.613;833;856;853;49.99;49.99;49.99;6084;1000;0.0;0;0.0000;0;0;20011;20011;20011
60;2014-08-31 17:48:00;909402N262;2616;20.054;45;236;236;236;237;3.698;50.00;508.5;2.621;624.4;1.124;623.1;0.986;60;0;0;3.639;3.744;3.711;856;882;876;50.00;50.00;50.00;6084;1000;0.0;0;0.0000;0;0;20054;20054;20054
60;2014-08-31 17:49:00;909402N262;2588;20.097;45;236;236;236;237;3.661;49.99;507.6;2.592;623.4;1.111;587.1;1.039;60;0;0;3.598;3.706;3.679;847;871;868;49.99;49.99;49.99;6084;1000;0.0;0;0.0000;0;0;20097;20097;20097
60;2014-08-31 17:50:00;909402N262;2318;20.136;45;236;236;236;237;3.276;50.00;507.4;2.289;620.9;0.998;584.9;0.965;60;0;0;3.216;3.318;3.296;757;781;778;50.00;50.00;50.00;6084;1000;0.0;0;0.0000;0;0;20136;20136;20136
60;2014-08-31 17:51:00;909402N262;2617;20.179;45;236;236;236;237;3.698;50.00;508.7;2.647;623.1;1.128;548.8;1.100;60;0;0;3.638;3.737;3.719;857;880;878;50.00;50.00;50.00;6084;1000;0.0;0;0.0000;0;0;20179;20179;20179
60;2014-08-31 17:52:00;909402N262;2961;20.229;45;236;236;236;236;4.189;49.99;514.6;2.961;624.7;1.261;473.5;1.478;60;0;0;4.130;4.226;4.212;971;995;993;49.99;49.99;49.99;6084;1000;0.0;0;0.0000;0;0;20229;20229;20229
60;2014-08-31 17:53:00;909402N262;3252;20.283;45;236;236;236;236;4.601;49.99;515.6;3.197;625.5;1.369;430.3;1.858;60;0;0;4.539;4.641;4.624;1066;1093;1091;49.99;49.99;49.99;6084;1000;0.0;0;0.0000;0;0;20283;20283;20283
60;2014-08-31 17:54:00;909402N262;3171;20.336;45;236;234;237;237;4.491;49.99;497.9;3.228;624.4;1.337;429.6;1.813;60;0;0;4.396;4.551;4.528;1026;1074;1070;49.99;49.99;49.99;6084;1000;0.0;0;0.0000;0;0;20336;20336;20336
60;2014-08-31 17:55:00;909402N262;3181;20.389;45;236;234;236;237;4.505;49.99;497.3;3.243;623.7;1.340;433.7;1.806;60;0;0;4.413;4.553;4.550;1030;1072;1076;49.99;49.99;49.99;6084;1000;0.0;0;0.0000;0;0;20389;20389;20389
60;2014-08-31 17:56:00;909402N262;3365;20.445;45;236;235;236;237;4.758;50.00;496.9;3.438;623.7;1.411;432.1;1.923;60;0;0;4.668;4.798;4.809;1092;1132;1140;50.00;50.00;50.00;6084;1000;0.0;0;0.0000;0;0;20445;20445;20445
60;2014-08-31 17:57:00;909402N262;3235;20.499;45;236;235;236;238;4.572;50.02;495.5;3.310;622.4;1.358;434.4;1.844;60;0;0;4.489;4.613;4.616;1051;1088;1094;50.02;50.02;50.02;6084;1000;0.0;0;0.0000;0;0;20499;20499;20499
60;2014-08-31 17:58:00;909402N262;2900;20.547;45;235;234;235;236;4.118;50.03;494.4;2.970;619.8;1.223;435.8;1.644;60;0;0;4.048;4.156;4.152;945;975;979;50.03;50.03;50.03;6084;1000;0.0;0;0.0000;0;0;20547;20547;20547
60;2014-08-31 17:59:00;909402N262;3168;20.600;45;234;233;234;235;4.519;50.03;496.9;3.229;620.8;1.329;441.3;1.786;60;0;0;4.446;4.567;4.546;1032;1069;1065;50.03;50.03;50.03;6084;1000;0.0;0;0.0000;0;0;20600;20600;20600
60;2014-08-31 18:00:00;909402N262;3140;20.652;45;234;233;235;234;4.482;50.05;500.3;3.177;620.2;1.315;440.2;1.778;60;0;0;4.403;4.535;4.509;1022;1061;1055;50.05;50.05;50.05;6084;1000;0.0;0;0.0000;0;0;20652;20652;20652
[wr_ende]
