20150116;110004;danfoss;My Plant;+0100
[wr_def_start]
909402N262;Inverter Type;Inverter Group;Hanzl
[wr_def_end]
[wr]
INTERVAL;TIMESTAMP;SERIAL;P_AC;E_DAY;T_WR;U_AC;U_AC_1;U_AC_2;U_AC_3;I_AC;F_AC;U_DC_1;I_DC_1;U_DC_2;I_DC_2;U_DC_3;I_DC_3;S;E_WR;M_WR;I_AC_1;I_AC_2;I_AC_3;P_AC_1;P_AC_2;P_AC_3;F_AC_1;F_AC_2;F_AC_3;R_DC;PC;PCS;PCS_LL;COS_PHI;COS_PHI_LL;S_COS_PHI;Current_Day_Energy;current_Day_Offset;ccEnergyOfDay_WithoutOffset
60;2015-01-16 10:01:00;909402N262;1798;1.412;32;234;233;234;235;2.771;49.99;471.5;2.782;656.9;0.375;711.6;0.536;60;0;0;2.697;2.813;2.803;578;609;608;49.99;49.99;49.99;7716;1000;0.0;0;1.0000;0;2;1412;1412;1412
60;2015-01-16 10:02:00;909402N262;2047;1.447;32;234;232;234;236;3.063;49.99;471.8;2.832;256.0;1.136;317.6;1.492;60;0;0;2.990;3.098;3.102;659;690;696;49.99;49.99;49.99;7716;1000;0.0;0;1.0000;0;2;1447;1447;1447
60;2015-01-16 10:03:00;909402N262;2135;1.482;32;234;232;234;236;3.181;49.99;471.2;2.859;255.6;1.245;350.7;1.492;60;0;0;3.102;3.212;3.231;687;717;729;49.99;49.99;49.99;7716;1000;0.0;0;1.0000;0;2;1482;1482;1482
60;2015-01-16 10:04:00;909402N262;2213;1.519;32;234;232;234;237;3.287;49.99;470.7;2.896;252.1;1.304;376.9;1.528;60;0;0;3.201;3.322;3.340;709;744;758;49.99;49.99;49.99;7716;1000;0.0;0;1.0000;0;2;1519;1519;1519
60;2015-01-16 10:05:00;909402N262;2250;1.556;33;234;232;234;237;3.335;50.00;470.4;2.923;250.9;1.234;412.7;1.506;60;0;0;3.247;3.372;3.387;720;758;769;50.00;50.00;50.00;7716;1000;0.0;0;1.0000;0;2;1556;1556;1556
60;2015-01-16 10:06:00;909402N262;2309;1.595;33;235;234;233;237;3.412;49.99;485.1;2.899;251.3;1.128;445.3;1.514;60;0;0;3.351;3.429;3.456;752;769;786;49.99;49.99;49.99;7716;1000;0.0;0;1.0000;0;2;1595;1595;1595
60;2015-01-16 10:07:00;909402N262;2372;1.634;33;234;233;232;236;3.506;50.00;495.3;2.927;250.8;1.011;467.6;1.542;60;0;0;3.440;3.519;3.560;770;789;810;50.00;50.00;50.00;7716;1000;0.0;0;1.0000;0;2;1634;1634;1634
60;2015-01-16 10:08:00;909402N262;2403;1.674;33;232;231;230;234;3.573;50.02;492.2;2.997;250.8;0.900;489.6;1.542;60;0;0;3.518;3.581;3.621;785;798;818;50.02;50.02;50.02;7716;1000;0.0;0;1.0000;0;2;1674;1674;1674
60;2015-01-16 10:09:00;909402N262;2419;1.716;33;232;231;230;234;3.593;50.00;491.7;3.039;250.9;0.784;540.0;1.445;60;0;0;3.541;3.601;3.639;791;803;823;50.00;50.00;50.00;7716;1000;0.0;0;1.0000;0;2;1716;1716;1716
60;2015-01-16 10:10:00;909402N262;2447;1.755;33;232;231;231;234;3.631;50.01;491.4;3.074;252.9;0.672;564.0;1.448;60;0;0;3.565;3.651;3.679;795;818;832;50.01;50.01;50.01;7716;1000;0.0;0;1.0000;0;2;1755;1755;1755
60;2015-01-16 10:11:00;909402N262;2461;1.796;33;232;231;231;234;3.648;50.02;491.5;3.108;268.0;0.540;575.5;1.457;60;0;0;3.586;3.663;3.695;802;821;837;50.02;50.02;50.02;7716;1000;0.0;0;1.0000;0;2;1796;1796;1796
60;2015-01-16 10:12:00;909402N262;2530;1.839;33;232;230;231;234;3.747;50.02;491.7;3.135;587.5;0.349;573.5;1.468;60;0;0;3.669;3.768;3.804;817;846;864;50.02;50.02;50.02;7716;1000;0.0;0;1.0000;0;2;1839;1839;1839
60;2015-01-16 10:13:00;909402N262;2572;1.882;33;232;230;232;234;3.801;50.02;491.3;3.168;715.1;0.298;568.9;1.484;60;0;0;3.724;3.825;3.856;832;861;877;50.02;50.02;50.02;7716;1000;0.0;0;1.0000;0;2;1882;1882;1882
60;2015-01-16 10:14:00;909402N262;2591;1.925;33;232;231;232;235;3.824;50.02;491.2;3.200;714.9;0.299;562.7;1.508;60;0;0;3.744;3.844;3.886;838;866;886;50.02;50.02;50.02;7716;1000;0.0;0;1.0000;0;2;1925;1925;1925
60;2015-01-16 10:15:00;909402N262;2636;1.969;33;232;231;231;235;3.887;50.01;501.1;3.200;714.8;0.300;554.7;1.554;60;0;0;3.816;3.898;3.948;857;877;900;50.01;50.01;50.01;7716;1000;0.0;0;1.0000;0;2;1969;1969;1969
60;2015-01-16 10:16:00;909402N262;2667;2.012;33;232;231;231;234;3.911;49.99;499.3;3.245;695.8;0.321;549.3;1.590;60;0;0;3.848;3.910;3.977;867;885;909;49.99;49.99;49.99;7716;1000;0.0;0;1.0000;0;2;2012;2012;2012
60;2015-01-16 10:17:00;909402N262;2682;2.058;34;232;231;232;234;3.950;50.01;502.3;3.262;714.8;0.302;549.5;1.589;60;0;0;3.879;3.974;3.998;871;897;911;50.01;50.01;50.01;7716;1000;0.0;0;1.0000;0;2;2058;2058;2058
60;2015-01-16 10:18:00;909402N262;2679;2.102;34;232;230;232;234;3.949;50.01;502.0;3.285;714.9;0.302;548.9;1.564;60;0;0;3.868;3.979;4.001;866;899;912;50.01;50.01;50.01;7716;1000;0.0;0;1.0000;0;2;2102;2102;2102
60;2015-01-16 10:19:00;909402N262;2667;2.147;34;232;231;232;234;3.932;50.01;501.7;3.312;714.9;0.303;533.5;1.563;60;0;0;3.857;3.969;3.971;865;898;903;50.01;50.01;50.01;7716;1000;0.0;0;1.0000;0;2;2147;2147;2147
60;2015-01-16 10:20:00;909402N262;2666;2.191;34;232;232;232;233;3.933;50.01;501.0;3.340;714.6;0.304;511.4;1.607;60;0;0;3.875;3.956;3.968;872;892;901;50.01;50.01;50.01;7716;1000;0.0;0;1.0000;0;2;2191;2191;2191
60;2015-01-16 10:21:00;909402N262;2673;2.236;34;232;232;232;233;3.939;50.00;500.3;3.365;710.7;0.305;506.3;1.619;60;0;0;3.878;3.972;3.969;873;897;900;50.00;50.00;50.00;7716;1000;0.0;0;1.0000;0;2;2236;2236;2236
60;2015-01-16 10:22:00;909402N262;2663;2.280;34;232;231;232;233;3.927;50.00;501.6;3.373;712.5;0.306;499.9;1.600;60;0;0;3.856;3.968;3.958;866;897;897;50.00;50.00;50.00;7716;1000;0.0;0;1.0000;0;2;2280;2280;2280
60;2015-01-16 10:23:00;909402N262;2689;2.325;34;232;230;232;233;3.967;50.01;514.6;3.368;713.0;0.308;487.7;1.604;60;0;0;3.881;4.010;4.011;868;906;912;50.01;50.01;50.01;7716;1000;0.0;0;1.0000;0;2;2325;2325;2325
60;2015-01-16 10:24:00;909402N262;2695;2.369;34;232;230;232;234;3.974;50.01;510.7;3.424;712.3;0.310;450.9;1.717;60;0;0;3.888;4.010;4.026;870;906;917;50.01;50.01;50.01;7716;1000;0.0;0;1.0000;0;2;2369;2369;2369
60;2015-01-16 10:25:00;909402N262;2683;2.415;34;232;230;231;233;3.961;49.99;510.6;3.451;702.5;0.314;457.4;1.636;60;0;0;3.882;3.997;4.004;869;902;910;49.99;49.99;49.99;7716;1000;0.0;0;1.0000;0;2;2415;2415;2415
60;2015-01-16 10:26:00;909402N262;2690;2.460;34;232;231;231;233;3.970;49.99;514.4;3.467;697.0;0.315;419.1;1.759;60;0;0;3.899;3.999;4.013;875;901;912;49.99;49.99;49.99;7716;1000;0.0;0;1.0000;0;2;2460;2460;2460
60;2015-01-16 10:27:00;909402N262;2730;2.505;34;232;230;232;233;4.026;49.99;522.4;3.512;688.1;0.318;412.6;1.763;60;0;0;3.943;4.074;4.061;884;921;923;49.99;49.99;49.99;7716;1000;0.0;0;1.0000;0;2;2505;2505;2505
60;2015-01-16 10:28:00;909402N262;2726;2.551;34;232;230;232;233;4.020;50.00;520.1;3.547;667.5;0.328;409.8;1.742;60;0;0;3.940;4.060;4.061;883;918;923;50.00;50.00;50.00;7716;1000;0.0;0;1.0000;0;2;2551;2551;2551
60;2015-01-16 10:29:00;909402N262;2727;2.596;34;232;231;231;233;4.021;50.00;519.7;3.570;667.5;0.330;398.5;1.764;60;0;0;3.950;4.054;4.061;887;915;923;50.00;50.00;50.00;7716;1000;0.0;0;1.0000;0;2;2596;2596;2596
60;2015-01-16 10:30:00;909402N262;2741;2.642;35;232;231;231;233;4.039;50.00;519.1;3.599;666.1;0.330;402.9;1.747;60;0;0;3.982;4.067;4.069;897;918;923;50.00;50.00;50.00;7716;1000;0.0;0;1.0000;0;2;2642;2642;2642
60;2015-01-16 10:31:00;909402N262;2701;2.688;35;232;231;232;233;3.991;50.00;514.4;3.610;656.2;0.334;403.8;1.695;60;0;0;3.916;4.038;4.021;879;907;912;50.00;50.00;50.00;7716;1000;0.0;0;1.0000;0;2;2688;2688;2688
60;2015-01-16 10:32:00;909402N262;2737;2.732;35;232;230;232;233;4.035;50.00;517.6;3.649;718.3;0.308;406.1;1.664;60;0;0;3.953;4.081;4.073;886;923;926;50.00;50.00;50.00;7716;1000;0.0;0;1.0000;0;2;2732;2732;2732
60;2015-01-16 10:33:00;909402N262;2749;2.779;35;232;231;231;233;4.052;50.00;516.8;3.682;718.1;0.310;375.6;1.795;60;0;0;3.977;4.085;4.096;894;922;931;50.00;50.00;50.00;7716;1000;0.0;0;1.0000;0;2;2779;2779;2779
60;2015-01-16 10:34:00;909402N262;2757;2.824;35;231;230;231;233;4.065;49.99;516.2;3.717;717.7;0.312;365.6;1.823;60;0;0;3.990;4.094;4.111;896;923;936;49.99;49.99;49.99;7716;1000;0.0;0;1.0000;0;2;2824;2824;2824
60;2015-01-16 10:35:00;909402N262;2762;2.871;35;231;229;231;233;4.078;50.00;515.5;3.744;717.8;0.312;365.9;1.804;60;0;0;3.984;4.121;4.129;890;931;940;50.00;50.00;50.00;7716;1000;0.0;0;1.0000;0;2;2871;2871;2871
60;2015-01-16 10:36:00;909402N262;2758;2.917;35;232;230;232;234;4.063;50.01;515.1;3.756;717.6;0.313;339.9;1.918;60;0;0;3.973;4.099;4.118;889;927;940;50.01;50.01;50.01;7716;1000;0.0;0;1.0000;0;2;2917;2917;2917
60;2015-01-16 10:37:00;909402N262;2774;2.964;35;234;231;234;236;4.057;50.01;514.9;3.785;718.0;0.314;341.6;1.910;60;0;0;3.965;4.095;4.113;894;933;945;50.01;50.01;50.01;7716;1000;0.0;0;1.0000;0;2;2964;2964;2964
60;2015-01-16 10:38:00;909402N262;2798;3.010;35;234;233;233;236;4.087;50.01;514.3;3.794;718.1;0.312;355.6;1.904;60;0;0;4.011;4.115;4.137;909;937;951;50.01;50.01;50.01;7716;1000;0.0;0;1.0000;0;2;3010;3010;3010
60;2015-01-16 10:39:00;909402N262;2855;3.058;35;234;233;234;236;4.162;50.00;527.3;3.799;719.7;0.311;348.7;1.959;60;0;0;4.083;4.189;4.215;926;956;971;50.00;50.00;50.00;7716;1000;0.0;0;1.0000;0;2;3058;3058;3058
60;2015-01-16 10:40:00;909402N262;2885;3.106;35;234;233;234;236;4.206;50.01;524.1;3.871;721.7;0.311;357.8;1.925;60;0;0;4.129;4.231;4.260;937;966;981;50.01;50.01;50.01;7716;1000;0.0;0;1.0000;0;2;3106;3106;3106
60;2015-01-16 10:41:00;909402N262;2924;3.155;35;234;233;233;236;4.259;50.02;523.7;3.895;721.5;0.313;362.7;1.969;60;0;0;4.184;4.277;4.316;951;976;994;50.02;50.02;50.02;7716;1000;0.0;0;1.0000;0;2;3155;3155;3155
60;2015-01-16 10:42:00;909402N262;2947;3.203;35;234;232;234;236;4.292;50.01;523.4;3.920;721.9;0.313;358.1;2.030;60;0;0;4.204;4.320;4.353;953;987;1004;50.01;50.01;50.01;7716;1000;0.0;0;1.0000;0;2;3203;3203;3203
60;2015-01-16 10:43:00;909402N262;2960;3.253;36;234;232;234;237;4.310;50.01;522.6;3.956;721.5;0.310;352.3;2.063;60;0;0;4.211;4.337;4.384;953;992;1014;50.01;50.01;50.01;7716;1000;0.0;0;1.0000;0;2;3253;3253;3253
60;2015-01-16 10:44:00;909402N262;2998;3.303;36;234;232;234;237;4.361;50.00;543.7;3.837;723.7;0.306;360.8;2.070;60;0;0;4.266;4.392;4.425;968;1005;1023;50.00;50.00;50.00;7716;1000;0.0;0;1.0000;0;2;3303;3303;3303
60;2015-01-16 10:45:00;909402N262;3025;3.354;36;234;232;233;236;4.404;50.01;541.2;3.885;721.6;0.310;362.0;2.091;60;0;0;4.319;4.429;4.466;980;1012;1031;50.01;50.01;50.01;7716;1000;0.0;0;1.0000;0;2;3354;3354;3354
60;2015-01-16 10:46:00;909402N262;3023;3.404;36;234;232;234;236;4.402;50.00;533.4;3.953;714.2;0.312;359.2;2.115;60;0;0;4.319;4.430;4.457;981;1013;1028;50.00;50.00;50.00;7716;1000;0.0;0;1.0000;0;2;3404;3404;3404
60;2015-01-16 10:47:00;909402N262;3079;3.455;36;234;232;233;236;4.477;50.01;536.9;3.974;722.0;0.312;367.6;2.120;60;0;0;4.394;4.504;4.534;999;1030;1048;50.01;50.01;50.01;7716;1000;0.0;0;1.0000;0;2;3455;3455;3455
60;2015-01-16 10:48:00;909402N262;3130;3.507;36;234;232;234;236;4.548;50.01;536.0;4.016;722.0;0.314;375.1;2.165;60;0;0;4.467;4.576;4.602;1016;1048;1064;50.01;50.01;50.01;7716;1000;0.0;0;1.0000;0;2;3507;3507;3507
60;2015-01-16 10:49:00;909402N262;3147;3.560;36;234;232;233;236;4.570;50.00;535.6;4.035;721.9;0.314;377.5;2.173;60;0;0;4.474;4.597;4.641;1017;1053;1075;50.00;50.00;50.00;7716;1000;0.0;0;1.0000;0;2;3560;3560;3560
60;2015-01-16 10:50:00;909402N262;3176;3.613;36;234;233;233;236;4.612;50.00;534.7;4.072;722.2;0.313;377.8;2.206;60;0;0;4.532;4.638;4.666;1033;1063;1078;50.00;50.00;50.00;7716;1000;0.0;0;1.0000;0;2;3613;3613;3613
60;2015-01-16 10:51:00;909402N262;3232;3.666;36;234;233;233;236;4.687;50.00;533.7;4.102;722.0;0.314;403.0;2.177;60;0;0;4.612;4.703;4.748;1054;1077;1098;50.00;50.00;50.00;7716;1000;0.0;0;1.0000;0;2;3666;3666;3666
60;2015-01-16 10:52:00;909402N262;3259;3.720;36;234;234;233;235;4.726;50.00;532.3;4.132;721.9;0.314;396.4;2.258;60;0;0;4.663;4.739;4.776;1068;1085;1104;50.00;50.00;50.00;7716;1000;0.0;0;1.0000;0;2;3720;3720;3720
60;2015-01-16 10:53:00;909402N262;3280;3.775;36;234;234;233;235;4.758;50.00;531.4;4.161;722.0;0.316;398.3;2.271;60;0;0;4.702;4.770;4.803;1078;1091;1109;50.00;50.00;50.00;7716;1000;0.0;0;1.0000;0;2;3775;3775;3775
60;2015-01-16 10:54:00;909402N262;3280;3.830;36;234;233;234;235;4.755;50.00;530.4;4.180;721.9;0.316;393.5;2.282;60;0;0;4.684;4.781;4.802;1071;1097;1110;50.00;50.00;50.00;7716;1000;0.0;0;1.0000;0;2;3830;3830;3830
60;2015-01-16 10:55:00;909402N262;3310;3.885;36;234;233;233;235;4.800;49.99;529.7;4.209;721.9;0.316;401.9;2.279;60;0;0;4.741;4.811;4.849;1085;1101;1121;49.99;49.99;49.99;7716;1000;0.0;0;1.0000;0;2;3885;3885;3885
60;2015-01-16 10:56:00;909402N262;3358;3.941;36;234;233;233;235;4.870;49.99;529.0;4.233;721.6;0.317;414.9;2.301;60;0;0;4.804;4.882;4.924;1099;1118;1139;49.99;49.99;49.99;7716;1000;0.0;0;1.0000;0;2;3941;3941;3941
60;2015-01-16 10:57:00;909402N262;3403;3.998;37;234;233;233;235;4.933;49.99;539.4;4.213;721.7;0.318;422.5;2.284;60;0;0;4.865;4.957;4.979;1112;1137;1152;49.99;49.99;49.99;7716;1000;0.0;0;1.0000;0;2;3998;3998;3998
60;2015-01-16 10:58:00;909402N262;3431;4.055;37;234;233;233;235;4.974;49.99;537.8;4.275;721.5;0.317;430.8;2.248;60;0;0;4.907;4.994;5.022;1122;1145;1163;49.99;49.99;49.99;7716;1000;0.0;0;1.0000;0;2;4055;4055;4055
60;2015-01-16 10:59:00;909402N262;3475;4.112;37;233;232;232;236;5.037;50.00;537.3;4.306;715.2;0.321;435.8;2.289;60;0;0;4.960;5.050;5.101;1134;1157;1182;50.00;50.00;50.00;7716;1000;0.0;0;1.0000;0;2;4112;4112;4112
60;2015-01-16 11:00:00;909402N262;3497;4.171;37;233;233;233;235;5.065;49.99;536.1;4.324;690.4;0.336;429.3;2.358;60;0;0;4.992;5.087;5.118;1143;1165;1186;49.99;49.99;49.99;7716;1000;0.0;0;1.0000;0;2;4171;4171;4171
[wr_ende]
