20140130;110001;danfoss;My Plant;+0100
[wr_def_start]
909402N262;Inverter Type;Inverter Group;Hanzl
[wr_def_end]
[wr]
INTERVAL;TIMESTAMP;SERIAL;P_AC;E_DAY;T_WR;U_AC;U_AC_1;U_AC_2;U_AC_3;I_AC;F_AC;U_DC_1;I_DC_1;U_DC_2;I_DC_2;U_DC_3;I_DC_3;S;E_WR;M_WR;I_AC_1;I_AC_2;I_AC_3;P_AC_1;P_AC_2;P_AC_3;F_AC_1;F_AC_2;F_AC_3;R_DC;PC;PCS;PCS_LL;COS_PHI;COS_PHI_LL;S_COS_PHI;Current_Day_Energy;current_Day_Offset;ccEnergyOfDay_WithoutOffset
60;2014-01-30 10:01:00;909402N262;71;0.351;22;234;236;234;234;0.280;49.99;254.0;0.101;554.6;0.046;641.3;0.039;60;0;0;0.357;0.339;0.144;16;47;10;49.99;49.99;49.99;19991;1000;0.0;0;0.0000;0;0;351;351;351
60;2014-01-30 10:02:00;909402N262;73;0.351;22;234;235;234;234;0.207;49.97;255.8;0.101;563.3;0.046;671.3;0.038;60;0;0;0.252;0.235;0.134;21;35;15;49.97;49.97;49.97;19991;1000;0.0;0;0.0000;0;0;351;351;351
60;2014-01-30 10:03:00;909402N262;73;0.354;22;235;235;234;235;0.258;49.98;257.4;0.101;566.4;0.046;659.8;0.039;60;0;0;0.285;0.261;0.228;21;37;14;49.98;49.98;49.98;19991;1000;0.0;0;0.0000;0;0;354;354;354
60;2014-01-30 10:04:00;909402N262;74;0.354;22;235;235;234;235;0.239;49.98;257.7;0.101;567.1;0.046;665.1;0.039;60;0;0;0.253;0.247;0.217;25;34;15;49.98;49.98;49.98;19991;1000;0.0;0;0.0000;0;0;354;354;354
60;2014-01-30 10:05:00;909402N262;75;0.355;22;235;235;234;235;0.276;50.00;257.1;0.104;554.4;0.048;663.4;0.040;60;0;0;0.317;0.292;0.221;23;40;13;50.00;50.00;50.00;19991;1000;0.0;0;0.0000;0;0;355;355;355
60;2014-01-30 10:06:00;909402N262;76;0.357;22;235;235;235;235;0.327;50.00;256.8;0.105;546.3;0.049;651.1;0.041;60;0;0;0.374;0.389;0.218;22;51;5;50.00;50.00;50.00;19991;1000;0.0;0;0.0000;0;0;357;357;357
60;2014-01-30 10:07:00;909402N262;74;0.358;22;235;235;234;235;0.284;50.01;256.6;0.103;569.0;0.046;655.6;0.040;60;0;0;0.318;0.311;0.224;23;41;10;50.01;50.01;50.01;19991;1000;0.0;0;0.0000;0;0;358;358;358
60;2014-01-30 10:08:00;909402N262;73;0.358;22;235;235;234;235;0.221;50.01;255.8;0.101;559.6;0.046;666.6;0.037;60;0;0;0.232;0.274;0.157;20;39;13;50.01;50.01;50.01;19991;1000;0.0;0;0.0000;0;0;358;358;358
60;2014-01-30 10:09:00;909402N262;70;0.360;22;235;235;235;235;0.292;50.01;254.9;0.101;551.4;0.046;653.9;0.037;60;0;0;0.356;0.369;0.151;17;50;4;50.01;50.01;50.01;19991;1000;0.0;0;0.0000;0;0;360;360;360
60;2014-01-30 10:10:00;909402N262;68;0.362;22;235;235;235;235;0.280;50.01;254.9;0.098;539.1;0.046;647.6;0.035;60;0;0;0.259;0.365;0.218;14;44;9;50.01;50.01;50.01;19991;1000;0.0;0;0.0000;0;0;362;362;362
60;2014-01-30 10:11:00;909402N262;66;0.362;22;233;233;233;233;0.209;50.02;254.8;0.097;530.7;0.046;646.5;0.034;60;0;0;0.252;0.203;0.172;29;27;13;50.02;50.02;50.02;19991;1000;0.0;0;0.0000;0;0;362;362;362
60;2014-01-30 10:12:00;909402N262;66;0.364;22;232;232;232;233;0.189;50.03;254.7;0.097;531.0;0.046;645.8;0.034;60;0;0;0.229;0.224;0.114;30;32;9;50.03;50.03;50.03;19991;1000;0.0;0;0.0000;0;0;364;364;364
60;2014-01-30 10:13:00;909402N262;69;0.365;22;232;232;232;232;0.205;50.02;254.7;0.099;540.5;0.046;645.2;0.035;60;0;0;0.435;0.077;0.105;54;8;10;50.02;50.02;50.02;19991;1000;0.0;0;0.0000;0;0;365;365;365
60;2014-01-30 10:14:00;909402N262;72;0.366;22;232;232;232;232;0.196;50.01;254.9;0.101;552.2;0.046;660.5;0.037;60;0;0;0.161;0.185;0.243;13;25;31;50.01;50.01;50.01;19991;1000;0.0;0;0.0000;0;0;366;366;366
60;2014-01-30 10:15:00;909402N262;72;0.367;22;232;233;232;232;0.205;50.02;254.8;0.101;553.6;0.046;661.9;0.036;60;0;0;0.203;0.263;0.150;18;37;15;50.02;50.02;50.02;19991;1000;0.0;0;0.0000;0;0;367;367;367
60;2014-01-30 10:16:00;909402N262;70;0.369;22;232;233;232;232;0.266;50.02;257.8;0.100;542.6;0.046;647.1;0.037;60;0;0;0.302;0.325;0.173;18;44;9;50.02;50.02;50.02;19991;1000;0.0;0;0.0000;0;0;369;369;369
60;2014-01-30 10:17:00;909402N262;72;0.369;22;232;233;232;232;0.200;50.02;254.9;0.102;554.8;0.046;665.0;0.037;60;0;0;0.209;0.245;0.148;20;34;16;50.02;50.02;50.02;19991;1000;0.0;0;0.0000;0;0;369;369;369
60;2014-01-30 10:18:00;909402N262;75;0.371;22;232;233;232;232;0.189;50.01;254.9;0.105;564.5;0.046;671.9;0.039;60;0;0;0.209;0.217;0.142;22;32;19;50.01;50.01;50.01;19991;1000;0.0;0;0.0000;0;0;371;371;371
60;2014-01-30 10:19:00;909402N262;77;0.373;22;232;233;232;232;0.236;50.00;254.9;0.108;560.3;0.047;658.3;0.041;60;0;0;0.253;0.291;0.165;20;39;16;50.00;50.00;50.00;19991;1000;0.0;0;0.0000;0;0;373;373;373
60;2014-01-30 10:20:00;909402N262;82;0.373;22;232;232;232;232;0.173;50.01;257.1;0.113;549.9;0.053;683.5;0.042;60;0;0;0.164;0.200;0.157;25;31;25;50.01;50.01;50.01;19991;1000;0.0;0;0.0000;0;0;373;373;373
60;2014-01-30 10:21:00;909402N262;88;0.376;22;232;231;232;232;0.199;50.01;258.5;0.119;558.8;0.055;677.3;0.045;60;0;0;0.200;0.234;0.164;29;34;23;50.01;50.01;50.01;19991;1000;0.0;0;0.0000;0;0;376;376;376
60;2014-01-30 10:22:00;909402N262;98;0.376;23;232;231;232;232;0.209;50.01;260.1;0.129;569.8;0.060;688.5;0.049;60;0;0;0.202;0.246;0.179;31;38;26;50.01;50.01;50.01;19991;1000;0.0;0;0.0000;0;0;376;376;376
60;2014-01-30 10:23:00;909402N262;113;0.379;23;232;231;232;232;0.212;50.02;262.5;0.143;574.8;0.068;698.9;0.057;60;0;0;0.216;0.222;0.199;37;38;35;50.02;50.02;50.02;19991;1000;0.0;0;0.0000;0;0;379;379;379
60;2014-01-30 10:24:00;909402N262;128;0.382;23;232;232;232;232;0.227;50.02;264.8;0.158;582.1;0.076;705.8;0.065;60;0;0;0.232;0.229;0.222;43;42;42;50.02;50.02;50.02;19991;1000;0.0;0;0.0000;0;0;382;382;382
60;2014-01-30 10:25:00;909402N262;143;0.383;23;232;232;232;232;0.247;50.02;266.4;0.170;585.9;0.083;715.6;0.073;60;0;0;0.236;0.260;0.247;44;49;47;50.02;50.02;50.02;19991;1000;0.0;0;0.0000;0;0;383;383;383
60;2014-01-30 10:26:00;909402N262;156;0.386;23;232;232;231;232;0.278;50.03;267.5;0.184;591.5;0.090;717.4;0.082;60;0;0;0.279;0.304;0.253;51;56;48;50.03;50.03;50.03;19991;1000;0.0;0;0.0000;0;0;386;386;386
60;2014-01-30 10:27:00;909402N262;168;0.389;23;232;232;232;231;0.302;50.03;268.7;0.194;598.3;0.097;719.7;0.087;60;0;0;0.287;0.340;0.280;53;61;52;50.03;50.03;50.02;19991;1000;0.0;0;0.0000;0;0;389;389;389
60;2014-01-30 10:28:00;909402N262;177;0.392;23;232;232;232;231;0.315;50.02;269.1;0.203;597.2;0.102;729.7;0.091;60;0;0;0.287;0.372;0.286;53;68;54;50.02;50.02;50.02;19991;1000;0.0;0;0.0000;0;0;392;392;392
60;2014-01-30 10:29:00;909402N262;186;0.395;23;232;232;232;231;0.335;50.03;269.7;0.209;604.7;0.105;725.6;0.097;60;0;0;0.314;0.385;0.306;57;69;57;50.03;50.03;50.03;19991;1000;0.0;0;0.0000;0;0;395;395;395
60;2014-01-30 10:30:00;909402N262;191;0.398;23;232;232;231;231;0.351;50.02;270.0;0.215;602.9;0.109;729.5;0.101;60;0;0;0.304;0.420;0.331;55;74;60;50.02;50.02;50.02;19991;1000;0.0;0;0.0000;0;0;398;398;398
60;2014-01-30 10:31:00;909402N262;194;0.402;23;232;232;231;231;0.356;50.00;270.9;0.216;584.2;0.113;733.7;0.101;60;0;0;0.311;0.433;0.325;57;76;59;50.00;50.00;50.00;19991;1000;0.0;0;0.0000;0;0;402;402;402
60;2014-01-30 10:32:00;909402N262;192;0.405;23;232;232;231;231;0.352;50.00;269.8;0.215;600.1;0.110;730.5;0.100;60;0;0;0.319;0.434;0.304;57;77;55;50.00;50.00;50.00;19991;1000;0.0;0;0.0000;0;0;405;405;405
60;2014-01-30 10:33:00;909402N262;188;0.408;23;231;232;231;232;0.343;50.00;269.4;0.210;607.7;0.106;726.8;0.098;60;0;0;0.311;0.376;0.343;56;67;62;50.00;50.00;50.00;19991;1000;0.0;0;0.0000;0;0;408;408;408
60;2014-01-30 10:34:00;909402N262;183;0.411;23;231;231;231;231;0.339;50.00;269.1;0.207;602.4;0.105;723.8;0.097;60;0;0;0.311;0.404;0.303;56;70;56;50.00;50.00;50.00;19991;1000;0.0;0;0.0000;0;0;411;411;411
60;2014-01-30 10:35:00;909402N262;181;0.414;23;231;232;232;231;0.331;50.01;269.0;0.206;600.1;0.105;720.9;0.096;60;0;0;0.298;0.399;0.296;54;71;54;50.01;50.01;50.01;19991;1000;0.0;0;0.0000;0;0;414;414;414
60;2014-01-30 10:36:00;909402N262;186;0.418;23;231;232;232;231;0.338;50.01;269.4;0.210;605.5;0.105;726.5;0.097;60;0;0;0.293;0.399;0.322;53;71;60;50.01;50.01;50.01;19991;1000;0.0;0;0.0000;0;0;418;418;418
60;2014-01-30 10:37:00;909402N262;188;0.420;23;232;232;232;231;0.342;50.01;269.1;0.212;606.8;0.108;723.6;0.100;60;0;0;0.281;0.399;0.348;51;72;63;50.01;50.01;50.01;19991;1000;0.0;0;0.0000;0;0;420;420;420
60;2014-01-30 10:38:00;909402N262;187;0.423;23;232;232;232;232;0.343;50.02;269.2;0.211;607.8;0.106;725.0;0.099;60;0;0;0.290;0.401;0.339;52;71;62;50.02;50.02;50.02;19991;1000;0.0;0;0.0000;0;0;423;423;423
60;2014-01-30 10:39:00;909402N262;183;0.426;23;232;231;232;232;0.333;50.03;269.0;0.207;602.8;0.105;723.2;0.096;60;0;0;0.285;0.396;0.319;52;69;60;50.03;50.03;50.03;19991;1000;0.0;0;0.0000;0;0;426;426;426
60;2014-01-30 10:40:00;909402N262;173;0.429;23;232;231;232;232;0.310;50.03;268.4;0.198;596.1;0.101;725.1;0.089;60;0;0;0.296;0.359;0.275;54;65;52;50.03;50.03;50.03;19991;1000;0.0;0;0.0000;0;0;429;429;429
60;2014-01-30 10:41:00;909402N262;162;0.432;23;232;231;232;232;0.290;50.02;267.3;0.188;593.3;0.094;720.2;0.084;60;0;0;0.278;0.316;0.278;50;58;52;50.02;50.02;50.02;19991;1000;0.0;0;0.0000;0;0;432;432;432
60;2014-01-30 10:42:00;909402N262;156;0.435;23;232;231;232;232;0.275;50.03;266.5;0.183;588.0;0.092;720.9;0.082;60;0;0;0.264;0.311;0.251;48;58;48;50.03;50.03;50.03;19991;1000;0.0;0;0.0000;0;0;435;435;435
60;2014-01-30 10:43:00;909402N262;155;0.437;23;232;232;232;232;0.276;50.04;266.6;0.183;587.9;0.092;720.4;0.082;60;0;0;0.268;0.317;0.243;49;57;47;50.04;50.04;50.04;19991;1000;0.0;0;0.0000;0;0;437;437;437
60;2014-01-30 10:44:00;909402N262;161;0.439;23;232;231;232;232;0.280;50.04;267.3;0.188;589.0;0.093;723.5;0.083;60;0;0;0.265;0.306;0.270;50;57;51;50.04;50.04;50.04;19991;1000;0.0;0;0.0000;0;0;439;439;439
60;2014-01-30 10:45:00;909402N262;166;0.442;23;232;231;231;232;0.295;50.04;268.1;0.193;595.9;0.096;720.5;0.085;60;0;0;0.294;0.327;0.266;54;59;51;50.04;50.04;50.04;19991;1000;0.0;0;0.0000;0;0;442;442;442
60;2014-01-30 10:46:00;909402N262;166;0.445;23;232;232;232;232;0.301;50.02;268.6;0.195;576.2;0.097;720.1;0.088;60;0;0;0.303;0.343;0.259;54;62;48;50.02;50.02;50.02;19991;1000;0.0;0;0.0000;0;0;445;445;445
60;2014-01-30 10:47:00;909402N262;166;0.448;23;232;233;232;232;0.297;50.01;268.3;0.193;598.8;0.097;724.8;0.087;60;0;0;0.293;0.317;0.283;54;58;53;50.01;50.01;50.01;19991;1000;0.0;0;0.0000;0;0;448;448;448
60;2014-01-30 10:48:00;909402N262;164;0.451;23;232;232;232;232;0.295;50.00;267.7;0.191;593.5;0.096;716.7;0.087;60;0;0;0.293;0.313;0.281;54;57;52;50.00;50.00;50.00;19991;1000;0.0;0;0.0000;0;0;451;451;451
60;2014-01-30 10:49:00;909402N262;162;0.454;23;232;232;232;232;0.295;50.01;267.4;0.189;590.9;0.094;710.9;0.086;60;0;0;0.297;0.318;0.270;53;57;49;50.01;50.01;50.01;19991;1000;0.0;0;0.0000;0;0;454;454;454
60;2014-01-30 10:50:00;909402N262;164;0.456;23;232;232;232;232;0.294;50.00;268.1;0.191;592.9;0.095;717.7;0.086;60;0;0;0.291;0.320;0.273;53;58;51;50.00;50.00;50.00;19991;1000;0.0;0;0.0000;0;0;456;456;456
60;2014-01-30 10:51:00;909402N262;172;0.459;23;233;232;233;233;0.304;50.01;268.9;0.197;595.7;0.099;733.5;0.089;60;0;0;0.299;0.330;0.283;55;60;54;50.01;50.01;50.01;19991;1000;0.0;0;0.0000;0;0;459;459;459
60;2014-01-30 10:52:00;909402N262;178;0.462;23;233;232;233;233;0.314;50.02;268.8;0.203;594.7;0.104;739.5;0.092;60;0;0;0.292;0.351;0.301;54;65;57;50.02;50.02;50.02;19991;1000;0.0;0;0.0000;0;0;462;462;462
60;2014-01-30 10:53:00;909402N262;183;0.465;23;233;232;233;233;0.334;50.02;269.4;0.207;603.0;0.105;726.1;0.097;60;0;0;0.295;0.393;0.314;53;69;59;50.02;50.02;50.02;19991;1000;0.0;0;0.0000;0;0;465;465;465
60;2014-01-30 10:54:00;909402N262;189;0.469;23;233;232;233;233;0.345;50.03;269.7;0.211;603.6;0.108;726.0;0.100;60;0;0;0.303;0.409;0.324;54;73;60;50.03;50.03;50.03;19991;1000;0.0;0;0.0000;0;0;469;469;469
60;2014-01-30 10:55:00;909402N262;196;0.472;23;233;233;233;233;0.356;50.03;270.4;0.216;599.7;0.113;736.7;0.102;60;0;0;0.326;0.431;0.312;58;77;59;50.03;50.03;50.03;19991;1000;0.0;0;0.0000;0;0;472;472;472
60;2014-01-30 10:56:00;909402N262;200;0.474;23;233;232;233;234;0.369;50.03;270.8;0.220;603.5;0.114;728.8;0.105;60;0;0;0.317;0.442;0.348;55;78;64;50.03;50.03;50.03;19991;1000;0.0;0;0.0000;0;0;474;474;474
60;2014-01-30 10:57:00;909402N262;196;0.477;23;233;232;233;234;0.361;50.03;270.5;0.217;600.1;0.113;736.6;0.102;60;0;0;0.322;0.427;0.334;58;76;61;50.03;50.03;50.03;19991;1000;0.0;0;0.0000;0;0;477;477;477
60;2014-01-30 10:58:00;909402N262;189;0.481;23;233;232;233;233;0.344;50.03;269.9;0.209;602.3;0.108;730.6;0.100;60;0;0;0.321;0.405;0.308;58;72;56;50.03;50.03;50.03;19991;1000;0.0;0;0.0000;0;0;481;481;481
60;2014-01-30 10:59:00;909402N262;181;0.484;23;233;232;233;233;0.323;50.03;269.2;0.202;598.3;0.105;734.7;0.095;60;0;0;0.305;0.374;0.291;56;67;55;50.03;50.03;50.03;19991;1000;0.0;0;0.0000;0;0;484;484;484
60;2014-01-30 11:00:00;909402N262;175;0.487;24;233;232;233;233;0.306;50.02;268.7;0.195;594.2;0.102;740.9;0.091;60;0;0;0.289;0.327;0.304;55;62;58;50.02;50.02;50.02;19991;1000;0.0;0;0.0000;0;0;487;487;487
[wr_ende]
