20140420;160004;danfoss;My Plant;+0100
[wr_def_start]
909402N262;Inverter Type;Inverter Group;Hanzl
[wr_def_end]
[wr]
INTERVAL;TIMESTAMP;SERIAL;P_AC;E_DAY;T_WR;U_AC;U_AC_1;U_AC_2;U_AC_3;I_AC;F_AC;U_DC_1;I_DC_1;U_DC_2;I_DC_2;U_DC_3;I_DC_3;S;E_WR;M_WR;I_AC_1;I_AC_2;I_AC_3;P_AC_1;P_AC_2;P_AC_3;F_AC_1;F_AC_2;F_AC_3;R_DC;PC;PCS;PCS_LL;COS_PHI;COS_PHI_LL;S_COS_PHI;Current_Day_Energy;current_Day_Offset;ccEnergyOfDay_WithoutOffset
60;2014-04-20 15:01:00;909402N262;1335;17.329;41;236;236;236;236;1.992;50.00;552.4;0.959;627.5;0.603;783.4;0.566;60;0;0;1.949;2.035;1.992;435;454;445;50.00;50.00;50.00;7484;1000;0.0;0;0.0000;0;0;17329;17329;17329
60;2014-04-20 15:02:00;909402N262;1257;17.350;41;234;234;234;234;1.873;49.99;555.5;0.909;637.7;0.556;782.3;0.523;60;0;0;1.832;1.909;1.878;408;427;420;49.99;49.99;49.99;7484;1000;0.0;0;0.0000;0;0;17350;17350;17350
60;2014-04-20 15:03:00;909402N262;1192;17.369;41;234;234;234;234;1.796;50.00;563.3;0.862;636.7;0.522;779.9;0.495;60;0;0;1.766;1.832;1.791;389;405;396;50.00;50.00;50.00;7484;1000;0.0;0;0.0000;0;0;17369;17369;17369
60;2014-04-20 15:04:00;909402N262;1145;17.390;41;234;234;234;234;1.737;50.00;568.3;0.828;637.7;0.496;779.0;0.474;60;0;0;1.713;1.767;1.731;375;388;379;50.00;50.00;50.00;7484;1000;0.0;0;0.0000;0;0;17390;17390;17390
60;2014-04-20 15:05:00;909402N262;1098;17.408;41;234;233;234;234;1.675;49.98;566.5;0.800;636.8;0.473;778.2;0.455;60;0;0;1.653;1.706;1.668;359;373;364;49.98;49.98;49.98;7484;1000;0.0;0;0.0000;0;0;17408;17408;17408
60;2014-04-20 15:06:00;909402N262;1039;17.424;40;233;234;233;233;1.594;49.98;549.6;0.784;635.4;0.448;777.6;0.430;60;0;0;1.565;1.644;1.574;339;357;341;49.98;49.98;49.98;7484;1000;0.0;0;0.0000;0;0;17424;17424;17424
60;2014-04-20 15:07:00;909402N262;970;17.441;40;233;233;233;234;1.512;50.00;549.8;0.732;633.7;0.419;775.8;0.402;60;0;0;1.485;1.551;1.501;316;333;320;50.00;50.00;50.00;7484;1000;0.0;0;0.0000;0;0;17441;17441;17441
60;2014-04-20 15:08:00;909402N262;904;17.457;40;233;233;233;234;1.438;49.99;550.2;0.682;632.5;0.393;774.0;0.374;60;0;0;1.424;1.454;1.436;298;305;299;49.99;49.99;49.99;7484;1000;0.0;0;0.0000;0;0;17457;17457;17457
60;2014-04-20 15:09:00;909402N262;840;17.469;40;233;233;233;234;1.363;49.99;550.6;0.634;631.0;0.366;770.8;0.348;60;0;0;1.357;1.375;1.359;277;283;277;49.99;49.99;49.99;7484;1000;0.0;0;0.0000;0;0;17469;17469;17469
60;2014-04-20 15:10:00;909402N262;779;17.484;40;233;232;233;234;1.288;49.99;550.8;0.590;629.8;0.340;769.4;0.323;60;0;0;1.265;1.317;1.282;253;267;257;49.99;49.99;49.99;7484;1000;0.0;0;0.0000;0;0;17484;17484;17484
60;2014-04-20 15:11:00;909402N262;731;17.495;40;233;233;234;234;1.233;49.99;550.2;0.555;628.2;0.322;767.0;0.302;60;0;0;1.205;1.251;1.243;236;248;246;49.99;49.99;49.99;7484;1000;0.0;0;0.0000;0;0;17495;17495;17495
60;2014-04-20 15:12:00;909402N262;689;17.507;40;233;233;234;234;1.178;49.98;548.8;0.526;625.9;0.305;765.1;0.285;60;0;0;1.150;1.213;1.173;223;236;229;49.98;49.98;49.98;7484;1000;0.0;0;0.0000;0;0;17507;17507;17507
60;2014-04-20 15:13:00;909402N262;655;17.518;40;233;232;233;234;1.130;49.99;548.8;0.502;624.3;0.290;762.5;0.271;60;0;0;1.091;1.163;1.138;210;222;221;49.99;49.99;49.99;7484;1000;0.0;0;0.0000;0;0;17518;17518;17518
60;2014-04-20 15:14:00;909402N262;623;17.528;40;233;232;233;234;1.078;49.99;546.8;0.484;621.5;0.276;760.1;0.258;60;0;0;1.057;1.108;1.070;202;213;206;49.99;49.99;49.99;7484;1000;0.0;0;0.0000;0;0;17528;17528;17528
60;2014-04-20 15:15:00;909402N262;584;17.538;40;233;233;233;233;1.020;50.00;551.0;0.455;617.9;0.256;755.6;0.241;60;0;0;0.989;1.074;0.998;188;204;191;50.00;50.00;50.00;7484;1000;0.0;0;0.0000;0;0;17538;17538;17538
60;2014-04-20 15:16:00;909402N262;545;17.547;40;233;233;233;232;0.963;50.01;559.5;0.424;606.3;0.242;740.3;0.229;60;0;0;0.942;1.030;0.917;176;196;172;50.01;50.01;50.01;7484;1000;0.0;0;0.0000;0;0;17547;17547;17547
60;2014-04-20 15:17:00;909402N262;546;17.556;40;233;234;232;233;0.963;50.00;557.2;0.428;612.8;0.237;748.3;0.226;60;0;0;0.930;1.021;0.940;175;191;178;50.00;50.00;50.00;7484;1000;0.0;0;0.0000;0;0;17556;17556;17556
60;2014-04-20 15:18:00;909402N262;571;17.565;40;233;234;232;232;1.001;50.00;553.6;0.451;613.9;0.248;755.5;0.235;60;0;0;0.971;1.056;0.978;183;200;186;50.00;50.00;50.00;7484;1000;0.0;0;0.0000;0;0;17565;17565;17565
60;2014-04-20 15:19:00;909402N262;629;17.576;40;233;233;233;232;1.090;50.00;554.9;0.490;618.8;0.271;762.1;0.258;60;0;0;1.064;1.127;1.081;203;215;208;50.00;50.00;50.00;7484;1000;0.0;0;0.0000;0;0;17576;17576;17576
60;2014-04-20 15:20:00;909402N262;717;17.587;40;233;233;234;233;1.214;50.00;555.3;0.552;627.2;0.308;773.1;0.294;60;0;0;1.186;1.241;1.215;231;244;239;50.00;50.00;50.00;7484;1000;0.0;0;0.0000;0;0;17587;17587;17587
60;2014-04-20 15:21:00;909402N262;834;17.602;40;233;232;234;233;1.359;50.00;554.9;0.634;635.9;0.356;782.4;0.340;60;0;0;1.342;1.384;1.353;272;284;276;50.00;50.00;50.00;7484;1000;0.0;0;0.0000;0;0;17602;17602;17602
60;2014-04-20 15:22:00;909402N262;977;17.618;39;233;231;235;234;1.482;50.01;560.8;0.722;643.8;0.417;794.8;0.395;60;0;0;1.441;1.516;1.489;312;336;328;50.01;50.01;50.01;7484;1000;0.0;0;0.0000;0;0;17618;17618;17618
60;2014-04-20 15:23:00;909402N262;1146;17.637;39;233;232;234;234;1.703;50.01;577.3;0.814;650.5;0.488;795.2;0.465;60;0;0;1.654;1.746;1.710;368;393;384;50.01;50.01;50.01;7484;1000;0.0;0;0.0000;0;0;17637;17637;17637
60;2014-04-20 15:24:00;909402N262;1317;17.658;39;233;233;234;233;1.940;50.00;575.8;0.933;655.3;0.559;795.2;0.536;60;0;0;1.888;1.984;1.949;426;450;440;50.00;50.00;50.00;7484;1000;0.0;0;0.0000;0;0;17658;17658;17658
60;2014-04-20 15:25:00;909402N262;1455;17.683;39;233;232;234;232;2.140;50.00;574.4;1.029;657.9;0.615;795.2;0.594;60;0;0;2.085;2.185;2.152;470;496;486;50.00;50.00;50.00;7484;1000;0.0;0;0.0000;0;0;17683;17683;17683
60;2014-04-20 15:26:00;909402N262;1544;17.710;39;233;233;234;232;2.265;50.00;572.7;1.094;660.6;0.648;795.0;0.633;60;0;0;2.216;2.309;2.270;503;525;514;50.00;50.00;50.00;7484;1000;0.0;0;0.0000;0;0;17710;17710;17710
60;2014-04-20 15:27:00;909402N262;1588;17.736;39;233;233;233;232;2.329;50.00;573.6;1.123;660.9;0.665;795.0;0.653;60;0;0;2.279;2.370;2.339;517;538;531;50.00;50.00;50.00;7484;1000;0.0;0;0.0000;0;0;17736;17736;17736
60;2014-04-20 15:28:00;909402N262;1584;17.763;39;233;232;234;232;2.326;49.99;575.6;1.117;661.2;0.662;794.8;0.652;60;0;0;2.280;2.370;2.328;515;539;528;49.99;49.99;49.99;7484;1000;0.0;0;0.0000;0;0;17763;17763;17763
60;2014-04-20 15:29:00;909402N262;1542;17.787;39;233;233;234;233;2.262;50.00;579.9;1.078;661.7;0.644;794.9;0.634;60;0;0;2.212;2.310;2.265;501;525;514;50.00;50.00;50.00;7484;1000;0.0;0;0.0000;0;0;17787;17787;17787
60;2014-04-20 15:30:00;909402N262;1464;17.812;39;233;233;234;233;2.153;50.00;579.3;1.021;659.0;0.616;794.3;0.603;60;0;0;2.105;2.199;2.157;476;499;488;50.00;50.00;50.00;7484;1000;0.0;0;0.0000;0;0;17812;17812;17812
60;2014-04-20 15:31:00;909402N262;1354;17.835;39;233;233;235;233;1.992;50.00;561.4;0.978;639.1;0.585;788.3;0.565;60;0;0;1.931;2.043;2.004;436;464;452;50.00;50.00;50.00;7484;1000;0.0;0;0.0000;0;0;17835;17835;17835
60;2014-04-20 15:32:00;909402N262;1286;17.857;39;233;233;234;233;1.894;50.00;565.0;0.918;655.0;0.547;795.0;0.529;60;0;0;1.839;1.943;1.900;415;440;429;50.00;50.00;50.00;7484;1000;0.0;0;0.0000;0;0;17857;17857;17857
60;2014-04-20 15:33:00;909402N262;1221;17.877;39;233;232;233;233;1.809;49.99;564.9;0.870;653.1;0.522;795.1;0.503;60;0;0;1.761;1.850;1.817;395;415;409;49.99;49.99;49.99;7484;1000;0.0;0;0.0000;0;0;17877;17877;17877
60;2014-04-20 15:34:00;909402N262;1172;17.896;39;233;232;233;233;1.741;49.99;564.6;0.834;651.8;0.503;795.0;0.483;60;0;0;1.694;1.780;1.751;378;399;393;49.99;49.99;49.99;7484;1000;0.0;0;0.0000;0;0;17896;17896;17896
60;2014-04-20 15:35:00;909402N262;1136;17.916;39;233;232;233;233;1.689;50.00;565.0;0.808;652.5;0.487;795.3;0.466;60;0;0;1.647;1.725;1.695;367;386;380;50.00;50.00;50.00;7484;1000;0.0;0;0.0000;0;0;17916;17916;17916
60;2014-04-20 15:36:00;909402N262;1100;17.934;39;233;232;234;233;1.642;49.99;564.0;0.787;650.0;0.476;795.1;0.451;60;0;0;1.603;1.691;1.632;354;379;364;49.99;49.99;49.99;7484;1000;0.0;0;0.0000;0;0;17934;17934;17934
60;2014-04-20 15:37:00;909402N262;1063;17.951;39;233;232;234;233;1.599;49.99;564.0;0.763;648.9;0.462;794.5;0.433;60;0;0;1.553;1.656;1.589;341;369;352;49.99;49.99;49.99;7484;1000;0.0;0;0.0000;0;0;17951;17951;17951
60;2014-04-20 15:38:00;909402N262;1027;17.969;39;233;232;234;233;1.550;50.00;563.9;0.739;647.8;0.449;794.5;0.416;60;0;0;1.501;1.612;1.539;327;358;339;50.00;50.00;50.00;7484;1000;0.0;0;0.0000;0;0;17969;17969;17969
60;2014-04-20 15:39:00;909402N262;1004;17.985;39;233;232;234;233;1.519;49.99;563.8;0.721;647.2;0.441;794.7;0.405;60;0;0;1.465;1.577;1.515;318;349;334;49.99;49.99;49.99;7484;1000;0.0;0;0.0000;0;0;17985;17985;17985
60;2014-04-20 15:40:00;909402N262;996;18.002;39;233;232;234;233;1.513;49.97;564.1;0.714;647.7;0.439;794.5;0.402;60;0;0;1.460;1.580;1.499;315;349;329;49.97;49.97;49.97;7484;1000;0.0;0;0.0000;0;0;18002;18002;18002
60;2014-04-20 15:41:00;909402N262;1000;18.019;39;233;232;234;233;1.513;49.99;563.9;0.714;648.2;0.443;794.7;0.404;60;0;0;1.472;1.560;1.509;321;346;332;49.99;49.99;49.99;7484;1000;0.0;0;0.0000;0;0;18019;18019;18019
60;2014-04-20 15:42:00;909402N262;1006;18.035;39;233;232;234;233;1.519;49.99;562.5;0.718;648.9;0.446;794.9;0.406;60;0;0;1.479;1.575;1.505;322;351;331;49.99;49.99;49.99;7484;1000;0.0;0;0.0000;0;0;18035;18035;18035
60;2014-04-20 15:43:00;909402N262;1011;18.051;39;233;232;234;233;1.528;49.99;566.8;0.715;649.4;0.448;794.5;0.410;60;0;0;1.469;1.593;1.524;320;352;336;49.99;49.99;49.99;7484;1000;0.0;0;0.0000;0;0;18051;18051;18051
60;2014-04-20 15:44:00;909402N262;1021;18.069;38;233;232;234;234;1.540;49.99;574.0;0.715;650.0;0.451;794.7;0.413;60;0;0;1.497;1.592;1.531;327;354;338;49.99;49.99;49.99;7484;1000;0.0;0;0.0000;0;0;18069;18069;18069
60;2014-04-20 15:45:00;909402N262;1037;18.086;38;233;231;234;233;1.567;50.00;572.0;0.729;650.7;0.458;794.3;0.419;60;0;0;1.517;1.626;1.558;330;361;345;50.00;50.00;50.00;7484;1000;0.0;0;0.0000;0;0;18086;18086;18086
60;2014-04-20 15:46:00;909402N262;1045;18.104;38;233;231;234;233;1.574;49.99;570.4;0.735;636.3;0.467;793.0;0.427;60;0;0;1.533;1.619;1.571;336;361;347;49.99;49.99;49.99;7484;1000;0.0;0;0.0000;0;0;18104;18104;18104
60;2014-04-20 15:47:00;909402N262;1073;18.123;38;233;232;234;233;1.645;49.98;577.0;0.745;652.0;0.474;794.5;0.435;60;0;0;1.598;1.688;1.651;345;367;359;49.98;49.98;49.98;7484;1000;0.0;0;0.0000;0;0;18123;18123;18123
60;2014-04-20 15:48:00;909402N262;1099;18.141;38;233;232;234;233;1.677;50.00;578.6;0.758;653.6;0.485;794.5;0.446;60;0;0;1.640;1.719;1.674;356;377;364;50.00;50.00;50.00;7484;1000;0.0;0;0.0000;0;0;18141;18141;18141
60;2014-04-20 15:49:00;909402N262;1133;18.159;38;233;232;234;233;1.715;50.00;574.5;0.785;653.5;0.500;794.7;0.459;60;0;0;1.685;1.765;1.695;369;391;370;50.00;50.00;50.00;7484;1000;0.0;0;0.0000;0;0;18159;18159;18159
60;2014-04-20 15:50:00;909402N262;1172;18.178;38;233;232;234;233;1.764;50.00;569.2;0.819;654.4;0.516;794.6;0.476;60;0;0;1.719;1.812;1.763;378;403;389;50.00;50.00;50.00;7484;1000;0.0;0;0.0000;0;0;18178;18178;18178
60;2014-04-20 15:51:00;909402N262;1217;18.199;38;233;232;234;233;1.822;49.99;566.1;0.856;655.4;0.534;795.1;0.494;60;0;0;1.769;1.866;1.831;391;416;407;49.99;49.99;49.99;7484;1000;0.0;0;0.0000;0;0;18199;18199;18199
60;2014-04-20 15:52:00;909402N262;1270;18.219;38;233;231;234;233;1.900;50.00;567.3;0.893;656.5;0.556;795.2;0.515;60;0;0;1.841;1.955;1.906;407;437;425;50.00;50.00;50.00;7484;1000;0.0;0;0.0000;0;0;18219;18219;18219
60;2014-04-20 15:53:00;909402N262;1329;18.243;38;233;232;234;232;1.982;49.99;568.4;0.936;658.0;0.579;795.4;0.538;60;0;0;1.929;2.032;1.986;428;455;444;49.99;49.99;49.99;7484;1000;0.0;0;0.0000;0;0;18243;18243;18243
60;2014-04-20 15:54:00;909402N262;1392;18.265;38;233;232;234;233;2.072;49.98;569.2;0.982;659.4;0.604;795.2;0.564;60;0;0;2.017;2.128;2.072;449;478;464;49.98;49.98;49.98;7484;1000;0.0;0;0.0000;0;0;18265;18265;18265
60;2014-04-20 15:55:00;909402N262;1458;18.290;38;233;232;234;233;2.165;49.99;569.2;1.030;660.3;0.628;795.2;0.590;60;0;0;2.103;2.224;2.169;468;501;487;49.99;49.99;49.99;7484;1000;0.0;0;0.0000;0;0;18290;18290;18290
60;2014-04-20 15:56:00;909402N262;1517;18.315;38;233;232;234;233;2.251;49.99;570.4;1.073;661.5;0.650;795.4;0.615;60;0;0;2.195;2.307;2.251;491;519;506;49.99;49.99;49.99;7484;1000;0.0;0;0.0000;0;0;18315;18315;18315
60;2014-04-20 15:57:00;909402N262;1573;18.342;38;233;233;234;233;2.327;50.00;586.7;1.083;661.6;0.671;794.8;0.639;60;0;0;2.269;2.381;2.333;509;537;526;50.00;50.00;50.00;7484;1000;0.0;0;0.0000;0;0;18342;18342;18342
60;2014-04-20 15:58:00;909402N262;1617;18.368;38;233;231;235;233;2.421;50.00;588.5;1.112;662.2;0.688;781.0;0.669;60;0;0;2.353;2.484;2.426;519;555;541;50.00;50.00;50.00;7484;1000;0.0;0;0.0000;0;0;18368;18368;18368
60;2014-04-20 15:59:00;909402N262;1651;18.396;38;233;232;235;233;2.470;50.02;588.1;1.135;662.5;0.701;778.8;0.685;60;0;0;2.413;2.526;2.473;533;564;552;50.02;50.02;50.02;7484;1000;0.0;0;0.0000;0;0;18396;18396;18396
60;2014-04-20 16:00:00;909402N262;1671;18.423;38;234;233;235;234;2.508;50.03;587.9;1.150;662.8;0.709;778.7;0.695;60;0;0;2.454;2.562;2.510;541;570;559;50.03;50.03;50.03;7484;1000;0.0;0;0.0000;0;0;18423;18423;18423
[wr_ende]
