20140313;120003;danfoss;My Plant;+0100
[wr_def_start]
909402N262;Inverter Type;Inverter Group;Hanzl
[wr_def_end]
[wr]
INTERVAL;TIMESTAMP;SERIAL;P_AC;E_DAY;T_WR;U_AC;U_AC_1;U_AC_2;U_AC_3;I_AC;F_AC;U_DC_1;I_DC_1;U_DC_2;I_DC_2;U_DC_3;I_DC_3;S;E_WR;M_WR;I_AC_1;I_AC_2;I_AC_3;P_AC_1;P_AC_2;P_AC_3;F_AC_1;F_AC_2;F_AC_3;R_DC;PC;PCS;PCS_LL;COS_PHI;COS_PHI_LL;S_COS_PHI;Current_Day_Energy;current_Day_Offset;ccEnergyOfDay_WithoutOffset
60;2014-03-13 11:01:00;909402N262;7745;12.724;40;232;231;233;233;11.105;50.00;545.8;5.607;575.8;3.529;772.0;3.605;60;0;0;11.005;11.161;11.150;2545;2592;2600;50.00;50.00;50.00;12291;1000;0.0;0;0.0000;0;0;12724;12724;12724
60;2014-03-13 11:02:00;909402N262;7892;12.856;40;234;233;234;234;11.264;49.99;547.8;5.710;587.4;3.539;778.2;3.620;60;0;0;11.183;11.328;11.281;2606;2647;2638;49.99;49.99;49.99;12291;1000;0.0;0;0.0000;0;0;12856;12856;12856
60;2014-03-13 11:03:00;909402N262;7936;12.986;40;235;235;236;236;11.245;50.00;543.6;5.797;587.3;3.553;778.3;3.635;60;0;0;11.166;11.305;11.264;2622;2660;2652;50.00;50.00;50.00;12291;1000;0.0;0;0.0000;0;0;12986;12986;12986
60;2014-03-13 11:04:00;909402N262;7968;13.119;41;236;235;236;236;11.281;50.00;541.1;5.852;587.1;3.566;778.1;3.649;60;0;0;11.187;11.347;11.311;2625;2675;2665;50.00;50.00;50.00;12291;1000;0.0;0;0.0000;0;0;13119;13119;13119
60;2014-03-13 11:05:00;909402N262;7991;13.253;41;236;235;236;236;11.310;50.01;539.4;5.894;587.6;3.571;778.1;3.658;60;0;0;11.212;11.373;11.347;2630;2684;2675;50.01;50.01;50.01;12291;1000;0.0;0;0.0000;0;0;13253;13253;13253
60;2014-03-13 11:06:00;909402N262;8040;13.387;41;236;235;237;236;11.378;50.01;538.6;5.942;588.2;3.588;778.2;3.679;60;0;0;11.260;11.453;11.423;2638;2706;2694;50.01;50.01;50.01;12291;1000;0.0;0;0.0000;0;0;13387;13387;13387
60;2014-03-13 11:07:00;909402N262;8081;13.521;41;236;235;236;236;11.435;50.02;538.7;5.975;588.2;3.605;777.9;3.699;60;0;0;11.337;11.496;11.474;2660;2715;2705;50.02;50.02;50.02;12291;1000;0.0;0;0.0000;0;0;13521;13521;13521
60;2014-03-13 11:08:00;909402N262;8119;13.656;41;236;235;236;236;11.487;50.02;539.0;6.002;589.7;3.610;778.2;3.714;60;0;0;11.385;11.550;11.526;2670;2727;2718;50.02;50.02;50.02;12291;1000;0.0;0;0.0000;0;0;13656;13656;13656
60;2014-03-13 11:09:00;909402N262;8178;13.792;41;236;234;236;237;11.569;50.01;538.5;6.023;609.9;3.566;777.7;3.722;60;0;0;11.438;11.618;11.653;2677;2741;2757;50.01;50.01;50.01;12291;1000;0.0;0;0.0000;0;0;13792;13792;13792
60;2014-03-13 11:10:00;909402N262;8195;13.929;41;236;234;236;237;11.594;50.01;538.7;6.029;604.2;3.624;777.6;3.724;60;0;0;11.461;11.634;11.689;2682;2744;2767;50.01;50.01;50.01;12291;1000;0.0;0;0.0000;0;0;13929;13929;13929
60;2014-03-13 11:11:00;909402N262;8207;14.066;41;236;234;236;237;11.617;50.01;538.1;6.046;605.0;3.623;777.6;3.729;60;0;0;11.479;11.666;11.707;2686;2748;2771;50.01;50.01;50.01;12291;1000;0.0;0;0.0000;0;0;14066;14066;14066
60;2014-03-13 11:12:00;909402N262;8219;14.204;41;236;234;236;237;11.633;50.02;538.1;6.057;604.1;3.630;777.3;3.736;60;0;0;11.509;11.674;11.718;2692;2750;2774;50.02;50.02;50.02;12291;1000;0.0;0;0.0000;0;0;14204;14204;14204
60;2014-03-13 11:13:00;909402N262;8255;14.340;42;236;235;236;237;11.675;50.02;537.6;6.094;602.9;3.651;776.7;3.754;60;0;0;11.597;11.688;11.741;2723;2750;2780;50.02;50.02;50.02;12291;1000;0.0;0;0.0000;0;0;14340;14340;14340
60;2014-03-13 11:14:00;909402N262;8289;14.478;42;236;234;236;237;11.733;50.01;536.8;6.125;602.1;3.668;776.6;3.773;60;0;0;11.642;11.755;11.804;2728;2767;2792;50.01;50.01;50.01;12291;1000;0.0;0;0.0000;0;0;14478;14478;14478
60;2014-03-13 11:15:00;909402N262;8297;14.617;42;236;234;236;237;11.743;50.01;535.9;6.141;601.5;3.674;776.2;3.779;60;0;0;11.610;11.780;11.841;2714;2776;2805;50.01;50.01;50.01;12291;1000;0.0;0;0.0000;0;0;14617;14617;14617
60;2014-03-13 11:16:00;909402N262;8203;14.755;42;236;235;235;237;11.609;50.01;530.9;6.165;588.0;3.672;776.0;3.793;60;0;0;11.509;11.631;11.688;2699;2735;2766;50.01;50.01;50.01;12291;1000;0.0;0;0.0000;0;0;14755;14755;14755
60;2014-03-13 11:17:00;909402N262;8296;14.892;42;235;233;236;237;11.769;50.00;535.4;6.158;601.2;3.670;777.2;3.772;60;0;0;11.605;11.819;11.885;2704;2779;2812;50.00;50.00;50.00;12291;1000;0.0;0;0.0000;0;0;14892;14892;14892
60;2014-03-13 11:18:00;909402N262;8341;15.031;42;235;234;235;237;11.838;50.00;534.3;6.200;614.9;3.632;779.0;3.769;60;0;0;11.694;11.893;11.927;2727;2793;2820;50.00;50.00;50.00;12291;1000;0.0;0;0.0000;0;0;15031;15031;15031
60;2014-03-13 11:19:00;909402N262;8456;15.174;42;235;233;235;237;12.011;50.01;533.8;6.260;619.0;3.704;778.2;3.808;60;0;0;11.883;12.023;12.127;2768;2821;2864;50.01;50.01;50.01;12291;1000;0.0;0;0.0000;0;0;15174;15174;15174
60;2014-03-13 11:20:00;909402N262;8482;15.317;42;235;233;235;237;12.048;50.01;533.6;6.290;617.4;3.733;772.7;3.836;60;0;0;11.916;12.072;12.156;2776;2834;2871;50.01;50.01;50.01;12291;1000;0.0;0;0.0000;0;0;15317;15317;15317
60;2014-03-13 11:21:00;909402N262;8486;15.458;42;235;234;235;237;12.036;50.00;532.8;6.308;616.8;3.736;771.0;3.842;60;0;0;11.918;12.071;12.120;2783;2834;2865;50.00;50.00;50.00;12291;1000;0.0;0;0.0000;0;0;15458;15458;15458
60;2014-03-13 11:22:00;909402N262;8484;15.599;42;235;233;235;237;12.051;50.00;531.8;6.331;616.5;3.743;769.1;3.839;60;0;0;11.909;12.082;12.162;2775;2833;2875;50.00;50.00;50.00;12291;1000;0.0;0;0.0000;0;0;15599;15599;15599
60;2014-03-13 11:23:00;909402N262;8502;15.741;42;235;234;235;237;12.065;50.01;531.4;6.355;617.0;3.747;763.5;3.873;60;0;0;11.917;12.083;12.197;2780;2837;2884;50.01;50.01;50.01;12291;1000;0.0;0;0.0000;0;0;15741;15741;15741
60;2014-03-13 11:24:00;909402N262;8521;15.883;42;235;234;235;237;12.082;50.01;531.0;6.375;616.9;3.757;762.8;3.886;60;0;0;11.954;12.091;12.203;2794;2838;2888;50.01;50.01;50.01;12291;1000;0.0;0;0.0000;0;0;15883;15883;15883
60;2014-03-13 11:25:00;909402N262;8556;16.025;43;235;234;236;237;12.131;50.00;530.5;6.401;615.5;3.775;765.4;3.895;60;0;0;12.005;12.171;12.218;2806;2861;2887;50.00;50.00;50.00;12291;1000;0.0;0;0.0000;0;0;16025;16025;16025
60;2014-03-13 11:26:00;909402N262;8569;16.168;43;236;234;236;237;12.139;49.99;530.4;6.409;614.4;3.781;769.5;3.888;60;0;0;12.006;12.204;12.209;2805;2876;2885;49.99;49.99;49.99;12291;1000;0.0;0;0.0000;0;0;16168;16168;16168
60;2014-03-13 11:27:00;909402N262;8594;16.311;43;236;235;236;237;12.166;49.99;530.3;6.427;614.5;3.787;766.9;3.917;60;0;0;12.045;12.212;12.243;2819;2879;2894;49.99;49.99;49.99;12291;1000;0.0;0;0.0000;0;0;16311;16311;16311
60;2014-03-13 11:28:00;909402N262;8629;16.456;43;236;235;236;237;12.212;50.01;529.9;6.453;620.7;3.774;766.1;3.933;60;0;0;12.079;12.256;12.301;2829;2892;2906;50.01;50.01;50.01;12291;1000;0.0;0;0.0000;0;0;16456;16456;16456
60;2014-03-13 11:29:00;909402N262;8689;16.600;43;236;235;236;236;12.305;50.00;528.6;6.490;632.2;3.768;766.3;3.946;60;0;0;12.193;12.355;12.367;2856;2913;2918;50.00;50.00;50.00;12291;1000;0.0;0;0.0000;0;0;16600;16600;16600
60;2014-03-13 11:30:00;909402N262;8770;16.746;43;236;235;236;236;12.429;50.00;528.0;6.533;630.0;3.829;770.9;3.966;60;0;0;12.345;12.452;12.492;2893;2931;2945;50.00;50.00;50.00;12291;1000;0.0;0;0.0000;0;0;16746;16746;16746
60;2014-03-13 11:31:00;909402N262;8716;16.892;43;236;235;236;236;12.344;49.99;525.2;6.544;617.4;3.842;767.0;3.997;60;0;0;12.272;12.381;12.379;2880;2916;2918;49.99;49.99;49.99;12291;1000;0.0;0;0.0000;0;0;16892;16892;16892
60;2014-03-13 11:32:00;909402N262;8789;17.038;43;236;235;236;236;12.436;49.99;527.4;6.542;629.7;3.836;770.0;3.989;60;0;0;12.347;12.501;12.462;2899;2949;2940;49.99;49.99;49.99;12291;1000;0.0;0;0.0000;0;0;17038;17038;17038
60;2014-03-13 11:33:00;909402N262;8790;17.185;43;236;235;236;236;12.432;49.99;526.7;6.558;629.3;3.838;769.5;3.989;60;0;0;12.341;12.495;12.460;2901;2948;2939;49.99;49.99;49.99;12291;1000;0.0;0;0.0000;0;0;17185;17185;17185
60;2014-03-13 11:34:00;909402N262;8817;17.331;43;236;235;236;236;12.474;50.00;526.3;6.587;630.1;3.848;769.4;3.999;60;0;0;12.379;12.535;12.508;2906;2958;2950;50.00;50.00;50.00;12291;1000;0.0;0;0.0000;0;0;17331;17331;17331
60;2014-03-13 11:35:00;909402N262;8818;17.480;43;236;235;236;236;12.469;50.00;526.3;6.590;630.5;3.845;769.6;3.996;60;0;0;12.393;12.513;12.503;2912;2953;2952;50.00;50.00;50.00;12291;1000;0.0;0;0.0000;0;0;17480;17480;17480
60;2014-03-13 11:36:00;909402N262;8845;17.626;43;236;235;236;236;12.518;50.00;525.9;6.616;630.2;3.856;768.9;4.014;60;0;0;12.419;12.573;12.563;2913;2964;2967;50.00;50.00;50.00;12291;1000;0.0;0;0.0000;0;0;17626;17626;17626
60;2014-03-13 11:37:00;909402N262;8869;17.775;44;236;235;237;236;12.529;50.00;525.4;6.643;630.0;3.865;768.4;4.027;60;0;0;12.440;12.591;12.558;2923;2977;2967;50.00;50.00;50.00;12291;1000;0.0;0;0.0000;0;0;17775;17775;17775
60;2014-03-13 11:38:00;909402N262;8888;17.922;44;236;235;237;236;12.558;50.00;525.0;6.667;629.8;3.874;767.7;4.039;60;0;0;12.489;12.624;12.563;2939;2984;2963;50.00;50.00;50.00;12291;1000;0.0;0;0.0000;0;0;17922;17922;17922
60;2014-03-13 11:39:00;909402N262;8898;18.070;44;236;235;237;236;12.582;49.99;525.0;6.680;629.8;3.875;767.0;4.048;60;0;0;12.515;12.659;12.574;2940;2993;2964;49.99;49.99;49.99;12291;1000;0.0;0;0.0000;0;0;18070;18070;18070
60;2014-03-13 11:40:00;909402N262;8929;18.219;44;236;235;237;236;12.623;49.99;524.7;6.707;629.5;3.888;766.8;4.062;60;0;0;12.531;12.712;12.628;2943;3006;2979;49.99;49.99;49.99;12291;1000;0.0;0;0.0000;0;0;18219;18219;18219
60;2014-03-13 11:41:00;909402N262;8941;18.369;44;236;234;237;236;12.653;49.98;524.4;6.716;629.4;3.892;765.9;4.076;60;0;0;12.503;12.777;12.681;2925;3021;2993;49.98;49.98;49.98;12291;1000;0.0;0;0.0000;0;0;18369;18369;18369
60;2014-03-13 11:42:00;909402N262;8967;18.518;44;235;233;237;237;12.694;49.99;524.7;6.737;629.6;3.899;766.4;4.083;60;0;0;12.509;12.829;12.744;2915;3038;3012;49.99;49.99;49.99;12291;1000;0.0;0;0.0000;0;0;18518;18518;18518
60;2014-03-13 11:43:00;909402N262;8992;18.668;44;235;233;237;236;12.734;50.00;524.0;6.766;628.6;3.913;766.2;4.099;60;0;0;12.558;12.866;12.780;2926;3045;3019;50.00;50.00;50.00;12291;1000;0.0;0;0.0000;0;0;18668;18668;18668
60;2014-03-13 11:44:00;909402N262;8997;18.818;44;236;233;237;237;12.733;49.99;523.3;6.779;628.1;3.918;765.7;4.105;60;0;0;12.544;12.871;12.785;2923;3045;3027;49.99;49.99;49.99;12291;1000;0.0;0;0.0000;0;0;18818;18818;18818
60;2014-03-13 11:45:00;909402N262;9001;18.969;44;235;233;236;237;12.749;50.00;522.6;6.789;627.4;3.921;765.4;4.112;60;0;0;12.560;12.852;12.836;2924;3034;3041;50.00;50.00;50.00;12291;1000;0.0;0;0.0000;0;0;18969;18969;18969
60;2014-03-13 11:46:00;909402N262;8927;19.117;44;236;233;236;237;12.626;50.00;520.1;6.810;615.8;3.930;762.4;4.112;60;0;0;12.453;12.708;12.718;2903;3008;3014;50.00;50.00;50.00;12291;1000;0.0;0;0.0000;0;0;19117;19117;19117
60;2014-03-13 11:47:00;909402N262;9018;19.267;44;236;234;236;237;12.774;50.00;521.6;6.819;627.4;3.927;765.0;4.119;60;0;0;12.614;12.844;12.865;2943;3028;3045;50.00;50.00;50.00;12291;1000;0.0;0;0.0000;0;0;19267;19267;19267
60;2014-03-13 11:48:00;909402N262;9028;19.418;44;236;234;236;237;12.788;50.01;521.1;6.833;626.7;3.935;764.2;4.128;60;0;0;12.618;12.862;12.886;2943;3030;3052;50.01;50.01;50.01;12291;1000;0.0;0;0.0000;0;0;19418;19418;19418
60;2014-03-13 11:49:00;909402N262;9040;19.569;44;236;233;237;237;12.809;50.00;521.2;6.848;626.7;3.939;763.6;4.134;60;0;0;12.602;12.928;12.897;2930;3056;3052;50.00;50.00;50.00;12291;1000;0.0;0;0.0000;0;0;19569;19569;19569
60;2014-03-13 11:50:00;909402N262;9039;19.719;44;236;233;237;237;12.800;49.98;521.1;6.846;627.1;3.935;764.1;4.131;60;0;0;12.603;12.936;12.863;2930;3062;3044;49.98;49.98;49.98;12291;1000;0.0;0;0.0000;0;0;19719;19719;19719
60;2014-03-13 11:51:00;909402N262;9063;19.867;45;236;233;237;237;12.833;49.98;520.9;6.866;627.3;3.940;764.8;4.141;60;0;0;12.646;12.957;12.896;2943;3065;3052;49.98;49.98;49.98;12291;1000;0.0;0;0.0000;0;0;19867;19867;19867
60;2014-03-13 11:52:00;909402N262;9074;20.019;45;236;233;236;238;12.854;50.00;520.6;6.879;627.4;3.946;764.5;4.148;60;0;0;12.639;12.945;12.978;2938;3054;3079;50.00;50.00;50.00;12291;1000;0.0;0;0.0000;0;0;20019;20019;20019
60;2014-03-13 11:53:00;909402N262;9098;20.171;45;236;234;236;238;12.876;50.01;520.3;6.901;627.9;3.958;764.7;4.158;60;0;0;12.688;12.931;13.011;2958;3051;3087;50.01;50.01;50.01;12291;1000;0.0;0;0.0000;0;0;20171;20171;20171
60;2014-03-13 11:54:00;909402N262;9096;20.323;45;236;234;237;238;12.869;50.01;520.1;6.905;627.7;3.954;764.8;4.157;60;0;0;12.684;12.927;12.996;2959;3052;3083;50.01;50.01;50.01;12291;1000;0.0;0;0.0000;0;0;20323;20323;20323
60;2014-03-13 11:55:00;909402N262;9105;20.475;45;236;234;236;237;12.877;50.00;519.8;6.917;627.4;3.959;764.7;4.162;60;0;0;12.721;12.923;12.988;2974;3050;3079;50.00;50.00;50.00;12291;1000;0.0;0;0.0000;0;0;20475;20475;20475
60;2014-03-13 11:56:00;909402N262;9122;20.626;45;236;234;237;238;12.881;50.00;519.3;6.935;626.9;3.967;764.0;4.174;60;0;0;12.710;12.955;12.979;2975;3063;3081;50.00;50.00;50.00;12291;1000;0.0;0;0.0000;0;0;20626;20626;20626
60;2014-03-13 11:57:00;909402N262;9101;20.778;45;235;233;235;236;12.949;50.00;519.0;6.926;626.0;3.962;762.9;4.170;60;0;0;12.771;13.032;13.045;2967;3059;3072;50.00;50.00;50.00;12291;1000;0.0;0;0.0000;0;0;20778;20778;20778
60;2014-03-13 11:58:00;909402N262;9104;20.930;45;233;232;234;235;13.015;50.00;518.9;6.934;625.9;3.960;763.2;4.172;60;0;0;12.833;13.090;13.122;2966;3058;3078;50.00;50.00;50.00;12291;1000;0.0;0;0.0000;0;0;20930;20930;20930
60;2014-03-13 11:59:00;909402N262;9146;21.082;45;234;232;234;235;13.065;50.02;518.5;6.973;625.5;3.981;762.5;4.194;60;0;0;12.892;13.137;13.166;2985;3071;3088;50.02;50.02;50.02;12291;1000;0.0;0;0.0000;0;0;21082;21082;21082
60;2014-03-13 12:00:00;909402N262;9188;21.235;45;234;232;234;235;13.114;50.00;518.4;7.007;625.9;3.997;763.0;4.211;60;0;0;12.936;13.174;13.233;2996;3082;3108;50.00;50.00;50.00;12291;1000;0.0;0;0.0000;0;0;21235;21235;21235
[wr_ende]
