20140302;110002;danfoss;My Plant;+0100
[wr_def_start]
909402N262;Inverter Type;Inverter Group;Hanzl
[wr_def_end]
[wr]
INTERVAL;TIMESTAMP;SERIAL;P_AC;E_DAY;T_WR;U_AC;U_AC_1;U_AC_2;U_AC_3;I_AC;F_AC;U_DC_1;I_DC_1;U_DC_2;I_DC_2;U_DC_3;I_DC_3;S;E_WR;M_WR;I_AC_1;I_AC_2;I_AC_3;P_AC_1;P_AC_2;P_AC_3;F_AC_1;F_AC_2;F_AC_3;R_DC;PC;PCS;PCS_LL;COS_PHI;COS_PHI_LL;S_COS_PHI;Current_Day_Energy;current_Day_Offset;ccEnergyOfDay_WithoutOffset
60;2014-03-02 10:01:00;909402N262;2914;3.750;30;234;233;234;235;4.201;50.02;512.8;2.115;685.3;1.283;787.8;1.259;60;0;0;4.122;4.249;4.234;948;982;983;50.02;50.02;50.02;9428;1000;0.0;0;0.0000;0;0;3750;3750;3750
60;2014-03-02 10:02:00;909402N262;2871;3.797;30;234;233;234;235;4.138;50.02;541.6;1.969;690.5;1.246;795.2;1.229;60;0;0;4.069;4.174;4.172;937;963;969;50.02;50.02;50.02;9428;1000;0.0;0;0.0000;0;0;3797;3797;3797
60;2014-03-02 10:03:00;909402N262;2830;3.844;30;234;233;234;235;4.084;50.00;532.6;1.987;686.3;1.235;795.1;1.204;60;0;0;4.015;4.126;4.112;922;953;953;50.00;50.00;50.00;9428;1000;0.0;0;0.0000;0;0;3844;3844;3844
60;2014-03-02 10:04:00;909402N262;2689;3.889;30;234;233;234;235;3.886;50.00;583.9;1.776;678.4;1.170;795.1;1.117;60;0;0;3.818;3.932;3.908;877;907;903;50.00;50.00;50.00;9428;1000;0.0;0;0.0000;0;0;3889;3889;3889
60;2014-03-02 10:05:00;909402N262;2746;3.935;30;234;233;234;234;3.965;50.00;582.1;1.804;679.0;1.193;795.1;1.151;60;0;0;3.902;4.004;3.990;897;925;922;50.00;50.00;50.00;9428;1000;0.0;0;0.0000;0;0;3935;3935;3935
60;2014-03-02 10:06:00;909402N262;2809;3.981;31;234;233;234;235;4.053;49.99;588.6;1.815;680.3;1.224;795.1;1.180;60;0;0;3.985;4.094;4.081;916;946;945;49.99;49.99;49.99;9428;1000;0.0;0;0.0000;0;0;3981;3981;3981
60;2014-03-02 10:07:00;909402N262;2817;4.028;31;234;232;234;235;4.064;49.97;588.0;1.844;678.9;1.222;795.1;1.176;60;0;0;3.977;4.110;4.107;910;950;955;49.97;49.97;49.97;9428;1000;0.0;0;0.0000;0;0;4028;4028;4028
60;2014-03-02 10:08:00;909402N262;2822;4.076;31;234;232;234;235;4.072;49.97;588.1;1.849;678.4;1.221;795.3;1.177;60;0;0;3.996;4.112;4.109;916;948;955;49.97;49.97;49.97;9428;1000;0.0;0;0.0000;0;0;4076;4076;4076
60;2014-03-02 10:09:00;909402N262;2826;4.123;31;234;231;234;235;4.079;49.97;591.6;1.841;677.9;1.224;795.2;1.179;60;0;0;3.997;4.122;4.120;914;952;957;49.97;49.97;49.97;9428;1000;0.0;0;0.0000;0;0;4123;4123;4123
60;2014-03-02 10:10:00;909402N262;2840;4.169;31;234;233;233;235;4.096;49.97;598.1;1.826;678.2;1.230;795.2;1.187;60;0;0;4.036;4.115;4.139;928;948;962;49.97;49.97;49.97;9428;1000;0.0;0;0.0000;0;0;4169;4169;4169
60;2014-03-02 10:11:00;909402N262;2841;4.217;31;234;233;233;235;4.099;49.98;600.2;1.818;677.8;1.231;795.2;1.189;60;0;0;4.038;4.124;4.135;930;950;959;49.98;49.98;49.98;9428;1000;0.0;0;0.0000;0;0;4217;4217;4217
60;2014-03-02 10:12:00;909402N262;2758;4.264;31;234;233;234;235;3.984;49.99;594.7;1.797;676.6;1.189;795.2;1.149;60;0;0;3.928;4.018;4.007;902;925;928;49.99;49.99;49.99;9428;1000;0.0;0;0.0000;0;0;4264;4264;4264
60;2014-03-02 10:13:00;909402N262;2579;4.306;31;233;231;234;235;3.735;49.99;591.1;1.707;675.2;1.110;795.3;1.065;60;0;0;3.650;3.790;3.766;833;874;870;49.99;49.99;49.99;9428;1000;0.0;0;0.0000;0;0;4306;4306;4306
60;2014-03-02 10:14:00;909402N262;2427;4.347;31;233;232;234;235;3.516;50.00;596.1;1.584;672.6;1.053;795.4;1.004;60;0;0;3.451;3.554;3.545;788;816;819;50.00;50.00;50.00;9428;1000;0.0;0;0.0000;0;0;4347;4347;4347
60;2014-03-02 10:15:00;909402N262;2437;4.389;31;233;234;232;234;3.533;50.00;597.4;1.580;672.7;1.061;795.4;1.011;60;0;0;3.492;3.556;3.552;803;813;818;50.00;50.00;50.00;9428;1000;0.0;0;0.0000;0;0;4389;4389;4389
60;2014-03-02 10:16:00;909402N262;2568;4.431;31;234;234;233;234;3.712;50.00;598.3;1.652;660.1;1.133;791.8;1.090;60;0;0;3.663;3.739;3.734;844;860;862;50.00;50.00;50.00;9428;1000;0.0;0;0.0000;0;0;4431;4431;4431
60;2014-03-02 10:17:00;909402N262;2701;4.476;31;234;234;233;234;3.899;49.99;564.2;1.824;676.6;1.178;795.5;1.140;60;0;0;3.863;3.926;3.910;893;903;903;49.99;49.99;49.99;9428;1000;0.0;0;0.0000;0;0;4476;4476;4476
60;2014-03-02 10:18:00;909402N262;2702;4.521;31;234;235;233;234;3.898;49.98;551.6;1.868;676.0;1.178;795.4;1.138;60;0;0;3.858;3.918;3.918;893;899;906;49.98;49.98;49.98;9428;1000;0.0;0;0.0000;0;0;4521;4521;4521
60;2014-03-02 10:19:00;909402N262;2720;4.567;31;234;235;234;234;3.916;49.99;550.3;1.886;678.0;1.180;795.4;1.147;60;0;0;3.871;3.950;3.929;896;912;909;49.99;49.99;49.99;9428;1000;0.0;0;0.0000;0;0;4567;4567;4567
60;2014-03-02 10:20:00;909402N262;2681;4.612;31;234;235;234;234;3.863;49.98;546.0;1.874;675.2;1.170;795.4;1.130;60;0;0;3.814;3.904;3.873;883;901;895;49.98;49.98;49.98;9428;1000;0.0;0;0.0000;0;0;4612;4612;4612
60;2014-03-02 10:21:00;909402N262;2609;4.655;32;234;235;234;234;3.762;49.99;575.3;1.746;674.2;1.137;795.4;1.091;60;0;0;3.727;3.797;3.763;863;878;866;49.99;49.99;49.99;9428;1000;0.0;0;0.0000;0;0;4655;4655;4655
60;2014-03-02 10:22:00;909402N262;2578;4.698;32;234;235;234;234;3.722;49.99;592.3;1.682;674.5;1.120;795.4;1.074;60;0;0;3.689;3.755;3.723;853;866;857;49.99;49.99;49.99;9428;1000;0.0;0;0.0000;0;0;4698;4698;4698
60;2014-03-02 10:23:00;909402N262;2562;4.741;32;234;235;235;234;3.695;49.99;593.3;1.672;674.7;1.112;795.5;1.066;60;0;0;3.656;3.734;3.697;845;864;852;50.00;50.00;50.00;9428;1000;0.0;0;0.0000;0;0;4741;4741;4741
60;2014-03-02 10:24:00;909402N262;2616;4.784;32;234;234;235;233;3.777;49.99;582.2;1.726;674.5;1.140;795.6;1.095;60;0;0;3.735;3.829;3.769;862;887;864;49.99;49.99;49.99;9428;1000;0.0;0;0.0000;0;0;4784;4784;4784
60;2014-03-02 10:25:00;909402N262;2719;4.829;32;234;235;235;232;3.921;49.99;589.0;1.757;678.3;1.180;795.5;1.147;60;0;0;3.889;3.973;3.901;901;923;893;49.99;49.99;49.99;9428;1000;0.0;0;0.0000;0;0;4829;4829;4829
60;2014-03-02 10:26:00;909402N262;2750;4.876;32;234;234;235;232;3.974;49.99;589.7;1.777;678.9;1.192;795.4;1.161;60;0;0;3.947;4.020;3.955;913;931;905;49.99;49.99;49.99;9428;1000;0.0;0;0.0000;0;0;4876;4876;4876
60;2014-03-02 10:27:00;909402N262;2759;4.921;32;234;234;235;232;3.983;49.99;586.2;1.801;677.8;1.196;795.4;1.161;60;0;0;3.948;4.027;3.974;912;934;912;49.99;49.99;49.99;9428;1000;0.0;0;0.0000;0;0;4921;4921;4921
60;2014-03-02 10:28:00;909402N262;2779;4.968;32;234;234;234;233;4.013;49.99;583.2;1.829;676.7;1.204;795.3;1.166;60;0;0;3.967;4.050;4.023;916;936;926;49.99;49.99;49.99;9428;1000;0.0;0;0.0000;0;0;4968;4968;4968
60;2014-03-02 10:29:00;909402N262;2827;5.015;32;233;234;233;234;4.084;49.98;582.5;1.862;677.1;1.223;795.3;1.189;60;0;0;4.038;4.111;4.103;931;946;947;49.98;49.98;49.98;9428;1000;0.0;0;0.0000;0;0;5015;5015;5015
60;2014-03-02 10:30:00;909402N262;2837;5.062;32;234;234;234;233;4.098;49.98;580.4;1.882;675.8;1.225;795.3;1.192;60;0;0;4.059;4.138;4.099;937;953;944;49.98;49.98;49.98;9428;1000;0.0;0;0.0000;0;0;5062;5062;5062
60;2014-03-02 10:31:00;909402N262;2637;5.106;32;233;233;233;233;3.813;49.97;585.9;1.761;662.7;1.148;792.8;1.104;60;0;0;3.764;3.841;3.836;866;884;884;49.97;49.97;49.97;9428;1000;0.0;0;0.0000;0;0;5106;5106;5106
60;2014-03-02 10:32:00;909402N262;2675;5.151;32;233;232;234;234;3.854;49.99;593.6;1.765;673.6;1.153;794.6;1.107;60;0;0;3.794;3.900;3.869;873;904;896;49.99;49.99;49.99;9428;1000;0.0;0;0.0000;0;0;5151;5151;5151
60;2014-03-02 10:33:00;909402N262;2750;5.197;32;234;234;234;233;3.954;50.00;597.0;1.800;674.4;1.185;794.9;1.139;60;0;0;3.912;3.994;3.958;908;925;915;50.00;50.00;50.00;9428;1000;0.0;0;0.0000;0;0;5197;5197;5197
60;2014-03-02 10:34:00;909402N262;2795;5.244;32;234;234;234;233;4.017;50.00;596.5;1.825;674.6;1.207;794.9;1.161;60;0;0;3.981;4.062;4.010;925;942;926;50.01;50.01;50.01;9428;1000;0.0;0;0.0000;0;0;5244;5244;5244
60;2014-03-02 10:35:00;909402N262;2824;5.290;32;233;234;233;233;4.062;50.01;590.1;1.857;675.2;1.220;794.9;1.175;60;0;0;4.017;4.097;4.072;933;946;942;50.01;50.01;50.01;9428;1000;0.0;0;0.0000;0;0;5290;5290;5290
60;2014-03-02 10:36:00;909402N262;2788;5.337;32;234;234;233;234;4.008;50.01;593.9;1.824;678.2;1.198;794.9;1.160;60;0;0;3.961;4.046;4.018;919;936;931;50.01;50.01;50.01;9428;1000;0.0;0;0.0000;0;0;5337;5337;5337
60;2014-03-02 10:37:00;909402N262;2653;5.382;32;234;234;233;234;3.815;50.01;589.1;1.761;680.8;1.128;794.7;1.101;60;0;0;3.769;3.848;3.830;876;888;887;50.01;50.01;50.01;9428;1000;0.0;0;0.0000;0;0;5382;5382;5382
60;2014-03-02 10:38:00;909402N262;2526;5.423;32;234;234;233;234;3.637;50.01;586.9;1.682;680.9;1.073;794.7;1.050;60;0;0;3.582;3.674;3.655;830;848;846;50.01;50.01;50.01;9428;1000;0.0;0;0.0000;0;0;5423;5423;5423
60;2014-03-02 10:39:00;909402N262;2424;5.464;32;233;234;233;234;3.495;50.02;588.0;1.612;679.9;1.030;794.6;1.007;60;0;0;3.444;3.536;3.505;796;816;810;50.02;50.02;50.02;9428;1000;0.0;0;0.0000;0;0;5464;5464;5464
60;2014-03-02 10:40:00;909402N262;2367;5.503;32;233;234;233;234;3.417;50.01;588.1;1.579;677.3;1.008;794.3;0.981;60;0;0;3.375;3.445;3.433;778;794;793;50.01;50.01;50.01;9428;1000;0.0;0;0.0000;0;0;5503;5503;5503
60;2014-03-02 10:41:00;909402N262;2403;5.543;33;233;234;233;234;3.468;50.01;592.9;1.591;673.4;1.031;794.4;0.994;60;0;0;3.414;3.498;3.493;789;804;808;50.01;50.01;50.01;9428;1000;0.0;0;0.0000;0;0;5543;5543;5543
60;2014-03-02 10:42:00;909402N262;2495;5.584;33;233;233;232;235;3.597;50.01;593.7;1.641;671.1;1.081;794.6;1.034;60;0;0;3.546;3.609;3.636;819;828;846;50.01;50.01;50.01;9428;1000;0.0;0;0.0000;0;0;5584;5584;5584
60;2014-03-02 10:43:00;909402N262;2557;5.627;33;234;234;232;235;3.681;50.01;592.3;1.686;673.0;1.105;794.7;1.059;60;0;0;3.627;3.689;3.728;839;848;868;50.01;50.01;50.01;9428;1000;0.0;0;0.0000;0;0;5627;5627;5627
60;2014-03-02 10:44:00;909402N262;2613;5.671;33;234;233;233;235;3.758;50.00;590.0;1.727;672.6;1.131;794.6;1.084;60;0;0;3.710;3.774;3.792;859;870;881;50.00;50.00;50.00;9428;1000;0.0;0;0.0000;0;0;5671;5671;5671
60;2014-03-02 10:45:00;909402N262;2660;5.715;33;234;233;233;235;3.824;50.00;590.1;1.754;673.8;1.150;794.5;1.106;60;0;0;3.769;3.846;3.859;872;888;898;50.00;50.00;50.00;9428;1000;0.0;0;0.0000;0;0;5715;5715;5715
60;2014-03-02 10:46:00;909402N262;2586;5.758;33;234;233;233;235;3.722;49.99;585.6;1.733;659.6;1.129;787.4;1.086;60;0;0;3.664;3.741;3.762;845;863;875;49.99;49.99;49.99;9428;1000;0.0;0;0.0000;0;0;5758;5758;5758
60;2014-03-02 10:47:00;909402N262;2618;5.803;33;234;233;234;235;3.787;49.98;592.0;1.725;678.3;1.121;795.3;1.087;60;0;0;3.730;3.814;3.817;857;877;882;49.98;49.98;49.98;9428;1000;0.0;0;0.0000;0;0;5803;5803;5803
60;2014-03-02 10:48:00;909402N262;2696;5.848;33;233;233;233;235;3.898;49.98;579.1;1.800;676.6;1.162;795.5;1.129;60;0;0;3.845;3.913;3.936;885;899;910;49.98;49.98;49.98;9428;1000;0.0;0;0.0000;0;0;5848;5848;5848
60;2014-03-02 10:49:00;909402N262;2712;5.892;33;233;233;231;235;3.928;49.98;579.3;1.817;675.2;1.170;795.2;1.131;60;0;0;3.889;3.928;3.969;895;896;919;49.98;49.98;49.98;9428;1000;0.0;0;0.0000;0;0;5892;5892;5892
60;2014-03-02 10:50:00;909402N262;2723;5.938;33;233;233;231;235;3.942;49.99;583.7;1.811;674.0;1.176;795.3;1.135;60;0;0;3.905;3.936;3.985;898;898;925;49.99;49.99;49.99;9428;1000;0.0;0;0.0000;0;0;5938;5938;5938
60;2014-03-02 10:51:00;909402N262;2691;5.982;33;233;233;231;235;3.894;50.00;597.2;1.757;673.8;1.161;795.4;1.118;60;0;0;3.839;3.893;3.951;884;888;917;50.00;50.00;50.00;9428;1000;0.0;0;0.0000;0;0;5982;5982;5982
60;2014-03-02 10:52:00;909402N262;2769;6.029;33;233;234;231;235;4.004;49.99;591.6;1.816;673.7;1.200;795.3;1.154;60;0;0;3.968;3.999;4.045;915;914;938;49.99;49.99;49.99;9428;1000;0.0;0;0.0000;0;0;6029;6029;6029
60;2014-03-02 10:53:00;909402N262;2866;6.076;33;233;233;231;235;4.144;50.00;584.1;1.901;674.4;1.241;795.3;1.197;60;0;0;4.106;4.139;4.188;947;945;973;50.00;50.00;50.00;9428;1000;0.0;0;0.0000;0;0;6076;6076;6076
60;2014-03-02 10:54:00;909402N262;2825;6.124;33;233;233;231;235;4.084;49.99;596.2;1.837;676.8;1.218;795.3;1.176;60;0;0;4.042;4.085;4.126;932;933;958;49.99;49.99;49.99;9428;1000;0.0;0;0.0000;0;0;6124;6124;6124
60;2014-03-02 10:55:00;909402N262;2845;6.172;33;233;234;232;235;4.110;49.99;585.1;1.882;678.6;1.223;795.3;1.189;60;0;0;4.077;4.108;4.146;941;939;963;49.99;49.99;49.99;9428;1000;0.0;0;0.0000;0;0;6172;6172;6172
60;2014-03-02 10:56:00;909402N262;2937;6.220;33;234;234;232;235;4.238;50.00;584.7;1.944;678.7;1.262;795.3;1.228;60;0;0;4.199;4.237;4.278;972;970;993;50.00;50.00;50.00;9428;1000;0.0;0;0.0000;0;0;6220;6220;6220
60;2014-03-02 10:57:00;909402N262;3002;6.269;33;233;234;232;234;4.334;49.99;583.5;1.994;677.6;1.288;795.4;1.257;60;0;0;4.293;4.356;4.355;991;1000;1009;49.99;49.99;49.99;9428;1000;0.0;0;0.0000;0;0;6269;6269;6269
60;2014-03-02 10:58:00;909402N262;2953;6.319;33;233;234;232;235;4.264;49.99;583.6;1.968;676.9;1.266;795.3;1.234;60;0;0;4.219;4.286;4.288;974;983;994;49.99;49.99;49.99;9428;1000;0.0;0;0.0000;0;0;6319;6319;6319
60;2014-03-02 10:59:00;909402N262;2953;6.368;33;233;234;231;235;4.266;49.99;577.8;1.991;675.0;1.266;795.3;1.235;60;0;0;4.227;4.273;4.300;976;977;998;49.99;49.99;49.99;9428;1000;0.0;0;0.0000;0;0;6368;6368;6368
60;2014-03-02 11:00:00;909402N262;2844;6.415;33;233;233;232;234;4.114;50.02;583.6;1.906;675.4;1.218;795.2;1.183;60;0;0;4.067;4.136;4.139;937;946;958;50.02;50.02;50.02;9428;1000;0.0;0;0.0000;0;0;6415;6415;6415
[wr_ende]
