20141219;130003;danfoss;My Plant;+0100
[wr_def_start]
909402N262;Inverter Type;Inverter Group;Hanzl
[wr_def_end]
[wr]
INTERVAL;TIMESTAMP;SERIAL;P_AC;E_DAY;T_WR;U_AC;U_AC_1;U_AC_2;U_AC_3;I_AC;F_AC;U_DC_1;I_DC_1;U_DC_2;I_DC_2;U_DC_3;I_DC_3;S;E_WR;M_WR;I_AC_1;I_AC_2;I_AC_3;P_AC_1;P_AC_2;P_AC_3;F_AC_1;F_AC_2;F_AC_3;R_DC;PC;PCS;PCS_LL;COS_PHI;COS_PHI_LL;S_COS_PHI;Current_Day_Energy;current_Day_Offset;ccEnergyOfDay_WithoutOffset
60;2014-12-19 12:01:00;909402N262;4876;8.001;43;233;232;233;235;7.011;49.99;528.7;5.365;493.4;1.858;599.4;2.054;60;0;0;6.920;7.052;7.063;1597;1632;1645;49.99;49.99;49.99;849;1000;0.0;0;1.0000;0;2;8001;8001;8001
60;2014-12-19 12:02:00;909402N262;4952;8.083;43;234;233;233;235;7.107;49.99;532.4;5.385;477.6;1.962;605.4;2.057;60;0;0;7.029;7.146;7.148;1628;1657;1666;49.99;49.99;49.99;849;1000;0.0;0;1.0000;0;2;8083;8083;8083
60;2014-12-19 12:03:00;909402N262;4974;8.166;44;233;233;233;235;7.146;49.99;532.2;5.391;499.9;1.904;608.3;2.053;60;0;0;7.066;7.178;7.196;1634;1661;1677;49.99;49.99;49.99;849;1000;0.0;0;1.0000;0;2;8166;8166;8166
60;2014-12-19 12:04:00;909402N262;4997;8.250;44;233;233;233;234;7.183;49.98;531.9;5.397;518.5;1.860;609.9;2.060;60;0;0;7.118;7.217;7.214;1647;1672;1677;49.98;49.98;49.98;849;1000;0.0;0;1.0000;0;2;8250;8250;8250
60;2014-12-19 12:05:00;909402N262;5057;8.335;44;233;232;235;234;7.263;49.98;531.6;5.411;524.3;1.898;617.3;2.073;60;0;0;7.172;7.348;7.271;1654;1713;1688;49.98;49.98;49.98;849;1000;0.0;0;1.0000;0;2;8335;8335;8335
60;2014-12-19 12:06:00;909402N262;5075;8.418;44;233;231;235;234;7.290;49.98;531.3;5.417;511.9;1.975;618.0;2.071;60;0;0;7.163;7.396;7.311;1646;1728;1700;49.98;49.98;49.98;849;1000;0.0;0;1.0000;0;2;8418;8418;8418
60;2014-12-19 12:07:00;909402N262;5079;8.503;44;233;231;235;234;7.299;49.98;530.9;5.426;511.4;1.979;618.9;2.069;60;0;0;7.161;7.410;7.327;1645;1729;1704;49.98;49.98;49.98;849;1000;0.0;0;1.0000;0;2;8503;8503;8503
60;2014-12-19 12:08:00;909402N262;5102;8.588;44;233;231;235;233;7.335;49.98;531.0;5.430;511.2;1.981;628.4;2.070;60;0;0;7.219;7.444;7.343;1660;1737;1703;49.98;49.98;49.98;849;1000;0.0;0;1.0000;0;2;8588;8588;8588
60;2014-12-19 12:09:00;909402N262;5127;8.674;44;233;231;235;233;7.377;49.99;531.0;5.437;511.2;1.984;634.3;2.082;60;0;0;7.251;7.486;7.394;1663;1747;1716;49.99;49.99;49.99;849;1000;0.0;0;1.0000;0;2;8674;8674;8674
60;2014-12-19 12:10:00;909402N262;5128;8.758;44;233;230;235;233;7.378;49.98;531.0;5.442;511.1;1.986;633.0;2.082;60;0;0;7.241;7.494;7.400;1659;1750;1717;49.98;49.98;49.98;849;1000;0.0;0;1.0000;0;2;8758;8758;8758
60;2014-12-19 12:11:00;909402N262;5123;8.845;44;233;230;234;234;7.374;49.99;531.0;5.447;511.2;1.986;628.2;2.086;60;0;0;7.226;7.490;7.407;1653;1747;1721;49.99;49.99;49.99;849;1000;0.0;0;1.0000;0;2;8845;8845;8845
60;2014-12-19 12:12:00;909402N262;5120;8.931;44;233;229;234;234;7.376;49.99;530.9;5.448;511.1;1.986;626.5;2.086;60;0;0;7.218;7.489;7.422;1647;1746;1725;49.99;49.99;49.99;849;1000;0.0;0;1.0000;0;2;8931;8931;8931
60;2014-12-19 12:13:00;909402N262;5187;9.016;44;233;230;235;234;7.466;49.99;530.7;5.460;546.7;1.927;641.8;2.074;60;0;0;7.316;7.586;7.496;1672;1771;1743;49.99;49.99;49.99;849;1000;0.0;0;1.0000;0;2;9016;9016;9016
60;2014-12-19 12:14:00;909402N262;5244;9.104;44;233;230;235;234;7.545;49.99;530.5;5.474;545.7;1.995;654.7;2.059;60;0;0;7.395;7.653;7.588;1691;1786;1766;49.99;49.99;49.99;849;1000;0.0;0;1.0000;0;2;9104;9104;9104
60;2014-12-19 12:15:00;909402N262;5264;9.192;44;233;230;235;234;7.568;49.99;530.5;5.485;546.1;1.998;653.4;2.082;60;0;0;7.410;7.690;7.605;1694;1798;1771;49.99;49.99;49.99;849;1000;0.0;0;1.0000;0;2;9192;9192;9192
60;2014-12-19 12:16:00;909402N262;5223;9.279;44;233;229;235;234;7.533;49.99;527.3;5.483;536.3;2.011;659.3;2.080;60;0;0;7.376;7.621;7.602;1676;1782;1763;49.99;49.99;49.99;849;1000;0.0;0;1.0000;0;2;9279;9279;9279
60;2014-12-19 12:17:00;909402N262;5314;9.367;44;233;230;235;234;7.631;50.00;530.1;5.500;545.7;2.002;670.2;2.091;60;0;0;7.469;7.730;7.696;1709;1808;1795;50.00;50.00;50.00;849;1000;0.0;0;1.0000;0;2;9367;9367;9367
60;2014-12-19 12:18:00;909402N262;5325;9.456;44;233;230;235;235;7.643;50.00;529.9;5.504;545.3;2.003;673.9;2.095;60;0;0;7.480;7.746;7.704;1713;1812;1798;50.00;50.00;50.00;849;1000;0.0;0;1.0000;0;2;9456;9456;9456
60;2014-12-19 12:19:00;909402N262;5327;9.545;44;233;230;235;234;7.654;50.00;529.9;5.508;545.0;2.004;673.8;2.097;60;0;0;7.500;7.746;7.717;1716;1811;1798;50.00;50.00;50.00;849;1000;0.0;0;1.0000;0;2;9545;9545;9545
60;2014-12-19 12:20:00;909402N262;5334;9.634;44;233;230;235;234;7.658;50.00;529.7;5.516;544.7;2.005;674.6;2.099;60;0;0;7.505;7.752;7.719;1719;1814;1799;50.00;50.00;50.00;849;1000;0.0;0;1.0000;0;2;9634;9634;9634
60;2014-12-19 12:21:00;909402N262;5355;9.722;44;233;230;235;235;7.683;49.99;529.9;5.516;544.5;2.004;687.3;2.091;60;0;0;7.523;7.798;7.730;1723;1826;1804;49.99;49.99;49.99;849;1000;0.0;0;1.0000;0;2;9722;9722;9722
60;2014-12-19 12:22:00;909402N262;5367;9.811;44;233;230;236;234;7.703;50.00;529.8;5.513;544.3;2.002;694.2;2.095;60;0;0;7.542;7.822;7.746;1727;1833;1805;50.00;50.00;50.00;849;1000;0.0;0;1.0000;0;2;9811;9811;9811
60;2014-12-19 12:23:00;909402N262;5380;9.901;44;234;231;236;234;7.712;50.01;529.8;5.512;563.3;1.949;696.1;2.095;60;0;0;7.559;7.816;7.762;1735;1832;1810;50.01;50.01;50.01;849;1000;0.0;0;1.0000;0;2;9901;9901;9901
60;2014-12-19 12:24:00;909402N262;5427;9.990;44;233;231;235;234;7.781;50.00;529.9;5.518;576.4;1.955;701.6;2.099;60;0;0;7.629;7.895;7.821;1751;1850;1824;50.00;50.00;50.00;849;1000;0.0;0;1.0000;0;2;9990;9990;9990
60;2014-12-19 12:25:00;909402N262;5466;10.082;44;233;230;235;234;7.848;50.00;529.8;5.523;579.4;1.997;704.4;2.100;60;0;0;7.699;7.933;7.913;1767;1853;1844;50.00;50.00;50.00;849;1000;0.0;0;1.0000;0;2;10082;10082;10082
60;2014-12-19 12:26:00;909402N262;5489;10.175;44;233;231;234;233;7.892;50.00;529.6;5.536;578.2;2.008;707.6;2.109;60;0;0;7.771;7.975;7.932;1785;1859;1843;50.00;50.00;50.00;849;1000;0.0;0;1.0000;0;2;10175;10175;10175
60;2014-12-19 12:27:00;909402N262;5516;10.267;44;233;231;234;233;7.929;49.99;529.1;5.551;577.7;2.012;716.2;2.113;60;0;0;7.812;8.032;7.944;1795;1874;1845;49.99;49.99;49.99;849;1000;0.0;0;1.0000;0;2;10267;10267;10267
60;2014-12-19 12:28:00;909402N262;5534;10.360;44;233;230;235;233;7.959;50.00;529.3;5.557;577.5;2.013;721.7;2.116;60;0;0;7.828;8.068;7.983;1795;1885;1853;50.00;50.00;50.00;849;1000;0.0;0;1.0000;0;2;10360;10360;10360
60;2014-12-19 12:29:00;909402N262;5547;10.452;44;233;232;234;233;7.963;49.99;529.5;5.560;577.3;2.014;724.7;2.121;60;0;0;7.866;8.055;7.970;1815;1880;1850;49.99;49.99;49.99;849;1000;0.0;0;1.0000;0;2;10452;10452;10452
60;2014-12-19 12:30:00;909402N262;5554;10.544;44;233;232;234;234;7.981;50.00;529.4;5.567;577.4;2.014;724.4;2.126;60;0;0;7.889;8.040;8.015;1820;1869;1864;50.00;50.00;50.00;849;1000;0.0;0;1.0000;0;2;10544;10544;10544
60;2014-12-19 12:31:00;909402N262;5540;10.635;44;233;231;233;234;7.970;49.98;525.8;5.576;565.6;2.033;732.9;2.133;60;0;0;7.888;8.030;7.992;1814;1870;1855;49.98;49.98;49.98;849;1000;0.0;0;1.0000;0;2;10635;10635;10635
60;2014-12-19 12:32:00;909402N262;5621;10.729;44;232;231;233;233;8.122;49.97;528.8;5.578;576.8;2.016;749.9;2.133;60;0;0;8.031;8.191;8.144;1842;1894;1884;49.97;49.97;49.97;849;1000;0.0;0;1.0000;0;2;10729;10729;10729
60;2014-12-19 12:33:00;909402N262;5624;10.823;44;233;232;234;234;8.103;49.98;528.6;5.580;589.1;1.977;750.2;2.133;60;0;0;8.033;8.161;8.115;1849;1891;1882;49.98;49.98;49.98;849;1000;0.0;0;1.0000;0;2;10823;10823;10823
60;2014-12-19 12:34:00;909402N262;5621;10.917;44;233;230;234;234;8.100;49.98;528.4;5.561;593.2;1.981;750.3;2.129;60;0;0;7.962;8.205;8.135;1819;1909;1891;49.98;49.98;49.98;849;1000;0.0;0;1.0000;0;2;10917;10917;10917
60;2014-12-19 12:35:00;909402N262;5635;11.011;44;233;230;234;234;8.130;49.98;537.1;5.485;586.5;2.010;752.6;2.126;60;0;0;8.000;8.230;8.162;1826;1913;1894;49.98;49.98;49.98;849;1000;0.0;0;1.0000;0;2;11011;11011;11011
60;2014-12-19 12:36:00;909402N262;5669;11.105;44;233;230;235;234;8.169;49.98;544.9;5.457;586.7;2.009;759.1;2.117;60;0;0;8.028;8.298;8.182;1835;1936;1897;49.98;49.98;49.98;849;1000;0.0;0;1.0000;0;2;11105;11105;11105
60;2014-12-19 12:37:00;909402N262;5705;11.200;44;233;231;235;234;8.219;49.98;538.9;5.559;595.9;1.988;758.0;2.129;60;0;0;8.087;8.330;8.240;1850;1942;1911;49.98;49.98;49.98;849;1000;0.0;0;1.0000;0;2;11200;11200;11200
60;2014-12-19 12:38:00;909402N262;5739;11.296;44;233;230;235;234;8.270;49.99;538.4;5.579;609.6;1.989;755.9;2.132;60;0;0;8.131;8.391;8.289;1858;1957;1922;49.99;49.99;49.99;849;1000;0.0;0;1.0000;0;2;11296;11296;11296
60;2014-12-19 12:39:00;909402N262;5707;11.391;44;233;231;235;234;8.220;49.98;537.9;5.584;604.5;2.011;751.2;2.099;60;0;0;8.100;8.321;8.239;1857;1938;1911;49.98;49.98;49.98;849;1000;0.0;0;1.0000;0;2;11391;11391;11391
60;2014-12-19 12:40:00;909402N262;5684;11.485;44;233;233;234;234;8.147;49.98;537.7;5.603;604.2;2.018;725.6;2.132;60;0;0;8.074;8.211;8.157;1871;1914;1897;49.98;49.98;49.98;849;1000;0.0;0;1.0000;0;2;11485;11485;11485
60;2014-12-19 12:41:00;909402N262;5666;11.581;44;234;233;234;234;8.121;49.99;537.7;5.619;604.2;2.021;725.7;2.090;60;0;0;8.055;8.172;8.137;1869;1902;1893;49.99;49.99;49.99;849;1000;0.0;0;1.0000;0;2;11581;11581;11581
60;2014-12-19 12:42:00;909402N262;5580;11.676;44;234;233;234;234;7.999;50.00;538.7;5.621;604.2;2.021;703.1;2.031;60;0;0;7.926;8.049;8.023;1838;1874;1866;50.00;50.00;50.00;849;1000;0.0;0;1.0000;0;2;11676;11676;11676
60;2014-12-19 12:43:00;909402N262;5520;11.767;44;233;232;234;234;7.915;49.99;538.5;5.628;604.1;2.022;605.8;2.264;60;0;0;7.829;7.985;7.933;1812;1860;1847;49.99;49.99;49.99;849;1000;0.0;0;1.0000;0;2;11767;11767;11767
60;2014-12-19 12:44:00;909402N262;5498;11.859;44;233;231;235;234;7.882;49.99;538.4;5.627;615.6;1.991;593.9;2.264;60;0;0;7.765;7.977;7.906;1790;1863;1843;49.99;49.99;49.99;849;1000;0.0;0;1.0000;0;2;11859;11859;11859
60;2014-12-19 12:45:00;909402N262;5496;11.950;44;234;232;235;234;7.871;49.99;538.5;5.625;616.7;2.014;559.6;2.375;60;0;0;7.752;7.961;7.901;1788;1864;1843;49.99;49.99;49.99;849;1000;0.0;0;1.0000;0;2;11950;11950;11950
60;2014-12-19 12:46:00;909402N262;5463;12.041;44;233;231;235;234;7.834;49.98;535.0;5.621;615.7;2.016;536.1;2.495;60;0;0;7.706;7.938;7.858;1774;1856;1830;49.98;49.98;49.98;849;1000;0.0;0;1.0000;0;2;12041;12041;12041
60;2014-12-19 12:47:00;909402N262;5545;12.133;44;233;231;235;234;7.954;49.99;538.1;5.625;619.4;2.014;455.2;3.033;60;0;0;7.827;8.058;7.978;1801;1884;1857;49.99;49.99;49.99;849;1000;0.0;0;1.0000;0;2;12133;12133;12133
60;2014-12-19 12:48:00;909402N262;5543;12.226;44;233;231;234;234;7.950;50.00;537.9;5.625;619.3;2.012;455.1;3.033;60;0;0;7.830;8.028;7.993;1804;1875;1863;50.00;50.00;50.00;849;1000;0.0;0;1.0000;0;2;12226;12226;12226
60;2014-12-19 12:49:00;909402N262;5546;12.319;44;233;232;234;233;7.954;49.99;537.7;5.630;618.7;2.014;455.2;3.035;60;0;0;7.865;8.024;7.973;1819;1871;1854;49.99;49.99;49.99;849;1000;0.0;0;1.0000;0;2;12319;12319;12319
60;2014-12-19 12:50:00;909402N262;5544;12.411;44;233;233;234;234;7.947;50.00;537.6;5.631;618.4;2.012;455.1;3.034;60;0;0;7.876;7.993;7.973;1827;1861;1855;50.00;50.00;50.00;849;1000;0.0;0;1.0000;0;2;12411;12411;12411
60;2014-12-19 12:51:00;909402N262;5547;12.503;44;233;232;233;234;7.960;49.99;538.4;5.622;623.9;2.003;455.3;3.028;60;0;0;7.876;8.017;7.988;1823;1864;1858;49.99;49.99;49.99;849;1000;0.0;0;1.0000;0;2;12503;12503;12503
60;2014-12-19 12:52:00;909402N262;5567;12.597;44;233;232;234;234;7.986;50.00;538.3;5.630;630.8;2.003;455.4;3.032;60;0;0;7.871;8.059;8.029;1816;1877;1871;50.00;50.00;50.00;849;1000;0.0;0;1.0000;0;2;12597;12597;12597
60;2014-12-19 12:53:00;909402N262;5592;12.689;44;233;232;234;234;8.015;50.01;539.1;5.634;636.8;2.008;455.5;3.034;60;0;0;7.900;8.079;8.068;1824;1885;1881;50.01;50.01;50.01;849;1000;0.0;0;1.0000;0;2;12689;12689;12689
60;2014-12-19 12:54:00;909402N262;5600;12.783;44;233;232;235;234;8.023;50.00;540.9;5.627;637.5;2.006;456.6;3.031;60;0;0;7.907;8.096;8.068;1827;1891;1879;50.00;50.00;50.00;849;1000;0.0;0;1.0000;0;2;12783;12783;12783
60;2014-12-19 12:55:00;909402N262;5607;12.877;44;233;231;235;234;8.037;49.99;541.4;5.630;637.9;2.004;457.5;3.030;60;0;0;7.880;8.143;8.088;1811;1908;1886;49.99;49.99;49.99;849;1000;0.0;0;1.0000;0;2;12877;12877;12877
60;2014-12-19 12:56:00;909402N262;5609;12.970;44;233;231;235;234;8.046;49.99;541.5;5.631;638.1;2.002;457.9;3.030;60;0;0;7.899;8.147;8.092;1817;1902;1888;49.99;49.99;49.99;849;1000;0.0;0;1.0000;0;2;12970;12970;12970
60;2014-12-19 12:57:00;909402N262;5598;13.063;44;233;231;233;234;8.040;50.00;541.1;5.624;637.8;2.000;457.8;3.027;60;0;0;7.924;8.087;8.111;1824;1879;1893;50.00;50.00;50.00;849;1000;0.0;0;1.0000;0;2;13063;13063;13063
60;2014-12-19 12:58:00;909402N262;5589;13.156;44;233;231;234;234;8.019;50.01;540.9;5.620;637.2;1.997;457.4;3.024;60;0;0;7.902;8.082;8.074;1820;1884;1882;50.01;50.01;50.01;849;1000;0.0;0;1.0000;0;2;13156;13156;13156
60;2014-12-19 12:59:00;909402N262;5584;13.249;44;233;232;234;234;8.013;50.00;540.7;5.616;636.9;1.996;457.3;3.022;60;0;0;7.910;8.073;8.057;1824;1879;1878;50.00;50.00;50.00;849;1000;0.0;0;1.0000;0;2;13249;13249;13249
60;2014-12-19 13:00:00;909402N262;5584;13.343;44;234;233;233;235;7.999;49.99;540.7;5.616;636.8;1.995;457.5;3.022;60;0;0;7.920;8.026;8.051;1836;1866;1880;49.99;49.99;49.99;849;1000;0.0;0;1.0000;0;2;13343;13343;13343
[wr_ende]
