20141203;090004;danfoss;My Plant;+0100
[wr_def_start]
909402N262;Inverter Type;Inverter Group;Hanzl
[wr_def_end]
[wr]
INTERVAL;TIMESTAMP;SERIAL;P_AC;E_DAY;T_WR;U_AC;U_AC_1;U_AC_2;U_AC_3;I_AC;F_AC;U_DC_1;I_DC_1;U_DC_2;I_DC_2;U_DC_3;I_DC_3;S;E_WR;M_WR;I_AC_1;I_AC_2;I_AC_3;P_AC_1;P_AC_2;P_AC_3;F_AC_1;F_AC_2;F_AC_3;R_DC;PC;PCS;PCS_LL;COS_PHI;COS_PHI_LL;S_COS_PHI;Current_Day_Energy;current_Day_Offset;ccEnergyOfDay_WithoutOffset
60;2014-12-03 08:01:00;909402N262;0;0.000;22;231;230;231;231;0.000;50.02;229.8;0.000;229.6;0.000;230.3;0.000;50;0;0;0.000;0.000;0.000;0;0;0;50.02;50.02;50.02;0;1000;0.0;0;1.0000;0;2;0;0;0
60;2014-12-03 08:02:00;909402N262;0;0.000;22;230;230;230;231;0.000;50.03;230.5;0.000;230.0;0.000;231.6;0.000;50;0;0;0.000;0.000;0.000;0;0;0;50.02;50.02;50.02;0;1000;0.0;0;1.0000;0;2;0;0;0
60;2014-12-03 08:03:00;909402N262;0;0.000;22;230;229;231;231;0.000;50.00;234.6;0.000;234.1;0.000;234.8;0.000;50;0;0;0.000;0.000;0.000;0;0;0;50.00;50.00;50.00;0;1000;0.0;0;1.0000;0;2;0;0;0
60;2014-12-03 08:04:00;909402N262;0;0.000;22;232;231;232;232;0.000;50.01;236.3;0.000;235.7;0.000;236.3;0.000;50;0;0;0.000;0.000;0.000;0;0;0;50.01;50.01;50.01;0;1000;0.0;0;1.0000;0;2;0;0;0
60;2014-12-03 08:05:00;909402N262;0;0.000;22;232;231;233;233;0.000;50.00;236.3;0.000;235.7;0.000;236.1;0.000;50;0;0;0.000;0.000;0.000;0;0;0;50.00;50.00;50.00;0;1000;0.0;0;1.0000;0;2;0;0;0
60;2014-12-03 08:06:00;909402N262;0;0.000;22;232;232;233;232;0.000;49.99;241.2;0.000;240.7;0.000;241.2;0.000;50;0;0;0.000;0.000;0.000;0;0;0;49.99;49.99;49.99;0;1000;0.0;0;1.0000;0;2;0;0;0
60;2014-12-03 08:07:00;909402N262;0;0.000;22;232;231;233;232;0.000;49.99;251.3;0.000;250.7;0.000;251.0;0.000;50;0;0;0.000;0.000;0.000;0;0;0;49.99;49.99;49.99;0;1000;0.0;0;1.0000;0;2;0;0;0
60;2014-12-03 08:08:00;909402N262;0;0.000;22;232;231;234;232;0.000;49.99;264.6;0.000;264.2;0.000;264.7;0.000;50;0;0;0.000;0.000;0.000;0;0;0;49.99;49.99;49.99;0;1000;0.0;0;1.0000;0;2;0;0;0
60;2014-12-03 08:09:00;909402N262;0;0.000;22;232;231;233;232;0.000;49.99;260.7;0.000;260.1;0.000;260.7;0.000;50;0;0;0.000;0.000;0.000;0;0;0;49.99;49.99;49.99;0;1000;0.0;0;1.0000;0;2;0;0;0
60;2014-12-03 08:10:00;909402N262;0;0.000;22;232;231;233;233;0.000;49.99;249.1;0.000;248.6;0.000;249.2;0.000;50;0;0;0.000;0.000;0.000;0;0;0;49.99;49.99;49.99;0;1000;0.0;0;1.0000;0;2;0;0;0
60;2014-12-03 08:11:00;909402N262;0;0.000;22;232;232;233;232;0.000;50.00;258.0;0.000;257.5;0.000;257.8;0.000;50;0;0;0.000;0.000;0.000;0;0;0;50.00;50.00;50.00;0;1000;0.0;0;1.0000;0;2;0;0;0
60;2014-12-03 08:12:00;909402N262;0;0.000;22;232;232;233;232;0.000;49.98;260.4;0.000;260.1;0.000;260.0;0.000;50;0;0;0.000;0.000;0.000;0;0;0;49.98;49.98;49.98;0;1000;0.0;0;1.0000;0;2;0;0;0
60;2014-12-03 08:13:00;909402N262;0;0.000;22;232;231;233;232;0.000;49.99;252.0;0.000;251.9;0.000;252.0;0.000;50;0;0;0.000;0.000;0.000;0;0;0;49.99;49.99;49.99;0;1000;0.0;0;1.0000;0;2;0;0;0
60;2014-12-03 08:14:00;909402N262;0;0.000;22;232;231;233;232;0.010;49.99;300.5;0.000;298.4;0.000;299.7;0.000;50;0;0;0.010;0.009;0.011;0;0;0;49.99;49.99;49.99;0;1000;0.0;0;1.0000;0;2;0;0;0
60;2014-12-03 08:15:00;909402N262;0;0.000;22;232;231;233;232;0.002;49.99;465.0;0.002;420.3;0.000;493.3;0.000;51;0;0;0.003;0.002;0.003;0;0;0;49.99;49.99;49.99;1201;1000;0.0;0;1.0000;0;2;0;0;0
60;2014-12-03 08:16:00;909402N262;0;0.000;22;232;232;232;233;0.002;49.99;442.7;0.012;391.7;0.000;443.3;0.001;52;0;0;0.008;0.000;0.000;0;0;0;49.98;49.98;49.98;5705;1000;0.0;0;1.0000;0;2;0;0;0
60;2014-12-03 08:17:00;909402N262;0;0.000;22;232;231;232;234;0.275;49.99;455.8;0.015;355.7;0.001;342.7;0.002;60;0;0;0.082;0.171;0.573;8;12;0;49.99;49.99;49.99;5705;1000;0.0;0;1.0000;0;2;0;0;0
60;2014-12-03 08:18:00;909402N262;0;0.000;23;232;230;232;234;0.290;49.99;438.1;0.016;319.3;0.001;291.7;0.003;60;0;0;0.079;0.230;0.563;9;16;0;49.99;49.99;49.99;5705;1000;0.0;0;1.0000;0;2;0;0;0
60;2014-12-03 08:19:00;909402N262;3;0.000;23;232;230;232;234;0.344;49.99;447.7;0.023;365.3;0.005;403.1;0.005;60;0;0;0.152;0.251;0.630;19;9;0;49.99;49.99;49.99;5705;1000;0.0;0;1.0000;0;2;0;0;0
60;2014-12-03 08:20:00;909402N262;8;0.000;23;232;231;232;234;0.345;49.99;460.8;0.028;360.5;0.007;497.3;0.007;60;0;0;0.196;0.273;0.567;14;15;1;49.99;49.99;49.99;5705;1000;0.0;0;1.0000;0;2;0;0;0
60;2014-12-03 08:21:00;909402N262;11;0.002;23;232;231;232;233;0.379;49.99;464.2;0.031;383.5;0.008;520.0;0.007;60;0;0;0.243;0.302;0.594;10;16;0;49.99;49.99;49.99;5705;1000;0.0;0;1.0000;0;2;2;2;2
60;2014-12-03 08:22:00;909402N262;8;0.002;23;232;231;231;233;0.379;49.99;462.9;0.028;324.5;0.007;506.7;0.007;60;0;0;0.231;0.263;0.645;13;19;0;49.99;49.99;49.99;5705;1000;0.0;0;1.0000;0;2;2;2;2
60;2014-12-03 08:23:00;909402N262;11;0.002;23;232;231;231;233;0.359;49.99;467.5;0.030;376.3;0.009;523.9;0.008;60;0;0;0.217;0.244;0.618;18;10;0;49.99;49.99;49.99;5705;1000;0.0;0;1.0000;0;2;2;2;2
60;2014-12-03 08:24:00;909402N262;15;0.003;23;232;231;231;234;0.387;49.99;477.9;0.034;446.0;0.008;547.2;0.011;60;0;0;0.241;0.243;0.677;28;15;0;49.99;49.99;49.99;5705;1000;0.0;0;1.0000;0;2;3;3;3
60;2014-12-03 08:25:00;909402N262;11;0.004;23;231;230;231;234;0.413;50.00;467.3;0.031;366.6;0.008;520.3;0.007;60;0;0;0.275;0.246;0.718;37;19;0;49.99;49.99;50.00;5705;1000;0.0;0;1.0000;0;2;4;4;4
60;2014-12-03 08:26:00;909402N262;15;0.005;23;232;230;231;234;0.393;50.00;474.6;0.033;428.6;0.009;536.3;0.010;60;0;0;0.255;0.219;0.706;34;14;0;50.00;50.00;50.00;5705;1000;0.0;0;1.0000;0;2;5;5;5
60;2014-12-03 08:27:00;909402N262;18;0.005;23;232;231;231;234;0.373;50.00;478.9;0.036;466.5;0.009;523.1;0.011;60;0;0;0.244;0.253;0.622;28;15;0;50.00;50.00;50.00;5705;1000;0.0;0;1.0000;0;2;5;5;5
60;2014-12-03 08:28:00;909402N262;10;0.006;23;232;231;232;233;0.334;50.02;466.5;0.031;359.1;0.007;481.4;0.007;60;0;0;0.195;0.236;0.573;13;16;0;50.02;50.02;50.02;5705;1000;0.0;0;1.0000;0;2;6;6;6
60;2014-12-03 08:29:00;909402N262;3;0.007;23;232;230;232;233;0.321;50.01;448.0;0.025;367.0;0.006;302.5;0.007;60;0;0;0.129;0.289;0.547;9;21;0;50.01;50.01;50.01;5705;1000;0.0;0;1.0000;0;2;7;7;7
60;2014-12-03 08:30:00;909402N262;7;0.007;23;232;230;232;233;0.345;50.00;455.7;0.027;391.5;0.006;423.1;0.007;60;0;0;0.176;0.275;0.586;20;9;0;50.00;50.00;50.00;5705;1000;0.0;0;1.0000;0;2;7;7;7
60;2014-12-03 08:31:00;909402N262;8;0.007;23;232;230;232;234;0.357;50.00;455.3;0.029;328.6;0.007;504.4;0.007;60;0;0;0.177;0.283;0.613;18;12;0;50.00;50.00;50.00;5705;1000;0.0;0;1.0000;0;2;7;7;7
60;2014-12-03 08:32:00;909402N262;11;0.008;23;232;230;232;234;0.366;50.00;462.9;0.031;368.2;0.007;516.2;0.007;60;0;0;0.202;0.282;0.615;24;7;0;50.00;50.00;50.00;5705;1000;0.0;0;1.0000;0;2;8;8;8
60;2014-12-03 08:33:00;909402N262;13;0.008;23;232;230;232;234;0.350;50.02;471.9;0.032;412.3;0.008;529.8;0.008;60;0;0;0.179;0.274;0.597;22;8;1;50.02;50.02;50.02;5705;1000;0.0;0;1.0000;0;2;8;8;8
60;2014-12-03 08:34:00;909402N262;19;0.009;23;232;231;232;233;0.330;50.00;477.4;0.035;473.9;0.010;530.0;0.011;60;0;0;0.190;0.237;0.564;20;10;1;50.00;50.00;50.00;5705;1000;0.0;0;1.0000;0;2;9;9;9
60;2014-12-03 08:35:00;909402N262;18;0.010;23;232;231;231;234;0.308;50.00;473.2;0.035;464.8;0.009;533.0;0.011;60;0;0;0.178;0.169;0.577;18;9;0;50.00;50.00;50.00;5705;1000;0.0;0;1.0000;0;2;10;10;10
60;2014-12-03 08:36:00;909402N262;20;0.010;23;232;231;231;234;0.262;50.00;478.5;0.036;479.0;0.010;517.5;0.012;60;0;0;0.155;0.097;0.534;16;3;3;50.00;50.00;50.00;5705;1000;0.0;0;1.0000;0;2;10;10;10
60;2014-12-03 08:37:00;909402N262;23;0.010;23;232;231;231;234;0.272;50.00;472.0;0.040;470.3;0.011;527.8;0.015;60;0;0;0.174;0.116;0.528;17;8;2;50.00;50.00;50.00;5705;1000;0.0;0;1.0000;0;2;10;10;10
60;2014-12-03 08:38:00;909402N262;26;0.011;23;232;231;231;234;0.327;50.00;472.9;0.043;454.3;0.015;534.8;0.015;60;0;0;0.230;0.124;0.628;25;6;0;50.00;50.00;50.00;5705;1000;0.0;0;1.0000;0;2;11;11;11
60;2014-12-03 08:39:00;909402N262;32;0.012;23;232;231;231;234;0.367;49.99;489.3;0.047;474.8;0.016;564.8;0.018;60;0;0;0.301;0.189;0.612;38;16;0;49.99;49.99;49.99;5705;1000;0.0;0;1.0000;0;2;12;12;12
60;2014-12-03 08:40:00;909402N262;40;0.013;23;232;231;231;234;0.382;49.98;493.6;0.054;462.2;0.020;613.4;0.019;60;0;0;0.283;0.265;0.600;36;24;0;49.98;49.98;49.98;5705;1000;0.0;0;1.0000;0;2;13;13;13
60;2014-12-03 08:41:00;909402N262;42;0.014;23;232;230;231;233;0.403;49.98;503.0;0.054;469.8;0.022;632.6;0.019;60;0;0;0.280;0.322;0.608;33;22;0;49.98;49.98;49.98;5705;1000;0.0;0;1.0000;0;2;14;14;14
60;2014-12-03 08:42:00;909402N262;46;0.014;24;232;231;231;234;0.388;49.99;499.4;0.059;476.8;0.023;587.6;0.024;60;0;0;0.224;0.217;0.725;25;18;11;49.99;49.99;49.99;5705;1000;0.0;0;1.0000;0;2;14;14;14
60;2014-12-03 08:43:00;909402N262;55;0.016;24;232;231;231;234;0.395;49.99;505.7;0.066;494.8;0.026;611.4;0.028;60;0;0;0.243;0.248;0.696;30;20;9;49.99;49.99;49.99;5705;1000;0.0;0;1.0000;0;2;16;16;16
60;2014-12-03 08:44:00;909402N262;65;0.017;24;232;230;231;234;0.456;49.99;515.9;0.076;499.8;0.032;618.3;0.033;60;0;0;0.427;0.244;0.697;58;15;1;49.99;49.99;49.99;5705;1000;0.0;0;1.0000;0;2;17;17;17
60;2014-12-03 08:45:00;909402N262;73;0.018;24;232;230;231;234;0.471;49.99;514.1;0.081;516.6;0.035;624.7;0.035;60;0;0;0.441;0.250;0.722;60;17;3;49.99;49.99;49.99;5705;1000;0.0;0;1.0000;0;2;18;18;18
60;2014-12-03 08:46:00;909402N262;77;0.019;24;232;230;231;234;0.489;49.98;511.5;0.086;501.9;0.037;627.7;0.038;60;0;0;0.410;0.231;0.826;58;7;17;49.98;49.98;49.98;5705;1000;0.0;0;1.0000;0;2;19;19;19
60;2014-12-03 08:47:00;909402N262;71;0.020;24;232;230;231;234;0.501;49.99;510.9;0.080;510.5;0.035;619.1;0.035;60;0;0;0.432;0.241;0.831;59;6;11;49.99;49.99;49.99;5705;1000;0.0;0;1.0000;0;2;20;20;20
60;2014-12-03 08:48:00;909402N262;74;0.021;24;232;230;232;234;0.489;49.99;513.5;0.083;519.8;0.035;638.0;0.035;60;0;0;0.397;0.248;0.824;52;8;17;49.99;49.99;49.99;5705;1000;0.0;0;1.0000;0;2;21;21;21
60;2014-12-03 08:49:00;909402N262;72;0.021;24;232;231;232;233;0.511;49.99;512.4;0.082;511.3;0.035;621.0;0.035;60;0;0;0.415;0.378;0.741;51;10;19;49.99;49.99;49.99;5705;1000;0.0;0;1.0000;0;2;21;21;21
60;2014-12-03 08:50:00;909402N262;67;0.022;24;232;231;233;233;0.557;49.99;513.3;0.078;500.8;0.034;605.2;0.034;60;0;0;0.436;0.502;0.735;45;11;27;49.99;49.99;49.99;5705;1000;0.0;0;1.0000;0;2;22;22;22
60;2014-12-03 08:51:00;909402N262;72;0.023;24;232;230;233;233;0.575;49.98;512.3;0.082;515.9;0.035;626.6;0.035;60;0;0;0.396;0.577;0.752;45;9;32;49.98;49.98;49.98;5705;1000;0.0;0;1.0000;0;2;23;23;23
60;2014-12-03 08:52:00;909402N262;72;0.024;24;232;231;232;233;0.583;49.98;511.0;0.082;513.1;0.035;622.2;0.035;60;0;0;0.466;0.434;0.849;50;6;37;49.98;49.98;49.98;5705;1000;0.0;0;1.0000;0;2;24;24;24
60;2014-12-03 08:53:00;909402N262;75;0.025;24;232;231;232;233;0.499;49.98;515.6;0.084;523.7;0.035;636.7;0.035;60;0;0;0.428;0.343;0.728;45;8;29;49.98;49.98;49.98;5705;1000;0.0;0;1.0000;0;2;25;25;25
60;2014-12-03 08:54:00;909402N262;73;0.025;24;232;231;232;233;0.526;49.97;515.3;0.082;517.3;0.035;627.8;0.035;60;0;0;0.469;0.397;0.714;41;11;22;49.97;49.97;49.97;5705;1000;0.0;0;1.0000;0;2;25;25;25
60;2014-12-03 08:55:00;909402N262;73;0.026;25;232;231;232;233;0.551;49.97;514.5;0.081;516.9;0.035;625.5;0.036;60;0;0;0.514;0.357;0.784;43;9;30;49.97;49.97;49.97;5705;1000;0.0;0;1.0000;0;2;26;26;26
60;2014-12-03 08:56:00;909402N262;83;0.027;25;232;231;231;233;0.597;49.98;518.8;0.090;511.0;0.040;635.6;0.041;60;0;0;0.603;0.345;0.845;52;7;36;49.98;49.98;49.98;5705;1000;0.0;0;1.0000;0;2;27;27;27
60;2014-12-03 08:57:00;909402N262;85;0.028;25;232;232;231;233;0.686;49.99;520.0;0.093;516.9;0.040;638.5;0.041;60;0;0;0.723;0.361;0.974;53;5;41;49.99;49.99;49.99;5705;1000;0.0;0;1.0000;0;2;28;28;28
60;2014-12-03 08:58:00;909402N262;87;0.028;25;232;231;232;233;0.684;50.00;522.9;0.093;516.1;0.041;631.8;0.043;60;0;0;0.616;0.461;0.975;43;20;41;50.00;50.00;50.00;5705;1000;0.0;0;1.0000;0;2;28;28;28
60;2014-12-03 08:59:00;909402N262;93;0.029;25;232;231;232;233;0.602;50.00;522.2;0.100;522.5;0.042;625.7;0.045;60;0;0;0.566;0.371;0.869;60;5;47;50.00;50.00;50.00;5705;1000;0.0;0;1.0000;0;2;29;29;29
60;2014-12-03 09:00:00;909402N262;91;0.030;25;232;231;232;233;0.569;50.02;523.2;0.099;519.2;0.042;622.9;0.045;60;0;0;0.526;0.452;0.730;42;19;36;50.02;50.02;50.02;5705;1000;0.0;0;1.0000;0;2;30;30;30
[wr_ende]
