20140201;110004;danfoss;My Plant;+0100
[wr_def_start]
909402N262;Inverter Type;Inverter Group;Hanzl
[wr_def_end]
[wr]
INTERVAL;TIMESTAMP;SERIAL;P_AC;E_DAY;T_WR;U_AC;U_AC_1;U_AC_2;U_AC_3;I_AC;F_AC;U_DC_1;I_DC_1;U_DC_2;I_DC_2;U_DC_3;I_DC_3;S;E_WR;M_WR;I_AC_1;I_AC_2;I_AC_3;P_AC_1;P_AC_2;P_AC_3;F_AC_1;F_AC_2;F_AC_3;R_DC;PC;PCS;PCS_LL;COS_PHI;COS_PHI_LL;S_COS_PHI;Current_Day_Energy;current_Day_Offset;ccEnergyOfDay_WithoutOffset
60;2014-02-01 10:01:00;909402N262;367;0.532;23;232;233;232;233;0.635;49.99;378.3;0.027;647.2;0.267;782.0;0.247;60;0;0;0.523;0.843;0.540;99;164;103;49.99;49.99;49.99;9894;1000;0.0;0;0.0000;0;0;532;532;532
60;2014-02-01 10:02:00;909402N262;371;0.539;23;233;233;232;233;0.641;49.99;377.7;0.026;656.3;0.266;792.9;0.247;60;0;0;0.547;0.851;0.526;104;165;100;49.99;49.99;49.99;9894;1000;0.0;0;0.0000;0;0;539;539;539
60;2014-02-01 10:03:00;909402N262;361;0.544;23;233;234;232;232;0.634;49.99;403.2;0.024;656.0;0.258;789.9;0.241;60;0;0;0.586;0.799;0.519;110;151;99;49.99;49.99;49.99;9894;1000;0.0;0;0.0000;0;0;544;544;544
60;2014-02-01 10:04:00;909402N262;355;0.551;23;233;234;232;232;0.618;49.99;400.2;0.023;657.9;0.253;792.3;0.236;60;0;0;0.585;0.789;0.481;111;150;92;49.99;49.99;49.99;9894;1000;0.0;0;0.0000;0;0;551;551;551
60;2014-02-01 10:05:00;909402N262;340;0.556;23;233;234;232;232;0.596;50.00;385.6;0.023;658.5;0.242;788.4;0.227;60;0;0;0.586;0.703;0.499;111;133;95;50.00;50.00;50.00;9894;1000;0.0;0;0.0000;0;0;556;556;556
60;2014-02-01 10:06:00;909402N262;297;0.561;23;233;233;233;232;0.524;49.99;373.6;0.020;653.1;0.215;784.2;0.200;60;0;0;0.514;0.590;0.470;97;109;90;49.99;49.99;49.99;9894;1000;0.0;0;0.0000;0;0;561;561;561
60;2014-02-01 10:07:00;909402N262;255;0.566;23;233;233;232;233;0.456;49.99;356.3;0.019;641.7;0.190;773.4;0.175;60;0;0;0.484;0.529;0.357;89;97;67;49.99;49.99;49.99;9894;1000;0.0;0;0.0000;0;0;566;566;566
60;2014-02-01 10:08:00;909402N262;240;0.569;23;233;233;233;233;0.425;50.00;321.9;0.018;639.0;0.179;770.2;0.165;60;0;0;0.429;0.505;0.342;79;93;66;50.00;50.00;50.00;9894;1000;0.0;0;0.0000;0;0;569;569;569
60;2014-02-01 10:09:00;909402N262;232;0.574;23;232;232;232;233;0.413;49.99;282.9;0.019;637.3;0.175;763.7;0.162;60;0;0;0.400;0.495;0.344;74;91;65;49.99;49.99;49.99;9894;1000;0.0;0;0.0000;0;0;574;574;574
60;2014-02-01 10:10:00;909402N262;246;0.578;23;232;232;231;233;0.438;49.99;307.5;0.020;637.8;0.184;773.1;0.169;60;0;0;0.467;0.516;0.333;87;95;64;49.99;49.99;49.99;9894;1000;0.0;0;0.0000;0;0;578;578;578
60;2014-02-01 10:11:00;909402N262;272;0.582;23;232;232;231;233;0.481;50.00;371.2;0.019;641.6;0.201;777.7;0.185;60;0;0;0.464;0.563;0.416;87;104;79;50.00;50.00;50.00;9894;1000;0.0;0;0.0000;0;0;582;582;582
60;2014-02-01 10:12:00;909402N262;288;0.587;23;232;232;230;233;0.515;50.01;377.2;0.021;643.4;0.212;780.2;0.197;60;0;0;0.512;0.592;0.443;96;108;83;50.01;50.01;50.01;9894;1000;0.0;0;0.0000;0;0;587;587;587
60;2014-02-01 10:13:00;909402N262;313;0.593;23;232;232;230;233;0.544;50.01;376.7;0.023;648.3;0.227;791.0;0.209;60;0;0;0.552;0.606;0.476;106;113;92;50.01;50.01;50.01;9894;1000;0.0;0;0.0000;0;0;593;593;593
60;2014-02-01 10:14:00;909402N262;336;0.597;23;232;232;231;233;0.581;49.99;394.7;0.023;652.3;0.241;789.9;0.222;60;0;0;0.560;0.693;0.491;106;131;95;49.99;49.99;49.99;9894;1000;0.0;0;0.0000;0;0;597;597;597
60;2014-02-01 10:15:00;909402N262;368;0.603;23;232;232;231;233;0.636;50.00;387.0;0.026;656.2;0.263;792.5;0.244;60;0;0;0.547;0.808;0.554;105;155;106;50.00;50.00;50.00;9894;1000;0.0;0;0.0000;0;0;603;603;603
60;2014-02-01 10:16:00;909402N262;408;0.610;23;232;232;230;233;0.704;49.99;402.9;0.030;642.3;0.293;793.9;0.273;60;0;0;0.654;0.809;0.651;125;155;125;49.99;49.99;49.99;9894;1000;0.0;0;0.0000;0;0;610;610;610
60;2014-02-01 10:17:00;909402N262;429;0.618;23;232;232;230;233;0.737;50.00;402.7;0.030;666.1;0.301;794.3;0.284;60;0;0;0.761;0.809;0.642;147;155;124;50.00;50.00;50.00;9894;1000;0.0;0;0.0000;0;0;618;618;618
60;2014-02-01 10:18:00;909402N262;429;0.625;23;232;233;231;233;0.732;49.99;399.4;0.031;670.1;0.298;794.1;0.285;60;0;0;0.756;0.778;0.664;147;150;130;49.99;49.99;49.99;9894;1000;0.0;0;0.0000;0;0;625;625;625
60;2014-02-01 10:19:00;909402N262;383;0.631;23;234;234;233;235;0.652;49.99;380.1;0.027;668.8;0.268;793.0;0.255;60;0;0;0.576;0.830;0.552;112;161;108;49.99;49.99;49.99;9894;1000;0.0;0;0.0000;0;0;631;631;631
60;2014-02-01 10:20:00;909402N262;335;0.637;23;232;231;231;233;0.578;49.99;390.5;0.023;658.9;0.239;790.2;0.223;60;0;0;0.536;0.699;0.499;103;133;96;49.99;49.99;49.99;9894;1000;0.0;0;0.0000;0;0;637;637;637
60;2014-02-01 10:21:00;909402N262;338;0.643;23;232;231;231;233;0.582;49.99;393.6;0.023;656.0;0.241;789.4;0.224;60;0;0;0.578;0.693;0.476;110;132;93;49.99;49.99;49.99;9894;1000;0.0;0;0.0000;0;0;643;643;643
60;2014-02-01 10:22:00;909402N262;367;0.648;23;231;231;230;233;0.630;49.99;391.9;0.025;660.1;0.261;792.2;0.245;60;0;0;0.525;0.805;0.562;100;156;108;49.99;49.99;49.99;9894;1000;0.0;0;0.0000;0;0;648;648;648
60;2014-02-01 10:23:00;909402N262;398;0.655;23;232;231;230;233;0.687;50.00;385.9;0.029;663.0;0.282;793.6;0.264;60;0;0;0.608;0.829;0.624;116;161;120;50.00;50.00;50.00;9894;1000;0.0;0;0.0000;0;0;655;655;655
60;2014-02-01 10:24:00;909402N262;432;0.663;23;232;232;230;233;0.738;49.99;402.3;0.031;668.8;0.301;794.4;0.286;60;0;0;0.754;0.810;0.651;148;157;125;49.99;49.99;49.99;9894;1000;0.0;0;0.0000;0;0;663;663;663
60;2014-02-01 10:25:00;909402N262;445;0.670;23;232;232;231;233;0.747;49.99;406.1;0.031;671.5;0.309;794.6;0.295;60;0;0;0.699;0.864;0.679;137;172;133;49.99;49.99;49.99;9894;1000;0.0;0;0.0000;0;0;670;670;670
60;2014-02-01 10:26:00;909402N262;442;0.677;23;232;232;231;233;0.752;50.00;406.9;0.031;669.6;0.308;794.6;0.292;60;0;0;0.738;0.861;0.658;145;167;129;50.00;50.00;50.00;9894;1000;0.0;0;0.0000;0;0;677;677;677
60;2014-02-01 10:27:00;909402N262;453;0.685;23;232;232;231;233;0.769;50.00;407.9;0.032;669.8;0.317;794.4;0.300;60;0;0;0.732;0.916;0.660;141;180;130;50.00;50.00;50.00;9894;1000;0.0;0;0.0000;0;0;685;685;685
60;2014-02-01 10:28:00;909402N262;485;0.692;23;232;231;232;233;0.824;50.00;411.7;0.035;673.5;0.335;794.5;0.322;60;0;0;0.811;0.923;0.739;158;180;145;50.00;50.00;50.00;9894;1000;0.0;0;0.0000;0;0;692;692;692
60;2014-02-01 10:29:00;909402N262;508;0.701;24;232;231;231;233;0.861;50.00;415.3;0.035;675.2;0.350;794.2;0.336;60;0;0;0.823;0.908;0.854;161;178;167;50.00;50.00;50.00;9894;1000;0.0;0;0.0000;0;0;701;701;701
60;2014-02-01 10:30:00;909402N262;533;0.710;24;231;231;231;233;0.910;50.00;414.4;0.038;677.9;0.366;794.6;0.353;60;0;0;0.886;0.940;0.905;173;182;176;50.00;50.00;50.00;9894;1000;0.0;0;0.0000;0;0;710;710;710
60;2014-02-01 10:31:00;909402N262;553;0.719;24;231;231;230;233;0.927;50.00;413.8;0.039;664.0;0.381;795.3;0.372;60;0;0;0.904;0.995;0.884;178;198;175;50.00;50.00;50.00;9894;1000;0.0;0;0.0000;0;0;719;719;719
60;2014-02-01 10:32:00;909402N262;562;0.729;24;232;231;231;233;0.949;50.01;414.9;0.039;685.7;0.380;794.4;0.372;60;0;0;0.919;1.016;0.913;180;200;180;50.01;50.01;50.01;9894;1000;0.0;0;0.0000;0;0;729;729;729
60;2014-02-01 10:33:00;909402N262;526;0.738;24;232;231;231;233;0.898;50.01;411.9;0.037;682.1;0.358;794.1;0.349;60;0;0;0.865;0.936;0.894;167;182;175;50.01;50.01;50.01;9894;1000;0.0;0;0.0000;0;0;738;738;738
60;2014-02-01 10:34:00;909402N262;507;0.747;24;232;231;231;233;0.863;50.00;412.8;0.035;678.3;0.347;793.5;0.337;60;0;0;0.816;0.919;0.856;159;179;167;50.00;50.00;50.00;9894;1000;0.0;0;0.0000;0;0;747;747;747
60;2014-02-01 10:35:00;909402N262;523;0.755;24;232;231;231;233;0.891;49.99;413.2;0.037;679.2;0.358;794.2;0.347;60;0;0;0.858;0.919;0.898;169;179;174;49.99;49.99;49.99;9894;1000;0.0;0;0.0000;0;0;755;755;755
60;2014-02-01 10:36:00;909402N262;566;0.764;24;232;231;232;233;0.957;50.00;416.9;0.039;685.3;0.383;794.3;0.376;60;0;0;0.938;1.025;0.908;185;202;178;50.00;50.00;50.00;9894;1000;0.0;0;0.0000;0;0;764;764;764
60;2014-02-01 10:37:00;909402N262;579;0.775;24;232;231;232;233;0.976;50.00;417.8;0.040;688.9;0.389;794.2;0.384;60;0;0;0.934;1.032;0.963;184;204;190;50.00;50.00;50.00;9894;1000;0.0;0;0.0000;0;0;775;775;775
60;2014-02-01 10:38:00;909402N262;530;0.783;24;232;232;231;233;0.898;50.00;410.0;0.037;683.7;0.359;794.2;0.351;60;0;0;0.865;0.944;0.885;170;184;174;50.00;50.00;50.00;9894;1000;0.0;0;0.0000;0;0;783;783;783
60;2014-02-01 10:39:00;909402N262;499;0.792;24;232;232;231;234;0.850;50.01;411.5;0.035;677.6;0.342;794.3;0.331;60;0;0;0.808;0.910;0.832;158;176;163;50.01;50.01;50.01;9894;1000;0.0;0;0.0000;0;0;792;792;792
60;2014-02-01 10:40:00;909402N262;506;0.801;24;232;233;231;233;0.861;50.01;411.5;0.035;678.9;0.347;794.3;0.335;60;0;0;0.820;0.914;0.851;160;178;166;50.01;50.01;50.01;9894;1000;0.0;0;0.0000;0;0;801;801;801
60;2014-02-01 10:41:00;909402N262;530;0.809;24;232;233;231;233;0.901;50.00;411.3;0.038;684.7;0.359;794.1;0.351;60;0;0;0.871;0.962;0.870;170;188;169;50.00;50.00;50.00;9894;1000;0.0;0;0.0000;0;0;809;809;809
60;2014-02-01 10:42:00;909402N262;566;0.818;24;232;232;231;233;0.954;49.99;417.6;0.039;686.4;0.383;794.4;0.375;60;0;0;0.917;1.023;0.922;181;202;181;49.99;49.99;49.99;9894;1000;0.0;0;0.0000;0;0;818;818;818
60;2014-02-01 10:43:00;909402N262;587;0.829;24;232;232;231;233;0.989;49.99;420.6;0.040;689.1;0.395;794.1;0.389;60;0;0;0.925;1.063;0.980;183;211;193;49.99;49.99;49.99;9894;1000;0.0;0;0.0000;0;0;829;829;829
60;2014-02-01 10:44:00;909402N262;574;0.838;24;232;233;231;233;0.967;50.00;417.7;0.039;688.3;0.386;794.3;0.380;60;0;0;0.940;1.039;0.923;186;205;181;50.00;50.00;50.00;9894;1000;0.0;0;0.0000;0;0;838;838;838
60;2014-02-01 10:45:00;909402N262;579;0.847;24;232;233;231;233;0.979;50.01;419.5;0.040;685.6;0.392;794.0;0.384;60;0;0;0.956;1.037;0.944;188;205;185;50.01;50.01;50.01;9894;1000;0.0;0;0.0000;0;0;847;847;847
60;2014-02-01 10:46:00;909402N262;615;0.857;24;232;232;231;233;1.035;50.00;419.8;0.042;680.0;0.418;794.3;0.414;60;0;0;1.014;1.062;1.030;200;208;205;50.00;50.00;50.00;9894;1000;0.0;0;0.0000;0;0;857;857;857
60;2014-02-01 10:47:00;909402N262;618;0.868;24;232;232;231;233;1.045;49.99;414.6;0.041;690.3;0.413;794.4;0.410;60;0;0;1.018;1.076;1.041;201;210;205;49.99;49.99;49.99;9894;1000;0.0;0;0.0000;0;0;868;868;868
60;2014-02-01 10:48:00;909402N262;533;0.878;24;232;232;231;232;0.914;49.99;407.8;0.037;688.1;0.357;794.2;0.356;60;0;0;0.895;0.960;0.889;174;186;171;49.99;49.99;49.99;9894;1000;0.0;0;0.0000;0;0;878;878;878
60;2014-02-01 10:49:00;909402N262;419;0.883;24;232;232;231;232;0.722;49.99;390.6;0.030;676.4;0.288;793.4;0.281;60;0;0;0.706;0.856;0.604;137;166;115;49.99;49.99;49.99;9894;1000;0.0;0;0.0000;0;0;883;883;883
60;2014-02-01 10:50:00;909402N262;314;0.889;24;232;232;231;232;0.550;49.99;373.3;0.022;657.1;0.223;785.4;0.211;60;0;0;0.532;0.627;0.492;101;117;94;49.99;49.99;49.99;9894;1000;0.0;0;0.0000;0;0;889;889;889
60;2014-02-01 10:51:00;909402N262;283;0.893;24;232;232;232;232;0.499;49.99;382.0;0.019;647.0;0.207;777.3;0.193;60;0;0;0.501;0.553;0.445;93;104;84;49.99;49.99;49.99;9894;1000;0.0;0;0.0000;0;0;893;893;893
60;2014-02-01 10:52:00;909402N262;297;0.899;24;232;232;232;233;0.525;50.00;365.6;0.022;647.8;0.217;783.1;0.202;60;0;0;0.497;0.607;0.471;95;110;89;50.00;50.00;50.00;9894;1000;0.0;0;0.0000;0;0;899;899;899
60;2014-02-01 10:53:00;909402N262;325;0.905;24;232;233;232;232;0.568;49.99;383.1;0.023;655.7;0.233;787.0;0.218;60;0;0;0.580;0.623;0.502;110;117;96;49.99;49.99;49.99;9894;1000;0.0;0;0.0000;0;0;905;905;905
60;2014-02-01 10:54:00;909402N262;330;0.910;24;232;232;232;232;0.570;50.00;385.7;0.023;656.6;0.235;784.7;0.221;60;0;0;0.596;0.632;0.484;114;121;92;50.00;50.00;50.00;9894;1000;0.0;0;0.0000;0;0;910;910;910
60;2014-02-01 10:55:00;909402N262;318;0.915;24;232;232;232;232;0.547;50.00;375.6;0.023;654.8;0.228;791.3;0.211;60;0;0;0.520;0.593;0.529;100;114;102;50.00;50.00;50.00;9894;1000;0.0;0;0.0000;0;0;915;915;915
60;2014-02-01 10:56:00;909402N262;308;0.920;24;232;232;232;232;0.543;50.00;371.4;0.023;652.6;0.222;788.2;0.207;60;0;0;0.506;0.642;0.482;96;119;90;50.00;50.00;50.00;9894;1000;0.0;0;0.0000;0;0;920;920;920
60;2014-02-01 10:57:00;909402N262;324;0.926;24;232;232;232;232;0.565;50.01;384.5;0.023;652.7;0.234;790.2;0.215;60;0;0;0.545;0.651;0.499;102;123;97;50.01;50.01;50.01;9894;1000;0.0;0;0.0000;0;0;926;926;926
60;2014-02-01 10:58:00;909402N262;355;0.932;24;232;232;231;232;0.621;50.01;397.7;0.024;657.6;0.254;790.8;0.237;60;0;0;0.529;0.824;0.512;100;157;97;50.01;50.01;50.01;9894;1000;0.0;0;0.0000;0;0;932;932;932
60;2014-02-01 10:59:00;909402N262;377;0.937;24;232;232;232;232;0.657;50.01;377.8;0.027;659.2;0.269;792.1;0.251;60;0;0;0.552;0.855;0.564;104;163;108;50.01;50.01;50.01;9894;1000;0.0;0;0.0000;0;0;937;937;937
60;2014-02-01 11:00:00;909402N262;406;0.944;24;232;232;232;231;0.702;50.00;393.1;0.030;662.1;0.287;793.4;0.269;60;0;0;0.630;0.844;0.632;122;162;120;50.00;50.00;50.00;9894;1000;0.0;0;0.0000;0;0;944;944;944
[wr_ende]
