20150107;080004;danfoss;My Plant;+0100
[wr_def_start]
909402N262;Inverter Type;Inverter Group;Hanzl
[wr_def_end]
[wr]
INTERVAL;TIMESTAMP;SERIAL;P_AC;E_DAY;T_WR;U_AC;U_AC_1;U_AC_2;U_AC_3;I_AC;F_AC;U_DC_1;I_DC_1;U_DC_2;I_DC_2;U_DC_3;I_DC_3;S;E_WR;M_WR;I_AC_1;I_AC_2;I_AC_3;P_AC_1;P_AC_2;P_AC_3;F_AC_1;F_AC_2;F_AC_3;R_DC;PC;PCS;PCS_LL;COS_PHI;COS_PHI_LL;S_COS_PHI;Current_Day_Energy;current_Day_Offset;ccEnergyOfDay_WithoutOffset
60;2015-01-07 07:18:00;909402N262;0;0.000;0;0;0;0;0;0.000;0.07;0.2;0.000;0.2;0.000;0.2;0.000;50;0;0;0.000;0.000;0.000;0;0;0;0.07;0.07;0.07;0;1000;0.0;0;1.0000;0;2;0;0;0
60;2015-01-07 07:19:00;909402N262;0;0.000;16;231;229;233;231;0.000;50.01;230.5;0.000;229.3;0.000;230.4;0.000;50;0;0;0.000;0.000;0.000;0;0;0;50.01;50.01;50.01;0;1000;0.0;0;1.0000;0;2;0;0;0
60;2015-01-07 07:20:00;909402N262;0;0.000;16;231;230;234;231;0.000;50.01;228.6;0.000;228.0;0.000;228.5;0.000;50;0;0;0.000;0.000;0.000;0;0;0;50.01;50.01;50.01;0;1000;0.0;0;1.0000;0;2;0;0;0
60;2015-01-07 07:21:00;909402N262;0;0.000;17;232;231;233;230;0.000;50.01;229.3;0.000;228.7;0.000;229.4;0.000;50;0;0;0.000;0.000;0.000;0;0;0;50.01;50.01;50.01;0;1000;0.0;0;1.0000;0;2;0;0;0
60;2015-01-07 07:22:00;909402N262;0;0.000;17;233;233;235;232;0.000;49.99;230.0;0.000;229.4;0.000;230.1;0.000;50;0;0;0.000;0.000;0.000;0;0;0;49.99;49.99;49.99;0;1000;0.0;0;1.0000;0;2;0;0;0
60;2015-01-07 07:23:00;909402N262;0;0.000;18;234;233;235;232;0.000;49.99;231.2;0.000;230.6;0.000;231.3;0.000;50;0;0;0.000;0.000;0.000;0;0;0;49.99;49.99;49.99;0;1000;0.0;0;1.0000;0;2;0;0;0
60;2015-01-07 07:24:00;909402N262;0;0.000;18;233;233;235;232;0.000;49.99;235.3;0.000;234.7;0.000;235.4;0.000;50;0;0;0.000;0.000;0.000;0;0;0;49.99;49.99;49.99;0;1000;0.0;0;1.0000;0;2;0;0;0
60;2015-01-07 07:25:00;909402N262;0;0.000;19;231;231;233;230;0.000;49.99;233.1;0.000;232.5;0.000;233.4;0.000;50;0;0;0.000;0.000;0.000;0;0;0;49.99;49.99;49.99;0;1000;0.0;0;1.0000;0;2;0;0;0
60;2015-01-07 07:26:00;909402N262;0;0.000;19;231;231;233;230;0.000;50.00;228.5;0.000;227.9;0.000;228.2;0.000;50;0;0;0.000;0.000;0.000;0;0;0;50.00;50.00;50.00;0;1000;0.0;0;1.0000;0;2;0;0;0
60;2015-01-07 07:27:00;909402N262;0;0.000;19;231;230;233;230;0.000;50.01;231.8;0.000;231.1;0.000;232.6;0.000;50;0;0;0.000;0.000;0.000;0;0;0;50.01;50.01;50.01;0;1000;0.0;0;1.0000;0;2;0;0;0
60;2015-01-07 07:28:00;909402N262;0;0.000;20;231;231;233;230;0.000;49.99;237.9;0.000;237.3;0.000;237.9;0.000;50;0;0;0.000;0.000;0.000;0;0;0;49.99;49.99;49.99;0;1000;0.0;0;1.0000;0;2;0;0;0
60;2015-01-07 07:29:00;909402N262;0;0.000;20;231;231;233;230;0.000;50.01;242.7;0.000;242.1;0.000;243.0;0.000;50;0;0;0.000;0.000;0.000;0;0;0;50.01;50.01;50.01;0;1000;0.0;0;1.0000;0;2;0;0;0
60;2015-01-07 07:30:00;909402N262;0;0.000;20;231;230;233;230;0.000;50.01;260.2;0.000;259.7;0.000;260.2;0.000;50;0;0;0.000;0.000;0.000;0;0;0;50.01;50.01;50.01;0;1000;0.0;0;1.0000;0;2;0;0;0
60;2015-01-07 07:31:00;909402N262;0;0.000;20;231;230;234;231;0.000;50.02;257.3;0.000;257.1;0.000;257.3;0.000;50;0;0;0.000;0.000;0.000;0;0;0;50.02;50.02;50.02;0;1000;0.0;0;1.0000;0;2;0;0;0
60;2015-01-07 07:32:00;909402N262;0;0.000;20;231;230;233;230;0.000;50.02;264.5;0.000;264.1;0.000;264.5;0.000;50;0;0;0.000;0.000;0.000;0;0;0;50.02;50.02;50.02;0;1000;0.0;0;1.0000;0;2;0;0;0
60;2015-01-07 07:33:00;909402N262;0;0.000;20;231;230;233;231;0.000;50.00;249.3;0.000;248.6;0.000;249.5;0.000;50;0;0;0.000;0.000;0.000;0;0;0;50.00;50.00;50.00;0;1000;0.0;0;1.0000;0;2;0;0;0
60;2015-01-07 07:34:00;909402N262;0;0.000;20;231;230;233;230;0.000;49.98;239.0;0.000;238.4;0.000;238.5;0.000;50;0;0;0.000;0.000;0.000;0;0;0;49.98;49.98;49.98;0;1000;0.0;0;1.0000;0;2;0;0;0
60;2015-01-07 07:35:00;909402N262;0;0.000;20;231;230;232;230;0.000;49.98;237.1;0.000;236.5;0.000;237.2;0.000;50;0;0;0.000;0.000;0.000;0;0;0;49.98;49.98;49.98;0;1000;0.0;0;1.0000;0;2;0;0;0
60;2015-01-07 07:36:00;909402N262;0;0.000;21;231;230;232;231;0.000;49.99;236.1;0.000;235.5;0.000;235.5;0.000;50;0;0;0.000;0.000;0.000;0;0;0;49.99;49.99;49.99;0;1000;0.0;0;1.0000;0;2;0;0;0
60;2015-01-07 07:37:00;909402N262;0;0.000;21;231;230;232;231;0.000;49.98;234.9;0.000;234.3;0.000;235.0;0.000;50;0;0;0.000;0.000;0.000;0;0;0;49.98;49.98;49.98;0;1000;0.0;0;1.0000;0;2;0;0;0
60;2015-01-07 07:38:00;909402N262;0;0.000;21;231;229;233;231;0.000;49.99;237.3;0.000;236.7;0.000;237.3;0.000;50;0;0;0.000;0.000;0.000;0;0;0;49.99;49.99;49.99;0;1000;0.0;0;1.0000;0;2;0;0;0
60;2015-01-07 07:39:00;909402N262;0;0.000;21;231;229;233;231;0.000;49.99;237.9;0.000;237.3;0.000;237.8;0.000;50;0;0;0.000;0.000;0.000;0;0;0;49.99;49.99;49.99;0;1000;0.0;0;1.0000;0;2;0;0;0
60;2015-01-07 07:40:00;909402N262;0;0.000;21;231;230;232;230;0.000;49.99;241.1;0.000;240.5;0.000;241.4;0.000;50;0;0;0.000;0.000;0.000;0;0;0;49.99;49.99;49.99;0;1000;0.0;0;1.0000;0;2;0;0;0
60;2015-01-07 07:41:00;909402N262;0;0.000;21;231;230;233;230;0.000;49.97;242.4;0.000;241.8;0.000;242.4;0.000;50;0;0;0.000;0.000;0.000;0;0;0;49.97;49.97;49.97;0;1000;0.0;0;1.0000;0;2;0;0;0
60;2015-01-07 07:42:00;909402N262;0;0.000;21;231;230;233;230;0.000;49.97;247.6;0.000;247.0;0.000;247.7;0.000;50;0;0;0.000;0.000;0.000;0;0;0;49.97;49.97;49.97;0;1000;0.0;0;1.0000;0;2;0;0;0
60;2015-01-07 07:43:00;909402N262;0;0.000;21;231;230;233;230;0.000;49.97;256.0;0.000;255.5;0.000;256.2;0.000;50;0;0;0.000;0.000;0.000;0;0;0;49.97;49.97;49.97;0;1000;0.0;0;1.0000;0;2;0;0;0
60;2015-01-07 07:44:00;909402N262;0;0.000;21;231;230;232;230;0.000;49.98;255.5;0.000;255.4;0.000;255.1;0.000;50;0;0;0.000;0.000;0.000;0;0;0;49.98;49.98;49.98;0;1000;0.0;0;1.0000;0;2;0;0;0
60;2015-01-07 07:45:00;909402N262;0;0.000;21;231;230;232;231;0.000;49.99;278.1;0.000;277.4;0.000;277.3;0.000;50;0;0;0.000;0.000;0.000;0;0;0;49.99;49.99;49.99;0;1000;0.0;0;1.0000;0;2;0;0;0
60;2015-01-07 07:46:00;909402N262;0;0.000;21;231;230;232;231;0.003;49.99;509.3;0.000;474.8;0.000;516.6;0.000;51;0;0;0.003;0.003;0.003;0;0;0;49.99;49.99;49.99;403;1000;0.0;0;1.0000;0;2;0;0;0
60;2015-01-07 07:47:00;909402N262;2;0.000;21;230;229;230;232;0.280;49.99;433.3;0.005;377.7;0.005;391.6;0.004;60;0;0;0.134;0.253;0.454;15;15;0;49.99;49.99;49.99;921;1000;0.0;0;1.0000;0;2;0;0;0
60;2015-01-07 07:48:00;909402N262;5;0.000;21;231;230;231;233;0.407;49.98;455.2;0.010;392.4;0.008;337.2;0.007;60;0;0;0.192;0.339;0.692;22;22;0;49.98;49.98;49.98;921;1000;0.0;0;1.0000;0;2;0;0;0
60;2015-01-07 07:49:00;909402N262;11;0.001;21;231;230;231;233;0.463;49.97;462.8;0.014;404.9;0.011;484.3;0.007;60;0;0;0.244;0.400;0.747;32;17;0;49.97;49.97;49.97;921;1000;0.0;0;1.0000;0;2;1;1;1
60;2015-01-07 07:50:00;909402N262;16;0.002;21;232;230;231;233;0.479;49.97;474.8;0.017;474.5;0.011;536.3;0.010;60;0;0;0.291;0.394;0.754;38;16;0;49.97;49.97;49.97;921;1000;0.0;0;1.0000;0;2;2;2;2
60;2015-01-07 07:51:00;909402N262;21;0.003;21;232;230;232;233;0.470;49.97;482.0;0.021;501.1;0.012;546.9;0.011;60;0;0;0.299;0.391;0.721;38;14;0;49.97;49.97;49.97;921;1000;0.0;0;1.0000;0;2;3;3;3
60;2015-01-07 07:52:00;909402N262;26;0.004;21;231;230;231;233;0.462;49.97;477.0;0.026;477.1;0.015;527.9;0.015;60;0;0;0.294;0.379;0.714;38;17;0;49.97;49.97;49.97;921;1000;0.0;0;1.0000;0;2;4;4;4
60;2015-01-07 07:53:00;909402N262;32;0.004;21;231;230;231;233;0.477;49.97;502.7;0.030;482.5;0.019;544.5;0.018;60;0;0;0.333;0.338;0.762;43;12;0;49.97;49.97;49.97;921;1000;0.0;0;1.0000;0;2;4;4;4
60;2015-01-07 07:54:00;909402N262;38;0.006;22;231;230;230;233;0.479;49.97;500.3;0.036;467.4;0.023;579.3;0.019;60;0;0;0.344;0.354;0.739;41;13;0;49.97;49.97;49.97;921;1000;0.0;0;1.0000;0;2;6;6;6
60;2015-01-07 07:55:00;909402N262;44;0.007;22;231;230;231;233;0.503;49.97;521.0;0.039;481.1;0.027;622.3;0.022;60;0;0;0.379;0.348;0.784;42;10;2;49.97;49.97;49.97;921;1000;0.0;0;1.0000;0;2;7;7;7
60;2015-01-07 07:56:00;909402N262;50;0.008;22;231;230;231;232;0.529;49.98;518.5;0.044;521.3;0.027;599.1;0.025;60;0;0;0.416;0.339;0.834;45;8;5;49.98;49.98;49.98;921;1000;0.0;0;1.0000;0;2;8;8;8
60;2015-01-07 07:57:00;909402N262;58;0.008;22;231;230;231;233;0.528;49.99;525.9;0.049;494.5;0.032;623.3;0.027;60;0;0;0.424;0.346;0.816;48;7;12;49.99;49.99;49.99;921;1000;0.0;0;1.0000;0;2;8;8;8
60;2015-01-07 07:58:00;909402N262;65;0.009;22;231;230;231;233;0.535;49.98;527.1;0.056;522.6;0.034;624.8;0.030;60;0;0;0.477;0.338;0.791;51;6;19;49.98;49.98;49.98;921;1000;0.0;0;1.0000;0;2;9;9;9
60;2015-01-07 07:59:00;909402N262;74;0.010;22;231;230;231;232;0.517;49.99;530.7;0.063;548.2;0.036;621.8;0.033;60;0;0;0.438;0.303;0.810;56;3;24;49.99;49.99;49.99;921;1000;0.0;0;1.0000;0;2;10;10;10
60;2015-01-07 08:00:00;909402N262;84;0.011;22;231;230;231;232;0.469;50.01;540.2;0.068;555.1;0.041;644.8;0.037;60;0;0;0.391;0.354;0.662;50;14;24;50.01;50.01;50.01;921;1000;0.0;0;1.0000;0;2;11;11;11
[wr_ende]
