20140624;220000;danfoss;My Plant;+0100
[wr_def_start]
909402N262;Inverter Type;Inverter Group;Hanzl
[wr_def_end]
[wr]
INTERVAL;TIMESTAMP;SERIAL;P_AC;E_DAY;T_WR;U_AC;U_AC_1;U_AC_2;U_AC_3;I_AC;F_AC;U_DC_1;I_DC_1;U_DC_2;I_DC_2;U_DC_3;I_DC_3;S;E_WR;M_WR;I_AC_1;I_AC_2;I_AC_3;P_AC_1;P_AC_2;P_AC_3;F_AC_1;F_AC_2;F_AC_3;R_DC;PC;PCS;PCS_LL;COS_PHI;COS_PHI_LL;S_COS_PHI;Current_Day_Energy;current_Day_Offset;ccEnergyOfDay_WithoutOffset
60;2014-06-24 21:01:00;909402N262;0;19.035;36;234;234;236;233;0.000;49.98;228.6;0.000;228.0;0.000;228.6;0.000;50;0;0;0.000;0.000;0.000;0;0;0;49.98;49.98;49.98;6926;1000;0.0;0;0.0000;0;0;19035;19035;19035
60;2014-06-24 21:02:00;909402N262;0;19.035;36;234;234;235;233;0.000;49.96;230.4;0.000;229.8;0.000;230.2;0.000;50;0;0;0.000;0.000;0.000;0;0;0;49.97;49.96;49.96;6926;1000;0.0;0;0.0000;0;0;19035;19035;19035
60;2014-06-24 21:03:00;909402N262;0;19.035;36;234;234;236;233;0.000;49.96;229.9;0.000;229.3;0.000;229.8;0.000;50;0;0;0.000;0.000;0.000;0;0;0;49.96;49.96;49.96;6926;1000;0.0;0;0.0000;0;0;19035;19035;19035
60;2014-06-24 21:04:00;909402N262;0;19.035;36;234;234;235;233;0.000;49.98;228.2;0.000;227.6;0.000;227.9;0.000;50;0;0;0.000;0.000;0.000;0;0;0;49.98;49.98;49.98;6926;1000;0.0;0;0.0000;0;0;19035;19035;19035
60;2014-06-24 21:05:00;909402N262;0;19.035;35;234;234;236;233;0.000;49.98;229.8;0.000;229.3;0.000;230.4;0.000;50;0;0;0.000;0.000;0.000;0;0;0;49.98;49.98;49.98;6926;1000;0.0;0;0.0000;0;0;19035;19035;19035
60;2014-06-24 21:06:00;909402N262;0;19.035;35;234;234;236;233;0.000;49.98;228.6;0.000;228.0;0.000;228.4;0.000;50;0;0;0.000;0.000;0.000;0;0;0;49.98;49.98;49.98;6926;1000;0.0;0;0.0000;0;0;19035;19035;19035
60;2014-06-24 21:07:00;909402N262;0;19.035;35;234;234;235;233;0.000;49.97;228.0;0.000;227.4;0.000;227.9;0.000;50;0;0;0.000;0.000;0.000;0;0;0;49.97;49.97;49.97;6926;1000;0.0;0;0.0000;0;0;19035;19035;19035
60;2014-06-24 21:08:00;909402N262;0;19.035;34;234;234;235;233;0.000;49.98;228.4;0.000;227.8;0.000;228.4;0.000;50;0;0;0.000;0.000;0.000;0;0;0;49.98;49.98;49.98;6926;1000;0.0;0;0.0000;0;0;19035;19035;19035
60;2014-06-24 21:09:00;909402N262;0;19.035;34;234;234;235;233;0.000;49.98;229.7;0.000;229.1;0.000;229.7;0.000;50;0;0;0.000;0.000;0.000;0;0;0;49.98;49.98;49.98;6926;1000;0.0;0;0.0000;0;0;19035;19035;19035
60;2014-06-24 21:10:00;909402N262;0;19.035;34;234;234;235;233;0.000;49.97;227.5;0.000;226.9;0.000;227.4;0.000;50;0;0;0.000;0.000;0.000;0;0;0;49.97;49.97;49.97;6926;1000;0.0;0;0.0000;0;0;19035;19035;19035
60;2014-06-24 21:11:00;909402N262;0;19.035;34;234;234;235;233;0.000;49.97;228.3;0.000;227.7;0.000;228.3;0.000;50;0;0;0.000;0.000;0.000;0;0;0;49.97;49.97;49.97;6926;1000;0.0;0;0.0000;0;0;19035;19035;19035
60;2014-06-24 21:12:00;909402N262;0;19.035;34;234;234;236;233;0.000;49.98;230.2;0.000;227.9;0.000;230.2;0.000;50;0;0;0.000;0.000;0.000;0;0;0;49.98;49.98;49.98;6926;1000;0.0;0;0.0000;0;0;19035;19035;19035
60;2014-06-24 21:13:00;909402N262;0;19.035;33;234;234;235;233;0.000;49.99;240.4;0.000;220.6;0.000;240.4;0.000;50;0;0;0.000;0.000;0.000;0;0;0;49.99;49.99;49.99;6926;1000;0.0;0;0.0000;0;0;19035;19035;19035
60;2014-06-24 21:14:00;909402N262;0;19.035;33;234;234;235;233;0.000;49.97;236.7;0.000;206.1;0.000;234.8;0.000;50;0;0;0.000;0.000;0.000;0;0;0;49.97;49.97;49.97;6926;1000;0.0;0;0.0000;0;0;19035;19035;19035
60;2014-06-24 21:15:00;909402N262;0;19.035;33;234;234;236;233;0.000;49.97;226.3;0.000;191.6;0.000;216.5;0.000;50;0;0;0.000;0.000;0.000;0;0;0;49.97;49.97;49.97;6926;1000;0.0;0;0.0000;0;0;19035;19035;19035
60;2014-06-24 21:16:00;909402N262;0;19.035;33;234;234;236;233;0.000;49.98;214.6;0.000;177.9;0.000;199.2;0.000;50;0;0;0.000;0.000;0.000;0;0;0;49.98;49.98;49.98;6926;1000;0.0;0;0.0000;0;0;19035;19035;19035
[wr_ende]
