20140714;050003;danfoss;My Plant;+0100
[wr_def_start]
909402N262;Inverter Type;Inverter Group;Hanzl
[wr_def_end]
[wr]
INTERVAL;TIMESTAMP;SERIAL;P_AC;E_DAY;T_WR;U_AC;U_AC_1;U_AC_2;U_AC_3;I_AC;F_AC;U_DC_1;I_DC_1;U_DC_2;I_DC_2;U_DC_3;I_DC_3;S;E_WR;M_WR;I_AC_1;I_AC_2;I_AC_3;P_AC_1;P_AC_2;P_AC_3;F_AC_1;F_AC_2;F_AC_3;R_DC;PC;PCS;PCS_LL;COS_PHI;COS_PHI_LL;S_COS_PHI;Current_Day_Energy;current_Day_Offset;ccEnergyOfDay_WithoutOffset
60;2014-07-14 04:50:00;909402N262;0;0.000;0;0;0;0;0;0.000;0.07;0.3;0.000;0.2;0.000;0.2;0.000;50;0;0;0.000;0.000;0.000;0;0;0;0.07;0.07;0.07;7;1000;0.0;0;0.0000;0;0;0;0;0
60;2014-07-14 04:51:00;909402N262;0;0.000;23;235;235;236;234;0.000;50.03;230.0;0.000;229.1;0.000;230.0;0.000;50;0;0;0.000;0.000;0.000;0;0;0;50.03;50.03;50.03;0;1000;0.0;0;0.0000;0;0;0;0;0
60;2014-07-14 04:52:00;909402N262;0;0.000;23;235;235;236;234;0.000;50.02;228.6;0.000;228.0;0.000;228.6;0.000;50;0;0;0.000;0.000;0.000;0;0;0;50.02;50.02;50.02;0;1000;0.0;0;0.0000;0;0;0;0;0
60;2014-07-14 04:53:00;909402N262;0;0.000;24;235;235;236;234;0.000;50.03;228.4;0.000;227.8;0.000;228.3;0.000;50;0;0;0.000;0.000;0.000;0;0;0;50.03;50.03;50.03;0;1000;0.0;0;0.0000;0;0;0;0;0
60;2014-07-14 04:54:00;909402N262;0;0.000;24;235;236;236;234;0.000;50.02;227.6;0.000;227.0;0.000;228.1;0.000;50;0;0;0.000;0.000;0.000;0;0;0;50.02;50.02;50.02;0;1000;0.0;0;0.0000;0;0;0;0;0
60;2014-07-14 04:55:00;909402N262;0;0.000;25;235;235;236;234;0.000;50.02;228.5;0.000;228.0;0.000;228.8;0.000;50;0;0;0.000;0.000;0.000;0;0;0;50.01;50.01;50.01;0;1000;0.0;0;0.0000;0;0;0;0;0
60;2014-07-14 04:56:00;909402N262;0;0.000;25;235;235;236;234;0.000;50.02;229.2;0.000;228.7;0.000;229.2;0.000;50;0;0;0.000;0.000;0.000;0;0;0;50.02;50.02;50.02;0;1000;0.0;0;0.0000;0;0;0;0;0
60;2014-07-14 04:57:00;909402N262;0;0.000;26;235;235;236;234;0.000;50.02;228.7;0.000;228.1;0.000;228.7;0.000;50;0;0;0.000;0.000;0.000;0;0;0;50.02;50.02;50.02;0;1000;0.0;0;0.0000;0;0;0;0;0
60;2014-07-14 04:58:00;909402N262;0;0.000;26;236;236;236;235;0.000;50.02;229.7;0.000;229.1;0.000;229.5;0.000;50;0;0;0.000;0.000;0.000;0;0;0;50.02;50.02;50.02;0;1000;0.0;0;0.0000;0;0;0;0;0
60;2014-07-14 04:59:00;909402N262;0;0.000;26;236;236;236;235;0.000;50.02;229.4;0.000;228.9;0.000;228.9;0.000;50;0;0;0.000;0.000;0.000;0;0;0;50.02;50.02;50.02;0;1000;0.0;0;0.0000;0;0;0;0;0
60;2014-07-14 05:00:00;909402N262;0;0.000;27;236;236;236;235;0.000;50.02;232.9;0.000;232.3;0.000;232.6;0.000;50;0;0;0.000;0.000;0.000;0;0;0;50.02;50.02;50.02;0;1000;0.0;0;0.0000;0;0;0;0;0
[wr_ende]
