20141125;130003;danfoss;My Plant;+0100
[wr_def_start]
909402N262;Inverter Type;Inverter Group;Hanzl
[wr_def_end]
[wr]
INTERVAL;TIMESTAMP;SERIAL;P_AC;E_DAY;T_WR;U_AC;U_AC_1;U_AC_2;U_AC_3;I_AC;F_AC;U_DC_1;I_DC_1;U_DC_2;I_DC_2;U_DC_3;I_DC_3;S;E_WR;M_WR;I_AC_1;I_AC_2;I_AC_3;P_AC_1;P_AC_2;P_AC_3;F_AC_1;F_AC_2;F_AC_3;R_DC;PC;PCS;PCS_LL;COS_PHI;COS_PHI_LL;S_COS_PHI;Current_Day_Energy;current_Day_Offset;ccEnergyOfDay_WithoutOffset
60;2014-11-25 12:01:00;909402N262;682;1.454;34;232;230;234;233;1.482;49.97;572.2;0.542;631.4;0.268;773.5;0.274;60;0;0;1.446;1.518;1.484;214;237;229;49.97;49.97;49.97;5783;1000;0.0;0;1.0000;0;2;1454;1454;1454
60;2014-11-25 12:02:00;909402N262;702;1.466;34;230;228;232;232;1.509;49.97;577.7;0.550;644.7;0.269;782.7;0.280;60;0;0;1.467;1.538;1.524;219;243;239;49.97;49.97;49.97;5783;1000;0.0;0;1.0000;0;2;1466;1466;1466
60;2014-11-25 12:03:00;909402N262;727;1.478;34;231;229;232;232;1.529;49.97;578.9;0.566;640.4;0.281;784.0;0.289;60;0;0;1.486;1.558;1.545;227;250;246;49.97;49.97;49.97;5783;1000;0.0;0;1.0000;0;2;1478;1478;1478
60;2014-11-25 12:04:00;909402N262;754;1.490;34;230;229;231;232;1.554;49.99;579.9;0.585;640.5;0.293;785.1;0.299;60;0;0;1.509;1.585;1.569;236;260;255;49.99;49.99;49.99;5783;1000;0.0;0;1.0000;0;2;1490;1490;1490
60;2014-11-25 12:05:00;909402N262;772;1.503;34;231;229;232;232;1.574;49.99;580.1;0.600;646.1;0.297;784.0;0.307;60;0;0;1.532;1.602;1.590;243;266;261;49.99;49.99;49.99;5783;1000;0.0;0;1.0000;0;2;1503;1503;1503
60;2014-11-25 12:06:00;909402N262;773;1.517;34;231;229;232;231;1.564;49.99;580.9;0.601;649.5;0.294;789.1;0.305;60;0;0;1.517;1.594;1.581;242;266;262;49.99;49.99;49.99;5783;1000;0.0;0;1.0000;0;2;1517;1517;1517
60;2014-11-25 12:07:00;909402N262;756;1.530;34;231;229;232;231;1.550;50.00;581.4;0.590;642.8;0.290;788.1;0.298;60;0;0;1.509;1.573;1.568;238;261;257;50.00;50.00;50.00;5783;1000;0.0;0;1.0000;0;2;1530;1530;1530
60;2014-11-25 12:08:00;909402N262;733;1.541;34;231;229;232;232;1.532;50.01;581.8;0.572;640.8;0.283;785.6;0.290;60;0;0;1.492;1.561;1.544;231;253;248;50.01;50.01;50.01;5783;1000;0.0;0;1.0000;0;2;1541;1541;1541
60;2014-11-25 12:09:00;909402N262;721;1.554;34;231;230;232;232;1.526;50.00;581.7;0.562;642.6;0.278;783.5;0.286;60;0;0;1.489;1.549;1.541;227;247;245;50.00;50.00;50.00;5783;1000;0.0;0;1.0000;0;2;1554;1554;1554
60;2014-11-25 12:10:00;909402N262;722;1.566;34;231;230;232;232;1.525;50.01;580.9;0.561;641.1;0.280;783.2;0.286;60;0;0;1.492;1.546;1.537;228;246;244;50.01;50.01;50.01;5783;1000;0.0;0;1.0000;0;2;1566;1566;1566
60;2014-11-25 12:11:00;909402N262;724;1.578;34;231;230;232;232;1.527;50.01;579.2;0.565;645.9;0.279;783.4;0.288;60;0;0;1.493;1.551;1.539;228;248;245;50.01;50.01;50.01;5783;1000;0.0;0;1.0000;0;2;1578;1578;1578
60;2014-11-25 12:12:00;909402N262;728;1.590;34;231;230;231;232;1.531;50.00;578.1;0.568;646.3;0.280;783.2;0.289;60;0;0;1.493;1.554;1.548;229;249;248;50.00;50.00;50.00;5783;1000;0.0;0;1.0000;0;2;1590;1590;1590
60;2014-11-25 12:13:00;909402N262;728;1.601;34;231;230;231;232;1.531;50.00;577.4;0.569;639.4;0.284;783.0;0.290;60;0;0;1.495;1.554;1.545;229;249;248;50.00;50.00;50.00;5783;1000;0.0;0;1.0000;0;2;1601;1601;1601
60;2014-11-25 12:14:00;909402N262;725;1.613;34;231;230;231;232;1.529;50.00;576.9;0.568;638.2;0.283;783.1;0.289;60;0;0;1.491;1.549;1.548;228;248;248;50.00;50.00;50.00;5783;1000;0.0;0;1.0000;0;2;1613;1613;1613
60;2014-11-25 12:15:00;909402N262;722;1.626;34;231;230;231;232;1.525;50.00;577.1;0.566;639.6;0.280;783.0;0.288;60;0;0;1.491;1.548;1.538;228;246;245;50.00;50.00;50.00;5783;1000;0.0;0;1.0000;0;2;1626;1626;1626
60;2014-11-25 12:16:00;909402N262;709;1.639;34;231;230;231;232;1.505;49.99;572.6;0.561;633.2;0.277;774.8;0.286;60;0;0;1.469;1.525;1.523;223;243;242;49.99;49.99;49.99;5783;1000;0.0;0;1.0000;0;2;1639;1639;1639
60;2014-11-25 12:17:00;909402N262;707;1.651;34;231;230;231;233;1.506;49.99;577.9;0.556;637.7;0.274;781.9;0.281;60;0;0;1.468;1.518;1.534;222;240;243;49.99;49.99;49.99;5783;1000;0.0;0;1.0000;0;2;1651;1651;1651
60;2014-11-25 12:18:00;909402N262;692;1.662;34;231;230;231;233;1.493;49.99;577.9;0.545;638.8;0.267;782.3;0.274;60;0;0;1.456;1.509;1.516;217;237;237;49.99;49.99;49.99;5783;1000;0.0;0;1.0000;0;2;1662;1662;1662
60;2014-11-25 12:19:00;909402N262;674;1.672;34;232;232;231;233;1.477;50.01;577.6;0.530;637.2;0.261;780.8;0.268;60;0;0;1.447;1.489;1.497;213;228;231;50.01;50.01;50.01;5783;1000;0.0;0;1.0000;0;2;1672;1672;1672
60;2014-11-25 12:20:00;909402N262;669;1.683;34;232;231;232;233;1.472;50.01;577.0;0.525;639.1;0.258;781.0;0.265;60;0;0;1.438;1.493;1.486;210;228;228;50.01;50.01;50.01;5783;1000;0.0;0;1.0000;0;2;1683;1683;1683
60;2014-11-25 12:21:00;909402N262;682;1.695;34;232;232;232;233;1.485;50.01;578.7;0.535;636.8;0.265;782.0;0.271;60;0;0;1.451;1.502;1.503;215;232;233;50.01;50.01;50.01;5783;1000;0.0;0;1.0000;0;2;1695;1695;1695
60;2014-11-25 12:22:00;909402N262;700;1.707;34;232;231;232;233;1.502;50.00;579.1;0.548;639.9;0.270;781.9;0.277;60;0;0;1.462;1.523;1.521;218;240;239;50.00;50.00;50.00;5783;1000;0.0;0;1.0000;0;2;1707;1707;1707
60;2014-11-25 12:23:00;909402N262;703;1.718;34;232;230;233;233;1.504;50.01;578.0;0.555;639.2;0.271;782.2;0.278;60;0;0;1.459;1.528;1.525;219;241;241;50.01;50.01;50.01;5783;1000;0.0;0;1.0000;0;2;1718;1718;1718
60;2014-11-25 12:24:00;909402N262;686;1.730;34;232;230;233;233;1.490;49.99;578.0;0.542;638.8;0.264;782.4;0.270;60;0;0;1.451;1.513;1.506;215;236;234;49.99;49.99;49.99;5783;1000;0.0;0;1.0000;0;2;1730;1730;1730
60;2014-11-25 12:25:00;909402N262;665;1.741;34;232;230;232;234;1.471;49.98;578.5;0.526;638.1;0.257;780.8;0.262;60;0;0;1.432;1.488;1.495;207;228;228;49.98;49.98;49.98;5783;1000;0.0;0;1.0000;0;2;1741;1741;1741
60;2014-11-25 12:26:00;909402N262;662;1.753;34;232;231;232;234;1.469;49.99;579.2;0.524;638.3;0.257;779.8;0.261;60;0;0;1.436;1.484;1.487;208;226;226;49.99;49.99;49.99;5783;1000;0.0;0;1.0000;0;2;1753;1753;1753
60;2014-11-25 12:27:00;909402N262;683;1.764;34;232;231;233;233;1.489;50.00;579.9;0.537;637.7;0.267;781.5;0.269;60;0;0;1.451;1.508;1.508;215;234;234;50.00;50.00;50.00;5783;1000;0.0;0;1.0000;0;2;1764;1764;1764
60;2014-11-25 12:28:00;909402N262;724;1.776;34;232;231;233;233;1.524;49.99;580.8;0.562;639.0;0.284;782.9;0.287;60;0;0;1.479;1.548;1.546;226;249;248;49.99;49.99;49.99;5783;1000;0.0;0;1.0000;0;2;1776;1776;1776
60;2014-11-25 12:29:00;909402N262;768;1.788;34;232;233;232;233;1.552;50.01;581.4;0.593;640.4;0.300;787.4;0.304;60;0;0;1.513;1.567;1.576;243;261;263;50.01;50.01;50.01;5783;1000;0.0;0;1.0000;0;2;1788;1788;1788
60;2014-11-25 12:30:00;909402N262;804;1.802;34;232;233;232;233;1.582;50.01;580.5;0.620;642.6;0.313;789.8;0.319;60;0;0;1.544;1.601;1.602;255;273;273;50.01;50.01;50.01;5783;1000;0.0;0;1.0000;0;2;1802;1802;1802
60;2014-11-25 12:31:00;909402N262;826;1.815;34;232;232;232;233;1.592;49.98;575.1;0.642;643.2;0.321;782.2;0.332;60;0;0;1.554;1.604;1.620;262;280;283;49.98;49.98;49.98;5783;1000;0.0;0;1.0000;0;2;1815;1815;1815
60;2014-11-25 12:32:00;909402N262;830;1.829;34;232;232;232;234;1.597;49.97;579.6;0.643;650.7;0.316;793.5;0.328;60;0;0;1.557;1.614;1.622;263;281;284;49.97;49.97;49.97;5783;1000;0.0;0;1.0000;0;2;1829;1829;1829
60;2014-11-25 12:33:00;909402N262;786;1.843;34;232;231;232;234;1.572;49.97;579.6;0.613;643.8;0.301;789.1;0.311;60;0;0;1.523;1.595;1.599;246;270;270;49.97;49.97;49.97;5783;1000;0.0;0;1.0000;0;2;1843;1843;1843
60;2014-11-25 12:34:00;909402N262;736;1.855;35;232;231;232;234;1.531;49.97;579.8;0.577;639.5;0.283;783.9;0.292;60;0;0;1.492;1.549;1.554;231;251;252;49.97;49.97;49.97;5783;1000;0.0;0;1.0000;0;2;1855;1855;1855
60;2014-11-25 12:35:00;909402N262;708;1.867;35;232;231;232;234;1.510;49.97;580.2;0.554;635.2;0.275;780.9;0.281;60;0;0;1.468;1.527;1.537;221;242;244;49.97;49.97;49.97;5783;1000;0.0;0;1.0000;0;2;1867;1867;1867
60;2014-11-25 12:36:00;909402N262;705;1.879;35;232;230;233;233;1.510;49.98;580.7;0.549;634.7;0.275;781.2;0.282;60;0;0;1.469;1.529;1.532;221;241;242;49.98;49.98;49.98;5783;1000;0.0;0;1.0000;0;2;1879;1879;1879
60;2014-11-25 12:37:00;909402N262;719;1.890;35;232;230;232;233;1.521;49.99;581.3;0.558;640.0;0.278;781.9;0.288;60;0;0;1.482;1.542;1.541;226;246;246;49.99;49.99;49.99;5783;1000;0.0;0;1.0000;0;2;1890;1890;1890
60;2014-11-25 12:38:00;909402N262;716;1.902;35;232;230;232;234;1.517;49.99;581.2;0.558;638.7;0.277;781.9;0.286;60;0;0;1.476;1.534;1.541;224;245;246;49.99;49.99;49.99;5783;1000;0.0;0;1.0000;0;2;1902;1902;1902
60;2014-11-25 12:39:00;909402N262;701;1.914;35;233;232;232;234;1.503;49.99;580.4;0.547;638.2;0.270;780.7;0.278;60;0;0;1.471;1.515;1.523;222;237;240;49.99;49.99;49.99;5783;1000;0.0;0;1.0000;0;2;1914;1914;1914
60;2014-11-25 12:40:00;909402N262;686;1.925;35;233;233;232;233;1.489;49.99;578.7;0.539;636.5;0.266;781.8;0.273;60;0;0;1.462;1.503;1.503;218;233;233;49.99;49.99;49.99;5783;1000;0.0;0;1.0000;0;2;1925;1925;1925
60;2014-11-25 12:41:00;909402N262;676;1.937;35;233;233;232;233;1.482;49.99;576.6;0.534;636.3;0.261;779.6;0.269;60;0;0;1.460;1.491;1.495;216;229;230;49.99;49.99;49.99;5783;1000;0.0;0;1.0000;0;2;1937;1937;1937
60;2014-11-25 12:42:00;909402N262;659;1.948;35;232;233;232;233;1.467;49.99;574.8;0.524;636.4;0.253;779.1;0.261;60;0;0;1.442;1.479;1.480;209;224;224;49.99;49.99;49.99;5783;1000;0.0;0;1.0000;0;2;1948;1948;1948
60;2014-11-25 12:43:00;909402N262;641;1.958;35;233;233;232;233;1.450;50.00;574.1;0.511;640.2;0.246;779.3;0.253;60;0;0;1.423;1.461;1.466;203;217;219;50.00;50.00;50.00;5783;1000;0.0;0;1.0000;0;2;1958;1958;1958
60;2014-11-25 12:44:00;909402N262;646;1.969;35;233;233;232;233;1.457;49.99;574.2;0.513;641.7;0.248;778.7;0.256;60;0;0;1.432;1.465;1.476;205;218;221;49.99;49.99;49.99;5783;1000;0.0;0;1.0000;0;2;1969;1969;1969
60;2014-11-25 12:45:00;909402N262;670;1.981;35;232;232;232;233;1.478;49.99;574.0;0.532;642.0;0.257;780.0;0.267;60;0;0;1.448;1.486;1.501;212;227;230;49.99;49.99;49.99;5783;1000;0.0;0;1.0000;0;2;1981;1981;1981
60;2014-11-25 12:46:00;909402N262;676;1.992;35;232;232;232;233;1.473;49.99;568.7;0.541;627.8;0.262;777.2;0.272;60;0;0;1.443;1.481;1.495;213;230;231;49.99;49.99;49.99;5783;1000;0.0;0;1.0000;0;2;1992;1992;1992
60;2014-11-25 12:47:00;909402N262;660;2.003;35;233;232;232;233;1.473;49.99;574.3;0.527;640.7;0.251;779.8;0.261;60;0;0;1.442;1.485;1.493;208;224;225;49.99;49.99;49.99;5783;1000;0.0;0;1.0000;0;2;2003;2003;2003
60;2014-11-25 12:48:00;909402N262;616;2.013;35;233;233;232;234;1.432;50.00;574.5;0.495;632.1;0.239;776.3;0.244;60;0;0;1.403;1.446;1.449;194;210;211;50.00;50.00;50.00;5783;1000;0.0;0;1.0000;0;2;2013;2013;2013
60;2014-11-25 12:49:00;909402N262;572;2.022;35;233;233;232;234;1.394;50.01;573.4;0.462;628.0;0.223;775.3;0.227;60;0;0;1.366;1.409;1.408;180;194;196;50.01;50.01;50.01;5783;1000;0.0;0;1.0000;0;2;2022;2022;2022
60;2014-11-25 12:50:00;909402N262;541;2.032;35;233;232;232;234;1.366;50.01;572.3;0.436;625.3;0.211;774.0;0.214;60;0;0;1.341;1.376;1.382;170;183;186;50.01;50.01;50.01;5783;1000;0.0;0;1.0000;0;2;2032;2032;2032
60;2014-11-25 12:51:00;909402N262;522;2.041;35;232;232;231;234;1.354;50.01;571.3;0.420;620.9;0.207;777.7;0.208;60;0;0;1.332;1.363;1.367;165;177;179;50.01;50.01;50.01;5783;1000;0.0;0;1.0000;0;2;2041;2041;2041
60;2014-11-25 12:52:00;909402N262;521;2.050;35;233;233;232;234;1.352;50.01;571.3;0.418;621.4;0.207;777.9;0.208;60;0;0;1.330;1.360;1.368;164;176;179;50.01;50.01;50.01;5783;1000;0.0;0;1.0000;0;2;2050;2050;2050
60;2014-11-25 12:53:00;909402N262;536;2.059;35;233;233;232;234;1.361;50.01;572.0;0.428;624.9;0.211;775.0;0.214;60;0;0;1.337;1.369;1.378;168;181;184;50.01;50.01;50.01;5783;1000;0.0;0;1.0000;0;2;2059;2059;2059
60;2014-11-25 12:54:00;909402N262;559;2.067;35;233;232;232;234;1.379;50.01;572.0;0.446;626.9;0.220;773.9;0.224;60;0;0;1.347;1.396;1.396;174;191;192;50.01;50.01;50.01;5783;1000;0.0;0;1.0000;0;2;2067;2067;2067
60;2014-11-25 12:55:00;909402N262;592;2.078;35;232;231;233;233;1.410;50.00;572.1;0.471;630.9;0.232;776.1;0.237;60;0;0;1.378;1.428;1.425;185;203;202;50.00;50.00;50.00;5783;1000;0.0;0;1.0000;0;2;2078;2078;2078
60;2014-11-25 12:56:00;909402N262;633;2.088;35;232;231;233;233;1.449;50.00;573.6;0.501;632.1;0.249;778.5;0.253;60;0;0;1.417;1.467;1.464;199;216;216;50.00;50.00;50.00;5783;1000;0.0;0;1.0000;0;2;2088;2088;2088
60;2014-11-25 12:57:00;909402N262;678;2.099;35;232;232;233;233;1.491;50.00;575.3;0.533;635.4;0.265;780.3;0.272;60;0;0;1.457;1.510;1.506;214;232;231;50.00;50.00;50.00;5783;1000;0.0;0;1.0000;0;2;2099;2099;2099
60;2014-11-25 12:58:00;909402N262;717;2.111;35;232;230;233;233;1.523;50.01;576.9;0.559;636.8;0.279;781.9;0.286;60;0;0;1.485;1.543;1.542;225;245;245;50.01;50.01;50.01;5783;1000;0.0;0;1.0000;0;2;2111;2111;2111
60;2014-11-25 12:59:00;909402N262;737;2.123;35;232;231;233;233;1.536;50.01;577.0;0.575;641.9;0.284;785.0;0.293;60;0;0;1.491;1.560;1.559;230;253;251;50.01;50.01;50.01;5783;1000;0.0;0;1.0000;0;2;2123;2123;2123
60;2014-11-25 13:00:00;909402N262;736;2.136;35;232;231;233;233;1.538;50.00;576.0;0.578;646.1;0.281;784.8;0.292;60;0;0;1.502;1.561;1.552;232;252;249;50.00;50.00;50.00;5783;1000;0.0;0;1.0000;0;2;2136;2136;2136
[wr_ende]
