20140817;140003;danfoss;My Plant;+0100
[wr_def_start]
909402N262;Inverter Type;Inverter Group;Hanzl
[wr_def_end]
[wr]
INTERVAL;TIMESTAMP;SERIAL;P_AC;E_DAY;T_WR;U_AC;U_AC_1;U_AC_2;U_AC_3;I_AC;F_AC;U_DC_1;I_DC_1;U_DC_2;I_DC_2;U_DC_3;I_DC_3;S;E_WR;M_WR;I_AC_1;I_AC_2;I_AC_3;P_AC_1;P_AC_2;P_AC_3;F_AC_1;F_AC_2;F_AC_3;R_DC;PC;PCS;PCS_LL;COS_PHI;COS_PHI_LL;S_COS_PHI;Current_Day_Energy;current_Day_Offset;ccEnergyOfDay_WithoutOffset
60;2014-08-17 13:01:00;909402N262;9516;23.544;51;236;236;236;236;13.436;50.00;489.3;8.508;592.3;4.259;746.6;4.069;60;0;0;13.418;13.446;13.444;3163;3176;3176;50.00;50.00;50.00;5867;1000;0.0;0;0.0000;0;0;23544;23544;23544
60;2014-08-17 13:02:00;909402N262;9676;23.706;51;236;235;236;237;13.677;50.00;493.0;8.555;609.5;4.228;746.5;4.092;60;0;0;13.635;13.686;13.711;3206;3228;3240;50.00;50.00;50.00;5867;1000;0.0;0;0.0000;0;0;23706;23706;23706
60;2014-08-17 13:03:00;909402N262;9720;23.868;51;236;235;237;237;13.732;50.00;492.0;8.607;608.0;4.259;743.5;4.126;60;0;0;13.637;13.779;13.781;3200;3259;3258;50.00;50.00;50.00;5867;1000;0.0;0;0.0000;0;0;23868;23868;23868
60;2014-08-17 13:04:00;909402N262;9736;24.031;51;236;235;236;237;13.760;50.01;490.9;8.636;606.6;4.280;741.0;4.148;60;0;0;13.653;13.789;13.838;3201;3256;3277;50.01;50.01;50.01;5867;1000;0.0;0;0.0000;0;0;24031;24031;24031
60;2014-08-17 13:05:00;909402N262;9734;24.193;52;236;235;236;237;13.753;50.02;490.8;8.633;606.1;4.285;739.5;4.157;60;0;0;13.636;13.777;13.846;3197;3255;3280;50.02;50.02;50.02;5867;1000;0.0;0;0.0000;0;0;24193;24193;24193
60;2014-08-17 13:06:00;909402N262;9768;24.356;52;236;235;237;237;13.796;50.01;490.4;8.667;605.9;4.302;738.8;4.180;60;0;0;13.680;13.834;13.874;3209;3271;3287;50.01;50.01;50.01;5867;1000;0.0;0;0.0000;0;0;24356;24356;24356
60;2014-08-17 13:07:00;909402N262;9811;24.519;52;236;235;237;237;13.850;50.01;489.4;8.710;605.8;4.323;738.9;4.204;60;0;0;13.732;13.890;13.928;3223;3286;3300;50.01;50.01;50.01;5867;1000;0.0;0;0.0000;0;0;24519;24519;24519
60;2014-08-17 13:08:00;909402N262;9825;24.683;52;236;235;237;237;13.865;50.02;488.1;8.729;604.9;4.340;738.3;4.218;60;0;0;13.735;13.895;13.965;3221;3292;3310;50.02;50.02;50.02;5867;1000;0.0;0;0.0000;0;0;24683;24683;24683
60;2014-08-17 13:09:00;909402N262;9870;24.848;52;236;234;237;236;13.946;50.01;486.7;8.773;603.9;4.375;737.4;4.250;60;0;0;13.803;14.034;14.003;3231;3330;3308;50.01;50.01;50.01;5867;1000;0.0;0;0.0000;0;0;24848;24848;24848
60;2014-08-17 13:10:00;909402N262;9952;25.013;52;236;234;237;236;14.075;50.01;486.0;8.835;602.4;4.436;736.3;4.299;60;0;0;13.909;14.201;14.116;3250;3370;3330;50.01;50.01;50.01;5867;1000;0.0;0;0.0000;0;0;25013;25013;25013
60;2014-08-17 13:11:00;909402N262;10081;25.181;52;236;233;237;236;14.269;50.01;484.6;8.945;600.8;4.519;735.2;4.370;60;0;0;14.061;14.403;14.343;3278;3415;3386;50.01;50.01;50.01;5867;1000;0.0;0;0.0000;0;0;25181;25181;25181
60;2014-08-17 13:12:00;909402N262;10269;25.352;52;236;234;237;236;14.535;50.01;483.4;9.112;599.3;4.629;734.2;4.465;60;0;0;14.346;14.670;14.589;3350;3477;3439;50.01;50.01;50.01;5867;1000;0.0;0;0.0000;0;0;25352;25352;25352
60;2014-08-17 13:13:00;909402N262;10462;25.527;52;235;234;237;235;14.812;50.02;481.3;9.302;597.4;4.741;731.4;4.574;60;0;0;14.674;14.931;14.831;3440;3534;3485;50.02;50.02;50.02;5867;1000;0.0;0;0.0000;0;0;25527;25527;25527
60;2014-08-17 13:14:00;909402N262;10563;25.703;52;235;235;237;235;14.957;50.02;479.8;9.421;595.4;4.800;729.9;4.637;60;0;0;14.875;15.090;14.907;3497;3570;3495;50.02;50.02;50.02;5867;1000;0.0;0;0.0000;0;0;25703;25703;25703
60;2014-08-17 13:15:00;909402N262;10664;25.881;52;236;235;237;235;15.088;50.03;478.7;9.531;593.4;4.858;728.6;4.691;60;0;0;15.016;15.207;15.042;3531;3600;3531;50.03;50.03;50.03;5867;1000;0.0;0;0.0000;0;0;25881;25881;25881
60;2014-08-17 13:16:00;909402N262;10782;26.061;52;236;236;237;235;15.241;50.01;473.4;9.745;587.0;4.980;719.6;4.837;60;0;0;15.195;15.372;15.157;3583;3639;3558;50.01;50.01;50.01;5867;1000;0.0;0;0.0000;0;0;26061;26061;26061
60;2014-08-17 13:17:00;909402N262;9874;26.225;52;235;235;237;235;13.980;50.02;479.2;8.850;592.0;4.563;723.3;4.304;60;0;0;13.892;14.119;13.929;3267;3334;3269;50.02;50.02;50.02;5867;1000;0.0;0;0.0000;0;0;26225;26225;26225
60;2014-08-17 13:18:00;909402N262;5481;26.317;53;235;235;236;234;7.786;50.03;489.4;4.852;591.4;2.510;717.6;2.399;60;0;0;7.759;7.816;7.783;1817;1856;1816;50.03;50.03;50.03;5867;1000;0.0;0;0.0000;0;0;26317;26317;26317
60;2014-08-17 13:19:00;909402N262;8425;26.458;53;236;236;236;235;11.960;50.03;487.9;7.473;596.0;3.848;727.1;3.645;60;0;0;11.916;12.113;11.852;2815;2833;2781;50.03;50.03;50.03;5867;1000;0.0;0;0.0000;0;0;26458;26458;26458
60;2014-08-17 13:20:00;909402N262;6245;26.562;53;235;236;235;234;8.863;50.03;491.6;5.532;593.8;2.829;723.9;2.635;60;0;0;8.859;8.900;8.832;2089;2084;2070;50.03;50.03;50.03;5867;1000;0.0;0;0.0000;0;0;26562;26562;26562
60;2014-08-17 13:21:00;909402N262;4293;26.634;52;235;235;235;235;6.138;50.03;496.2;3.812;595.3;1.899;723.1;1.850;60;0;0;6.091;6.192;6.133;1422;1443;1431;50.03;50.03;50.03;5867;1000;0.0;0;0.0000;0;0;26634;26634;26634
60;2014-08-17 13:22:00;909402N262;4168;26.703;52;235;235;236;235;5.942;50.03;501.1;3.724;599.9;1.855;727.5;1.714;60;0;0;5.903;5.973;5.952;1376;1399;1391;50.03;50.03;50.03;5867;1000;0.0;0;0.0000;0;0;26703;26703;26703
60;2014-08-17 13:23:00;909402N262;11357;26.893;52;237;236;237;237;15.968;50.02;492.7;9.975;607.6;4.943;746.0;4.891;60;0;0;15.948;15.997;15.961;3772;3796;3783;50.02;50.02;50.02;5867;1000;0.0;0;0.0000;0;0;26893;26893;26893
60;2014-08-17 13:24:00;909402N262;9013;27.043;52;237;236;237;237;12.709;50.02;493.7;7.894;604.2;4.041;739.4;3.808;60;0;0;12.644;12.770;12.713;2983;3013;3015;50.02;50.02;50.02;5867;1000;0.0;0;0.0000;0;0;27043;27043;27043
60;2014-08-17 13:25:00;909402N262;5233;27.129;52;236;235;236;236;7.414;50.03;499.7;4.632;601.7;2.333;731.2;2.140;60;0;0;7.356;7.453;7.434;1726;1752;1753;50.03;50.03;50.03;5867;1000;0.0;0;0.0000;0;0;27129;27129;27129
60;2014-08-17 13:26:00;909402N262;3702;27.192;52;236;235;236;236;5.278;50.02;501.1;3.349;600.7;1.640;728.2;1.491;60;0;0;5.223;5.319;5.294;1216;1244;1240;50.02;50.02;50.02;5867;1000;0.0;0;0.0000;0;0;27192;27192;27192
60;2014-08-17 13:27:00;909402N262;3670;27.253;52;236;235;236;236;5.223;50.02;504.5;3.283;604.0;1.603;732.0;1.486;60;0;0;5.170;5.257;5.244;1206;1233;1229;50.02;50.02;50.02;5867;1000;0.0;0;0.0000;0;0;27253;27253;27253
60;2014-08-17 13:28:00;909402N262;2980;27.302;52;236;235;236;236;4.265;50.02;506.8;2.692;604.3;1.287;732.2;1.189;60;0;0;4.213;4.302;4.280;979;1001;998;50.02;50.02;50.02;5867;1000;0.0;0;0.0000;0;0;27302;27302;27302
60;2014-08-17 13:29:00;909402N262;2917;27.350;52;236;235;236;236;4.176;50.01;511.1;2.625;607.2;1.245;736.9;1.156;60;0;0;4.125;4.213;4.192;958;981;977;50.01;50.01;50.01;5867;1000;0.0;0;0.0000;0;0;27350;27350;27350
60;2014-08-17 13:30:00;909402N262;5200;27.436;51;236;236;236;236;7.376;49.99;521.0;4.674;618.1;2.356;752.4;1.836;60;0;0;7.350;7.391;7.387;1723;1743;1733;49.99;49.99;49.99;5867;1000;0.0;0;0.0000;0;0;27436;27436;27436
60;2014-08-17 13:31:00;909402N262;2924;27.484;51;235;235;236;236;4.188;49.99;511.7;2.655;592.4;1.270;744.4;1.130;60;0;0;4.144;4.203;4.219;960;981;981;49.99;49.99;49.99;5867;1000;0.0;0;0.0000;0;0;27484;27484;27484
60;2014-08-17 13:32:00;909402N262;2565;27.528;51;235;235;236;236;3.716;50.00;520.3;2.309;611.1;1.077;744.6;0.985;60;0;0;3.658;3.752;3.738;839;863;861;50.00;50.00;50.00;5867;1000;0.0;0;0.0000;0;0;27528;27528;27528
60;2014-08-17 13:33:00;909402N262;2359;27.567;51;235;235;236;235;3.428;50.01;522.9;2.123;610.9;0.990;745.4;0.897;60;0;0;3.376;3.464;3.445;773;795;789;50.01;50.01;50.01;5867;1000;0.0;0;0.0000;0;0;27567;27567;27567
60;2014-08-17 13:34:00;909402N262;2269;27.606;51;235;235;236;236;3.300;50.02;526.2;2.033;612.0;0.948;747.6;0.859;60;0;0;3.248;3.334;3.320;742;764;761;50.02;50.02;50.02;5867;1000;0.0;0;0.0000;0;0;27606;27606;27606
60;2014-08-17 13:35:00;909402N262;2228;27.642;51;236;235;235;236;3.244;50.02;532.5;1.973;613.2;0.928;750.5;0.841;60;0;0;3.190;3.275;3.268;728;748;750;50.02;50.02;50.02;5867;1000;0.0;0;0.0000;0;0;27642;27642;27642
60;2014-08-17 13:36:00;909402N262;2173;27.678;50;235;235;235;236;3.169;50.01;536.4;1.909;613.7;0.904;752.4;0.819;60;0;0;3.118;3.195;3.196;710;729;733;50.01;50.01;50.01;5867;1000;0.0;0;0.0000;0;0;27678;27678;27678
60;2014-08-17 13:37:00;909402N262;2144;27.713;50;235;235;235;236;3.130;50.02;538.2;1.880;614.5;0.887;753.6;0.806;60;0;0;3.078;3.152;3.161;700;716;724;50.02;50.02;50.02;5867;1000;0.0;0;0.0000;0;0;27713;27713;27713
60;2014-08-17 13:38:00;909402N262;2123;27.749;50;235;235;234;237;3.101;50.02;539.1;1.865;615.6;0.872;755.1;0.796;60;0;0;3.052;3.121;3.131;694;708;718;50.02;50.02;50.02;5867;1000;0.0;0;0.0000;0;0;27749;27749;27749
60;2014-08-17 13:39:00;909402N262;2111;27.784;50;235;235;234;237;3.086;50.01;539.5;1.861;616.2;0.862;757.0;0.789;60;0;0;3.032;3.102;3.125;690;703;716;50.01;50.01;50.01;5867;1000;0.0;0;0.0000;0;0;27784;27784;27784
60;2014-08-17 13:40:00;909402N262;2121;27.820;50;235;235;234;237;3.101;50.01;538.9;1.876;617.3;0.859;759.3;0.790;60;0;0;3.051;3.118;3.136;694;706;719;50.01;50.01;50.01;5867;1000;0.0;0;0.0000;0;0;27820;27820;27820
60;2014-08-17 13:41:00;909402N262;2093;27.854;50;235;235;234;236;3.064;50.01;538.9;1.855;617.8;0.843;760.4;0.779;60;0;0;3.001;3.094;3.097;681;702;708;50.01;50.01;50.01;5867;1000;0.0;0;0.0000;0;0;27854;27854;27854
60;2014-08-17 13:42:00;909402N262;1995;27.888;49;235;234;235;236;2.932;50.00;540.3;1.767;618.7;0.802;760.4;0.740;60;0;0;2.877;2.957;2.964;650;669;675;50.00;50.00;50.00;5867;1000;0.0;0;0.0000;0;0;27888;27888;27888
60;2014-08-17 13:43:00;909402N262;1914;27.920;49;235;235;235;236;2.827;50.01;541.7;1.697;618.2;0.769;760.8;0.707;60;0;0;2.767;2.869;2.845;622;646;645;50.01;50.01;50.01;5867;1000;0.0;0;0.0000;0;0;27920;27920;27920
60;2014-08-17 13:44:00;909402N262;1876;27.952;49;235;235;235;236;2.776;50.01;542.3;1.662;618.5;0.752;761.9;0.690;60;0;0;2.719;2.823;2.787;610;634;630;50.01;50.01;50.01;5867;1000;0.0;0;0.0000;0;0;27952;27952;27952
60;2014-08-17 13:45:00;909402N262;1841;27.982;49;235;235;235;236;2.726;50.01;542.4;1.632;618.0;0.739;763.3;0.675;60;0;0;2.673;2.767;2.739;599;621;619;50.01;50.01;50.01;5867;1000;0.0;0;0.0000;0;0;27982;27982;27982
60;2014-08-17 13:46:00;909402N262;1751;28.011;49;235;235;235;236;2.596;50.02;540.8;1.564;596.2;0.723;763.7;0.649;60;0;0;2.552;2.616;2.620;569;589;591;50.02;50.02;50.02;5867;1000;0.0;0;0.0000;0;0;28011;28011;28011
60;2014-08-17 13:47:00;909402N262;1698;28.041;49;235;235;235;236;2.534;50.02;546.6;1.493;615.0;0.687;763.2;0.621;60;0;0;2.483;2.561;2.558;552;570;574;50.02;50.02;50.02;5867;1000;0.0;0;0.0000;0;0;28041;28041;28041
60;2014-08-17 13:48:00;909402N262;1634;28.067;49;235;235;234;236;2.445;50.01;547.9;1.433;615.0;0.662;763.0;0.596;60;0;0;2.393;2.476;2.467;530;549;552;50.01;50.01;50.01;5867;1000;0.0;0;0.0000;0;0;28067;28067;28067
60;2014-08-17 13:49:00;909402N262;1576;28.094;49;235;234;235;235;2.364;50.00;547.9;1.382;616.6;0.638;763.3;0.574;60;0;0;2.311;2.402;2.379;510;533;530;50.00;50.00;50.00;5867;1000;0.0;0;0.0000;0;0;28094;28094;28094
60;2014-08-17 13:50:00;909402N262;1518;28.118;48;235;234;235;236;2.282;50.01;547.8;1.331;614.4;0.619;763.1;0.552;60;0;0;2.231;2.318;2.298;492;514;511;50.01;50.01;50.01;5867;1000;0.0;0;0.0000;0;0;28118;28118;28118
60;2014-08-17 13:51:00;909402N262;1473;28.144;48;235;235;235;236;2.217;50.01;547.9;1.291;613.4;0.603;763.4;0.535;60;0;0;2.170;2.251;2.230;478;498;495;50.01;50.01;50.01;5867;1000;0.0;0;0.0000;0;0;28144;28144;28144
60;2014-08-17 13:52:00;909402N262;1441;28.168;48;235;235;235;236;2.170;50.01;549.3;1.259;613.2;0.591;764.8;0.521;60;0;0;2.123;2.208;2.181;467;488;484;50.01;50.01;50.01;5867;1000;0.0;0;0.0000;0;0;28168;28168;28168
60;2014-08-17 13:53:00;909402N262;1434;28.192;48;235;235;235;235;2.161;50.00;551.3;1.248;613.9;0.588;766.3;0.518;60;0;0;2.117;2.197;2.169;467;485;480;50.00;50.00;50.00;5867;1000;0.0;0;0.0000;0;0;28192;28192;28192
60;2014-08-17 13:54:00;909402N262;1443;28.216;48;235;235;234;236;2.172;50.01;553.0;1.249;615.2;0.591;767.8;0.521;60;0;0;2.125;2.203;2.190;468;486;486;50.01;50.01;50.01;5867;1000;0.0;0;0.0000;0;0;28216;28216;28216
60;2014-08-17 13:55:00;909402N262;1467;28.240;48;235;235;234;236;2.206;50.02;554.7;1.263;615.9;0.601;768.2;0.530;60;0;0;2.155;2.241;2.222;475;495;495;50.02;50.02;50.02;5867;1000;0.0;0;0.0000;0;0;28240;28240;28240
60;2014-08-17 13:56:00;909402N262;1489;28.265;48;235;235;235;236;2.236;50.02;555.3;1.276;616.8;0.612;769.8;0.538;60;0;0;2.187;2.272;2.251;483;503;502;50.02;50.02;50.02;5867;1000;0.0;0;0.0000;0;0;28265;28265;28265
60;2014-08-17 13:57:00;909402N262;1523;28.290;48;235;235;235;236;2.283;50.01;548.4;1.318;618.9;0.626;771.7;0.551;60;0;0;2.233;2.323;2.295;494;516;512;50.01;50.01;50.01;5867;1000;0.0;0;0.0000;0;0;28290;28290;28290
60;2014-08-17 13:58:00;909402N262;1560;28.316;48;236;235;236;236;2.332;50.02;540.7;1.364;619.8;0.643;773.4;0.566;60;0;0;2.283;2.369;2.346;506;529;524;50.02;50.02;50.02;5867;1000;0.0;0;0.0000;0;0;28316;28316;28316
60;2014-08-17 13:59:00;909402N262;1602;28.343;47;236;235;236;236;2.390;50.01;539.3;1.396;618.9;0.664;775.2;0.582;60;0;0;2.338;2.433;2.401;520;542;537;50.01;50.01;50.01;5867;1000;0.0;0;0.0000;0;0;28343;28343;28343
60;2014-08-17 14:00:00;909402N262;1663;28.371;47;236;235;236;236;2.474;49.99;546.0;1.423;620.3;0.692;776.7;0.607;60;0;0;2.422;2.515;2.487;540;563;558;49.99;49.99;49.99;5867;1000;0.0;0;0.0000;0;0;28371;28371;28371
[wr_ende]
