20140806;080002;danfoss;My Plant;+0100
[wr_def_start]
909402N262;Inverter Type;Inverter Group;Hanzl
[wr_def_end]
[wr]
INTERVAL;TIMESTAMP;SERIAL;P_AC;E_DAY;T_WR;U_AC;U_AC_1;U_AC_2;U_AC_3;I_AC;F_AC;U_DC_1;I_DC_1;U_DC_2;I_DC_2;U_DC_3;I_DC_3;S;E_WR;M_WR;I_AC_1;I_AC_2;I_AC_3;P_AC_1;P_AC_2;P_AC_3;F_AC_1;F_AC_2;F_AC_3;R_DC;PC;PCS;PCS_LL;COS_PHI;COS_PHI_LL;S_COS_PHI;Current_Day_Energy;current_Day_Offset;ccEnergyOfDay_WithoutOffset
60;2014-08-06 07:01:00;909402N262;511;0.221;35;233;234;232;233;0.910;50.02;529.6;0.442;590.7;0.228;736.2;0.202;60;0;0;0.919;0.974;0.839;171;181;157;50.02;50.02;50.02;23193;1000;0.0;0;0.0000;0;0;221;221;221
60;2014-08-06 07:02:00;909402N262;524;0.230;35;233;234;232;232;0.929;50.03;535.6;0.450;605.5;0.229;746.4;0.202;60;0;0;0.925;0.980;0.883;173;183;166;50.03;50.03;50.03;23193;1000;0.0;0;0.0000;0;0;230;230;230
60;2014-08-06 07:03:00;909402N262;529;0.238;35;233;234;233;232;0.942;50.04;536.2;0.454;605.1;0.233;746.7;0.204;60;0;0;0.930;1.004;0.894;174;188;166;50.04;50.04;50.04;23193;1000;0.0;0;0.0000;0;0;238;238;238
60;2014-08-06 07:04:00;909402N262;531;0.247;35;233;233;233;232;0.942;50.03;536.6;0.456;603.9;0.234;747.3;0.205;60;0;0;0.952;0.996;0.879;177;188;165;50.03;50.03;50.03;23193;1000;0.0;0;0.0000;0;0;247;247;247
60;2014-08-06 07:05:00;909402N262;531;0.256;36;233;233;233;233;0.943;50.03;536.7;0.455;604.0;0.233;746.3;0.205;60;0;0;0.938;0.985;0.906;174;184;170;50.03;50.03;50.03;23193;1000;0.0;0;0.0000;0;0;256;256;256
60;2014-08-06 07:06:00;909402N262;527;0.265;36;233;233;232;233;0.937;50.02;536.9;0.452;604.3;0.230;746.1;0.203;60;0;0;0.936;0.990;0.886;174;185;165;50.02;50.02;50.02;23193;1000;0.0;0;0.0000;0;0;265;265;265
60;2014-08-06 07:07:00;909402N262;519;0.273;36;234;234;233;234;0.925;50.02;537.3;0.446;602.7;0.227;740.1;0.202;60;0;0;0.915;0.979;0.882;169;182;165;50.02;50.02;50.02;23193;1000;0.0;0;0.0000;0;0;273;273;273
60;2014-08-06 07:08:00;909402N262;508;0.281;36;235;235;235;236;0.925;50.01;539.0;0.436;602.0;0.222;725.7;0.201;60;0;0;0.921;0.971;0.884;167;178;162;50.01;50.01;50.01;23193;1000;0.0;0;0.0000;0;0;281;281;281
60;2014-08-06 07:09:00;909402N262;495;0.290;36;235;235;235;236;0.914;50.02;539.9;0.425;600.1;0.216;722.0;0.196;60;0;0;0.917;0.961;0.864;165;172;156;50.02;50.02;50.02;23193;1000;0.0;0;0.0000;0;0;290;290;290
60;2014-08-06 07:10:00;909402N262;480;0.297;36;236;236;235;236;0.890;50.03;540.9;0.413;599.9;0.209;717.8;0.191;60;0;0;0.848;0.978;0.845;150;176;151;50.03;50.03;50.03;23193;1000;0.0;0;0.0000;0;0;297;297;297
60;2014-08-06 07:11:00;909402N262;464;0.306;36;236;235;236;236;0.857;50.02;541.5;0.400;597.8;0.203;719.5;0.183;60;0;0;0.816;0.939;0.817;145;170;147;50.02;50.02;50.02;23193;1000;0.0;0;0.0000;0;0;306;306;306
60;2014-08-06 07:12:00;909402N262;447;0.313;36;236;235;236;236;0.839;50.01;542.0;0.387;596.3;0.196;711.5;0.177;60;0;0;0.774;0.961;0.784;136;171;139;50.01;50.01;50.01;23193;1000;0.0;0;0.0000;0;0;313;313;313
60;2014-08-06 07:13:00;909402N262;432;0.321;36;235;235;236;235;0.816;50.00;542.5;0.374;595.5;0.189;708.6;0.171;60;0;0;0.741;0.932;0.777;129;165;136;50.00;50.00;50.00;23193;1000;0.0;0;0.0000;0;0;321;321;321
60;2014-08-06 07:14:00;909402N262;419;0.328;36;235;235;235;235;0.785;50.00;542.6;0.364;593.8;0.183;709.5;0.164;60;0;0;0.781;0.863;0.713;138;153;126;50.00;50.00;50.00;23193;1000;0.0;0;0.0000;0;0;328;328;328
60;2014-08-06 07:15:00;909402N262;406;0.335;36;235;235;235;235;0.785;50.00;540.7;0.356;591.3;0.178;701.6;0.161;60;0;0;0.755;0.863;0.738;129;149;127;50.00;50.00;50.00;23193;1000;0.0;0;0.0000;0;0;335;335;335
60;2014-08-06 07:16:00;909402N262;395;0.341;36;235;235;235;235;0.764;50.00;528.7;0.358;582.8;0.175;694.1;0.158;60;0;0;0.695;0.875;0.724;118;151;124;50.00;50.00;50.00;23193;1000;0.0;0;0.0000;0;0;341;341;341
60;2014-08-06 07:17:00;909402N262;394;0.348;36;235;235;235;235;0.741;49.99;527.4;0.356;593.5;0.171;706.9;0.153;60;0;0;0.650;0.871;0.704;113;154;124;49.99;49.99;49.99;23193;1000;0.0;0;0.0000;0;0;348;348;348
60;2014-08-06 07:18:00;909402N262;392;0.355;36;235;235;235;235;0.746;49.99;530.7;0.354;593.8;0.170;706.0;0.152;60;0;0;0.636;0.884;0.719;112;155;124;49.99;49.99;49.99;23193;1000;0.0;0;0.0000;0;0;355;355;355
60;2014-08-06 07:19:00;909402N262;395;0.361;36;235;235;234;235;0.736;49.98;534.1;0.354;593.9;0.170;705.4;0.153;60;0;0;0.766;0.885;0.559;138;157;97;49.98;49.98;49.98;23193;1000;0.0;0;0.0000;0;0;361;361;361
60;2014-08-06 07:20:00;909402N262;398;0.368;36;235;235;234;235;0.743;49.98;540.8;0.354;594.3;0.171;709.2;0.154;60;0;0;0.601;0.875;0.755;104;158;134;49.98;49.98;49.98;23193;1000;0.0;0;0.0000;0;0;368;368;368
60;2014-08-06 07:21:00;909402N262;407;0.374;37;235;235;234;235;0.787;49.97;540.8;0.361;590.3;0.176;698.0;0.159;60;0;0;0.739;0.895;0.728;127;155;124;49.97;49.97;49.97;23193;1000;0.0;0;0.0000;0;0;374;374;374
60;2014-08-06 07:22:00;909402N262;417;0.381;37;235;235;234;235;0.789;49.98;541.5;0.371;594.0;0.179;705.8;0.161;60;0;0;0.754;0.878;0.735;132;154;128;49.98;49.98;49.98;23193;1000;0.0;0;0.0000;0;0;381;381;381
60;2014-08-06 07:23:00;909402N262;430;0.388;37;235;235;234;236;0.804;50.00;540.6;0.382;595.0;0.183;709.6;0.165;60;0;0;0.785;0.871;0.756;140;155;133;50.00;50.00;50.00;23193;1000;0.0;0;0.0000;0;0;388;388;388
60;2014-08-06 07:24:00;909402N262;443;0.395;37;235;235;234;235;0.817;49.99;539.6;0.397;597.7;0.189;710.5;0.171;60;0;0;0.732;0.939;0.780;130;172;139;49.99;49.99;49.99;23193;1000;0.0;0;0.0000;0;0;395;395;395
60;2014-08-06 07:25:00;909402N262;461;0.403;37;235;235;234;235;0.849;49.98;539.0;0.412;598.5;0.196;714.5;0.177;60;0;0;0.794;0.943;0.812;140;173;146;49.98;49.98;49.98;23193;1000;0.0;0;0.0000;0;0;403;403;403
60;2014-08-06 07:26:00;909402N262;479;0.411;37;235;235;234;235;0.877;49.98;538.5;0.429;601.2;0.203;720.0;0.183;60;0;0;0.870;0.941;0.821;157;171;149;49.98;49.98;49.98;23193;1000;0.0;0;0.0000;0;0;411;411;411
60;2014-08-06 07:27:00;909402N262;498;0.419;37;235;235;234;236;0.909;49.98;538.3;0.447;603.3;0.210;721.2;0.191;60;0;0;0.885;0.972;0.871;160;177;160;49.98;49.98;49.98;23193;1000;0.0;0;0.0000;0;0;419;419;419
60;2014-08-06 07:28:00;909402N262;520;0.428;37;235;235;234;235;0.951;49.99;539.1;0.463;604.9;0.218;720.0;0.200;60;0;0;0.910;1.016;0.929;163;183;171;49.99;49.99;49.99;23193;1000;0.0;0;0.0000;0;0;428;428;428
60;2014-08-06 07:29:00;909402N262;540;0.437;37;235;235;234;235;0.960;49.98;540.3;0.480;605.5;0.228;739.9;0.202;60;0;0;0.925;1.013;0.944;171;189;178;49.98;49.98;49.98;23193;1000;0.0;0;0.0000;0;0;437;437;437
60;2014-08-06 07:30:00;909402N262;562;0.447;37;235;235;235;235;0.997;49.99;541.8;0.495;607.4;0.237;738.5;0.210;60;0;0;0.983;1.042;0.968;182;195;183;49.99;49.99;49.99;23193;1000;0.0;0;0.0000;0;0;447;447;447
60;2014-08-06 07:31:00;909402N262;576;0.456;37;234;235;234;235;1.028;49.98;537.7;0.510;594.0;0.248;728.0;0.221;60;0;0;1.000;1.056;1.030;186;196;192;49.98;49.98;49.98;23193;1000;0.0;0;0.0000;0;0;456;456;456
60;2014-08-06 07:32:00;909402N262;600;0.466;37;234;234;234;235;1.086;49.99;542.4;0.526;611.1;0.252;729.3;0.228;60;0;0;1.051;1.120;1.088;193;206;199;49.99;49.99;49.99;23193;1000;0.0;0;0.0000;0;0;466;466;466
60;2014-08-06 07:33:00;909402N262;619;0.476;37;234;235;234;235;1.117;49.99;542.6;0.541;612.4;0.261;727.9;0.237;60;0;0;1.078;1.164;1.111;199;214;205;49.99;49.99;49.99;23193;1000;0.0;0;0.0000;0;0;476;476;476
60;2014-08-06 07:34:00;909402N262;637;0.488;37;234;234;234;234;1.146;49.97;542.7;0.555;613.2;0.269;732.1;0.243;60;0;0;1.113;1.186;1.141;206;219;211;49.97;49.97;49.97;23193;1000;0.0;0;0.0000;0;0;488;488;488
60;2014-08-06 07:35:00;909402N262;654;0.497;37;234;234;234;234;1.175;49.98;542.9;0.570;613.7;0.277;732.0;0.250;60;0;0;1.149;1.216;1.160;212;225;216;49.98;49.98;49.98;23193;1000;0.0;0;0.0000;0;0;497;497;497
60;2014-08-06 07:36:00;909402N262;672;0.509;37;234;234;234;234;1.201;49.99;542.8;0.584;614.7;0.286;733.1;0.256;60;0;0;1.185;1.235;1.185;220;230;220;49.99;49.99;49.99;23193;1000;0.0;0;0.0000;0;0;509;509;509
60;2014-08-06 07:37:00;909402N262;693;0.521;37;235;235;235;235;1.228;49.99;543.4;0.599;615.6;0.294;731.5;0.265;60;0;0;1.204;1.264;1.217;225;237;229;49.99;49.99;49.99;23193;1000;0.0;0;0.0000;0;0;521;521;521
60;2014-08-06 07:38:00;909402N262;713;0.533;37;236;236;235;236;1.215;49.99;544.2;0.614;616.7;0.304;732.6;0.273;60;0;0;1.193;1.249;1.205;230;246;235;49.99;49.99;49.99;23193;1000;0.0;0;0.0000;0;0;533;533;533
60;2014-08-06 07:39:00;909402N262;733;0.546;37;236;236;235;236;1.275;49.98;544.9;0.629;618.1;0.314;732.7;0.281;60;0;0;1.257;1.312;1.258;239;253;240;49.98;49.98;49.98;23193;1000;0.0;0;0.0000;0;0;546;546;546
60;2014-08-06 07:40:00;909402N262;754;0.558;37;236;236;235;236;1.303;49.98;546.2;0.643;619.7;0.323;735.3;0.288;60;0;0;1.285;1.331;1.294;246;258;248;49.98;49.98;49.98;23193;1000;0.0;0;0.0000;0;0;558;558;558
60;2014-08-06 07:41:00;909402N262;774;0.570;37;236;236;236;236;1.277;50.00;546.2;0.659;619.2;0.333;732.0;0.296;60;0;0;1.261;1.309;1.261;252;267;254;50.00;50.00;50.00;23193;1000;0.0;0;0.0000;0;0;570;570;570
60;2014-08-06 07:42:00;909402N262;792;0.584;38;236;236;235;236;1.277;50.00;546.4;0.672;619.9;0.342;732.7;0.303;60;0;0;1.248;1.308;1.277;255;272;263;50.00;50.00;50.00;23193;1000;0.0;0;0.0000;0;0;584;584;584
60;2014-08-06 07:43:00;909402N262;809;0.597;38;235;236;234;237;1.359;49.99;546.7;0.684;620.6;0.350;736.4;0.308;60;0;0;1.345;1.378;1.354;265;274;268;49.99;49.99;49.99;23193;1000;0.0;0;0.0000;0;0;597;597;597
60;2014-08-06 07:44:00;909402N262;824;0.611;38;235;235;235;236;1.358;50.01;547.3;0.694;620.7;0.358;735.5;0.314;60;0;0;1.345;1.388;1.341;270;282;270;50.01;50.01;50.01;23193;1000;0.0;0;0.0000;0;0;611;611;611
60;2014-08-06 07:45:00;909402N262;837;0.625;38;235;236;235;236;1.377;49.99;547.5;0.703;621.0;0.365;735.6;0.319;60;0;0;1.366;1.403;1.363;274;287;274;49.99;49.99;49.99;23193;1000;0.0;0;0.0000;0;0;625;625;625
60;2014-08-06 07:46:00;909402N262;837;0.640;38;235;235;235;236;1.365;49.98;543.7;0.710;599.9;0.377;729.6;0.326;60;0;0;1.342;1.405;1.349;272;289;274;49.98;49.98;49.98;23193;1000;0.0;0;0.0000;0;0;640;640;640
60;2014-08-06 07:47:00;909402N262;860;0.654;38;236;236;236;236;1.393;49.99;547.9;0.718;620.5;0.377;737.2;0.327;60;0;0;1.379;1.419;1.382;279;296;283;49.99;49.99;49.99;23193;1000;0.0;0;0.0000;0;0;654;654;654
60;2014-08-06 07:48:00;909402N262;872;0.668;38;236;236;235;236;1.404;49.98;547.9;0.727;620.5;0.383;738.1;0.331;60;0;0;1.387;1.432;1.393;284;299;286;49.98;49.98;49.98;23193;1000;0.0;0;0.0000;0;0;668;668;668
60;2014-08-06 07:49:00;909402N262;883;0.683;38;236;236;236;236;1.426;49.98;547.8;0.737;620.1;0.390;738.1;0.335;60;0;0;1.414;1.461;1.404;289;305;287;49.98;49.98;49.98;23193;1000;0.0;0;0.0000;0;0;683;683;683
60;2014-08-06 07:50:00;909402N262;894;0.698;38;236;236;235;236;1.440;49.99;547.9;0.745;620.2;0.395;738.5;0.338;60;0;0;1.423;1.468;1.430;291;307;295;49.99;49.99;49.99;23193;1000;0.0;0;0.0000;0;0;698;698;698
60;2014-08-06 07:51:00;909402N262;902;0.713;38;236;236;235;236;1.453;49.97;548.2;0.752;619.9;0.400;738.7;0.341;60;0;0;1.444;1.479;1.437;296;309;296;49.97;49.97;49.97;23193;1000;0.0;0;0.0000;0;0;713;713;713
60;2014-08-06 07:52:00;909402N262;910;0.728;38;236;235;235;236;1.460;49.98;548.2;0.758;619.6;0.404;738.2;0.345;60;0;0;1.443;1.488;1.449;296;312;299;49.98;49.98;49.98;23193;1000;0.0;0;0.0000;0;0;728;728;728
60;2014-08-06 07:53:00;909402N262;918;0.744;38;235;235;235;236;1.484;49.98;548.3;0.764;618.6;0.409;739.9;0.347;60;0;0;1.457;1.522;1.473;298;316;302;49.98;49.98;49.98;23193;1000;0.0;0;0.0000;0;0;744;744;744
60;2014-08-06 07:54:00;909402N262;930;0.759;38;235;235;235;235;1.503;49.98;548.5;0.772;618.2;0.414;740.2;0.351;60;0;0;1.479;1.539;1.491;301;319;307;49.98;49.98;49.98;23193;1000;0.0;0;0.0000;0;0;759;759;759
60;2014-08-06 07:55:00;909402N262;942;0.776;38;235;235;235;235;1.518;49.98;548.9;0.783;618.3;0.419;740.1;0.356;60;0;0;1.488;1.554;1.512;304;324;312;49.98;49.98;49.98;23193;1000;0.0;0;0.0000;0;0;776;776;776
60;2014-08-06 07:56:00;909402N262;956;0.791;38;235;235;235;235;1.544;49.99;549.8;0.793;618.6;0.425;745.7;0.359;60;0;0;1.515;1.593;1.526;310;331;314;49.99;49.99;49.99;23193;1000;0.0;0;0.0000;0;0;791;791;791
60;2014-08-06 07:57:00;909402N262;971;0.807;38;235;235;235;235;1.558;49.99;550.5;0.803;618.5;0.431;753.4;0.362;60;0;0;1.525;1.604;1.545;313;335;320;49.99;49.99;49.99;23193;1000;0.0;0;0.0000;0;0;807;807;807
60;2014-08-06 07:58:00;909402N262;984;0.823;38;235;235;235;235;1.577;50.01;549.7;0.817;619.1;0.436;757.8;0.365;60;0;0;1.543;1.628;1.560;317;341;324;50.01;50.01;50.01;23193;1000;0.0;0;0.0000;0;0;823;823;823
60;2014-08-06 07:59:00;909402N262;998;0.840;39;235;235;235;235;1.590;50.02;549.6;0.827;619.0;0.441;748.5;0.374;60;0;0;1.553;1.639;1.578;321;344;330;50.02;50.02;50.02;23193;1000;0.0;0;0.0000;0;0;840;840;840
60;2014-08-06 08:00:00;909402N262;1008;0.857;39;235;235;235;235;1.609;50.02;549.6;0.836;619.2;0.445;742.1;0.382;60;0;0;1.582;1.652;1.594;326;346;333;50.02;50.02;50.02;23193;1000;0.0;0;0.0000;0;0;857;857;857
[wr_ende]
