20150316;100004;danfoss;My Plant;+0100
[wr_def_start]
909402N262;Inverter Type;Inverter Group;Hanzl
[wr_def_end]
[wr]
INTERVAL;TIMESTAMP;SERIAL;P_AC;E_DAY;T_WR;U_AC;U_AC_1;U_AC_2;U_AC_3;I_AC;F_AC;U_DC_1;I_DC_1;U_DC_2;I_DC_2;U_DC_3;I_DC_3;S;E_WR;M_WR;I_AC_1;I_AC_2;I_AC_3;P_AC_1;P_AC_2;P_AC_3;F_AC_1;F_AC_2;F_AC_3;R_DC;PC;PCS;PCS_LL;COS_PHI;COS_PHI_LL;S_COS_PHI;Current_Day_Energy;current_Day_Offset;ccEnergyOfDay_WithoutOffset
60;2015-03-16 09:01:00;909402N262;2142;2.686;33;234;233;234;235;3.217;49.97;527.1;1.471;659.4;1.283;795.4;0.708;60;0;0;3.136;3.254;3.262;690;724;726;49.97;49.97;49.97;12067;1000;0.0;0;1.0000;0;2;2686;2686;2686
60;2015-03-16 09:02:00;909402N262;2007;2.720;33;234;233;234;236;3.044;49.98;448.4;1.757;672.0;1.033;794.9;0.688;60;0;0;2.961;3.092;3.080;646;678;681;49.98;49.98;49.98;12067;1000;0.0;0;1.0000;0;2;2720;2720;2720
60;2015-03-16 09:03:00;909402N262;1779;2.749;33;234;233;233;235;2.741;49.99;491.6;1.454;673.6;0.804;795.1;0.677;60;0;0;2.668;2.778;2.778;573;601;604;49.99;49.99;49.99;12067;1000;0.0;0;1.0000;0;2;2749;2749;2749
60;2015-03-16 09:04:00;909402N262;1811;2.779;33;234;233;233;235;2.786;49.99;498.1;1.446;675.7;0.802;794.7;0.710;60;0;0;2.709;2.823;2.828;583;611;615;49.99;49.99;49.99;12067;1000;0.0;0;1.0000;0;2;2779;2779;2779
60;2015-03-16 09:05:00;909402N262;1753;2.808;33;234;234;233;234;2.710;50.00;552.9;1.284;674.3;0.761;795.1;0.684;60;0;0;2.650;2.750;2.731;569;593;590;50.00;50.00;50.00;12067;1000;0.0;0;1.0000;0;2;2808;2808;2808
60;2015-03-16 09:06:00;909402N262;1679;2.835;33;233;233;234;233;2.614;50.01;554.2;1.241;669.2;0.729;795.1;0.647;60;0;0;2.555;2.654;2.633;543;569;565;50.01;50.01;50.01;12067;1000;0.0;0;1.0000;0;2;2835;2835;2835
60;2015-03-16 09:07:00;909402N262;1704;2.865;33;233;233;234;234;2.646;50.01;557.7;1.232;667.0;0.778;795.1;0.642;60;0;0;2.578;2.688;2.673;549;579;575;50.01;50.01;50.01;12067;1000;0.0;0;1.0000;0;2;2865;2865;2865
60;2015-03-16 09:08:00;909402N262;1843;2.896;33;233;233;233;234;2.831;50.01;571.2;1.231;667.9;0.931;795.1;0.667;60;0;0;2.762;2.871;2.861;596;623;623;50.01;50.01;50.01;12067;1000;0.0;0;1.0000;0;2;2896;2896;2896
60;2015-03-16 09:09:00;909402N262;1657;2.923;33;234;233;234;234;2.584;50.01;562.6;1.176;670.2;0.750;795.0;0.631;60;0;0;2.516;2.625;2.611;533;562;560;50.01;50.01;50.01;12067;1000;0.0;0;1.0000;0;2;2923;2923;2923
60;2015-03-16 09:10:00;909402N262;1509;2.947;33;233;233;233;234;2.396;50.00;580.1;1.075;668.5;0.652;794.8;0.576;60;0;0;2.330;2.428;2.430;484;510;513;50.00;50.00;50.00;12067;1000;0.0;0;1.0000;0;2;2947;2947;2947
60;2015-03-16 09:11:00;909402N262;1652;2.975;33;234;233;234;235;2.575;50.01;568.2;1.164;671.7;0.761;795.1;0.616;60;0;0;2.507;2.611;2.608;531;559;560;50.01;50.01;50.01;12067;1000;0.0;0;1.0000;0;2;2975;2975;2975
60;2015-03-16 09:12:00;909402N262;1979;3.009;33;233;232;234;234;3.010;50.01;539.8;1.378;674.7;1.026;795.0;0.707;60;0;0;2.930;3.055;3.045;637;671;670;50.01;50.01;50.01;12067;1000;0.0;0;1.0000;0;2;3009;3009;3009
60;2015-03-16 09:13:00;909402N262;2332;3.048;33;233;232;233;234;3.489;50.01;502.9;1.707;677.5;1.251;794.9;0.821;60;0;0;3.410;3.531;3.526;754;787;789;50.01;50.01;50.01;12067;1000;0.0;0;1.0000;0;2;3048;3048;3048
60;2015-03-16 09:14:00;909402N262;2160;3.083;33;233;233;233;234;3.251;50.02;504.3;1.631;677.8;1.018;795.4;0.839;60;0;0;3.180;3.290;3.285;700;727;730;50.02;50.02;50.02;12067;1000;0.0;0;1.0000;0;2;3083;3083;3083
60;2015-03-16 09:15:00;909402N262;2321;3.122;33;234;233;233;235;3.471;50.00;526.2;1.648;679.6;1.144;794.8;0.879;60;0;0;3.401;3.502;3.512;755;778;786;50.00;50.00;50.00;12067;1000;0.0;0;1.0000;0;2;3122;3122;3122
60;2015-03-16 09:16:00;909402N262;2331;3.161;33;234;233;233;235;3.480;50.01;531.6;1.626;676.5;1.220;782.4;0.863;60;0;0;3.415;3.498;3.527;758;779;791;50.01;50.01;50.01;12067;1000;0.0;0;1.0000;0;2;3161;3161;3161
60;2015-03-16 09:17:00;909402N262;2005;3.195;33;234;233;233;235;3.059;50.01;506.4;1.509;674.3;0.957;795.2;0.772;60;0;0;2.983;3.093;3.103;648;673;682;50.01;50.01;50.01;12067;1000;0.0;0;1.0000;0;2;3195;3195;3195
60;2015-03-16 09:18:00;909402N262;2006;3.228;33;234;233;233;235;3.061;50.01;518.3;1.485;669.1;1.003;795.2;0.734;60;0;0;2.985;3.103;3.096;649;676;680;50.01;50.01;50.01;12067;1000;0.0;0;1.0000;0;2;3228;3228;3228
60;2015-03-16 09:19:00;909402N262;1890;3.259;33;234;233;234;234;2.902;50.01;538.5;1.377;667.2;0.896;795.4;0.711;60;0;0;2.829;2.947;2.931;610;640;638;50.01;50.01;50.01;12067;1000;0.0;0;1.0000;0;2;3259;3259;3259
60;2015-03-16 09:20:00;909402N262;1820;3.290;33;234;233;234;235;2.809;50.01;548.6;1.335;666.0;0.814;795.1;0.703;60;0;0;2.735;2.856;2.836;586;618;614;50.01;50.01;50.01;12067;1000;0.0;0;1.0000;0;2;3290;3290;3290
60;2015-03-16 09:21:00;909402N262;1981;3.323;33;233;232;234;234;3.028;50.01;532.2;1.485;668.5;0.904;795.2;0.759;60;0;0;2.942;3.080;3.063;636;673;670;50.01;50.01;50.01;12067;1000;0.0;0;1.0000;0;2;3323;3323;3323
60;2015-03-16 09:22:00;909402N262;2017;3.357;33;234;233;234;235;3.071;50.02;555.7;1.475;669.2;0.869;795.2;0.793;60;0;0;2.998;3.114;3.103;651;682;682;50.02;50.02;50.02;12067;1000;0.0;0;1.0000;0;2;3357;3357;3357
60;2015-03-16 09:23:00;909402N262;2088;3.391;33;234;232;234;235;3.169;50.01;577.7;1.483;670.1;0.890;795.1;0.820;60;0;0;3.086;3.216;3.205;672;706;708;50.01;50.01;50.01;12067;1000;0.0;0;1.0000;0;2;3391;3391;3391
60;2015-03-16 09:24:00;909402N262;2043;3.426;33;233;232;234;235;3.111;50.00;579.8;1.445;670.3;0.874;795.2;0.798;60;0;0;3.024;3.165;3.146;655;694;692;50.00;50.00;50.00;12067;1000;0.0;0;1.0000;0;2;3426;3426;3426
60;2015-03-16 09:25:00;909402N262;1978;3.458;33;233;232;233;235;3.025;50.00;569.2;1.416;670.6;0.866;795.3;0.762;60;0;0;2.940;3.075;3.061;636;670;670;50.00;50.00;50.00;12067;1000;0.0;0;1.0000;0;2;3458;3458;3458
60;2015-03-16 09:26:00;909402N262;2070;3.494;34;233;232;234;235;3.147;50.00;549.0;1.521;673.0;0.915;795.3;0.800;60;0;0;3.068;3.195;3.179;666;700;701;50.00;50.00;50.00;12067;1000;0.0;0;1.0000;0;2;3494;3494;3494
60;2015-03-16 09:27:00;909402N262;2123;3.529;34;233;231;234;235;3.219;50.01;538.7;1.577;675.0;0.940;795.2;0.826;60;0;0;3.129;3.271;3.259;680;721;720;50.01;50.01;50.01;12067;1000;0.0;0;1.0000;0;2;3529;3529;3529
60;2015-03-16 09:28:00;909402N262;2052;3.562;34;233;230;234;234;3.130;50.01;535.9;1.538;673.8;0.897;795.2;0.805;60;0;0;3.038;3.185;3.167;656;699;695;50.01;50.01;50.01;12067;1000;0.0;0;1.0000;0;2;3562;3562;3562
60;2015-03-16 09:29:00;909402N262;1914;3.594;34;233;230;233;234;2.946;50.00;550.8;1.431;670.5;0.807;795.3;0.755;60;0;0;2.863;2.993;2.982;613;649;650;50.00;50.00;50.00;12067;1000;0.0;0;1.0000;0;2;3594;3594;3594
60;2015-03-16 09:30:00;909402N262;1859;3.626;34;232;230;233;234;2.874;49.98;556.3;1.391;668.4;0.782;795.2;0.725;60;0;0;2.785;2.920;2.918;594;630;633;49.98;49.98;49.98;12067;1000;0.0;0;1.0000;0;2;3626;3626;3626
60;2015-03-16 09:31:00;909402N262;1882;3.657;34;232;231;233;234;2.898;50.00;565.2;1.386;654.7;0.812;793.1;0.736;60;0;0;2.816;2.936;2.944;603;636;641;50.00;50.00;50.00;12067;1000;0.0;0;1.0000;0;2;3657;3657;3657
60;2015-03-16 09:32:00;909402N262;2226;3.694;34;232;231;233;233;3.373;49.99;538.7;1.640;672.4;1.041;795.2;0.838;60;0;0;3.301;3.420;3.398;722;754;748;49.99;49.99;49.99;12067;1000;0.0;0;1.0000;0;2;3694;3694;3694
60;2015-03-16 09:33:00;909402N262;3545;3.753;34;232;232;233;232;5.197;50.00;511.3;2.915;689.9;1.890;795.5;0.998;60;0;0;5.139;5.243;5.210;1165;1196;1183;50.00;50.00;50.00;12067;1000;0.0;0;1.0000;0;2;3753;3753;3753
60;2015-03-16 09:34:00;909402N262;4290;3.823;34;232;232;232;232;6.248;50.00;519.5;3.648;694.1;2.236;795.2;1.135;60;0;0;6.185;6.297;6.262;1415;1441;1432;50.00;50.00;50.00;12067;1000;0.0;0;1.0000;0;2;3823;3823;3823
60;2015-03-16 09:35:00;909402N262;4433;3.897;34;232;232;232;233;6.451;50.01;514.9;3.798;693.2;2.265;795.1;1.218;60;0;0;6.378;6.493;6.483;1458;1485;1488;50.01;50.01;50.01;12067;1000;0.0;0;1.0000;0;2;3897;3897;3897
60;2015-03-16 09:36:00;909402N262;3335;3.953;34;232;231;232;233;4.913;50.00;518.0;2.791;678.0;1.568;795.1;1.086;60;0;0;4.832;4.957;4.950;1089;1118;1125;50.00;50.00;50.00;12067;1000;0.0;0;1.0000;0;2;3953;3953;3953
60;2015-03-16 09:37:00;909402N262;2732;3.998;34;232;232;231;233;4.065;49.99;528.7;2.081;672.4;1.280;795.4;1.005;60;0;0;3.985;4.090;4.120;889;914;927;49.99;49.99;49.99;12067;1000;0.0;0;1.0000;0;2;3998;3998;3998
60;2015-03-16 09:38:00;909402N262;3838;4.062;34;232;232;231;234;5.610;50.00;512.5;3.141;685.7;1.963;795.3;1.173;60;0;0;5.521;5.626;5.684;1254;1278;1304;50.00;50.00;50.00;12067;1000;0.0;0;1.0000;0;2;4062;4062;4062
60;2015-03-16 09:39:00;909402N262;4219;4.133;34;232;232;231;234;6.144;50.02;510.9;3.557;692.1;2.096;795.4;1.267;60;0;0;6.065;6.145;6.224;1385;1398;1434;50.02;50.02;50.02;12067;1000;0.0;0;1.0000;0;2;4133;4133;4133
60;2015-03-16 09:40:00;909402N262;4300;4.204;34;232;231;232;234;6.259;50.01;519.2;3.513;687.1;2.112;795.4;1.362;60;0;0;6.169;6.274;6.335;1406;1432;1461;50.01;50.01;50.01;12067;1000;0.0;0;1.0000;0;2;4204;4204;4204
60;2015-03-16 09:41:00;909402N262;4704;4.283;34;232;231;232;234;6.826;50.01;514.9;3.965;690.8;2.331;795.1;1.407;60;0;0;6.730;6.856;6.894;1538;1572;1592;50.01;50.01;50.01;12067;1000;0.0;0;1.0000;0;2;4283;4283;4283
60;2015-03-16 09:42:00;909402N262;4429;4.357;34;232;231;232;234;6.440;49.99;513.9;3.672;683.7;2.220;795.3;1.364;60;0;0;6.327;6.481;6.512;1441;1483;1503;49.99;49.99;49.99;12067;1000;0.0;0;1.0000;0;2;4357;4357;4357
60;2015-03-16 09:43:00;909402N262;4483;4.431;34;233;231;233;235;6.505;50.00;511.6;3.791;685.1;2.257;795.2;1.333;60;0;0;6.387;6.546;6.582;1457;1502;1523;50.00;50.00;50.00;12067;1000;0.0;0;1.0000;0;2;4431;4431;4431
60;2015-03-16 09:44:00;909402N262;4619;4.508;34;233;232;233;234;6.696;50.00;510.0;3.945;685.8;2.327;795.2;1.354;60;0;0;6.609;6.734;6.746;1515;1546;1557;50.00;50.00;50.00;12067;1000;0.0;0;1.0000;0;2;4508;4508;4508
60;2015-03-16 09:45:00;909402N262;4856;4.589;35;233;232;233;233;7.026;50.00;508.5;4.144;684.2;2.451;795.1;1.435;60;0;0;6.936;7.078;7.064;1592;1633;1630;50.00;50.00;50.00;12067;1000;0.0;0;1.0000;0;2;4589;4589;4589
60;2015-03-16 09:46:00;909402N262;4888;4.671;35;233;232;233;233;7.081;50.01;503.3;4.257;672.1;2.476;792.7;1.477;60;0;0;6.995;7.132;7.118;1606;1640;1640;50.01;50.01;50.01;12067;1000;0.0;0;1.0000;0;2;4671;4671;4671
60;2015-03-16 09:47:00;909402N262;4927;4.754;35;232;231;232;233;7.151;49.99;515.0;4.182;680.8;2.508;795.0;1.429;60;0;0;7.064;7.215;7.175;1617;1658;1651;49.99;49.99;49.99;12067;1000;0.0;0;1.0000;0;2;4754;4754;4754
60;2015-03-16 09:48:00;909402N262;4913;4.836;35;232;232;233;233;7.118;49.99;520.6;4.160;679.7;2.491;794.9;1.411;60;0;0;7.031;7.201;7.124;1611;1661;1639;49.99;49.99;49.99;12067;1000;0.0;0;1.0000;0;2;4836;4836;4836
60;2015-03-16 09:49:00;909402N262;4918;4.919;35;232;232;233;232;7.131;49.99;516.8;4.246;677.6;2.503;794.8;1.380;60;0;0;7.049;7.208;7.136;1614;1662;1641;49.99;49.99;49.99;12067;1000;0.0;0;1.0000;0;2;4919;4919;4919
60;2015-03-16 09:50:00;909402N262;4864;5.000;35;232;231;233;233;7.054;49.98;515.0;4.249;677.0;2.482;794.7;1.338;60;0;0;6.955;7.125;7.082;1591;1640;1631;49.98;49.98;49.98;12067;1000;0.0;0;1.0000;0;2;5000;5000;5000
60;2015-03-16 09:51:00;909402N262;4842;5.080;35;232;231;233;233;7.019;49.99;518.3;4.220;677.6;2.458;794.7;1.329;60;0;0;6.923;7.068;7.068;1584;1625;1631;49.99;49.99;49.99;12067;1000;0.0;0;1.0000;0;2;5080;5080;5080
60;2015-03-16 09:52:00;909402N262;4874;5.161;35;233;232;233;233;7.060;49.99;524.6;4.240;677.8;2.449;794.7;1.332;60;0;0;6.971;7.115;7.095;1598;1638;1636;49.99;49.99;49.99;12067;1000;0.0;0;1.0000;0;2;5161;5161;5161
60;2015-03-16 09:53:00;909402N262;4986;5.244;35;232;231;233;233;7.220;50.00;523.1;4.304;677.4;2.470;765.6;1.505;60;0;0;7.117;7.271;7.272;1630;1674;1680;50.00;50.00;50.00;12067;1000;0.0;0;1.0000;0;2;5244;5244;5244
60;2015-03-16 09:54:00;909402N262;5235;5.333;35;233;232;233;233;7.537;50.01;522.5;4.249;676.5;2.424;631.5;2.311;60;0;0;7.436;7.580;7.596;1714;1756;1763;50.01;50.01;50.01;12067;1000;0.0;0;1.0000;0;2;5333;5333;5333
60;2015-03-16 09:55:00;909402N262;5179;5.419;36;233;232;233;233;7.453;50.01;521.4;4.201;675.7;2.384;641.0;2.279;60;0;0;7.345;7.501;7.515;1693;1740;1744;50.01;50.01;50.01;12067;1000;0.0;0;1.0000;0;2;5419;5419;5419
60;2015-03-16 09:56:00;909402N262;5256;5.506;36;233;232;233;233;7.567;50.00;520.6;4.250;675.4;2.407;652.6;2.302;60;0;0;7.469;7.623;7.611;1723;1767;1765;50.00;50.00;50.00;12067;1000;0.0;0;1.0000;0;2;5506;5506;5506
60;2015-03-16 09:57:00;909402N262;5145;5.592;36;233;232;233;233;7.410;50.01;519.9;4.152;675.2;2.339;664.4;2.240;60;0;0;7.313;7.455;7.464;1687;1725;1731;50.01;50.01;50.01;12067;1000;0.0;0;1.0000;0;2;5592;5592;5592
60;2015-03-16 09:58:00;909402N262;5131;5.678;36;233;232;233;234;7.388;50.00;520.4;4.121;675.1;2.322;673.3;2.228;60;0;0;7.283;7.451;7.431;1677;1725;1727;50.00;50.00;50.00;12067;1000;0.0;0;1.0000;0;2;5678;5678;5678
60;2015-03-16 09:59:00;909402N262;5346;5.767;36;233;232;233;234;7.682;50.00;520.3;4.261;675.2;2.407;687.8;2.311;60;0;0;7.577;7.738;7.731;1751;1794;1800;50.00;50.00;50.00;12067;1000;0.0;0;1.0000;0;2;5767;5767;5767
60;2015-03-16 10:00:00;909402N262;5498;5.858;36;233;232;232;234;7.907;49.97;519.3;4.360;674.8;2.454;706.7;2.357;60;0;0;7.822;7.942;7.959;1808;1837;1852;49.97;49.97;49.97;12067;1000;0.0;0;1.0000;0;2;5858;5858;5858
[wr_ende]
