20140218;070004;danfoss;My Plant;+0100
[wr_def_start]
909402N262;Inverter Type;Inverter Group;Hanzl
[wr_def_end]
[wr]
INTERVAL;TIMESTAMP;SERIAL;P_AC;E_DAY;T_WR;U_AC;U_AC_1;U_AC_2;U_AC_3;I_AC;F_AC;U_DC_1;I_DC_1;U_DC_2;I_DC_2;U_DC_3;I_DC_3;S;E_WR;M_WR;I_AC_1;I_AC_2;I_AC_3;P_AC_1;P_AC_2;P_AC_3;F_AC_1;F_AC_2;F_AC_3;R_DC;PC;PCS;PCS_LL;COS_PHI;COS_PHI_LL;S_COS_PHI;Current_Day_Energy;current_Day_Offset;ccEnergyOfDay_WithoutOffset
60;2014-02-18 06:38:00;909402N262;0;0.000;0;0;0;0;0;0.000;0.06;0.2;0.000;0.2;0.000;0.2;0.000;50;0;0;0.000;0.000;0.000;0;0;0;0.06;0.06;0.06;0;1000;0.0;0;0.0000;0;0;0;0;0
60;2014-02-18 06:39:00;909402N262;0;0.000;13;232;231;234;230;0.000;49.97;229.2;0.000;227.6;0.000;229.2;0.000;50;0;0;0.000;0.000;0.000;0;0;0;49.97;49.97;49.97;0;1000;0.0;0;0.0000;0;0;0;0;0
60;2014-02-18 06:40:00;909402N262;0;0.000;13;232;231;234;230;0.000;49.98;229.1;0.000;228.5;0.000;229.1;0.000;50;0;0;0.000;0.000;0.000;0;0;0;49.98;49.98;49.98;0;1000;0.0;0;0.0000;0;0;0;0;0
60;2014-02-18 06:41:00;909402N262;0;0.000;14;232;231;234;230;0.000;49.97;227.8;0.000;227.2;0.000;227.9;0.000;50;0;0;0.000;0.000;0.000;0;0;0;49.97;49.97;49.97;0;1000;0.0;0;0.0000;0;0;0;0;0
60;2014-02-18 06:42:00;909402N262;0;0.000;14;232;231;234;230;0.000;49.97;228.1;0.000;227.5;0.000;228.0;0.000;50;0;0;0.000;0.000;0.000;0;0;0;49.97;49.97;49.97;0;1000;0.0;0;0.0000;0;0;0;0;0
60;2014-02-18 06:43:00;909402N262;0;0.000;15;232;231;234;230;0.000;49.97;229.2;0.000;228.7;0.000;229.2;0.000;50;0;0;0.000;0.000;0.000;0;0;0;49.97;49.97;49.97;0;1000;0.0;0;0.0000;0;0;0;0;0
60;2014-02-18 06:44:00;909402N262;0;0.000;15;234;233;236;232;0.000;49.96;227.5;0.000;226.9;0.000;227.5;0.000;50;0;0;0.000;0.000;0.000;0;0;0;49.96;49.96;49.96;0;1000;0.0;0;0.0000;0;0;0;0;0
60;2014-02-18 06:45:00;909402N262;0;0.000;15;234;233;235;233;0.000;49.96;230.4;0.000;229.9;0.000;230.3;0.000;50;0;0;0.000;0.000;0.000;0;0;0;49.96;49.96;49.96;0;1000;0.0;0;0.0000;0;0;0;0;0
60;2014-02-18 06:46:00;909402N262;0;0.000;16;234;233;236;233;0.000;49.95;229.8;0.000;229.2;0.000;229.8;0.000;50;0;0;0.000;0.000;0.000;0;0;0;49.95;49.95;49.95;0;1000;0.0;0;0.0000;0;0;0;0;0
60;2014-02-18 06:47:00;909402N262;0;0.000;16;234;233;236;233;0.000;49.96;234.2;0.000;233.6;0.000;233.5;0.000;50;0;0;0.000;0.000;0.000;0;0;0;49.96;49.96;49.96;0;1000;0.0;0;0.0000;0;0;0;0;0
60;2014-02-18 06:48:00;909402N262;0;0.000;16;234;233;235;233;0.000;49.96;232.0;0.000;231.5;0.000;232.0;0.000;50;0;0;0.000;0.000;0.000;0;0;0;49.96;49.96;49.96;0;1000;0.0;0;0.0000;0;0;0;0;0
60;2014-02-18 06:49:00;909402N262;0;0.000;16;234;233;235;233;0.000;49.96;229.0;0.000;228.4;0.000;229.0;0.000;50;0;0;0.000;0.000;0.000;0;0;0;49.96;49.96;49.96;0;1000;0.0;0;0.0000;0;0;0;0;0
60;2014-02-18 06:50:00;909402N262;0;0.000;17;234;233;236;233;0.000;49.96;232.1;0.000;231.5;0.000;231.5;0.000;50;0;0;0.000;0.000;0.000;0;0;0;49.96;49.96;49.96;0;1000;0.0;0;0.0000;0;0;0;0;0
60;2014-02-18 06:51:00;909402N262;0;0.000;17;234;233;236;232;0.000;49.96;234.7;0.000;234.2;0.000;234.6;0.000;50;0;0;0.000;0.000;0.000;0;0;0;49.96;49.96;49.96;0;1000;0.0;0;0.0000;0;0;0;0;0
60;2014-02-18 06:52:00;909402N262;0;0.000;17;233;233;235;232;0.000;49.96;238.8;0.000;238.3;0.000;238.3;0.000;50;0;0;0.000;0.000;0.000;0;0;0;49.96;49.96;49.96;0;1000;0.0;0;0.0000;0;0;0;0;0
60;2014-02-18 06:53:00;909402N262;0;0.000;17;233;233;235;232;0.000;49.95;248.4;0.000;247.8;0.000;248.8;0.000;50;0;0;0.000;0.000;0.000;0;0;0;49.95;49.95;49.95;0;1000;0.0;0;0.0000;0;0;0;0;0
60;2014-02-18 06:54:00;909402N262;0;0.000;17;233;233;235;232;0.000;49.96;258.1;0.000;257.6;0.000;258.1;0.000;50;0;0;0.000;0.000;0.000;0;0;0;49.96;49.96;49.96;0;1000;0.0;0;0.0000;0;0;0;0;0
60;2014-02-18 06:55:00;909402N262;0;0.000;17;233;233;235;232;0.000;49.98;256.0;0.000;255.8;0.000;255.9;0.000;50;0;0;0.000;0.000;0.000;0;0;0;49.98;49.98;49.98;0;1000;0.0;0;0.0000;0;0;0;0;0
60;2014-02-18 06:56:00;909402N262;0;0.000;17;233;233;235;232;0.003;49.98;344.4;0.000;334.4;0.000;347.5;0.000;51;0;0;0.004;0.004;0.003;0;0;0;49.98;49.98;49.98;0;1000;0.0;0;0.0000;0;0;0;0;0
60;2014-02-18 06:57:00;909402N262;0;0.000;17;233;234;235;230;0.006;50.00;477.1;0.003;472.7;0.001;551.2;0.001;51;0;0;0.012;0.003;0.003;0;0;0;50.00;50.00;50.00;4538;1000;0.0;0;0.0000;0;0;0;0;0
60;2014-02-18 06:58:00;909402N262;7;0.000;17;233;234;234;231;0.504;49.99;450.2;0.018;403.6;0.008;506.2;0.006;60;0;0;0.789;0.548;0.177;4;20;18;49.99;49.99;49.99;6016;1000;0.0;0;0.0000;0;0;0;0;0
60;2014-02-18 06:59:00;909402N262;11;0.000;17;235;236;235;233;0.539;50.01;438.0;0.022;408.2;0.011;521.3;0.010;60;0;0;0.900;0.544;0.174;0;42;12;50.01;50.01;50.01;6016;1000;0.0;0;0.0000;0;0;0;0;0
60;2014-02-18 07:00:00;909402N262;15;0.001;17;234;235;235;233;0.587;50.03;445.5;0.026;432.3;0.013;533.8;0.011;60;0;0;0.738;0.769;0.254;0;44;19;50.03;50.03;50.03;6016;1000;0.0;0;0.0000;0;0;1;1;1
[wr_ende]
