20140306;110002;danfoss;My Plant;+0100
[wr_def_start]
909402N262;Inverter Type;Inverter Group;Hanzl
[wr_def_end]
[wr]
INTERVAL;TIMESTAMP;SERIAL;P_AC;E_DAY;T_WR;U_AC;U_AC_1;U_AC_2;U_AC_3;I_AC;F_AC;U_DC_1;I_DC_1;U_DC_2;I_DC_2;U_DC_3;I_DC_3;S;E_WR;M_WR;I_AC_1;I_AC_2;I_AC_3;P_AC_1;P_AC_2;P_AC_3;F_AC_1;F_AC_2;F_AC_3;R_DC;PC;PCS;PCS_LL;COS_PHI;COS_PHI_LL;S_COS_PHI;Current_Day_Energy;current_Day_Offset;ccEnergyOfDay_WithoutOffset
60;2014-03-06 10:01:00;909402N262;1348;1.851;30;232;232;233;230;2.011;49.96;581.2;0.918;646.7;0.596;787.8;0.565;60;0;0;1.969;2.054;2.012;439;460;447;49.96;49.96;49.96;10061;1000;0.0;0;0.0000;0;0;1851;1851;1851
60;2014-03-06 10:02:00;909402N262;1404;1.873;30;232;232;232;230;2.079;49.95;590.3;0.938;665.7;0.609;795.4;0.580;60;0;0;2.034;2.125;2.078;458;479;466;49.95;49.95;49.95;10061;1000;0.0;0;0.0000;0;0;1873;1873;1873
60;2014-03-06 10:03:00;909402N262;1422;1.897;30;232;232;232;231;2.104;49.94;594.4;0.939;667.2;0.618;795.4;0.587;60;0;0;2.057;2.153;2.103;463;485;472;49.94;49.94;49.94;10061;1000;0.0;0;0.0000;0;0;1897;1897;1897
60;2014-03-06 10:04:00;909402N262;1529;1.923;30;232;232;233;232;2.254;49.94;584.4;1.013;670.7;0.667;795.0;0.637;60;0;0;2.201;2.300;2.262;496;520;510;49.94;49.94;49.94;10061;1000;0.0;0;0.0000;0;0;1923;1923;1923
60;2014-03-06 10:05:00;909402N262;1772;1.953;30;232;233;233;232;2.599;49.95;587.0;1.157;675.5;0.772;795.2;0.744;60;0;0;2.559;2.654;2.586;581;604;586;49.95;49.95;49.95;10061;1000;0.0;0;0.0000;0;0;1953;1953;1953
60;2014-03-06 10:06:00;909402N262;2099;1.987;30;232;233;232;232;3.054;49.97;594.3;1.346;678.4;0.910;795.0;0.886;60;0;0;3.010;3.079;3.074;690;705;702;49.97;49.97;49.97;10061;1000;0.0;0;0.0000;0;0;1987;1987;1987
60;2014-03-06 10:07:00;909402N262;2343;2.025;30;232;233;232;232;3.397;49.98;594.8;1.503;679.6;1.010;794.6;0.993;60;0;0;3.348;3.422;3.422;770;786;786;49.98;49.98;49.98;10061;1000;0.0;0;0.0000;0;0;2025;2025;2025
60;2014-03-06 10:08:00;909402N262;2420;2.067;30;232;233;232;232;3.507;49.98;588.6;1.578;678.7;1.035;794.7;1.026;60;0;0;3.462;3.536;3.525;797;812;809;49.98;49.98;49.98;10061;1000;0.0;0;0.0000;0;0;2067;2067;2067
60;2014-03-06 10:09:00;909402N262;2413;2.107;30;232;233;232;231;3.501;49.98;588.3;1.589;678.3;1.026;794.8;1.018;60;0;0;3.460;3.526;3.518;797;809;805;49.98;49.98;49.98;10061;1000;0.0;0;0.0000;0;0;2107;2107;2107
60;2014-03-06 10:10:00;909402N262;2489;2.148;30;232;233;232;232;3.608;49.98;589.2;1.637;679.0;1.061;794.8;1.050;60;0;0;3.572;3.635;3.618;824;834;830;49.98;49.98;49.98;10061;1000;0.0;0;0.0000;0;0;2148;2148;2148
60;2014-03-06 10:11:00;909402N262;2654;2.192;30;232;233;232;232;3.841;49.98;590.0;1.735;681.4;1.127;794.6;1.124;60;0;0;3.795;3.875;3.853;876;890;885;49.98;49.98;49.98;10061;1000;0.0;0;0.0000;0;0;2192;2192;2192
60;2014-03-06 10:12:00;909402N262;2729;2.238;30;232;233;231;232;3.953;49.99;575.1;1.829;682.7;1.156;794.5;1.156;60;0;0;3.916;3.982;3.962;903;912;910;49.99;49.99;49.99;10061;1000;0.0;0;0.0000;0;0;2238;2238;2238
60;2014-03-06 10:13:00;909402N262;2599;2.281;30;232;233;231;231;3.773;49.98;576.8;1.754;680.0;1.100;794.7;1.096;60;0;0;3.739;3.815;3.767;863;874;860;49.98;49.98;49.98;10061;1000;0.0;0;0.0000;0;0;2281;2281;2281
60;2014-03-06 10:14:00;909402N262;2585;2.325;30;232;233;231;231;3.752;50.00;588.2;1.713;679.2;1.099;794.7;1.083;60;0;0;3.716;3.778;3.763;857;865;861;50.00;50.00;50.00;10061;1000;0.0;0;0.0000;0;0;2325;2325;2325
60;2014-03-06 10:15:00;909402N262;2769;2.370;30;232;232;232;231;4.011;50.01;598.1;1.795;681.6;1.177;794.8;1.163;60;0;0;3.961;4.052;4.021;912;933;922;50.01;50.01;50.01;10061;1000;0.0;0;0.0000;0;0;2370;2370;2370
60;2014-03-06 10:16:00;909402N262;2892;2.418;30;232;232;232;231;4.184;50.00;599.9;1.869;668.5;1.232;795.5;1.239;60;0;0;4.140;4.214;4.200;954;972;964;50.00;50.00;50.00;10061;1000;0.0;0;0.0000;0;0;2418;2418;2418
60;2014-03-06 10:17:00;909402N262;2856;2.466;31;232;233;232;231;4.150;50.00;592.2;1.879;681.4;1.201;795.4;1.205;60;0;0;4.105;4.191;4.154;945;960;949;50.00;50.00;50.00;10061;1000;0.0;0;0.0000;0;0;2466;2466;2466
60;2014-03-06 10:18:00;909402N262;2772;2.512;31;232;233;233;231;4.025;50.01;589.2;1.848;679.8;1.163;795.6;1.163;60;0;0;3.983;4.067;4.025;916;935;918;50.01;50.01;50.01;10061;1000;0.0;0;0.0000;0;0;2512;2512;2512
60;2014-03-06 10:19:00;909402N262;2831;2.560;31;232;233;233;231;4.106;50.01;587.5;1.889;680.1;1.191;795.4;1.187;60;0;0;4.067;4.149;4.104;936;955;937;50.01;50.01;50.01;10061;1000;0.0;0;0.0000;0;0;2560;2560;2560
60;2014-03-06 10:20:00;909402N262;2886;2.608;31;232;232;233;232;4.187;50.00;591.3;1.910;680.8;1.213;795.4;1.213;60;0;0;4.130;4.225;4.206;947;972;965;50.00;50.00;50.00;10061;1000;0.0;0;0.0000;0;0;2608;2608;2608
60;2014-03-06 10:21:00;909402N262;2826;2.655;31;232;232;233;233;4.099;50.00;591.7;1.874;679.8;1.187;795.4;1.185;60;0;0;4.030;4.137;4.132;924;949;951;50.00;50.00;50.00;10061;1000;0.0;0;0.0000;0;0;2655;2655;2655
60;2014-03-06 10:22:00;909402N262;2744;2.701;31;232;232;232;233;3.982;50.00;587.1;1.835;678.1;1.154;795.6;1.151;60;0;0;3.910;4.011;4.027;895;920;927;50.00;50.00;50.00;10061;1000;0.0;0;0.0000;0;0;2701;2701;2701
60;2014-03-06 10:23:00;909402N262;2643;2.745;31;232;232;232;233;3.840;49.99;587.2;1.771;679.3;1.110;795.6;1.106;60;0;0;3.782;3.864;3.876;865;885;891;49.99;49.99;49.99;10061;1000;0.0;0;0.0000;0;0;2745;2745;2745
60;2014-03-06 10:24:00;909402N262;2535;2.787;31;232;232;232;233;3.691;50.01;585.2;1.708;677.5;1.068;795.5;1.057;60;0;0;3.631;3.718;3.724;831;849;853;50.01;50.01;50.01;10061;1000;0.0;0;0.0000;0;0;2787;2787;2787
60;2014-03-06 10:25:00;909402N262;2315;2.826;31;232;232;232;233;3.386;50.00;583.6;1.570;674.8;0.973;794.5;0.965;60;0;0;3.333;3.398;3.427;759;771;782;50.00;50.00;50.00;10061;1000;0.0;0;0.0000;0;0;2826;2826;2826
60;2014-03-06 10:26:00;909402N262;2043;2.860;31;232;232;231;232;3.008;50.01;585.1;1.386;670.2;0.861;794.3;0.850;60;0;0;2.944;3.053;3.028;666;688;686;50.00;50.00;50.00;10061;1000;0.0;0;0.0000;0;0;2860;2860;2860
60;2014-03-06 10:27:00;909402N262;1888;2.892;31;232;232;232;233;2.787;50.01;586.3;1.276;669.4;0.801;794.9;0.783;60;0;0;2.739;2.843;2.781;617;640;629;50.01;50.01;50.01;10061;1000;0.0;0;0.0000;0;0;2892;2892;2892
60;2014-03-06 10:28:00;909402N262;1843;2.923;31;232;232;232;232;2.723;50.01;585.7;1.250;667.9;0.785;795.1;0.762;60;0;0;2.676;2.778;2.717;602;625;613;50.01;50.01;50.01;10061;1000;0.0;0;0.0000;0;0;2923;2923;2923
60;2014-03-06 10:29:00;909402N262;1766;2.952;31;232;232;232;232;2.613;50.00;585.3;1.200;667.1;0.755;795.1;0.729;60;0;0;2.559;2.661;2.620;575;597;592;50.00;50.00;50.00;10061;1000;0.0;0;0.0000;0;0;2952;2952;2952
60;2014-03-06 10:30:00;909402N262;1725;2.982;31;232;231;232;232;2.557;50.00;583.7;1.166;667.3;0.744;795.3;0.713;60;0;0;2.496;2.598;2.578;559;583;582;50.00;50.00;50.00;10061;1000;0.0;0;0.0000;0;0;2982;2982;2982
60;2014-03-06 10:31:00;909402N262;1786;3.011;31;232;231;232;233;2.636;49.99;578.0;1.212;651.1;0.790;789.0;0.754;60;0;0;2.574;2.683;2.653;578;606;601;49.99;49.99;49.99;10061;1000;0.0;0;0.0000;0;0;3011;3011;3011
60;2014-03-06 10:32:00;909402N262;1954;3.044;31;232;232;232;232;2.874;49.98;588.8;1.284;671.3;0.848;795.2;0.816;60;0;0;2.820;2.912;2.891;637;659;656;49.98;49.98;49.98;10061;1000;0.0;0;0.0000;0;0;3044;3044;3044
60;2014-03-06 10:33:00;909402N262;2022;3.077;31;232;232;232;232;2.969;49.98;592.9;1.321;671.9;0.874;795.3;0.846;60;0;0;2.913;3.006;2.988;659;682;679;49.98;49.98;49.98;10061;1000;0.0;0;0.0000;0;0;3077;3077;3077
60;2014-03-06 10:34:00;909402N262;1996;3.110;31;232;231;232;232;2.934;49.98;593.9;1.304;672.0;0.860;795.3;0.835;60;0;0;2.872;2.965;2.965;649;672;674;49.98;49.98;49.98;10061;1000;0.0;0;0.0000;0;0;3110;3110;3110
60;2014-03-06 10:35:00;909402N262;1983;3.143;32;232;232;232;233;2.915;49.98;589.6;1.309;675.3;0.848;795.3;0.831;60;0;0;2.858;2.947;2.942;646;667;669;49.98;49.98;49.98;10061;1000;0.0;0;0.0000;0;0;3143;3143;3143
60;2014-03-06 10:36:00;909402N262;2013;3.178;32;232;232;232;233;2.954;49.99;585.3;1.338;676.8;0.858;795.2;0.843;60;0;0;2.898;2.992;2.974;656;679;676;49.99;49.99;49.99;10061;1000;0.0;0;0.0000;0;0;3178;3178;3178
60;2014-03-06 10:37:00;909402N262;2048;3.211;32;232;231;232;232;3.007;49.99;585.0;1.361;677.4;0.874;795.1;0.858;60;0;0;2.950;3.051;3.021;667;692;686;49.99;49.99;49.99;10061;1000;0.0;0;0.0000;0;0;3211;3211;3211
60;2014-03-06 10:38:00;909402N262;2046;3.246;32;232;232;232;231;3.007;49.99;586.8;1.360;673.4;0.875;795.2;0.856;60;0;0;2.962;3.053;3.008;672;693;679;49.99;49.99;49.99;10061;1000;0.0;0;0.0000;0;0;3246;3246;3246
60;2014-03-06 10:39:00;909402N262;1964;3.278;32;232;232;232;231;2.896;49.99;587.0;1.313;671.4;0.838;795.2;0.819;60;0;0;2.856;2.939;2.893;645;666;651;49.99;49.99;49.99;10061;1000;0.0;0;0.0000;0;0;3278;3278;3278
60;2014-03-06 10:40:00;909402N262;1913;3.310;32;232;232;232;231;2.821;50.01;586.7;1.278;671.6;0.818;795.4;0.797;60;0;0;2.779;2.865;2.820;628;647;636;50.01;50.01;50.01;10061;1000;0.0;0;0.0000;0;0;3310;3310;3310
60;2014-03-06 10:41:00;909402N262;1948;3.343;32;232;232;232;232;2.870;50.00;588.2;1.296;673.5;0.832;795.3;0.813;60;0;0;2.818;2.910;2.883;637;658;652;50.00;50.00;50.00;10061;1000;0.0;0;0.0000;0;0;3343;3343;3343
60;2014-03-06 10:42:00;909402N262;1993;3.376;32;232;232;232;231;2.934;50.01;591.0;1.321;672.9;0.850;795.4;0.832;60;0;0;2.886;2.974;2.942;654;673;664;50.01;50.01;50.01;10061;1000;0.0;0;0.0000;0;0;3376;3376;3376
60;2014-03-06 10:43:00;909402N262;2021;3.409;32;232;232;232;231;2.970;50.01;593.0;1.335;673.1;0.861;795.3;0.843;60;0;0;2.914;3.007;2.990;661;681;676;50.01;50.01;50.01;10061;1000;0.0;0;0.0000;0;0;3409;3409;3409
60;2014-03-06 10:44:00;909402N262;2020;3.443;32;232;232;232;231;2.970;50.00;594.5;1.332;671.3;0.864;795.5;0.841;60;0;0;2.915;3.005;2.990;661;681;676;50.00;50.00;50.00;10061;1000;0.0;0;0.0000;0;0;3443;3443;3443
60;2014-03-06 10:45:00;909402N262;1991;3.477;32;232;232;232;231;2.929;50.00;595.6;1.315;669.8;0.851;795.3;0.829;60;0;0;2.878;2.966;2.945;651;673;666;50.00;50.00;50.00;10061;1000;0.0;0;0.0000;0;0;3477;3477;3477
60;2014-03-06 10:46:00;909402N262;1857;3.507;32;232;232;232;231;2.738;50.00;588.9;1.252;657.4;0.797;793.8;0.776;60;0;0;2.690;2.788;2.736;607;631;617;50.00;50.00;50.00;10061;1000;0.0;0;0.0000;0;0;3507;3507;3507
60;2014-03-06 10:47:00;909402N262;1790;3.537;32;232;232;232;231;2.650;49.99;591.7;1.199;667.9;0.766;795.4;0.741;60;0;0;2.601;2.694;2.655;586;606;597;49.99;49.99;49.99;10061;1000;0.0;0;0.0000;0;0;3537;3537;3537
60;2014-03-06 10:48:00;909402N262;1827;3.567;32;231;232;231;231;2.705;49.99;584.8;1.236;667.9;0.783;795.4;0.757;60;0;0;2.658;2.751;2.708;598;618;610;49.99;49.99;49.99;10061;1000;0.0;0;0.0000;0;0;3567;3567;3567
60;2014-03-06 10:49:00;909402N262;1869;3.598;32;232;232;231;232;2.763;49.99;582.2;1.269;669.9;0.797;795.2;0.776;60;0;0;2.709;2.817;2.763;610;634;623;49.99;49.99;49.99;10061;1000;0.0;0;0.0000;0;0;3598;3598;3598
60;2014-03-06 10:50:00;909402N262;1854;3.630;32;232;232;232;232;2.740;50.00;583.2;1.268;669.0;0.785;795.5;0.767;60;0;0;2.690;2.793;2.738;605;629;617;50.00;50.00;50.00;10061;1000;0.0;0;0.0000;0;0;3630;3630;3630
60;2014-03-06 10:51:00;909402N262;1771;3.659;32;232;231;232;232;2.622;50.01;582.8;1.218;666.8;0.748;795.3;0.731;60;0;0;2.571;2.671;2.624;577;601;591;50.01;50.01;50.01;10061;1000;0.0;0;0.0000;0;0;3659;3659;3659
60;2014-03-06 10:52:00;909402N262;1804;3.689;32;232;231;233;232;2.667;50.00;581.7;1.232;667.1;0.768;795.4;0.749;60;0;0;2.600;2.725;2.678;582;615;605;50.00;50.00;50.00;10061;1000;0.0;0;0.0000;0;0;3689;3689;3689
60;2014-03-06 10:53:00;909402N262;1894;3.720;32;232;231;233;232;2.794;50.01;581.3;1.290;670.4;0.801;795.3;0.789;60;0;0;2.725;2.857;2.802;612;647;633;50.01;50.01;50.01;10061;1000;0.0;0;0.0000;0;0;3720;3720;3720
60;2014-03-06 10:54:00;909402N262;1840;3.751;32;232;231;233;232;2.719;50.01;580.7;1.262;668.4;0.778;795.4;0.765;60;0;0;2.657;2.777;2.725;596;628;615;50.01;50.01;50.01;10061;1000;0.0;0;0.0000;0;0;3751;3751;3751
60;2014-03-06 10:55:00;909402N262;1699;3.779;32;232;232;232;232;2.517;50.01;581.4;1.173;664.8;0.716;795.2;0.703;60;0;0;2.467;2.561;2.523;554;575;568;50.01;50.01;50.01;10061;1000;0.0;0;0.0000;0;0;3779;3779;3779
60;2014-03-06 10:56:00;909402N262;1506;3.805;32;232;232;232;232;2.241;50.00;583.4;1.041;660.7;0.635;795.5;0.622;60;0;0;2.191;2.278;2.254;490;509;505;50.00;50.00;50.00;10061;1000;0.0;0;0.0000;0;0;3805;3805;3805
60;2014-03-06 10:57:00;909402N262;1422;3.828;32;232;232;232;232;2.123;49.99;583.5;0.975;662.1;0.605;795.4;0.588;60;0;0;2.078;2.158;2.135;464;479;476;49.99;49.99;49.99;10061;1000;0.0;0;0.0000;0;0;3828;3828;3828
60;2014-03-06 10:58:00;909402N262;1469;3.853;32;232;232;231;232;2.190;49.98;579.5;1.008;661.8;0.630;795.5;0.607;60;0;0;2.145;2.220;2.207;479;494;494;49.98;49.98;49.98;10061;1000;0.0;0;0.0000;0;0;3853;3853;3853
60;2014-03-06 10:59:00;909402N262;1415;3.877;32;232;232;231;232;2.117;49.99;577.8;0.982;660.4;0.605;795.3;0.583;60;0;0;2.068;2.152;2.131;461;477;475;49.99;49.99;49.99;10061;1000;0.0;0;0.0000;0;0;3877;3877;3877
60;2014-03-06 11:00:00;909402N262;1274;3.898;32;232;232;231;232;1.914;49.98;579.5;0.890;657.6;0.542;795.4;0.522;60;0;0;1.871;1.940;1.931;414;429;428;49.98;49.98;49.98;10061;1000;0.0;0;0.0000;0;0;3898;3898;3898
[wr_ende]
