20150304;150004;danfoss;My Plant;+0100
[wr_def_start]
909402N262;Inverter Type;Inverter Group;Hanzl
[wr_def_end]
[wr]
INTERVAL;TIMESTAMP;SERIAL;P_AC;E_DAY;T_WR;U_AC;U_AC_1;U_AC_2;U_AC_3;I_AC;F_AC;U_DC_1;I_DC_1;U_DC_2;I_DC_2;U_DC_3;I_DC_3;S;E_WR;M_WR;I_AC_1;I_AC_2;I_AC_3;P_AC_1;P_AC_2;P_AC_3;F_AC_1;F_AC_2;F_AC_3;R_DC;PC;PCS;PCS_LL;COS_PHI;COS_PHI_LL;S_COS_PHI;Current_Day_Energy;current_Day_Offset;ccEnergyOfDay_WithoutOffset
60;2015-03-04 14:01:00;909402N262;4636;29.019;43;234;235;233;235;6.663;50.01;560.7;3.555;652.9;1.846;791.5;1.902;60;0;0;6.629;6.657;6.704;1539;1541;1556;50.01;50.01;50.01;16078;1000;0.0;0;1.0000;0;2;29019;29019;29019
60;2015-03-04 14:02:00;909402N262;4309;29.091;43;234;235;233;234;6.221;49.97;564.0;3.292;666.4;1.691;794.3;1.731;60;0;0;6.182;6.240;6.241;1432;1433;1442;49.97;49.97;49.97;16078;1000;0.0;0;1.0000;0;2;29091;29091;29091
60;2015-03-04 14:03:00;909402N262;3998;29.158;43;234;234;233;235;5.797;49.98;567.5;3.012;664.2;1.573;790.2;1.628;60;0;0;5.750;5.818;5.823;1325;1329;1342;49.98;49.98;49.98;16078;1000;0.0;0;1.0000;0;2;29158;29158;29158
60;2015-03-04 14:04:00;909402N262;3234;29.213;43;234;234;233;235;4.740;49.99;562.4;2.451;660.2;1.297;783.7;1.314;60;0;0;4.681;4.766;4.775;1065;1079;1089;49.99;49.99;49.99;16078;1000;0.0;0;1.0000;0;2;29213;29213;29213
60;2015-03-04 14:05:00;909402N262;3040;29.263;43;234;234;233;234;4.476;49.99;563.4;2.296;659.9;1.224;783.2;1.234;60;0;0;4.427;4.493;4.508;1004;1013;1022;49.99;49.99;49.99;16078;1000;0.0;0;1.0000;0;2;29263;29263;29263
60;2015-03-04 14:06:00;909402N262;4246;29.333;43;234;235;233;234;6.136;49.99;573.4;3.057;664.7;1.630;789.6;1.835;60;0;0;6.115;6.124;6.170;1414;1409;1423;49.99;49.99;49.99;16078;1000;0.0;0;1.0000;0;2;29333;29333;29333
60;2015-03-04 14:07:00;909402N262;4261;29.404;42;234;234;233;235;6.151;49.99;571.6;3.072;663.6;1.628;790.6;1.844;60;0;0;6.096;6.167;6.192;1406;1416;1433;49.99;49.99;49.99;16078;1000;0.0;0;1.0000;0;2;29404;29404;29404
60;2015-03-04 14:08:00;909402N262;3075;29.456;42;234;234;233;235;4.519;49.98;564.6;2.330;663.1;1.204;784.6;1.261;60;0;0;4.466;4.532;4.561;1013;1022;1038;49.98;49.98;49.98;16078;1000;0.0;0;1.0000;0;2;29456;29456;29456
60;2015-03-04 14:09:00;909402N262;2957;29.505;42;234;234;233;235;4.352;49.98;565.7;2.252;664.0;1.149;785.3;1.210;60;0;0;4.301;4.372;4.385;973;986;996;49.98;49.98;49.98;16078;1000;0.0;0;1.0000;0;2;29505;29505;29505
60;2015-03-04 14:10:00;909402N262;3429;29.561;42;234;234;234;235;4.990;49.98;570.0;2.599;667.0;1.271;792.3;1.431;60;0;0;4.921;5.012;5.038;1123;1148;1157;49.98;49.98;49.99;16078;1000;0.0;0;1.0000;0;2;29561;29561;29561
60;2015-03-04 14:11:00;909402N262;4184;29.632;42;234;234;233;235;6.072;49.99;571.5;3.170;669.3;1.588;791.3;1.723;60;0;0;6.023;6.071;6.123;1380;1394;1408;49.99;49.99;49.99;16078;1000;0.0;0;1.0000;0;2;29632;29632;29632
60;2015-03-04 14:12:00;909402N262;2763;29.679;42;234;234;233;234;4.087;50.00;566.0;2.099;663.7;1.077;785.0;1.123;60;0;0;4.039;4.115;4.107;909;925;926;50.00;50.00;50.00;16078;1000;0.0;0;1.0000;0;2;29679;29679;29679
60;2015-03-04 14:13:00;909402N262;2638;29.722;42;234;234;233;235;3.917;49.99;566.5;1.997;662.7;1.036;784.6;1.071;60;0;0;3.852;3.936;3.964;863;878;895;49.99;49.99;49.99;16078;1000;0.0;0;1.0000;0;2;29722;29722;29722
60;2015-03-04 14:14:00;909402N262;2418;29.762;42;234;234;233;236;3.615;50.00;567.4;1.821;660.4;0.959;783.3;0.981;60;0;0;3.545;3.638;3.664;787;806;822;50.00;50.00;50.00;16078;1000;0.0;0;1.0000;0;2;29762;29762;29762
60;2015-03-04 14:15:00;909402N262;2344;29.802;42;234;234;233;236;3.516;49.99;569.6;1.755;659.8;0.936;782.7;0.949;60;0;0;3.453;3.538;3.558;766;782;795;49.99;49.99;49.99;16078;1000;0.0;0;1.0000;0;2;29802;29802;29802
60;2015-03-04 14:16:00;909402N262;2365;29.842;42;234;234;234;235;3.535;50.00;566.5;1.779;643.9;0.962;784.4;0.967;60;0;0;3.476;3.556;3.574;771;793;799;50.00;50.00;50.00;16078;1000;0.0;0;1.0000;0;2;29842;29842;29842
60;2015-03-04 14:17:00;909402N262;2494;29.884;42;234;234;234;235;3.726;50.00;573.3;1.843;662.0;1.000;792.7;1.002;60;0;0;3.656;3.762;3.760;813;838;841;50.00;50.00;50.00;16078;1000;0.0;0;1.0000;0;2;29884;29884;29884
60;2015-03-04 14:18:00;909402N262;2577;29.927;42;234;234;234;235;3.822;50.00;574.0;1.901;663.6;1.032;795.5;1.033;60;0;0;3.758;3.859;3.850;842;866;867;50.00;50.00;50.00;16078;1000;0.0;0;1.0000;0;2;29927;29927;29927
60;2015-03-04 14:19:00;909402N262;2827;29.973;42;234;234;234;235;4.161;49.99;574.4;2.106;667.1;1.112;795.6;1.137;60;0;0;4.097;4.196;4.192;925;951;950;49.99;49.99;49.99;16078;1000;0.0;0;1.0000;0;2;29973;29973;29973
60;2015-03-04 14:20:00;909402N262;3302;30.028;42;234;234;234;235;4.826;49.99;576.1;2.452;672.3;1.272;795.0;1.334;60;0;0;4.764;4.866;4.850;1084;1106;1108;49.99;49.99;49.99;16078;1000;0.0;0;1.0000;0;2;30028;30028;30028
60;2015-03-04 14:21:00;909402N262;2826;30.075;42;234;233;234;235;4.165;49.99;574.5;2.089;668.8;1.117;795.6;1.134;60;0;0;4.086;4.211;4.199;918;953;953;49.99;49.99;49.99;16078;1000;0.0;0;1.0000;0;2;30075;30075;30075
60;2015-03-04 14:22:00;909402N262;3543;30.135;42;234;233;235;236;5.159;50.00;576.8;2.642;674.7;1.380;795.1;1.408;60;0;0;5.068;5.215;5.195;1153;1192;1194;50.00;50.00;50.00;16078;1000;0.0;0;1.0000;0;2;30135;30135;30135
60;2015-03-04 14:23:00;909402N262;3363;30.191;42;235;234;234;236;4.904;50.00;576.0;2.491;672.6;1.338;795.4;1.324;60;0;0;4.826;4.937;4.951;1098;1126;1137;50.00;50.00;50.00;16078;1000;0.0;0;1.0000;0;2;30191;30191;30191
60;2015-03-04 14:24:00;909402N262;3576;30.251;42;235;235;234;236;5.193;49.99;576.0;2.666;674.5;1.408;795.3;1.415;60;0;0;5.149;5.197;5.235;1180;1188;1205;49.99;49.99;49.99;16078;1000;0.0;0;1.0000;0;2;30251;30251;30251
60;2015-03-04 14:25:00;909402N262;3917;30.316;42;234;234;233;236;5.682;49.98;577.0;2.917;675.7;1.524;794.9;1.575;60;0;0;5.622;5.692;5.734;1290;1298;1326;49.98;49.98;49.98;16078;1000;0.0;0;1.0000;0;2;30316;30316;30316
60;2015-03-04 14:26:00;909402N262;3212;30.369;42;234;234;233;236;4.692;49.99;573.7;2.390;670.5;1.267;795.4;1.283;60;0;0;4.631;4.705;4.742;1054;1067;1089;49.99;49.99;49.99;16078;1000;0.0;0;1.0000;0;2;30369;30369;30369
60;2015-03-04 14:27:00;909402N262;3341;30.425;42;234;234;233;235;4.879;49.98;574.5;2.512;671.2;1.301;795.4;1.329;60;0;0;4.816;4.896;4.927;1096;1114;1130;49.98;49.98;49.98;16078;1000;0.0;0;1.0000;0;2;30425;30425;30425
60;2015-03-04 14:28:00;909402N262;3646;30.485;41;234;234;234;235;5.304;49.98;575.2;2.743;673.1;1.413;795.5;1.456;60;0;0;5.233;5.333;5.347;1196;1219;1230;49.98;49.98;49.98;16078;1000;0.0;0;1.0000;0;2;30485;30485;30485
60;2015-03-04 14:29:00;909402N262;6242;30.589;41;235;234;234;235;8.952;49.99;578.6;4.721;682.7;2.360;794.8;2.509;60;0;0;8.887;8.979;8.992;2060;2089;2091;49.99;49.99;49.99;16078;1000;0.0;0;1.0000;0;2;30589;30589;30589
60;2015-03-04 14:30:00;909402N262;4361;30.661;41;234;234;234;235;6.302;49.97;574.7;3.274;675.2;1.661;794.9;1.769;60;0;0;6.240;6.342;6.325;1437;1461;1461;49.97;49.97;49.97;16078;1000;0.0;0;1.0000;0;2;30661;30661;30661
60;2015-03-04 14:31:00;909402N262;5175;30.749;41;235;235;234;235;7.406;49.96;571.0;3.985;682.3;1.943;787.7;2.094;60;0;0;7.360;7.403;7.456;1708;1731;1734;49.96;49.96;49.96;16078;1000;0.0;0;1.0000;0;2;30749;30749;30749
60;2015-03-04 14:32:00;909402N262;8981;30.898;41;235;235;235;236;12.996;49.96;571.8;6.844;683.2;3.329;795.0;3.688;60;0;0;12.933;13.047;13.010;2980;2999;3000;49.96;49.96;49.96;16078;1000;0.0;0;1.0000;0;2;30898;30898;30898
60;2015-03-04 14:33:00;909402N262;8123;31.034;42;235;235;235;235;11.762;49.96;570.0;6.097;675.5;2.962;794.8;3.471;60;0;0;11.679;11.840;11.769;2687;2724;2711;49.96;49.96;49.96;16078;1000;0.0;0;1.0000;0;2;31034;31034;31034
60;2015-03-04 14:34:00;909402N262;4694;31.112;42;235;234;235;235;6.756;49.95;566.8;3.527;669.0;1.776;794.3;1.970;60;0;0;6.683;6.794;6.792;1544;1577;1574;49.95;49.95;49.95;16078;1000;0.0;0;1.0000;0;2;31112;31112;31112
60;2015-03-04 14:35:00;909402N262;6804;31.225;42;235;235;235;235;9.758;49.95;568.7;5.192;674.3;2.528;794.4;2.823;60;0;0;9.687;9.782;9.806;2247;2273;2282;49.95;49.95;49.95;16078;1000;0.0;0;1.0000;0;2;31225;31225;31225
60;2015-03-04 14:36:00;909402N262;3720;31.288;42;234;234;234;235;5.424;49.96;561.0;2.822;663.2;1.489;789.0;1.503;60;0;0;5.362;5.468;5.442;1224;1250;1246;49.96;49.96;49.96;16078;1000;0.0;0;1.0000;0;2;31288;31288;31288
60;2015-03-04 14:37:00;909402N262;4068;31.355;42;234;234;235;234;5.904;49.97;563.6;3.123;666.2;1.625;788.6;1.628;60;0;0;5.855;5.920;5.939;1338;1367;1361;49.97;49.97;49.97;16078;1000;0.0;0;1.0000;0;2;31355;31355;31355
60;2015-03-04 14:38:00;909402N262;5611;31.449;42;234;234;234;235;8.078;49.97;567.9;4.261;673.6;2.237;793.5;2.213;60;0;0;8.021;8.113;8.101;1857;1877;1877;49.97;49.97;49.97;16078;1000;0.0;0;1.0000;0;2;31449;31449;31449
60;2015-03-04 14:39:00;909402N262;5289;31.536;42;234;234;234;235;7.632;49.98;565.9;3.999;668.8;2.005;794.5;2.197;60;0;0;7.562;7.654;7.681;1741;1768;1778;49.98;49.98;49.98;16078;1000;0.0;0;1.0000;0;2;31536;31536;31536
60;2015-03-04 14:40:00;909402N262;6831;31.651;42;235;235;235;236;9.752;49.99;568.5;5.123;673.6;2.574;794.4;2.873;60;0;0;9.688;9.754;9.814;2251;2287;2291;49.99;49.99;49.99;16078;1000;0.0;0;1.0000;0;2;31651;31651;31651
60;2015-03-04 14:41:00;909402N262;4512;31.725;42;235;234;234;235;6.500;49.99;563.8;3.421;667.6;1.759;790.2;1.843;60;0;0;6.442;6.506;6.553;1482;1512;1517;49.99;49.99;49.99;16078;1000;0.0;0;1.0000;0;2;31725;31725;31725
60;2015-03-04 14:42:00;909402N262;5499;31.816;42;234;234;234;235;7.907;49.98;566.2;4.211;672.9;2.186;790.8;2.165;60;0;0;7.846;7.932;7.944;1812;1844;1843;49.98;49.98;49.98;16078;1000;0.0;0;1.0000;0;2;31816;31816;31816
60;2015-03-04 14:43:00;909402N262;3727;31.879;42;234;234;234;234;5.436;49.98;561.0;2.810;664.9;1.511;786.1;1.503;60;0;0;5.385;5.469;5.455;1228;1252;1245;49.98;49.98;49.98;16078;1000;0.0;0;1.0000;0;2;31879;31879;31879
60;2015-03-04 14:44:00;909402N262;3178;31.932;42;234;234;234;234;4.678;49.99;560.5;2.374;661.9;1.309;782.3;1.292;60;0;0;4.614;4.720;4.702;1042;1070;1065;49.99;49.99;49.99;16078;1000;0.0;0;1.0000;0;2;31932;31932;31932
60;2015-03-04 14:45:00;909402N262;3318;31.986;42;234;234;234;235;4.864;50.00;562.9;2.477;664.8;1.354;785.3;1.346;60;0;0;4.791;4.903;4.899;1086;1115;1117;50.00;50.00;50.00;16078;1000;0.0;0;1.0000;0;2;31986;31986;31986
60;2015-03-04 14:46:00;909402N262;6845;32.101;42;235;235;235;235;9.799;50.00;567.2;5.257;671.6;2.593;786.8;2.843;60;0;0;9.752;9.801;9.845;2268;2294;2295;50.00;50.00;50.00;16078;1000;0.0;0;1.0000;0;2;32101;32101;32101
60;2015-03-04 14:47:00;909402N262;8248;32.238;42;236;235;236;236;11.851;50.01;566.2;6.294;675.5;3.093;795.3;3.424;60;0;0;11.771;11.900;11.884;2728;2762;2757;50.01;50.01;50.01;16078;1000;0.0;0;1.0000;0;2;32238;32238;32238
60;2015-03-04 14:48:00;909402N262;7345;32.362;42;235;235;236;236;10.502;50.01;563.7;5.592;672.0;2.790;793.7;3.049;60;0;0;10.405;10.567;10.536;2420;2462;2462;50.01;50.01;50.01;16078;1000;0.0;0;1.0000;0;2;32362;32362;32362
60;2015-03-04 14:49:00;909402N262;4270;32.432;42;235;234;235;236;6.162;50.01;561.8;3.202;663.0;1.683;788.3;1.783;60;0;0;6.079;6.210;6.197;1401;1433;1438;50.01;50.01;50.01;16078;1000;0.0;0;1.0000;0;2;32432;32432;32432
60;2015-03-04 14:50:00;909402N262;3400;32.489;42;235;234;235;235;4.949;50.01;560.4;2.544;661.2;1.364;783.3;1.410;60;0;0;4.874;4.996;4.977;1112;1144;1141;50.01;50.01;50.01;16078;1000;0.0;0;1.0000;0;2;32489;32489;32489
60;2015-03-04 14:51:00;909402N262;3515;32.547;42;234;234;235;234;5.105;50.00;564.9;2.614;660.4;1.356;786.1;1.497;60;0;0;5.056;5.124;5.135;1157;1182;1175;50.00;50.00;50.00;16078;1000;0.0;0;1.0000;0;2;32547;32547;32547
60;2015-03-04 14:52:00;909402N262;3305;32.603;43;235;235;235;234;4.810;50.01;564.8;2.518;661.4;1.279;786.3;1.361;60;0;0;4.756;4.840;4.835;1086;1114;1104;50.01;50.01;50.01;16078;1000;0.0;0;1.0000;0;2;32603;32603;32603
60;2015-03-04 14:53:00;909402N262;6236;32.706;42;235;235;235;235;8.883;50.01;570.7;4.825;674.0;2.287;794.4;2.566;60;0;0;8.813;8.929;8.908;2063;2089;2082;50.01;50.01;50.01;16078;1000;0.0;0;1.0000;0;2;32706;32706;32706
60;2015-03-04 14:54:00;909402N262;5842;32.804;42;235;235;235;235;8.333;50.01;568.9;4.515;671.6;2.147;794.6;2.400;60;0;0;8.265;8.368;8.367;1930;1954;1956;50.01;50.01;50.01;16078;1000;0.0;0;1.0000;0;2;32804;32804;32804
60;2015-03-04 14:55:00;909402N262;5510;32.896;42;235;235;235;235;7.866;50.01;567.9;4.278;669.0;2.003;793.4;2.280;60;0;0;7.811;7.901;7.886;1822;1846;1839;50.01;50.01;50.01;16078;1000;0.0;0;1.0000;0;2;32896;32896;32896
60;2015-03-04 14:56:00;909402N262;5281;32.983;42;235;235;235;235;7.552;50.02;566.2;4.121;667.7;1.933;793.9;2.173;60;0;0;7.479;7.596;7.583;1742;1771;1767;50.02;50.02;50.02;16078;1000;0.0;0;1.0000;0;2;32983;32983;32983
60;2015-03-04 14:57:00;909402N262;3254;33.038;42;235;234;235;234;4.777;50.02;559.6;2.562;656.7;1.247;778.0;1.300;60;0;0;4.701;4.850;4.780;1068;1098;1087;50.02;50.02;50.02;16078;1000;0.0;0;1.0000;0;2;33038;33038;33038
60;2015-03-04 14:58:00;909402N262;1368;33.061;42;234;234;235;234;2.264;50.02;543.1;1.109;633.9;0.559;755.5;0.550;60;0;0;2.207;2.313;2.273;441;466;460;50.02;50.02;50.02;16078;1000;0.0;0;1.0000;0;2;33061;33061;33061
60;2015-03-04 14:59:00;909402N262;943;33.076;42;234;234;235;234;1.740;50.02;536.2;0.785;623.6;0.385;748.0;0.381;60;0;0;1.694;1.771;1.755;300;323;318;50.02;50.02;50.02;16078;1000;0.0;0;1.0000;0;2;33076;33076;33076
60;2015-03-04 15:00:00;909402N262;783;33.091;42;234;234;234;234;1.563;50.01;538.6;0.653;617.9;0.322;740.5;0.315;60;0;0;1.519;1.593;1.579;246;270;264;50.01;50.01;50.01;16078;1000;0.0;0;1.0000;0;2;33091;33091;33091
[wr_ende]
