20140330;140002;danfoss;My Plant;+0100
[wr_def_start]
909402N262;Inverter Type;Inverter Group;Hanzl
[wr_def_end]
[wr]
INTERVAL;TIMESTAMP;SERIAL;P_AC;E_DAY;T_WR;U_AC;U_AC_1;U_AC_2;U_AC_3;I_AC;F_AC;U_DC_1;I_DC_1;U_DC_2;I_DC_2;U_DC_3;I_DC_3;S;E_WR;M_WR;I_AC_1;I_AC_2;I_AC_3;P_AC_1;P_AC_2;P_AC_3;F_AC_1;F_AC_2;F_AC_3;R_DC;PC;PCS;PCS_LL;COS_PHI;COS_PHI_LL;S_COS_PHI;Current_Day_Energy;current_Day_Offset;ccEnergyOfDay_WithoutOffset
60;2014-03-30 13:01:00;909402N262;9891;25.614;49;237;237;237;237;13.922;49.96;512.9;7.521;604.9;4.509;754.9;4.666;60;0;0;13.902;13.964;13.902;3296;3303;3289;49.96;49.96;49.96;14908;1000;0.0;0;0.0000;0;0;25614;25614;25614
60;2014-03-30 13:02:00;909402N262;9979;25.780;49;236;237;235;237;14.059;49.97;515.6;7.507;617.6;4.489;752.8;4.664;60;0;0;14.098;14.001;14.080;3342;3295;3340;49.97;49.97;49.97;14908;1000;0.0;0;0.0000;0;0;25780;25780;25780
60;2014-03-30 13:03:00;909402N262;9887;25.945;49;237;237;235;238;13.926;49.99;514.9;7.454;616.7;4.449;751.9;4.626;60;0;0;13.948;13.838;13.994;3303;3254;3328;49.99;49.99;49.99;14908;1000;0.0;0;0.0000;0;0;25945;25945;25945
60;2014-03-30 13:04:00;909402N262;9905;26.110;49;237;237;235;238;13.940;49.99;515.2;7.464;617.4;4.454;752.7;4.628;60;0;0;13.975;13.836;14.010;3312;3254;3336;49.99;49.99;49.99;14908;1000;0.0;0;0.0000;0;0;26110;26110;26110
60;2014-03-30 13:05:00;909402N262;10000;26.277;49;237;237;235;238;14.075;49.99;516.2;7.527;618.4;4.488;753.5;4.666;60;0;0;14.082;13.972;14.171;3332;3287;3379;49.99;49.99;49.99;14908;1000;0.0;0;0.0000;0;0;26277;26277;26277
60;2014-03-30 13:06:00;909402N262;10021;26.444;49;237;236;235;239;14.107;50.00;516.0;7.551;617.9;4.496;753.2;4.679;60;0;0;14.073;13.976;14.274;3328;3284;3406;50.00;50.00;50.00;14908;1000;0.0;0;0.0000;0;0;26444;26444;26444
60;2014-03-30 13:07:00;909402N262;10071;26.611;49;237;236;234;239;14.185;49.99;515.7;7.595;618.3;4.517;752.7;4.705;60;0;0;14.172;14.034;14.351;3351;3289;3428;49.99;49.99;49.99;14908;1000;0.0;0;0.0000;0;0;26611;26611;26611
60;2014-03-30 13:08:00;909402N262;10077;26.780;49;237;236;236;238;14.175;49.99;516.1;7.594;618.9;4.513;753.4;4.706;60;0;0;14.146;14.115;14.264;3346;3333;3397;49.99;49.99;49.99;14908;1000;0.0;0;0.0000;0;0;26780;26780;26780
60;2014-03-30 13:09:00;909402N262;10132;26.949;49;237;237;237;238;14.234;50.01;516.7;7.631;619.4;4.535;753.7;4.724;60;0;0;14.157;14.234;14.313;3350;3374;3405;50.01;50.01;50.01;14908;1000;0.0;0;0.0000;0;0;26949;26949;26949
60;2014-03-30 13:10:00;909402N262;10219;27.119;49;237;236;237;238;14.364;50.00;517.2;7.695;619.6;4.567;754.4;4.762;60;0;0;14.256;14.372;14.466;3365;3408;3445;50.00;50.00;50.00;14908;1000;0.0;0;0.0000;0;0;27119;27119;27119
60;2014-03-30 13:11:00;909402N262;10264;27.290;49;237;236;238;238;14.419;50.00;517.3;7.733;619.1;4.588;753.9;4.783;60;0;0;14.312;14.446;14.499;3380;3432;3449;50.00;50.00;50.00;14908;1000;0.0;0;0.0000;0;0;27290;27290;27290
60;2014-03-30 13:12:00;909402N262;10209;27.461;49;237;236;237;238;14.348;50.01;517.1;7.698;619.0;4.562;753.3;4.759;60;0;0;14.208;14.374;14.462;3350;3413;3444;50.01;50.01;50.01;14908;1000;0.0;0;0.0000;0;0;27461;27461;27461
60;2014-03-30 13:13:00;909402N262;10112;27.632;49;237;236;238;238;14.209;50.01;517.2;7.626;619.2;4.516;753.2;4.714;60;0;0;14.064;14.270;14.294;3316;3394;3400;50.01;50.01;50.01;14908;1000;0.0;0;0.0000;0;0;27632;27632;27632
60;2014-03-30 13:14:00;909402N262;10118;27.800;49;237;236;238;238;14.212;50.00;515.4;7.649;617.8;4.532;751.7;4.730;60;0;0;14.084;14.291;14.263;3324;3401;3391;50.00;50.00;50.00;14908;1000;0.0;0;0.0000;0;0;27800;27800;27800
60;2014-03-30 13:15:00;909402N262;9839;27.959;49;237;236;238;237;13.831;50.00;516.5;7.437;617.6;4.404;751.4;4.591;60;0;0;13.731;13.877;13.887;3242;3298;3297;50.00;50.00;50.00;14908;1000;0.0;0;0.0000;0;0;27959;27959;27959
60;2014-03-30 13:16:00;909402N262;10041;28.129;49;237;236;238;237;14.093;50.00;511.9;7.674;605.2;4.532;751.2;4.741;60;0;0;14.024;14.108;14.148;3316;3363;3359;50.00;50.00;50.00;14908;1000;0.0;0;0.0000;0;0;28129;28129;28129
60;2014-03-30 13:17:00;909402N262;10015;28.297;49;237;237;237;238;14.084;50.02;514.1;7.598;618.2;4.478;752.5;4.671;60;0;0;14.010;14.076;14.166;3314;3331;3368;50.02;50.02;50.02;14908;1000;0.0;0;0.0000;0;0;28297;28297;28297
60;2014-03-30 13:18:00;909402N262;9351;28.452;49;237;237;237;237;13.174;50.02;516.3;7.087;617.5;4.172;751.8;4.350;60;0;0;13.088;13.185;13.251;3092;3114;3142;50.02;50.02;50.02;14908;1000;0.0;0;0.0000;0;0;28452;28452;28452
60;2014-03-30 13:19:00;909402N262;7736;28.581;49;237;236;236;237;10.929;50.01;520.0;5.863;616.2;3.447;750.0;3.577;60;0;0;10.851;10.968;10.970;2559;2583;2592;50.01;50.01;50.01;14908;1000;0.0;0;0.0000;0;0;28581;28581;28581
60;2014-03-30 13:20:00;909402N262;6215;28.685;49;236;236;236;236;8.816;50.01;522.8;4.728;615.2;2.749;748.6;2.870;60;0;0;8.750;8.852;8.846;2052;2082;2079;50.01;50.01;50.01;14908;1000;0.0;0;0.0000;0;0;28685;28685;28685
60;2014-03-30 13:21:00;909402N262;7946;28.817;49;236;236;237;236;11.230;50.01;523.6;5.995;620.5;3.499;756.2;3.663;60;0;0;11.172;11.255;11.264;2631;2659;2655;50.01;50.01;50.01;14908;1000;0.0;0;0.0000;0;0;28817;28817;28817
60;2014-03-30 13:22:00;909402N262;9198;28.970;49;236;236;236;236;12.984;50.01;522.0;6.920;623.0;4.050;758.9;4.248;60;0;0;12.946;12.999;13.007;3054;3071;3071;50.01;50.01;50.01;14908;1000;0.0;0;0.0000;0;0;28970;28970;28970
60;2014-03-30 13:23:00;909402N262;10004;29.137;49;237;237;237;237;14.104;50.01;519.7;7.533;623.8;4.412;759.5;4.626;60;0;0;14.075;14.116;14.123;3327;3336;3340;50.01;50.01;50.01;14908;1000;0.0;0;0.0000;0;0;29137;29137;29137
60;2014-03-30 13:24:00;909402N262;9960;29.303;49;237;237;237;237;14.019;50.01;519.4;7.501;623.7;4.396;759.5;4.601;60;0;0;13.966;14.072;14.021;3304;3337;3317;50.01;50.01;50.01;14908;1000;0.0;0;0.0000;0;0;29303;29303;29303
60;2014-03-30 13:25:00;909402N262;9621;29.463;49;237;237;237;237;13.535;50.02;519.9;7.258;623.1;4.242;758.4;4.446;60;0;0;13.483;13.569;13.555;3191;3217;3211;50.02;50.02;50.02;14908;1000;0.0;0;0.0000;0;0;29463;29463;29463
60;2014-03-30 13:26:00;909402N262;10013;29.630;49;237;237;237;237;14.083;50.01;517.1;7.581;621.9;4.433;757.2;4.636;60;0;0;14.039;14.116;14.096;3324;3348;3338;50.01;50.01;50.01;14908;1000;0.0;0;0.0000;0;0;29630;29630;29630
60;2014-03-30 13:27:00;909402N262;10184;29.800;49;237;237;237;237;14.322;50.02;514.5;7.744;620.0;4.525;754.4;4.738;60;0;0;14.260;14.365;14.342;3376;3409;3397;50.02;50.02;50.02;14908;1000;0.0;0;0.0000;0;0;29800;29800;29800
60;2014-03-30 13:28:00;909402N262;10225;29.971;49;237;237;238;237;14.372;50.01;512.3;7.797;618.1;4.554;751.9;4.781;60;0;0;14.298;14.431;14.388;3385;3428;3409;50.01;50.01;50.01;14908;1000;0.0;0;0.0000;0;0;29971;29971;29971
60;2014-03-30 13:29:00;909402N262;10179;30.141;49;237;237;238;237;14.309;50.02;510.7;7.779;616.7;4.544;750.3;4.771;60;0;0;14.249;14.347;14.331;3375;3407;3396;50.02;50.02;50.02;14908;1000;0.0;0;0.0000;0;0;30141;30141;30141
60;2014-03-30 13:30:00;909402N262;10112;30.309;49;237;237;238;237;14.220;50.01;509.3;7.753;615.5;4.526;748.4;4.752;60;0;0;14.169;14.267;14.225;3355;3386;3369;50.01;50.01;50.01;14908;1000;0.0;0;0.0000;0;0;30309;30309;30309
60;2014-03-30 13:31:00;909402N262;9965;30.475;49;237;237;237;237;13.996;50.00;505.6;7.721;601.5;4.505;745.7;4.745;60;0;0;13.966;14.014;14.008;3311;3333;3319;50.00;50.00;50.00;14908;1000;0.0;0;0.0000;0;0;30475;30475;30475
60;2014-03-30 13:32:00;909402N262;10028;30.643;49;237;237;237;237;14.082;50.00;508.5;7.706;613.7;4.496;746.0;4.725;60;0;0;14.055;14.116;14.075;3337;3350;3338;50.00;50.00;50.00;14908;1000;0.0;0;0.0000;0;0;30643;30643;30643
60;2014-03-30 13:33:00;909402N262;10058;30.810;49;237;237;237;237;14.128;50.00;510.3;7.722;615.6;4.493;747.7;4.723;60;0;0;14.111;14.171;14.104;3351;3364;3340;50.00;50.00;50.00;14908;1000;0.0;0;0.0000;0;0;30810;30810;30810
60;2014-03-30 13:34:00;909402N262;10089;30.978;49;237;237;238;237;14.172;50.00;510.7;7.742;615.8;4.498;748.9;4.733;60;0;0;14.148;14.214;14.155;3359;3377;3352;50.00;50.00;50.00;14908;1000;0.0;0;0.0000;0;0;30978;30978;30978
60;2014-03-30 13:35:00;909402N262;10130;31.148;49;237;237;237;237;14.228;50.00;511.0;7.770;615.9;4.509;749.5;4.752;60;0;0;14.207;14.244;14.235;3372;3381;3374;50.00;50.00;50.00;14908;1000;0.0;0;0.0000;0;0;31148;31148;31148
60;2014-03-30 13:36:00;909402N262;10115;31.315;50;237;238;237;236;14.215;50.01;510.5;7.768;615.3;4.505;748.7;4.751;60;0;0;14.230;14.247;14.168;3383;3380;3349;50.01;50.01;50.01;14908;1000;0.0;0;0.0000;0;0;31315;31315;31315
60;2014-03-30 13:38:00;909402N262;10055;31.652;50;237;238;237;237;14.125;50.01;511.9;7.712;615.9;4.468;749.9;4.712;60;0;0;14.137;14.162;14.077;3363;3359;3330;50.01;50.01;50.01;14908;1000;0.0;0;0.0000;0;0;31652;31652;31652
60;2014-03-30 13:39:00;909402N262;10049;31.819;50;237;238;237;236;14.122;50.00;511.9;7.706;616.8;4.459;750.3;4.707;60;0;0;14.138;14.159;14.070;3363;3357;3327;50.00;50.00;50.00;14908;1000;0.0;0;0.0000;0;0;31819;31819;31819
60;2014-03-30 13:40:00;909402N262;9988;31.985;50;237;237;237;236;14.043;49.98;512.2;7.656;617.2;4.427;750.8;4.675;60;0;0;14.040;14.097;13.993;3334;3342;3310;49.98;49.98;49.98;14908;1000;0.0;0;0.0000;0;0;31985;31985;31985
60;2014-03-30 13:41:00;909402N262;9961;32.152;50;237;237;238;236;14.001;50.00;511.3;7.651;616.3;4.425;749.6;4.666;60;0;0;13.984;14.079;13.940;3318;3346;3295;50.00;50.00;50.00;14908;1000;0.0;0;0.0000;0;0;32152;32152;32152
60;2014-03-30 13:42:00;909402N262;9987;32.317;50;237;237;237;237;14.032;50.01;510.5;7.679;615.6;4.441;748.6;4.687;60;0;0;14.020;14.086;13.991;3330;3342;3312;50.01;50.01;50.01;14908;1000;0.0;0;0.0000;0;0;32317;32317;32317
60;2014-03-30 13:43:00;909402N262;9960;32.484;50;237;238;238;237;13.980;50.02;509.8;7.665;615.3;4.432;748.4;4.677;60;0;0;13.937;14.048;13.955;3312;3340;3306;50.02;50.02;50.02;14908;1000;0.0;0;0.0000;0;0;32484;32484;32484
60;2014-03-30 13:44:00;909402N262;9996;32.651;50;237;237;238;237;14.029;50.01;508.4;7.706;614.4;4.457;747.5;4.703;60;0;0;13.983;14.093;14.011;3320;3352;3322;50.01;50.01;50.01;14908;1000;0.0;0;0.0000;0;0;32651;32651;32651
60;2014-03-30 13:45:00;909402N262;10004;32.817;50;237;237;238;237;14.037;50.01;506.9;7.733;613.2;4.475;745.5;4.718;60;0;0;14.006;14.106;14.000;3327;3357;3318;50.01;50.01;50.01;14908;1000;0.0;0;0.0000;0;0;32817;32817;32817
60;2014-03-30 13:46:00;909402N262;10029;32.985;50;237;237;238;237;14.094;50.00;503.5;7.807;608.8;4.514;737.8;4.772;60;0;0;14.089;14.135;14.060;3345;3358;3327;50.00;50.00;50.00;14908;1000;0.0;0;0.0000;0;0;32985;32985;32985
60;2014-03-30 13:47:00;909402N262;10152;33.153;50;238;237;238;238;14.254;50.01;504.7;7.878;614.2;4.533;743.5;4.801;60;0;0;14.205;14.296;14.261;3368;3398;3385;50.01;50.01;50.01;14908;1000;0.0;0;0.0000;0;0;33153;33153;33153
60;2014-03-30 13:48:00;909402N262;10133;33.323;50;238;237;238;238;14.225;50.01;505.8;7.854;614.7;4.517;744.2;4.785;60;0;0;14.146;14.251;14.279;3348;3386;3398;50.01;50.01;50.01;14908;1000;0.0;0;0.0000;0;0;33323;33323;33323
60;2014-03-30 13:49:00;909402N262;10162;33.492;50;237;236;238;238;14.280;50.01;508.6;7.855;615.7;4.515;745.4;4.782;60;0;0;14.141;14.350;14.351;3332;3413;3415;50.01;50.01;50.01;14908;1000;0.0;0;0.0000;0;0;33492;33492;33492
60;2014-03-30 13:50:00;909402N262;10155;33.661;50;237;235;238;238;14.277;50.01;508.6;7.853;615.7;4.510;745.6;4.778;60;0;0;14.132;14.347;14.353;3326;3414;3413;50.01;50.01;50.01;14908;1000;0.0;0;0.0000;0;0;33661;33661;33661
60;2014-03-30 13:51:00;909402N262;10157;33.830;50;237;236;238;238;14.278;50.00;507.7;7.867;615.5;4.512;745.4;4.782;60;0;0;14.140;14.356;14.340;3330;3416;3410;50.00;50.00;50.00;14908;1000;0.0;0;0.0000;0;0;33830;33830;33830
60;2014-03-30 13:52:00;909402N262;10084;33.998;50;237;236;238;238;14.170;50.01;507.4;7.821;615.0;4.481;744.5;4.748;60;0;0;14.024;14.253;14.235;3304;3391;3386;50.01;50.01;50.01;14908;1000;0.0;0;0.0000;0;0;33998;33998;33998
60;2014-03-30 13:53:00;909402N262;10058;34.166;50;237;236;238;238;14.142;50.01;509.0;7.780;615.8;4.458;746.9;4.724;60;0;0;14.009;14.224;14.193;3301;3385;3370;50.01;50.01;50.01;14908;1000;0.0;0;0.0000;0;0;34166;34166;34166
60;2014-03-30 13:54:00;909402N262;10046;34.334;50;237;236;238;238;14.123;50.00;509.4;7.767;616.0;4.450;747.4;4.714;60;0;0;14.016;14.203;14.151;3309;3375;3360;50.00;50.00;50.00;14908;1000;0.0;0;0.0000;0;0;34334;34334;34334
60;2014-03-30 13:55:00;909402N262;9945;34.500;50;237;236;238;238;13.977;50.00;507.7;7.710;614.9;4.415;746.1;4.675;60;0;0;13.868;14.047;14.018;3275;3338;3330;50.00;50.00;50.00;14908;1000;0.0;0;0.0000;0;0;34500;34500;34500
60;2014-03-30 13:56:00;909402N262;9693;34.661;50;237;236;238;237;13.637;50.00;506.7;7.530;613.6;4.307;744.5;4.569;60;0;0;13.537;13.711;13.664;3194;3255;3241;50.00;50.00;50.00;14908;1000;0.0;0;0.0000;0;0;34661;34661;34661
60;2014-03-30 13:57:00;909402N262;9841;34.825;50;237;237;237;237;13.834;50.01;505.0;7.664;613.1;4.377;744.0;4.650;60;0;0;13.763;13.881;13.860;3257;3294;3288;50.01;50.01;50.01;14908;1000;0.0;0;0.0000;0;0;34825;34825;34825
60;2014-03-30 13:58:00;909402N262;9997;34.992;50;238;237;238;238;14.036;50.00;503.8;7.801;612.6;4.451;743.3;4.730;60;0;0;13.974;14.080;14.055;3311;3347;3337;50.00;50.00;50.00;14908;1000;0.0;0;0.0000;0;0;34992;34992;34992
60;2014-03-30 13:59:00;909402N262;10085;35.160;50;237;237;238;237;14.165;50.01;502.4;7.884;612.5;4.497;742.7;4.776;60;0;0;14.111;14.210;14.175;3344;3378;3361;50.01;50.01;50.01;14908;1000;0.0;0;0.0000;0;0;35160;35160;35160
60;2014-03-30 14:00:00;909402N262;10001;35.327;50;237;237;238;237;14.057;49.98;502.6;7.819;612.5;4.457;742.3;4.737;60;0;0;14.012;14.100;14.061;3320;3348;3331;49.98;49.98;49.98;14908;1000;0.0;0;0.0000;0;0;35327;35327;35327
[wr_ende]
