20150104;080004;danfoss;My Plant;+0100
[wr_def_start]
909402N262;Inverter Type;Inverter Group;Hanzl
[wr_def_end]
[wr]
INTERVAL;TIMESTAMP;SERIAL;P_AC;E_DAY;T_WR;U_AC;U_AC_1;U_AC_2;U_AC_3;I_AC;F_AC;U_DC_1;I_DC_1;U_DC_2;I_DC_2;U_DC_3;I_DC_3;S;E_WR;M_WR;I_AC_1;I_AC_2;I_AC_3;P_AC_1;P_AC_2;P_AC_3;F_AC_1;F_AC_2;F_AC_3;R_DC;PC;PCS;PCS_LL;COS_PHI;COS_PHI_LL;S_COS_PHI;Current_Day_Energy;current_Day_Offset;ccEnergyOfDay_WithoutOffset
60;2015-01-04 07:16:00;909402N262;0;0.000;0;0;0;0;0;0.000;0.02;0.0;0.000;0.0;0.000;0.0;0.000;50;0;0;0.000;0.000;0.000;0;0;0;0.02;0.02;0.02;0;1000;0.0;0;1.0000;0;2;0;0;0
60;2015-01-04 07:17:00;909402N262;0;0.000;15;232;232;233;232;0.000;50.01;229.9;0.000;202.6;0.000;218.9;0.000;50;0;0;0.000;0.000;0.000;0;0;0;50.01;50.01;50.01;0;1000;0.0;0;1.0000;0;2;0;0;0
60;2015-01-04 07:18:00;909402N262;0;0.000;15;232;232;233;232;0.000;50.01;228.2;0.000;220.4;0.000;227.1;0.000;50;0;0;0.000;0.000;0.000;0;0;0;50.01;50.01;50.01;0;1000;0.0;0;1.0000;0;2;0;0;0
60;2015-01-04 07:19:00;909402N262;0;0.000;16;232;232;232;232;0.000;50.00;228.1;0.000;227.3;0.000;228.0;0.000;50;0;0;0.000;0.000;0.000;0;0;0;50.00;50.00;50.00;0;1000;0.0;0;1.0000;0;2;0;0;0
60;2015-01-04 07:20:00;909402N262;0;0.000;16;232;232;233;232;0.000;50.01;229.1;0.000;228.5;0.000;229.0;0.000;50;0;0;0.000;0.000;0.000;0;0;0;50.01;50.01;50.01;0;1000;0.0;0;1.0000;0;2;0;0;0
60;2015-01-04 07:21:00;909402N262;0;0.000;17;232;232;232;231;0.000;50.01;228.5;0.000;227.9;0.000;228.5;0.000;50;0;0;0.000;0.000;0.000;0;0;0;50.01;50.01;50.01;0;1000;0.0;0;1.0000;0;2;0;0;0
60;2015-01-04 07:22:00;909402N262;0;0.000;17;232;232;233;231;0.000;50.01;230.2;0.000;229.6;0.000;230.3;0.000;50;0;0;0.000;0.000;0.000;0;0;0;50.01;50.01;50.01;0;1000;0.0;0;1.0000;0;2;0;0;0
60;2015-01-04 07:23:00;909402N262;0;0.000;18;232;232;233;231;0.000;50.01;228.4;0.000;227.8;0.000;228.5;0.000;50;0;0;0.000;0.000;0.000;0;0;0;50.01;50.01;50.01;0;1000;0.0;0;1.0000;0;2;0;0;0
60;2015-01-04 07:24:00;909402N262;0;0.000;18;232;232;233;231;0.000;50.00;230.6;0.000;230.0;0.000;231.7;0.000;50;0;0;0.000;0.000;0.000;0;0;0;50.00;50.00;50.00;0;1000;0.0;0;1.0000;0;2;0;0;0
60;2015-01-04 07:25:00;909402N262;0;0.000;19;232;232;234;231;0.000;50.01;227.9;0.000;227.3;0.000;227.8;0.000;50;0;0;0.000;0.000;0.000;0;0;0;50.01;50.01;50.01;0;1000;0.0;0;1.0000;0;2;0;0;0
60;2015-01-04 07:26:00;909402N262;0;0.000;19;232;233;234;231;0.000;50.00;231.4;0.000;230.7;0.000;231.4;0.000;50;0;0;0.000;0.000;0.000;0;0;0;50.00;50.00;50.00;0;1000;0.0;0;1.0000;0;2;0;0;0
60;2015-01-04 07:27:00;909402N262;0;0.000;19;232;232;234;231;0.000;50.01;235.6;0.000;234.9;0.000;235.3;0.000;50;0;0;0.000;0.000;0.000;0;0;0;50.01;50.01;50.01;0;1000;0.0;0;1.0000;0;2;0;0;0
60;2015-01-04 07:28:00;909402N262;0;0.000;19;232;232;234;231;0.000;50.00;233.5;0.000;232.9;0.000;234.3;0.000;50;0;0;0.000;0.000;0.000;0;0;0;50.00;50.00;50.00;0;1000;0.0;0;1.0000;0;2;0;0;0
60;2015-01-04 07:29:00;909402N262;0;0.000;19;232;232;234;231;0.000;50.00;228.1;0.000;227.5;0.000;228.4;0.000;50;0;0;0.000;0.000;0.000;0;0;0;50.00;50.00;50.00;0;1000;0.0;0;1.0000;0;2;0;0;0
60;2015-01-04 07:30:00;909402N262;0;0.000;19;233;232;234;232;0.000;49.99;229.9;0.000;229.2;0.000;229.9;0.000;50;0;0;0.000;0.000;0.000;0;0;0;49.99;49.99;49.99;0;1000;0.0;0;1.0000;0;2;0;0;0
60;2015-01-04 07:31:00;909402N262;0;0.000;19;233;233;234;232;0.000;50.01;233.5;0.000;233.2;0.000;233.9;0.000;50;0;0;0.000;0.000;0.000;0;0;0;50.01;50.01;50.01;0;1000;0.0;0;1.0000;0;2;0;0;0
60;2015-01-04 07:32:00;909402N262;0;0.000;20;233;233;235;232;0.000;50.01;238.3;0.000;237.6;0.000;238.3;0.000;50;0;0;0.000;0.000;0.000;0;0;0;50.01;50.01;50.01;0;1000;0.0;0;1.0000;0;2;0;0;0
60;2015-01-04 07:33:00;909402N262;0;0.000;20;233;233;235;232;0.000;50.01;244.1;0.000;243.5;0.000;243.6;0.000;50;0;0;0.000;0.000;0.000;0;0;0;50.01;50.01;50.01;0;1000;0.0;0;1.0000;0;2;0;0;0
60;2015-01-04 07:34:00;909402N262;0;0.000;20;233;233;234;232;0.000;49.99;253.2;0.000;252.6;0.000;253.3;0.000;50;0;0;0.000;0.000;0.000;0;0;0;49.99;49.99;49.99;0;1000;0.0;0;1.0000;0;2;0;0;0
60;2015-01-04 07:35:00;909402N262;0;0.000;20;233;233;233;232;0.000;49.99;244.7;0.000;244.4;0.000;244.6;0.000;50;0;0;0.000;0.000;0.000;0;0;0;49.99;49.99;49.99;0;1000;0.0;0;1.0000;0;2;0;0;0
60;2015-01-04 07:36:00;909402N262;0;0.000;20;233;233;234;232;0.000;50.00;319.2;0.000;307.7;0.000;307.3;0.000;50;0;0;0.001;0.000;0.001;0;0;0;50.00;50.00;50.00;0;1000;0.0;0;1.0000;0;2;0;0;0
60;2015-01-04 07:37:00;909402N262;0;0.000;20;233;234;233;232;0.003;49.99;516.4;0.001;469.2;0.000;510.8;0.000;51;0;0;0.003;0.003;0.003;0;0;0;49.99;49.99;49.99;486;1000;0.0;0;1.0000;0;2;0;0;0
60;2015-01-04 07:38:00;909402N262;2;0.000;20;232;233;232;232;0.021;49.99;416.6;0.012;317.8;0.005;322.0;0.003;60;0;0;0.031;0.019;0.013;0;2;0;49.99;49.99;49.99;895;1000;0.0;0;1.0000;0;2;0;0;0
60;2015-01-04 07:39:00;909402N262;5;0.000;20;233;233;232;233;0.028;49.99;456.6;0.016;347.4;0.007;374.5;0.003;60;0;0;0.035;0.030;0.021;1;4;1;49.99;49.99;49.99;895;1000;0.0;0;1.0000;0;2;0;0;0
60;2015-01-04 07:40:00;909402N262;9;0.000;20;233;233;232;233;0.033;49.99;469.5;0.019;409.6;0.007;394.4;0.006;60;0;0;0.037;0.034;0.029;2;4;3;49.99;49.99;49.99;895;1000;0.0;0;1.0000;0;2;0;0;0
60;2015-01-04 07:41:00;909402N262;11;0.000;20;233;233;232;234;0.037;49.99;474.8;0.022;381.9;0.009;341.8;0.007;60;0;0;0.036;0.040;0.037;2;5;3;49.99;49.99;49.99;895;1000;0.0;0;1.0000;0;2;0;0;0
60;2015-01-04 07:42:00;909402N262;15;0.000;20;233;233;233;234;0.044;49.99;483.8;0.023;391.4;0.011;426.4;0.007;60;0;0;0.043;0.049;0.041;4;6;4;49.99;49.99;49.99;895;1000;0.0;0;1.0000;0;2;0;0;0
60;2015-01-04 07:43:00;909402N262;19;0.000;20;234;233;234;233;0.058;50.01;477.9;0.027;439.3;0.011;494.2;0.007;60;0;0;0.047;0.091;0.037;4;8;4;50.01;50.01;50.01;895;1000;0.0;0;1.0000;0;2;0;0;0
60;2015-01-04 07:44:00;909402N262;21;0.000;20;234;234;234;233;0.066;50.01;475.6;0.031;467.0;0.011;524.0;0.008;60;0;0;0.059;0.090;0.050;5;8;6;50.01;50.01;50.01;895;1000;0.0;0;1.0000;0;2;0;0;0
60;2015-01-04 07:45:00;909402N262;24;0.000;20;234;233;234;234;0.072;50.01;488.8;0.033;492.4;0.011;534.2;0.010;60;0;0;0.061;0.099;0.058;6;9;7;50.01;50.00;50.01;895;1000;0.0;0;1.0000;0;2;0;0;0
60;2015-01-04 07:46:00;909402N262;27;0.001;21;233;233;234;234;0.078;50.01;496.8;0.035;498.8;0.012;544.5;0.011;60;0;0;0.076;0.093;0.067;7;10;8;50.01;50.01;50.01;895;1000;0.0;0;1.0000;0;2;1;1;1
60;2015-01-04 07:47:00;909402N262;29;0.001;21;233;233;233;234;0.084;50.00;497.9;0.038;465.5;0.015;530.9;0.011;60;0;0;0.092;0.080;0.081;10;9;9;50.00;50.00;50.00;895;1000;0.0;0;1.0000;0;2;1;1;1
60;2015-01-04 07:48:00;909402N262;33;0.003;21;233;233;233;234;0.098;50.01;503.7;0.041;471.7;0.015;516.5;0.013;60;0;0;0.110;0.094;0.092;12;10;10;50.01;50.01;50.01;895;1000;0.0;0;1.0000;0;2;3;3;3
60;2015-01-04 07:49:00;909402N262;36;0.003;21;234;234;233;234;0.110;50.01;512.6;0.042;482.4;0.017;524.9;0.015;60;0;0;0.112;0.097;0.121;10;11;13;50.01;50.01;50.01;895;1000;0.0;0;1.0000;0;2;3;3;3
60;2015-01-04 07:50:00;909402N262;39;0.003;21;234;234;233;234;0.127;50.01;514.9;0.046;438.2;0.022;536.9;0.015;60;0;0;0.137;0.123;0.123;12;13;12;50.01;50.01;50.01;895;1000;0.0;0;1.0000;0;2;3;3;3
60;2015-01-04 07:51:00;909402N262;42;0.004;21;234;234;233;234;0.142;50.01;517.1;0.049;454.4;0.023;535.3;0.018;60;0;0;0.149;0.119;0.159;13;13;14;50.01;50.01;50.01;895;1000;0.0;0;1.0000;0;2;4;4;4
60;2015-01-04 07:52:00;909402N262;45;0.004;21;234;234;234;234;0.150;50.01;521.2;0.051;464.2;0.024;538.9;0.019;60;0;0;0.177;0.179;0.094;14;19;9;50.01;50.01;50.01;895;1000;0.0;0;1.0000;0;2;4;4;4
60;2015-01-04 07:53:00;909402N262;48;0.006;21;234;234;234;234;0.171;50.00;523.7;0.054;463.3;0.027;572.1;0.019;60;0;0;0.187;0.238;0.089;13;24;10;50.00;50.00;50.00;895;1000;0.0;0;1.0000;0;2;6;6;6
60;2015-01-04 07:54:00;909402N262;51;0.007;21;234;234;234;234;0.172;50.01;522.7;0.058;470.3;0.027;586.3;0.019;60;0;0;0.169;0.240;0.108;12;25;12;50.01;50.01;50.01;895;1000;0.0;0;1.0000;0;2;7;7;7
60;2015-01-04 07:55:00;909402N262;53;0.007;21;234;234;234;234;0.176;50.01;524.1;0.059;480.2;0.027;597.4;0.019;60;0;0;0.207;0.206;0.116;16;24;11;50.01;50.01;50.01;895;1000;0.0;0;1.0000;0;2;7;7;7
60;2015-01-04 07:56:00;909402N262;56;0.008;21;234;234;234;234;0.185;50.02;527.6;0.062;493.7;0.027;606.9;0.021;60;0;0;0.222;0.241;0.093;18;29;7;50.02;50.02;50.02;895;1000;0.0;0;1.0000;0;2;8;8;8
60;2015-01-04 07:57:00;909402N262;59;0.009;21;234;234;233;234;0.185;50.01;529.5;0.065;494.1;0.029;621.3;0.022;60;0;0;0.200;0.234;0.122;18;28;11;50.01;50.01;50.01;895;1000;0.0;0;1.0000;0;2;9;9;9
60;2015-01-04 07:58:00;909402N262;62;0.011;21;234;234;233;234;0.195;50.01;529.2;0.067;471.9;0.031;634.4;0.023;60;0;0;0.184;0.289;0.112;16;34;10;50.01;50.01;50.01;895;1000;0.0;0;1.0000;0;2;11;11;11
60;2015-01-04 07:59:00;909402N262;66;0.011;21;233;233;233;234;0.204;50.01;532.7;0.071;487.9;0.035;590.2;0.025;60;0;0;0.188;0.279;0.145;16;34;14;50.01;50.01;50.01;895;1000;0.0;0;1.0000;0;2;11;11;11
60;2015-01-04 08:00:00;909402N262;71;0.013;21;233;233;233;233;0.205;50.01;535.7;0.075;493.5;0.035;610.1;0.027;60;0;0;0.179;0.259;0.178;19;30;20;50.01;50.01;50.01;895;1000;0.0;0;1.0000;0;2;13;13;13
[wr_ende]
