20150305;190001;danfoss;My Plant;+0100
[wr_def_start]
909402N262;Inverter Type;Inverter Group;Hanzl
[wr_def_end]
[wr]
INTERVAL;TIMESTAMP;SERIAL;P_AC;E_DAY;T_WR;U_AC;U_AC_1;U_AC_2;U_AC_3;I_AC;F_AC;U_DC_1;I_DC_1;U_DC_2;I_DC_2;U_DC_3;I_DC_3;S;E_WR;M_WR;I_AC_1;I_AC_2;I_AC_3;P_AC_1;P_AC_2;P_AC_3;F_AC_1;F_AC_2;F_AC_3;R_DC;PC;PCS;PCS_LL;COS_PHI;COS_PHI_LL;S_COS_PHI;Current_Day_Energy;current_Day_Offset;ccEnergyOfDay_WithoutOffset
60;2015-03-05 18:01:00;909402N262;0;23.613;30;233;234;235;231;0.000;50.05;228.2;0.000;227.6;0.000;228.3;0.000;50;0;0;0.000;0.000;0.000;0;0;0;50.05;50.05;50.05;19137;1000;0.0;0;1.0000;0;2;23613;23613;23611
60;2015-03-05 18:02:00;909402N262;0;23.613;30;233;234;235;231;0.000;50.06;228.8;0.000;228.2;0.000;228.8;0.000;50;0;0;0.000;0.000;0.000;0;0;0;50.06;50.06;50.06;19137;1000;0.0;0;1.0000;0;2;23613;23613;23611
60;2015-03-05 18:03:00;909402N262;0;23.613;30;233;234;234;230;0.000;50.06;229.6;0.000;229.0;0.000;229.5;0.000;50;0;0;0.000;0.000;0.000;0;0;0;50.06;50.06;50.06;19137;1000;0.0;0;1.0000;0;2;23613;23613;23611
60;2015-03-05 18:04:00;909402N262;0;23.613;29;233;234;235;230;0.000;50.06;227.6;0.000;226.3;0.000;227.6;0.000;50;0;0;0.000;0.000;0.000;0;0;0;50.06;50.06;50.06;19137;1000;0.0;0;1.0000;0;2;23613;23613;23611
60;2015-03-05 18:05:00;909402N262;0;23.613;29;233;234;235;231;0.000;50.05;230.3;0.000;218.1;0.000;227.8;0.000;50;0;0;0.000;0.000;0.000;0;0;0;50.05;50.05;50.05;19137;1000;0.0;0;1.0000;0;2;23613;23613;23611
60;2015-03-05 18:06:00;909402N262;0;23.613;29;233;233;234;231;0.000;50.05;227.3;0.000;197.6;0.000;212.0;0.000;50;0;0;0.000;0.000;0.000;0;0;0;50.05;50.05;50.05;19137;1000;0.0;0;1.0000;0;2;23613;23613;23611
60;2015-03-05 18:07:00;909402N262;0;23.613;28;233;234;234;231;0.000;50.05;227.7;0.000;176.0;0.000;188.4;0.000;50;0;0;0.000;0.000;0.000;0;0;0;50.05;50.05;50.05;19137;1000;0.0;0;1.0000;0;2;23613;23613;23611
60;2015-03-05 18:08:00;909402N262;0;23.613;28;233;234;234;231;0.000;50.05;239.6;0.000;156.4;0.000;165.7;0.000;50;0;0;0.000;0.000;0.000;0;0;0;50.05;50.05;50.05;19137;1000;0.0;0;1.0000;0;2;23613;23613;23611
60;2015-03-05 18:09:00;909402N262;0;23.613;28;233;233;234;230;0.000;50.04;236.4;0.000;137.4;0.000;144.5;0.000;50;0;0;0.000;0.000;0.000;0;0;0;50.04;50.04;50.04;19137;1000;0.0;0;1.0000;0;2;23613;23613;23611
60;2015-03-05 18:10:00;909402N262;0;23.613;28;233;233;235;230;0.000;50.03;224.7;0.000;117.3;0.000;121.9;0.000;50;0;0;0.000;0.000;0.000;0;0;0;50.03;50.03;50.03;19137;1000;0.0;0;1.0000;0;2;23613;23613;23611
60;2015-03-05 18:11:00;909402N262;0;23.613;27;232;232;234;231;0.000;50.03;208.2;0.000;98.4;0.000;100.6;0.000;80;0;0;0.000;0.000;0.000;0;0;0;50.03;50.03;50.03;19137;1000;0.0;0;1.0000;0;2;23613;23613;23611
[wr_ende]
