20140416;080002;danfoss;My Plant;+0100
[wr_def_start]
909402N262;Inverter Type;Inverter Group;Hanzl
[wr_def_end]
[wr]
INTERVAL;TIMESTAMP;SERIAL;P_AC;E_DAY;T_WR;U_AC;U_AC_1;U_AC_2;U_AC_3;I_AC;F_AC;U_DC_1;I_DC_1;U_DC_2;I_DC_2;U_DC_3;I_DC_3;S;E_WR;M_WR;I_AC_1;I_AC_2;I_AC_3;P_AC_1;P_AC_2;P_AC_3;F_AC_1;F_AC_2;F_AC_3;R_DC;PC;PCS;PCS_LL;COS_PHI;COS_PHI_LL;S_COS_PHI;Current_Day_Energy;current_Day_Offset;ccEnergyOfDay_WithoutOffset
60;2014-04-16 07:01:00;909402N262;338;0.112;23;232;232;232;231;0.621;50.02;547.2;0.250;602.2;0.161;732.7;0.150;60;0;0;0.624;0.712;0.529;111;128;97;50.02;50.02;50.02;14657;1000;0.0;0;0.0000;0;0;112;112;112
60;2014-04-16 07:02:00;909402N262;327;0.117;23;231;233;231;231;0.618;50.02;553.4;0.240;619.9;0.152;739.8;0.142;60;0;0;0.598;0.726;0.531;105;126;95;50.02;50.02;50.02;14657;1000;0.0;0;0.0000;0;0;117;117;117
60;2014-04-16 07:03:00;909402N262;360;0.124;24;231;232;230;231;0.663;50.01;556.7;0.259;625.6;0.166;745.8;0.157;60;0;0;0.638;0.745;0.608;115;132;111;50.01;50.01;50.01;14657;1000;0.0;0;0.0000;0;0;124;124;124
60;2014-04-16 07:04:00;909402N262;351;0.129;24;232;233;232;232;0.652;50.01;555.1;0.257;619.2;0.159;741.5;0.155;60;0;0;0.637;0.729;0.592;114;129;106;50.01;50.01;50.01;14657;1000;0.0;0;0.0000;0;0;129;129;129
60;2014-04-16 07:05:00;909402N262;297;0.134;24;233;235;233;233;0.564;49.99;550.5;0.224;606.3;0.134;727.8;0.131;60;0;0;0.524;0.680;0.489;92;117;86;49.99;49.99;49.99;14657;1000;0.0;0;0.0000;0;0;134;134;134
60;2014-04-16 07:06:00;909402N262;245;0.137;24;233;234;233;232;0.475;49.98;548.7;0.187;595.8;0.112;716.3;0.108;60;0;0;0.429;0.579;0.419;73;98;72;49.98;49.98;49.98;14657;1000;0.0;0;0.0000;0;0;137;137;137
60;2014-04-16 07:07:00;909402N262;242;0.142;24;233;234;233;232;0.473;49.97;549.3;0.184;596.8;0.112;713.3;0.109;60;0;0;0.429;0.580;0.411;73;96;70;49.97;49.97;49.97;14657;1000;0.0;0;0.0000;0;0;142;142;142
60;2014-04-16 07:08:00;909402N262;258;0.147;24;233;235;233;233;0.500;49.98;549.4;0.196;600.5;0.120;721.2;0.116;60;0;0;0.435;0.613;0.454;75;103;79;49.98;49.98;49.98;14657;1000;0.0;0;0.0000;0;0;147;147;147
60;2014-04-16 07:09:00;909402N262;255;0.151;24;234;235;233;233;0.496;49.98;550.8;0.193;596.5;0.117;718.0;0.114;60;0;0;0.464;0.590;0.434;80;99;74;49.98;49.98;49.98;14657;1000;0.0;0;0.0000;0;0;151;151;151
60;2014-04-16 07:10:00;909402N262;229;0.154;24;233;234;234;233;0.445;49.98;549.7;0.177;590.5;0.104;713.1;0.101;60;0;0;0.403;0.554;0.379;68;93;65;49.98;49.98;49.98;14657;1000;0.0;0;0.0000;0;0;154;154;154
60;2014-04-16 07:11:00;909402N262;217;0.158;24;233;233;234;233;0.431;49.98;549.5;0.168;585.0;0.100;704.0;0.097;60;0;0;0.392;0.529;0.374;65;87;63;49.98;49.98;49.98;14657;1000;0.0;0;0.0000;0;0;158;158;158
60;2014-04-16 07:12:00;909402N262;204;0.161;24;233;233;234;233;0.402;49.98;546.9;0.161;581.9;0.094;703.3;0.091;60;0;0;0.361;0.524;0.322;60;86;56;49.98;49.98;49.98;14657;1000;0.0;0;0.0000;0;0;161;161;161
60;2014-04-16 07:13:00;909402N262;198;0.164;24;234;234;235;234;0.400;49.98;547.2;0.156;582.3;0.092;697.2;0.088;60;0;0;0.380;0.517;0.303;61;84;51;49.98;49.98;49.98;14657;1000;0.0;0;0.0000;0;0;164;164;164
60;2014-04-16 07:14:00;909402N262;249;0.169;25;235;235;236;234;0.481;49.98;549.7;0.188;598.2;0.115;717.9;0.111;60;0;0;0.403;0.602;0.440;69;102;75;49.98;49.98;49.98;14657;1000;0.0;0;0.0000;0;0;169;169;169
60;2014-04-16 07:15:00;909402N262;265;0.174;25;235;235;235;234;0.516;49.98;548.7;0.202;602.4;0.121;717.0;0.118;60;0;0;0.409;0.656;0.483;70;110;83;49.98;49.98;49.98;14657;1000;0.0;0;0.0000;0;0;174;174;174
60;2014-04-16 07:16:00;909402N262;257;0.178;25;235;235;235;234;0.492;49.98;540.9;0.198;588.6;0.119;714.4;0.114;60;0;0;0.440;0.579;0.458;75;99;80;49.98;49.98;49.98;14657;1000;0.0;0;0.0000;0;0;178;178;178
60;2014-04-16 07:17:00;909402N262;286;0.183;25;235;235;235;234;0.548;49.98;552.3;0.214;606.7;0.132;724.7;0.126;60;0;0;0.501;0.656;0.487;86;113;85;49.98;49.98;49.98;14657;1000;0.0;0;0.0000;0;0;183;183;183
60;2014-04-16 07:18:00;909402N262;298;0.187;25;234;235;234;234;0.571;49.98;551.6;0.226;606.9;0.135;729.4;0.131;60;0;0;0.548;0.685;0.481;95;118;84;49.98;49.98;49.98;14657;1000;0.0;0;0.0000;0;0;187;187;187
60;2014-04-16 07:19:00;909402N262;285;0.191;25;234;235;234;235;0.543;49.98;552.9;0.219;604.0;0.128;727.9;0.125;60;0;0;0.478;0.675;0.477;83;116;84;49.98;49.98;49.98;14657;1000;0.0;0;0.0000;0;0;191;191;191
60;2014-04-16 07:20:00;909402N262;278;0.197;25;234;235;234;234;0.525;49.98;554.1;0.213;602.8;0.125;729.0;0.122;60;0;0;0.447;0.653;0.476;78;113;86;49.98;49.98;49.98;14657;1000;0.0;0;0.0000;0;0;197;197;197
60;2014-04-16 07:21:00;909402N262;288;0.201;25;234;236;234;234;0.554;49.97;554.3;0.218;605.2;0.130;726.1;0.127;60;0;0;0.492;0.671;0.499;85;115;87;49.97;49.97;49.97;14657;1000;0.0;0;0.0000;0;0;201;201;201
60;2014-04-16 07:22:00;909402N262;285;0.207;25;234;235;234;234;0.545;49.97;555.1;0.216;604.6;0.128;725.1;0.125;60;0;0;0.484;0.677;0.475;83;117;83;49.97;49.97;49.97;14657;1000;0.0;0;0.0000;0;0;207;207;207
60;2014-04-16 07:23:00;909402N262;283;0.211;25;234;235;235;233;0.534;49.97;553.0;0.215;601.9;0.128;728.5;0.124;60;0;0;0.463;0.662;0.479;81;116;85;49.97;49.97;49.97;14657;1000;0.0;0;0.0000;0;0;211;211;211
60;2014-04-16 07:24:00;909402N262;285;0.216;25;234;235;235;232;0.545;49.97;552.8;0.218;603.2;0.128;727.1;0.125;60;0;0;0.473;0.684;0.479;82;116;84;49.97;49.97;49.97;14657;1000;0.0;0;0.0000;0;0;216;216;216
60;2014-04-16 07:25:00;909402N262;301;0.221;25;234;234;235;233;0.568;49.96;553.0;0.229;607.4;0.134;730.3;0.131;60;0;0;0.549;0.700;0.456;97;122;80;49.96;49.96;49.96;14657;1000;0.0;0;0.0000;0;0;221;221;221
60;2014-04-16 07:26:00;909402N262;303;0.226;25;234;234;235;233;0.575;49.97;550.1;0.233;608.0;0.136;732.6;0.132;60;0;0;0.558;0.679;0.490;97;118;86;49.97;49.97;49.97;14657;1000;0.0;0;0.0000;0;0;226;226;226
60;2014-04-16 07:27:00;909402N262;315;0.231;25;234;234;234;233;0.601;49.97;551.3;0.241;613.9;0.140;725.1;0.139;60;0;0;0.571;0.713;0.519;99;123;91;49.97;49.97;49.97;14657;1000;0.0;0;0.0000;0;0;231;231;231
60;2014-04-16 07:28:00;909402N262;306;0.236;25;234;234;234;233;0.578;49.97;549.5;0.236;608.5;0.136;735.7;0.132;60;0;0;0.570;0.689;0.477;99;120;85;49.97;49.97;49.97;14657;1000;0.0;0;0.0000;0;0;236;236;236
60;2014-04-16 07:29:00;909402N262;289;0.241;25;234;234;234;233;0.550;49.96;548.8;0.225;603.6;0.129;726.2;0.127;60;0;0;0.510;0.661;0.480;88;114;84;49.96;49.96;49.96;14657;1000;0.0;0;0.0000;0;0;241;241;241
60;2014-04-16 07:30:00;909402N262;265;0.246;26;234;234;234;234;0.510;49.97;545.5;0.209;597.8;0.118;719.9;0.117;60;0;0;0.428;0.627;0.475;74;107;83;49.97;49.97;49.97;14657;1000;0.0;0;0.0000;0;0;246;246;246
60;2014-04-16 07:31:00;909402N262;229;0.249;26;234;234;234;234;0.466;49.98;535.4;0.186;582.9;0.105;693.8;0.103;60;0;0;0.419;0.561;0.418;69;89;69;49.98;49.98;49.98;14657;1000;0.0;0;0.0000;0;0;249;249;249
60;2014-04-16 07:32:00;909402N262;236;0.254;26;234;234;234;234;0.454;49.98;544.4;0.185;592.9;0.109;710.5;0.104;60;0;0;0.414;0.555;0.393;72;94;68;49.98;49.98;49.98;14657;1000;0.0;0;0.0000;0;0;254;254;254
60;2014-04-16 07:33:00;909402N262;256;0.258;26;233;233;233;233;0.489;49.99;545.6;0.197;599.9;0.117;718.2;0.113;60;0;0;0.439;0.591;0.437;77;101;77;49.99;49.99;49.99;14657;1000;0.0;0;0.0000;0;0;258;258;258
60;2014-04-16 07:34:00;909402N262;265;0.263;26;233;233;233;233;0.501;49.99;545.7;0.204;604.7;0.121;716.7;0.117;60;0;0;0.436;0.623;0.445;78;107;77;49.99;49.99;49.99;14657;1000;0.0;0;0.0000;0;0;263;263;263
60;2014-04-16 07:35:00;909402N262;282;0.266;26;233;233;233;233;0.528;49.99;548.1;0.214;604.9;0.130;722.4;0.124;60;0;0;0.484;0.652;0.448;86;114;80;49.99;49.99;49.99;14657;1000;0.0;0;0.0000;0;0;266;266;266
60;2014-04-16 07:36:00;909402N262;303;0.272;26;232;233;232;232;0.556;49.97;550.6;0.229;610.3;0.139;734.8;0.131;60;0;0;0.515;0.677;0.476;94;121;87;49.97;49.97;49.97;14657;1000;0.0;0;0.0000;0;0;272;272;272
60;2014-04-16 07:37:00;909402N262;321;0.278;26;232;233;232;232;0.592;49.97;553.0;0.240;612.5;0.148;732.9;0.139;60;0;0;0.577;0.671;0.528;104;118;97;49.97;49.97;49.97;14657;1000;0.0;0;0.0000;0;0;278;278;278
60;2014-04-16 07:38:00;909402N262;346;0.283;26;232;233;232;232;0.634;49.97;557.8;0.254;616.8;0.160;736.4;0.150;60;0;0;0.607;0.701;0.595;111;125;108;49.97;49.97;49.97;14657;1000;0.0;0;0.0000;0;0;283;283;283
60;2014-04-16 07:39:00;909402N262;390;0.290;26;233;234;233;233;0.703;49.99;563.2;0.283;625.7;0.178;748.0;0.167;60;0;0;0.677;0.755;0.679;125;139;126;49.99;49.99;49.99;14657;1000;0.0;0;0.0000;0;0;290;290;290
60;2014-04-16 07:40:00;909402N262;453;0.298;26;234;234;234;233;0.798;49.97;566.9;0.325;632.3;0.204;755.9;0.194;60;0;0;0.769;0.842;0.783;145;158;148;49.97;49.97;49.97;14657;1000;0.0;0;0.0000;0;0;298;298;298
60;2014-04-16 07:41:00;909402N262;506;0.307;26;234;234;235;233;0.877;49.98;569.5;0.359;639.2;0.225;772.8;0.210;60;0;0;0.872;0.923;0.836;167;176;161;49.98;49.98;49.98;14657;1000;0.0;0;0.0000;0;0;307;307;307
60;2014-04-16 07:42:00;909402N262;553;0.316;26;234;235;235;233;0.961;49.98;570.7;0.396;642.5;0.244;767.9;0.232;60;0;0;0.934;1.029;0.922;178;197;176;49.98;49.98;49.98;14657;1000;0.0;0;0.0000;0;0;316;316;316
60;2014-04-16 07:43:00;909402N262;572;0.325;26;234;235;235;233;0.990;49.99;572.3;0.412;643.5;0.249;773.2;0.238;60;0;0;0.949;1.059;0.963;182;202;186;49.99;49.99;49.99;14657;1000;0.0;0;0.0000;0;0;325;325;325
60;2014-04-16 07:44:00;909402N262;566;0.335;26;234;234;236;233;0.983;49.98;572.9;0.411;640.9;0.245;767.2;0.236;60;0;0;0.940;1.061;0.950;179;203;182;49.98;49.98;49.98;14657;1000;0.0;0;0.0000;0;0;335;335;335
60;2014-04-16 07:45:00;909402N262;547;0.344;26;234;234;235;233;0.954;49.97;573.8;0.400;639.7;0.235;768.1;0.227;60;0;0;0.908;1.026;0.930;173;196;177;49.97;49.97;49.97;14657;1000;0.0;0;0.0000;0;0;344;344;344
60;2014-04-16 07:46:00;909402N262;517;0.352;26;234;235;235;233;0.891;49.97;567.5;0.385;613.8;0.226;771.9;0.215;60;0;0;0.866;0.960;0.848;166;186;163;49.97;49.97;49.97;14657;1000;0.0;0;0.0000;0;0;352;352;352
60;2014-04-16 07:47:00;909402N262;498;0.360;26;234;235;234;233;0.871;49.97;573.1;0.368;633.4;0.213;763.6;0.209;60;0;0;0.854;0.932;0.828;161;177;159;49.97;49.97;49.97;14657;1000;0.0;0;0.0000;0;0;360;360;360
60;2014-04-16 07:48:00;909402N262;479;0.369;26;234;234;235;233;0.838;49.97;571.8;0.354;631.4;0.207;759.4;0.200;60;0;0;0.819;0.882;0.813;155;168;155;49.97;49.97;49.97;14657;1000;0.0;0;0.0000;0;0;369;369;369
60;2014-04-16 07:49:00;909402N262;467;0.376;27;234;235;235;233;0.825;49.98;570.6;0.347;631.9;0.203;755.0;0.195;60;0;0;0.788;0.892;0.797;148;167;150;49.98;49.98;49.98;14657;1000;0.0;0;0.0000;0;0;376;376;376
60;2014-04-16 07:50:00;909402N262;474;0.384;27;234;235;234;233;0.832;49.97;569.1;0.351;634.7;0.207;756.5;0.197;60;0;0;0.825;0.883;0.789;156;167;149;49.97;49.97;49.97;14657;1000;0.0;0;0.0000;0;0;384;384;384
60;2014-04-16 07:51:00;909402N262;507;0.393;27;234;234;234;234;0.875;49.98;568.7;0.371;638.6;0.221;770.1;0.208;60;0;0;0.849;0.928;0.849;164;177;164;49.98;49.98;49.98;14657;1000;0.0;0;0.0000;0;0;393;393;393
60;2014-04-16 07:52:00;909402N262;552;0.402;27;234;234;234;234;0.958;49.97;569.9;0.399;642.3;0.241;770.1;0.228;60;0;0;0.926;1.011;0.938;177;193;180;49.97;49.97;49.97;14657;1000;0.0;0;0.0000;0;0;402;402;402
60;2014-04-16 07:53:00;909402N262;578;0.412;27;234;234;235;234;0.997;49.98;570.5;0.419;644.0;0.251;770.6;0.239;60;0;0;0.945;1.076;0.971;180;208;187;49.98;49.98;49.98;14657;1000;0.0;0;0.0000;0;0;412;412;412
60;2014-04-16 07:54:00;909402N262;589;0.422;27;234;234;234;234;1.019;49.97;571.4;0.426;646.5;0.257;769.9;0.243;60;0;0;0.978;1.080;0.999;187;208;192;49.97;49.97;49.97;14657;1000;0.0;0;0.0000;0;0;422;422;422
60;2014-04-16 07:55:00;909402N262;612;0.431;27;234;234;234;234;1.053;49.97;574.4;0.437;650.5;0.269;769.7;0.251;60;0;0;1.036;1.099;1.024;200;211;198;49.97;49.97;49.97;14657;1000;0.0;0;0.0000;0;0;431;431;431
60;2014-04-16 07:56:00;909402N262;665;0.443;27;234;234;234;234;1.133;49.97;577.9;0.466;657.6;0.294;780.3;0.271;60;0;0;1.116;1.162;1.122;217;227;220;49.97;49.97;49.97;14657;1000;0.0;0;0.0000;0;0;443;443;443
60;2014-04-16 07:57:00;909402N262;741;0.455;27;234;234;234;234;1.233;49.97;580.0;0.511;663.2;0.325;787.3;0.302;60;0;0;1.216;1.256;1.228;241;251;246;49.97;49.97;49.97;14657;1000;0.0;0;0.0000;0;0;455;455;455
60;2014-04-16 07:58:00;909402N262;799;0.468;27;234;234;234;234;1.312;49.98;579.9;0.550;661.9;0.351;788.6;0.326;60;0;0;1.306;1.346;1.285;264;273;259;49.98;49.98;49.98;14657;1000;0.0;0;0.0000;0;0;468;468;468
60;2014-04-16 07:59:00;909402N262;820;0.482;27;234;234;234;234;1.343;49.99;580.2;0.566;662.6;0.360;781.5;0.335;60;0;0;1.343;1.359;1.327;273;277;268;49.99;49.99;49.99;14657;1000;0.0;0;0.0000;0;0;482;482;482
60;2014-04-16 08:00:00;909402N262;829;0.495;27;235;235;235;234;1.352;50.01;580.9;0.572;662.8;0.364;780.8;0.340;60;0;0;1.338;1.374;1.344;271;283;274;50.01;50.01;50.01;14657;1000;0.0;0;0.0000;0;0;495;495;495
[wr_ende]
