20140119;150001;danfoss;My Plant;+0100
[wr_def_start]
909402N262;Inverter Type;Inverter Group;Hanzl
[wr_def_end]
[wr]
INTERVAL;TIMESTAMP;SERIAL;P_AC;E_DAY;T_WR;U_AC;U_AC_1;U_AC_2;U_AC_3;I_AC;F_AC;U_DC_1;I_DC_1;U_DC_2;I_DC_2;U_DC_3;I_DC_3;S;E_WR;M_WR;I_AC_1;I_AC_2;I_AC_3;P_AC_1;P_AC_2;P_AC_3;F_AC_1;F_AC_2;F_AC_3;R_DC;PC;PCS;PCS_LL;COS_PHI;COS_PHI_LL;S_COS_PHI;Current_Day_Energy;current_Day_Offset;ccEnergyOfDay_WithoutOffset
60;2014-01-19 14:01:00;909402N262;451;3.346;32;232;232;233;233;0.746;50.00;555.1;0.462;649.5;0.308;0.0;0.000;60;0;0;0.683;0.785;0.771;134;159;155;50.00;50.00;50.00;37617;1000;0.0;0;0.0000;0;0;3346;3346;3346
60;2014-01-19 14:02:00;909402N262;398;3.353;32;232;232;232;233;0.879;50.00;557.5;0.407;650.7;0.269;0.0;0.000;60;0;0;0.856;0.790;0.991;128;116;151;50.00;50.00;50.00;37617;1000;0.0;0;0.0000;0;0;3353;3353;3353
60;2014-01-19 14:03:00;909402N262;352;3.359;32;232;232;232;233;0.810;49.99;555.1;0.364;644.2;0.238;0.0;0.000;60;0;0;0.707;0.862;0.861;101;123;126;49.99;49.99;49.99;37617;1000;0.0;0;0.0000;0;0;3359;3359;3359
60;2014-01-19 14:04:00;909402N262;329;3.365;32;232;231;232;233;0.757;49.98;555.8;0.340;634.7;0.226;0.0;0.000;60;0;0;0.688;0.816;0.767;100;116;111;49.98;49.98;49.98;37617;1000;0.0;0;0.0000;0;0;3365;3365;3365
60;2014-01-19 14:05:00;909402N262;315;3.370;32;232;231;232;233;0.726;49.98;555.9;0.325;629.8;0.218;0.0;0.000;60;0;0;0.612;0.796;0.770;90;112;110;49.98;49.98;49.98;37617;1000;0.0;0;0.0000;0;0;3370;3370;3370
60;2014-01-19 14:06:00;909402N262;294;3.375;32;232;231;232;232;0.685;49.98;554.8;0.304;631.0;0.204;0.0;0.000;60;0;0;0.592;0.752;0.712;85;104;103;49.98;49.98;49.98;37617;1000;0.0;0;0.0000;0;0;3375;3375;3375
60;2014-01-19 14:07:00;909402N262;270;3.379;32;232;231;232;232;0.632;49.98;553.6;0.279;628.7;0.187;0.0;0.000;60;0;0;0.577;0.591;0.730;82;81;105;49.98;49.98;49.98;37617;1000;0.0;0;0.0000;0;0;3379;3379;3379
60;2014-01-19 14:08:00;909402N262;246;3.384;32;232;231;232;232;0.573;49.99;551.7;0.256;623.8;0.171;0.0;0.000;60;0;0;0.533;0.595;0.591;76;85;84;49.99;49.99;49.99;37617;1000;0.0;0;0.0000;0;0;3384;3384;3384
60;2014-01-19 14:09:00;909402N262;230;3.388;32;232;231;232;232;0.536;49.99;548.6;0.242;615.0;0.162;0.0;0.000;60;0;0;0.508;0.556;0.545;72;78;78;49.99;49.99;49.99;37617;1000;0.0;0;0.0000;0;0;3388;3388;3388
60;2014-01-19 14:10:00;909402N262;214;3.391;32;232;232;232;232;0.501;49.99;544.2;0.229;612.5;0.151;0.0;0.000;60;0;0;0.443;0.575;0.487;62;82;68;49.99;49.99;49.99;37617;1000;0.0;0;0.0000;0;0;3391;3391;3391
60;2014-01-19 14:11:00;909402N262;209;3.395;32;232;232;232;232;0.493;49.98;540.4;0.227;603.6;0.147;0.0;0.000;60;0;0;0.427;0.569;0.485;58;81;68;49.98;49.98;49.98;37617;1000;0.0;0;0.0000;0;0;3395;3395;3395
60;2014-01-19 14:12:00;909402N262;231;3.399;32;232;232;232;232;0.539;49.99;542.8;0.252;605.7;0.160;0.0;0.000;60;0;0;0.492;0.578;0.547;69;82;77;49.99;49.99;49.99;37617;1000;0.0;0;0.0000;0;0;3399;3399;3399
60;2014-01-19 14:13:00;909402N262;272;3.403;31;232;231;232;232;0.634;49.99;548.4;0.293;611.6;0.188;0.0;0.000;60;0;0;0.561;0.637;0.705;81;87;102;49.99;49.99;49.99;37617;1000;0.0;0;0.0000;0;0;3403;3403;3403
60;2014-01-19 14:14:00;909402N262;305;3.408;31;232;231;232;232;0.702;49.98;554.7;0.322;624.8;0.208;0.0;0.000;60;0;0;0.628;0.789;0.690;90;114;100;49.98;49.98;49.98;37617;1000;0.0;0;0.0000;0;0;3408;3408;3408
60;2014-01-19 14:15:00;909402N262;328;3.414;31;232;231;233;232;0.742;49.99;558.6;0.341;631.2;0.224;0.0;0.000;60;0;0;0.631;0.862;0.733;91;130;105;49.99;49.99;49.99;37617;1000;0.0;0;0.0000;0;0;3414;3414;3414
60;2014-01-19 14:16:00;909402N262;341;3.420;31;232;232;233;233;0.786;49.99;546.4;0.361;634.1;0.239;0.0;0.000;60;0;0;0.730;0.870;0.758;103;127;109;49.99;49.99;49.99;37617;1000;0.0;0;0.0000;0;0;3420;3420;3420
60;2014-01-19 14:17:00;909402N262;362;3.425;31;232;232;233;233;0.812;50.00;561.6;0.372;637.2;0.247;0.0;0.000;60;0;0;0.769;0.902;0.767;109;136;114;50.00;50.00;50.00;37617;1000;0.0;0;0.0000;0;0;3425;3425;3425
60;2014-01-19 14:18:00;909402N262;372;3.432;31;232;232;233;232;0.839;50.00;562.9;0.380;638.1;0.253;0.0;0.000;60;0;0;0.819;0.880;0.819;119;131;120;50.00;50.00;50.00;37617;1000;0.0;0;0.0000;0;0;3432;3432;3432
60;2014-01-19 14:19:00;909402N262;382;3.438;31;232;232;233;232;0.882;49.99;564.4;0.389;639.2;0.261;0.0;0.000;60;0;0;0.880;0.903;0.865;127;130;123;49.99;49.99;49.99;37617;1000;0.0;0;0.0000;0;0;3438;3438;3438
60;2014-01-19 14:20:00;909402N262;382;3.445;31;232;232;232;232;0.858;49.99;565.8;0.387;639.9;0.262;0.0;0.000;60;0;0;0.871;0.886;0.818;129;133;119;49.99;49.99;49.99;37617;1000;0.0;0;0.0000;0;0;3445;3445;3445
60;2014-01-19 14:21:00;909402N262;372;3.451;31;232;232;233;232;0.839;50.00;565.5;0.375;640.7;0.256;0.0;0.000;60;0;0;0.822;0.872;0.825;120;130;121;50.00;50.00;50.00;37617;1000;0.0;0;0.0000;0;0;3451;3451;3451
60;2014-01-19 14:22:00;909402N262;356;3.457;31;232;232;233;232;0.819;50.00;564.4;0.359;640.6;0.246;0.0;0.000;60;0;0;0.785;0.876;0.798;110;129;115;50.00;50.00;50.00;37617;1000;0.0;0;0.0000;0;0;3457;3457;3457
60;2014-01-19 14:23:00;909402N262;342;3.462;31;232;232;232;232;0.778;49.99;562.6;0.346;639.1;0.235;0.0;0.000;60;0;0;0.787;0.845;0.702;114;126;100;49.99;49.99;49.99;37617;1000;0.0;0;0.0000;0;0;3462;3462;3462
60;2014-01-19 14:24:00;909402N262;335;3.468;31;232;232;232;232;0.766;50.00;561.4;0.341;638.1;0.230;0.0;0.000;60;0;0;0.781;0.844;0.675;114;123;95;50.00;50.00;50.00;37617;1000;0.0;0;0.0000;0;0;3468;3468;3468
60;2014-01-19 14:25:00;909402N262;331;3.473;31;232;231;233;232;0.751;49.99;561.3;0.338;637.8;0.226;0.0;0.000;60;0;0;0.645;0.896;0.713;90;136;103;49.99;49.99;49.99;37617;1000;0.0;0;0.0000;0;0;3473;3473;3473
60;2014-01-19 14:26:00;909402N262;322;3.479;31;232;232;232;232;0.723;50.00;561.8;0.331;637.4;0.219;0.0;0.000;60;0;0;0.631;0.842;0.697;90;129;101;50.00;50.00;50.00;37617;1000;0.0;0;0.0000;0;0;3479;3479;3479
60;2014-01-19 14:27:00;909402N262;320;3.484;31;232;232;233;232;0.730;50.02;562.0;0.330;633.9;0.217;0.0;0.000;60;0;0;0.642;0.845;0.704;91;126;101;50.02;50.02;50.02;37617;1000;0.0;0;0.0000;0;0;3484;3484;3484
60;2014-01-19 14:28:00;909402N262;331;3.490;31;232;232;233;232;0.752;50.02;562.1;0.342;630.3;0.226;0.0;0.000;60;0;0;0.647;0.883;0.726;91;133;104;50.02;50.02;50.02;37617;1000;0.0;0;0.0000;0;0;3490;3490;3490
60;2014-01-19 14:29:00;909402N262;351;3.496;31;232;232;233;232;0.793;50.02;562.4;0.362;629.7;0.240;0.0;0.000;60;0;0;0.734;0.909;0.737;103;138;108;50.02;50.02;50.02;37617;1000;0.0;0;0.0000;0;0;3496;3496;3496
60;2014-01-19 14:30:00;909402N262;372;3.502;31;232;232;233;232;0.810;50.03;562.7;0.383;633.8;0.254;0.0;0.000;60;0;0;0.789;0.925;0.717;113;150;108;50.03;50.03;50.03;37617;1000;0.0;0;0.0000;0;0;3502;3502;3502
60;2014-01-19 14:31:00;909402N262;385;3.507;31;233;232;233;233;0.851;50.03;556.8;0.403;628.6;0.265;0.0;0.000;60;0;0;0.786;0.925;0.843;110;145;127;50.03;50.03;50.03;37617;1000;0.0;0;0.0000;0;0;3507;3507;3507
60;2014-01-19 14:32:00;909402N262;402;3.516;31;233;233;233;233;0.887;50.02;562.1;0.414;643.2;0.271;0.0;0.000;60;0;0;0.862;0.939;0.862;125;147;128;50.02;50.02;50.02;37617;1000;0.0;0;0.0000;0;0;3516;3516;3516
60;2014-01-19 14:33:00;909402N262;408;3.522;31;233;233;232;233;0.913;50.00;561.7;0.419;643.5;0.275;0.0;0.000;60;0;0;0.908;0.942;0.890;135;142;129;50.00;50.00;50.00;37617;1000;0.0;0;0.0000;0;0;3522;3522;3522
60;2014-01-19 14:34:00;909402N262;406;3.529;31;232;232;232;233;0.904;50.00;561.3;0.417;645.8;0.273;0.0;0.000;60;0;0;0.884;0.953;0.876;128;146;130;50.00;50.00;50.00;37617;1000;0.0;0;0.0000;0;0;3529;3529;3529
60;2014-01-19 14:35:00;909402N262;398;3.535;31;232;232;232;232;0.888;50.01;561.0;0.410;646.3;0.267;0.0;0.000;60;0;0;0.845;0.944;0.875;121;145;130;50.01;50.01;50.01;37617;1000;0.0;0;0.0000;0;0;3535;3535;3535
60;2014-01-19 14:36:00;909402N262;386;3.541;31;232;232;233;232;0.851;50.02;560.5;0.398;645.2;0.259;0.0;0.000;60;0;0;0.737;0.955;0.863;103;151;130;50.02;50.02;50.02;37617;1000;0.0;0;0.0000;0;0;3541;3541;3541
60;2014-01-19 14:37:00;909402N262;372;3.548;31;232;232;232;232;0.852;50.00;560.0;0.384;643.9;0.250;0.0;0.000;60;0;0;0.843;0.878;0.837;121;129;120;50.00;50.00;50.00;37617;1000;0.0;0;0.0000;0;0;3548;3548;3548
60;2014-01-19 14:38:00;909402N262;360;3.554;31;232;232;232;232;0.827;49.99;559.8;0.372;641.9;0.243;0.0;0.000;60;0;0;0.850;0.865;0.766;122;128;108;49.99;49.99;49.99;37617;1000;0.0;0;0.0000;0;0;3554;3554;3554
60;2014-01-19 14:39:00;909402N262;351;3.560;31;232;232;231;232;0.804;50.02;559.5;0.363;639.7;0.237;0.0;0.000;60;0;0;0.801;0.877;0.735;115;130;104;50.02;50.02;50.02;37617;1000;0.0;0;0.0000;0;0;3560;3560;3560
60;2014-01-19 14:40:00;909402N262;346;3.566;31;232;231;232;232;0.788;50.02;559.3;0.359;639.0;0.234;0.0;0.000;60;0;0;0.762;0.850;0.752;109;127;107;50.02;50.02;50.02;37617;1000;0.0;0;0.0000;0;0;3566;3566;3566
60;2014-01-19 14:41:00;909402N262;344;3.571;31;232;231;232;232;0.786;50.01;559.7;0.356;638.2;0.233;0.0;0.000;60;0;0;0.729;0.856;0.774;103;127;113;50.01;50.01;50.01;37617;1000;0.0;0;0.0000;0;0;3571;3571;3571
60;2014-01-19 14:42:00;909402N262;343;3.576;31;232;231;232;232;0.789;50.00;560.1;0.355;637.8;0.233;0.0;0.000;60;0;0;0.760;0.872;0.736;106;130;106;50.00;50.00;50.00;37617;1000;0.0;0;0.0000;0;0;3576;3576;3576
60;2014-01-19 14:43:00;909402N262;343;3.583;31;232;231;232;232;0.790;50.00;560.4;0.354;637.7;0.233;0.0;0.000;60;0;0;0.707;0.864;0.801;99;126;116;50.00;50.00;50.00;37617;1000;0.0;0;0.0000;0;0;3583;3583;3583
60;2014-01-19 14:44:00;909402N262;343;3.588;31;232;231;232;233;0.796;50.00;560.6;0.353;638.2;0.233;0.0;0.000;60;0;0;0.669;0.864;0.855;95;123;122;50.00;50.00;50.00;37617;1000;0.0;0;0.0000;0;0;3588;3588;3588
60;2014-01-19 14:45:00;909402N262;341;3.594;31;232;232;232;233;0.790;50.00;560.6;0.351;638.1;0.232;0.0;0.000;60;0;0;0.710;0.873;0.787;102;126;112;50.00;50.00;50.00;37617;1000;0.0;0;0.0000;0;0;3594;3594;3594
60;2014-01-19 14:46:00;909402N262;331;3.600;31;232;232;231;233;0.771;49.99;544.7;0.349;637.7;0.230;0.0;0.000;60;0;0;0.678;0.841;0.794;97;120;112;49.99;49.99;49.99;37617;1000;0.0;0;0.0000;0;0;3600;3600;3600
60;2014-01-19 14:47:00;909402N262;327;3.605;31;232;232;232;233;0.751;49.98;561.2;0.335;637.5;0.222;0.0;0.000;60;0;0;0.671;0.798;0.785;99;114;112;49.98;49.98;49.98;37617;1000;0.0;0;0.0000;0;0;3605;3605;3605
60;2014-01-19 14:48:00;909402N262;307;3.611;31;232;232;231;232;0.713;49.98;559.1;0.317;630.5;0.210;0.0;0.000;60;0;0;0.712;0.787;0.642;103;112;90;49.98;49.98;49.98;37617;1000;0.0;0;0.0000;0;0;3611;3611;3611
60;2014-01-19 14:49:00;909402N262;291;3.615;31;232;232;231;232;0.663;49.98;557.4;0.303;624.7;0.200;0.0;0.000;60;0;0;0.823;0.872;0.295;121;127;41;49.98;49.98;49.98;37617;1000;0.0;0;0.0000;0;0;3615;3615;3615
60;2014-01-19 14:50:00;909402N262;292;3.620;31;232;232;232;232;0.681;49.98;556.9;0.306;620.4;0.200;0.0;0.000;60;0;0;0.698;0.709;0.636;99;101;90;49.98;49.98;49.98;37617;1000;0.0;0;0.0000;0;0;3620;3620;3620
60;2014-01-19 14:51:00;909402N262;308;3.625;31;232;232;232;232;0.714;49.99;558.0;0.323;625.3;0.210;0.0;0.000;60;0;0;0.718;0.739;0.686;100;107;98;49.99;49.99;49.99;37617;1000;0.0;0;0.0000;0;0;3625;3625;3625
60;2014-01-19 14:52:00;909402N262;324;3.630;30;232;231;232;232;0.735;49.98;558.8;0.337;632.1;0.221;0.0;0.000;60;0;0;0.671;0.849;0.687;94;129;100;49.98;49.98;49.98;37617;1000;0.0;0;0.0000;0;0;3630;3630;3630
60;2014-01-19 14:53:00;909402N262;332;3.637;30;232;231;233;232;0.739;49.99;558.7;0.342;634.4;0.227;0.0;0.000;60;0;0;0.616;0.923;0.678;85;146;99;49.99;49.99;49.99;37617;1000;0.0;0;0.0000;0;0;3637;3637;3637
60;2014-01-19 14:54:00;909402N262;332;3.642;30;231;231;232;231;0.742;49.98;558.0;0.342;635.4;0.227;0.0;0.000;60;0;0;0.599;0.927;0.702;82;146;103;49.98;49.98;49.98;37617;1000;0.0;0;0.0000;0;0;3642;3642;3642
60;2014-01-19 14:55:00;909402N262;329;3.647;30;231;230;233;231;0.731;49.99;557.7;0.340;637.2;0.225;0.0;0.000;60;0;0;0.553;0.936;0.706;75;149;103;49.99;49.99;49.99;37617;1000;0.0;0;0.0000;0;0;3647;3647;3647
60;2014-01-19 14:56:00;909402N262;324;3.652;30;231;230;233;231;0.733;49.99;558.1;0.334;638.1;0.221;0.0;0.000;60;0;0;0.517;0.935;0.748;71;141;111;49.99;49.99;49.99;37617;1000;0.0;0;0.0000;0;0;3652;3652;3652
60;2014-01-19 14:57:00;909402N262;316;3.658;30;231;231;233;231;0.694;49.99;556.9;0.327;638.3;0.216;0.0;0.000;60;0;0;0.001;1.040;1.041;0;158;157;49.99;49.99;49.99;37617;1000;0.0;0;0.0000;0;0;3658;3658;3658
60;2014-01-19 14:58:00;909402N262;307;3.662;30;231;231;233;229;0.677;50.00;555.0;0.319;638.1;0.210;0.0;0.000;60;0;0;0.041;1.015;0.975;5;153;148;50.00;50.00;50.00;37617;1000;0.0;0;0.0000;0;0;3662;3662;3662
60;2014-01-19 14:59:00;909402N262;297;3.669;30;231;231;233;229;0.659;50.00;553.6;0.309;637.6;0.203;0.0;0.000;60;0;0;0.041;0.979;0.957;4;147;144;50.00;50.00;50.00;37617;1000;0.0;0;0.0000;0;0;3669;3669;3669
60;2014-01-19 15:00:00;909402N262;285;3.673;30;231;232;233;229;0.623;50.00;552.2;0.296;636.2;0.195;0.0;0.000;60;0;0;0.153;0.933;0.783;22;145;117;50.00;50.00;50.00;37617;1000;0.0;0;0.0000;0;0;3673;3673;3673
[wr_ende]
