20141231;140000;danfoss;My Plant;+0100
[wr_def_start]
909402N262;Inverter Type;Inverter Group;Hanzl
[wr_def_end]
[wr]
INTERVAL;TIMESTAMP;SERIAL;P_AC;E_DAY;T_WR;U_AC;U_AC_1;U_AC_2;U_AC_3;I_AC;F_AC;U_DC_1;I_DC_1;U_DC_2;I_DC_2;U_DC_3;I_DC_3;S;E_WR;M_WR;I_AC_1;I_AC_2;I_AC_3;P_AC_1;P_AC_2;P_AC_3;F_AC_1;F_AC_2;F_AC_3;R_DC;PC;PCS;PCS_LL;COS_PHI;COS_PHI_LL;S_COS_PHI;Current_Day_Energy;current_Day_Offset;ccEnergyOfDay_WithoutOffset
60;2014-12-31 13:01:00;909402N262;1398;4.048;33;232;231;232;234;2.222;49.99;488.6;2.658;601.8;0.093;696.8;0.103;60;0;0;2.147;2.261;2.259;444;475;477;49.99;49.99;49.99;4352;1000;0.0;0;1.0000;0;2;4048;4048;4048
60;2014-12-31 13:02:00;909402N262;1421;4.072;33;231;230;231;232;2.263;49.98;458.5;2.882;619.1;0.089;706.1;0.098;60;0;0;2.191;2.305;2.293;453;484;481;49.98;49.98;49.98;4352;1000;0.0;0;1.0000;0;2;4072;4072;4072
60;2014-12-31 13:03:00;909402N262;1654;4.098;33;231;230;231;232;2.557;49.98;469.1;3.287;628.6;0.101;676.3;0.117;60;0;0;2.477;2.606;2.588;529;564;560;49.97;49.97;49.97;4352;1000;0.0;0;1.0000;0;2;4098;4098;4098
60;2014-12-31 13:04:00;909402N262;2067;4.134;33;231;230;231;232;3.118;49.98;467.0;4.130;639.6;0.125;650.3;0.150;60;0;0;3.035;3.165;3.154;664;701;700;49.98;49.98;49.98;4352;1000;0.0;0;1.0000;0;2;4134;4134;4134
60;2014-12-31 13:05:00;909402N262;2220;4.170;33;231;230;231;232;3.338;49.99;462.7;4.481;644.7;0.133;645.8;0.161;60;0;0;3.263;3.378;3.375;717;749;752;49.99;49.99;49.99;4352;1000;0.0;0;1.0000;0;2;4170;4170;4170
60;2014-12-31 13:06:00;909402N262;1926;4.202;33;232;230;232;233;2.926;50.00;459.8;3.907;636.0;0.116;661.5;0.137;60;0;0;2.850;2.964;2.965;618;651;654;50.00;50.00;50.00;4352;1000;0.0;0;1.0000;0;2;4202;4202;4202
60;2014-12-31 13:07:00;909402N262;1701;4.231;33;233;232;233;235;2.606;50.01;468.0;3.394;627.7;0.102;684.8;0.114;60;0;0;2.529;2.646;2.645;544;576;579;50.01;50.01;50.01;4352;1000;0.0;0;1.0000;0;2;4231;4231;4231
60;2014-12-31 13:08:00;909402N262;1636;4.258;33;233;231;232;235;2.519;50.01;468.2;3.263;625.5;0.098;686.3;0.109;60;0;0;2.441;2.554;2.564;522;552;560;50.01;50.01;50.01;4352;1000;0.0;0;1.0000;0;2;4258;4258;4258
60;2014-12-31 13:09:00;909402N262;1552;4.284;33;233;231;232;235;2.411;50.02;467.9;3.095;622.9;0.093;684.8;0.104;60;0;0;2.333;2.446;2.455;495;523;533;50.02;50.02;50.02;4352;1000;0.0;0;1.0000;0;2;4284;4284;4284
60;2014-12-31 13:10:00;909402N262;1677;4.312;33;233;233;232;235;2.575;50.02;468.6;3.343;627.9;0.101;660.7;0.116;60;0;0;2.514;2.598;2.614;542;562;571;50.02;50.02;50.02;4352;1000;0.0;0;1.0000;0;2;4312;4312;4312
60;2014-12-31 13:11:00;909402N262;1837;4.343;33;233;233;232;235;2.788;50.01;470.8;3.645;632.7;0.109;645.6;0.130;60;0;0;2.728;2.809;2.828;595;615;624;50.01;50.01;50.01;4352;1000;0.0;0;1.0000;0;2;4343;4343;4343
60;2014-12-31 13:12:00;909402N262;2309;4.382;33;233;233;232;235;3.428;50.01;471.3;4.578;644.8;0.135;642.2;0.166;60;0;0;3.368;3.451;3.465;753;771;783;50.01;50.01;50.01;4352;1000;0.0;0;1.0000;0;2;4382;4382;4382
60;2014-12-31 13:13:00;909402N262;2265;4.419;33;233;233;232;235;3.367;50.02;478.7;4.422;642.8;0.133;640.7;0.162;60;0;0;3.302;3.388;3.413;736;756;771;50.02;50.02;50.02;4352;1000;0.0;0;1.0000;0;2;4419;4419;4419
60;2014-12-31 13:14:00;909402N262;2686;4.465;33;233;232;231;235;3.944;50.02;480.7;5.228;651.6;0.154;640.9;0.193;60;0;0;3.875;3.951;4.006;875;892;918;50.02;50.02;50.02;4352;1000;0.0;0;1.0000;0;2;4465;4465;4465
60;2014-12-31 13:15:00;909402N262;2436;4.505;33;233;232;232;235;3.600;50.02;476.1;4.783;645.7;0.140;638.5;0.173;60;0;0;3.530;3.617;3.653;791;811;831;50.02;50.02;50.02;4352;1000;0.0;0;1.0000;0;2;4505;4505;4505
60;2014-12-31 13:16:00;909402N262;2469;4.545;33;233;232;232;235;3.647;50.01;475.5;4.877;624.2;0.144;643.0;0.175;60;0;0;3.581;3.660;3.701;803;823;842;50.01;50.01;50.01;4352;1000;0.0;0;1.0000;0;2;4545;4545;4545
60;2014-12-31 13:17:00;909402N262;2440;4.586;33;233;232;232;235;3.608;50.01;482.2;4.739;643.8;0.136;645.0;0.169;60;0;0;3.533;3.631;3.660;792;813;832;50.01;50.01;50.01;4352;1000;0.0;0;1.0000;0;2;4586;4586;4586
60;2014-12-31 13:18:00;909402N262;2231;4.623;33;233;232;232;235;3.319;50.01;481.1;4.343;639.3;0.125;644.5;0.155;60;0;0;3.244;3.341;3.372;720;747;762;50.01;50.01;50.01;4352;1000;0.0;0;1.0000;0;2;4623;4623;4623
60;2014-12-31 13:19:00;909402N262;2008;4.657;33;233;232;232;235;3.018;50.01;496.8;3.786;633.2;0.112;641.4;0.138;60;0;0;2.950;3.038;3.066;649;672;685;50.01;50.01;50.01;4352;1000;0.0;0;1.0000;0;2;4657;4657;4657
60;2014-12-31 13:20:00;909402N262;2024;4.691;33;233;232;232;235;3.040;50.01;497.3;3.815;632.9;0.112;641.3;0.138;60;0;0;2.973;3.057;3.091;655;676;692;50.01;50.01;50.01;4352;1000;0.0;0;1.0000;0;2;4691;4691;4691
60;2014-12-31 13:21:00;909402N262;1547;4.717;33;233;232;231;236;2.403;50.02;494.8;2.932;616.2;0.087;634.8;0.105;60;0;0;2.335;2.424;2.452;497;517;531;50.02;50.02;50.02;4352;1000;0.0;0;1.0000;0;2;4717;4717;4717
60;2014-12-31 13:22:00;909402N262;1518;4.742;33;233;232;232;236;2.362;50.02;495.7;2.871;615.5;0.084;635.5;0.102;60;0;0;2.284;2.391;2.413;483;509;522;50.02;50.02;50.02;4352;1000;0.0;0;1.0000;0;2;4742;4742;4742
60;2014-12-31 13:23:00;909402N262;1499;4.766;34;233;232;232;236;2.337;50.01;496.3;2.838;614.1;0.084;636.5;0.101;60;0;0;2.267;2.359;2.386;479;503;515;50.01;50.01;50.01;4352;1000;0.0;0;1.0000;0;2;4766;4766;4766
60;2014-12-31 13:24:00;909402N262;1695;4.796;34;233;233;232;235;2.598;50.01;498.1;3.193;623.0;0.092;639.1;0.113;60;0;0;2.531;2.622;2.642;546;567;579;50.01;50.01;50.01;4352;1000;0.0;0;1.0000;0;2;4796;4796;4796
60;2014-12-31 13:25:00;909402N262;1720;4.825;34;233;233;232;235;2.629;50.01;498.2;3.239;622.5;0.093;638.2;0.115;60;0;0;2.562;2.652;2.675;554;576;588;50.01;50.01;50.01;4352;1000;0.0;0;1.0000;0;2;4825;4825;4825
60;2014-12-31 13:26:00;909402N262;1743;4.853;34;233;232;232;235;2.663;50.01;522.7;3.130;620.9;0.093;641.3;0.114;60;0;0;2.589;2.697;2.704;560;585;595;50.01;50.01;50.01;4352;1000;0.0;0;1.0000;0;2;4853;4853;4853
60;2014-12-31 13:27:00;909402N262;1666;4.881;34;233;232;232;236;2.559;50.01;527.2;2.972;618.1;0.088;639.1;0.108;60;0;0;2.484;2.585;2.608;534;559;572;50.01;50.01;50.01;4352;1000;0.0;0;1.0000;0;2;4881;4881;4881
60;2014-12-31 13:28:00;909402N262;1533;4.906;34;233;232;232;236;2.380;50.01;522.7;2.758;613.6;0.082;635.7;0.097;60;0;0;2.309;2.405;2.427;490;515;526;50.01;50.00;50.01;4352;1000;0.0;0;1.0000;0;2;4906;4906;4906
60;2014-12-31 13:29:00;909402N262;1600;4.933;34;233;232;232;236;2.470;50.01;520.8;2.894;614.4;0.084;641.8;0.101;60;0;0;2.393;2.488;2.530;511;535;552;50.01;50.01;50.01;4352;1000;0.0;0;1.0000;0;2;4933;4933;4933
60;2014-12-31 13:30:00;909402N262;1815;4.964;34;233;232;232;236;2.757;50.00;521.5;3.278;624.0;0.093;659.0;0.114;60;0;0;2.675;2.775;2.821;580;606;627;50.00;50.00;50.00;4352;1000;0.0;0;1.0000;0;2;4964;4964;4964
60;2014-12-31 13:31:00;909402N262;1866;4.995;34;233;232;232;237;2.830;49.97;518.1;3.397;616.8;0.097;663.0;0.119;60;0;0;2.752;2.853;2.885;599;622;643;49.97;49.97;49.97;4352;1000;0.0;0;1.0000;0;2;4995;4995;4995
60;2014-12-31 13:32:00;909402N262;2125;5.030;34;233;232;232;236;3.175;49.97;522.1;3.829;631.5;0.109;668.8;0.133;60;0;0;3.102;3.193;3.232;686;707;730;49.97;49.97;49.97;4352;1000;0.0;0;1.0000;0;2;5030;5030;5030
60;2014-12-31 13:33:00;909402N262;1746;5.059;34;233;231;232;236;2.668;49.98;520.1;3.156;620.3;0.090;663.8;0.109;60;0;0;2.582;2.702;2.721;557;586;601;49.98;49.98;49.98;4352;1000;0.0;0;1.0000;0;2;5059;5059;5059
60;2014-12-31 13:34:00;909402N262;1832;5.090;34;233;231;232;236;2.782;49.98;520.4;3.317;621.5;0.093;673.4;0.114;60;0;0;2.696;2.813;2.837;585;616;630;49.98;49.98;49.98;4352;1000;0.0;0;1.0000;0;2;5090;5090;5090
60;2014-12-31 13:35:00;909402N262;2236;5.127;34;233;231;233;236;3.325;49.99;520.2;4.048;635.1;0.112;695.6;0.137;60;0;0;3.232;3.375;3.370;716;756;762;49.99;49.99;49.99;4352;1000;0.0;0;1.0000;0;2;5127;5127;5127
60;2014-12-31 13:36:00;909402N262;1729;5.156;34;233;231;233;236;2.643;49.99;518.7;3.136;619.3;0.088;678.5;0.107;60;0;0;2.555;2.688;2.686;550;585;591;49.99;49.99;49.99;4352;1000;0.0;0;1.0000;0;2;5156;5156;5156
60;2014-12-31 13:37:00;909402N262;1765;5.186;34;234;232;233;236;2.688;50.00;519.0;3.198;620.4;0.090;681.2;0.110;60;0;0;2.606;2.729;2.731;564;595;603;50.00;50.00;50.00;4352;1000;0.0;0;1.0000;0;2;5186;5186;5186
60;2014-12-31 13:38:00;909402N262;1710;5.215;34;234;232;233;236;2.614;49.99;518.4;3.105;617.3;0.087;690.4;0.106;60;0;0;2.532;2.655;2.657;546;578;584;49.99;49.99;49.99;4352;1000;0.0;0;1.0000;0;2;5215;5215;5215
60;2014-12-31 13:39:00;909402N262;2305;5.252;34;234;232;232;236;3.416;50.00;519.8;4.175;633.8;0.115;705.3;0.143;60;0;0;3.335;3.433;3.480;743;770;791;50.00;50.00;50.00;4352;1000;0.0;0;1.0000;0;2;5252;5252;5252
60;2014-12-31 13:40:00;909402N262;2743;5.298;34;234;232;233;236;4.015;49.99;518.7;4.974;642.0;0.136;713.8;0.170;60;0;0;3.923;4.041;4.081;885;916;941;49.99;49.99;49.99;4352;1000;0.0;0;1.0000;0;2;5298;5298;5298
60;2014-12-31 13:41:00;909402N262;2445;5.338;34;233;231;233;236;3.613;50.01;516.9;4.445;638.4;0.122;708.8;0.152;60;0;0;3.518;3.643;3.679;784;819;840;50.01;50.01;50.01;4352;1000;0.0;0;1.0000;0;2;5338;5338;5338
60;2014-12-31 13:42:00;909402N262;2199;5.376;34;233;231;233;236;3.277;50.02;515.5;4.011;632.1;0.111;703.7;0.137;60;0;0;3.190;3.310;3.332;705;739;753;50.02;50.02;50.02;4352;1000;0.0;0;1.0000;0;2;5376;5376;5376
60;2014-12-31 13:43:00;909402N262;2597;5.419;34;233;232;233;236;3.817;50.01;514.3;4.745;640.2;0.129;712.7;0.163;60;0;0;3.732;3.841;3.878;838;870;888;50.01;50.01;50.01;4352;1000;0.0;0;1.0000;0;2;5419;5419;5419
60;2014-12-31 13:44:00;909402N262;2572;5.463;34;233;232;233;236;3.782;50.01;513.3;4.707;642.0;0.128;712.1;0.161;60;0;0;3.699;3.807;3.840;830;861;879;50.01;50.01;50.01;4352;1000;0.0;0;1.0000;0;2;5463;5463;5463
60;2014-12-31 13:45:00;909402N262;2574;5.504;34;234;232;233;236;3.782;50.03;512.7;4.717;639.4;0.130;712.2;0.163;60;0;0;3.703;3.802;3.843;832;860;880;50.03;50.03;50.03;4352;1000;0.0;0;1.0000;0;2;5504;5504;5504
60;2014-12-31 13:46:00;909402N262;2992;5.555;34;234;232;235;235;4.333;50.02;506.3;5.533;636.7;0.152;706.6;0.192;60;0;0;4.245;4.376;4.380;965;1006;1009;50.02;50.02;50.02;4352;1000;0.0;0;1.0000;0;2;5555;5555;5555
60;2014-12-31 13:47:00;909402N262;2936;5.602;34;234;233;234;235;4.277;50.02;508.7;5.423;647.1;0.148;719.8;0.186;60;0;0;4.201;4.311;4.319;954;986;994;50.02;50.02;50.02;4352;1000;0.0;0;1.0000;0;2;5602;5602;5602
60;2014-12-31 13:48:00;909402N262;3206;5.656;34;234;232;234;235;4.674;50.02;506.2;5.948;650.9;0.161;732.6;0.202;60;0;0;4.598;4.707;4.719;1044;1075;1085;50.02;50.02;50.02;4352;1000;0.0;0;1.0000;0;2;5656;5656;5656
60;2014-12-31 13:49:00;909402N262;3276;5.710;35;234;232;234;235;4.791;50.02;503.6;6.104;656.7;0.164;742.4;0.205;60;0;0;4.713;4.833;4.827;1066;1101;1107;50.02;50.02;50.02;4352;1000;0.0;0;1.0000;0;2;5710;5710;5710
60;2014-12-31 13:50:00;909402N262;3276;5.764;35;234;232;234;235;4.777;50.02;502.7;6.123;657.8;0.165;736.6;0.206;60;0;0;4.703;4.817;4.812;1068;1099;1107;50.02;50.02;50.02;4352;1000;0.0;0;1.0000;0;2;5764;5764;5764
60;2014-12-31 13:51:00;909402N262;3224;5.820;35;234;233;234;235;4.705;50.01;501.0;6.040;657.2;0.162;732.0;0.203;60;0;0;4.628;4.748;4.740;1051;1081;1090;50.01;50.01;50.01;4352;1000;0.0;0;1.0000;0;2;5820;5820;5820
60;2014-12-31 13:52:00;909402N262;3019;5.869;35;234;233;233;235;4.406;50.02;522.1;5.425;647.3;0.153;719.1;0.192;60;0;0;4.341;4.436;4.443;987;1011;1019;50.02;50.02;50.02;4352;1000;0.0;0;1.0000;0;2;5869;5869;5869
60;2014-12-31 13:53:00;909402N262;3039;5.920;35;234;233;233;235;4.431;50.01;524.2;5.440;648.6;0.153;716.5;0.192;60;0;0;4.360;4.459;4.475;991;1016;1029;50.01;50.01;50.01;4352;1000;0.0;0;1.0000;0;2;5920;5920;5920
60;2014-12-31 13:54:00;909402N262;3015;5.970;35;233;233;233;235;4.430;50.01;512.7;5.524;647.1;0.152;741.9;0.183;60;0;0;4.360;4.452;4.478;984;1006;1023;50.01;50.01;50.01;4352;1000;0.0;0;1.0000;0;2;5970;5970;5970
60;2014-12-31 13:55:00;909402N262;2749;6.015;35;233;232;232;235;4.042;50.01;510.3;5.064;643.6;0.136;726.1;0.169;60;0;0;3.978;4.057;4.091;897;915;935;50.01;50.01;50.01;4352;1000;0.0;0;1.0000;0;2;6015;6015;6015
60;2014-12-31 13:56:00;909402N262;3084;6.068;35;233;232;233;236;4.501;50.00;510.3;5.683;649.9;0.152;727.8;0.190;60;0;0;4.426;4.521;4.557;1004;1028;1050;50.00;50.00;50.00;4352;1000;0.0;0;1.0000;0;2;6068;6068;6068
60;2014-12-31 13:57:00;909402N262;3051;6.118;35;233;232;233;235;4.457;50.00;509.9;5.626;647.3;0.151;730.3;0.188;60;0;0;4.381;4.488;4.504;993;1020;1035;50.00;50.00;50.00;4352;1000;0.0;0;1.0000;0;2;6118;6118;6118
60;2014-12-31 13:58:00;909402N262;3204;6.171;35;234;233;234;235;4.695;49.99;526.2;5.728;647.7;0.157;748.8;0.193;60;0;0;4.627;4.738;4.722;1047;1077;1078;49.99;49.99;49.99;4352;1000;0.0;0;1.0000;0;2;6171;6171;6171
60;2014-12-31 13:59:00;909402N262;3270;6.227;35;234;233;234;235;4.784;49.99;544.9;5.646;648.1;0.159;745.7;0.194;60;0;0;4.715;4.826;4.811;1069;1099;1101;49.99;49.99;49.99;4352;1000;0.0;0;1.0000;0;2;6227;6227;6227
[wr_ende]
