20140704;180000;danfoss;My Plant;+0100
[wr_def_start]
909402N262;Inverter Type;Inverter Group;Hanzl
[wr_def_end]
[wr]
INTERVAL;TIMESTAMP;SERIAL;P_AC;E_DAY;T_WR;U_AC;U_AC_1;U_AC_2;U_AC_3;I_AC;F_AC;U_DC_1;I_DC_1;U_DC_2;I_DC_2;U_DC_3;I_DC_3;S;E_WR;M_WR;I_AC_1;I_AC_2;I_AC_3;P_AC_1;P_AC_2;P_AC_3;F_AC_1;F_AC_2;F_AC_3;R_DC;PC;PCS;PCS_LL;COS_PHI;COS_PHI_LL;S_COS_PHI;Current_Day_Energy;current_Day_Offset;ccEnergyOfDay_WithoutOffset
60;2014-07-04 17:01:00;909402N262;6236;61.728;51;234;234;232;235;8.928;49.99;544.5;4.762;624.9;2.680;757.0;2.741;60;0;0;8.902;8.924;8.960;2078;2059;2097;49.99;49.99;49.99;5168;1000;0.0;0;0.0000;0;0;61728;61728;61728
60;2014-07-04 17:02:00;909402N262;6217;61.832;51;234;235;232;235;8.870;50.01;540.9;4.750;629.6;2.658;764.3;2.709;60;0;0;8.833;8.856;8.922;2067;2054;2094;50.01;50.01;50.01;5168;1000;0.0;0;0.0000;0;0;61832;61832;61832
60;2014-07-04 17:03:00;909402N262;6133;61.934;51;234;235;233;235;8.743;50.01;507.9;5.003;629.3;2.617;763.7;2.669;60;0;0;8.697;8.739;8.793;2036;2031;2064;50.01;50.01;50.01;5168;1000;0.0;0;0.0000;0;0;61934;61934;61934
60;2014-07-04 17:04:00;909402N262;6097;62.035;51;234;235;234;235;8.687;50.01;508.4;4.968;629.1;2.602;764.0;2.654;60;0;0;8.639;8.705;8.719;2023;2028;2045;50.01;50.01;50.01;5168;1000;0.0;0;0.0000;0;0;62035;62035;62035
60;2014-07-04 17:05:00;909402N262;6027;62.136;51;234;235;233;235;8.589;50.01;509.5;4.901;629.4;2.571;764.1;2.621;60;0;0;8.545;8.602;8.620;2001;2002;2022;50.01;50.01;50.01;5168;1000;0.0;0;0.0000;0;0;62136;62136;62136
60;2014-07-04 17:06:00;909402N262;6145;62.238;51;234;235;233;235;8.755;49.99;508.4;5.003;629.6;2.624;765.1;2.673;60;0;0;8.714;8.767;8.784;2042;2042;2060;49.99;49.99;49.99;5168;1000;0.0;0;0.0000;0;0;62238;62238;62238
60;2014-07-04 17:07:00;909402N262;6318;62.344;51;234;235;233;235;9.000;49.99;507.4;5.144;629.9;2.696;765.7;2.753;60;0;0;8.960;9.014;9.026;2099;2099;2117;49.99;49.99;49.99;5168;1000;0.0;0;0.0000;0;0;62344;62344;62344
60;2014-07-04 17:08:00;909402N262;6357;62.450;51;235;235;233;235;9.052;49.99;507.6;5.172;629.5;2.713;764.9;2.775;60;0;0;9.025;9.061;9.072;2115;2111;2129;49.99;49.99;49.99;5168;1000;0.0;0;0.0000;0;0;62450;62450;62450
60;2014-07-04 17:09:00;909402N262;6324;62.557;51;234;235;234;235;9.009;49.99;508.6;5.136;629.7;2.699;764.8;2.760;60;0;0;8.978;9.022;9.029;2103;2102;2117;49.99;49.99;49.99;5168;1000;0.0;0;0.0000;0;0;62557;62557;62557
60;2014-07-04 17:10:00;909402N262;6242;62.661;51;234;235;233;235;8.906;49.99;509.1;5.065;629.4;2.665;764.3;2.726;60;0;0;8.886;8.899;8.934;2080;2066;2095;49.99;49.99;49.99;5168;1000;0.0;0;0.0000;0;0;62661;62661;62661
60;2014-07-04 17:11:00;909402N262;6177;62.764;51;234;235;233;235;8.802;49.99;509.6;5.007;628.9;2.639;763.8;2.699;60;0;0;8.772;8.805;8.829;2055;2049;2071;49.99;49.99;49.99;5168;1000;0.0;0;0.0000;0;0;62764;62764;62764
60;2014-07-04 17:12:00;909402N262;6148;62.866;51;234;235;233;235;8.763;49.99;509.4;4.981;628.1;2.631;764.0;2.688;60;0;0;8.742;8.760;8.787;2047;2037;2062;49.99;49.99;49.99;5168;1000;0.0;0;0.0000;0;0;62866;62866;62866
60;2014-07-04 17:13:00;909402N262;6143;62.968;51;234;235;233;235;8.758;49.99;510.3;4.966;628.4;2.628;764.4;2.684;60;0;0;8.732;8.765;8.778;2044;2039;2059;49.99;49.99;49.99;5168;1000;0.0;0;0.0000;0;0;62968;62968;62968
60;2014-07-04 17:14:00;909402N262;6076;63.070;51;234;235;234;235;8.662;49.99;511.5;4.897;629.1;2.598;764.2;2.655;60;0;0;8.631;8.678;8.678;2019;2022;2033;49.99;49.99;49.99;5168;1000;0.0;0;0.0000;0;0;63070;63070;63070
60;2014-07-04 17:15:00;909402N262;5999;63.170;51;234;234;233;235;8.557;49.99;512.5;4.822;630.0;2.564;765.3;2.620;60;0;0;8.521;8.564;8.588;1991;1993;2013;49.99;49.99;49.99;5168;1000;0.0;0;0.0000;0;0;63170;63170;63170
60;2014-07-04 17:16:00;909402N262;5784;63.266;50;234;235;234;235;8.248;49.98;512.2;4.675;617.9;2.500;764.5;2.552;60;0;0;8.203;8.267;8.274;1919;1924;1939;49.98;49.98;49.98;5168;1000;0.0;0;0.0000;0;0;63266;63266;63266
60;2014-07-04 17:17:00;909402N262;5835;63.364;50;235;235;234;235;8.317;49.99;517.4;4.657;631.1;2.487;766.7;2.535;60;0;0;8.269;8.350;8.333;1933;1948;1951;49.99;49.99;49.99;5168;1000;0.0;0;0.0000;0;0;63364;63364;63364
60;2014-07-04 17:18:00;909402N262;6015;63.464;50;234;235;234;235;8.570;49.99;517.3;4.796;631.7;2.559;768.2;2.616;60;0;0;8.539;8.577;8.595;1999;1997;2016;49.99;49.99;49.99;5168;1000;0.0;0;0.0000;0;0;63464;63464;63464
60;2014-07-04 17:19:00;909402N262;5950;63.564;50;235;235;234;235;8.472;49.99;518.6;4.727;630.6;2.537;767.1;2.592;60;0;0;8.438;8.481;8.498;1977;1977;1994;49.99;49.99;49.99;5168;1000;0.0;0;0.0000;0;0;63564;63564;63564
60;2014-07-04 17:20:00;909402N262;5879;63.661;50;234;235;233;235;8.380;49.99;519.3;4.644;629.7;2.517;766.0;2.571;60;0;0;8.340;8.390;8.411;1951;1952;1973;49.99;49.99;49.99;5168;1000;0.0;0;0.0000;0;0;63661;63661;63661
60;2014-07-04 17:21:00;909402N262;5810;63.758;50;234;235;233;235;8.285;49.98;496.8;4.796;629.0;2.494;766.1;2.542;60;0;0;8.261;8.281;8.314;1932;1926;1950;49.98;49.98;49.98;5168;1000;0.0;0;0.0000;0;0;63758;63758;63758
60;2014-07-04 17:22:00;909402N262;5902;63.856;50;235;235;233;236;8.406;49.99;497.2;4.865;629.8;2.530;766.7;2.584;60;0;0;8.392;8.401;8.425;1967;1955;1979;49.99;49.99;49.99;5168;1000;0.0;0;0.0000;0;0;63856;63856;63856
60;2014-07-04 17:23:00;909402N262;5884;63.955;50;235;235;233;236;8.383;49.98;497.3;4.848;630.1;2.521;767.2;2.575;60;0;0;8.360;8.377;8.412;1958;1949;1976;49.98;49.98;49.98;5168;1000;0.0;0;0.0000;0;0;63955;63955;63955
60;2014-07-04 17:24:00;909402N262;5857;64.052;50;235;235;234;235;8.339;49.98;497.2;4.826;630.2;2.509;766.9;2.563;60;0;0;8.288;8.362;8.368;1940;1951;1963;49.98;49.98;49.98;5168;1000;0.0;0;0.0000;0;0;64052;64052;64052
60;2014-07-04 17:25:00;909402N262;5837;64.149;50;235;235;234;236;8.308;49.97;497.4;4.809;630.1;2.500;766.2;2.555;60;0;0;8.281;8.307;8.337;1940;1934;1960;49.97;49.97;49.97;5168;1000;0.0;0;0.0000;0;0;64149;64149;64149
60;2014-07-04 17:26:00;909402N262;5817;64.247;50;235;235;234;236;8.278;49.98;497.5;4.793;630.1;2.491;765.7;2.548;60;0;0;8.255;8.273;8.307;1934;1926;1954;49.98;49.98;49.98;5168;1000;0.0;0;0.0000;0;0;64247;64247;64247
60;2014-07-04 17:27:00;909402N262;5791;64.343;50;235;235;234;236;8.248;49.99;498.1;4.764;630.3;2.478;765.9;2.536;60;0;0;8.219;8.240;8.285;1924;1917;1948;49.99;49.99;49.99;5168;1000;0.0;0;0.0000;0;0;64343;64343;64343
60;2014-07-04 17:28:00;909402N262;5783;64.440;50;235;235;234;236;8.234;50.00;500.0;4.743;631.4;2.469;767.3;2.527;60;0;0;8.193;8.235;8.274;1918;1917;1946;50.00;50.00;50.00;5168;1000;0.0;0;0.0000;0;0;64440;64440;64440
60;2014-07-04 17:29:00;909402N262;5745;64.536;50;235;235;234;236;8.176;49.99;502.0;4.696;632.3;2.448;768.2;2.506;60;0;0;8.142;8.189;8.199;1907;1910;1927;49.99;49.99;49.99;5168;1000;0.0;0;0.0000;0;0;64536;64536;64536
60;2014-07-04 17:30:00;909402N262;5714;64.630;50;235;235;234;236;8.135;49.99;502.7;4.664;631.9;2.435;768.0;2.494;60;0;0;8.105;8.145;8.157;1898;1899;1916;49.99;49.99;49.99;5168;1000;0.0;0;0.0000;0;0;64630;64630;64630
60;2014-07-04 17:31:00;909402N262;5641;64.724;50;235;235;234;236;8.030;49.99;502.3;4.637;620.2;2.438;762.9;2.493;60;0;0;8.002;8.028;8.060;1872;1874;1893;49.99;49.99;49.99;5168;1000;0.0;0;0.0000;0;0;64724;64724;64724
60;2014-07-04 17:32:00;909402N262;5661;64.819;50;235;235;234;235;8.064;50.00;503.6;4.614;631.4;2.416;767.3;2.472;60;0;0;8.018;8.091;8.085;1874;1889;1896;50.00;50.00;50.00;5168;1000;0.0;0;0.0000;0;0;64819;64819;64819
60;2014-07-04 17:33:00;909402N262;5644;64.913;50;235;235;234;236;8.038;49.99;504.2;4.590;631.6;2.407;767.5;2.465;60;0;0;7.997;8.046;8.071;1872;1874;1896;50.00;50.00;50.00;5168;1000;0.0;0;0.0000;0;0;64913;64913;64913
60;2014-07-04 17:34:00;909402N262;5617;65.006;50;235;235;234;236;7.995;50.00;504.8;4.561;632.2;2.395;767.7;2.454;60;0;0;7.956;8.012;8.017;1863;1869;1882;50.00;50.00;50.00;5168;1000;0.0;0;0.0000;0;0;65006;65006;65006
60;2014-07-04 17:35:00;909402N262;5553;65.099;50;235;235;234;236;7.905;49.98;506.2;4.498;632.8;2.362;767.6;2.426;60;0;0;7.863;7.917;7.936;1841;1846;1864;49.98;49.98;49.98;5168;1000;0.0;0;0.0000;0;0;65099;65099;65099
60;2014-07-04 17:36:00;909402N262;5498;65.191;50;235;235;234;236;7.828;49.99;508.6;4.434;633.4;2.336;768.5;2.399;60;0;0;7.776;7.855;7.854;1818;1832;1846;49.99;49.99;49.99;5168;1000;0.0;0;0.0000;0;0;65191;65191;65191
60;2014-07-04 17:37:00;909402N262;5424;65.281;50;235;235;234;236;7.729;49.99;514.5;4.309;633.4;2.310;768.6;2.373;60;0;0;7.675;7.757;7.757;1793;1807;1822;49.99;49.99;49.99;5168;1000;0.0;0;0.0000;0;0;65281;65281;65281
60;2014-07-04 17:38:00;909402N262;5335;65.369;50;235;235;234;236;7.603;49.99;494.0;4.402;633.6;2.275;768.9;2.337;60;0;0;7.556;7.621;7.632;1766;1775;1792;49.99;49.99;49.99;5168;1000;0.0;0;0.0000;0;0;65369;65369;65369
60;2014-07-04 17:39:00;909402N262;5313;65.459;50;235;235;234;236;7.565;50.00;492.2;4.401;634.5;2.262;770.1;2.324;60;0;0;7.519;7.591;7.586;1758;1771;1782;50.00;50.00;50.00;5168;1000;0.0;0;0.0000;0;0;65459;65459;65459
60;2014-07-04 17:40:00;909402N262;5216;65.545;50;235;235;234;236;7.430;50.01;493.2;4.316;635.2;2.216;770.6;2.278;60;0;0;7.384;7.452;7.455;1727;1736;1751;50.01;50.01;50.01;5168;1000;0.0;0;0.0000;0;0;65545;65545;65545
60;2014-07-04 17:41:00;909402N262;5211;65.632;50;235;235;234;236;7.428;50.00;493.2;4.312;635.6;2.212;771.3;2.273;60;0;0;7.381;7.450;7.453;1725;1735;1749;50.00;50.00;50.00;5168;1000;0.0;0;0.0000;0;0;65632;65632;65632
60;2014-07-04 17:42:00;909402N262;5192;65.719;50;235;235;234;236;7.399;50.00;493.2;4.296;635.1;2.205;771.2;2.265;60;0;0;7.359;7.414;7.424;1721;1726;1742;50.00;50.00;50.00;5168;1000;0.0;0;0.0000;0;0;65719;65719;65719
60;2014-07-04 17:43:00;909402N262;5169;65.804;50;235;234;235;236;7.368;50.00;493.6;4.276;634.8;2.196;770.6;2.257;60;0;0;7.307;7.404;7.394;1704;1729;1734;50.00;50.00;50.00;5168;1000;0.0;0;0.0000;0;0;65804;65804;65804
60;2014-07-04 17:44:00;909402N262;5149;65.890;50;235;235;234;236;7.342;49.99;494.3;4.254;634.7;2.189;770.5;2.248;60;0;0;7.295;7.362;7.369;1704;1714;1728;49.99;49.99;49.99;5168;1000;0.0;0;0.0000;0;0;65890;65890;65890
60;2014-07-04 17:45:00;909402N262;5107;65.975;50;235;235;234;236;7.277;49.99;494.3;4.217;634.6;2.171;771.2;2.228;60;0;0;7.239;7.297;7.295;1693;1700;1711;49.99;49.99;49.99;5168;1000;0.0;0;0.0000;0;0;65975;65975;65975
60;2014-07-04 17:46:00;909402N262;5021;66.058;50;235;235;234;236;7.154;49.99;491.2;4.180;620.8;2.168;771.5;2.207;60;0;0;7.117;7.160;7.185;1664;1670;1684;49.99;49.99;49.99;5168;1000;0.0;0;0.0000;0;0;66058;66058;66058
60;2014-07-04 17:47:00;909402N262;5010;66.142;50;235;235;234;236;7.169;49.99;495.2;4.135;634.8;2.130;770.6;2.184;60;0;0;7.123;7.186;7.198;1658;1668;1683;49.99;49.99;49.99;5168;1000;0.0;0;0.0000;0;0;66142;66142;66142
60;2014-07-04 17:48:00;909402N262;4949;66.224;50;235;235;234;236;7.076;49.99;495.8;4.077;634.3;2.105;770.6;2.158;60;0;0;7.039;7.085;7.105;1641;1644;1662;49.99;49.99;49.99;5168;1000;0.0;0;0.0000;0;0;66224;66224;66224
60;2014-07-04 17:49:00;909402N262;4908;66.307;50;235;235;234;236;7.023;49.98;496.2;4.042;634.2;2.087;771.3;2.139;60;0;0;6.990;7.028;7.051;1628;1629;1649;49.98;49.98;49.98;5168;1000;0.0;0;0.0000;0;0;66307;66307;66307
60;2014-07-04 17:50:00;909402N262;4907;66.388;50;235;235;234;236;7.019;49.98;496.8;4.035;634.1;2.087;770.9;2.139;60;0;0;6.979;7.028;7.051;1626;1630;1649;49.98;49.98;49.98;5168;1000;0.0;0;0.0000;0;0;66388;66388;66388
60;2014-07-04 17:51:00;909402N262;4910;66.471;50;235;235;235;236;7.024;49.99;497.8;4.030;634.5;2.088;770.9;2.141;60;0;0;6.970;7.058;7.045;1622;1642;1645;49.99;49.99;49.99;5168;1000;0.0;0;0.0000;0;0;66471;66471;66471
60;2014-07-04 17:52:00;909402N262;4908;66.553;50;235;235;235;236;7.012;49.99;498.4;4.021;634.7;2.086;771.1;2.140;60;0;0;6.956;7.048;7.032;1621;1642;1644;49.99;49.99;49.99;5168;1000;0.0;0;0.0000;0;0;66553;66553;66553
60;2014-07-04 17:53:00;909402N262;4875;66.632;50;235;234;235;236;6.971;50.00;500.6;3.973;635.3;2.071;771.6;2.126;60;0;0;6.892;7.023;6.998;1599;1639;1636;50.00;50.00;50.00;5168;1000;0.0;0;0.0000;0;0;66632;66632;66632
60;2014-07-04 17:54:00;909402N262;4800;66.713;49;235;234;235;236;6.866;49.99;507.3;3.845;635.3;2.044;771.6;2.098;60;0;0;6.792;6.929;6.879;1576;1617;1606;49.99;49.99;49.99;5168;1000;0.0;0;0.0000;0;0;66713;66713;66713
60;2014-07-04 17:55:00;909402N262;4741;66.793;49;235;234;235;236;6.789;50.01;493.9;3.885;635.6;2.024;771.6;2.079;60;0;0;6.720;6.828;6.821;1559;1588;1593;50.01;50.01;50.01;5168;1000;0.0;0;0.0000;0;0;66793;66793;66793
60;2014-07-04 17:56:00;909402N262;4696;66.870;49;235;234;235;236;6.717;50.02;488.2;3.893;635.8;2.004;771.6;2.058;60;0;0;6.650;6.746;6.757;1544;1570;1581;50.02;50.02;50.02;5168;1000;0.0;0;0.0000;0;0;66870;66870;66870
60;2014-07-04 17:57:00;909402N262;4684;66.949;49;235;235;235;236;6.696;50.01;488.9;3.879;636.7;1.996;772.3;2.052;60;0;0;6.636;6.724;6.728;1545;1563;1575;50.01;50.01;50.01;5168;1000;0.0;0;0.0000;0;0;66949;66949;66949
60;2014-07-04 17:58:00;909402N262;4652;67.027;49;235;235;235;236;6.644;50.02;489.1;3.852;636.6;1.981;771.8;2.039;60;0;0;6.595;6.668;6.671;1537;1550;1562;50.02;50.02;50.02;5168;1000;0.0;0;0.0000;0;0;67027;67027;67027
60;2014-07-04 17:59:00;909402N262;4632;67.105;49;235;235;235;236;6.618;50.03;489.9;3.831;636.9;1.970;772.0;2.031;60;0;0;6.574;6.641;6.641;1533;1543;1555;50.03;50.03;50.03;5168;1000;0.0;0;0.0000;0;0;67105;67105;67105
60;2014-07-04 18:00:00;909402N262;4594;67.181;49;236;236;235;237;6.550;50.02;490.4;3.795;636.9;1.953;771.9;2.014;60;0;0;6.503;6.576;6.573;1519;1533;1541;50.02;50.02;50.02;5168;1000;0.0;0;0.0000;0;0;67181;67181;67181
[wr_ende]
