20141222;120002;danfoss;My Plant;+0100
[wr_def_start]
909402N262;Inverter Type;Inverter Group;Hanzl
[wr_def_end]
[wr]
INTERVAL;TIMESTAMP;SERIAL;P_AC;E_DAY;T_WR;U_AC;U_AC_1;U_AC_2;U_AC_3;I_AC;F_AC;U_DC_1;I_DC_1;U_DC_2;I_DC_2;U_DC_3;I_DC_3;S;E_WR;M_WR;I_AC_1;I_AC_2;I_AC_3;P_AC_1;P_AC_2;P_AC_3;F_AC_1;F_AC_2;F_AC_3;R_DC;PC;PCS;PCS_LL;COS_PHI;COS_PHI_LL;S_COS_PHI;Current_Day_Energy;current_Day_Offset;ccEnergyOfDay_WithoutOffset
60;2014-12-22 11:01:00;909402N262;1920;3.856;39;232;232;232;231;2.951;49.97;554.4;1.695;660.8;0.702;793.4;0.675;60;0;0;2.902;2.983;2.968;628;648;642;49.97;49.97;49.97;934;1000;0.0;0;1.0000;0;2;3856;3856;3856
60;2014-12-22 11:02:00;909402N262;1881;3.887;39;232;232;232;232;2.904;49.97;557.6;1.650;669.6;0.684;794.7;0.655;60;0;0;2.852;2.938;2.922;615;634;630;49.97;49.97;49.97;934;1000;0.0;0;1.0000;0;2;3887;3887;3887
60;2014-12-22 11:03:00;909402N262;1880;3.919;39;232;232;231;233;2.903;49.96;556.0;1.671;667.9;0.673;794.8;0.651;60;0;0;2.847;2.941;2.923;613;633;632;49.96;49.96;49.96;934;1000;0.0;0;1.0000;0;2;3919;3919;3919
60;2014-12-22 11:04:00;909402N262;1752;3.948;39;232;232;232;232;2.733;49.96;555.7;1.511;664.9;0.660;794.6;0.615;60;0;0;2.675;2.766;2.758;570;590;590;49.96;49.96;49.96;934;1000;0.0;0;1.0000;0;2;3948;3948;3948
60;2014-12-22 11:05:00;909402N262;1643;3.975;39;232;231;232;232;2.591;49.96;554.9;1.389;659.9;0.649;794.7;0.576;60;0;0;2.526;2.641;2.608;530;559;552;49.96;49.96;49.96;934;1000;0.0;0;1.0000;0;2;3975;3975;3975
60;2014-12-22 11:06:00;909402N262;1582;4.002;39;231;230;232;232;2.516;49.97;553.2;1.327;658.7;0.638;794.6;0.554;60;0;0;2.443;2.563;2.543;507;539;535;49.97;49.97;49.97;934;1000;0.0;0;1.0000;0;2;4002;4002;4002
60;2014-12-22 11:07:00;909402N262;1564;4.028;39;231;230;232;233;2.491;49.98;550.9;1.314;664.7;0.627;794.7;0.548;60;0;0;2.418;2.538;2.518;500;533;529;49.98;49.98;49.98;934;1000;0.0;0;1.0000;0;2;4028;4028;4028
60;2014-12-22 11:08:00;909402N262;1570;4.054;39;231;231;231;232;2.500;49.97;549.7;1.323;670.8;0.623;794.6;0.551;60;0;0;2.437;2.535;2.529;506;531;532;49.97;49.97;49.97;934;1000;0.0;0;1.0000;0;2;4054;4054;4054
60;2014-12-22 11:09:00;909402N262;1602;4.081;39;232;231;232;232;2.540;49.99;548.5;1.353;680.9;0.625;794.6;0.564;60;0;0;2.474;2.586;2.561;517;544;539;49.99;49.99;49.99;934;1000;0.0;0;1.0000;0;2;4081;4081;4081
60;2014-12-22 11:10:00;909402N262;1657;4.109;39;231;232;231;231;2.611;49.99;548.0;1.400;666.7;0.658;794.6;0.585;60;0;0;2.561;2.646;2.626;540;560;555;49.99;49.99;49.99;934;1000;0.0;0;1.0000;0;2;4109;4109;4109
60;2014-12-22 11:11:00;909402N262;1728;4.137;39;231;232;231;232;2.704;49.99;548.1;1.461;659.6;0.691;794.7;0.611;60;0;0;2.653;2.738;2.723;563;582;580;49.99;49.99;49.99;934;1000;0.0;0;1.0000;0;2;4137;4137;4137
60;2014-12-22 11:12:00;909402N262;1788;4.167;39;232;232;231;232;2.781;49.99;547.9;1.516;660.0;0.713;794.7;0.633;60;0;0;2.727;2.810;2.808;584;601;602;49.99;49.99;49.99;934;1000;0.0;0;1.0000;0;2;4167;4167;4167
60;2014-12-22 11:13:00;909402N262;1834;4.198;39;232;231;231;233;2.844;50.00;548.0;1.555;660.1;0.731;794.7;0.651;60;0;0;2.781;2.875;2.878;594;615;622;50.00;50.00;50.00;934;1000;0.0;0;1.0000;0;2;4198;4198;4198
60;2014-12-22 11:14:00;909402N262;1901;4.230;39;231;231;231;233;2.935;50.01;548.4;1.617;661.4;0.751;794.9;0.674;60;0;0;2.872;2.965;2.968;617;638;644;50.01;50.01;50.01;934;1000;0.0;0;1.0000;0;2;4230;4230;4230
60;2014-12-22 11:15:00;909402N262;2012;4.264;39;232;231;231;233;3.083;50.00;549.5;1.732;667.5;0.764;795.1;0.718;60;0;0;3.010;3.117;3.123;651;676;684;50.00;50.00;50.00;934;1000;0.0;0;1.0000;0;2;4264;4264;4264
60;2014-12-22 11:16:00;909402N262;2109;4.299;39;232;231;231;233;3.207;50.00;546.5;1.866;653.7;0.780;794.3;0.764;60;0;0;3.147;3.233;3.243;686;707;714;50.00;50.00;50.00;934;1000;0.0;0;1.0000;0;2;4299;4299;4299
60;2014-12-22 11:17:00;909402N262;2520;4.342;39;232;231;232;234;3.780;50.00;553.9;2.399;680.8;0.782;780.4;0.883;60;0;0;3.707;3.819;3.814;818;849;851;50.00;50.00;50.00;934;1000;0.0;0;1.0000;0;2;4342;4342;4342
60;2014-12-22 11:18:00;909402N262;3455;4.398;39;232;231;232;233;5.102;49.99;558.3;3.804;673.5;0.836;757.9;1.076;60;0;0;5.029;5.145;5.132;1130;1161;1161;49.99;49.99;49.99;934;1000;0.0;0;1.0000;0;2;4398;4398;4398
60;2014-12-22 11:19:00;909402N262;3211;4.452;39;232;231;232;233;4.759;49.99;554.5;3.419;662.1;0.841;754.9;1.056;60;0;0;4.684;4.805;4.790;1048;1079;1081;49.99;49.99;49.99;934;1000;0.0;0;1.0000;0;2;4452;4452;4452
60;2014-12-22 11:20:00;909402N262;3323;4.508;39;232;232;232;232;4.914;50.00;553.5;3.586;663.7;0.848;758.3;1.079;60;0;0;4.853;4.952;4.939;1091;1116;1114;50.00;50.00;50.00;934;1000;0.0;0;1.0000;0;2;4508;4508;4508
60;2014-12-22 11:21:00;909402N262;3439;4.565;39;232;232;232;233;5.071;49.99;554.6;3.756;664.5;0.858;751.0;1.108;60;0;0;5.005;5.100;5.109;1127;1150;1159;49.99;49.99;49.99;934;1000;0.0;0;1.0000;0;2;4565;4565;4565
60;2014-12-22 11:22:00;909402N262;3450;4.622;39;232;232;232;232;5.091;49.99;572.1;3.637;663.8;0.868;767.7;1.095;60;0;0;5.034;5.123;5.118;1135;1157;1157;49.99;49.99;49.99;934;1000;0.0;0;1.0000;0;2;4622;4622;4622
60;2014-12-22 11:23:00;909402N262;3729;4.684;39;232;231;232;234;5.477;49.99;564.0;4.122;665.9;0.882;782.4;1.110;60;0;0;5.398;5.511;5.523;1219;1248;1260;49.99;49.99;49.99;934;1000;0.0;0;1.0000;0;2;4684;4684;4684
60;2014-12-22 11:24:00;909402N262;3530;4.744;39;232;232;232;232;5.204;49.99;562.2;3.786;662.3;0.888;775.9;1.106;60;0;0;5.133;5.254;5.226;1157;1186;1183;49.99;49.99;49.99;934;1000;0.0;0;1.0000;0;2;4744;4744;4744
60;2014-12-22 11:25:00;909402N262;2971;4.794;39;232;232;232;233;4.421;49.99;565.1;2.847;653.3;0.892;759.9;1.072;60;0;0;4.349;4.456;4.458;970;997;1002;49.99;49.99;49.99;934;1000;0.0;0;1.0000;0;2;4794;4794;4794
60;2014-12-22 11:26:00;909402N262;3032;4.843;39;232;232;232;233;4.505;50.00;563.0;2.919;653.9;0.913;762.4;1.085;60;0;0;4.430;4.545;4.541;990;1017;1023;50.00;50.00;50.00;934;1000;0.0;0;1.0000;0;2;4843;4843;4843
60;2014-12-22 11:27:00;909402N262;3069;4.895;39;232;232;231;233;4.558;49.99;561.6;2.956;653.9;0.930;767.2;1.093;60;0;0;4.502;4.572;4.601;1007;1022;1037;49.99;49.99;49.99;934;1000;0.0;0;1.0000;0;2;4895;4895;4895
60;2014-12-22 11:28:00;909402N262;3141;4.947;39;232;232;232;234;4.656;50.00;560.1;3.033;655.1;0.941;767.9;1.123;60;0;0;4.595;4.680;4.695;1031;1046;1060;50.00;50.00;50.00;934;1000;0.0;0;1.0000;0;2;4947;4947;4947
60;2014-12-22 11:29:00;909402N262;3420;5.004;39;233;232;232;234;5.038;50.01;557.5;3.485;659.7;0.951;774.8;1.158;60;0;0;4.964;5.057;5.094;1118;1140;1159;50.01;50.01;50.01;934;1000;0.0;0;1.0000;0;2;5004;5004;5004
60;2014-12-22 11:30:00;909402N262;3121;5.056;39;232;232;231;234;4.630;50.00;559.1;3.012;654.5;0.938;766.3;1.121;60;0;0;4.555;4.653;4.682;1019;1041;1058;50.00;50.00;50.00;934;1000;0.0;0;1.0000;0;2;5056;5056;5056
60;2014-12-22 11:31:00;909402N262;2709;5.101;39;232;232;231;234;4.049;49.99;559.4;2.490;632.1;0.926;753.7;1.022;60;0;0;3.982;4.069;4.097;885;902;920;49.99;49.99;49.99;934;1000;0.0;0;1.0000;0;2;5101;5101;5101
60;2014-12-22 11:32:00;909402N262;2197;5.139;39;232;232;232;234;3.327;49.99;576.5;1.779;653.5;0.858;795.1;0.793;60;0;0;3.253;3.361;3.368;712;737;746;49.99;49.99;49.99;934;1000;0.0;0;1.0000;0;2;5139;5139;5139
60;2014-12-22 11:33:00;909402N262;2101;5.173;40;232;232;232;233;3.195;49.99;576.3;1.687;654.9;0.839;795.3;0.753;60;0;0;3.124;3.241;3.220;681;710;708;49.99;49.99;49.99;934;1000;0.0;0;1.0000;0;2;5173;5173;5173
60;2014-12-22 11:34:00;909402N262;2082;5.207;40;232;231;233;233;3.171;49.98;576.9;1.673;654.8;0.832;795.3;0.744;60;0;0;3.095;3.217;3.202;673;704;703;49.98;49.98;49.98;934;1000;0.0;0;1.0000;0;2;5207;5207;5207
60;2014-12-22 11:35:00;909402N262;2014;5.242;40;232;231;232;233;3.084;49.99;564.8;1.638;652.3;0.829;795.3;0.713;60;0;0;3.006;3.138;3.110;649;684;679;49.99;49.99;49.99;934;1000;0.0;0;1.0000;0;2;5242;5242;5242
60;2014-12-22 11:36:00;909402N262;2111;5.276;40;232;231;232;233;3.213;49.99;572.7;1.711;656.2;0.845;795.2;0.750;60;0;0;3.131;3.259;3.251;680;713;715;49.99;49.99;49.99;934;1000;0.0;0;1.0000;0;2;5276;5276;5276
60;2014-12-22 11:37:00;909402N262;2301;5.315;40;232;231;232;233;3.472;49.99;573.9;1.893;664.2;0.876;795.1;0.824;60;0;0;3.394;3.514;3.509;745;776;779;49.99;49.99;49.99;934;1000;0.0;0;1.0000;0;2;5315;5315;5315
60;2014-12-22 11:38:00;909402N262;2567;5.358;40;232;232;232;233;3.832;49.99;574.2;2.152;656.2;0.939;795.4;0.933;60;0;0;3.760;3.873;3.865;835;864;866;49.99;49.99;49.99;934;1000;0.0;0;1.0000;0;2;5358;5358;5358
60;2014-12-22 11:39:00;909402N262;2942;5.407;40;232;231;232;234;4.355;50.01;576.1;2.543;648.7;1.019;794.4;1.070;60;0;0;4.284;4.388;4.394;958;988;994;50.01;50.01;50.01;934;1000;0.0;0;1.0000;0;2;5407;5407;5407
60;2014-12-22 11:40:00;909402N262;3344;5.462;40;233;231;233;234;4.914;50.01;578.7;2.975;656.1;1.079;792.7;1.205;60;0;0;4.829;4.949;4.965;1089;1121;1132;50.01;50.01;50.01;934;1000;0.0;0;1.0000;0;2;5462;5462;5462
60;2014-12-22 11:41:00;909402N262;3680;5.524;40;233;232;232;234;5.386;50.01;578.5;3.374;660.6;1.126;790.8;1.306;60;0;0;5.309;5.409;5.441;1204;1229;1246;50.01;50.01;50.01;934;1000;0.0;0;1.0000;0;2;5524;5524;5524
60;2014-12-22 11:42:00;909402N262;3781;5.587;40;233;232;232;234;5.529;50.01;577.6;3.490;661.2;1.141;790.0;1.342;60;0;0;5.454;5.547;5.587;1239;1261;1280;50.01;50.01;50.01;934;1000;0.0;0;1.0000;0;2;5587;5587;5587
60;2014-12-22 11:43:00;909402N262;3590;5.646;40;232;231;232;234;5.259;50.01;575.3;3.262;657.8;1.119;795.4;1.285;60;0;0;5.171;5.282;5.325;1170;1197;1222;50.01;50.01;50.01;934;1000;0.0;0;1.0000;0;2;5646;5646;5646
60;2014-12-22 11:44:00;909402N262;2798;5.692;40;232;231;232;235;4.151;50.01;571.3;2.340;654.4;1.028;795.3;1.027;60;0;0;4.071;4.178;4.205;907;935;952;50.01;50.01;50.01;934;1000;0.0;0;1.0000;0;2;5692;5692;5692
60;2014-12-22 11:45:00;909402N262;2549;5.735;40;233;232;232;234;3.805;50.01;571.6;2.117;664.1;0.940;795.2;0.929;60;0;0;3.740;3.835;3.842;831;853;863;50.01;50.01;50.01;934;1000;0.0;0;1.0000;0;2;5735;5735;5735
60;2014-12-22 11:46:00;909402N262;2431;5.775;40;232;231;232;234;3.638;49.99;567.7;2.045;653.5;0.890;789.7;0.895;60;0;0;3.571;3.669;3.675;789;819;821;49.99;49.99;49.99;934;1000;0.0;0;1.0000;0;2;5775;5775;5775
60;2014-12-22 11:47:00;909402N262;2494;5.817;40;232;231;232;234;3.731;50.00;572.3;2.151;663.4;0.847;795.1;0.915;60;0;0;3.653;3.774;3.768;807;841;843;50.00;50.00;50.00;934;1000;0.0;0;1.0000;0;2;5817;5817;5817
60;2014-12-22 11:48:00;909402N262;2390;5.856;40;232;232;231;234;3.594;49.99;572.5;2.055;640.2;0.848;794.9;0.874;60;0;0;3.525;3.625;3.634;778;800;811;49.99;49.99;49.99;934;1000;0.0;0;1.0000;0;2;5856;5856;5856
60;2014-12-22 11:49:00;909402N262;2545;5.899;40;232;231;233;234;3.803;49.99;573.7;2.265;646.0;0.839;795.0;0.921;60;0;0;3.726;3.842;3.842;825;858;860;49.99;49.99;49.99;934;1000;0.0;0;1.0000;0;2;5899;5899;5899
60;2014-12-22 11:50:00;909402N262;2558;5.942;40;232;231;233;233;3.824;50.00;574.0;2.284;647.7;0.828;795.1;0.926;60;0;0;3.747;3.868;3.857;830;863;863;50.00;50.00;50.00;934;1000;0.0;0;1.0000;0;2;5942;5942;5942
60;2014-12-22 11:51:00;909402N262;2265;5.980;40;232;231;233;234;3.420;50.00;572.0;1.938;664.1;0.782;794.6;0.829;60;0;0;3.341;3.465;3.454;732;765;765;50.00;50.00;50.00;934;1000;0.0;0;1.0000;0;2;5980;5980;5980
60;2014-12-22 11:52:00;909402N262;2210;6.016;40;233;232;233;234;3.340;50.00;571.4;1.888;665.9;0.763;794.9;0.811;60;0;0;3.267;3.379;3.375;716;746;747;50.00;50.00;50.00;934;1000;0.0;0;1.0000;0;2;6016;6016;6016
60;2014-12-22 11:53:00;909402N262;2164;6.052;40;233;232;233;234;3.278;50.00;570.9;1.864;666.4;0.737;794.8;0.793;60;0;0;3.206;3.319;3.311;702;730;730;50.00;50.00;50.00;934;1000;0.0;0;1.0000;0;2;6052;6052;6052
60;2014-12-22 11:54:00;909402N262;2012;6.087;40;233;232;233;233;3.073;50.00;570.8;1.716;663.8;0.701;795.1;0.735;60;0;0;3.008;3.121;3.090;654;681;675;50.00;50.00;50.00;934;1000;0.0;0;1.0000;0;2;6087;6087;6087
60;2014-12-22 11:55:00;909402N262;1812;6.117;40;233;232;233;233;2.810;49.99;571.0;1.514;658.6;0.667;794.8;0.659;60;0;0;2.747;2.853;2.831;587;613;610;49.99;49.99;49.99;934;1000;0.0;0;1.0000;0;2;6117;6117;6117
60;2014-12-22 11:56:00;909402N262;1577;6.143;40;233;232;233;234;2.499;49.99;567.1;1.285;649.8;0.630;794.7;0.567;60;0;0;2.430;2.539;2.528;506;535;533;49.99;49.99;49.99;934;1000;0.0;0;1.0000;0;2;6143;6143;6143
60;2014-12-22 11:57:00;909402N262;1478;6.167;40;233;232;233;234;2.373;50.00;558.8;1.220;647.5;0.596;795.2;0.532;60;0;0;2.311;2.412;2.397;475;502;499;50.00;50.00;50.00;934;1000;0.0;0;1.0000;0;2;6167;6167;6167
60;2014-12-22 11:58:00;909402N262;1410;6.191;40;233;232;234;234;2.283;50.01;558.1;1.166;647.9;0.563;795.4;0.509;60;0;0;2.226;2.319;2.305;454;478;476;50.01;50.01;50.01;934;1000;0.0;0;1.0000;0;2;6191;6191;6191
60;2014-12-22 11:59:00;909402N262;1274;6.212;40;233;232;233;234;2.114;50.01;549.4;1.047;643.4;0.537;795.6;0.456;60;0;0;2.051;2.148;2.144;407;433;433;50.01;50.01;50.01;934;1000;0.0;0;1.0000;0;2;6212;6212;6212
60;2014-12-22 12:00:00;909402N262;1252;6.233;40;233;232;233;234;2.090;49.99;546.4;1.022;662.1;0.522;795.6;0.448;60;0;0;2.034;2.123;2.115;401;425;423;49.99;49.99;49.99;934;1000;0.0;0;1.0000;0;2;6233;6233;6233
[wr_ende]
