20141121;120004;danfoss;My Plant;+0100
[wr_def_start]
909402N262;Inverter Type;Inverter Group;Hanzl
[wr_def_end]
[wr]
INTERVAL;TIMESTAMP;SERIAL;P_AC;E_DAY;T_WR;U_AC;U_AC_1;U_AC_2;U_AC_3;I_AC;F_AC;U_DC_1;I_DC_1;U_DC_2;I_DC_2;U_DC_3;I_DC_3;S;E_WR;M_WR;I_AC_1;I_AC_2;I_AC_3;P_AC_1;P_AC_2;P_AC_3;F_AC_1;F_AC_2;F_AC_3;R_DC;PC;PCS;PCS_LL;COS_PHI;COS_PHI_LL;S_COS_PHI;Current_Day_Energy;current_Day_Offset;ccEnergyOfDay_WithoutOffset
60;2014-11-21 11:01:00;909402N262;584;1.053;32;232;232;231;233;1.388;49.98;560.8;0.440;608.3;0.235;782.5;0.260;60;0;0;1.363;1.393;1.408;183;197;200;49.98;49.98;49.98;12504;1000;0.0;0;1.0000;0;2;1053;1053;1053
60;2014-11-21 11:02:00;909402N262;597;1.064;33;232;231;232;233;1.397;49.97;566.4;0.441;630.7;0.233;782.5;0.261;60;0;0;1.372;1.401;1.420;188;202;205;49.97;49.97;49.97;12504;1000;0.0;0;1.0000;0;2;1064;1064;1064
60;2014-11-21 11:03:00;909402N262;596;1.074;33;232;231;231;233;1.393;49.99;565.3;0.442;627.9;0.235;784.9;0.260;60;0;0;1.362;1.399;1.419;186;202;205;49.99;49.99;49.99;12504;1000;0.0;0;1.0000;0;2;1074;1074;1074
60;2014-11-21 11:04:00;909402N262;597;1.083;33;232;231;231;234;1.392;49.99;564.8;0.443;622.6;0.237;785.0;0.260;60;0;0;1.365;1.402;1.410;187;204;204;49.99;49.99;49.99;12504;1000;0.0;0;1.0000;0;2;1083;1083;1083
60;2014-11-21 11:05:00;909402N262;604;1.094;33;232;232;232;233;1.405;49.99;565.1;0.449;623.4;0.240;785.0;0.264;60;0;0;1.377;1.416;1.424;190;205;206;50.00;49.99;50.00;12504;1000;0.0;0;1.0000;0;2;1094;1094;1094
60;2014-11-21 11:06:00;909402N262;625;1.103;33;232;232;232;233;1.403;49.99;565.5;0.463;624.7;0.248;791.4;0.271;60;0;0;1.370;1.412;1.428;195;213;215;49.99;49.99;49.99;12504;1000;0.0;0;1.0000;0;2;1103;1103;1103
60;2014-11-21 11:07:00;909402N262;659;1.115;33;232;231;232;233;1.423;49.99;567.6;0.484;626.3;0.259;793.1;0.286;60;0;0;1.386;1.438;1.447;206;224;226;49.99;49.99;49.99;12504;1000;0.0;0;1.0000;0;2;1115;1115;1115
60;2014-11-21 11:08:00;909402N262;699;1.126;33;232;231;232;233;1.455;50.00;567.8;0.511;628.6;0.275;794.3;0.303;60;0;0;1.417;1.471;1.479;219;238;240;50.00;50.00;50.00;12504;1000;0.0;0;1.0000;0;2;1126;1126;1126
60;2014-11-21 11:09:00;909402N262;741;1.139;33;232;232;232;233;1.495;50.01;569.2;0.539;630.4;0.291;794.7;0.322;60;0;0;1.453;1.513;1.520;233;252;255;50.01;50.01;50.01;12504;1000;0.0;0;1.0000;0;2;1139;1139;1139
60;2014-11-21 11:10:00;909402N262;779;1.152;33;232;232;232;233;1.533;50.00;570.0;0.565;632.4;0.305;794.4;0.339;60;0;0;1.492;1.552;1.557;245;265;266;50.00;50.00;50.00;12504;1000;0.0;0;1.0000;0;2;1152;1152;1152
60;2014-11-21 11:11:00;909402N262;795;1.166;33;232;231;232;233;1.549;49.99;570.6;0.577;632.3;0.311;794.8;0.346;60;0;0;1.506;1.572;1.570;250;272;271;49.99;49.99;49.99;12504;1000;0.0;0;1.0000;0;2;1166;1166;1166
60;2014-11-21 11:12:00;909402N262;793;1.179;33;232;231;233;233;1.548;49.99;570.5;0.577;632.4;0.311;794.7;0.344;60;0;0;1.504;1.572;1.568;250;272;269;49.99;49.99;49.99;12504;1000;0.0;0;1.0000;0;2;1179;1179;1179
60;2014-11-21 11:13:00;909402N262;784;1.191;33;232;232;233;233;1.539;49.99;570.6;0.570;632.5;0.307;794.6;0.339;60;0;0;1.496;1.564;1.557;247;270;265;49.99;49.99;49.99;12504;1000;0.0;0;1.0000;0;2;1191;1191;1191
60;2014-11-21 11:14:00;909402N262;780;1.205;33;232;231;232;233;1.533;49.98;570.3;0.567;630.6;0.306;794.8;0.339;60;0;0;1.490;1.554;1.555;245;267;265;49.98;49.98;49.98;12504;1000;0.0;0;1.0000;0;2;1205;1205;1205
60;2014-11-21 11:15:00;909402N262;786;1.217;33;232;231;232;233;1.540;49.99;570.4;0.569;631.3;0.308;794.7;0.341;60;0;0;1.495;1.562;1.564;247;269;268;49.99;49.99;49.99;12504;1000;0.0;0;1.0000;0;2;1217;1217;1217
60;2014-11-21 11:16:00;909402N262;791;1.231;33;232;232;232;233;1.537;49.99;566.9;0.577;613.5;0.317;785.8;0.349;60;0;0;1.494;1.555;1.564;249;270;270;49.99;49.99;49.99;12504;1000;0.0;0;1.0000;0;2;1231;1231;1231
60;2014-11-21 11:17:00;909402N262;829;1.246;33;232;232;232;233;1.584;50.00;571.8;0.596;638.6;0.324;795.2;0.360;60;0;0;1.544;1.604;1.605;263;282;282;50.00;50.00;50.00;12504;1000;0.0;0;1.0000;0;2;1246;1246;1246
60;2014-11-21 11:18:00;909402N262;853;1.259;33;232;232;232;233;1.608;50.01;572.2;0.614;639.3;0.334;795.5;0.370;60;0;0;1.569;1.628;1.629;270;290;290;50.01;50.01;50.01;12504;1000;0.0;0;1.0000;0;2;1259;1259;1259
60;2014-11-21 11:19:00;909402N262;864;1.273;33;232;232;232;233;1.621;50.00;572.2;0.622;640.2;0.337;795.4;0.374;60;0;0;1.577;1.644;1.644;273;294;294;50.00;50.00;50.00;12504;1000;0.0;0;1.0000;0;2;1273;1273;1273
60;2014-11-21 11:20:00;909402N262;865;1.287;33;232;232;232;233;1.624;50.00;572.0;0.624;639.3;0.337;795.3;0.375;60;0;0;1.580;1.645;1.647;274;295;294;50.00;50.00;50.00;12504;1000;0.0;0;1.0000;0;2;1287;1287;1287
60;2014-11-21 11:21:00;909402N262;848;1.302;33;232;232;232;233;1.604;49.99;571.6;0.613;637.0;0.331;795.2;0.368;60;0;0;1.557;1.627;1.630;267;289;289;49.99;49.99;49.99;12504;1000;0.0;0;1.0000;0;2;1302;1302;1302
60;2014-11-21 11:22:00;909402N262;829;1.316;34;232;232;232;233;1.588;49.99;571.4;0.599;637.9;0.324;794.8;0.360;60;0;0;1.539;1.613;1.612;260;284;283;49.99;49.99;49.99;12504;1000;0.0;0;1.0000;0;2;1316;1316;1316
60;2014-11-21 11:23:00;909402N262;831;1.331;34;232;231;233;233;1.588;49.98;571.7;0.599;635.7;0.326;794.9;0.361;60;0;0;1.542;1.615;1.609;262;286;282;49.98;49.98;49.98;12504;1000;0.0;0;1.0000;0;2;1331;1331;1331
60;2014-11-21 11:24:00;909402N262;832;1.343;34;232;232;233;233;1.588;49.99;571.6;0.599;634.2;0.328;795.2;0.363;60;0;0;1.548;1.612;1.606;264;285;282;49.99;49.99;49.99;12504;1000;0.0;0;1.0000;0;2;1343;1343;1343
60;2014-11-21 11:25:00;909402N262;842;1.358;34;232;232;232;232;1.597;49.98;571.9;0.607;632.1;0.333;795.3;0.366;60;0;0;1.557;1.623;1.613;268;289;284;49.98;49.98;49.98;12504;1000;0.0;0;1.0000;0;2;1358;1358;1358
60;2014-11-21 11:26:00;909402N262;839;1.372;34;232;232;232;232;1.594;49.99;571.8;0.605;632.9;0.332;795.3;0.363;60;0;0;1.558;1.614;1.612;267;286;284;49.99;49.99;49.99;12504;1000;0.0;0;1.0000;0;2;1372;1372;1372
60;2014-11-21 11:27:00;909402N262;837;1.386;34;232;232;232;233;1.595;49.99;571.6;0.604;632.7;0.331;794.9;0.363;60;0;0;1.557;1.617;1.612;266;286;283;49.99;49.99;49.99;12504;1000;0.0;0;1.0000;0;2;1386;1386;1386
60;2014-11-21 11:28:00;909402N262;843;1.400;34;232;232;232;233;1.600;50.00;571.5;0.609;632.9;0.333;795.3;0.365;60;0;0;1.561;1.623;1.618;267;288;286;50.00;50.00;50.00;12504;1000;0.0;0;1.0000;0;2;1400;1400;1400
60;2014-11-21 11:29:00;909402N262;855;1.413;34;232;232;232;233;1.613;50.00;571.6;0.618;635.8;0.336;795.4;0.370;60;0;0;1.570;1.638;1.633;271;292;290;50.00;50.00;50.00;12504;1000;0.0;0;1.0000;0;2;1413;1413;1413
60;2014-11-21 11:30:00;909402N262;870;1.428;34;232;231;232;234;1.628;50.01;572.1;0.628;638.1;0.340;795.4;0.376;60;0;0;1.582;1.655;1.649;274;297;296;50.01;50.01;50.01;12504;1000;0.0;0;1.0000;0;2;1428;1428;1428
60;2014-11-21 11:31:00;909402N262;875;1.443;34;233;232;232;234;1.633;50.00;568.1;0.635;628.3;0.348;785.0;0.384;60;0;0;1.584;1.652;1.665;276;298;300;50.00;50.00;50.00;12504;1000;0.0;0;1.0000;0;2;1443;1443;1443
60;2014-11-21 11:32:00;909402N262;883;1.457;34;233;232;232;234;1.652;49.99;572.5;0.636;637.6;0.345;794.9;0.382;60;0;0;1.600;1.668;1.689;278;299;304;49.99;49.99;49.99;12504;1000;0.0;0;1.0000;0;2;1457;1457;1457
60;2014-11-21 11:33:00;909402N262;881;1.472;34;233;232;232;234;1.651;49.98;572.5;0.635;637.5;0.345;795.1;0.381;60;0;0;1.602;1.671;1.681;279;300;301;49.98;49.98;49.98;12504;1000;0.0;0;1.0000;0;2;1472;1472;1472
60;2014-11-21 11:34:00;909402N262;873;1.487;34;233;232;232;234;1.640;49.99;572.4;0.629;637.4;0.342;795.1;0.377;60;0;0;1.591;1.656;1.673;276;297;299;49.99;49.99;49.99;12504;1000;0.0;0;1.0000;0;2;1487;1487;1487
60;2014-11-21 11:35:00;909402N262;857;1.501;34;233;232;232;234;1.621;49.97;573.0;0.618;637.4;0.335;794.9;0.371;60;0;0;1.574;1.639;1.651;270;291;293;49.97;49.97;49.97;12504;1000;0.0;0;1.0000;0;2;1501;1501;1501
60;2014-11-21 11:36:00;909402N262;842;1.515;34;233;232;232;233;1.606;49.98;573.0;0.607;634.2;0.332;794.9;0.365;60;0;0;1.564;1.626;1.629;267;287;286;49.98;49.98;49.98;12504;1000;0.0;0;1.0000;0;2;1515;1515;1515
60;2014-11-21 11:37:00;909402N262;837;1.530;34;233;232;233;234;1.604;49.97;572.4;0.604;631.6;0.331;794.7;0.363;60;0;0;1.548;1.631;1.633;262;287;286;49.97;49.97;49.97;12504;1000;0.0;0;1.0000;0;2;1530;1530;1530
60;2014-11-21 11:38:00;909402N262;823;1.544;34;233;231;233;234;1.588;49.99;571.7;0.597;637.6;0.322;794.9;0.356;60;0;0;1.532;1.613;1.619;257;283;282;49.99;49.99;49.99;12504;1000;0.0;0;1.0000;0;2;1544;1544;1544
60;2014-11-21 11:39:00;909402N262;865;1.558;34;233;232;233;234;1.632;49.99;571.9;0.627;638.6;0.336;795.0;0.374;60;0;0;1.580;1.656;1.662;272;296;296;49.99;49.99;49.99;12504;1000;0.0;0;1.0000;0;2;1558;1558;1558
60;2014-11-21 11:40:00;909402N262;903;1.573;34;233;232;233;234;1.674;50.00;572.9;0.653;641.8;0.349;795.3;0.390;60;0;0;1.618;1.699;1.705;284;309;309;50.00;50.00;50.00;12504;1000;0.0;0;1.0000;0;2;1573;1573;1573
60;2014-11-21 11:41:00;909402N262;926;1.588;34;233;232;232;234;1.699;49.99;572.9;0.669;641.5;0.358;795.2;0.401;60;0;0;1.649;1.721;1.728;293;315;316;49.99;49.99;49.99;12504;1000;0.0;0;1.0000;0;2;1588;1588;1588
60;2014-11-21 11:42:00;909402N262;938;1.603;34;233;232;233;234;1.711;50.00;573.3;0.678;641.6;0.363;795.2;0.406;60;0;0;1.665;1.732;1.738;298;318;320;50.00;50.00;50.00;12504;1000;0.0;0;1.0000;0;2;1603;1603;1603
60;2014-11-21 11:43:00;909402N262;942;1.620;34;233;233;233;234;1.718;50.00;573.1;0.681;641.9;0.365;795.0;0.408;60;0;0;1.669;1.739;1.746;299;320;321;50.00;50.00;50.00;12504;1000;0.0;0;1.0000;0;2;1620;1620;1620
60;2014-11-21 11:44:00;909402N262;937;1.635;34;233;233;233;234;1.710;49.99;573.1;0.678;640.7;0.363;795.1;0.405;60;0;0;1.666;1.730;1.736;298;317;319;49.99;49.99;49.99;12504;1000;0.0;0;1.0000;0;2;1635;1635;1635
60;2014-11-21 11:45:00;909402N262;920;1.650;34;233;233;233;234;1.694;50.00;572.3;0.666;633.8;0.361;795.2;0.397;60;0;0;1.651;1.711;1.720;293;312;314;50.00;50.00;50.00;12504;1000;0.0;0;1.0000;0;2;1650;1650;1650
60;2014-11-21 11:46:00;909402N262;889;1.665;35;233;232;233;234;1.652;49.99;568.1;0.652;611.5;0.360;789.3;0.390;60;0;0;1.600;1.678;1.679;280;303;303;49.99;49.99;49.99;12504;1000;0.0;0;1.0000;0;2;1665;1665;1665
60;2014-11-21 11:47:00;909402N262;892;1.680;35;233;232;233;234;1.652;49.99;573.3;0.644;640.2;0.347;795.5;0.386;60;0;0;1.603;1.678;1.675;282;304;303;49.99;49.99;49.99;12504;1000;0.0;0;1.0000;0;2;1680;1680;1680
60;2014-11-21 11:48:00;909402N262;900;1.694;35;233;233;233;233;1.661;49.98;573.5;0.648;635.6;0.353;795.2;0.389;60;0;0;1.615;1.690;1.679;285;308;304;49.98;49.98;49.98;12504;1000;0.0;0;1.0000;0;2;1694;1694;1694
60;2014-11-21 11:49:00;909402N262;914;1.711;35;233;233;233;233;1.676;49.99;573.6;0.660;633.4;0.360;795.3;0.395;60;0;0;1.634;1.702;1.692;291;312;309;49.99;49.99;49.99;12504;1000;0.0;0;1.0000;0;2;1711;1711;1711
60;2014-11-21 11:50:00;909402N262;930;1.726;35;233;233;233;233;1.699;50.00;574.2;0.674;633.9;0.365;795.0;0.401;60;0;0;1.658;1.722;1.719;297;317;315;50.00;50.00;50.00;12504;1000;0.0;0;1.0000;0;2;1726;1726;1726
60;2014-11-21 11:51:00;909402N262;955;1.741;35;233;233;233;233;1.722;49.99;574.2;0.695;634.3;0.374;795.0;0.411;60;0;0;1.685;1.745;1.738;306;324;322;49.99;49.99;49.99;12504;1000;0.0;0;1.0000;0;2;1741;1741;1741
60;2014-11-21 11:52:00;909402N262;978;1.759;35;233;232;233;233;1.750;49.99;574.5;0.716;635.2;0.379;794.9;0.420;60;0;0;1.706;1.777;1.767;312;334;330;49.99;49.99;49.99;12504;1000;0.0;0;1.0000;0;2;1759;1759;1759
60;2014-11-21 11:53:00;909402N262;1004;1.775;35;233;232;233;233;1.779;49.99;574.9;0.738;636.1;0.386;794.8;0.431;60;0;0;1.730;1.812;1.795;320;344;339;49.99;49.99;49.99;12504;1000;0.0;0;1.0000;0;2;1775;1775;1775
60;2014-11-21 11:54:00;909402N262;1027;1.792;35;233;233;234;234;1.805;49.98;575.3;0.756;636.1;0.392;794.6;0.440;60;0;0;1.755;1.843;1.818;327;352;345;49.98;49.98;49.98;12504;1000;0.0;0;1.0000;0;2;1792;1792;1792
60;2014-11-21 11:55:00;909402N262;1028;1.809;35;233;232;234;234;1.808;49.99;575.9;0.757;636.3;0.392;794.6;0.441;60;0;0;1.755;1.840;1.831;326;351;348;49.99;49.99;49.99;12504;1000;0.0;0;1.0000;0;2;1809;1809;1809
60;2014-11-21 11:56:00;909402N262;1010;1.826;35;233;233;233;234;1.788;49.99;577.5;0.742;636.8;0.385;794.6;0.433;60;0;0;1.745;1.814;1.807;323;343;342;49.99;49.99;49.99;12504;1000;0.0;0;1.0000;0;2;1826;1826;1826
60;2014-11-21 11:57:00;909402N262;996;1.843;35;233;233;234;234;1.767;50.00;580.6;0.726;638.4;0.379;795.1;0.427;60;0;0;1.721;1.798;1.782;317;340;336;50.00;50.00;50.00;12504;1000;0.0;0;1.0000;0;2;1843;1843;1843
60;2014-11-21 11:58:00;909402N262;999;1.860;35;234;233;233;235;1.773;50.01;585.0;0.721;641.1;0.379;794.8;0.429;60;0;0;1.725;1.799;1.796;318;339;340;50.01;50.01;50.01;12504;1000;0.0;0;1.0000;0;2;1860;1860;1860
60;2014-11-21 11:59:00;909402N262;1015;1.876;35;234;232;235;235;1.791;50.00;583.9;0.733;643.8;0.384;794.6;0.437;60;0;0;1.732;1.833;1.810;320;350;343;50.00;50.00;50.00;12504;1000;0.0;0;1.0000;0;2;1876;1876;1876
60;2014-11-21 12:00:00;909402N262;1047;1.894;35;234;233;235;235;1.834;50.01;572.6;0.771;645.8;0.395;794.6;0.451;60;0;0;1.777;1.868;1.857;331;358;355;50.01;50.01;50.01;12504;1000;0.0;0;1.0000;0;2;1894;1894;1894
[wr_ende]
