20150305;130001;danfoss;My Plant;+0100
[wr_def_start]
909402N262;Inverter Type;Inverter Group;Hanzl
[wr_def_end]
[wr]
INTERVAL;TIMESTAMP;SERIAL;P_AC;E_DAY;T_WR;U_AC;U_AC_1;U_AC_2;U_AC_3;I_AC;F_AC;U_DC_1;I_DC_1;U_DC_2;I_DC_2;U_DC_3;I_DC_3;S;E_WR;M_WR;I_AC_1;I_AC_2;I_AC_3;P_AC_1;P_AC_2;P_AC_3;F_AC_1;F_AC_2;F_AC_3;R_DC;PC;PCS;PCS_LL;COS_PHI;COS_PHI_LL;S_COS_PHI;Current_Day_Energy;current_Day_Offset;ccEnergyOfDay_WithoutOffset
60;2015-03-05 12:01:00;909402N262;2435;11.583;39;232;232;233;232;3.655;49.95;580.2;1.703;659.1;1.029;791.0;0.999;60;0;0;3.585;3.708;3.673;795;823;817;49.95;49.95;49.95;19137;1000;0.0;0;1.0000;0;2;11583;11583;11583
60;2015-03-05 12:02:00;909402N262;2204;11.619;39;232;231;233;233;3.341;49.94;581.1;1.552;672.3;0.915;794.7;0.891;60;0;0;3.263;3.405;3.356;714;749;738;49.94;49.94;49.94;19137;1000;0.0;0;1.0000;0;2;11619;11619;11619
60;2015-03-05 12:03:00;909402N262;2427;11.660;39;233;232;233;233;3.660;49.95;583.2;1.710;674.4;0.978;792.9;0.983;60;0;0;3.587;3.707;3.686;789;820;815;49.95;49.95;49.95;19137;1000;0.0;0;1.0000;0;2;11660;11660;11660
60;2015-03-05 12:04:00;909402N262;1618;11.686;39;232;231;233;233;2.586;49.96;572.1;1.144;666.4;0.686;784.3;0.660;60;0;0;2.511;2.638;2.609;518;552;545;49.96;49.96;49.96;19137;1000;0.0;0;1.0000;0;2;11686;11686;11686
60;2015-03-05 12:05:00;909402N262;1733;11.716;39;233;231;234;233;2.713;49.96;572.7;1.201;668.3;0.744;792.6;0.707;60;0;0;2.638;2.776;2.726;557;593;580;49.96;49.96;49.96;19137;1000;0.0;0;1.0000;0;2;11716;11716;11716
60;2015-03-05 12:06:00;909402N262;2107;11.750;39;233;231;234;233;3.204;49.96;588.3;1.418;676.5;0.892;794.9;0.863;60;0;0;3.123;3.275;3.216;680;721;704;49.96;49.96;49.96;19137;1000;0.0;0;1.0000;0;2;11750;11750;11750
60;2015-03-05 12:07:00;909402N262;2444;11.791;39;233;232;233;233;3.662;49.98;591.7;1.653;680.9;1.018;795.1;0.998;60;0;0;3.590;3.720;3.676;795;830;818;49.98;49.98;49.98;19137;1000;0.0;0;1.0000;0;2;11791;11791;11791
60;2015-03-05 12:08:00;909402N262;3874;11.857;39;233;232;234;232;5.664;49.98;597.8;2.667;687.8;1.544;794.5;1.592;60;0;0;5.598;5.748;5.648;1275;1311;1287;49.98;49.98;49.98;19137;1000;0.0;0;1.0000;0;2;11857;11857;11857
60;2015-03-05 12:09:00;909402N262;2822;11.903;39;233;233;234;232;4.189;49.97;591.1;1.929;680.9;1.171;794.9;1.147;60;0;0;4.129;4.258;4.180;926;959;937;49.97;49.97;49.97;19137;1000;0.0;0;1.0000;0;2;11903;11903;11903
60;2015-03-05 12:10:00;909402N262;2454;11.944;39;233;231;234;233;3.671;49.98;588.8;1.659;677.3;1.031;795.1;1.004;60;0;0;3.589;3.748;3.678;794;840;818;49.98;49.98;49.98;19137;1000;0.0;0;1.0000;0;2;11944;11944;11944
60;2015-03-05 12:11:00;909402N262;2967;11.993;39;233;231;234;233;4.382;49.98;592.7;1.994;681.2;1.210;794.7;1.238;60;0;0;4.304;4.455;4.387;963;1014;987;49.98;49.98;49.98;19137;1000;0.0;0;1.0000;0;2;11993;11993;11993
60;2015-03-05 12:12:00;909402N262;2497;12.035;39;233;232;233;233;3.739;49.99;582.9;1.712;677.9;1.053;794.9;1.014;60;0;0;3.664;3.803;3.752;812;848;836;49.99;49.99;49.99;19137;1000;0.0;0;1.0000;0;2;12035;12035;12035
60;2015-03-05 12:13:00;909402N262;2468;12.076;39;232;232;233;232;3.702;49.98;583.1;1.665;676.9;1.042;794.8;1.020;60;0;0;3.646;3.756;3.704;808;836;821;49.98;49.98;49.98;19137;1000;0.0;0;1.0000;0;2;12076;12076;12076
60;2015-03-05 12:14:00;909402N262;2373;12.115;39;232;231;233;232;3.573;49.99;584.2;1.603;676.3;1.006;795.0;0.975;60;0;0;3.502;3.634;3.585;770;808;792;49.99;49.99;49.99;19137;1000;0.0;0;1.0000;0;2;12115;12115;12115
60;2015-03-05 12:15:00;909402N262;3162;12.168;39;231;230;232;232;4.683;49.97;594.7;2.158;684.6;1.285;795.0;1.291;60;0;0;4.591;4.762;4.698;1026;1074;1061;49.97;49.97;49.97;19137;1000;0.0;0;1.0000;0;2;12168;12168;12168
60;2015-03-05 12:16:00;909402N262;2364;12.208;39;232;230;233;232;3.556;49.97;580.2;1.650;666.6;0.986;793.7;0.970;60;0;0;3.474;3.622;3.574;763;805;792;49.97;49.97;49.97;19137;1000;0.0;0;1.0000;0;2;12208;12208;12208
60;2015-03-05 12:17:00;909402N262;2257;12.246;39;232;231;233;232;3.416;49.97;584.3;1.594;675.9;0.918;795.1;0.909;60;0;0;3.339;3.484;3.425;731;770;754;49.97;49.97;49.97;19137;1000;0.0;0;1.0000;0;2;12246;12246;12246
60;2015-03-05 12:18:00;909402N262;2142;12.282;39;232;232;233;231;3.253;49.98;585.4;1.524;673.3;0.861;795.1;0.863;60;0;0;3.218;3.287;3.256;704;725;711;49.98;49.98;49.98;19137;1000;0.0;0;1.0000;0;2;12282;12282;12282
60;2015-03-05 12:19:00;909402N262;2265;12.318;39;233;233;233;232;3.425;49.99;596.6;1.590;674.0;0.911;794.9;0.903;60;0;0;3.385;3.477;3.413;746;768;749;49.99;49.99;49.99;19137;1000;0.0;0;1.0000;0;2;12318;12318;12318
60;2015-03-05 12:20:00;909402N262;2000;12.352;39;233;233;233;232;3.061;50.01;592.0;1.417;671.9;0.806;795.4;0.795;60;0;0;3.001;3.114;3.069;652;679;666;50.01;50.01;50.01;19137;1000;0.0;0;1.0000;0;2;12352;12352;12352
60;2015-03-05 12:21:00;909402N262;1996;12.385;39;232;232;233;231;3.060;50.00;589.3;1.412;673.9;0.813;795.3;0.793;60;0;0;3.003;3.108;3.070;652;678;665;50.00;50.00;50.00;19137;1000;0.0;0;1.0000;0;2;12385;12385;12385
60;2015-03-05 12:22:00;909402N262;2088;12.421;39;232;232;233;231;3.184;50.02;590.9;1.446;676.6;0.864;795.1;0.836;60;0;0;3.133;3.234;3.187;684;709;693;50.02;50.02;50.02;19137;1000;0.0;0;1.0000;0;2;12421;12421;12421
60;2015-03-05 12:23:00;909402N262;2316;12.459;39;232;233;233;231;3.495;50.01;591.3;1.587;681.7;0.962;795.2;0.932;60;0;0;3.440;3.543;3.503;759;785;771;50.01;50.01;50.01;19137;1000;0.0;0;1.0000;0;2;12459;12459;12459
60;2015-03-05 12:24:00;909402N262;2621;12.503;39;233;233;233;232;3.909;50.01;591.5;1.796;685.6;1.083;795.7;1.057;60;0;0;3.860;3.959;3.910;863;886;870;50.01;50.01;50.01;19137;1000;0.0;0;1.0000;0;2;12503;12503;12503
60;2015-03-05 12:25:00;909402N262;2848;12.550;39;233;233;233;232;4.221;50.00;592.3;1.961;686.5;1.167;795.7;1.148;60;0;0;4.178;4.264;4.223;941;959;947;50.00;50.00;50.00;19137;1000;0.0;0;1.0000;0;2;12550;12550;12550
60;2015-03-05 12:26:00;909402N262;3596;12.610;39;233;234;233;232;5.253;49.99;593.9;2.501;689.9;1.430;795.1;1.466;60;0;0;5.230;5.296;5.233;1197;1210;1188;49.99;49.99;49.99;19137;1000;0.0;0;1.0000;0;2;12610;12610;12610
60;2015-03-05 12:27:00;909402N262;3767;12.673;39;233;234;234;232;5.494;49.99;596.1;2.625;690.1;1.517;794.7;1.501;60;0;0;5.458;5.549;5.475;1248;1269;1246;49.99;49.99;49.99;19137;1000;0.0;0;1.0000;0;2;12673;12673;12673
60;2015-03-05 12:28:00;909402N262;3241;12.727;39;230;230;231;230;4.805;49.99;595.9;2.220;687.1;1.322;795.7;1.313;60;0;0;4.755;4.868;4.793;1067;1098;1074;49.99;49.99;49.99;19137;1000;0.0;0;1.0000;0;2;12727;12727;12727
60;2015-03-05 12:29:00;909402N262;4217;12.797;39;233;232;234;232;6.133;49.99;594.6;2.933;691.2;1.669;795.3;1.729;60;0;0;6.094;6.199;6.107;1394;1428;1393;49.99;49.99;49.99;19137;1000;0.0;0;1.0000;0;2;12797;12797;12797
60;2015-03-05 12:30:00;909402N262;5099;12.882;39;234;234;234;233;7.350;49.98;593.9;3.556;693.8;2.017;794.8;2.075;60;0;0;7.324;7.415;7.313;1698;1716;1682;49.98;49.98;49.98;19137;1000;0.0;0;1.0000;0;2;12882;12882;12882
60;2015-03-05 12:31:00;909402N262;5077;12.967;39;233;234;234;232;7.327;49.97;588.1;3.540;676.9;2.033;786.7;2.156;60;0;0;7.331;7.368;7.282;1695;1708;1673;49.97;49.97;49.97;19137;1000;0.0;0;1.0000;0;2;12967;12967;12967
60;2015-03-05 12:32:00;909402N262;5552;13.060;39;234;234;234;233;7.985;49.97;590.8;3.912;695.2;2.173;795.4;2.268;60;0;0;7.946;8.067;7.942;1844;1874;1832;49.97;49.97;49.97;19137;1000;0.0;0;1.0000;0;2;13060;13060;13060
60;2015-03-05 12:33:00;909402N262;5126;13.146;39;234;234;235;233;7.381;49.97;589.9;3.608;693.5;2.020;794.8;2.089;60;0;0;7.343;7.444;7.357;1701;1728;1696;49.97;49.97;49.97;19137;1000;0.0;0;1.0000;0;2;13146;13146;13146
60;2015-03-05 12:34:00;909402N262;4722;13.224;39;233;234;234;232;6.830;49.97;589.2;3.322;692.0;1.881;794.6;1.914;60;0;0;6.790;6.893;6.808;1569;1592;1560;49.97;49.97;49.97;19137;1000;0.0;0;1.0000;0;2;13224;13224;13224
60;2015-03-05 12:35:00;909402N262;4209;13.294;39;233;233;234;233;6.104;49.98;591.6;2.926;689.3;1.696;794.9;1.706;60;0;0;6.050;6.167;6.095;1389;1422;1395;49.98;49.98;49.98;19137;1000;0.0;0;1.0000;0;2;13294;13294;13294
60;2015-03-05 12:36:00;909402N262;4869;13.375;39;234;234;234;233;7.021;50.01;590.2;3.426;691.8;1.932;794.5;1.983;60;0;0;6.986;7.058;7.021;1617;1634;1617;50.01;50.01;50.01;19137;1000;0.0;0;1.0000;0;2;13375;13375;13375
60;2015-03-05 12:37:00;909402N262;5051;13.459;39;233;233;234;233;7.290;50.00;589.4;3.560;692.0;2.003;794.6;2.053;60;0;0;7.231;7.355;7.285;1667;1702;1680;50.00;50.00;50.00;19137;1000;0.0;0;1.0000;0;2;13459;13459;13459
60;2015-03-05 12:38:00;909402N262;5865;13.556;39;234;232;235;234;8.430;49.99;588.0;4.169;693.2;2.304;795.4;2.390;60;0;0;8.333;8.515;8.442;1922;1983;1958;49.99;49.99;49.99;19137;1000;0.0;0;1.0000;0;2;13556;13556;13556
60;2015-03-05 12:39:00;909402N262;6291;13.661;39;233;232;235;234;9.037;49.99;586.6;4.488;692.9;2.460;795.6;2.572;60;0;0;8.923;9.156;9.032;2056;2137;2096;49.99;49.99;49.99;19137;1000;0.0;0;1.0000;0;2;13661;13661;13661
60;2015-03-05 12:40:00;909402N262;5141;13.748;40;233;232;234;233;7.428;49.99;587.0;3.678;689.2;2.016;794.5;2.081;60;0;0;7.337;7.527;7.422;1686;1738;1711;49.99;49.99;49.99;19137;1000;0.0;0;1.0000;0;2;13748;13748;13748
60;2015-03-05 12:41:00;909402N262;4232;13.819;40;233;233;234;233;6.151;49.99;588.2;3.037;685.3;1.655;794.6;1.705;60;0;0;6.085;6.211;6.157;1392;1426;1411;49.99;49.99;49.99;19137;1000;0.0;0;1.0000;0;2;13819;13819;13819
60;2015-03-05 12:42:00;909402N262;2575;13.862;40;233;232;233;233;3.842;49.99;574.1;1.894;676.4;1.034;795.2;1.018;60;0;0;3.772;3.897;3.858;840;872;861;49.99;49.99;49.99;19137;1000;0.0;0;1.0000;0;2;13862;13862;13862
60;2015-03-05 12:43:00;909402N262;2193;13.898;40;233;233;233;233;3.318;50.00;575.9;1.573;673.1;0.908;795.0;0.872;60;0;0;3.251;3.365;3.340;714;742;735;50.00;50.00;50.00;19137;1000;0.0;0;1.0000;0;2;13898;13898;13898
60;2015-03-05 12:44:00;909402N262;2217;13.935;40;233;233;233;232;3.354;50.01;576.8;1.551;676.1;0.935;795.0;0.890;60;0;0;3.303;3.402;3.358;728;750;737;50.01;50.01;50.01;19137;1000;0.0;0;1.0000;0;2;13935;13935;13935
60;2015-03-05 12:45:00;909402N262;2435;13.975;40;233;234;233;232;3.646;50.01;580.6;1.673;680.8;1.031;795.3;0.984;60;0;0;3.596;3.694;3.649;802;824;808;50.01;50.01;50.01;19137;1000;0.0;0;1.0000;0;2;13975;13975;13975
60;2015-03-05 12:46:00;909402N262;2748;14.021;40;233;233;234;232;4.073;50.01;593.4;1.869;667.0;1.171;794.5;1.128;60;0;0;4.016;4.128;4.076;903;930;913;50.01;50.01;50.01;19137;1000;0.0;0;1.0000;0;2;14021;14021;14021
60;2015-03-05 12:47:00;909402N262;3727;14.084;40;233;232;234;232;5.429;50.02;593.2;2.589;689.8;1.501;795.0;1.513;60;0;0;5.370;5.473;5.446;1225;1259;1243;50.02;50.02;50.02;19137;1000;0.0;0;1.0000;0;2;14084;14084;14084
60;2015-03-05 12:48:00;909402N262;4362;14.156;40;233;232;234;232;6.316;50.01;591.5;3.073;691.1;1.731;795.2;1.763;60;0;0;6.236;6.379;6.335;1432;1474;1455;50.01;50.01;50.01;19137;1000;0.0;0;1.0000;0;2;14156;14156;14156
60;2015-03-05 12:49:00;909402N262;4479;14.230;40;233;233;234;232;6.471;50.02;591.1;3.178;690.2;1.765;795.3;1.809;60;0;0;6.413;6.524;6.477;1480;1508;1488;50.02;50.02;50.02;19137;1000;0.0;0;1.0000;0;2;14230;14230;14230
60;2015-03-05 12:50:00;909402N262;4744;14.309;40;233;233;234;232;6.855;50.01;590.6;3.394;690.3;1.857;794.6;1.908;60;0;0;6.791;6.918;6.858;1565;1601;1576;50.01;50.01;50.01;19137;1000;0.0;0;1.0000;0;2;14309;14309;14309
60;2015-03-05 12:51:00;909402N262;4983;14.393;40;233;232;234;232;7.196;50.01;589.5;3.560;689.7;1.943;794.9;2.023;60;0;0;7.131;7.248;7.211;1640;1679;1662;50.01;50.01;50.01;19137;1000;0.0;0;1.0000;0;2;14393;14393;14393
60;2015-03-05 12:52:00;909402N262;4959;14.476;40;233;232;234;233;7.154;50.01;588.1;3.552;689.8;1.930;795.0;2.017;60;0;0;7.091;7.194;7.178;1633;1665;1659;50.01;50.01;50.01;19137;1000;0.0;0;1.0000;0;2;14476;14476;14476
60;2015-03-05 12:53:00;909402N262;4664;14.554;40;233;234;233;233;6.732;50.01;587.7;3.340;689.7;1.817;795.0;1.896;60;0;0;6.699;6.752;6.745;1549;1556;1557;50.01;50.01;50.01;19137;1000;0.0;0;1.0000;0;2;14554;14554;14554
60;2015-03-05 12:54:00;909402N262;4292;14.626;40;233;234;233;233;6.208;50.01;587.0;3.073;689.6;1.680;795.3;1.739;60;0;0;6.172;6.223;6.231;1424;1431;1436;50.01;50.01;50.01;19137;1000;0.0;0;1.0000;0;2;14626;14626;14626
60;2015-03-05 12:55:00;909402N262;3459;14.682;40;233;234;233;233;5.043;50.01;585.1;2.457;683.8;1.390;794.7;1.390;60;0;0;5.005;5.066;5.059;1146;1155;1155;50.01;50.01;50.01;19137;1000;0.0;0;1.0000;0;2;14682;14682;14682
60;2015-03-05 12:56:00;909402N262;3617;14.743;40;233;234;233;232;5.270;50.00;586.3;2.553;684.4;1.444;794.9;1.473;60;0;0;5.242;5.296;5.274;1203;1210;1202;50.00;50.00;50.00;19137;1000;0.0;0;1.0000;0;2;14743;14743;14743
60;2015-03-05 12:57:00;909402N262;3696;14.804;40;233;233;233;232;5.389;50.00;586.8;2.618;683.9;1.468;794.9;1.506;60;0;0;5.351;5.419;5.399;1226;1238;1230;50.00;50.00;50.00;19137;1000;0.0;0;1.0000;0;2;14804;14804;14804
60;2015-03-05 12:58:00;909402N262;3637;14.865;40;232;233;233;232;5.309;50.01;586.2;2.614;685.5;1.434;795.0;1.463;60;0;0;5.259;5.342;5.326;1201;1220;1214;50.01;50.01;50.01;19137;1000;0.0;0;1.0000;0;2;14865;14865;14865
60;2015-03-05 12:59:00;909402N262;3851;14.930;40;233;233;233;233;5.599;50.00;587.1;2.759;687.0;1.512;794.9;1.553;60;0;0;5.549;5.629;5.620;1273;1288;1287;50.00;50.00;50.00;19137;1000;0.0;0;1.0000;0;2;14930;14930;14930
60;2015-03-05 13:00:00;909402N262;3611;14.990;40;232;233;232;232;5.271;49.98;587.3;2.569;685.4;1.435;794.9;1.461;60;0;0;5.229;5.284;5.301;1196;1204;1210;49.98;49.98;49.98;19137;1000;0.0;0;1.0000;0;2;14990;14990;14990
[wr_ende]
