20150307;170000;danfoss;My Plant;+0100
[wr_def_start]
909402N262;Inverter Type;Inverter Group;Hanzl
[wr_def_end]
[wr]
INTERVAL;TIMESTAMP;SERIAL;P_AC;E_DAY;T_WR;U_AC;U_AC_1;U_AC_2;U_AC_3;I_AC;F_AC;U_DC_1;I_DC_1;U_DC_2;I_DC_2;U_DC_3;I_DC_3;S;E_WR;M_WR;I_AC_1;I_AC_2;I_AC_3;P_AC_1;P_AC_2;P_AC_3;F_AC_1;F_AC_2;F_AC_3;R_DC;PC;PCS;PCS_LL;COS_PHI;COS_PHI_LL;S_COS_PHI;Current_Day_Energy;current_Day_Offset;ccEnergyOfDay_WithoutOffset
60;2015-03-07 16:01:00;909402N262;4212;41.040;42;233;233;232;233;6.150;50.04;551.0;4.699;661.0;1.978;695.8;0.785;60;0;0;6.116;6.141;6.194;1400;1411;1413;50.04;50.04;50.04;12254;1000;0.0;0;1.0000;0;2;41040;41040;41040
60;2015-03-07 16:02:00;909402N262;4449;41.115;42;233;233;233;233;6.418;50.04;552.0;4.635;666.2;1.948;290.8;2.323;60;0;0;6.363;6.434;6.457;1470;1483;1494;50.04;50.04;50.04;12254;1000;0.0;0;1.0000;0;2;41115;41115;41115
60;2015-03-07 16:03:00;909402N262;4407;41.187;41;233;233;232;233;6.369;50.03;552.9;4.626;666.6;1.940;294.3;2.167;60;0;0;6.314;6.389;6.405;1456;1470;1479;50.03;50.03;50.03;12254;1000;0.0;0;1.0000;0;2;41187;41187;41187
60;2015-03-07 16:04:00;909402N262;4262;41.259;41;232;233;232;233;6.173;50.01;553.5;4.600;666.7;1.927;321.9;1.568;60;0;0;6.120;6.197;6.204;1408;1423;1428;50.01;50.01;50.01;12254;1000;0.0;0;1.0000;0;2;41259;41259;41259
60;2015-03-07 16:05:00;909402N262;4213;41.330;41;232;233;231;231;6.115;50.01;554.0;4.519;667.3;1.890;256.3;2.052;60;0;0;6.087;6.136;6.124;1402;1406;1403;50.01;50.01;50.01;12254;1000;0.0;0;1.0000;0;2;41330;41330;41330
60;2015-03-07 16:06:00;909402N262;4130;41.398;41;232;233;231;231;6.000;50.02;554.0;4.435;666.6;1.853;251.0;2.038;60;0;0;5.967;6.031;6.002;1373;1382;1373;50.02;50.02;50.02;12254;1000;0.0;0;1.0000;0;2;41398;41398;41398
60;2015-03-07 16:07:00;909402N262;4035;41.465;41;231;232;231;231;5.877;50.01;554.2;4.375;667.0;1.826;251.7;1.846;60;0;0;5.834;5.913;5.884;1338;1352;1343;50.01;50.01;50.01;12254;1000;0.0;0;1.0000;0;2;41465;41465;41465
60;2015-03-07 16:08:00;909402N262;3914;41.531;41;232;233;231;231;5.708;50.02;554.8;4.320;667.1;1.800;250.8;1.525;60;0;0;5.677;5.738;5.709;1302;1309;1301;50.02;50.02;50.02;12254;1000;0.0;0;1.0000;0;2;41531;41531;41531
60;2015-03-07 16:09:00;909402N262;3711;41.592;41;231;232;232;230;5.426;50.01;555.2;4.106;667.0;1.723;250.7;1.363;60;0;0;5.389;5.475;5.415;1231;1250;1227;50.01;50.01;50.01;12254;1000;0.0;0;1.0000;0;2;41592;41592;41592
60;2015-03-07 16:10:00;909402N262;3209;41.646;41;232;232;232;231;4.708;50.00;557.8;3.584;666.5;1.500;250.7;1.035;60;0;0;4.654;4.764;4.707;1056;1087;1064;50.00;50.00;50.00;12254;1000;0.0;0;1.0000;0;2;41646;41646;41646
60;2015-03-07 16:11:00;909402N262;3667;41.707;41;232;232;233;231;5.354;49.99;557.5;4.163;668.8;1.729;250.9;0.992;60;0;0;5.297;5.419;5.347;1207;1243;1215;49.99;49.99;49.99;12254;1000;0.0;0;1.0000;0;2;41707;41707;41707
60;2015-03-07 16:12:00;909402N262;3638;41.767;41;232;232;233;231;5.315;49.98;557.7;4.169;668.7;1.736;250.7;0.832;60;0;0;5.261;5.378;5.306;1199;1232;1204;49.98;49.98;49.98;12254;1000;0.0;0;1.0000;0;2;41767;41767;41767
60;2015-03-07 16:13:00;909402N262;3627;41.828;41;232;232;233;230;5.301;49.98;558.4;4.179;669.1;1.743;250.6;0.732;60;0;0;5.268;5.359;5.278;1203;1227;1194;49.98;49.98;49.98;12254;1000;0.0;0;1.0000;0;2;41828;41828;41828
60;2015-03-07 16:14:00;909402N262;3592;41.888;41;232;232;232;230;5.250;49.98;565.3;4.092;669.5;1.738;250.7;0.676;60;0;0;5.211;5.308;5.232;1189;1215;1186;49.98;49.98;49.98;12254;1000;0.0;0;1.0000;0;2;41888;41888;41888
60;2015-03-07 16:15:00;909402N262;3579;41.948;41;234;234;235;233;5.190;49.99;559.0;4.076;669.8;1.737;329.7;0.591;60;0;0;5.137;5.249;5.184;1179;1212;1186;49.99;49.99;49.99;12254;1000;0.0;0;1.0000;0;2;41948;41948;41948
60;2015-03-07 16:16:00;909402N262;3613;42.009;41;234;234;235;233;5.231;49.98;545.4;4.129;649.3;1.748;569.1;0.518;60;0;0;5.183;5.275;5.237;1188;1224;1199;49.98;49.98;49.98;12254;1000;0.0;0;1.0000;0;2;42009;42009;42009
60;2015-03-07 16:17:00;909402N262;3751;42.070;41;234;234;235;233;5.434;49.98;548.5;4.079;668.9;1.741;795.2;0.501;60;0;0;5.382;5.496;5.425;1236;1269;1244;49.98;49.98;49.98;12254;1000;0.0;0;1.0000;0;2;42070;42070;42070
60;2015-03-07 16:18:00;909402N262;3718;42.133;41;234;234;235;233;5.386;49.97;548.8;3.995;669.0;1.717;794.8;0.536;60;0;0;5.334;5.440;5.385;1226;1255;1235;49.97;49.97;49.97;12254;1000;0.0;0;1.0000;0;2;42133;42133;42133
60;2015-03-07 16:19:00;909402N262;3698;42.195;41;234;235;234;233;5.362;49.97;549.0;3.961;668.7;1.701;794.6;0.546;60;0;0;5.326;5.407;5.354;1226;1243;1227;49.97;49.97;49.97;12254;1000;0.0;0;1.0000;0;2;42195;42195;42195
60;2015-03-07 16:20:00;909402N262;3518;42.254;41;234;235;234;233;5.106;49.97;549.5;3.755;667.6;1.610;794.7;0.533;60;0;0;5.071;5.145;5.104;1167;1180;1168;49.97;49.97;49.97;12254;1000;0.0;0;1.0000;0;2;42254;42254;42254
60;2015-03-07 16:21:00;909402N262;3260;42.308;41;234;234;234;232;4.758;49.97;550.2;3.456;666.0;1.484;795.1;0.516;60;0;0;4.723;4.806;4.746;1081;1099;1078;49.97;49.97;49.97;12254;1000;0.0;0;1.0000;0;2;42308;42308;42308
60;2015-03-07 16:22:00;909402N262;3347;42.362;41;234;234;235;233;4.875;49.96;553.7;3.554;666.8;1.519;795.1;0.512;60;0;0;4.844;4.918;4.864;1109;1129;1107;49.96;49.96;49.96;12254;1000;0.0;0;1.0000;0;2;42362;42362;42362
60;2015-03-07 16:23:00;909402N262;3556;42.423;41;234;234;234;233;5.169;49.97;557.4;3.810;668.3;1.621;795.1;0.496;60;0;0;5.129;5.213;5.167;1175;1198;1181;49.97;49.97;49.97;12254;1000;0.0;0;1.0000;0;2;42423;42423;42423
60;2015-03-07 16:24:00;909402N262;3503;42.481;41;234;234;234;234;5.096;49.97;561.1;3.747;668.7;1.597;795.1;0.474;60;0;0;5.052;5.130;5.107;1155;1174;1172;49.97;49.97;49.97;12254;1000;0.0;0;1.0000;0;2;42481;42481;42481
60;2015-03-07 16:25:00;909402N262;3471;42.539;41;234;233;234;234;5.052;49.96;562.8;3.712;668.9;1.585;795.1;0.459;60;0;0;4.999;5.086;5.072;1141;1164;1164;49.96;49.96;49.96;12254;1000;0.0;0;1.0000;0;2;42539;42539;42539
60;2015-03-07 16:26:00;909402N262;3463;42.597;41;234;234;234;234;5.037;49.97;541.3;3.868;669.2;1.582;795.0;0.447;60;0;0;4.987;5.071;5.055;1140;1160;1161;49.97;49.97;49.97;12254;1000;0.0;0;1.0000;0;2;42597;42597;42597
60;2015-03-07 16:27:00;909402N262;3382;42.653;41;234;233;234;234;4.932;49.97;540.9;3.797;668.2;1.547;795.3;0.425;60;0;0;4.878;4.983;4.937;1112;1140;1128;49.97;49.97;49.97;12254;1000;0.0;0;1.0000;0;2;42653;42653;42653
60;2015-03-07 16:28:00;909402N262;3288;42.708;41;234;233;234;234;4.796;49.98;541.2;3.713;668.6;1.503;795.6;0.395;60;0;0;4.742;4.834;4.812;1081;1105;1099;49.98;49.98;49.98;12254;1000;0.0;0;1.0000;0;2;42708;42708;42708
60;2015-03-07 16:29:00;909402N262;3167;42.760;41;234;234;234;234;4.631;49.98;541.9;3.590;668.3;1.448;795.3;0.368;60;0;0;4.576;4.673;4.645;1041;1064;1060;49.98;49.98;49.98;12254;1000;0.0;0;1.0000;0;2;42760;42760;42760
60;2015-03-07 16:30:00;909402N262;3039;42.811;41;234;234;233;234;4.453;49.98;542.2;3.453;667.8;1.388;794.8;0.348;60;0;0;4.407;4.487;4.466;1002;1017;1017;49.98;49.98;49.98;12254;1000;0.0;0;1.0000;0;2;42811;42811;42811
60;2015-03-07 16:31:00;909402N262;2935;42.860;41;234;234;233;234;4.309;49.99;537.3;3.401;650.2;1.362;791.7;0.335;60;0;0;4.261;4.337;4.330;968;981;984;49.99;49.99;49.99;12254;1000;0.0;0;1.0000;0;2;42860;42860;42860
60;2015-03-07 16:32:00;909402N262;2923;42.909;41;234;234;233;234;4.310;49.99;543.1;3.342;667.3;1.334;794.5;0.320;60;0;0;4.262;4.342;4.326;964;979;978;49.99;49.99;49.99;12254;1000;0.0;0;1.0000;0;2;42909;42909;42909
60;2015-03-07 16:33:00;909402N262;2859;42.957;41;233;234;233;233;4.240;49.98;542.9;3.281;667.2;1.305;790.7;0.304;60;0;0;4.196;4.280;4.245;943;959;953;49.98;49.98;49.98;12254;1000;0.0;0;1.0000;0;2;42957;42957;42957
60;2015-03-07 16:34:00;909402N262;2790;43.003;41;233;234;233;233;4.155;49.98;543.3;3.212;666.9;1.274;786.0;0.293;60;0;0;4.114;4.182;4.170;922;934;933;49.98;49.98;49.98;12254;1000;0.0;0;1.0000;0;2;43003;43003;43003
60;2015-03-07 16:35:00;909402N262;2758;43.050;41;233;234;234;233;4.115;49.97;543.9;3.182;667.1;1.257;782.7;0.286;60;0;0;4.083;4.147;4.116;913;927;916;49.97;49.97;49.97;12254;1000;0.0;0;1.0000;0;2;43050;43050;43050
60;2015-03-07 16:36:00;909402N262;2724;43.095;41;233;233;234;232;4.069;49.98;544.1;3.146;666.8;1.242;781.5;0.278;60;0;0;4.035;4.112;4.062;900;922;901;49.98;49.98;49.98;12254;1000;0.0;0;1.0000;0;2;43095;43095;43095
60;2015-03-07 16:37:00;909402N262;2669;43.139;41;233;234;234;232;3.990;49.98;544.5;3.082;666.5;1.214;780.7;0.271;60;0;0;3.955;4.041;3.976;881;905;881;49.98;49.98;49.98;12254;1000;0.0;0;1.0000;0;2;43139;43139;43139
60;2015-03-07 16:38:00;909402N262;2607;43.183;41;234;234;235;233;3.904;49.99;545.8;3.008;666.4;1.182;779.9;0.265;60;0;0;3.854;3.953;3.906;856;883;866;49.99;49.99;49.99;12254;1000;0.0;0;1.0000;0;2;43183;43183;43183
60;2015-03-07 16:39:00;909402N262;2591;43.226;41;234;233;235;233;3.882;49.99;546.6;2.992;667.1;1.171;778.6;0.262;60;0;0;3.832;3.934;3.880;850;879;860;49.99;49.99;49.99;12254;1000;0.0;0;1.0000;0;2;43226;43226;43226
60;2015-03-07 16:40:00;909402N262;2526;43.268;41;233;233;234;232;3.798;49.98;546.6;2.918;667.0;1.140;778.4;0.257;60;0;0;3.751;3.845;3.798;830;856;838;49.98;49.98;49.98;12254;1000;0.0;0;1.0000;0;2;43268;43268;43268
60;2015-03-07 16:41:00;909402N262;2460;43.309;41;233;233;234;233;3.705;49.99;553.6;2.797;667.3;1.112;777.4;0.252;60;0;0;3.655;3.755;3.707;807;833;817;49.99;49.99;49.99;12254;1000;0.0;0;1.0000;0;2;43309;43309;43309
60;2015-03-07 16:42:00;909402N262;2447;43.351;41;233;234;234;232;3.687;49.98;537.5;2.865;667.6;1.110;775.0;0.250;60;0;0;3.642;3.730;3.690;805;827;813;49.98;49.98;49.98;12254;1000;0.0;0;1.0000;0;2;43351;43351;43351
60;2015-03-07 16:43:00;909402N262;2445;43.391;40;233;233;234;232;3.690;49.97;537.9;2.872;668.3;1.107;775.1;0.245;60;0;0;3.643;3.745;3.684;804;831;809;49.97;49.97;49.97;12254;1000;0.0;0;1.0000;0;2;43391;43391;43391
60;2015-03-07 16:44:00;909402N262;2419;43.430;40;233;234;235;232;3.648;49.98;538.2;2.846;667.8;1.095;772.6;0.238;60;0;0;3.608;3.702;3.636;796;822;798;49.98;49.98;49.98;12254;1000;0.0;0;1.0000;0;2;43430;43430;43430
60;2015-03-07 16:45:00;909402N262;2373;43.471;40;234;233;234;233;3.591;49.98;538.3;2.796;666.7;1.074;769.9;0.232;60;0;0;3.524;3.646;3.603;773;805;794;49.98;49.98;49.98;12254;1000;0.0;0;1.0000;0;2;43471;43471;43471
60;2015-03-07 16:46:00;909402N262;2305;43.510;40;233;232;235;233;3.498;50.00;537.5;2.750;657.3;1.053;767.7;0.226;60;0;0;3.424;3.559;3.511;746;788;770;50.00;50.00;50.00;12254;1000;0.0;0;1.0000;0;2;43510;43510;43510
60;2015-03-07 16:47:00;909402N262;2315;43.547;40;233;232;235;233;3.485;49.99;538.7;2.739;667.1;1.041;765.7;0.221;60;0;0;3.414;3.545;3.497;749;790;773;49.99;49.99;49.99;12254;1000;0.0;0;1.0000;0;2;43547;43547;43547
60;2015-03-07 16:48:00;909402N262;2254;43.585;40;233;232;234;233;3.406;49.99;540.1;2.665;666.7;1.011;770.0;0.212;60;0;0;3.339;3.469;3.411;730;770;751;49.99;49.99;49.99;12254;1000;0.0;0;1.0000;0;2;43585;43585;43585
60;2015-03-07 16:49:00;909402N262;2193;43.621;40;234;233;234;233;3.322;49.99;539.9;2.600;666.5;0.983;768.0;0.207;60;0;0;3.271;3.364;3.331;717;742;732;49.99;49.99;49.99;12254;1000;0.0;0;1.0000;0;2;43621;43621;43621
60;2015-03-07 16:50:00;909402N262;2111;43.657;40;233;233;233;233;3.219;49.99;540.5;2.502;666.2;0.942;760.0;0.203;60;0;0;3.171;3.256;3.232;690;714;706;49.99;49.99;49.99;12254;1000;0.0;0;1.0000;0;2;43657;43657;43657
60;2015-03-07 16:51:00;909402N262;2051;43.691;40;233;233;234;233;3.137;49.99;540.4;2.435;664.8;0.915;758.5;0.197;60;0;0;3.095;3.182;3.136;671;696;682;49.99;49.99;49.99;12254;1000;0.0;0;1.0000;0;2;43691;43691;43691
60;2015-03-07 16:52:00;909402N262;1955;43.724;40;233;233;234;232;3.011;49.99;540.6;2.323;663.3;0.870;753.7;0.190;60;0;0;2.964;3.059;3.011;639;665;650;49.99;49.99;49.99;12254;1000;0.0;0;1.0000;0;2;43724;43724;43724
60;2015-03-07 16:53:00;909402N262;1841;43.755;40;233;233;233;233;2.858;49.99;540.5;2.186;662.4;0.815;748.6;0.183;60;0;0;2.808;2.898;2.870;601;623;615;49.99;49.99;49.99;12254;1000;0.0;0;1.0000;0;2;43755;43755;43755
60;2015-03-07 16:54:00;909402N262;1788;43.784;40;233;233;233;233;2.790;49.98;540.1;2.126;663.0;0.791;748.6;0.180;60;0;0;2.736;2.836;2.800;581;607;597;49.98;49.98;49.98;12254;1000;0.0;0;1.0000;0;2;43784;43784;43784
60;2015-03-07 16:55:00;909402N262;1694;43.813;40;233;233;233;233;2.669;49.98;540.1;2.008;660.6;0.747;751.1;0.175;60;0;0;2.613;2.703;2.693;550;572;571;49.98;49.98;49.98;12254;1000;0.0;0;1.0000;0;2;43813;43813;43813
60;2015-03-07 16:56:00;909402N262;1594;43.839;40;233;233;233;233;2.536;49.98;540.0;1.886;659.7;0.700;743.9;0.173;60;0;0;2.481;2.572;2.556;517;540;535;49.98;49.98;49.98;12254;1000;0.0;0;1.0000;0;2;43839;43839;43839
60;2015-03-07 16:57:00;909402N262;1512;43.864;40;233;233;233;233;2.436;49.98;539.6;1.785;658.1;0.661;746.0;0.169;60;0;0;2.386;2.472;2.451;492;511;508;49.98;49.98;49.98;12254;1000;0.0;0;1.0000;0;2;43864;43864;43864
60;2015-03-07 16:58:00;909402N262;1412;43.888;40;233;233;233;233;2.308;50.00;539.1;1.665;656.4;0.616;745.9;0.164;60;0;0;2.258;2.336;2.330;457;478;476;50.00;50.00;50.00;12254;1000;0.0;0;1.0000;0;2;43888;43888;43888
60;2015-03-07 16:59:00;909402N262;1322;43.910;40;233;233;233;233;2.191;50.01;539.5;1.602;647.2;0.540;738.8;0.163;60;0;0;2.137;2.220;2.218;427;448;446;50.01;50.01;50.01;12254;1000;0.0;0;1.0000;0;2;43910;43910;43910
60;2015-03-07 17:00:00;909402N262;1223;43.931;40;233;233;233;233;2.071;50.02;541.0;1.568;618.3;0.435;748.6;0.156;60;0;0;2.026;2.100;2.088;394;415;411;50.02;50.02;50.02;12254;1000;0.0;0;1.0000;0;2;43931;43931;43931
[wr_ende]
