20140716;220003;danfoss;My Plant;+0100
[wr_def_start]
909402N262;Inverter Type;Inverter Group;Hanzl
[wr_def_end]
[wr]
INTERVAL;TIMESTAMP;SERIAL;P_AC;E_DAY;T_WR;U_AC;U_AC_1;U_AC_2;U_AC_3;I_AC;F_AC;U_DC_1;I_DC_1;U_DC_2;I_DC_2;U_DC_3;I_DC_3;S;E_WR;M_WR;I_AC_1;I_AC_2;I_AC_3;P_AC_1;P_AC_2;P_AC_3;F_AC_1;F_AC_2;F_AC_3;R_DC;PC;PCS;PCS_LL;COS_PHI;COS_PHI_LL;S_COS_PHI;Current_Day_Energy;current_Day_Offset;ccEnergyOfDay_WithoutOffset
60;2014-07-16 21:01:00;909402N262;0;66.475;39;233;232;234;232;0.000;49.94;228.9;0.000;228.3;0.000;228.9;0.000;50;0;0;0.000;0.000;0.000;0;0;0;49.94;49.94;49.94;4784;1000;0.0;0;0.0000;0;0;66475;66475;66475
60;2014-07-16 21:02:00;909402N262;0;66.475;38;233;233;234;231;0.000;49.94;230.7;0.000;230.1;0.000;230.7;0.000;50;0;0;0.000;0.000;0.000;0;0;0;49.94;49.94;49.94;4784;1000;0.0;0;0.0000;0;0;66475;66475;66475
60;2014-07-16 21:03:00;909402N262;0;66.475;38;235;235;237;234;0.000;49.96;228.3;0.000;227.8;0.000;228.0;0.000;50;0;0;0.000;0.000;0.000;0;0;0;49.96;49.96;49.96;4784;1000;0.0;0;0.0000;0;0;66475;66475;66475
60;2014-07-16 21:04:00;909402N262;0;66.475;38;235;235;237;234;0.000;49.96;229.8;0.000;229.3;0.000;229.8;0.000;50;0;0;0.000;0.000;0.000;0;0;0;49.96;49.96;49.96;4784;1000;0.0;0;0.0000;0;0;66475;66475;66475
60;2014-07-16 21:05:00;909402N262;0;66.475;38;235;235;237;234;0.000;49.94;227.2;0.000;226.6;0.000;227.2;0.000;50;0;0;0.000;0.000;0.000;0;0;0;49.94;49.94;49.94;4784;1000;0.0;0;0.0000;0;0;66475;66475;66475
60;2014-07-16 21:06:00;909402N262;0;66.475;38;235;235;237;234;0.000;49.96;228.0;0.000;227.5;0.000;227.9;0.000;50;0;0;0.000;0.000;0.000;0;0;0;49.96;49.96;49.96;4784;1000;0.0;0;0.0000;0;0;66475;66475;66475
60;2014-07-16 21:07:00;909402N262;0;66.475;38;236;235;237;235;0.000;49.96;228.7;0.000;228.1;0.000;228.7;0.000;50;0;0;0.000;0.000;0.000;0;0;0;49.96;49.96;49.96;4784;1000;0.0;0;0.0000;0;0;66475;66475;66475
60;2014-07-16 21:08:00;909402N262;0;66.475;38;236;236;237;234;0.000;49.96;229.0;0.000;228.4;0.000;229.2;0.000;50;0;0;0.000;0.000;0.000;0;0;0;49.96;49.96;49.96;4784;1000;0.0;0;0.0000;0;0;66475;66475;66475
60;2014-07-16 21:09:00;909402N262;0;66.475;38;236;236;237;235;0.000;49.95;230.8;0.000;229.5;0.000;230.8;0.000;50;0;0;0.000;0.000;0.000;0;0;0;49.95;49.95;49.95;4784;1000;0.0;0;0.0000;0;0;66475;66475;66475
60;2014-07-16 21:10:00;909402N262;0;66.475;38;235;235;236;234;0.000;49.95;230.4;0.000;221.3;0.000;230.4;0.000;50;0;0;0.000;0.000;0.000;0;0;0;49.95;49.95;49.95;4784;1000;0.0;0;0.0000;0;0;66475;66475;66475
60;2014-07-16 21:11:00;909402N262;0;66.475;38;235;235;236;234;0.000;49.96;243.4;0.000;208.6;0.000;234.1;0.000;50;0;0;0.000;0.000;0.000;0;0;0;49.96;49.96;49.96;4784;1000;0.0;0;0.0000;0;0;66475;66475;66475
60;2014-07-16 21:12:00;909402N262;0;66.475;38;235;235;236;234;0.000;49.96;238.6;0.000;192.1;0.000;212.9;0.000;50;0;0;0.000;0.000;0.000;0;0;0;49.96;49.96;49.96;4784;1000;0.0;0;0.0000;0;0;66475;66475;66475
60;2014-07-16 21:13:00;909402N262;0;66.475;37;235;235;236;234;0.000;49.97;227.7;0.000;177.0;0.000;193.1;0.000;50;0;0;0.000;0.000;0.000;0;0;0;49.97;49.97;49.97;4784;1000;0.0;0;0.0000;0;0;66475;66475;66475
60;2014-07-16 21:14:00;909402N262;0;66.475;37;235;235;237;234;0.000;49.96;214.8;0.000;163.0;0.000;175.4;0.000;50;0;0;0.000;0.000;0.000;0;0;0;49.96;49.96;49.96;4784;1000;0.0;0;0.0000;0;0;66475;66475;66475
[wr_ende]
