20140608;180002;danfoss;My Plant;+0100
[wr_def_start]
909402N262;Inverter Type;Inverter Group;Hanzl
[wr_def_end]
[wr]
INTERVAL;TIMESTAMP;SERIAL;P_AC;E_DAY;T_WR;U_AC;U_AC_1;U_AC_2;U_AC_3;I_AC;F_AC;U_DC_1;I_DC_1;U_DC_2;I_DC_2;U_DC_3;I_DC_3;S;E_WR;M_WR;I_AC_1;I_AC_2;I_AC_3;P_AC_1;P_AC_2;P_AC_3;F_AC_1;F_AC_2;F_AC_3;R_DC;PC;PCS;PCS_LL;COS_PHI;COS_PHI_LL;S_COS_PHI;Current_Day_Energy;current_Day_Offset;ccEnergyOfDay_WithoutOffset
60;2014-06-08 17:01:00;909402N262;6809;60.391;50;237;237;237;238;9.580;50.03;468.1;5.726;587.5;3.131;721.5;3.333;60;0;0;9.535;9.613;9.593;2257;2278;2272;50.03;50.03;50.03;7196;1000;0.0;0;0.0000;0;0;60391;60391;60391
60;2014-06-08 17:02:00;909402N262;6824;60.505;50;237;237;237;237;9.595;50.03;470.4;5.699;600.2;3.095;723.6;3.302;60;0;0;9.542;9.644;9.599;2261;2285;2276;50.03;50.03;50.03;7196;1000;0.0;0;0.0000;0;0;60505;60505;60505
60;2014-06-08 17:03:00;909402N262;6785;60.618;50;237;237;237;237;9.547;50.02;470.7;5.663;599.8;3.078;723.4;3.287;60;0;0;9.503;9.589;9.549;2251;2270;2262;50.02;50.02;50.02;7196;1000;0.0;0;0.0000;0;0;60618;60618;60618
60;2014-06-08 17:04:00;909402N262;6776;60.731;50;237;237;237;237;9.540;50.01;471.2;5.652;599.9;3.071;723.7;3.281;60;0;0;9.492;9.582;9.548;2246;2266;2262;50.01;50.01;50.01;7196;1000;0.0;0;0.0000;0;0;60731;60731;60731
60;2014-06-08 17:05:00;909402N262;6759;60.844;50;237;237;237;237;9.514;50.00;471.5;5.636;600.0;3.063;724.1;3.271;60;0;0;9.463;9.550;9.529;2239;2260;2258;50.00;50.00;50.00;7196;1000;0.0;0;0.0000;0;0;60844;60844;60844
60;2014-06-08 17:06:00;909402N262;6735;60.958;50;237;237;237;237;9.483;50.00;471.4;5.616;599.7;3.051;723.9;3.261;60;0;0;9.434;9.520;9.495;2231;2253;2248;50.00;50.00;50.00;7196;1000;0.0;0;0.0000;0;0;60958;60958;60958
60;2014-06-08 17:07:00;909402N262;6711;61.070;50;237;237;237;237;9.456;50.01;470.9;5.599;599.9;3.039;724.6;3.249;60;0;0;9.410;9.495;9.463;2224;2246;2239;50.01;50.01;50.01;7196;1000;0.0;0;0.0000;0;0;61070;61070;61070
60;2014-06-08 17:08:00;909402N262;6678;61.181;50;237;237;237;237;9.410;50.01;470.9;5.572;600.1;3.022;724.8;3.231;60;0;0;9.354;9.459;9.418;2210;2237;2228;50.01;50.01;50.01;7196;1000;0.0;0;0.0000;0;0;61181;61181;61181
60;2014-06-08 17:09:00;909402N262;6660;61.292;50;237;237;237;237;9.389;50.00;471.5;5.554;600.2;3.009;725.2;3.221;60;0;0;9.353;9.434;9.380;2212;2230;2216;50.00;50.00;50.00;7196;1000;0.0;0;0.0000;0;0;61292;61292;61292
60;2014-06-08 17:10:00;909402N262;6644;61.403;50;237;237;237;237;9.365;50.00;472.4;5.531;600.9;2.998;725.7;3.211;60;0;0;9.329;9.412;9.354;2206;2227;2209;50.00;50.00;50.00;7196;1000;0.0;0;0.0000;0;0;61403;61403;61403
60;2014-06-08 17:11:00;909402N262;6627;61.513;50;237;237;237;237;9.344;49.99;473.7;5.507;601.7;2.985;726.1;3.200;60;0;0;9.309;9.392;9.332;2202;2221;2203;49.99;49.99;49.99;7196;1000;0.0;0;0.0000;0;0;61513;61513;61513
60;2014-06-08 17:12:00;909402N262;6595;61.623;50;237;237;237;237;9.295;50.00;474.0;5.477;601.7;2.970;726.2;3.182;60;0;0;9.279;9.327;9.279;2196;2206;2191;50.00;50.00;50.00;7196;1000;0.0;0;0.0000;0;0;61623;61623;61623
60;2014-06-08 17:13:00;909402N262;6545;61.732;50;237;237;237;237;9.227;49.99;474.3;5.434;601.7;2.948;725.9;3.159;60;0;0;9.205;9.271;9.207;2178;2192;2173;49.99;49.99;49.99;7196;1000;0.0;0;0.0000;0;0;61732;61732;61732
60;2014-06-08 17:14:00;909402N262;6525;61.841;50;237;237;237;236;9.207;50.00;474.4;5.418;601.1;2.941;725.7;3.149;60;0;0;9.182;9.247;9.194;2170;2184;2169;50.00;50.00;50.00;7196;1000;0.0;0;0.0000;0;0;61841;61841;61841
60;2014-06-08 17:15:00;909402N262;6500;61.949;49;237;237;237;237;9.164;50.02;475.2;5.389;600.6;2.931;725.7;3.136;60;0;0;9.142;9.210;9.142;2163;2176;2158;50.02;50.02;50.02;7196;1000;0.0;0;0.0000;0;0;61949;61949;61949
60;2014-06-08 17:16:00;909402N262;6379;62.056;49;237;237;237;237;8.992;50.01;481.1;5.194;596.1;2.916;719.3;3.127;60;0;0;8.952;9.041;8.984;2116;2137;2124;50.01;50.01;50.01;7196;1000;0.0;0;0.0000;0;0;62056;62056;62056
60;2014-06-08 17:17:00;909402N262;6393;62.163;49;237;237;237;237;9.012;50.01;468.0;5.334;600.8;2.901;726.4;3.100;60;0;0;8.974;9.037;9.027;2121;2134;2136;50.01;50.01;50.01;7196;1000;0.0;0;0.0000;0;0;62163;62163;62163
60;2014-06-08 17:18:00;909402N262;6380;62.269;49;236;237;236;237;9.009;50.00;468.9;5.318;601.0;2.893;727.0;3.090;60;0;0;8.989;9.018;9.022;2125;2123;2131;50.00;50.00;50.00;7196;1000;0.0;0;0.0000;0;0;62269;62269;62269
60;2014-06-08 17:19:00;909402N262;6363;62.374;49;237;237;236;237;8.983;49.99;469.0;5.302;601.2;2.884;727.3;3.079;60;0;0;8.964;9.001;8.986;2120;2120;2122;49.99;49.99;49.99;7196;1000;0.0;0;0.0000;0;0;62374;62374;62374
60;2014-06-08 17:20:00;909402N262;6321;62.481;49;236;237;236;236;8.925;50.00;469.1;5.268;601.7;2.861;727.7;3.057;60;0;0;8.897;8.958;8.922;2102;2114;2104;50.00;50.00;50.00;7196;1000;0.0;0;0.0000;0;0;62481;62481;62481
60;2014-06-08 17:21:00;909402N262;6305;62.586;49;236;237;237;236;8.905;49.99;469.2;5.251;602.8;2.849;727.9;3.048;60;0;0;8.871;8.950;8.895;2095;2113;2096;49.99;49.99;49.99;7196;1000;0.0;0;0.0000;0;0;62586;62586;62586
60;2014-06-08 17:22:00;909402N262;6283;62.690;49;236;237;237;236;8.871;49.99;469.4;5.232;603.2;2.836;727.8;3.036;60;0;0;8.836;8.927;8.852;2086;2108;2087;49.99;49.99;49.99;7196;1000;0.0;0;0.0000;0;0;62690;62690;62690
60;2014-06-08 17:23:00;909402N262;6246;62.794;49;236;236;237;236;8.822;49.99;470.1;5.196;603.5;2.817;727.6;3.019;60;0;0;8.781;8.887;8.800;2071;2099;2074;49.99;49.99;49.99;7196;1000;0.0;0;0.0000;0;0;62794;62794;62794
60;2014-06-08 17:24:00;909402N262;6205;62.898;49;236;236;237;236;8.764;49.99;470.6;5.158;603.8;2.796;727.6;2.998;60;0;0;8.723;8.823;8.748;2059;2083;2061;49.99;49.99;49.99;7196;1000;0.0;0;0.0000;0;0;62898;62898;62898
60;2014-06-08 17:25:00;909402N262;6151;62.999;49;237;236;237;237;8.683;49.99;470.5;5.114;603.2;2.772;728.0;2.974;60;0;0;8.640;8.728;8.683;2037;2062;2050;49.99;49.99;49.99;7196;1000;0.0;0;0.0000;0;0;62999;62999;62999
60;2014-06-08 17:26:00;909402N262;6099;63.101;49;237;237;237;237;8.604;49.99;469.8;5.076;602.9;2.749;728.0;2.949;60;0;0;8.563;8.649;8.602;2021;2044;2032;49.99;49.99;49.99;7196;1000;0.0;0;0.0000;0;0;63101;63101;63101
60;2014-06-08 17:27:00;909402N262;6049;63.203;49;237;237;237;237;8.532;50.00;469.3;5.037;603.2;2.726;728.6;2.924;60;0;0;8.490;8.577;8.529;2004;2029;2015;50.00;50.00;50.00;7196;1000;0.0;0;0.0000;0;0;63203;63203;63203
60;2014-06-08 17:28:00;909402N262;5997;63.303;49;237;237;237;237;8.449;50.00;469.0;4.995;603.1;2.700;728.9;2.899;60;0;0;8.397;8.496;8.454;1983;2012;2000;50.00;50.00;50.00;7196;1000;0.0;0;0.0000;0;0;63303;63303;63303
60;2014-06-08 17:29:00;909402N262;5970;63.402;49;237;237;237;237;8.417;49.98;469.4;4.970;604.0;2.685;729.2;2.885;60;0;0;8.366;8.464;8.423;1975;2003;1991;49.98;49.98;49.98;7196;1000;0.0;0;0.0000;0;0;63402;63402;63402
60;2014-06-08 17:30:00;909402N262;5931;63.500;49;237;237;237;237;8.363;50.00;469.7;4.934;604.7;2.661;729.4;2.866;60;0;0;8.312;8.409;8.368;1962;1989;1978;50.00;50.00;50.00;7196;1000;0.0;0;0.0000;0;0;63500;63500;63500
60;2014-06-08 17:31:00;909402N262;5840;63.599;49;237;237;237;237;8.240;50.00;469.2;4.901;593.7;2.663;728.6;2.855;60;0;0;8.188;8.289;8.243;1932;1958;1948;50.00;50.00;50.00;7196;1000;0.0;0;0.0000;0;0;63599;63599;63599
60;2014-06-08 17:32:00;909402N262;5867;63.697;49;237;237;237;237;8.277;49.99;472.0;4.855;605.0;2.629;729.6;2.838;60;0;0;8.226;8.324;8.283;1940;1968;1957;49.99;49.99;49.99;7196;1000;0.0;0;0.0000;0;0;63697;63697;63697
60;2014-06-08 17:33:00;909402N262;5784;63.793;49;237;236;237;237;8.163;49.99;479.3;4.669;605.5;2.605;729.6;2.815;60;0;0;8.103;8.210;8.177;1910;1940;1932;49.99;49.99;49.99;7196;1000;0.0;0;0.0000;0;0;63793;63793;63793
60;2014-06-08 17:34:00;909402N262;5751;63.888;49;237;236;237;237;8.127;49.99;461.9;4.810;606.0;2.591;729.6;2.801;60;0;0;8.057;8.180;8.146;1894;1933;1922;49.99;49.99;49.99;7196;1000;0.0;0;0.0000;0;0;63888;63888;63888
60;2014-06-08 17:35:00;909402N262;5700;63.982;49;236;236;237;237;8.059;49.99;461.6;4.771;605.5;2.569;729.8;2.776;60;0;0;7.984;8.122;8.073;1875;1919;1904;49.99;49.99;49.99;7196;1000;0.0;0;0.0000;0;0;63982;63982;63982
60;2014-06-08 17:36:00;909402N262;5665;64.076;49;236;236;237;237;8.008;49.98;462.0;4.736;605.5;2.551;730.8;2.758;60;0;0;7.944;8.057;8.025;1868;1902;1893;49.98;49.98;49.98;7196;1000;0.0;0;0.0000;0;0;64076;64076;64076
60;2014-06-08 17:37:00;909402N262;5637;64.170;49;237;236;237;237;7.967;49.99;462.6;4.708;605.9;2.536;731.8;2.740;60;0;0;7.907;8.008;7.986;1861;1889;1884;49.99;49.99;49.99;7196;1000;0.0;0;0.0000;0;0;64170;64170;64170
60;2014-06-08 17:38:00;909402N262;5606;64.263;49;237;236;237;237;7.922;49.99;463.2;4.679;606.7;2.517;732.0;2.723;60;0;0;7.860;7.960;7.946;1850;1878;1875;49.99;49.99;49.99;7196;1000;0.0;0;0.0000;0;0;64263;64263;64263
60;2014-06-08 17:39:00;909402N262;5600;64.358;49;237;236;237;237;7.915;49.99;463.6;4.670;607.1;2.511;732.8;2.717;60;0;0;7.853;7.955;7.937;1848;1876;1873;49.99;49.99;49.99;7196;1000;0.0;0;0.0000;0;0;64358;64358;64358
60;2014-06-08 17:40:00;909402N262;5581;64.451;49;237;236;237;237;7.887;49.99;463.6;4.656;607.2;2.501;733.1;2.706;60;0;0;7.835;7.926;7.900;1845;1869;1865;49.99;49.99;49.99;7196;1000;0.0;0;0.0000;0;0;64451;64451;64451
60;2014-06-08 17:41:00;909402N262;5564;64.543;49;237;236;237;237;7.865;50.00;463.6;4.643;607.1;2.492;733.7;2.699;60;0;0;7.816;7.901;7.878;1840;1863;1859;50.00;50.00;50.00;7196;1000;0.0;0;0.0000;0;0;64543;64543;64543
60;2014-06-08 17:42:00;909402N262;5521;64.636;49;236;236;237;237;7.807;50.00;464.3;4.602;607.1;2.471;733.6;2.678;60;0;0;7.738;7.840;7.843;1817;1848;1853;50.00;50.00;50.00;7196;1000;0.0;0;0.0000;0;0;64636;64636;64636
60;2014-06-08 17:43:00;909402N262;5484;64.726;49;236;236;236;237;7.761;49.99;465.5;4.561;607.7;2.450;733.6;2.659;60;0;0;7.703;7.779;7.803;1808;1830;1844;49.99;49.99;49.99;7196;1000;0.0;0;0.0000;0;0;64726;64726;64726
60;2014-06-08 17:44:00;909402N262;5447;64.818;49;236;235;236;237;7.714;49.99;466.4;4.525;608.5;2.429;733.7;2.638;60;0;0;7.656;7.736;7.752;1796;1820;1830;49.99;49.99;49.99;7196;1000;0.0;0;0.0000;0;0;64818;64818;64818
60;2014-06-08 17:45:00;909402N262;5428;64.908;49;236;236;236;237;7.682;50.00;467.6;4.502;609.2;2.417;734.1;2.625;60;0;0;7.611;7.716;7.719;1786;1817;1823;50.00;50.00;50.00;7196;1000;0.0;0;0.0000;0;0;64908;64908;64908
60;2014-06-08 17:46:00;909402N262;5335;64.997;49;236;235;237;237;7.548;49.99;464.7;4.465;596.0;2.406;732.7;2.606;60;0;0;7.485;7.582;7.577;1755;1792;1786;49.99;49.99;49.99;7196;1000;0.0;0;0.0000;0;0;64997;64997;64997
60;2014-06-08 17:47:00;909402N262;5328;65.086;49;236;235;237;237;7.567;49.99;467.0;4.429;609.3;2.371;733.5;2.579;60;0;0;7.492;7.622;7.588;1751;1792;1783;49.99;49.99;49.99;7196;1000;0.0;0;0.0000;0;0;65086;65086;65086
60;2014-06-08 17:48:00;909402N262;5296;65.173;49;236;235;237;236;7.531;50.00;467.6;4.400;609.2;2.356;733.9;2.562;60;0;0;7.463;7.604;7.526;1745;1788;1761;50.00;50.00;50.00;7196;1000;0.0;0;0.0000;0;0;65173;65173;65173
60;2014-06-08 17:49:00;909402N262;5302;65.262;49;236;235;237;235;7.539;50.00;468.1;4.395;609.5;2.357;734.3;2.565;60;0;0;7.476;7.615;7.528;1748;1792;1760;50.00;50.00;50.00;7196;1000;0.0;0;0.0000;0;0;65262;65262;65262
60;2014-06-08 17:50:00;909402N262;5237;65.350;48;236;236;237;236;7.447;49.99;474.7;4.244;609.8;2.339;734.9;2.547;60;0;0;7.385;7.524;7.432;1727;1770;1738;49.99;49.99;49.99;7196;1000;0.0;0;0.0000;0;0;65350;65350;65350
60;2014-06-08 17:51:00;909402N262;5191;65.436;48;236;235;237;235;7.385;49.97;458.9;4.338;609.4;2.323;735.3;2.528;60;0;0;7.320;7.462;7.373;1711;1755;1723;49.97;49.97;49.97;7196;1000;0.0;0;0.0000;0;0;65436;65436;65436
60;2014-06-08 17:52:00;909402N262;5149;65.522;48;236;236;237;236;7.320;49.98;458.9;4.303;609.5;2.304;735.4;2.506;60;0;0;7.261;7.392;7.308;1699;1739;1709;49.98;49.98;49.98;7196;1000;0.0;0;0.0000;0;0;65522;65522;65522
60;2014-06-08 17:53:00;909402N262;5116;65.607;48;236;236;236;235;7.279;49.97;459.0;4.275;609.5;2.289;735.9;2.489;60;0;0;7.228;7.337;7.274;1692;1722;1700;49.97;49.97;49.97;7196;1000;0.0;0;0.0000;0;0;65607;65607;65607
60;2014-06-08 17:54:00;909402N262;5091;65.692;48;236;236;236;235;7.244;49.99;459.7;4.249;609.5;2.276;736.4;2.477;60;0;0;7.206;7.298;7.228;1691;1710;1688;49.99;49.99;49.99;7196;1000;0.0;0;0.0000;0;0;65692;65692;65692
60;2014-06-08 17:55:00;909402N262;5063;65.778;48;236;236;236;235;7.207;49.99;459.8;4.225;609.9;2.259;736.2;2.463;60;0;0;7.181;7.271;7.171;1685;1706;1670;49.99;49.99;49.99;7196;1000;0.0;0;0.0000;0;0;65778;65778;65778
60;2014-06-08 17:56:00;909402N262;5037;65.862;48;236;236;236;235;7.169;49.99;459.8;4.203;610.3;2.244;736.6;2.450;60;0;0;7.144;7.232;7.131;1677;1696;1662;49.99;49.99;49.99;7196;1000;0.0;0;0.0000;0;0;65862;65862;65862
60;2014-06-08 17:57:00;909402N262;4998;65.946;48;236;236;236;236;7.111;49.99;459.4;4.176;610.7;2.225;737.3;2.429;60;0;0;7.072;7.160;7.103;1657;1679;1661;49.99;49.99;49.99;7196;1000;0.0;0;0.0000;0;0;65946;65946;65946
60;2014-06-08 17:58:00;909402N262;4958;66.028;48;236;236;237;236;7.044;49.99;460.1;4.134;611.0;2.205;738.3;2.406;60;0;0;6.997;7.089;7.047;1640;1664;1652;49.99;49.99;49.99;7196;1000;0.0;0;0.0000;0;0;66028;66028;66028
60;2014-06-08 17:59:00;909402N262;4910;66.110;48;237;237;237;237;6.968;50.00;462.4;4.069;611.1;2.185;738.0;2.387;60;0;0;6.915;7.019;6.970;1622;1650;1636;50.00;50.00;50.00;7196;1000;0.0;0;0.0000;0;0;66110;66110;66110
60;2014-06-08 18:00:00;909402N262;4850;66.191;48;237;237;237;237;6.878;50.02;466.0;3.981;610.6;2.161;737.1;2.361;60;0;0;6.831;6.932;6.873;1603;1630;1614;50.02;50.02;50.02;7196;1000;0.0;0;0.0000;0;0;66191;66191;66191
[wr_ende]
