20140125;130005;danfoss;My Plant;+0100
[wr_def_start]
909402N262;Inverter Type;Inverter Group;Hanzl
[wr_def_end]
[wr]
INTERVAL;TIMESTAMP;SERIAL;P_AC;E_DAY;T_WR;U_AC;U_AC_1;U_AC_2;U_AC_3;I_AC;F_AC;U_DC_1;I_DC_1;U_DC_2;I_DC_2;U_DC_3;I_DC_3;S;E_WR;M_WR;I_AC_1;I_AC_2;I_AC_3;P_AC_1;P_AC_2;P_AC_3;F_AC_1;F_AC_2;F_AC_3;R_DC;PC;PCS;PCS_LL;COS_PHI;COS_PHI_LL;S_COS_PHI;Current_Day_Energy;current_Day_Offset;ccEnergyOfDay_WithoutOffset
60;2014-01-25 12:01:00;909402N262;5247;3.797;31;234;234;234;235;7.496;49.99;510.2;5.415;452.8;0.545;734.4;3.324;60;0;0;7.418;7.552;7.519;1723;1760;1762;49.99;49.99;49.99;12883;1000;0.0;0;0.0000;0;0;3797;3797;3797
60;2014-01-25 12:02:00;909402N262;6014;3.897;31;233;232;233;234;8.617;49.99;512.6;5.461;282.0;3.024;742.4;3.334;60;0;0;8.535;8.686;8.630;1979;2021;2012;49.99;49.99;49.99;12883;1000;0.0;0;0.0000;0;0;3897;3897;3897
60;2014-01-25 12:03:00;909402N262;5991;3.997;31;233;232;234;234;8.586;50.00;499.2;5.591;285.1;2.989;742.5;3.315;60;0;0;8.488;8.653;8.619;1963;2015;2011;50.00;50.00;50.00;12883;1000;0.0;0;0.0000;0;0;3997;3997;3997
60;2014-01-25 12:04:00;909402N262;6043;4.098;31;233;232;233;233;8.676;50.01;496.9;5.652;286.5;2.981;760.0;3.286;60;0;0;8.587;8.718;8.723;1985;2025;2031;50.01;50.01;50.01;12883;1000;0.0;0;0.0000;0;0;4098;4098;4098
60;2014-01-25 12:05:00;909402N262;6135;4.200;32;233;232;233;234;8.802;50.00;498.9;5.700;286.0;3.022;770.1;3.307;60;0;0;8.704;8.861;8.842;2012;2061;2060;50.01;50.00;50.01;12883;1000;0.0;0;0.0000;0;0;4200;4200;4200
60;2014-01-25 12:06:00;909402N262;6162;4.303;32;233;231;233;234;8.845;50.00;505.4;5.635;288.4;3.036;770.3;3.321;60;0;0;8.736;8.909;8.890;2017;2071;2072;50.00;50.00;50.00;12883;1000;0.0;0;0.0000;0;0;4303;4303;4303
60;2014-01-25 12:07:00;909402N262;6180;4.406;32;233;232;233;234;8.871;50.01;508.1;5.602;289.8;3.024;771.2;3.339;60;0;0;8.774;8.917;8.922;2026;2072;2079;50.01;50.01;50.01;12883;1000;0.0;0;0.0000;0;0;4406;4406;4406
60;2014-01-25 12:08:00;909402N262;6244;4.510;33;233;232;233;234;8.966;49.99;506.8;5.650;298.6;3.007;775.2;3.356;60;0;0;8.870;9.026;9.004;2048;2096;2098;49.99;49.99;49.99;12883;1000;0.0;0;0.0000;0;0;4510;4510;4510
60;2014-01-25 12:09:00;909402N262;6294;4.615;33;233;232;232;233;9.040;49.99;512.1;5.682;299.8;3.031;773.9;3.357;60;0;0;8.967;9.076;9.079;2076;2102;2114;49.99;49.99;49.99;12883;1000;0.0;0;0.0000;0;0;4615;4615;4615
60;2014-01-25 12:10:00;909402N262;6314;4.720;34;233;232;233;233;9.063;49.98;506.3;5.771;299.1;3.049;772.2;3.370;60;0;0;8.970;9.136;9.084;2075;2122;2115;49.98;49.98;49.98;12883;1000;0.0;0;0.0000;0;0;4720;4720;4720
60;2014-01-25 12:11:00;909402N262;6306;4.825;34;233;232;233;233;9.044;49.98;510.9;5.711;298.7;3.040;769.7;3.378;60;0;0;8.986;9.122;9.025;2084;2123;2097;49.98;49.98;49.98;12883;1000;0.0;0;0.0000;0;0;4825;4825;4825
60;2014-01-25 12:12:00;909402N262;6387;4.931;34;233;233;233;233;9.155;49.99;540.3;5.516;298.9;3.056;774.0;3.383;60;0;0;9.103;9.231;9.132;2115;2148;2123;49.99;49.99;49.99;12883;1000;0.0;0;0.0000;0;0;4931;4931;4931
60;2014-01-25 12:13:00;909402N262;6463;5.040;35;233;232;233;233;9.261;49.98;529.3;5.684;299.1;3.065;787.0;3.381;60;0;0;9.184;9.347;9.252;2129;2178;2153;49.98;49.98;49.98;12883;1000;0.0;0;0.0000;0;0;5040;5040;5040
60;2014-01-25 12:14:00;909402N262;6420;5.147;35;232;231;233;233;9.205;49.99;529.6;5.598;298.9;3.034;794.5;3.362;60;0;0;9.102;9.281;9.232;2102;2164;2152;49.99;49.99;49.99;12883;1000;0.0;0;0.0000;0;0;5147;5147;5147
60;2014-01-25 12:15:00;909402N262;6507;5.254;35;233;232;234;233;9.319;49.99;531.9;5.617;299.2;3.079;794.7;3.425;60;0;0;9.225;9.398;9.334;2135;2193;2177;49.99;49.99;49.99;12883;1000;0.0;0;0.0000;0;0;5254;5254;5254
60;2014-01-25 12:16:00;909402N262;6390;5.361;35;233;233;233;233;9.131;49.98;542.6;5.398;294.9;3.034;787.6;3.404;60;0;0;9.069;9.172;9.153;2113;2142;2134;49.98;49.98;49.98;12883;1000;0.0;0;0.0000;0;0;5361;5361;5361
60;2014-01-25 12:17:00;909402N262;6411;5.468;35;233;233;233;233;9.172;49.99;549.7;5.312;299.3;3.045;795.0;3.394;60;0;0;9.122;9.222;9.174;2123;2147;2137;49.99;49.99;49.99;12883;1000;0.0;0;0.0000;0;0;5468;5468;5468
60;2014-01-25 12:18:00;909402N262;6448;5.576;36;233;234;233;233;9.227;49.98;557.1;5.269;299.3;3.066;794.8;3.417;60;0;0;9.203;9.255;9.225;2149;2151;2147;49.98;49.98;49.98;12883;1000;0.0;0;0.0000;0;0;5576;5576;5576
60;2014-01-25 12:19:00;909402N262;6543;5.685;36;233;234;233;233;9.350;49.97;563.0;5.205;326.0;3.067;794.8;3.437;60;0;0;9.324;9.376;9.352;2180;2183;2177;49.97;49.97;49.97;12883;1000;0.0;0;0.0000;0;0;5685;5685;5685
60;2014-01-25 12:20:00;909402N262;6509;5.793;36;233;234;233;233;9.313;49.98;566.5;5.074;331.7;3.068;794.7;3.444;60;0;0;9.296;9.342;9.302;2172;2172;2163;49.98;49.98;49.98;12883;1000;0.0;0;0.0000;0;0;5793;5793;5793
60;2014-01-25 12:21:00;909402N262;6545;5.902;36;233;233;233;233;9.365;49.98;534.7;5.458;331.5;3.062;794.9;3.449;60;0;0;9.339;9.418;9.340;2177;2195;2171;49.98;49.98;49.98;12883;1000;0.0;0;0.0000;0;0;5902;5902;5902
60;2014-01-25 12:22:00;909402N262;6653;6.013;36;233;233;234;233;9.511;50.00;518.9;5.760;331.3;3.081;794.9;3.484;60;0;0;9.471;9.571;9.492;2208;2235;2208;50.00;50.00;50.00;12883;1000;0.0;0;0.0000;0;0;6013;6013;6013
60;2014-01-25 12:23:00;909402N262;6755;6.126;36;233;233;234;233;9.641;49.99;525.2;5.715;376.0;2.979;794.8;3.478;60;0;0;9.598;9.718;9.608;2239;2275;2238;49.99;49.99;49.99;12883;1000;0.0;0;0.0000;0;0;6126;6126;6126
60;2014-01-25 12:24:00;909402N262;7057;6.243;36;233;233;233;234;10.078;50.01;528.8;5.712;484.5;2.885;794.7;3.482;60;0;0;10.038;10.105;10.093;2343;2353;2360;50.01;50.01;50.01;12883;1000;0.0;0;0.0000;0;0;6243;6243;6243
60;2014-01-25 12:25:00;909402N262;7203;6.362;37;233;233;233;234;10.280;50.00;540.9;5.661;514.2;2.921;794.8;3.479;60;0;0;10.221;10.318;10.302;2384;2407;2410;50.00;50.00;50.00;12883;1000;0.0;0;0.0000;0;0;6362;6362;6362
60;2014-01-25 12:26:00;909402N262;7379;6.486;37;233;233;233;234;10.538;50.00;551.4;5.651;549.8;2.905;794.8;3.516;60;0;0;10.482;10.563;10.570;2446;2457;2474;50.00;50.00;50.00;12883;1000;0.0;0;0.0000;0;0;6486;6486;6486
60;2014-01-25 12:27:00;909402N262;7556;6.612;37;233;233;232;233;10.806;50.00;547.8;5.678;613.5;2.918;794.8;3.504;60;0;0;10.774;10.811;10.833;2516;2508;2529;50.00;50.00;50.00;12883;1000;0.0;0;0.0000;0;0;6612;6612;6612
60;2014-01-25 12:28:00;909402N262;7583;6.738;37;233;233;233;233;10.834;50.00;541.8;5.675;645.2;2.911;794.9;3.466;60;0;0;10.784;10.879;10.841;2519;2533;2528;50.00;50.00;50.00;12883;1000;0.0;0;0.0000;0;0;6738;6738;6738
60;2014-01-25 12:29:00;909402N262;7649;6.867;37;233;234;232;233;10.921;50.00;543.6;5.673;651.1;2.950;794.9;3.486;60;0;0;10.903;10.942;10.920;2556;2542;2548;50.00;50.00;50.00;12883;1000;0.0;0;0.0000;0;0;6867;6867;6867
60;2014-01-25 12:30:00;909402N262;7707;6.994;37;233;234;232;233;11.007;50.00;545.1;5.685;650.3;2.980;795.0;3.523;60;0;0;11.002;11.002;11.018;2580;2552;2573;50.00;50.00;50.00;12883;1000;0.0;0;0.0000;0;0;6994;6994;6994
60;2014-01-25 12:31:00;909402N262;7568;7.121;38;233;234;232;233;10.813;49.99;531.2;5.750;634.8;2.967;789.5;3.514;60;0;0;10.808;10.812;10.819;2533;2510;2524;49.99;49.99;49.99;12883;1000;0.0;0;0.0000;0;0;7121;7121;7121
60;2014-01-25 12:32:00;909402N262;7698;7.249;38;233;234;232;233;11.007;49.98;503.3;6.137;660.6;2.946;795.4;3.517;60;0;0;10.994;11.028;10.999;2574;2561;2561;49.98;49.98;49.98;12883;1000;0.0;0;0.0000;0;0;7249;7249;7249
60;2014-01-25 12:33:00;909402N262;7714;7.378;38;234;234;233;234;11.013;49.97;509.1;6.078;667.2;2.948;795.0;3.506;60;0;0;10.983;11.028;11.030;2571;2562;2578;49.97;49.97;49.97;12883;1000;0.0;0;0.0000;0;0;7378;7378;7378
60;2014-01-25 12:34:00;909402N262;7735;7.507;38;234;234;233;234;11.042;49.97;520.3;5.989;665.2;2.949;795.2;3.508;60;0;0;11.018;11.053;11.057;2579;2570;2584;49.97;49.97;49.97;12883;1000;0.0;0;0.0000;0;0;7507;7507;7507
60;2014-01-25 12:35:00;909402N262;7768;7.637;38;234;234;233;234;11.086;49.98;512.6;6.135;664.0;2.954;795.2;3.515;60;0;0;11.043;11.104;11.113;2579;2585;2602;49.98;49.98;49.98;12883;1000;0.0;0;0.0000;0;0;7637;7637;7637
60;2014-01-25 12:36:00;909402N262;7764;7.766;39;234;234;233;235;11.077;50.00;525.5;5.997;662.8;2.953;795.3;3.510;60;0;0;11.018;11.106;11.108;2572;2587;2604;50.00;50.00;50.00;12883;1000;0.0;0;0.0000;0;0;7766;7766;7766
60;2014-01-25 12:37:00;909402N262;7855;7.898;39;234;233;233;235;11.205;49.99;529.6;6.030;659.7;2.996;795.3;3.544;60;0;0;11.132;11.244;11.239;2595;2622;2636;49.99;49.99;49.99;12883;1000;0.0;0;0.0000;0;0;7898;7898;7898
60;2014-01-25 12:38:00;909402N262;7822;8.030;39;234;233;234;235;11.145;50.00;524.0;6.020;662.1;2.987;795.3;3.551;60;0;0;11.033;11.190;11.214;2565;2617;2638;50.00;50.00;50.00;12883;1000;0.0;0;0.0000;0;0;8030;8030;8030
60;2014-01-25 12:39:00;909402N262;7812;8.160;39;234;233;234;235;11.127;50.00;529.1;5.962;670.8;2.943;795.2;3.546;60;0;0;11.018;11.179;11.186;2562;2617;2631;50.00;50.00;50.00;12883;1000;0.0;0;0.0000;0;0;8160;8160;8160
60;2014-01-25 12:40:00;909402N262;7918;8.292;39;234;233;234;236;11.266;49.99;525.7;6.139;671.1;2.955;795.3;3.574;60;0;0;11.164;11.331;11.304;2599;2655;2662;49.99;49.99;49.99;12883;1000;0.0;0;0.0000;0;0;8292;8292;8292
60;2014-01-25 12:41:00;909402N262;7986;8.425;39;235;234;234;236;11.351;50.00;524.6;6.215;670.9;2.978;795.4;3.600;60;0;0;11.263;11.390;11.400;2631;2666;2687;50.00;50.00;50.00;12883;1000;0.0;0;0.0000;0;0;8425;8425;8425
60;2014-01-25 12:42:00;909402N262;8018;8.559;39;235;234;234;236;11.393;50.00;523.1;6.262;670.0;2.992;795.2;3.615;60;0;0;11.297;11.437;11.446;2639;2679;2698;50.00;50.00;50.00;12883;1000;0.0;0;0.0000;0;0;8559;8559;8559
60;2014-01-25 12:43:00;909402N262;8011;8.692;39;235;234;234;236;11.371;50.00;521.3;6.279;669.7;2.989;795.3;3.615;60;0;0;11.298;11.389;11.427;2646;2668;2696;50.01;50.01;50.00;12883;1000;0.0;0;0.0000;0;0;8692;8692;8692
60;2014-01-25 12:44:00;909402N262;7974;8.823;39;235;235;234;236;11.319;50.02;520.7;6.260;670.8;2.970;795.4;3.597;60;0;0;11.246;11.304;11.407;2636;2642;2695;50.02;50.02;50.02;12883;1000;0.0;0;0.0000;0;0;8823;8823;8823
60;2014-01-25 12:45:00;909402N262;8010;8.956;39;235;235;234;236;11.361;50.02;519.4;6.295;673.5;2.984;795.5;3.607;60;0;0;11.286;11.366;11.431;2647;2663;2698;50.02;50.02;50.02;12883;1000;0.0;0;0.0000;0;0;8956;8956;8956
60;2014-01-25 12:46:00;909402N262;8003;9.090;39;235;235;235;236;11.345;50.01;514.3;6.315;674.4;3.026;795.7;3.614;60;0;0;11.267;11.371;11.398;2642;2671;2688;50.01;50.01;50.01;12883;1000;0.0;0;0.0000;0;0;9090;9090;9090
60;2014-01-25 12:47:00;909402N262;8103;9.225;39;235;234;236;236;11.478;50.02;517.1;6.345;692.2;3.011;795.2;3.619;60;0;0;11.386;11.523;11.525;2669;2713;2719;50.02;50.02;50.02;12883;1000;0.0;0;0.0000;0;0;9225;9225;9225
60;2014-01-25 12:48:00;909402N262;8083;9.360;39;235;233;236;236;11.462;50.01;515.2;6.344;689.8;3.023;795.2;3.605;60;0;0;11.324;11.528;11.535;2640;2719;2722;50.01;50.01;50.01;12883;1000;0.0;0;0.0000;0;0;9360;9360;9360
60;2014-01-25 12:49:00;909402N262;8052;9.494;40;235;233;236;236;11.427;50.01;513.8;6.340;689.5;3.013;795.2;3.591;60;0;0;11.302;11.500;11.481;2634;2708;2708;50.01;50.01;50.01;12883;1000;0.0;0;0.0000;0;0;9494;9494;9494
60;2014-01-25 12:50:00;909402N262;8039;9.627;40;235;233;235;236;11.419;50.00;513.7;6.335;688.9;3.006;795.3;3.585;60;0;0;11.301;11.486;11.471;2631;2699;2706;50.00;50.00;50.00;12883;1000;0.0;0;0.0000;0;0;9627;9627;9627
60;2014-01-25 12:51:00;909402N262;8062;9.762;40;235;234;235;236;11.445;50.00;513.6;6.352;688.1;3.015;795.1;3.598;60;0;0;11.355;11.485;11.495;2653;2694;2713;50.00;50.00;50.00;12883;1000;0.0;0;0.0000;0;0;9762;9762;9762
60;2014-01-25 12:52:00;909402N262;8023;9.896;40;235;235;234;236;11.379;50.00;513.8;6.319;688.4;2.997;795.3;3.584;60;0;0;11.338;11.384;11.415;2660;2667;2694;50.00;50.00;50.00;12883;1000;0.0;0;0.0000;0;0;9896;9896;9896
60;2014-01-25 12:53:00;909402N262;8032;10.029;40;235;234;235;236;11.390;50.01;515.9;6.290;689.3;2.995;795.2;3.597;60;0;0;11.323;11.412;11.436;2652;2678;2699;50.01;50.01;50.01;12883;1000;0.0;0;0.0000;0;0;10029;10029;10029
60;2014-01-25 12:54:00;909402N262;8066;10.163;40;235;234;235;237;11.435;50.02;513.9;6.350;689.8;2.998;795.1;3.613;60;0;0;11.340;11.465;11.502;2650;2696;2718;50.02;50.02;50.02;12883;1000;0.0;0;0.0000;0;0;10163;10163;10163
60;2014-01-25 12:55:00;909402N262;8090;10.299;40;235;233;236;236;11.478;50.01;514.3;6.367;689.9;3.003;795.3;3.624;60;0;0;11.343;11.526;11.566;2638;2718;2732;50.01;50.01;50.01;12883;1000;0.0;0;0.0000;0;0;10299;10299;10299
60;2014-01-25 12:56:00;909402N262;8095;10.434;41;235;233;236;236;11.483;50.01;514.1;6.375;690.3;3.004;795.3;3.625;60;0;0;11.348;11.535;11.567;2641;2720;2733;50.01;50.01;50.01;12883;1000;0.0;0;0.0000;0;0;10434;10434;10434
60;2014-01-25 12:57:00;909402N262;8169;10.570;41;235;233;236;236;11.593;50.01;538.9;6.190;690.8;3.014;795.2;3.634;60;0;0;11.475;11.655;11.650;2676;2746;2745;50.01;50.01;50.01;12883;1000;0.0;0;0.0000;0;0;10570;10570;10570
60;2014-01-25 12:58:00;909402N262;8197;10.707;41;235;233;236;236;11.633;50.01;550.0;6.134;690.1;3.009;795.2;3.627;60;0;0;11.495;11.710;11.694;2676;2764;2755;50.01;50.01;50.01;12883;1000;0.0;0;0.0000;0;0;10707;10707;10707
60;2014-01-25 12:59:00;909402N262;8153;10.843;41;235;234;236;235;11.572;50.01;545.1;6.182;689.5;2.983;795.2;3.602;60;0;0;11.458;11.647;11.613;2676;2744;2731;50.01;50.01;50.01;12883;1000;0.0;0;0.0000;0;0;10843;10843;10843
60;2014-01-25 13:00:00;909402N262;8200;10.979;41;235;234;236;235;11.634;50.00;550.1;6.192;689.0;2.989;795.2;3.613;60;0;0;11.536;11.717;11.651;2695;2762;2741;50.00;50.00;50.00;12883;1000;0.0;0;0.0000;0;0;10979;10979;10979
[wr_ende]
