20140603;150003;danfoss;My Plant;+0100
[wr_def_start]
909402N262;Inverter Type;Inverter Group;Hanzl
[wr_def_end]
[wr]
INTERVAL;TIMESTAMP;SERIAL;P_AC;E_DAY;T_WR;U_AC;U_AC_1;U_AC_2;U_AC_3;I_AC;F_AC;U_DC_1;I_DC_1;U_DC_2;I_DC_2;U_DC_3;I_DC_3;S;E_WR;M_WR;I_AC_1;I_AC_2;I_AC_3;P_AC_1;P_AC_2;P_AC_3;F_AC_1;F_AC_2;F_AC_3;R_DC;PC;PCS;PCS_LL;COS_PHI;COS_PHI_LL;S_COS_PHI;Current_Day_Energy;current_Day_Offset;ccEnergyOfDay_WithoutOffset
60;2014-06-03 14:01:00;909402N262;11003;25.615;49;237;238;237;237;15.447;49.97;484.2;9.028;607.2;5.081;751.9;5.036;60;0;0;15.438;15.449;15.455;3668;3665;3667;49.97;49.97;49.97;10591;1000;0.0;0;0.0000;0;0;25615;25615;25615
60;2014-06-03 14:02:00;909402N262;10950;25.798;49;237;237;237;237;15.389;49.98;486.6;8.942;610.2;5.002;750.5;4.991;60;0;0;15.383;15.375;15.410;3649;3644;3656;49.98;49.98;49.98;10591;1000;0.0;0;0.0000;0;0;25798;25798;25798
60;2014-06-03 14:03:00;909402N262;9288;25.951;49;236;236;237;237;13.095;49.98;489.9;7.615;609.5;4.281;747.3;4.154;60;0;0;13.040;13.120;13.125;3078;3100;3107;49.98;49.98;49.98;10591;1000;0.0;0;0.0000;0;0;25951;25951;25951
60;2014-06-03 14:04:00;909402N262;8934;26.101;49;236;236;236;236;12.598;49.98;495.2;7.355;611.9;4.022;752.0;3.974;60;0;0;12.586;12.584;12.624;2971;2978;2983;49.98;49.98;49.98;10591;1000;0.0;0;0.0000;0;0;26101;26101;26101
60;2014-06-03 14:05:00;909402N262;10862;26.281;49;237;237;236;237;15.295;49.98;491.2;8.860;614.7;4.864;755.6;4.918;60;0;0;15.312;15.293;15.282;3628;3614;3618;49.98;49.98;49.98;10591;1000;0.0;0;0.0000;0;0;26281;26281;26281
60;2014-06-03 14:06:00;909402N262;10739;26.461;49;237;236;237;237;15.112;49.97;489.5;8.787;613.5;4.806;754.2;4.882;60;0;0;15.044;15.138;15.156;3555;3590;3591;49.97;49.97;49.97;10591;1000;0.0;0;0.0000;0;0;26461;26461;26461
60;2014-06-03 14:07:00;909402N262;10598;26.637;49;237;236;237;237;14.913;49.97;489.4;8.685;612.4;4.743;752.3;4.832;60;0;0;14.856;14.937;14.948;3513;3543;3541;49.97;49.97;49.97;10591;1000;0.0;0;0.0000;0;0;26637;26637;26637
60;2014-06-03 14:08:00;909402N262;10525;26.813;49;237;237;237;237;14.803;49.98;489.7;8.623;612.3;4.699;752.2;4.804;60;0;0;14.801;14.818;14.792;3512;3509;3502;49.98;49.98;49.98;10591;1000;0.0;0;0.0000;0;0;26813;26813;26813
60;2014-06-03 14:09:00;909402N262;10467;26.988;49;237;237;237;237;14.727;49.99;489.4;8.583;611.8;4.668;750.7;4.790;60;0;0;14.665;14.772;14.745;3470;3503;3492;49.99;49.99;49.99;10591;1000;0.0;0;0.0000;0;0;26988;26988;26988
60;2014-06-03 14:10:00;909402N262;10430;27.158;50;237;237;237;237;14.677;49.97;489.0;8.561;611.8;4.653;750.2;4.776;60;0;0;14.626;14.699;14.706;3461;3485;3481;49.97;49.97;49.97;10591;1000;0.0;0;0.0000;0;0;27158;27158;27158
60;2014-06-03 14:11:00;909402N262;10401;27.332;50;237;237;236;237;14.630;50.00;488.6;8.540;611.5;4.643;750.3;4.764;60;0;0;14.613;14.612;14.665;3471;3454;3473;50.00;50.00;50.00;10591;1000;0.0;0;0.0000;0;0;27332;27332;27332
60;2014-06-03 14:12:00;909402N262;10348;27.505;50;237;237;236;237;14.574;49.99;488.5;8.499;611.3;4.618;750.6;4.739;60;0;0;14.570;14.519;14.633;3450;3427;3469;49.99;49.99;49.99;10591;1000;0.0;0;0.0000;0;0;27505;27505;27505
60;2014-06-03 14:13:00;909402N262;10355;27.677;50;236;236;236;237;14.595;49.98;488.0;8.507;611.3;4.623;750.8;4.746;60;0;0;14.554;14.552;14.681;3439;3435;3479;49.98;49.98;49.98;10591;1000;0.0;0;0.0000;0;0;27677;27677;27677
60;2014-06-03 14:14:00;909402N262;10397;27.850;50;236;237;236;236;14.664;49.96;489.3;8.519;612.3;4.635;750.8;4.765;60;0;0;14.666;14.628;14.698;3473;3446;3475;49.96;49.96;49.96;10591;1000;0.0;0;0.0000;0;0;27850;27850;27850
60;2014-06-03 14:15:00;909402N262;10405;28.023;50;236;236;236;236;14.687;49.95;489.2;8.516;612.4;4.634;751.1;4.775;60;0;0;14.659;14.697;14.706;3460;3474;3469;49.95;49.95;49.95;10591;1000;0.0;0;0.0000;0;0;28023;28023;28023
60;2014-06-03 14:16:00;909402N262;9335;28.178;50;236;235;236;236;13.205;49.97;489.1;7.635;607.5;4.148;736.2;4.392;60;0;0;13.123;13.278;13.215;3087;3121;3117;49.97;49.97;49.97;10591;1000;0.0;0;0.0000;0;0;28178;28178;28178
60;2014-06-03 14:17:00;909402N262;5666;28.274;50;235;235;235;235;8.065;49.98;497.9;4.653;610.7;2.519;745.4;2.526;60;0;0;8.019;8.101;8.077;1882;1889;1891;49.98;49.98;49.98;10591;1000;0.0;0;0.0000;0;0;28274;28274;28274
60;2014-06-03 14:18:00;909402N262;7771;28.403;50;236;236;236;235;10.986;49.97;499.4;6.351;615.7;3.335;754.0;3.526;60;0;0;10.965;10.975;11.018;2582;2597;2591;49.97;49.97;49.97;10591;1000;0.0;0;0.0000;0;0;28403;28403;28403
60;2014-06-03 14:19:00;909402N262;9713;28.564;50;236;235;236;236;13.734;49.96;495.7;7.884;619.5;4.309;757.8;4.354;60;0;0;13.660;13.785;13.759;3212;3258;3243;49.96;49.96;49.96;10591;1000;0.0;0;0.0000;0;0;28564;28564;28564
60;2014-06-03 14:20:00;909402N262;10163;28.734;50;236;236;236;236;14.343;49.98;493.5;8.259;618.5;4.499;756.9;4.605;60;0;0;14.304;14.368;14.358;3378;3396;3387;49.98;49.98;49.98;10591;1000;0.0;0;0.0000;0;0;28734;28734;28734
60;2014-06-03 14:21:00;909402N262;10318;28.906;50;236;236;237;236;14.551;49.99;491.1;8.410;617.0;4.587;754.9;4.690;60;0;0;14.492;14.583;14.579;3423;3451;3442;49.99;49.99;49.99;10591;1000;0.0;0;0.0000;0;0;28906;28906;28906
60;2014-06-03 14:22:00;909402N262;10350;29.078;50;236;236;237;236;14.606;49.98;489.7;8.450;616.4;4.612;753.6;4.719;60;0;0;14.511;14.658;14.651;3419;3471;3459;49.98;49.98;49.98;10591;1000;0.0;0;0.0000;0;0;29078;29078;29078
60;2014-06-03 14:23:00;909402N262;10412;29.253;50;236;236;237;236;14.681;49.99;488.9;8.503;615.8;4.640;753.2;4.760;60;0;0;14.587;14.734;14.722;3440;3492;3478;49.99;49.99;49.99;10591;1000;0.0;0;0.0000;0;0;29253;29253;29253
60;2014-06-03 14:24:00;909402N262;10609;29.429;50;236;236;237;236;14.955;50.01;487.6;8.660;615.2;4.737;752.9;4.870;60;0;0;14.868;14.992;15.006;3504;3557;3546;50.01;50.01;50.01;10591;1000;0.0;0;0.0000;0;0;29429;29429;29429
60;2014-06-03 14:25:00;909402N262;5633;29.523;50;235;234;236;236;8.022;50.01;495.8;4.669;608.8;2.580;743.8;2.446;60;0;0;7.897;8.123;8.047;1843;1897;1892;50.01;50.01;50.01;10591;1000;0.0;0;0.0000;0;0;29523;29523;29523
60;2014-06-03 14:26:00;909402N262;8492;29.664;50;236;234;236;236;12.016;50.00;495.9;6.889;615.0;3.653;755.3;3.987;60;0;0;11.930;12.005;12.114;2785;2854;2852;50.00;50.00;50.00;10591;1000;0.0;0;0.0000;0;0;29664;29664;29664
60;2014-06-03 14:27:00;909402N262;5373;29.754;50;235;234;236;235;7.649;50.00;499.4;4.436;610.3;2.342;747.7;2.396;60;0;0;7.566;7.704;7.678;1766;1804;1800;50.00;50.00;50.00;10591;1000;0.0;0;0.0000;0;0;29754;29754;29754
60;2014-06-03 14:28:00;909402N262;4963;29.836;50;235;235;236;236;7.055;50.00;502.7;4.184;612.5;2.232;747.7;2.088;60;0;0;6.980;7.097;7.088;1629;1669;1662;50.00;50.00;50.00;10591;1000;0.0;0;0.0000;0;0;29836;29836;29836
60;2014-06-03 14:29:00;909402N262;8464;29.978;50;236;236;236;236;11.952;50.00;505.1;6.767;624.0;3.681;764.0;3.773;60;0;0;11.905;11.965;11.987;2807;2828;2827;50.00;50.00;50.00;10591;1000;0.0;0;0.0000;0;0;29978;29978;29978
60;2014-06-03 14:30:00;909402N262;7993;30.111;50;236;236;236;235;11.321;49.99;506.2;6.437;625.1;3.427;764.5;3.574;60;0;0;11.303;11.347;11.315;2667;2669;2658;49.99;49.99;49.99;10591;1000;0.0;0;0.0000;0;0;30111;30111;30111
60;2014-06-03 14:31:00;909402N262;5545;30.204;50;235;234;235;235;7.920;49.99;507.2;4.624;606.6;2.421;754.4;2.429;60;0;0;7.825;8.013;7.924;1826;1862;1854;49.99;49.99;49.99;10591;1000;0.0;0;0.0000;0;0;30204;30204;30204
60;2014-06-03 14:32:00;909402N262;9092;30.356;50;235;235;236;236;12.842;49.98;509.1;7.361;628.4;4.034;769.6;3.858;60;0;0;12.789;12.840;12.899;3001;3053;3038;49.98;49.98;49.98;10591;1000;0.0;0;0.0000;0;0;30356;30356;30356
60;2014-06-03 14:33:00;909402N262;8689;30.501;50;236;235;236;236;12.299;49.99;505.0;6.950;625.8;3.742;768.7;3.875;60;0;0;12.225;12.346;12.328;2873;2912;2903;49.99;49.99;49.99;10591;1000;0.0;0;0.0000;0;0;30501;30501;30501
60;2014-06-03 14:34:00;909402N262;9070;30.655;50;236;235;236;236;12.842;49.99;507.6;7.267;626.5;3.888;769.9;4.050;60;0;0;12.782;12.867;12.878;2999;3039;3030;49.99;49.99;49.99;10591;1000;0.0;0;0.0000;0;0;30655;30655;30655
60;2014-06-03 14:35:00;909402N262;9834;30.819;50;236;235;236;236;13.908;50.00;503.9;7.720;626.3;4.121;770.3;4.553;60;0;0;13.791;13.966;13.969;3238;3288;3299;50.00;50.00;50.00;10591;1000;0.0;0;0.0000;0;0;30819;30819;30819
60;2014-06-03 14:36:00;909402N262;7417;30.942;50;236;235;236;236;10.492;50.00;508.2;5.967;623.9;3.116;765.2;3.388;60;0;0;10.433;10.506;10.537;2451;2484;2480;50.00;50.00;50.00;10591;1000;0.0;0;0.0000;0;0;30942;30942;30942
60;2014-06-03 14:37:00;909402N262;10043;31.109;50;236;235;237;236;14.173;49.99;503.0;8.040;626.6;4.266;768.1;4.556;60;0;0;14.101;14.198;14.220;3315;3369;3357;49.99;49.99;49.99;10591;1000;0.0;0;0.0000;0;0;31109;31109;31109
60;2014-06-03 14:38:00;909402N262;9078;31.259;50;235;233;237;236;12.844;50.00;501.4;7.320;623.4;4.019;761.0;3.978;60;0;0;12.672;12.973;12.889;2959;3066;3040;50.00;50.00;50.00;10591;1000;0.0;0;0.0000;0;0;31259;31259;31259
60;2014-06-03 14:39:00;909402N262;4968;31.342;50;235;233;236;236;7.078;50.01;506.9;4.100;618.5;2.123;756.5;2.175;60;0;0;6.978;7.130;7.127;1620;1676;1671;50.01;50.01;50.01;10591;1000;0.0;0;0.0000;0;0;31342;31342;31342
60;2014-06-03 14:40:00;909402N262;4810;31.422;50;235;235;236;236;6.847;50.01;510.5;3.962;621.2;2.046;758.2;2.088;60;0;0;6.771;6.885;6.886;1579;1617;1614;50.01;50.01;50.01;10591;1000;0.0;0;0.0000;0;0;31422;31422;31422
60;2014-06-03 14:41:00;909402N262;5529;31.515;50;235;234;236;236;7.858;50.00;515.6;4.480;627.3;2.316;766.2;2.413;60;0;0;7.761;7.906;7.909;1809;1862;1856;50.00;50.00;50.00;10591;1000;0.0;0;0.0000;0;0;31515;31515;31515
60;2014-06-03 14:42:00;909402N262;10494;31.690;49;236;235;237;237;14.799;50.01;511.4;8.351;635.6;4.403;776.4;4.678;60;0;0;14.671;14.827;14.901;3446;3521;3525;50.01;50.01;50.01;10591;1000;0.0;0;0.0000;0;0;31690;31690;31690
60;2014-06-03 14:43:00;909402N262;6452;31.797;49;235;234;237;236;9.177;50.01;513.7;5.179;625.3;2.785;762.6;2.796;60;0;0;9.019;9.299;9.214;2104;2176;2170;50.01;50.01;50.01;10591;1000;0.0;0;0.0000;0;0;31797;31797;31797
60;2014-06-03 14:44:00;909402N262;3099;31.850;49;235;232;236;235;4.456;50.01;524.7;2.564;616.9;1.324;751.9;1.289;60;0;0;4.359;4.506;4.503;1001;1050;1047;50.01;50.01;50.01;10591;1000;0.0;0;0.0000;0;0;31850;31850;31850
60;2014-06-03 14:45:00;909402N262;3885;31.915;49;235;234;236;235;5.565;50.01;528.7;3.120;625.5;1.654;760.7;1.625;60;0;0;5.471;5.641;5.584;1270;1308;1305;50.01;50.01;50.01;10591;1000;0.0;0;0.0000;0;0;31915;31915;31915
60;2014-06-03 14:46:00;909402N262;5421;32.005;49;235;235;236;236;7.691;49.99;524.2;4.317;629.1;2.160;760.2;2.532;60;0;0;7.614;7.758;7.703;1776;1815;1810;49.99;49.99;49.99;10591;1000;0.0;0;0.0000;0;0;32005;32005;32005
60;2014-06-03 14:47:00;909402N262;10983;32.189;49;236;234;237;237;15.490;50.00;517.5;8.562;641.3;4.611;782.2;4.851;60;0;0;15.331;15.575;15.565;3596;3696;3688;50.00;50.00;50.00;10591;1000;0.0;0;0.0000;0;0;32189;32189;32189
60;2014-06-03 14:48:00;909402N262;11507;32.381;49;236;235;238;237;16.212;50.01;509.9;9.049;636.8;4.929;777.5;5.101;60;0;0;16.062;16.249;16.325;3771;3861;3872;50.01;50.01;50.01;10591;1000;0.0;0;0.0000;0;0;32381;32381;32381
60;2014-06-03 14:49:00;909402N262;11414;32.571;49;236;235;237;237;16.093;50.01;504.3;9.040;631.9;4.941;772.7;5.107;60;0;0;15.973;16.140;16.168;3757;3828;3827;50.01;50.01;50.01;10591;1000;0.0;0;0.0000;0;0;32571;32571;32571
60;2014-06-03 14:50:00;909402N262;11388;32.761;49;236;235;238;237;16.045;50.01;500.9;9.054;629.0;4.969;768.7;5.129;60;0;0;15.912;16.083;16.142;3739;3822;3825;50.01;50.01;50.01;10591;1000;0.0;0;0.0000;0;0;32761;32761;32761
60;2014-06-03 14:51:00;909402N262;11429;32.951;49;236;234;237;237;16.125;50.01;498.4;9.110;627.1;5.009;766.0;5.171;60;0;0;15.984;16.176;16.217;3747;3840;3840;50.01;50.01;50.01;10591;1000;0.0;0;0.0000;0;0;32951;32951;32951
60;2014-06-03 14:52:00;909402N262;11483;33.143;50;237;236;237;237;16.166;50.02;495.3;9.186;623.3;5.068;761.7;5.239;60;0;0;16.100;16.200;16.199;3803;3842;3836;50.02;50.02;50.02;10591;1000;0.0;0;0.0000;0;0;33143;33143;33143
60;2014-06-03 14:53:00;909402N262;11533;33.334;50;237;236;237;237;16.233;50.01;492.2;9.262;620.4;5.115;757.5;5.300;60;0;0;16.135;16.263;16.303;3810;3856;3865;50.01;50.01;50.01;10591;1000;0.0;0;0.0000;0;0;33334;33334;33334
60;2014-06-03 14:54:00;909402N262;11580;33.528;50;237;235;238;237;16.299;50.01;489.4;9.347;617.8;5.173;754.0;5.343;60;0;0;16.140;16.344;16.414;3794;3888;3895;50.01;50.01;50.01;10591;1000;0.0;0;0.0000;0;0;33528;33528;33528
60;2014-06-03 14:55:00;909402N262;11205;33.715;50;236;235;237;237;15.777;50.02;489.3;9.012;616.1;4.988;751.3;5.221;60;0;0;15.629;15.813;15.890;3676;3754;3772;50.02;50.02;50.02;10591;1000;0.0;0;0.0000;0;0;33715;33715;33715
60;2014-06-03 14:56:00;909402N262;7737;33.844;50;236;234;236;237;10.962;50.01;498.6;6.274;614.8;3.521;747.8;3.515;60;0;0;10.855;10.971;11.061;2541;2598;2614;50.01;50.01;50.01;10591;1000;0.0;0;0.0000;0;0;33844;33844;33844
60;2014-06-03 14:57:00;909402N262;10264;34.015;51;236;235;236;237;14.474;50.01;493.8;8.279;617.3;4.566;751.1;4.707;60;0;0;14.375;14.487;14.562;3386;3427;3449;50.01;50.01;50.01;10591;1000;0.0;0;0.0000;0;0;34015;34015;34015
60;2014-06-03 14:58:00;909402N262;10184;34.182;51;236;236;236;237;14.356;50.01;493.8;8.253;616.0;4.629;748.9;4.612;60;0;0;14.278;14.360;14.430;3369;3395;3417;50.01;50.01;50.01;10591;1000;0.0;0;0.0000;0;0;34182;34182;34182
60;2014-06-03 14:59:00;909402N262;9172;34.335;51;236;235;237;237;12.923;49.98;496.4;7.358;616.1;4.051;749.2;4.239;60;0;0;12.822;12.950;12.997;3018;3068;3082;49.98;49.98;49.98;10591;1000;0.0;0;0.0000;0;0;34335;34335;34335
60;2014-06-03 15:00:00;909402N262;10851;34.516;51;237;236;237;238;15.268;49.97;492.4;8.716;616.1;4.869;751.0;4.992;60;0;0;15.150;15.311;15.345;3571;3630;3648;49.97;49.97;49.97;10591;1000;0.0;0;0.0000;0;0;34516;34516;34516
[wr_ende]
