20140131;120000;danfoss;My Plant;+0100
[wr_def_start]
909402N262;Inverter Type;Inverter Group;Hanzl
[wr_def_end]
[wr]
INTERVAL;TIMESTAMP;SERIAL;P_AC;E_DAY;T_WR;U_AC;U_AC_1;U_AC_2;U_AC_3;I_AC;F_AC;U_DC_1;I_DC_1;U_DC_2;I_DC_2;U_DC_3;I_DC_3;S;E_WR;M_WR;I_AC_1;I_AC_2;I_AC_3;P_AC_1;P_AC_2;P_AC_3;F_AC_1;F_AC_2;F_AC_3;R_DC;PC;PCS;PCS_LL;COS_PHI;COS_PHI_LL;S_COS_PHI;Current_Day_Energy;current_Day_Offset;ccEnergyOfDay_WithoutOffset
60;2014-01-31 11:01:00;909402N262;557;0.153;22;233;232;234;233;1.082;49.96;420.5;0.067;648.8;0.063;680.4;0.738;60;0;0;0.990;1.089;1.167;164;187;204;49.96;49.96;49.96;6178;1000;0.0;0;0.0000;0;0;153;153;153
60;2014-01-31 11:02:00;909402N262;575;0.163;22;233;231;234;234;1.066;49.96;424.5;0.070;673.5;0.062;684.9;0.755;60;0;0;1.169;0.834;1.196;219;126;229;49.96;49.96;49.96;6178;1000;0.0;0;0.0000;0;0;163;163;163
60;2014-01-31 11:03:00;909402N262;604;0.173;22;233;231;234;234;1.113;49.97;424.8;0.073;675.8;0.065;685.0;0.792;60;0;0;1.180;0.980;1.179;220;164;218;49.97;49.97;49.97;6178;1000;0.0;0;0.0000;0;0;173;173;173
60;2014-01-31 11:04:00;909402N262;620;0.182;22;233;231;233;234;1.121;49.97;424.1;0.077;676.3;0.069;686.0;0.811;60;0;0;1.151;0.960;1.252;216;161;242;49.97;49.97;49.97;6178;1000;0.0;0;0.0000;0;0;182;182;182
60;2014-01-31 11:05:00;909402N262;611;0.193;22;233;232;233;234;1.094;49.97;423.9;0.074;675.5;0.066;682.0;0.804;60;0;0;1.183;0.840;1.260;228;130;251;49.97;49.97;49.97;6178;1000;0.0;0;0.0000;0;0;193;193;193
60;2014-01-31 11:06:00;909402N262;584;0.202;22;233;232;234;234;1.081;49.96;424.2;0.071;673.6;0.064;681.5;0.769;60;0;0;1.040;1.000;1.204;186;173;224;49.96;49.96;49.96;6178;1000;0.0;0;0.0000;0;0;202;202;202
60;2014-01-31 11:07:00;909402N262;554;0.213;23;233;232;234;234;1.053;49.98;423.1;0.067;674.0;0.060;682.5;0.729;60;0;0;0.969;1.034;1.158;161;184;207;49.98;49.98;49.98;6178;1000;0.0;0;0.0000;0;0;213;213;213
60;2014-01-31 11:08:00;909402N262;548;0.221;23;234;233;233;234;1.064;49.98;422.4;0.066;674.5;0.060;683.8;0.718;60;0;0;1.086;1.003;1.103;187;168;191;49.98;49.98;49.98;6178;1000;0.0;0;0.0000;0;0;221;221;221
60;2014-01-31 11:09:00;909402N262;561;0.231;23;233;233;233;234;1.073;49.98;424.1;0.069;672.4;0.062;685.0;0.733;60;0;0;0.984;1.091;1.144;159;196;203;49.98;49.98;49.98;6178;1000;0.0;0;0.0000;0;0;231;231;231
60;2014-01-31 11:10:00;909402N262;598;0.240;23;234;233;233;234;1.118;50.00;425.3;0.073;674.5;0.067;684.6;0.783;60;0;0;1.177;1.180;0.997;219;216;162;50.00;50.00;50.00;6178;1000;0.0;0;0.0000;0;0;240;240;240
60;2014-01-31 11:11:00;909402N262;616;0.251;23;234;233;233;234;1.157;49.99;425.2;0.074;675.8;0.069;683.8;0.806;60;0;0;1.132;1.191;1.150;199;213;203;49.99;49.99;49.99;6178;1000;0.0;0;0.0000;0;0;251;251;251
60;2014-01-31 11:12:00;909402N262;595;0.260;23;234;233;234;235;1.106;49.99;424.1;0.072;674.7;0.067;682.7;0.781;60;0;0;1.159;0.974;1.186;214;158;221;49.99;49.99;49.99;6178;1000;0.0;0;0.0000;0;0;260;260;260
60;2014-01-31 11:13:00;909402N262;573;0.271;23;234;233;234;235;1.090;50.00;423.7;0.069;676.0;0.063;682.8;0.751;60;0;0;1.114;0.985;1.171;196;160;215;50.00;50.00;50.00;6178;1000;0.0;0;0.0000;0;0;271;271;271
60;2014-01-31 11:14:00;909402N262;544;0.279;23;234;233;233;235;1.037;50.00;420.7;0.066;674.7;0.061;689.8;0.706;60;0;0;1.001;1.046;1.066;172;184;186;50.00;50.00;50.00;6178;1000;0.0;0;0.0000;0;0;279;279;279
60;2014-01-31 11:15:00;909402N262;523;0.288;23;234;233;233;235;1.030;49.99;419.1;0.063;670.3;0.058;688.9;0.680;60;0;0;1.015;1.020;1.055;172;169;180;49.99;49.99;49.99;6178;1000;0.0;0;0.0000;0;0;288;288;288
60;2014-01-31 11:16:00;909402N262;491;0.297;23;233;232;233;234;0.978;49.99;414.2;0.060;646.2;0.056;678.9;0.649;60;0;0;0.952;0.990;0.993;162;163;164;49.99;49.99;49.99;6178;1000;0.0;0;0.0000;0;0;297;297;297
60;2014-01-31 11:17:00;909402N262;475;0.305;23;231;230;231;232;0.947;49.99;417.7;0.058;663.9;0.051;682.9;0.623;60;0;0;0.928;0.981;0.934;153;166;154;49.99;49.99;49.99;6178;1000;0.0;0;0.0000;0;0;305;305;305
60;2014-01-31 11:18:00;909402N262;476;0.312;23;231;231;231;232;0.948;49.99;417.9;0.058;664.1;0.053;682.9;0.623;60;0;0;0.909;0.971;0.966;150;160;164;49.99;49.99;49.99;6178;1000;0.0;0;0.0000;0;0;312;312;312
60;2014-01-31 11:19:00;909402N262;481;0.321;23;232;231;231;232;0.953;49.99;417.7;0.058;665.7;0.054;683.9;0.628;60;0;0;0.915;0.998;0.947;151;169;159;49.99;49.99;49.99;6178;1000;0.0;0;0.0000;0;0;321;321;321
60;2014-01-31 11:20:00;909402N262;476;0.328;23;232;231;231;232;0.949;49.99;417.1;0.058;666.1;0.053;684.6;0.622;60;0;0;0.947;0.918;0.983;157;151;166;49.99;49.99;49.99;6178;1000;0.0;0;0.0000;0;0;328;328;328
60;2014-01-31 11:21:00;909402N262;470;0.336;23;232;232;231;232;0.936;50.00;415.3;0.057;664.9;0.051;686.3;0.613;60;0;0;0.890;0.954;0.965;147;159;163;50.00;50.00;50.00;6178;1000;0.0;0;0.0000;0;0;336;336;336
60;2014-01-31 11:22:00;909402N262;476;0.344;23;232;231;231;232;0.929;50.01;411.8;0.054;669.0;0.080;687.9;0.595;60;0;0;0.891;0.970;0.927;150;165;159;50.01;50.01;50.01;6178;1000;0.0;0;0.0000;0;0;344;344;344
60;2014-01-31 11:23:00;909402N262;841;0.359;23;231;231;231;233;1.249;50.02;414.8;0.056;700.5;0.618;685.2;0.581;60;0;0;1.189;1.287;1.273;265;288;287;50.02;50.02;50.02;6178;1000;0.0;0;0.0000;0;0;359;359;359
60;2014-01-31 11:24:00;909402N262;843;0.372;23;231;230;231;232;1.251;50.01;414.2;0.057;697.8;0.622;685.3;0.581;60;0;0;1.190;1.288;1.275;265;288;287;50.01;50.01;50.01;6178;1000;0.0;0;0.0000;0;0;372;372;372
60;2014-01-31 11:25:00;909402N262;898;0.388;23;231;231;231;233;1.329;50.01;418.1;0.059;698.4;0.661;687.5;0.618;60;0;0;1.270;1.364;1.354;284;306;306;50.01;50.01;50.01;6178;1000;0.0;0;0.0000;0;0;388;388;388
60;2014-01-31 11:26:00;909402N262;961;0.403;23;231;230;231;232;1.420;50.01;417.4;0.064;701.0;0.702;692.4;0.658;60;0;0;1.361;1.455;1.445;304;327;327;50.01;50.01;50.01;6178;1000;0.0;0;0.0000;0;0;403;403;403
60;2014-01-31 11:27:00;909402N262;1000;0.420;23;231;230;231;232;1.476;50.01;420.7;0.066;703.0;0.728;702.1;0.673;60;0;0;1.418;1.509;1.502;317;340;341;50.01;50.01;50.01;6178;1000;0.0;0;0.0000;0;0;420;420;420
60;2014-01-31 11:28:00;909402N262;966;0.435;23;231;230;231;232;1.429;50.00;419.1;0.064;705.2;0.698;702.7;0.655;60;0;0;1.368;1.466;1.455;305;330;329;50.00;50.00;50.00;6178;1000;0.0;0;0.0000;0;0;435;435;435
60;2014-01-31 11:29:00;909402N262;892;0.451;23;231;230;231;232;1.323;50.00;419.5;0.059;702.2;0.647;700.4;0.606;60;0;0;1.260;1.362;1.349;281;305;304;50.00;50.00;50.00;6178;1000;0.0;0;0.0000;0;0;451;451;451
60;2014-01-31 11:30:00;909402N262;872;0.466;23;231;230;231;232;1.294;50.00;419.7;0.058;696.5;0.641;699.3;0.591;60;0;0;1.231;1.335;1.316;274;299;296;50.00;50.00;50.00;6178;1000;0.0;0;0.0000;0;0;466;466;466
60;2014-01-31 11:31:00;909402N262;882;0.480;23;231;230;231;232;1.318;49.97;416.6;0.060;681.1;0.658;699.4;0.606;60;0;0;1.260;1.352;1.343;279;300;301;49.97;49.97;49.97;6178;1000;0.0;0;0.0000;0;0;480;480;480
60;2014-01-31 11:32:00;909402N262;947;0.496;24;231;230;230;232;1.404;49.98;419.5;0.064;694.3;0.699;701.3;0.639;60;0;0;1.344;1.441;1.427;300;323;323;49.98;49.98;49.98;6178;1000;0.0;0;0.0000;0;0;496;496;496
60;2014-01-31 11:33:00;909402N262;1020;0.513;24;231;230;230;232;1.507;49.99;422.2;0.068;697.5;0.748;702.5;0.688;60;0;0;1.447;1.543;1.531;324;347;348;49.99;49.99;49.99;6178;1000;0.0;0;0.0000;0;0;513;513;513
60;2014-01-31 11:34:00;909402N262;1068;0.531;24;231;230;231;232;1.571;50.00;422.4;0.072;701.6;0.775;700.8;0.724;60;0;0;1.510;1.610;1.594;339;364;362;50.00;50.00;50.00;6178;1000;0.0;0;0.0000;0;0;531;531;531
60;2014-01-31 11:35:00;909402N262;1091;0.549;24;231;231;231;231;1.605;50.00;423.2;0.074;700.8;0.792;701.5;0.739;60;0;0;1.548;1.642;1.627;348;371;370;50.00;50.00;50.00;6178;1000;0.0;0;0.0000;0;0;549;549;549
60;2014-01-31 11:36:00;909402N262;1110;0.567;24;231;232;231;232;1.630;50.00;424.1;0.075;703.8;0.799;704.0;0.751;60;0;0;1.582;1.666;1.644;358;376;374;50.00;50.00;50.00;6178;1000;0.0;0;0.0000;0;0;567;567;567
60;2014-01-31 11:37:00;909402N262;1102;0.586;24;231;231;231;231;1.620;49.99;423.8;0.074;704.2;0.794;703.8;0.746;60;0;0;1.568;1.656;1.637;354;374;372;49.99;49.99;49.99;6178;1000;0.0;0;0.0000;0;0;586;586;586
60;2014-01-31 11:38:00;909402N262;1118;0.604;24;231;232;231;232;1.643;50.00;423.6;0.077;702.0;0.809;705.5;0.753;60;0;0;1.597;1.678;1.656;361;379;376;50.00;50.00;50.00;6178;1000;0.0;0;0.0000;0;0;604;604;604
60;2014-01-31 11:39:00;909402N262;1160;0.624;24;231;231;231;231;1.757;50.00;424.2;0.075;704.2;0.800;746.8;0.771;60;0;0;1.712;1.803;1.757;374;397;387;50.00;50.00;50.00;6178;1000;0.0;0;0.0000;0;0;624;624;624
60;2014-01-31 11:40:00;909402N262;1147;0.643;24;231;231;232;230;1.753;50.01;424.0;0.074;706.6;0.777;754.8;0.764;60;0;0;1.710;1.804;1.747;371;395;380;50.01;50.01;50.01;6178;1000;0.0;0;0.0000;0;0;643;643;643
60;2014-01-31 11:41:00;909402N262;1118;0.662;24;231;231;232;229;1.718;50.00;424.1;0.071;707.0;0.753;753.7;0.749;60;0;0;1.687;1.773;1.695;364;386;366;50.00;50.00;50.00;6178;1000;0.0;0;0.0000;0;0;662;662;662
60;2014-01-31 11:42:00;909402N262;1066;0.679;24;230;231;232;229;1.656;49.99;422.3;0.068;704.3;0.722;751.6;0.715;60;0;0;1.626;1.714;1.629;347;369;348;49.99;49.99;49.99;6178;1000;0.0;0;0.0000;0;0;679;679;679
60;2014-01-31 11:43:00;909402N262;1031;0.697;24;231;231;232;229;1.610;50.01;421.1;0.066;701.2;0.704;751.8;0.689;60;0;0;1.579;1.664;1.588;335;356;337;50.00;50.01;50.00;6178;1000;0.0;0;0.0000;0;0;697;697;697
60;2014-01-31 11:44:00;909402N262;1010;0.713;24;231;231;232;230;1.584;50.02;420.0;0.065;700.7;0.690;751.2;0.676;60;0;0;1.551;1.641;1.560;328;351;330;50.02;50.02;50.02;6178;1000;0.0;0;0.0000;0;0;713;713;713
60;2014-01-31 11:45:00;909402N262;988;0.730;24;231;231;232;230;1.555;50.02;416.2;0.063;699.4;0.678;748.1;0.663;60;0;0;1.517;1.601;1.547;320;340;326;50.02;50.02;50.02;6178;1000;0.0;0;0.0000;0;0;730;730;730
60;2014-01-31 11:46:00;909402N262;965;0.746;24;231;230;232;230;1.520;50.00;413.2;0.062;682.0;0.676;741.4;0.662;60;0;0;1.484;1.574;1.502;312;334;317;50.00;50.00;50.00;6178;1000;0.0;0;0.0000;0;0;746;746;746
60;2014-01-31 11:47:00;909402N262;964;0.762;24;231;231;232;231;1.564;50.00;416.2;0.062;702.9;0.653;747.9;0.653;60;0;0;1.527;1.624;1.542;310;336;316;50.00;50.00;50.00;6178;1000;0.0;0;0.0000;0;0;762;762;762
60;2014-01-31 11:48:00;909402N262;892;0.777;24;231;230;232;231;1.472;49.99;414.6;0.057;699.2;0.610;745.6;0.604;60;0;0;1.449;1.517;1.452;289;310;291;49.99;49.99;49.99;6178;1000;0.0;0;0.0000;0;0;777;777;777
60;2014-01-31 11:49:00;909402N262;862;0.792;25;231;231;232;231;1.441;50.00;412.8;0.054;694.7;0.598;743.5;0.582;60;0;0;1.432;1.469;1.423;282;296;282;50.00;50.00;50.00;6178;1000;0.0;0;0.0000;0;0;792;792;792
60;2014-01-31 11:50:00;909402N262;841;0.807;25;231;230;232;231;1.427;50.01;412.4;0.054;695.1;0.583;742.4;0.571;60;0;0;1.415;1.459;1.409;275;290;275;50.01;50.01;50.01;6178;1000;0.0;0;0.0000;0;0;807;807;807
60;2014-01-31 11:51:00;909402N262;811;0.819;25;231;230;232;231;1.393;50.01;413.6;0.050;695.5;0.559;741.2;0.550;60;0;0;1.378;1.429;1.374;264;279;265;50.01;50.01;50.01;6178;1000;0.0;0;0.0000;0;0;819;819;819
60;2014-01-31 11:52:00;909402N262;803;0.833;25;231;230;232;231;1.386;50.00;412.8;0.050;689.8;0.563;740.6;0.543;60;0;0;1.366;1.424;1.369;260;276;263;50.00;50.00;50.00;6178;1000;0.0;0;0.0000;0;0;833;833;833
60;2014-01-31 11:53:00;909402N262;850;0.847;25;231;230;232;232;1.433;50.00;412.2;0.054;690.3;0.596;742.2;0.572;60;0;0;1.414;1.471;1.416;275;293;279;50.00;50.00;50.00;6178;1000;0.0;0;0.0000;0;0;847;847;847
60;2014-01-31 11:54:00;909402N262;947;0.862;25;231;229;232;232;1.542;50.01;418.0;0.061;699.7;0.648;746.8;0.639;60;0;0;1.501;1.600;1.527;302;329;313;50.01;50.01;50.01;6178;1000;0.0;0;0.0000;0;0;862;862;862
60;2014-01-31 11:55:00;909402N262;1042;0.880;25;231;229;232;231;1.673;50.01;421.7;0.067;702.8;0.707;749.9;0.702;60;0;0;1.630;1.748;1.643;334;364;342;50.01;50.01;50.01;6178;1000;0.0;0;0.0000;0;0;880;880;880
60;2014-01-31 11:56:00;909402N262;1055;0.897;25;231;229;232;231;1.689;50.01;422.7;0.068;704.4;0.713;749.5;0.712;60;0;0;1.645;1.757;1.667;338;368;347;50.01;50.01;50.01;6178;1000;0.0;0;0.0000;0;0;897;897;897
60;2014-01-31 11:57:00;909402N262;1007;0.914;25;231;229;232;231;1.626;49.99;420.1;0.065;703.2;0.681;749.4;0.681;60;0;0;1.576;1.694;1.608;322;351;333;49.99;49.99;49.99;6178;1000;0.0;0;0.0000;0;0;914;914;914
60;2014-01-31 11:58:00;909402N262;925;0.930;25;231;230;232;232;1.516;50.01;418.0;0.059;698.1;0.634;745.1;0.626;60;0;0;1.480;1.569;1.499;297;321;305;50.01;50.01;50.01;6178;1000;0.0;0;0.0000;0;0;930;930;930
60;2014-01-31 11:59:00;909402N262;822;0.943;25;231;230;232;232;1.404;50.01;413.5;0.052;692.7;0.572;742.6;0.556;60;0;0;1.382;1.436;1.396;267;282;271;50.01;50.01;50.01;6178;1000;0.0;0;0.0000;0;0;943;943;943
60;2014-01-31 12:00:00;909402N262;761;0.956;25;231;230;232;232;1.330;50.01;412.4;0.049;686.1;0.536;740.7;0.515;60;0;0;1.308;1.361;1.321;247;260;251;50.01;50.01;50.01;6178;1000;0.0;0;0.0000;0;0;956;956;956
[wr_ende]
