20150225;120004;danfoss;My Plant;+0100
[wr_def_start]
909402N262;Inverter Type;Inverter Group;Hanzl
[wr_def_end]
[wr]
INTERVAL;TIMESTAMP;SERIAL;P_AC;E_DAY;T_WR;U_AC;U_AC_1;U_AC_2;U_AC_3;I_AC;F_AC;U_DC_1;I_DC_1;U_DC_2;I_DC_2;U_DC_3;I_DC_3;S;E_WR;M_WR;I_AC_1;I_AC_2;I_AC_3;P_AC_1;P_AC_2;P_AC_3;F_AC_1;F_AC_2;F_AC_3;R_DC;PC;PCS;PCS_LL;COS_PHI;COS_PHI_LL;S_COS_PHI;Current_Day_Energy;current_Day_Offset;ccEnergyOfDay_WithoutOffset
60;2015-02-25 11:01:00;909402N262;1429;2.349;33;233;232;233;234;2.260;49.99;583.6;1.079;635.7;0.595;721.8;0.615;60;0;0;2.191;2.302;2.288;456;487;484;49.99;49.99;49.99;11149;1000;0.0;0;1.0000;0;2;2349;2349;2349
60;2015-02-25 11:02:00;909402N262;1450;2.373;33;233;232;232;234;2.284;49.99;592.2;1.075;652.8;0.586;721.9;0.615;60;0;0;2.220;2.319;2.314;465;491;492;49.99;49.99;49.99;11149;1000;0.0;0;1.0000;0;2;2373;2373;2373
60;2015-02-25 11:03:00;909402N262;1464;2.398;33;233;232;231;234;2.305;49.99;595.5;1.080;654.0;0.590;722.8;0.621;60;0;0;2.242;2.330;2.343;471;492;500;49.99;49.99;49.99;11149;1000;0.0;0;1.0000;0;2;2398;2398;2398
60;2015-02-25 11:04:00;909402N262;1510;2.422;33;232;232;231;234;2.366;49.99;598.0;1.108;655.9;0.607;723.6;0.640;60;0;0;2.303;2.390;2.405;485;507;516;49.99;49.99;49.99;11149;1000;0.0;0;1.0000;0;2;2422;2422;2422
60;2015-02-25 11:05:00;909402N262;1591;2.449;33;233;233;232;235;2.469;49.98;599.1;1.166;658.3;0.636;725.5;0.673;60;0;0;2.410;2.495;2.504;514;534;541;49.99;49.99;49.99;11149;1000;0.0;0;1.0000;0;2;2449;2449;2449
60;2015-02-25 11:06:00;909402N262;1672;2.478;33;233;233;232;235;2.581;49.99;599.1;1.230;658.4;0.665;726.7;0.705;60;0;0;2.520;2.608;2.615;541;561;568;49.99;49.99;49.99;11149;1000;0.0;0;1.0000;0;2;2478;2478;2478
60;2015-02-25 11:07:00;909402N262;1717;2.505;33;233;233;232;234;2.642;50.01;598.2;1.268;658.0;0.682;725.8;0.725;60;0;0;2.583;2.673;2.670;556;578;581;50.01;50.01;50.01;11149;1000;0.0;0;1.0000;0;2;2505;2505;2505
60;2015-02-25 11:08:00;909402N262;1738;2.534;33;233;233;232;234;2.664;50.01;597.1;1.286;658.2;0.690;725.5;0.734;60;0;0;2.605;2.691;2.698;563;583;590;50.01;50.01;50.01;11149;1000;0.0;0;1.0000;0;2;2534;2534;2534
60;2015-02-25 11:09:00;909402N262;1756;2.564;33;233;233;232;234;2.690;50.01;596.9;1.296;658.9;0.699;726.5;0.742;60;0;0;2.633;2.722;2.717;570;590;594;50.01;50.01;50.01;11149;1000;0.0;0;1.0000;0;2;2564;2564;2564
60;2015-02-25 11:10:00;909402N262;1793;2.593;33;233;233;232;234;2.739;50.01;597.3;1.318;658.7;0.717;727.3;0.757;60;0;0;2.684;2.762;2.772;583;600;608;50.01;50.01;50.01;11149;1000;0.0;0;1.0000;0;2;2593;2593;2593
60;2015-02-25 11:11:00;909402N262;1864;2.625;33;233;233;231;234;2.835;50.01;599.4;1.362;657.8;0.749;727.5;0.790;60;0;0;2.783;2.849;2.875;607;621;634;50.01;50.01;50.01;11149;1000;0.0;0;1.0000;0;2;2625;2625;2625
60;2015-02-25 11:12:00;909402N262;2017;2.659;33;233;233;232;234;3.049;50.01;597.3;1.473;658.9;0.809;731.3;0.853;60;0;0;2.990;3.071;3.088;657;673;685;50.01;50.01;50.01;11149;1000;0.0;0;1.0000;0;2;2659;2659;2659
60;2015-02-25 11:13:00;909402N262;2240;2.696;33;233;233;231;235;3.357;50.01;596.3;1.645;659.9;0.893;735.7;0.942;60;0;0;3.299;3.365;3.407;732;743;763;50.01;50.01;50.01;11149;1000;0.0;0;1.0000;0;2;2696;2696;2696
60;2015-02-25 11:14:00;909402N262;2337;2.735;33;233;234;231;235;3.497;50.01;596.7;1.725;661.5;0.921;739.8;0.976;60;0;0;3.430;3.518;3.544;763;778;794;50.01;50.01;50.01;11149;1000;0.0;0;1.0000;0;2;2735;2735;2735
60;2015-02-25 11:15:00;909402N262;2369;2.774;33;233;233;232;234;3.540;50.01;590.1;1.781;662.9;0.924;738.7;0.987;60;0;0;3.474;3.568;3.579;773;793;801;50.01;50.01;50.01;11149;1000;0.0;0;1.0000;0;2;2774;2774;2774
60;2015-02-25 11:16:00;909402N262;2353;2.813;33;233;232;232;234;3.522;49.99;578.6;1.813;646.4;0.936;736.4;0.992;60;0;0;3.444;3.565;3.559;763;794;794;49.99;49.99;49.99;11149;1000;0.0;0;1.0000;0;2;2813;2813;2813
60;2015-02-25 11:17:00;909402N262;2392;2.854;33;233;233;233;234;3.576;49.99;587.2;1.813;661.7;0.933;734.6;1.000;60;0;0;3.506;3.617;3.606;779;805;807;49.99;49.99;49.99;11149;1000;0.0;0;1.0000;0;2;2854;2854;2854
60;2015-02-25 11:18:00;909402N262;2386;2.893;33;233;233;232;234;3.561;49.99;595.9;1.784;661.3;0.934;731.9;0.997;60;0;0;3.493;3.591;3.601;778;798;808;49.99;49.99;49.99;11149;1000;0.0;0;1.0000;0;2;2893;2893;2893
60;2015-02-25 11:19:00;909402N262;2417;2.935;33;233;233;232;234;3.596;49.99;591.1;1.822;662.5;0.946;731.6;1.011;60;0;0;3.534;3.622;3.633;791;808;817;49.99;49.99;49.99;11149;1000;0.0;0;1.0000;0;2;2935;2935;2935
60;2015-02-25 11:20:00;909402N262;2469;2.976;33;233;233;232;233;3.669;50.00;591.0;1.860;661.8;0.967;730.9;1.034;60;0;0;3.609;3.706;3.694;808;830;829;50.00;50.00;50.00;11149;1000;0.0;0;1.0000;0;2;2976;2976;2976
60;2015-02-25 11:21:00;909402N262;2496;3.018;33;233;233;232;233;3.704;50.00;592.9;1.875;662.8;0.975;731.3;1.046;60;0;0;3.645;3.737;3.730;818;838;838;50.00;50.00;50.00;11149;1000;0.0;0;1.0000;0;2;3018;3018;3018
60;2015-02-25 11:22:00;909402N262;2471;3.057;33;233;233;232;233;3.667;49.99;591.2;1.862;663.0;0.965;730.3;1.036;60;0;0;3.606;3.692;3.705;809;826;834;49.99;49.99;49.99;11149;1000;0.0;0;1.0000;0;2;3057;3057;3057
60;2015-02-25 11:23:00;909402N262;2407;3.098;33;233;233;233;233;3.574;49.99;589.6;1.816;662.0;0.944;730.5;1.008;60;0;0;3.518;3.607;3.597;789;808;808;49.99;49.99;49.99;11149;1000;0.0;0;1.0000;0;2;3098;3098;3098
60;2015-02-25 11:24:00;909402N262;2370;3.137;33;234;233;233;234;3.521;50.01;590.2;1.782;658.3;0.938;728.9;0.995;60;0;0;3.453;3.557;3.553;772;796;799;50.01;50.01;50.01;11149;1000;0.0;0;1.0000;0;2;3137;3137;3137
60;2015-02-25 11:25:00;909402N262;2349;3.176;34;234;234;233;235;3.487;50.00;590.0;1.767;657.9;0.930;729.1;0.986;60;0;0;3.422;3.517;3.522;766;788;793;50.00;50.00;50.00;11149;1000;0.0;0;1.0000;0;2;3176;3176;3176
60;2015-02-25 11:26:00;909402N262;2330;3.216;34;234;234;233;234;3.461;50.01;589.8;1.756;658.7;0.919;728.7;0.980;60;0;0;3.402;3.492;3.490;761;782;785;50.01;50.01;50.01;11149;1000;0.0;0;1.0000;0;2;3216;3216;3216
60;2015-02-25 11:27:00;909402N262;2270;3.253;34;234;234;233;234;3.378;50.02;590.5;1.714;658.1;0.893;728.1;0.953;60;0;0;3.321;3.414;3.401;742;763;763;50.02;50.02;50.02;11149;1000;0.0;0;1.0000;0;2;3253;3253;3253
60;2015-02-25 11:28:00;909402N262;2191;3.291;34;234;234;234;234;3.267;50.02;591.4;1.653;657.7;0.863;727.8;0.919;60;0;0;3.210;3.303;3.288;715;738;736;50.02;50.02;50.02;11149;1000;0.0;0;1.0000;0;2;3291;3291;3291
60;2015-02-25 11:29:00;909402N262;2118;3.325;34;234;234;234;234;3.165;50.02;593.0;1.590;657.3;0.838;727.0;0.890;60;0;0;3.112;3.199;3.186;692;713;711;50.02;50.02;50.02;11149;1000;0.0;0;1.0000;0;2;3325;3325;3325
60;2015-02-25 11:30:00;909402N262;2072;3.360;34;234;234;234;234;3.101;50.00;593.8;1.550;656.9;0.822;726.5;0.871;60;0;0;3.037;3.141;3.126;673;700;697;50.00;50.00;50.00;11149;1000;0.0;0;1.0000;0;2;3360;3360;3360
60;2015-02-25 11:31:00;909402N262;2019;3.393;34;234;233;234;235;3.034;50.01;589.5;1.524;641.1;0.817;727.7;0.855;60;0;0;2.967;3.065;3.070;653;681;683;50.01;50.01;50.01;11149;1000;0.0;0;1.0000;0;2;3393;3393;3393
60;2015-02-25 11:32:00;909402N262;1993;3.428;34;234;234;234;234;2.998;49.99;593.9;1.489;659.9;0.788;727.1;0.837;60;0;0;2.940;3.039;3.015;648;674;669;49.99;49.99;49.99;11149;1000;0.0;0;1.0000;0;2;3428;3428;3428
60;2015-02-25 11:33:00;909402N262;1942;3.459;34;234;234;234;234;2.930;49.99;592.7;1.456;656.9;0.772;725.5;0.817;60;0;0;2.881;2.969;2.942;634;656;650;49.99;49.99;49.99;11149;1000;0.0;0;1.0000;0;2;3459;3459;3459
60;2015-02-25 11:34:00;909402N262;1888;3.491;34;234;234;234;234;2.850;49.98;591.2;1.421;657.1;0.749;724.9;0.794;60;0;0;2.805;2.887;2.859;618;638;630;49.98;49.98;49.98;11149;1000;0.0;0;1.0000;0;2;3491;3491;3491
60;2015-02-25 11:35:00;909402N262;1838;3.522;34;234;234;234;234;2.782;49.99;588.5;1.392;657.2;0.727;725.1;0.771;60;0;0;2.733;2.814;2.800;600;620;617;49.99;49.99;49.99;11149;1000;0.0;0;1.0000;0;2;3522;3522;3522
60;2015-02-25 11:36:00;909402N262;1781;3.551;34;234;235;234;234;2.705;49.99;587.2;1.353;656.1;0.707;726.0;0.745;60;0;0;2.664;2.733;2.718;584;600;596;49.99;49.99;49.99;11149;1000;0.0;0;1.0000;0;2;3551;3551;3551
60;2015-02-25 11:37:00;909402N262;1744;3.581;34;234;234;234;233;2.657;49.99;586.8;1.321;655.0;0.697;725.8;0.729;60;0;0;2.617;2.695;2.660;572;591;580;49.99;49.99;49.99;11149;1000;0.0;0;1.0000;0;2;3581;3581;3581
60;2015-02-25 11:38:00;909402N262;1741;3.609;34;234;234;234;234;2.653;49.99;587.3;1.311;654.3;0.699;724.5;0.731;60;0;0;2.599;2.695;2.667;565;590;583;49.99;49.99;49.99;11149;1000;0.0;0;1.0000;0;2;3609;3609;3609
60;2015-02-25 11:39:00;909402N262;1772;3.639;34;234;234;234;234;2.696;49.99;587.8;1.334;654.8;0.711;725.0;0.745;60;0;0;2.637;2.739;2.712;574;601;595;49.99;49.99;49.99;11149;1000;0.0;0;1.0000;0;2;3639;3639;3639
60;2015-02-25 11:40:00;909402N262;1804;3.670;34;234;234;234;235;2.739;49.98;588.1;1.361;655.5;0.721;726.3;0.756;60;0;0;2.676;2.778;2.765;584;610;608;49.98;49.98;49.98;11149;1000;0.0;0;1.0000;0;2;3670;3670;3670
60;2015-02-25 11:41:00;909402N262;1799;3.699;34;234;234;234;235;2.734;49.99;588.7;1.359;655.7;0.718;727.3;0.751;60;0;0;2.675;2.769;2.759;584;607;607;49.99;49.99;49.99;11149;1000;0.0;0;1.0000;0;2;3699;3699;3699
60;2015-02-25 11:42:00;909402N262;1777;3.729;34;234;234;234;235;2.701;49.99;589.8;1.336;655.4;0.711;725.5;0.744;60;0;0;2.641;2.739;2.725;576;600;598;49.99;49.99;49.99;11149;1000;0.0;0;1.0000;0;2;3729;3729;3729
60;2015-02-25 11:43:00;909402N262;1780;3.759;34;234;234;234;235;2.709;50.01;590.6;1.333;656.1;0.714;726.4;0.746;60;0;0;2.654;2.745;2.730;578;601;599;50.01;50.01;50.01;11149;1000;0.0;0;1.0000;0;2;3759;3759;3759
60;2015-02-25 11:44:00;909402N262;1807;3.788;34;234;234;234;235;2.745;50.01;591.7;1.349;656.3;0.726;726.2;0.758;60;0;0;2.686;2.779;2.770;586;610;610;50.01;50.01;50.01;11149;1000;0.0;0;1.0000;0;2;3788;3788;3788
60;2015-02-25 11:45:00;909402N262;1835;3.818;34;234;233;234;235;2.782;50.00;592.2;1.368;657.1;0.738;726.4;0.769;60;0;0;2.717;2.820;2.810;593;620;620;50.00;50.00;50.00;11149;1000;0.0;0;1.0000;0;2;3818;3818;3818
60;2015-02-25 11:46:00;909402N262;1835;3.850;34;234;234;234;235;2.784;49.99;587.5;1.380;648.0;0.747;719.7;0.780;60;0;0;2.724;2.821;2.807;594;620;618;49.99;49.99;49.99;11149;1000;0.0;0;1.0000;0;2;3850;3850;3850
60;2015-02-25 11:47:00;909402N262;1851;3.880;34;234;234;234;235;2.800;50.00;591.5;1.383;657.9;0.742;727.5;0.775;60;0;0;2.743;2.834;2.825;602;623;624;50.00;50.00;50.00;11149;1000;0.0;0;1.0000;0;2;3880;3880;3880
60;2015-02-25 11:48:00;909402N262;1841;3.910;34;234;234;233;236;2.788;50.02;591.5;1.376;658.8;0.737;727.1;0.770;60;0;0;2.725;2.812;2.828;597;616;626;50.02;50.02;50.01;11149;1000;0.0;0;1.0000;0;2;3910;3910;3910
60;2015-02-25 11:49:00;909402N262;1830;3.942;34;234;233;234;235;2.780;50.01;593.6;1.361;658.8;0.733;726.7;0.767;60;0;0;2.712;2.819;2.809;590;619;619;50.01;50.01;50.01;11149;1000;0.0;0;1.0000;0;2;3942;3942;3942
60;2015-02-25 11:50:00;909402N262;1820;3.972;34;231;230;231;232;2.808;50.02;595.6;1.348;659.6;0.728;724.1;0.765;60;0;0;2.743;2.850;2.832;588;616;614;50.02;50.02;50.02;11149;1000;0.0;0;1.0000;0;2;3972;3972;3972
60;2015-02-25 11:51:00;909402N262;1809;4.001;34;231;230;231;232;2.786;50.01;596.6;1.338;659.7;0.722;723.3;0.761;60;0;0;2.721;2.821;2.818;584;609;613;50.01;50.01;50.01;11149;1000;0.0;0;1.0000;0;2;4001;4001;4001
60;2015-02-25 11:52:00;909402N262;1795;4.031;34;231;230;231;232;2.767;50.02;596.3;1.330;659.9;0.715;722.4;0.757;60;0;0;2.700;2.802;2.801;579;606;609;50.02;50.02;50.02;11149;1000;0.0;0;1.0000;0;2;4031;4031;4031
60;2015-02-25 11:53:00;909402N262;1786;4.062;34;231;230;231;233;2.750;50.02;596.3;1.324;659.3;0.712;722.9;0.752;60;0;0;2.680;2.784;2.786;574;602;607;50.02;50.02;50.02;11149;1000;0.0;0;1.0000;0;2;4062;4062;4062
60;2015-02-25 11:54:00;909402N262;1777;4.091;34;231;230;232;232;2.737;50.01;596.6;1.315;659.3;0.710;722.1;0.749;60;0;0;2.672;2.778;2.761;573;602;599;50.01;50.01;50.01;11149;1000;0.0;0;1.0000;0;2;4091;4091;4091
60;2015-02-25 11:55:00;909402N262;1755;4.120;34;231;230;232;232;2.708;50.01;596.9;1.297;659.7;0.701;722.2;0.740;60;0;0;2.643;2.751;2.731;566;595;592;50.01;50.01;50.01;11149;1000;0.0;0;1.0000;0;2;4120;4120;4120
60;2015-02-25 11:56:00;909402N262;1711;4.149;34;231;231;231;232;2.646;50.01;597.5;1.264;659.3;0.683;722.0;0.720;60;0;0;2.583;2.682;2.675;553;578;579;50.01;50.01;50.01;11149;1000;0.0;0;1.0000;0;2;4149;4149;4149
60;2015-02-25 11:57:00;909402N262;1643;4.176;34;232;232;231;233;2.548;50.02;598.1;1.215;659.0;0.653;722.8;0.690;60;0;0;2.487;2.577;2.582;531;553;557;50.02;50.02;50.02;11149;1000;0.0;0;1.0000;0;2;4176;4176;4176
60;2015-02-25 11:58:00;909402N262;1562;4.202;34;232;232;232;233;2.441;50.01;598.6;1.159;658.0;0.620;720.9;0.657;60;0;0;2.380;2.475;2.470;504;527;529;50.01;50.01;50.01;11149;1000;0.0;0;1.0000;0;2;4202;4202;4202
60;2015-02-25 11:59:00;909402N262;1485;4.227;34;232;231;231;232;2.348;50.01;596.7;1.109;656.6;0.588;720.9;0.623;60;0;0;2.287;2.384;2.373;478;502;503;50.01;50.01;50.01;11149;1000;0.0;0;1.0000;0;2;4227;4227;4227
60;2015-02-25 12:00:00;909402N262;1424;4.251;34;232;231;231;232;2.272;49.96;577.6;1.102;655.4;0.563;719.0;0.597;60;0;0;2.211;2.307;2.298;458;482;482;49.96;49.96;49.96;11149;1000;0.0;0;1.0000;0;2;4251;4251;4251
[wr_ende]
