20140623;070000;danfoss;My Plant;+0100
[wr_def_start]
909402N262;Inverter Type;Inverter Group;Hanzl
[wr_def_end]
[wr]
INTERVAL;TIMESTAMP;SERIAL;P_AC;E_DAY;T_WR;U_AC;U_AC_1;U_AC_2;U_AC_3;I_AC;F_AC;U_DC_1;I_DC_1;U_DC_2;I_DC_2;U_DC_3;I_DC_3;S;E_WR;M_WR;I_AC_1;I_AC_2;I_AC_3;P_AC_1;P_AC_2;P_AC_3;F_AC_1;F_AC_2;F_AC_3;R_DC;PC;PCS;PCS_LL;COS_PHI;COS_PHI_LL;S_COS_PHI;Current_Day_Energy;current_Day_Offset;ccEnergyOfDay_WithoutOffset
60;2014-06-23 06:01:00;909402N262;175;0.087;32;235;235;235;235;0.411;50.01;515.4;0.170;556.3;0.082;675.3;0.063;60;0;0;0.376;0.522;0.336;51;76;46;50.02;50.02;50.02;16128;1000;0.0;0;0.0000;0;0;87;87;87
60;2014-06-23 06:02:00;909402N262;184;0.090;32;234;234;234;234;0.425;50.01;526.3;0.174;569.9;0.085;676.8;0.066;60;0;0;0.396;0.526;0.355;53;78;51;50.01;50.01;50.01;16128;1000;0.0;0;0.0000;0;0;90;90;90
60;2014-06-23 06:03:00;909402N262;192;0.093;32;234;234;234;234;0.514;49.99;528.4;0.180;570.7;0.088;661.5;0.069;60;0;0;0.463;0.601;0.480;48;81;61;49.99;49.99;49.99;16128;1000;0.0;0;0.0000;0;0;93;93;93
60;2014-06-23 06:04:00;909402N262;200;0.097;32;234;234;233;234;0.448;49.98;527.1;0.187;579.5;0.091;679.6;0.071;60;0;0;0.424;0.516;0.405;61;77;61;49.98;49.98;49.98;16128;1000;0.0;0;0.0000;0;0;97;97;97
60;2014-06-23 06:05:00;909402N262;206;0.100;32;234;234;233;234;0.452;49.97;529.8;0.191;577.8;0.095;683.3;0.073;60;0;0;0.403;0.549;0.405;58;85;61;49.97;49.97;49.97;16128;1000;0.0;0;0.0000;0;0;100;100;100
60;2014-06-23 06:06:00;909402N262;212;0.103;32;233;234;233;234;0.466;49.98;530.4;0.195;575.3;0.099;681.6;0.075;60;0;0;0.427;0.548;0.424;64;83;63;49.98;49.98;49.98;16128;1000;0.0;0;0.0000;0;0;103;103;103
60;2014-06-23 06:07:00;909402N262;216;0.107;32;233;233;232;234;0.453;49.97;531.4;0.199;580.1;0.101;690.3;0.076;60;0;0;0.400;0.544;0.415;64;85;64;49.97;49.97;49.97;16128;1000;0.0;0;0.0000;0;0;107;107;107
60;2014-06-23 06:08:00;909402N262;218;0.111;32;233;233;233;233;0.510;49.98;533.2;0.201;585.0;0.101;675.0;0.078;60;0;0;0.455;0.594;0.483;62;89;65;49.98;49.98;49.98;16128;1000;0.0;0;0.0000;0;0;111;111;111
60;2014-06-23 06:09:00;909402N262;221;0.115;32;233;233;233;233;0.502;49.97;534.7;0.202;589.2;0.101;680.1;0.078;60;0;0;0.459;0.584;0.463;64;89;66;49.97;49.97;49.97;16128;1000;0.0;0;0.0000;0;0;115;115;115
60;2014-06-23 06:10:00;909402N262;221;0.119;32;233;233;232;233;0.580;49.97;536.4;0.203;590.2;0.102;659.1;0.081;60;0;0;0.566;0.609;0.566;64;85;71;49.97;49.97;49.97;16128;1000;0.0;0;0.0000;0;0;119;119;119
60;2014-06-23 06:11:00;909402N262;223;0.123;32;234;234;234;234;0.602;49.96;537.1;0.204;580.9;0.105;661.8;0.082;60;0;0;0.607;0.611;0.589;65;84;71;49.96;49.96;49.96;16128;1000;0.0;0;0.0000;0;0;123;123;123
60;2014-06-23 06:12:00;909402N262;223;0.126;32;235;235;235;235;0.609;49.97;537.9;0.205;580.1;0.105;661.9;0.082;60;0;0;0.565;0.654;0.608;63;86;73;49.97;49.97;49.97;16128;1000;0.0;0;0.0000;0;0;126;126;126
60;2014-06-23 06:13:00;909402N262;223;0.130;32;235;235;235;236;0.627;49.96;527.7;0.208;578.9;0.105;660.9;0.081;60;0;0;0.573;0.672;0.637;66;86;69;49.96;49.96;49.96;16128;1000;0.0;0;0.0000;0;0;130;130;130
60;2014-06-23 06:14:00;909402N262;224;0.134;32;235;235;235;236;0.637;49.96;531.1;0.209;578.7;0.105;662.5;0.082;60;0;0;0.602;0.684;0.627;64;94;63;49.96;49.96;49.96;16128;1000;0.0;0;0.0000;0;0;134;134;134
60;2014-06-23 06:15:00;909402N262;226;0.138;32;235;235;234;235;0.607;49.96;530.8;0.211;578.7;0.105;667.5;0.082;60;0;0;0.604;0.647;0.572;68;91;65;49.96;49.96;49.96;16128;1000;0.0;0;0.0000;0;0;138;138;138
60;2014-06-23 06:16:00;909402N262;227;0.141;32;235;235;234;235;0.532;49.97;522.7;0.215;568.0;0.106;671.6;0.082;60;0;0;0.500;0.581;0.517;68;87;71;49.97;49.97;49.97;16128;1000;0.0;0;0.0000;0;0;141;141;141
60;2014-06-23 06:17:00;909402N262;234;0.145;33;235;235;235;236;0.498;49.97;527.1;0.221;579.8;0.108;685.5;0.082;60;0;0;0.456;0.575;0.464;70;91;72;49.97;49.97;49.97;16128;1000;0.0;0;0.0000;0;0;145;145;145
60;2014-06-23 06:18:00;909402N262;238;0.149;33;235;235;235;235;0.502;49.96;525.8;0.227;581.3;0.109;688.0;0.083;60;0;0;0.449;0.579;0.478;70;92;75;49.96;49.96;49.96;16128;1000;0.0;0;0.0000;0;0;149;149;149
60;2014-06-23 06:19:00;909402N262;241;0.153;33;235;235;235;236;0.536;49.99;525.6;0.230;581.0;0.109;683.8;0.084;60;0;0;0.507;0.617;0.486;74;96;69;49.99;49.99;49.99;16128;1000;0.0;0;0.0000;0;0;153;153;153
60;2014-06-23 06:20:00;909402N262;241;0.157;33;235;235;234;236;0.530;50.00;525.0;0.229;581.2;0.109;684.9;0.084;60;0;0;0.516;0.603;0.473;77;95;66;50.00;50.00;50.00;16128;1000;0.0;0;0.0000;0;0;157;157;157
60;2014-06-23 06:21:00;909402N262;241;0.161;33;235;235;234;236;0.532;49.98;525.6;0.230;581.8;0.109;686.0;0.084;60;0;0;0.500;0.596;0.501;75;93;71;49.98;49.98;49.98;16128;1000;0.0;0;0.0000;0;0;161;161;161
60;2014-06-23 06:22:00;909402N262;245;0.166;33;235;235;235;236;0.519;49.99;526.1;0.234;586.6;0.109;687.7;0.085;60;0;0;0.476;0.601;0.481;75;96;73;49.99;49.99;49.99;16128;1000;0.0;0;0.0000;0;0;166;166;166
60;2014-06-23 06:23:00;909402N262;249;0.169;33;235;235;235;236;0.510;49.99;527.2;0.239;590.6;0.111;694.5;0.085;60;0;0;0.470;0.600;0.460;77;96;74;49.99;49.99;49.99;16128;1000;0.0;0;0.0000;0;0;169;169;169
60;2014-06-23 06:24:00;909402N262;251;0.173;33;235;235;235;236;0.696;50.01;528.3;0.241;593.7;0.112;668.2;0.089;60;0;0;0.652;0.694;0.744;85;98;67;50.01;50.01;50.01;16128;1000;0.0;0;0.0000;0;0;173;173;173
60;2014-06-23 06:25:00;909402N262;254;0.179;33;235;235;235;236;0.591;49.99;526.7;0.245;588.5;0.114;681.2;0.089;60;0;0;0.551;0.636;0.587;79;95;79;49.99;49.99;49.99;16128;1000;0.0;0;0.0000;0;0;179;179;179
60;2014-06-23 06:26:00;909402N262;259;0.182;33;235;235;236;236;0.576;49.98;527.7;0.248;584.7;0.117;680.7;0.092;60;0;0;0.531;0.660;0.539;77;99;80;49.98;49.98;49.98;16128;1000;0.0;0;0.0000;0;0;182;182;182
60;2014-06-23 06:27:00;909402N262;264;0.186;33;236;235;236;236;0.555;49.98;529.6;0.251;584.5;0.120;688.4;0.092;60;0;0;0.498;0.650;0.518;76;102;83;49.98;49.98;49.98;16128;1000;0.0;0;0.0000;0;0;186;186;186
60;2014-06-23 06:28:00;909402N262;269;0.192;33;235;235;236;236;0.561;49.99;528.4;0.255;591.6;0.121;690.7;0.093;60;0;0;0.508;0.659;0.516;79;106;81;49.99;49.99;49.99;16128;1000;0.0;0;0.0000;0;0;192;192;192
60;2014-06-23 06:29:00;909402N262;272;0.195;33;236;235;236;236;0.570;50.01;530.2;0.258;597.5;0.121;690.4;0.094;60;0;0;0.540;0.657;0.515;84;104;82;50.01;50.01;50.01;16128;1000;0.0;0;0.0000;0;0;195;195;195
60;2014-06-23 06:30:00;909402N262;279;0.201;33;236;235;236;236;0.563;49.99;530.5;0.262;591.7;0.125;698.0;0.096;60;0;0;0.516;0.658;0.516;84;108;85;49.99;49.99;49.99;16128;1000;0.0;0;0.0000;0;0;201;201;201
60;2014-06-23 06:31:00;909402N262;278;0.205;33;236;235;236;236;0.574;50.00;525.1;0.267;583.1;0.127;690.1;0.097;60;0;0;0.505;0.665;0.553;81;106;89;50.00;50.00;50.00;16128;1000;0.0;0;0.0000;0;0;205;205;205
60;2014-06-23 06:32:00;909402N262;285;0.210;33;235;235;236;236;0.605;49.99;532.2;0.270;591.0;0.128;690.7;0.099;60;0;0;0.450;0.736;0.631;69;116;98;49.99;49.99;49.99;16128;1000;0.0;0;0.0000;0;0;210;210;210
60;2014-06-23 06:33:00;909402N262;287;0.214;33;236;236;236;236;0.619;49.99;531.4;0.273;592.3;0.128;687.8;0.099;60;0;0;0.502;0.750;0.605;75;118;92;49.99;49.99;49.99;16128;1000;0.0;0;0.0000;0;0;214;214;214
60;2014-06-23 06:34:00;909402N262;289;0.220;33;236;237;236;236;0.626;49.99;531.1;0.275;594.5;0.128;684.2;0.101;60;0;0;0.518;0.752;0.608;76;119;92;49.99;49.99;49.99;16128;1000;0.0;0;0.0000;0;0;220;220;220
60;2014-06-23 06:35:00;909402N262;292;0.224;33;236;236;236;236;0.628;49.99;532.4;0.278;596.6;0.129;689.2;0.101;60;0;0;0.586;0.708;0.592;89;111;90;49.99;49.99;49.99;16128;1000;0.0;0;0.0000;0;0;224;224;224
60;2014-06-23 06:36:00;909402N262;293;0.230;33;237;237;236;238;0.628;49.98;532.9;0.279;597.5;0.130;689.8;0.101;60;0;0;0.609;0.716;0.561;93;113;84;49.98;49.98;49.98;16128;1000;0.0;0;0.0000;0;0;230;230;230
60;2014-06-23 06:37:00;909402N262;294;0.234;33;236;236;235;237;0.626;49.99;532.8;0.279;595.9;0.129;688.9;0.101;60;0;0;0.576;0.717;0.586;89;113;90;49.99;49.99;49.99;16128;1000;0.0;0;0.0000;0;0;234;234;234
60;2014-06-23 06:38:00;909402N262;292;0.239;33;236;236;235;237;0.627;49.99;531.9;0.278;593.5;0.128;687.2;0.101;60;0;0;0.593;0.713;0.575;91;111;87;49.99;49.99;49.99;16128;1000;0.0;0;0.0000;0;0;239;239;239
60;2014-06-23 06:39:00;909402N262;292;0.243;33;236;236;235;237;0.625;49.98;531.7;0.278;596.3;0.129;688.7;0.101;60;0;0;0.576;0.709;0.591;88;113;89;49.98;49.98;49.98;16128;1000;0.0;0;0.0000;0;0;243;243;243
60;2014-06-23 06:40:00;909402N262;297;0.249;33;236;236;235;236;0.636;49.98;532.4;0.281;602.1;0.131;687.4;0.104;60;0;0;0.583;0.726;0.599;90;114;91;49.98;49.98;49.98;16128;1000;0.0;0;0.0000;0;0;249;249;249
60;2014-06-23 06:41:00;909402N262;303;0.253;34;236;235;235;236;0.626;49.98;532.2;0.286;594.1;0.135;695.5;0.105;60;0;0;0.559;0.717;0.604;89;115;96;49.98;49.98;49.98;16128;1000;0.0;0;0.0000;0;0;253;253;253
60;2014-06-23 06:42:00;909402N262;306;0.259;34;235;236;235;236;0.625;49.98;533.1;0.289;593.0;0.137;701.0;0.105;60;0;0;0.583;0.701;0.591;95;113;95;49.98;49.98;49.98;16128;1000;0.0;0;0.0000;0;0;259;259;259
60;2014-06-23 06:43:00;909402N262;307;0.264;34;235;235;234;236;0.623;49.97;533.4;0.290;594.3;0.139;703.6;0.105;60;0;0;0.537;0.758;0.576;88;124;93;49.97;49.97;49.97;16128;1000;0.0;0;0.0000;0;0;264;264;264
60;2014-06-23 06:44:00;909402N262;309;0.269;34;236;236;235;236;0.622;49.97;533.2;0.290;596.5;0.139;705.2;0.105;60;0;0;0.591;0.740;0.537;97;122;89;49.97;49.97;49.97;16128;1000;0.0;0;0.0000;0;0;269;269;269
60;2014-06-23 06:45:00;909402N262;312;0.275;34;236;236;235;236;0.646;49.98;533.4;0.293;599.7;0.140;695.0;0.108;60;0;0;0.567;0.750;0.623;90;120;99;49.98;49.98;49.98;16128;1000;0.0;0;0.0000;0;0;275;275;275
60;2014-06-23 06:46:00;909402N262;311;0.280;34;236;237;236;237;0.642;49.98;527.7;0.296;593.3;0.140;681.9;0.111;60;0;0;0.721;0.769;0.438;117;125;68;49.98;49.98;49.98;16128;1000;0.0;0;0.0000;0;0;280;280;280
60;2014-06-23 06:47:00;909402N262;317;0.285;34;237;237;236;237;0.640;49.98;534.9;0.298;603.3;0.141;687.2;0.112;60;0;0;0.257;0.865;0.799;40;145;132;49.98;49.98;49.98;16128;1000;0.0;0;0.0000;0;0;285;285;285
60;2014-06-23 06:48:00;909402N262;322;0.290;34;237;237;236;237;0.666;49.97;534.4;0.302;598.1;0.144;688.6;0.113;60;0;0;0.449;0.822;0.729;71;134;116;49.97;49.97;49.97;16128;1000;0.0;0;0.0000;0;0;290;290;290
60;2014-06-23 06:49:00;909402N262;327;0.296;34;236;236;236;236;0.679;49.99;534.9;0.306;597.7;0.147;692.0;0.114;60;0;0;0.613;0.744;0.681;98;117;109;49.99;49.99;49.99;16128;1000;0.0;0;0.0000;0;0;296;296;296
60;2014-06-23 06:50:00;909402N262;330;0.302;34;236;236;236;236;0.671;49.99;536.1;0.308;598.2;0.147;697.9;0.114;60;0;0;0.577;0.756;0.682;93;123;111;49.99;49.99;49.99;16128;1000;0.0;0;0.0000;0;0;302;302;302
60;2014-06-23 06:51:00;909402N262;332;0.307;34;236;236;236;236;0.670;49.99;536.5;0.310;598.8;0.148;700.9;0.115;60;0;0;0.583;0.755;0.674;95;124;110;49.99;49.99;49.99;16128;1000;0.0;0;0.0000;0;0;307;307;307
60;2014-06-23 06:52:00;909402N262;333;0.313;34;236;236;236;236;0.647;49.98;536.9;0.311;599.5;0.148;697.3;0.116;60;0;0;0.337;0.835;0.770;56;145;131;49.98;49.98;49.98;16128;1000;0.0;0;0.0000;0;0;313;313;313
60;2014-06-23 06:53:00;909402N262;335;0.319;34;236;236;236;236;0.666;49.97;537.4;0.313;601.6;0.148;704.9;0.116;60;0;0;0.527;0.776;0.696;88;129;117;49.97;49.97;49.97;16128;1000;0.0;0;0.0000;0;0;319;319;319
60;2014-06-23 06:54:00;909402N262;336;0.324;34;236;236;236;236;0.659;49.99;538.0;0.314;602.6;0.148;700.7;0.117;60;0;0;0.480;0.810;0.687;81;140;114;49.99;49.99;49.99;16128;1000;0.0;0;0.0000;0;0;324;324;324
60;2014-06-23 06:55:00;909402N262;339;0.330;34;236;236;236;236;0.678;49.98;538.8;0.315;605.6;0.149;698.0;0.118;60;0;0;0.551;0.793;0.691;89;135;113;49.98;49.98;49.98;16128;1000;0.0;0;0.0000;0;0;330;330;330
60;2014-06-23 06:56:00;909402N262;343;0.335;34;236;236;235;236;0.706;49.97;535.0;0.321;608.4;0.151;691.2;0.121;60;0;0;0.621;0.779;0.719;99;127;115;49.97;49.97;49.97;16128;1000;0.0;0;0.0000;0;0;335;335;335
60;2014-06-23 06:57:00;909402N262;346;0.341;34;236;236;235;236;0.714;49.99;531.1;0.327;604.3;0.154;691.3;0.122;60;0;0;0.634;0.827;0.683;100;134;110;49.99;49.99;49.99;16128;1000;0.0;0;0.0000;0;0;341;341;341
60;2014-06-23 06:58:00;909402N262;349;0.347;34;236;236;235;236;0.720;49.99;531.0;0.329;601.3;0.156;691.3;0.124;60;0;0;0.642;0.821;0.698;104;133;111;49.99;49.99;49.99;16128;1000;0.0;0;0.0000;0;0;347;347;347
60;2014-06-23 06:59:00;909402N262;352;0.352;34;236;236;235;237;0.717;50.00;529.8;0.332;602.5;0.157;693.6;0.124;60;0;0;0.638;0.795;0.720;105;130;115;50.00;50.00;50.00;16128;1000;0.0;0;0.0000;0;0;352;352;352
60;2014-06-23 07:00:00;909402N262;355;0.358;34;235;235;235;236;0.718;50.02;527.9;0.336;604.6;0.159;696.9;0.125;60;0;0;0.605;0.817;0.734;99;135;120;50.02;50.02;50.02;16128;1000;0.0;0;0.0000;0;0;358;358;358
[wr_ende]
