20150130;140005;danfoss;My Plant;+0100
[wr_def_start]
909402N262;Inverter Type;Inverter Group;Hanzl
[wr_def_end]
[wr]
INTERVAL;TIMESTAMP;SERIAL;P_AC;E_DAY;T_WR;U_AC;U_AC_1;U_AC_2;U_AC_3;I_AC;F_AC;U_DC_1;I_DC_1;U_DC_2;I_DC_2;U_DC_3;I_DC_3;S;E_WR;M_WR;I_AC_1;I_AC_2;I_AC_3;P_AC_1;P_AC_2;P_AC_3;F_AC_1;F_AC_2;F_AC_3;R_DC;PC;PCS;PCS_LL;COS_PHI;COS_PHI_LL;S_COS_PHI;Current_Day_Energy;current_Day_Offset;ccEnergyOfDay_WithoutOffset
60;2015-01-30 13:01:00;909402N262;0;0.078;22;231;231;232;230;0.000;49.95;237.9;0.002;0.0;0.000;0.0;0.000;50;0;0;0.000;0.000;0.000;0;0;0;49.95;49.95;49.95;13728;1000;0.0;0;1.0000;0;2;78;78;77
60;2015-01-30 13:02:00;909402N262;0;0.078;22;231;231;232;230;0.000;49.95;236.3;0.002;0.0;0.000;0.0;0.000;50;0;0;0.000;0.000;0.000;0;0;0;49.95;49.95;49.95;13728;1000;0.0;0;1.0000;0;2;78;78;77
60;2015-01-30 13:03:00;909402N262;0;0.078;22;231;230;232;230;0.000;49.94;238.4;0.003;0.0;0.000;0.0;0.000;50;0;0;0.000;0.000;0.000;0;0;0;49.94;49.94;49.94;13728;1000;0.0;0;1.0000;0;2;78;78;77
60;2015-01-30 13:04:00;909402N262;0;0.078;22;230;230;232;230;0.000;49.92;236.6;0.003;0.0;0.000;0.0;0.000;50;0;0;0.000;0.000;0.000;0;0;0;49.92;49.92;49.92;13728;1000;0.0;0;1.0000;0;2;78;78;77
60;2015-01-30 13:05:00;909402N262;0;0.078;22;232;231;233;231;0.000;49.93;237.7;0.003;0.0;0.000;0.0;0.000;50;0;0;0.000;0.000;0.000;0;0;0;49.93;49.93;49.93;13728;1000;0.0;0;1.0000;0;2;78;78;77
60;2015-01-30 13:06:00;909402N262;0;0.078;22;233;232;233;233;0.000;49.95;237.5;0.003;0.0;0.000;0.0;0.000;50;0;0;0.000;0.000;0.000;0;0;0;49.95;49.95;49.95;13728;1000;0.0;0;1.0000;0;2;78;78;77
60;2015-01-30 13:07:00;909402N262;0;0.078;22;233;233;234;233;0.000;49.96;237.9;0.003;0.0;0.000;0.0;0.000;50;0;0;0.000;0.000;0.000;0;0;0;49.96;49.96;49.96;13728;1000;0.0;0;1.0000;0;2;78;78;77
60;2015-01-30 13:08:00;909402N262;0;0.078;22;233;233;234;233;0.000;49.98;238.9;0.003;0.0;0.000;0.0;0.000;50;0;0;0.000;0.000;0.000;0;0;0;49.98;49.98;49.98;13728;1000;0.0;0;1.0000;0;2;78;78;77
60;2015-01-30 13:09:00;909402N262;0;0.078;22;233;233;234;233;0.000;49.97;237.6;0.003;0.0;0.000;0.0;0.000;50;0;0;0.000;0.000;0.000;0;0;0;49.97;49.97;49.97;13728;1000;0.0;0;1.0000;0;2;78;78;77
60;2015-01-30 13:10:00;909402N262;0;0.078;22;233;233;233;233;0.000;49.98;236.9;0.002;0.0;0.000;0.0;0.000;50;0;0;0.000;0.000;0.000;0;0;0;49.98;49.98;49.98;13728;1000;0.0;0;1.0000;0;2;78;78;77
60;2015-01-30 13:11:00;909402N262;0;0.078;22;233;233;233;233;0.000;49.97;234.6;0.001;0.0;0.000;0.0;0.000;50;0;0;0.000;0.000;0.000;0;0;0;49.97;49.97;49.97;13728;1000;0.0;0;1.0000;0;2;78;78;77
60;2015-01-30 13:12:00;909402N262;0;0.078;22;233;233;233;233;0.000;49.97;236.6;0.000;0.0;0.000;0.0;0.000;50;0;0;0.000;0.000;0.000;0;0;0;49.97;49.97;49.97;13728;1000;0.0;0;1.0000;0;2;78;78;77
60;2015-01-30 13:13:00;909402N262;0;0.078;22;233;233;233;233;0.000;49.99;234.3;0.001;0.0;0.000;0.0;0.000;50;0;0;0.000;0.000;0.000;0;0;0;49.99;49.99;49.99;13728;1000;0.0;0;1.0000;0;2;78;78;77
60;2015-01-30 13:14:00;909402N262;0;0.078;22;233;233;233;233;0.000;50.00;236.1;0.000;0.0;0.000;0.0;0.000;50;0;0;0.000;0.000;0.000;0;0;0;50.00;50.00;50.00;13728;1000;0.0;0;1.0000;0;2;78;78;77
60;2015-01-30 13:15:00;909402N262;0;0.078;22;233;232;233;233;0.000;50.00;231.9;0.000;0.0;0.000;0.0;0.000;50;0;0;0.000;0.000;0.000;0;0;0;50.00;50.00;50.00;13728;1000;0.0;0;1.0000;0;2;78;78;77
60;2015-01-30 13:16:00;909402N262;0;0.078;22;233;232;233;233;0.000;49.99;231.4;0.000;0.0;0.000;0.0;0.000;50;0;0;0.000;0.000;0.000;0;0;0;49.99;49.99;49.99;13728;1000;0.0;0;1.0000;0;2;78;78;77
60;2015-01-30 13:17:00;909402N262;0;0.078;22;233;233;233;233;0.000;50.00;230.8;0.000;0.0;0.000;0.0;0.000;50;0;0;0.000;0.000;0.000;0;0;0;50.00;50.00;50.00;13728;1000;0.0;0;1.0000;0;2;78;78;77
60;2015-01-30 13:18:00;909402N262;0;0.078;22;233;232;235;233;0.000;50.00;230.3;0.000;0.0;0.000;0.0;0.000;50;0;0;0.000;0.000;0.000;0;0;0;50.00;50.00;50.00;13728;1000;0.0;0;1.0000;0;2;78;78;77
60;2015-01-30 13:19:00;909402N262;0;0.078;22;233;233;235;233;0.000;49.99;229.6;0.000;0.0;0.000;0.0;0.000;50;0;0;0.000;0.000;0.000;0;0;0;49.99;49.99;49.99;13728;1000;0.0;0;1.0000;0;2;78;78;77
60;2015-01-30 13:20:00;909402N262;0;0.078;22;233;233;234;233;0.000;49.99;228.8;0.000;0.0;0.000;0.0;0.000;50;0;0;0.000;0.000;0.000;0;0;0;49.99;49.99;49.99;13728;1000;0.0;0;1.0000;0;2;78;78;77
60;2015-01-30 13:21:00;909402N262;0;0.078;22;233;233;235;233;0.000;49.99;229.7;0.000;0.0;0.000;0.0;0.000;50;0;0;0.000;0.000;0.000;0;0;0;49.99;49.99;49.99;13728;1000;0.0;0;1.0000;0;2;78;78;77
60;2015-01-30 13:22:00;909402N262;0;0.078;22;234;233;234;233;0.000;50.01;229.6;0.000;0.0;0.000;0.0;0.000;50;0;0;0.000;0.000;0.000;0;0;0;50.01;50.01;50.01;13728;1000;0.0;0;1.0000;0;2;78;78;77
60;2015-01-30 13:23:00;909402N262;0;0.078;22;233;233;234;232;0.000;50.00;230.3;0.000;0.0;0.000;0.0;0.000;50;0;0;0.000;0.000;0.000;0;0;0;50.00;50.00;50.00;13728;1000;0.0;0;1.0000;0;2;78;78;77
60;2015-01-30 13:24:00;909402N262;0;0.078;22;233;233;234;232;0.000;50.01;231.9;0.000;0.0;0.000;0.0;0.000;50;0;0;0.000;0.000;0.000;0;0;0;50.01;50.01;50.01;13728;1000;0.0;0;1.0000;0;2;78;78;77
60;2015-01-30 13:25:00;909402N262;0;0.078;22;233;233;234;232;0.000;50.00;231.4;0.000;0.0;0.000;0.0;0.000;50;0;0;0.000;0.000;0.000;0;0;0;50.00;50.00;50.00;13728;1000;0.0;0;1.0000;0;2;78;78;77
60;2015-01-30 13:26:00;909402N262;0;0.078;22;233;233;234;232;0.000;50.01;232.3;0.000;0.0;0.000;0.0;0.000;50;0;0;0.000;0.000;0.000;0;0;0;50.01;50.01;50.01;13728;1000;0.0;0;1.0000;0;2;78;78;77
60;2015-01-30 13:27:00;909402N262;0;0.078;22;233;233;235;233;0.000;50.01;234.1;0.000;0.0;0.000;0.0;0.000;50;0;0;0.000;0.000;0.000;0;0;0;50.01;50.01;50.01;13728;1000;0.0;0;1.0000;0;2;78;78;77
60;2015-01-30 13:28:00;909402N262;0;0.078;22;233;232;235;233;0.000;50.01;233.2;0.000;0.0;0.000;0.0;0.000;50;0;0;0.000;0.000;0.000;0;0;0;50.01;50.01;50.01;13728;1000;0.0;0;1.0000;0;2;78;78;77
60;2015-01-30 13:29:00;909402N262;0;0.078;22;233;232;235;233;0.000;50.01;235.3;0.000;0.0;0.000;0.0;0.000;50;0;0;0.000;0.000;0.000;0;0;0;50.01;50.01;50.01;13728;1000;0.0;0;1.0000;0;2;78;78;77
60;2015-01-30 13:30:00;909402N262;0;0.078;22;233;232;236;233;0.000;50.00;235.6;0.000;0.0;0.000;0.0;0.000;50;0;0;0.000;0.000;0.000;0;0;0;50.00;50.00;50.00;13728;1000;0.0;0;1.0000;0;2;78;78;77
60;2015-01-30 13:31:00;909402N262;0;0.078;22;233;232;235;233;0.000;49.98;236.3;0.002;0.0;0.000;0.0;0.000;50;0;0;0.000;0.000;0.000;0;0;0;49.98;49.98;49.98;13728;1000;0.0;0;1.0000;0;2;78;78;77
60;2015-01-30 13:32:00;909402N262;0;0.078;22;233;233;235;232;0.000;49.98;236.2;0.002;0.0;0.000;0.0;0.000;50;0;0;0.000;0.000;0.000;0;0;0;49.98;49.98;49.98;13728;1000;0.0;0;1.0000;0;2;78;78;77
60;2015-01-30 13:33:00;909402N262;0;0.078;22;233;233;234;233;0.000;50.00;236.8;0.001;0.0;0.000;0.0;0.000;50;0;0;0.000;0.000;0.000;0;0;0;50.00;50.00;50.00;13728;1000;0.0;0;1.0000;0;2;78;78;77
60;2015-01-30 13:34:00;909402N262;0;0.078;22;234;234;234;233;0.000;50.00;237.9;0.002;0.0;0.000;0.0;0.000;50;0;0;0.000;0.000;0.000;0;0;0;50.00;50.00;50.00;13728;1000;0.0;0;1.0000;0;2;78;78;77
60;2015-01-30 13:35:00;909402N262;0;0.078;22;234;234;234;233;0.000;50.00;238.3;0.003;0.0;0.000;0.0;0.000;50;0;0;0.000;0.000;0.000;0;0;0;50.00;50.00;50.00;13728;1000;0.0;0;1.0000;0;2;78;78;77
60;2015-01-30 13:36:00;909402N262;0;0.078;22;233;234;234;233;0.000;50.02;237.8;0.003;0.0;0.000;0.0;0.000;50;0;0;0.000;0.000;0.000;0;0;0;50.02;50.02;50.02;13728;1000;0.0;0;1.0000;0;2;78;78;77
60;2015-01-30 13:37:00;909402N262;0;0.078;22;234;234;234;233;0.000;50.02;239.5;0.003;0.0;0.000;0.0;0.000;50;0;0;0.000;0.000;0.000;0;0;0;50.02;50.02;50.02;13728;1000;0.0;0;1.0000;0;2;78;78;77
60;2015-01-30 13:38:00;909402N262;0;0.078;22;234;234;234;233;0.000;50.01;239.8;0.005;0.0;0.000;0.0;0.000;50;0;0;0.000;0.000;0.000;0;0;0;50.01;50.01;50.01;13728;1000;0.0;0;1.0000;0;2;78;78;77
60;2015-01-30 13:39:00;909402N262;0;0.078;22;233;233;234;233;0.000;50.02;241.5;0.006;0.0;0.000;0.0;0.000;50;0;0;0.000;0.000;0.000;0;0;0;50.02;50.02;50.02;13728;1000;0.0;0;1.0000;0;2;78;78;77
60;2015-01-30 13:40:00;909402N262;0;0.078;22;233;233;235;233;0.000;50.02;244.8;0.007;0.0;0.000;0.0;0.000;50;0;0;0.000;0.000;0.000;0;0;0;50.02;50.02;50.02;13728;1000;0.0;0;1.0000;0;2;78;78;77
60;2015-01-30 13:41:00;909402N262;0;0.078;22;233;233;235;232;0.000;50.01;248.5;0.009;0.0;0.000;0.0;0.000;50;0;0;0.000;0.000;0.000;0;0;0;50.01;50.01;50.01;13728;1000;0.0;0;1.0000;0;2;78;78;77
60;2015-01-30 13:42:00;909402N262;0;0.078;22;233;233;235;232;0.000;50.01;250.6;0.011;0.0;0.000;0.0;0.000;50;0;0;0.000;0.000;0.000;0;0;0;50.01;50.01;50.01;13728;1000;0.0;0;1.0000;0;2;78;78;77
60;2015-01-30 13:43:00;909402N262;0;0.078;22;231;231;233;230;0.000;50.01;264.0;0.011;0.0;0.000;0.0;0.000;50;0;0;0.000;0.000;0.000;0;0;0;50.01;50.01;50.01;13728;1000;0.0;0;1.0000;0;2;78;78;77
60;2015-01-30 13:44:00;909402N262;0;0.078;22;231;231;232;230;0.000;50.01;272.0;0.011;0.0;0.000;0.0;0.000;50;0;0;0.000;0.000;0.000;0;0;0;50.01;50.01;50.01;13728;1000;0.0;0;1.0000;0;2;78;78;77
60;2015-01-30 13:45:00;909402N262;0;0.078;22;231;231;232;230;0.000;50.01;263.8;0.013;0.0;0.000;0.0;0.000;50;0;0;0.000;0.000;0.000;0;0;0;50.01;50.01;50.01;13728;1000;0.0;0;1.0000;0;2;78;78;77
60;2015-01-30 13:46:00;909402N262;0;0.078;22;231;231;231;230;0.000;50.00;259.2;0.014;0.0;0.000;0.0;0.000;50;0;0;0.000;0.000;0.000;0;0;0;50.00;50.00;50.00;13728;1000;0.0;0;1.0000;0;2;78;78;77
60;2015-01-30 13:47:00;909402N262;0;0.078;22;231;231;231;230;0.000;50.00;258.2;0.014;0.0;0.000;0.0;0.000;50;0;0;0.000;0.000;0.000;0;0;0;50.00;50.00;50.00;13728;1000;0.0;0;1.0000;0;2;78;78;77
60;2015-01-30 13:48:00;909402N262;0;0.078;22;231;231;231;230;0.000;50.00;258.3;0.014;0.0;0.000;0.0;0.000;50;0;0;0.000;0.000;0.000;0;0;0;50.00;50.00;50.00;13728;1000;0.0;0;1.0000;0;2;78;78;77
60;2015-01-30 13:49:00;909402N262;0;0.078;22;230;231;231;230;0.000;50.00;263.7;0.013;0.0;0.000;0.0;0.000;50;0;0;0.000;0.000;0.000;0;0;0;50.00;50.00;50.00;13728;1000;0.0;0;1.0000;0;2;78;78;77
60;2015-01-30 13:50:00;909402N262;0;0.078;21;230;231;231;229;0.000;50.01;267.7;0.012;0.0;0.000;0.0;0.000;50;0;0;0.000;0.000;0.000;0;0;0;50.01;50.01;50.01;13728;1000;0.0;0;1.0000;0;2;78;78;77
60;2015-01-30 13:51:00;909402N262;0;0.078;21;230;230;231;229;0.000;50.00;259.7;0.013;0.0;0.000;0.0;0.000;50;0;0;0.000;0.000;0.000;0;0;0;50.00;50.00;50.00;13728;1000;0.0;0;1.0000;0;2;78;78;77
60;2015-01-30 13:52:00;909402N262;0;0.078;21;230;230;231;229;0.000;50.00;251.3;0.016;0.0;0.000;0.0;0.000;50;0;0;0.000;0.000;0.000;0;0;0;50.00;50.00;50.00;13728;1000;0.0;0;1.0000;0;2;78;78;77
60;2015-01-30 13:53:00;909402N262;0;0.078;21;230;230;231;229;0.000;49.99;252.6;0.019;0.0;0.000;0.0;0.000;50;0;0;0.000;0.000;0.000;0;0;0;49.99;49.99;49.99;13728;1000;0.0;0;1.0000;0;2;78;78;77
60;2015-01-30 13:54:00;909402N262;0;0.078;21;230;231;231;229;0.000;49.99;285.4;0.013;0.0;0.000;0.0;0.000;50;0;0;0.000;0.000;0.000;0;0;0;49.99;49.99;49.99;13728;1000;0.0;0;1.0000;0;2;78;78;77
60;2015-01-30 13:55:00;909402N262;0;0.078;21;231;231;232;230;0.000;49.99;323.0;0.009;0.0;0.000;0.0;0.000;50;0;0;0.000;0.000;0.000;0;0;0;49.99;49.99;49.99;13728;1000;0.0;0;1.0000;0;2;78;78;77
60;2015-01-30 13:56:00;909402N262;0;0.078;21;231;231;232;230;0.000;50.01;360.4;0.006;0.0;0.000;0.0;0.000;50;0;0;0.000;0.000;0.000;0;0;0;50.01;50.01;50.01;13728;1000;0.0;0;1.0000;0;2;78;78;77
60;2015-01-30 13:57:00;909402N262;0;0.078;21;231;230;231;230;0.000;50.00;424.8;0.002;0.0;0.000;0.0;0.000;50;0;0;0.000;0.000;0.000;0;0;0;50.00;50.00;50.00;13728;1000;0.0;0;1.0000;0;2;78;78;77
60;2015-01-30 13:58:00;909402N262;0;0.078;21;231;230;231;230;0.000;50.01;468.7;0.000;0.0;0.000;0.0;0.000;50;0;0;0.000;0.000;0.000;0;0;0;50.01;50.01;50.01;13728;1000;0.0;0;1.0000;0;2;78;78;77
60;2015-01-30 13:59:00;909402N262;0;0.078;21;232;232;232;232;0.000;50.00;462.1;0.000;0.0;0.000;0.0;0.000;50;0;0;0.000;0.000;0.000;0;0;0;50.00;50.00;50.00;13728;1000;0.0;0;1.0000;0;2;78;78;77
60;2015-01-30 14:00:00;909402N262;0;0.078;21;233;233;234;233;0.000;49.99;420.8;0.000;0.0;0.000;0.0;0.000;50;0;0;0.000;0.000;0.000;0;0;0;49.99;49.99;49.99;13728;1000;0.0;0;1.0000;0;2;78;78;77
[wr_ende]
