20141024;100003;danfoss;My Plant;+0100
[wr_def_start]
909402N262;Inverter Type;Inverter Group;Hanzl
[wr_def_end]
[wr]
INTERVAL;TIMESTAMP;SERIAL;P_AC;E_DAY;T_WR;U_AC;U_AC_1;U_AC_2;U_AC_3;I_AC;F_AC;U_DC_1;I_DC_1;U_DC_2;I_DC_2;U_DC_3;I_DC_3;S;E_WR;M_WR;I_AC_1;I_AC_2;I_AC_3;P_AC_1;P_AC_2;P_AC_3;F_AC_1;F_AC_2;F_AC_3;R_DC;PC;PCS;PCS_LL;COS_PHI;COS_PHI_LL;S_COS_PHI;Current_Day_Energy;current_Day_Offset;ccEnergyOfDay_WithoutOffset
60;2014-10-24 09:01:00;909402N262;72;0.063;28;233;232;234;234;0.323;50.01;525.4;0.162;0.0;0.000;0.0;0.000;60;0;0;0.208;0.442;0.319;20;30;21;50.01;50.01;50.01;29513;1000;0.0;0;1.0000;0;2;63;63;63
60;2014-10-24 09:02:00;909402N262;73;0.065;28;234;233;234;234;0.315;50.00;532.4;0.160;0.0;0.000;0.0;0.000;60;0;0;0.258;0.414;0.275;18;40;14;50.00;50.00;50.00;29513;1000;0.0;0;1.0000;0;2;65;65;65
60;2014-10-24 09:03:00;909402N262;80;0.067;28;234;234;234;234;0.330;50.01;534.7;0.172;0.0;0.000;0.0;0.000;60;0;0;0.256;0.484;0.251;13;50;15;50.01;50.01;50.01;29513;1000;0.0;0;1.0000;0;2;67;67;67
60;2014-10-24 09:04:00;909402N262;91;0.067;28;234;233;234;234;0.362;50.01;537.6;0.193;0.0;0.000;0.0;0.000;60;0;0;0.316;0.456;0.314;28;46;16;50.01;50.01;50.01;29513;1000;0.0;0;1.0000;0;2;67;67;67
60;2014-10-24 09:05:00;909402N262;99;0.069;28;234;233;233;234;0.399;49.99;538.9;0.208;0.0;0.000;0.0;0.000;60;0;0;0.370;0.433;0.394;31;46;21;49.99;49.99;49.99;29513;1000;0.0;0;1.0000;0;2;69;69;69
60;2014-10-24 09:06:00;909402N262;99;0.071;28;234;233;233;235;0.384;50.00;538.2;0.207;0.0;0.000;0.0;0.000;60;0;0;0.369;0.380;0.404;39;38;22;50.00;50.00;50.00;29513;1000;0.0;0;1.0000;0;2;71;71;71
60;2014-10-24 09:07:00;909402N262;89;0.072;28;234;233;233;235;0.364;50.02;536.6;0.189;0.0;0.000;0.0;0.000;60;0;0;0.341;0.393;0.360;36;37;15;50.02;50.02;50.02;29513;1000;0.0;0;1.0000;0;2;72;72;72
60;2014-10-24 09:08:00;909402N262;91;0.074;28;234;234;233;234;0.381;50.02;538.2;0.194;0.0;0.000;0.0;0.000;60;0;0;0.376;0.403;0.366;28;45;17;50.02;50.02;50.02;29513;1000;0.0;0;1.0000;0;2;74;74;74
60;2014-10-24 09:09:00;909402N262;91;0.075;28;234;234;233;235;0.381;50.02;536.0;0.193;0.0;0.000;0.0;0.000;60;0;0;0.369;0.381;0.395;36;42;12;50.02;50.02;50.02;29513;1000;0.0;0;1.0000;0;2;75;75;75
60;2014-10-24 09:10:00;909402N262;90;0.078;28;234;234;233;235;0.402;50.03;535.4;0.192;0.0;0.000;0.0;0.000;60;0;0;0.407;0.411;0.388;31;45;14;50.03;50.03;50.03;29513;1000;0.0;0;1.0000;0;2;78;78;78
60;2014-10-24 09:11:00;909402N262;90;0.078;28;234;234;233;235;0.393;50.03;536.8;0.191;0.0;0.000;0.0;0.000;60;0;0;0.408;0.371;0.400;36;40;14;50.03;50.03;50.03;29513;1000;0.0;0;1.0000;0;2;78;78;78
60;2014-10-24 09:12:00;909402N262;92;0.080;28;233;233;232;235;0.383;50.02;538.6;0.196;0.0;0.000;0.0;0.000;60;0;0;0.357;0.333;0.459;39;36;15;50.02;50.02;50.02;29513;1000;0.0;0;1.0000;0;2;80;80;80
60;2014-10-24 09:13:00;909402N262;100;0.082;28;234;233;232;235;0.404;50.03;538.6;0.211;0.0;0.000;0.0;0.000;60;0;0;0.389;0.318;0.507;47;38;14;50.03;50.03;50.03;29513;1000;0.0;0;1.0000;0;2;82;82;82
60;2014-10-24 09:14:00;909402N262;97;0.083;28;234;234;232;236;0.416;50.02;537.0;0.205;0.0;0.000;0.0;0.000;60;0;0;0.392;0.350;0.506;41;44;11;50.02;50.02;50.02;29513;1000;0.0;0;1.0000;0;2;83;83;83
60;2014-10-24 09:15:00;909402N262;96;0.085;28;234;233;233;235;0.422;50.01;538.2;0.203;0.0;0.000;0.0;0.000;60;0;0;0.419;0.349;0.498;50;40;6;50.01;50.01;50.01;29513;1000;0.0;0;1.0000;0;2;85;85;85
60;2014-10-24 09:16:00;909402N262;96;0.087;28;234;233;233;235;0.425;50.01;539.0;0.206;0.0;0.000;0.0;0.000;60;0;0;0.402;0.350;0.524;49;38;7;50.01;50.01;50.01;29513;1000;0.0;0;1.0000;0;2;87;87;87
60;2014-10-24 09:17:00;909402N262;92;0.088;29;234;233;233;235;0.411;50.00;536.9;0.196;0.0;0.000;0.0;0.000;60;0;0;0.381;0.345;0.509;45;31;15;50.00;50.00;50.00;29513;1000;0.0;0;1.0000;0;2;88;88;88
60;2014-10-24 09:18:00;909402N262;96;0.090;29;234;234;234;235;0.458;50.01;537.2;0.205;0.0;0.000;0.0;0.000;60;0;0;0.457;0.485;0.433;40;45;11;50.01;50.01;50.01;29513;1000;0.0;0;1.0000;0;2;90;90;90
60;2014-10-24 09:19:00;909402N262;93;0.091;29;234;234;233;235;0.424;50.01;536.6;0.199;0.0;0.000;0.0;0.000;60;0;0;0.423;0.401;0.449;41;37;15;50.01;50.01;50.01;29513;1000;0.0;0;1.0000;0;2;91;91;91
60;2014-10-24 09:20:00;909402N262;89;0.093;29;234;233;233;235;0.409;50.02;535.3;0.190;0.0;0.000;0.0;0.000;60;0;0;0.386;0.381;0.462;42;34;12;50.02;50.02;50.02;29513;1000;0.0;0;1.0000;0;2;93;93;93
60;2014-10-24 09:21:00;909402N262;95;0.095;29;234;234;233;235;0.406;50.02;537.0;0.202;0.0;0.000;0.0;0.000;60;0;0;0.400;0.395;0.425;39;37;17;50.02;50.02;50.02;29513;1000;0.0;0;1.0000;0;2;95;95;95
60;2014-10-24 09:22:00;909402N262;102;0.096;29;234;234;234;234;0.419;50.02;538.1;0.213;0.0;0.000;0.0;0.000;60;0;0;0.418;0.519;0.322;32;55;13;50.02;50.02;50.02;29513;1000;0.0;0;1.0000;0;2;96;96;96
60;2014-10-24 09:23:00;909402N262;105;0.098;29;234;234;233;235;0.426;50.02;539.8;0.218;0.0;0.000;0.0;0.000;60;0;0;0.444;0.438;0.397;41;49;14;50.02;50.02;50.02;29513;1000;0.0;0;1.0000;0;2;98;98;98
60;2014-10-24 09:24:00;909402N262;101;0.100;29;234;234;234;234;0.422;50.03;538.3;0.211;0.0;0.000;0.0;0.000;60;0;0;0.399;0.499;0.370;34;47;19;50.03;50.03;50.03;29513;1000;0.0;0;1.0000;0;2;100;100;100
60;2014-10-24 09:25:00;909402N262;98;0.101;29;234;234;234;234;0.439;50.02;537.6;0.207;0.0;0.000;0.0;0.000;60;0;0;0.402;0.522;0.394;29;46;21;50.02;50.02;50.02;29513;1000;0.0;0;1.0000;0;2;101;101;101
60;2014-10-24 09:26:00;909402N262;107;0.103;29;234;234;234;235;0.456;50.02;541.1;0.223;0.0;0.000;0.0;0.000;60;0;0;0.466;0.501;0.402;40;54;14;50.02;50.02;50.02;29513;1000;0.0;0;1.0000;0;2;103;103;103
60;2014-10-24 09:27:00;909402N262;113;0.105;29;232;231;231;232;0.321;50.02;541.1;0.232;0.0;0.000;0.0;0.000;60;0;0;0.175;0.094;0.696;11;8;92;50.02;50.02;50.02;29513;1000;0.0;0;1.0000;0;2;105;105;105
60;2014-10-24 09:28:00;909402N262;111;0.106;29;231;231;231;232;0.303;50.01;545.1;0.227;0.0;0.000;0.0;0.000;60;0;0;0.123;0.097;0.690;7;10;93;50.01;50.01;50.01;29513;1000;0.0;0;1.0000;0;2;106;106;106
60;2014-10-24 09:29:00;909402N262;106;0.109;29;231;231;231;232;0.325;50.00;547.1;0.216;0.0;0.000;0.0;0.000;60;0;0;0.335;0.123;0.518;32;10;62;50.00;50.00;50.00;29513;1000;0.0;0;1.0000;0;2;109;109;109
60;2014-10-24 09:30:00;909402N262;104;0.110;29;231;231;231;232;0.316;50.00;544.6;0.213;0.0;0.000;0.0;0.000;60;0;0;0.348;0.159;0.441;41;11;51;50.00;50.00;50.00;29513;1000;0.0;0;1.0000;0;2;110;110;110
60;2014-10-24 09:31:00;909402N262;101;0.112;29;231;230;231;232;0.342;50.00;536.2;0.212;0.0;0.000;0.0;0.000;60;0;0;0.315;0.227;0.485;41;5;55;50.00;50.00;50.00;29513;1000;0.0;0;1.0000;0;2;112;112;112
60;2014-10-24 09:32:00;909402N262;106;0.114;29;231;231;231;232;0.372;50.00;541.9;0.219;0.0;0.000;0.0;0.000;60;0;0;0.295;0.339;0.482;33;34;43;50.00;50.00;50.00;29513;1000;0.0;0;1.0000;0;2;114;114;114
60;2014-10-24 09:33:00;909402N262;112;0.115;29;231;231;231;231;0.399;50.01;546.8;0.228;0.0;0.000;0.0;0.000;60;0;0;0.253;0.564;0.382;14;62;35;50.01;50.01;50.01;29513;1000;0.0;0;1.0000;0;2;115;115;115
60;2014-10-24 09:34:00;909402N262;114;0.118;29;231;231;232;231;0.395;49.99;551.1;0.230;0.0;0.000;0.0;0.000;60;0;0;0.244;0.668;0.273;16;74;22;49.99;49.99;49.99;29513;1000;0.0;0;1.0000;0;2;118;118;118
60;2014-10-24 09:35:00;909402N262;117;0.120;29;231;231;232;232;0.393;50.01;548.3;0.237;0.0;0.000;0.0;0.000;60;0;0;0.290;0.587;0.303;26;63;26;50.01;50.01;50.01;29513;1000;0.0;0;1.0000;0;2;120;120;120
60;2014-10-24 09:36:00;909402N262;116;0.122;29;231;230;232;232;0.417;50.01;544.0;0.237;0.0;0.000;0.0;0.000;60;0;0;0.318;0.563;0.371;32;50;31;50.01;50.01;50.01;29513;1000;0.0;0;1.0000;0;2;122;122;122
60;2014-10-24 09:37:00;909402N262;120;0.124;29;231;230;232;232;0.300;49.99;546.0;0.244;0.0;0.000;0.0;0.000;60;0;0;0.046;0.797;0.058;5;109;5;49.99;49.99;49.99;29513;1000;0.0;0;1.0000;0;2;124;124;124
60;2014-10-24 09:38:00;909402N262;126;0.125;29;231;230;232;232;0.318;49.99;553.4;0.251;0.0;0.000;0.0;0.000;60;0;0;0.063;0.800;0.093;8;108;10;49.99;49.99;49.99;29513;1000;0.0;0;1.0000;0;2;125;125;125
60;2014-10-24 09:39:00;909402N262;131;0.128;29;231;231;231;232;0.379;50.00;550.3;0.262;0.0;0.000;0.0;0.000;60;0;0;0.237;0.665;0.235;27;85;22;50.00;50.00;50.00;29513;1000;0.0;0;1.0000;0;2;128;128;128
60;2014-10-24 09:40:00;909402N262;138;0.131;29;231;231;231;232;0.522;50.00;548.1;0.277;0.0;0.000;0.0;0.000;60;0;0;0.519;0.561;0.487;40;60;38;50.00;50.00;50.00;29513;1000;0.0;0;1.0000;0;2;131;131;131
60;2014-10-24 09:41:00;909402N262;136;0.133;29;231;231;231;232;0.510;49.99;551.1;0.273;0.0;0.000;0.0;0.000;60;0;0;0.496;0.590;0.444;35;63;37;49.99;49.99;49.99;29513;1000;0.0;0;1.0000;0;2;133;133;133
60;2014-10-24 09:42:00;909402N262;133;0.135;29;231;231;232;232;0.490;49.99;540.4;0.273;0.0;0.000;0.0;0.000;60;0;0;0.380;0.631;0.461;28;60;46;49.99;49.99;49.99;29513;1000;0.0;0;1.0000;0;2;135;135;135
60;2014-10-24 09:43:00;909402N262;133;0.137;29;231;231;232;232;0.495;50.00;546.0;0.270;0.0;0.000;0.0;0.000;60;0;0;0.382;0.605;0.499;28;56;49;50.00;50.00;50.00;29513;1000;0.0;0;1.0000;0;2;137;137;137
60;2014-10-24 09:44:00;909402N262;140;0.140;29;231;230;232;232;0.517;49.99;549.9;0.281;0.0;0.000;0.0;0.000;60;0;0;0.364;0.636;0.551;29;58;53;49.99;49.99;49.99;29513;1000;0.0;0;1.0000;0;2;140;140;140
60;2014-10-24 09:45:00;909402N262;150;0.142;29;231;230;232;232;0.535;49.99;553.0;0.297;0.0;0.000;0.0;0.000;60;0;0;0.327;0.664;0.616;31;51;67;49.99;49.99;49.99;29513;1000;0.0;0;1.0000;0;2;142;142;142
60;2014-10-24 09:46:00;909402N262;160;0.145;29;231;230;232;231;0.570;49.98;553.7;0.318;0.0;0.000;0.0;0.000;60;0;0;0.420;0.733;0.557;43;59;56;49.98;49.98;49.98;29513;1000;0.0;0;1.0000;0;2;145;145;145
60;2014-10-24 09:47:00;909402N262;173;0.147;29;234;234;234;234;0.576;49.98;548.2;0.343;0.0;0.000;0.0;0.000;60;0;0;0.514;0.686;0.528;45;76;50;49.98;49.98;49.98;29513;1000;0.0;0;1.0000;0;2;147;147;147
60;2014-10-24 09:48:00;909402N262;180;0.150;29;234;234;234;234;0.618;49.99;554.3;0.352;0.0;0.000;0.0;0.000;60;0;0;0.554;0.743;0.558;43;86;49;49.99;49.99;49.99;29513;1000;0.0;0;1.0000;0;2;150;150;150
60;2014-10-24 09:49:00;909402N262;188;0.154;29;234;234;234;235;0.626;49.99;560.0;0.363;0.0;0.000;0.0;0.000;60;0;0;0.533;0.757;0.589;46;84;56;49.99;49.99;49.99;29513;1000;0.0;0;1.0000;0;2;154;154;154
60;2014-10-24 09:50:00;909402N262;196;0.157;29;234;234;235;234;0.624;50.01;562.9;0.377;0.0;0.000;0.0;0.000;60;0;0;0.617;0.714;0.543;59;72;63;50.01;50.01;50.01;29513;1000;0.0;0;1.0000;0;2;157;157;157
60;2014-10-24 09:51:00;909402N262;202;0.160;29;234;234;235;234;0.627;50.01;559.8;0.389;0.0;0.000;0.0;0.000;60;0;0;0.602;0.712;0.569;60;79;62;50.01;50.01;50.01;29513;1000;0.0;0;1.0000;0;2;160;160;160
60;2014-10-24 09:52:00;909402N262;213;0.164;29;234;234;235;234;0.599;50.00;560.4;0.407;0.0;0.000;0.0;0.000;60;0;0;0.561;0.676;0.560;63;77;71;50.00;50.00;50.00;29513;1000;0.0;0;1.0000;0;2;164;164;164
60;2014-10-24 09:53:00;909402N262;216;0.167;29;234;234;235;235;0.586;49.98;559.4;0.414;0.0;0.000;0.0;0.000;60;0;0;0.526;0.688;0.544;62;82;71;49.98;49.98;49.98;29513;1000;0.0;0;1.0000;0;2;167;167;167
60;2014-10-24 09:54:00;909402N262;210;0.170;29;233;233;234;233;0.575;49.99;550.4;0.410;0.0;0.000;0.0;0.000;60;0;0;0.522;0.711;0.492;65;81;63;49.99;49.99;49.99;29513;1000;0.0;0;1.0000;0;2;170;170;170
60;2014-10-24 09:55:00;909402N262;215;0.175;29;232;231;232;232;0.567;50.00;558.6;0.413;0.0;0.000;0.0;0.000;60;0;0;0.643;0.578;0.480;86;69;59;50.00;50.00;50.00;29513;1000;0.0;0;1.0000;0;2;175;175;175
60;2014-10-24 09:56:00;909402N262;213;0.178;29;232;231;232;232;0.563;50.01;557.3;0.410;0.0;0.000;0.0;0.000;60;0;0;0.717;0.445;0.529;99;46;67;50.01;50.01;50.01;29513;1000;0.0;0;1.0000;0;2;178;178;178
60;2014-10-24 09:57:00;909402N262;209;0.182;29;232;231;232;232;0.520;50.00;568.1;0.393;0.0;0.000;0.0;0.000;60;0;0;0.533;0.728;0.299;72;100;36;50.00;50.00;50.00;29513;1000;0.0;0;1.0000;0;2;182;182;182
60;2014-10-24 09:58:00;909402N262;194;0.185;30;232;232;232;231;0.485;49.99;561.7;0.372;0.0;0.000;0.0;0.000;60;0;0;0.515;0.794;0.148;67;113;15;49.99;49.99;49.99;29513;1000;0.0;0;1.0000;0;2;185;185;185
60;2014-10-24 09:59:00;909402N262;184;0.188;30;232;231;232;232;0.523;50.00;564.8;0.351;0.0;0.000;0.0;0.000;60;0;0;0.518;0.707;0.344;60;90;34;50.00;50.00;50.00;29513;1000;0.0;0;1.0000;0;2;188;188;188
60;2014-10-24 10:00:00;909402N262;186;0.192;30;232;232;231;232;0.584;50.01;565.2;0.355;0.0;0.000;0.0;0.000;60;0;0;0.542;0.612;0.598;51;74;59;50.01;50.01;50.01;29513;1000;0.0;0;1.0000;0;2;192;192;192
[wr_ende]
