20150220;120004;danfoss;My Plant;+0100
[wr_def_start]
909402N262;Inverter Type;Inverter Group;Hanzl
[wr_def_end]
[wr]
INTERVAL;TIMESTAMP;SERIAL;P_AC;E_DAY;T_WR;U_AC;U_AC_1;U_AC_2;U_AC_3;I_AC;F_AC;U_DC_1;I_DC_1;U_DC_2;I_DC_2;U_DC_3;I_DC_3;S;E_WR;M_WR;I_AC_1;I_AC_2;I_AC_3;P_AC_1;P_AC_2;P_AC_3;F_AC_1;F_AC_2;F_AC_3;R_DC;PC;PCS;PCS_LL;COS_PHI;COS_PHI_LL;S_COS_PHI;Current_Day_Energy;current_Day_Offset;ccEnergyOfDay_WithoutOffset
60;2015-02-20 11:01:00;909402N262;6262;9.087;40;232;232;232;231;9.034;49.96;516.6;5.601;521.6;3.022;631.6;3.051;60;0;0;8.977;9.115;9.011;2073;2111;2076;49.96;49.96;49.96;12392;1000;0.0;0;1.0000;0;2;9087;9087;9087
60;2015-02-20 11:02:00;909402N262;6381;9.194;40;232;232;232;231;9.201;49.94;524.5;5.637;518.9;3.076;636.7;3.064;60;0;0;9.134;9.286;9.185;2111;2152;2115;49.94;49.94;49.94;12392;1000;0.0;0;1.0000;0;2;9194;9194;9194
60;2015-02-20 11:03:00;909402N262;6409;9.300;40;231;231;233;231;9.246;49.94;523.9;5.668;520.6;3.083;636.5;3.075;60;0;0;9.159;9.373;9.207;2110;2179;2119;49.94;49.94;49.94;12392;1000;0.0;0;1.0000;0;2;9300;9300;9300
60;2015-02-20 11:04:00;909402N262;6457;9.408;40;232;232;233;231;9.305;49.95;523.2;5.685;532.2;3.082;636.5;3.088;60;0;0;9.252;9.418;9.245;2140;2189;2126;49.95;49.95;49.95;12392;1000;0.0;0;1.0000;0;2;9408;9408;9408
60;2015-02-20 11:05:00;909402N262;6492;9.517;40;232;232;233;230;9.360;49.96;522.7;5.694;534.6;3.096;645.7;3.074;60;0;0;9.305;9.485;9.290;2151;2205;2134;49.96;49.96;49.96;12392;1000;0.0;0;1.0000;0;2;9517;9517;9517
60;2015-02-20 11:06:00;909402N262;6546;9.626;40;232;232;233;231;9.427;49.97;522.4;5.719;534.7;3.107;651.8;3.103;60;0;0;9.381;9.533;9.368;2173;2216;2155;49.97;49.97;49.97;12392;1000;0.0;0;1.0000;0;2;9626;9626;9626
60;2015-02-20 11:07:00;909402N262;6568;9.734;41;232;232;232;231;9.467;49.97;522.2;5.738;534.7;3.114;651.7;3.117;60;0;0;9.422;9.542;9.438;2179;2210;2177;49.97;49.97;49.97;12392;1000;0.0;0;1.0000;0;2;9734;9734;9734
60;2015-02-20 11:08:00;909402N262;6604;9.846;41;232;232;233;231;9.519;49.98;521.9;5.775;534.1;3.132;651.5;3.136;60;0;0;9.465;9.619;9.475;2187;2232;2183;49.98;49.98;49.98;12392;1000;0.0;0;1.0000;0;2;9846;9846;9846
60;2015-02-20 11:09:00;909402N262;6612;9.956;41;232;232;233;230;9.533;49.99;521.3;5.789;533.6;3.136;650.9;3.144;60;0;0;9.518;9.629;9.454;2206;2233;2171;49.99;49.99;49.99;12392;1000;0.0;0;1.0000;0;2;9956;9956;9956
60;2015-02-20 11:10:00;909402N262;6634;10.064;41;232;232;232;230;9.567;49.99;520.9;5.810;535.0;3.138;650.9;3.156;60;0;0;9.569;9.653;9.481;2219;2238;2175;49.99;49.99;49.99;12392;1000;0.0;0;1.0000;0;2;10064;10064;10064
60;2015-02-20 11:11:00;909402N262;6701;10.175;41;232;232;232;231;9.654;49.99;520.5;5.816;549.7;3.140;657.0;3.157;60;0;0;9.616;9.740;9.606;2227;2260;2213;49.99;49.99;49.99;12392;1000;0.0;0;1.0000;0;2;10175;10175;10175
60;2015-02-20 11:12:00;909402N262;6771;10.288;41;232;233;233;230;9.757;49.99;519.7;5.855;549.8;3.172;665.0;3.177;60;0;0;9.759;9.847;9.667;2266;2285;2218;49.99;49.99;49.99;12392;1000;0.0;0;1.0000;0;2;10288;10288;10288
60;2015-02-20 11:13:00;909402N262;6816;10.402;41;231;232;231;231;9.835;49.99;519.8;5.894;550.1;3.188;665.4;3.201;60;0;0;9.841;9.875;9.791;2282;2280;2252;49.99;49.99;49.99;12392;1000;0.0;0;1.0000;0;2;10402;10402;10402
60;2015-02-20 11:14:00;909402N262;6848;10.516;41;230;231;231;229;9.919;49.98;519.6;5.923;549.9;3.202;665.3;3.219;60;0;0;9.910;9.989;9.859;2289;2301;2257;49.98;49.98;49.98;12392;1000;0.0;0;1.0000;0;2;10516;10516;10516
60;2015-02-20 11:15:00;909402N262;6873;10.631;41;231;231;231;230;9.946;49.98;519.2;5.950;549.5;3.215;664.9;3.235;60;0;0;9.908;10.006;9.924;2285;2304;2282;49.98;49.98;49.98;12392;1000;0.0;0;1.0000;0;2;10631;10631;10631
60;2015-02-20 11:16:00;909402N262;6845;10.744;41;231;231;231;230;9.891;49.98;532.7;5.833;539.7;3.213;658.7;3.255;60;0;0;9.900;9.911;9.862;2280;2293;2267;49.98;49.98;49.98;12392;1000;0.0;0;1.0000;0;2;10744;10744;10744
60;2015-02-20 11:17:00;909402N262;6943;10.861;41;231;231;231;230;10.044;49.98;529.3;5.929;548.9;3.216;674.2;3.220;60;0;0;10.006;10.123;10.003;2309;2334;2298;49.98;49.98;49.98;12392;1000;0.0;0;1.0000;0;2;10861;10861;10861
60;2015-02-20 11:18:00;909402N262;7011;10.978;41;231;231;232;230;10.140;49.98;528.0;5.966;557.1;3.204;679.9;3.249;60;0;0;10.131;10.239;10.051;2339;2368;2302;49.98;49.98;49.98;12392;1000;0.0;0;1.0000;0;2;10978;10978;10978
60;2015-02-20 11:19:00;909402N262;7070;11.096;41;232;232;232;230;10.194;49.97;528.1;5.986;567.2;3.223;679.8;3.257;60;0;0;10.191;10.276;10.116;2363;2383;2322;49.97;49.97;49.98;12392;1000;0.0;0;1.0000;0;2;11096;11096;11096
60;2015-02-20 11:20:00;909402N262;7109;11.214;41;232;232;232;231;10.247;49.98;527.9;6.026;566.6;3.243;680.0;3.271;60;0;0;10.212;10.324;10.205;2364;2392;2350;49.98;49.98;49.98;12392;1000;0.0;0;1.0000;0;2;11214;11214;11214
60;2015-02-20 11:21:00;909402N262;7147;11.333;41;232;232;232;231;10.297;49.99;527.5;6.058;566.3;3.260;680.0;3.293;60;0;0;10.240;10.386;10.265;2369;2410;2366;49.99;49.99;49.99;12392;1000;0.0;0;1.0000;0;2;11333;11333;11333
60;2015-02-20 11:22:00;909402N262;7191;11.453;41;232;232;233;231;10.357;49.99;527.4;6.095;566.6;3.280;682.2;3.304;60;0;0;10.332;10.459;10.281;2395;2428;2366;49.99;49.99;49.99;12392;1000;0.0;0;1.0000;0;2;11453;11453;11453
60;2015-02-20 11:23:00;909402N262;7257;11.574;41;232;233;233;231;10.421;50.00;527.3;6.129;566.1;3.296;692.1;3.318;60;0;0;10.368;10.551;10.344;2410;2459;2386;50.00;50.00;50.00;12392;1000;0.0;0;1.0000;0;2;11574;11574;11574
60;2015-02-20 11:24:00;909402N262;7302;11.696;42;233;233;233;231;10.481;50.01;527.1;6.148;565.7;3.303;696.4;3.347;60;0;0;10.432;10.603;10.408;2427;2471;2402;50.01;50.01;50.01;12392;1000;0.0;0;1.0000;0;2;11696;11696;11696
60;2015-02-20 11:25:00;909402N262;7291;11.817;42;232;233;233;231;10.471;50.00;526.8;6.143;565.4;3.297;696.5;3.344;60;0;0;10.430;10.581;10.404;2427;2461;2401;50.00;50.00;50.00;12392;1000;0.0;0;1.0000;0;2;11817;11817;11817
60;2015-02-20 11:26:00;909402N262;7308;11.939;42;232;233;233;231;10.509;50.00;526.1;6.165;565.2;3.306;695.6;3.356;60;0;0;10.487;10.608;10.433;2437;2465;2404;50.00;50.00;50.00;12392;1000;0.0;0;1.0000;0;2;11939;11939;11939
60;2015-02-20 11:27:00;909402N262;7320;12.062;42;232;232;233;230;10.542;50.00;542.9;5.995;570.0;3.285;695.2;3.356;60;0;0;10.512;10.650;10.465;2438;2474;2407;50.00;50.00;50.00;12392;1000;0.0;0;1.0000;0;2;12062;12062;12062
60;2015-02-20 11:28:00;909402N262;7407;12.185;42;232;232;232;231;10.672;49.99;546.4;5.990;581.8;3.305;698.2;3.362;60;0;0;10.661;10.750;10.605;2470;2495;2440;49.99;49.99;49.99;12392;1000;0.0;0;1.0000;0;2;12185;12185;12185
60;2015-02-20 11:29:00;909402N262;7448;12.309;42;232;232;233;231;10.714;49.98;543.7;6.037;580.5;3.319;708.6;3.355;60;0;0;10.683;10.793;10.667;2478;2506;2462;49.98;49.98;49.98;12392;1000;0.0;0;1.0000;0;2;12309;12309;12309
60;2015-02-20 11:30:00;909402N262;7475;12.434;42;232;233;233;232;10.750;49.98;541.6;6.072;580.2;3.317;711.0;3.372;60;0;0;10.716;10.831;10.705;2487;2515;2472;49.98;49.98;49.98;12392;1000;0.0;0;1.0000;0;2;12434;12434;12434
60;2015-02-20 11:31:00;909402N262;7305;12.556;42;232;232;233;231;10.502;49.99;535.6;6.026;568.2;3.266;709.7;3.335;60;0;0;10.456;10.590;10.460;2421;2467;2416;49.99;49.99;49.99;12392;1000;0.0;0;1.0000;0;2;12556;12556;12556
60;2015-02-20 11:32:00;909402N262;7553;12.684;42;232;232;233;231;10.917;49.98;534.7;6.227;579.2;3.351;709.4;3.413;60;0;0;10.896;10.991;10.864;2512;2542;2497;49.98;49.98;49.98;12392;1000;0.0;0;1.0000;0;2;12684;12684;12684
60;2015-02-20 11:33:00;909402N262;7617;12.811;42;232;232;233;231;11.024;49.98;532.5;6.307;578.5;3.379;709.0;3.443;60;0;0;10.963;11.117;10.992;2521;2568;2526;49.98;49.98;49.98;12392;1000;0.0;0;1.0000;0;2;12811;12811;12811
60;2015-02-20 11:34:00;909402N262;7129;12.929;42;232;232;232;231;10.299;49.99;532.4;5.906;577.7;3.153;713.8;3.210;60;0;0;10.253;10.374;10.272;2367;2397;2364;49.99;49.99;49.99;12392;1000;0.0;0;1.0000;0;2;12929;12929;12929
60;2015-02-20 11:35:00;909402N262;7391;13.052;42;232;232;232;231;10.690;50.00;533.2;6.094;578.5;3.250;723.2;3.309;60;0;0;10.651;10.756;10.665;2455;2482;2452;50.00;50.00;50.00;12392;1000;0.0;0;1.0000;0;2;13052;13052;13052
60;2015-02-20 11:36:00;909402N262;7812;13.183;42;231;232;232;230;11.369;49.99;532.6;6.390;599.6;3.369;724.7;3.484;60;0;0;11.353;11.488;11.268;2604;2642;2564;49.99;49.99;49.99;12392;1000;0.0;0;1.0000;0;2;13183;13183;13183
60;2015-02-20 11:37:00;909402N262;7791;13.313;42;231;231;232;230;11.356;50.00;532.6;6.383;602.9;3.323;724.0;3.486;60;0;0;11.315;11.476;11.279;2589;2634;2565;50.00;50.00;50.00;12392;1000;0.0;0;1.0000;0;2;13313;13313;13313
60;2015-02-20 11:38:00;909402N262;7778;13.442;42;230;231;231;229;11.359;49.99;532.8;6.386;597.6;3.327;724.7;3.481;60;0;0;11.325;11.455;11.297;2590;2623;2563;49.99;49.99;49.99;12392;1000;0.0;0;1.0000;0;2;13442;13442;13442
60;2015-02-20 11:39:00;909402N262;7764;13.572;42;231;232;232;229;11.299;49.99;532.2;6.384;586.0;3.383;724.6;3.480;60;0;0;11.289;11.395;11.213;2593;2621;2547;49.99;49.99;49.99;12392;1000;0.0;0;1.0000;0;2;13572;13572;13572
60;2015-02-20 11:40:00;909402N262;7772;13.701;42;231;232;232;229;11.325;49.99;531.5;6.408;580.5;3.405;723.9;3.491;60;0;0;11.329;11.446;11.201;2599;2632;2539;49.99;49.99;49.99;12392;1000;0.0;0;1.0000;0;2;13701;13701;13701
60;2015-02-20 11:41:00;909402N262;7793;13.832;42;231;232;233;230;11.324;50.00;530.9;6.441;576.0;3.423;724.4;3.508;60;0;0;11.314;11.439;11.219;2603;2637;2551;50.00;50.00;50.00;12392;1000;0.0;0;1.0000;0;2;13832;13832;13832
60;2015-02-20 11:42:00;909402N262;7833;13.962;42;232;232;233;230;11.380;50.01;530.0;6.477;570.2;3.439;733.1;3.516;60;0;0;11.336;11.495;11.310;2605;2651;2575;50.01;50.01;50.01;12392;1000;0.0;0;1.0000;0;2;13962;13962;13962
60;2015-02-20 11:43:00;909402N262;7866;14.093;42;232;232;233;230;11.446;49.99;529.3;6.496;566.3;3.449;737.2;3.542;60;0;0;11.407;11.561;11.370;2616;2662;2587;49.99;49.99;49.99;12392;1000;0.0;0;1.0000;0;2;14093;14093;14093
60;2015-02-20 11:44:00;909402N262;7906;14.225;43;232;233;233;230;11.489;50.00;545.8;6.348;571.8;3.431;737.0;3.549;60;0;0;11.467;11.605;11.397;2635;2676;2593;50.00;50.00;50.00;12392;1000;0.0;0;1.0000;0;2;14225;14225;14225
60;2015-02-20 11:45:00;909402N262;7949;14.357;43;232;232;232;231;11.577;49.99;541.2;6.449;580.8;3.408;736.7;3.553;60;0;0;11.560;11.644;11.528;2654;2666;2627;49.99;49.99;49.99;12392;1000;0.0;0;1.0000;0;2;14357;14357;14357
60;2015-02-20 11:46:00;909402N262;7935;14.490;43;231;232;231;231;11.559;49.99;535.6;6.490;576.4;3.436;737.5;3.558;60;0;0;11.550;11.590;11.539;2651;2650;2633;49.99;49.99;49.99;12392;1000;0.0;0;1.0000;0;2;14490;14490;14490
60;2015-02-20 11:47:00;909402N262;8035;14.623;43;231;233;231;230;11.725;49.99;538.4;6.525;583.8;3.469;737.0;3.573;60;0;0;11.740;11.770;11.666;2695;2684;2653;49.99;49.99;49.99;12392;1000;0.0;0;1.0000;0;2;14623;14623;14623
60;2015-02-20 11:48:00;909402N262;8062;14.758;43;232;233;232;231;11.739;50.00;538.4;6.545;582.9;3.484;737.7;3.583;60;0;0;11.720;11.821;11.676;2691;2711;2658;50.00;50.00;50.00;12392;1000;0.0;0;1.0000;0;2;14758;14758;14758
60;2015-02-20 11:49:00;909402N262;8118;14.893;43;232;232;233;231;11.840;50.01;538.7;6.560;584.8;3.487;750.9;3.566;60;0;0;11.786;11.951;11.785;2699;2740;2677;50.01;50.01;50.01;12392;1000;0.0;0;1.0000;0;2;14893;14893;14893
60;2015-02-20 11:50:00;909402N262;8132;15.026;43;232;232;233;231;11.870;50.01;538.3;6.565;584.9;3.485;755.0;3.565;60;0;0;11.770;11.994;11.848;2685;2752;2693;50.01;50.01;50.01;12392;1000;0.0;0;1.0000;0;2;15026;15026;15026
60;2015-02-20 11:51:00;909402N262;8143;15.162;43;232;231;233;231;11.885;50.00;538.3;6.584;585.2;3.497;748.9;3.586;60;0;0;11.790;11.998;11.867;2687;2750;2705;50.00;50.00;50.00;12392;1000;0.0;0;1.0000;0;2;15162;15162;15162
60;2015-02-20 11:52:00;909402N262;8168;15.301;43;232;232;233;231;11.913;50.01;538.0;6.600;589.9;3.498;748.0;3.595;60;0;0;11.831;12.028;11.880;2702;2760;2704;50.01;50.01;50.01;12392;1000;0.0;0;1.0000;0;2;15301;15301;15301
60;2015-02-20 11:53:00;909402N262;8193;15.434;43;232;232;233;231;11.951;50.02;538.5;6.621;592.1;3.508;746.4;3.599;60;0;0;11.893;12.061;11.901;2721;2766;2704;50.02;50.02;50.02;12392;1000;0.0;0;1.0000;0;2;15434;15434;15434
60;2015-02-20 11:54:00;909402N262;8225;15.573;43;233;233;234;232;11.958;50.01;539.0;6.646;592.5;3.517;743.4;3.626;60;0;0;11.885;12.069;11.921;2723;2778;2721;50.01;50.01;50.01;12392;1000;0.0;0;1.0000;0;2;15573;15573;15573
60;2015-02-20 11:55:00;909402N262;8240;15.709;43;232;232;233;232;12.012;50.00;538.1;6.673;591.9;3.530;751.1;3.592;60;0;0;11.946;12.105;11.987;2729;2777;2733;50.00;50.00;50.00;12392;1000;0.0;0;1.0000;0;2;15709;15709;15709
60;2015-02-20 11:56:00;909402N262;8319;15.849;43;232;231;232;232;12.158;50.01;537.4;6.702;606.6;3.500;757.0;3.612;60;0;0;12.079;12.240;12.157;2749;2797;2771;50.01;50.01;50.01;12392;1000;0.0;0;1.0000;0;2;15849;15849;15849
60;2015-02-20 11:57:00;909402N262;8361;15.988;43;232;232;233;232;12.204;50.00;536.9;6.717;608.8;3.545;760.4;3.598;60;0;0;12.162;12.303;12.147;2776;2818;2765;50.00;50.00;50.00;12392;1000;0.0;0;1.0000;0;2;15988;15988;15988
60;2015-02-20 11:58:00;909402N262;8355;16.127;43;232;233;233;232;12.182;50.01;536.7;6.718;608.5;3.544;757.0;3.609;60;0;0;12.120;12.286;12.140;2771;2815;2766;50.00;50.01;50.01;12392;1000;0.0;0;1.0000;0;2;16127;16127;16127
60;2015-02-20 11:59:00;909402N262;8366;16.266;43;233;232;234;233;12.166;50.01;536.9;6.724;607.8;3.549;746.8;3.666;60;0;0;12.055;12.305;12.139;2755;2832;2777;50.01;50.01;50.01;12392;1000;0.0;0;1.0000;0;2;16266;16266;16266
60;2015-02-20 12:00:00;909402N262;8377;16.406;43;233;233;234;233;12.172;49.99;537.0;6.728;612.7;3.534;746.3;3.670;60;0;0;12.097;12.296;12.124;2769;2833;2773;49.99;49.99;49.99;12392;1000;0.0;0;1.0000;0;2;16406;16406;16406
[wr_ende]
