20140930;150003;danfoss;My Plant;+0100
[wr_def_start]
909402N262;Inverter Type;Inverter Group;Hanzl
[wr_def_end]
[wr]
INTERVAL;TIMESTAMP;SERIAL;P_AC;E_DAY;T_WR;U_AC;U_AC_1;U_AC_2;U_AC_3;I_AC;F_AC;U_DC_1;I_DC_1;U_DC_2;I_DC_2;U_DC_3;I_DC_3;S;E_WR;M_WR;I_AC_1;I_AC_2;I_AC_3;P_AC_1;P_AC_2;P_AC_3;F_AC_1;F_AC_2;F_AC_3;R_DC;PC;PCS;PCS_LL;COS_PHI;COS_PHI_LL;S_COS_PHI;Current_Day_Energy;current_Day_Offset;ccEnergyOfDay_WithoutOffset
60;2014-09-30 14:01:00;909402N262;3751;7.348;40;233;233;233;233;5.414;49.98;550.2;3.160;631.7;1.457;795.3;1.456;60;0;0;5.362;5.449;5.432;1237;1258;1254;49.98;49.98;49.98;3935;1000;0.0;0;0.0000;0;0;7348;7348;7348
60;2014-09-30 14:02:00;909402N262;3982;7.415;40;233;233;232;234;5.730;49.97;556.9;3.353;641.0;1.501;793.9;1.527;60;0;0;5.686;5.751;5.755;1316;1328;1336;49.97;49.97;49.97;3935;1000;0.0;0;0.0000;0;0;7415;7415;7415
60;2014-09-30 14:03:00;909402N262;3754;7.477;40;233;232;232;233;5.410;49.96;555.5;3.195;638.7;1.449;794.9;1.395;60;0;0;5.347;5.442;5.442;1234;1256;1262;49.96;49.96;49.96;3935;1000;0.0;0;0.0000;0;0;7477;7477;7477
60;2014-09-30 14:04:00;909402N262;3638;7.539;40;233;232;233;233;5.247;49.98;555.0;3.094;637.9;1.421;794.6;1.341;60;0;0;5.179;5.286;5.276;1194;1220;1222;49.98;49.98;49.98;3935;1000;0.0;0;0.0000;0;0;7539;7539;7539
60;2014-09-30 14:05:00;909402N262;3394;7.596;40;233;233;232;233;4.916;49.98;554.8;2.883;636.0;1.343;787.9;1.253;60;0;0;4.864;4.949;4.935;1119;1135;1137;49.98;49.98;49.98;3935;1000;0.0;0;0.0000;0;0;7596;7596;7596
60;2014-09-30 14:06:00;909402N262;3225;7.649;40;233;233;232;232;4.678;49.99;555.2;2.745;635.2;1.277;783.5;1.193;60;0;0;4.625;4.710;4.701;1063;1081;1079;49.99;49.99;49.99;3935;1000;0.0;0;0.0000;0;0;7649;7649;7649
60;2014-09-30 14:07:00;909402N262;3220;7.703;40;234;234;234;234;4.643;49.99;555.7;2.753;635.0;1.268;782.5;1.189;60;0;0;4.584;4.686;4.660;1059;1081;1078;49.99;49.99;49.99;3935;1000;0.0;0;0.0000;0;0;7703;7703;7703
60;2014-09-30 14:08:00;909402N262;3349;7.758;40;235;235;235;235;4.807;50.00;555.1;2.893;635.5;1.310;782.9;1.225;60;0;0;4.769;4.835;4.817;1110;1121;1117;50.00;50.00;50.00;3935;1000;0.0;0;0.0000;0;0;7758;7758;7758
60;2014-09-30 14:09:00;909402N262;3477;7.817;40;235;236;234;236;4.977;49.99;555.0;3.024;636.0;1.353;783.8;1.260;60;0;0;4.937;4.994;5.002;1152;1156;1166;49.99;49.99;49.99;3935;1000;0.0;0;0.0000;0;0;7817;7817;7817
60;2014-09-30 14:10:00;909402N262;3584;7.876;40;235;236;234;236;5.123;49.99;554.7;3.128;636.4;1.391;785.5;1.294;60;0;0;5.083;5.134;5.153;1187;1190;1205;49.99;49.99;49.99;3935;1000;0.0;0;0.0000;0;0;7876;7876;7876
60;2014-09-30 14:11:00;909402N262;3644;7.937;40;235;236;235;236;5.210;49.98;554.3;3.185;637.0;1.409;789.3;1.311;60;0;0;5.158;5.236;5.236;1203;1216;1224;49.98;49.98;49.98;3935;1000;0.0;0;0.0000;0;0;7937;7937;7937
60;2014-09-30 14:12:00;909402N262;3521;7.996;40;236;236;236;236;5.035;49.98;553.8;3.078;635.8;1.366;783.7;1.274;60;0;0;4.981;5.081;5.043;1160;1184;1175;49.98;49.98;49.98;3935;1000;0.0;0;0.0000;0;0;7996;7996;7996
60;2014-09-30 14:13:00;909402N262;3321;8.050;40;236;236;236;236;4.744;49.98;554.6;2.890;634.2;1.298;780.8;1.206;60;0;0;4.683;4.792;4.758;1091;1118;1111;49.98;49.98;49.98;3935;1000;0.0;0;0.0000;0;0;8050;8050;8050
60;2014-09-30 14:14:00;909402N262;3190;8.104;40;236;236;236;236;4.560;49.98;556.9;2.760;633.8;1.253;781.3;1.156;60;0;0;4.509;4.612;4.560;1052;1076;1061;49.98;49.98;49.98;3935;1000;0.0;0;0.0000;0;0;8104;8104;8104
60;2014-09-30 14:15:00;909402N262;3137;8.157;40;236;236;236;235;4.490;49.98;558.6;2.705;633.3;1.233;780.2;1.139;60;0;0;4.438;4.542;4.490;1032;1059;1044;49.98;49.98;49.98;3935;1000;0.0;0;0.0000;0;0;8157;8157;8157
60;2014-09-30 14:16:00;909402N262;3083;8.208;40;236;236;236;235;4.413;49.98;546.5;2.694;629.6;1.227;779.8;1.137;60;0;0;4.358;4.466;4.415;1014;1041;1026;49.98;49.98;49.98;3935;1000;0.0;0;0.0000;0;0;8208;8208;8208
60;2014-09-30 14:17:00;909402N262;3181;8.260;40;236;236;236;235;4.579;49.97;558.8;2.742;634.0;1.246;782.1;1.158;60;0;0;4.532;4.625;4.580;1050;1072;1057;49.97;49.97;49.97;3935;1000;0.0;0;0.0000;0;0;8260;8260;8260
60;2014-09-30 14:18:00;909402N262;3234;8.314;41;236;236;236;236;4.647;49.98;558.2;2.793;634.2;1.262;781.2;1.177;60;0;0;4.593;4.690;4.659;1065;1087;1080;49.98;49.98;49.98;3935;1000;0.0;0;0.0000;0;0;8314;8314;8314
60;2014-09-30 14:19:00;909402N262;3324;8.370;41;234;234;234;234;4.817;49.99;556.9;2.884;634.8;1.292;780.9;1.210;60;0;0;4.768;4.854;4.830;1096;1116;1110;49.99;49.99;49.99;3935;1000;0.0;0;0.0000;0;0;8370;8370;8370
60;2014-09-30 14:20:00;909402N262;3387;8.427;41;233;233;234;233;4.916;50.00;556.9;2.950;635.3;1.313;780.3;1.232;60;0;0;4.856;4.967;4.927;1113;1143;1129;50.00;50.00;50.00;3935;1000;0.0;0;0.0000;0;0;8427;8427;8427
60;2014-09-30 14:21:00;909402N262;3562;8.487;41;234;233;234;234;5.159;50.00;556.2;3.114;636.3;1.376;781.5;1.290;60;0;0;5.098;5.215;5.165;1170;1202;1188;50.00;50.00;50.00;3935;1000;0.0;0;0.0000;0;0;8487;8487;8487
60;2014-09-30 14:22:00;909402N262;3813;8.549;41;234;233;234;234;5.511;49.99;554.9;3.356;637.5;1.469;783.6;1.369;60;0;0;5.444;5.554;5.536;1252;1282;1277;49.99;49.99;49.99;3935;1000;0.0;0;0.0000;0;0;8549;8549;8549
60;2014-09-30 14:23:00;909402N262;3922;8.616;41;234;233;235;234;5.664;49.98;554.2;3.473;637.5;1.503;784.6;1.400;60;0;0;5.595;5.714;5.684;1287;1321;1311;49.98;49.98;49.98;3935;1000;0.0;0;0.0000;0;0;8616;8616;8616
60;2014-09-30 14:24:00;909402N262;4072;8.682;41;234;233;235;235;5.858;49.99;552.9;3.636;637.9;1.552;788.8;1.439;60;0;0;5.781;5.915;5.880;1332;1373;1364;49.99;49.99;49.99;3935;1000;0.0;0;0.0000;0;0;8682;8682;8682
60;2014-09-30 14:25:00;909402N262;4154;8.753;41;234;234;235;234;5.971;49.99;552.0;3.723;638.2;1.575;793.2;1.461;60;0;0;5.913;6.030;5.972;1368;1401;1383;49.99;49.99;49.99;3935;1000;0.0;0;0.0000;0;0;8753;8753;8753
60;2014-09-30 14:26:00;909402N262;4171;8.822;41;234;234;235;234;6.016;49.99;551.0;3.756;637.9;1.566;790.5;1.477;60;0;0;5.960;6.074;6.014;1373;1408;1387;49.99;49.99;49.99;3935;1000;0.0;0;0.0000;0;0;8822;8822;8822
60;2014-09-30 14:27:00;909402N262;4341;8.895;41;234;234;235;234;6.243;49.99;550.5;3.924;637.9;1.653;791.8;1.511;60;0;0;6.181;6.311;6.237;1429;1468;1443;49.99;49.99;49.99;3935;1000;0.0;0;0.0000;0;0;8895;8895;8895
60;2014-09-30 14:28:00;909402N262;4340;8.967;41;234;234;234;233;6.258;50.01;550.2;3.958;639.1;1.640;789.5;1.499;60;0;0;6.215;6.311;6.249;1437;1460;1441;50.01;50.01;50.01;3935;1000;0.0;0;0.0000;0;0;8967;8967;8967
60;2014-09-30 14:29:00;909402N262;4322;9.038;41;234;234;234;234;6.233;49.99;549.6;3.926;636.5;1.632;787.7;1.515;60;0;0;6.168;6.284;6.248;1423;1453;1443;49.99;49.99;49.99;3935;1000;0.0;0;0.0000;0;0;9038;9038;9038
60;2014-09-30 14:30:00;909402N262;4330;9.111;41;234;233;234;234;6.248;49.99;548.6;3.934;636.0;1.620;787.0;1.537;60;0;0;6.184;6.308;6.253;1424;1460;1444;49.99;49.99;49.99;3935;1000;0.0;0;0.0000;0;0;9111;9111;9111
60;2014-09-30 14:31:00;909402N262;4433;9.185;41;234;233;234;234;6.351;49.98;544.8;4.045;616.7;1.697;790.8;1.595;60;0;0;6.300;6.380;6.374;1458;1490;1479;49.98;49.98;49.98;3935;1000;0.0;0;0.0000;0;0;9185;9185;9185
60;2014-09-30 14:32:00;909402N262;5455;9.275;41;234;234;235;234;7.769;49.99;548.8;4.783;643.5;2.081;794.5;1.990;60;0;0;7.715;7.831;7.762;1801;1841;1811;49.99;49.99;49.99;3935;1000;0.0;0;0.0000;0;0;9275;9275;9275
60;2014-09-30 14:33:00;909402N262;7310;9.397;41;235;235;235;234;10.376;50.01;554.4;6.295;649.9;2.689;791.2;2.779;60;0;0;10.311;10.439;10.380;2421;2457;2430;50.01;50.01;50.01;3935;1000;0.0;0;0.0000;0;0;9397;9397;9397
60;2014-09-30 14:34:00;909402N262;7580;9.524;42;235;235;235;234;10.760;50.00;550.1;6.757;646.4;2.448;790.6;3.051;60;0;0;10.723;10.825;10.732;2515;2549;2514;50.00;50.00;50.00;3935;1000;0.0;0;0.0000;0;0;9524;9524;9524
60;2014-09-30 14:35:00;909402N262;7657;9.651;42;235;235;235;234;10.859;50.00;541.1;6.949;645.5;2.503;791.5;3.059;60;0;0;10.816;10.913;10.848;2540;2572;2543;50.00;50.00;50.00;3935;1000;0.0;0;0.0000;0;0;9651;9651;9651
60;2014-09-30 14:36:00;909402N262;8346;9.790;42;235;236;235;235;11.831;49.99;535.1;7.631;642.2;2.851;789.0;3.274;60;0;0;11.817;11.884;11.794;2782;2796;2766;49.99;49.99;49.99;3935;1000;0.0;0;0.0000;0;0;9790;9790;9790
60;2014-09-30 14:37:00;909402N262;7983;9.924;42;235;235;235;235;11.324;49.99;530.8;7.434;639.5;2.973;784.3;2.911;60;0;0;11.279;11.381;11.314;2649;2672;2659;49.99;49.99;49.99;3935;1000;0.0;0;0.0000;0;0;9924;9924;9924
60;2014-09-30 14:38:00;909402N262;8426;10.064;42;235;235;235;236;11.937;49.99;525.7;7.798;639.7;3.099;782.4;3.202;60;0;0;11.863;11.984;11.964;2785;2817;2823;49.99;49.99;49.99;3935;1000;0.0;0;0.0000;0;0;10064;10064;10064
60;2014-09-30 14:39:00;909402N262;8332;10.203;42;235;235;235;236;11.804;49.99;530.7;7.752;637.0;2.769;779.2;3.360;60;0;0;11.736;11.852;11.824;2757;2786;2788;49.99;49.99;49.99;3935;1000;0.0;0;0.0000;0;0;10203;10203;10203
60;2014-09-30 14:40:00;909402N262;8684;10.345;43;235;235;235;236;12.298;49.97;517.8;8.215;635.3;3.097;777.0;3.379;60;0;0;12.254;12.343;12.298;2883;2902;2897;49.97;49.97;49.97;3935;1000;0.0;0;0.0000;0;0;10345;10345;10345
60;2014-09-30 14:41:00;909402N262;7734;10.474;43;235;235;235;235;10.979;49.98;525.0;7.291;627.9;2.587;775.8;3.127;60;0;0;10.910;11.056;10.971;2559;2596;2578;49.98;49.98;49.98;3935;1000;0.0;0;0.0000;0;0;10474;10474;10474
60;2014-09-30 14:42:00;909402N262;7118;10.593;43;235;234;235;235;10.114;49.98;545.8;6.618;628.0;1.888;773.2;3.202;60;0;0;10.018;10.185;10.141;2338;2399;2381;49.98;49.98;49.98;3935;1000;0.0;0;0.0000;0;0;10593;10593;10593
60;2014-09-30 14:43:00;909402N262;8639;10.736;43;235;234;236;236;12.250;49.99;512.3;8.255;628.4;3.126;771.3;3.382;60;0;0;12.127;12.361;12.264;2834;2915;2887;49.99;49.99;49.99;3935;1000;0.0;0;0.0000;0;0;10736;10736;10736
60;2014-09-30 14:44:00;909402N262;8093;10.872;43;235;234;236;236;11.472;50.00;512.2;7.729;628.9;2.948;768.7;3.161;60;0;0;11.378;11.547;11.491;2666;2718;2706;50.00;50.00;50.00;3935;1000;0.0;0;0.0000;0;0;10872;10872;10872
60;2014-09-30 14:45:00;909402N262;8212;11.009;44;235;235;235;236;11.637;50.00;509.6;7.943;629.1;2.944;768.2;3.206;60;0;0;11.553;11.673;11.686;2708;2743;2757;50.00;50.00;50.00;3935;1000;0.0;0;0.0000;0;0;11009;11009;11009
60;2014-09-30 14:46:00;909402N262;8117;11.145;44;235;235;235;236;11.505;50.00;504.9;7.912;604.0;3.029;765.2;3.232;60;0;0;11.441;11.517;11.558;2687;2699;2729;50.00;50.00;50.00;3935;1000;0.0;0;0.0000;0;0;11145;11145;11145
60;2014-09-30 14:47:00;909402N262;7865;11.275;44;235;235;234;236;11.179;50.01;506.8;7.653;621.5;2.846;764.7;3.087;60;0;0;11.143;11.184;11.210;2613;2614;2636;50.01;50.01;50.01;3935;1000;0.0;0;0.0000;0;0;11275;11275;11275
60;2014-09-30 14:48:00;909402N262;7661;11.403;44;235;235;235;236;10.882;50.02;506.8;7.462;621.0;2.768;763.6;3.011;60;0;0;10.831;10.917;10.899;2540;2559;2560;50.02;50.02;50.02;3935;1000;0.0;0;0.0000;0;0;11403;11403;11403
60;2014-09-30 14:49:00;909402N262;7449;11.528;44;235;235;235;235;10.587;50.00;506.8;7.271;620.0;2.695;762.7;2.918;60;0;0;10.518;10.638;10.605;2461;2495;2490;50.00;50.00;50.00;3935;1000;0.0;0;0.0000;0;0;11528;11528;11528
60;2014-09-30 14:50:00;909402N262;7388;11.652;44;235;235;234;235;10.515;50.01;506.9;7.226;621.0;2.662;763.3;2.889;60;0;0;10.462;10.537;10.547;2447;2462;2476;50.01;50.01;50.01;3935;1000;0.0;0;0.0000;0;0;11652;11652;11652
60;2014-09-30 14:51:00;909402N262;7244;11.772;45;235;235;234;235;10.323;50.00;507.6;7.092;621.3;2.608;763.3;2.820;60;0;0;10.273;10.336;10.362;2402;2409;2431;50.00;50.00;50.00;3935;1000;0.0;0;0.0000;0;0;11772;11772;11772
60;2014-09-30 14:52:00;909402N262;7179;11.893;45;234;234;234;236;10.235;50.00;508.4;7.021;619.2;2.583;764.2;2.798;60;0;0;10.167;10.242;10.297;2373;2385;2419;50.00;50.00;50.00;3935;1000;0.0;0;0.0000;0;0;11893;11893;11893
60;2014-09-30 14:53:00;909402N262;7359;12.015;45;235;234;235;236;10.471;50.02;508.4;7.179;620.2;2.633;765.8;2.885;60;0;0;10.395;10.488;10.531;2428;2453;2476;50.02;50.02;50.02;3935;1000;0.0;0;0.0000;0;0;12015;12015;12015
60;2014-09-30 14:54:00;909402N262;7360;12.138;45;235;235;235;236;10.465;50.02;508.8;7.180;622.0;2.625;765.3;2.881;60;0;0;10.397;10.482;10.518;2432;2450;2475;50.02;50.02;50.02;3935;1000;0.0;0;0.0000;0;0;12138;12138;12138
60;2014-09-30 14:55:00;909402N262;7272;12.259;45;235;235;235;236;10.331;50.02;510.6;7.098;625.8;2.553;766.2;2.845;60;0;0;10.269;10.355;10.371;2405;2426;2440;50.02;50.02;50.02;3935;1000;0.0;0;0.0000;0;0;12259;12259;12259
60;2014-09-30 14:56:00;909402N262;7225;12.380;45;235;235;235;236;10.257;50.01;512.0;7.025;622.4;2.557;766.4;2.825;60;0;0;10.180;10.296;10.296;2384;2415;2423;50.01;50.01;50.01;3935;1000;0.0;0;0.0000;0;0;12380;12380;12380
60;2014-09-30 14:57:00;909402N262;7192;12.499;45;236;235;235;236;10.207;50.01;512.3;6.991;622.1;2.544;766.4;2.814;60;0;0;10.139;10.244;10.239;2376;2404;2411;50.01;50.01;50.01;3935;1000;0.0;0;0.0000;0;0;12499;12499;12499
60;2014-09-30 14:58:00;909402N262;7197;12.620;45;236;235;235;236;10.214;49.99;512.6;7.008;621.8;2.554;766.8;2.799;60;0;0;10.158;10.244;10.240;2383;2401;2410;49.99;49.99;49.99;3935;1000;0.0;0;0.0000;0;0;12620;12620;12620
60;2014-09-30 14:59:00;909402N262;7180;12.740;45;236;236;235;236;10.183;49.97;513.0;6.990;622.1;2.553;766.8;2.785;60;0;0;10.135;10.200;10.215;2380;2392;2407;49.97;49.97;49.97;3935;1000;0.0;0;0.0000;0;0;12740;12740;12740
60;2014-09-30 15:00:00;909402N262;7188;12.859;45;236;235;235;236;10.195;49.97;512.8;7.000;621.6;2.548;766.7;2.794;60;0;0;10.138;10.211;10.236;2377;2397;2413;49.97;49.97;49.97;3935;1000;0.0;0;0.0000;0;0;12859;12859;12859
[wr_ende]
