20140124;120001;danfoss;My Plant;+0100
[wr_def_start]
909402N262;Inverter Type;Inverter Group;Hanzl
[wr_def_end]
[wr]
INTERVAL;TIMESTAMP;SERIAL;P_AC;E_DAY;T_WR;U_AC;U_AC_1;U_AC_2;U_AC_3;I_AC;F_AC;U_DC_1;I_DC_1;U_DC_2;I_DC_2;U_DC_3;I_DC_3;S;E_WR;M_WR;I_AC_1;I_AC_2;I_AC_3;P_AC_1;P_AC_2;P_AC_3;F_AC_1;F_AC_2;F_AC_3;R_DC;PC;PCS;PCS_LL;COS_PHI;COS_PHI_LL;S_COS_PHI;Current_Day_Energy;current_Day_Offset;ccEnergyOfDay_WithoutOffset
60;2014-01-24 11:01:00;909402N262;20;0.029;24;232;232;233;232;0.130;49.96;483.9;0.031;477.8;0.014;605.6;0.015;60;0;0;0.153;0.149;0.090;6;4;10;49.96;49.96;49.96;8951;1000;0.0;0;0.0000;0;0;29;29;29
60;2014-01-24 11:02:00;909402N262;17;0.029;24;232;232;233;232;0.122;49.96;482.4;0.030;472.3;0.011;588.1;0.015;60;0;0;0.125;0.155;0.088;3;8;10;49.96;49.96;49.96;8951;1000;0.0;0;0.0000;0;0;29;29;29
60;2014-01-24 11:03:00;909402N262;16;0.029;24;232;232;233;232;0.118;49.97;480.8;0.028;475.4;0.011;583.0;0.015;60;0;0;0.105;0.165;0.084;3;9;9;49.97;49.97;49.97;8951;1000;0.0;0;0.0000;0;0;29;29;29
60;2014-01-24 11:04:00;909402N262;18;0.029;24;232;232;233;232;0.115;49.97;482.9;0.031;473.6;0.011;600.9;0.015;60;0;0;0.095;0.188;0.064;2;12;6;49.97;49.97;49.97;8951;1000;0.0;0;0.0000;0;0;29;29;29
60;2014-01-24 11:05:00;909402N262;16;0.029;24;232;232;234;232;0.098;49.96;480.4;0.028;469.9;0.011;577.1;0.014;60;0;0;0.056;0.217;0.022;2;12;2;49.96;49.96;49.96;8951;1000;0.0;0;0.0000;0;0;29;29;29
60;2014-01-24 11:06:00;909402N262;12;0.029;24;233;232;234;232;0.090;49.97;478.3;0.027;399.7;0.011;544.8;0.011;60;0;0;0.062;0.169;0.040;3;6;4;49.97;49.97;49.97;8951;1000;0.0;0;0.0000;0;0;29;29;29
60;2014-01-24 11:07:00;909402N262;13;0.030;24;232;233;233;231;0.090;49.96;478.2;0.027;417.8;0.011;553.5;0.012;60;0;0;0.122;0.129;0.019;4;7;2;49.96;49.96;49.96;8951;1000;0.0;0;0.0000;0;0;30;30;30
60;2014-01-24 11:08:00;909402N262;16;0.031;24;233;234;233;231;0.110;49.96;479.8;0.027;471.2;0.011;580.4;0.015;60;0;0;0.200;0.120;0.010;3;12;0;49.96;49.96;49.96;8951;1000;0.0;0;0.0000;0;0;31;31;31
60;2014-01-24 11:09:00;909402N262;15;0.031;24;233;234;233;231;0.117;49.96;480.5;0.027;476.9;0.011;574.0;0.015;60;0;0;0.197;0.144;0.010;1;17;0;49.96;49.96;49.96;8951;1000;0.0;0;0.0000;0;0;31;31;31
60;2014-01-24 11:10:00;909402N262;14;0.031;24;233;233;233;231;0.101;49.96;478.9;0.027;462.8;0.011;558.9;0.013;60;0;0;0.167;0.120;0.017;2;12;1;49.96;49.96;49.96;8951;1000;0.0;0;0.0000;0;0;31;31;31
60;2014-01-24 11:11:00;909402N262;13;0.031;24;233;233;233;231;0.100;49.97;479.3;0.027;406.6;0.011;544.0;0.011;60;0;0;0.134;0.138;0.028;3;9;3;49.97;49.97;49.97;8951;1000;0.0;0;0.0000;0;0;31;31;31
60;2014-01-24 11:12:00;909402N262;12;0.032;24;233;233;233;232;0.116;49.97;480.1;0.027;408.1;0.011;545.9;0.011;60;0;0;0.152;0.142;0.056;2;8;5;49.97;49.97;49.97;8951;1000;0.0;0;0.0000;0;0;32;32;32
60;2014-01-24 11:13:00;909402N262;11;0.032;24;233;234;233;231;0.129;49.97;481.3;0.025;398.5;0.011;542.6;0.011;60;0;0;0.210;0.153;0.024;1;12;2;49.97;49.97;49.97;8951;1000;0.0;0;0.0000;0;0;32;32;32
60;2014-01-24 11:14:00;909402N262;10;0.032;24;233;233;233;231;0.119;49.97;482.5;0.023;489.5;0.007;602.4;0.011;60;0;0;0.197;0.147;0.014;1;12;1;49.97;49.97;49.97;8951;1000;0.0;0;0.0000;0;0;32;32;32
60;2014-01-24 11:15:00;909402N262;7;0.032;25;233;233;233;231;0.110;49.97;470.9;0.020;456.0;0.007;600.6;0.010;60;0;0;0.188;0.128;0.015;0;12;1;49.97;49.97;49.97;8951;1000;0.0;0;0.0000;0;0;32;32;32
60;2014-01-24 11:16:00;909402N262;5;0.032;25;232;233;233;231;0.108;49.96;465.5;0.018;409.8;0.007;555.2;0.007;60;0;0;0.192;0.124;0.009;0;12;0;49.96;49.96;49.96;8951;1000;0.0;0;0.0000;0;0;32;32;32
60;2014-01-24 11:17:00;909402N262;6;0.033;25;232;234;232;232;0.136;49.97;467.7;0.019;431.8;0.007;583.6;0.008;60;0;0;0.245;0.121;0.044;0;15;3;49.97;49.97;49.97;8951;1000;0.0;0;0.0000;0;0;33;33;33
60;2014-01-24 11:18:00;909402N262;7;0.033;25;232;233;232;232;0.159;49.97;469.4;0.019;460.5;0.007;603.6;0.011;60;0;0;0.254;0.112;0.113;0;13;10;49.97;49.97;49.97;8951;1000;0.0;0;0.0000;0;0;33;33;33
60;2014-01-24 11:19:00;909402N262;7;0.033;25;233;234;232;232;0.182;49.97;469.8;0.019;459.9;0.007;603.0;0.011;60;0;0;0.327;0.154;0.066;0;19;5;49.97;49.97;49.97;8951;1000;0.0;0;0.0000;0;0;33;33;33
60;2014-01-24 11:20:00;909402N262;6;0.034;25;233;234;232;232;0.190;49.98;469.8;0.019;439.7;0.007;591.8;0.009;60;0;0;0.358;0.176;0.038;0;20;2;49.98;49.98;49.98;8951;1000;0.0;0;0.0000;0;0;34;34;34
60;2014-01-24 11:21:00;909402N262;6;0.034;25;233;233;233;231;0.161;49.97;469.4;0.019;443.3;0.007;595.4;0.010;60;0;0;0.280;0.182;0.022;0;14;1;49.97;49.97;49.97;8951;1000;0.0;0;0.0000;0;0;34;34;34
60;2014-01-24 11:22:00;909402N262;9;0.034;25;232;233;233;231;0.149;49.97;474.3;0.021;485.7;0.007;621.5;0.011;60;0;0;0.245;0.189;0.014;0;16;1;49.97;49.97;49.97;8951;1000;0.0;0;0.0000;0;0;34;34;34
60;2014-01-24 11:23:00;909402N262;9;0.034;25;232;233;233;231;0.163;49.97;476.4;0.022;490.9;0.007;626.1;0.011;60;0;0;0.267;0.198;0.025;0;16;2;49.97;49.97;49.97;8951;1000;0.0;0;0.0000;0;0;34;34;34
60;2014-01-24 11:24:00;909402N262;8;0.035;25;233;233;233;231;0.145;49.97;472.5;0.019;473.6;0.007;607.9;0.011;60;0;0;0.225;0.195;0.017;0;13;1;49.97;49.97;49.97;8951;1000;0.0;0;0.0000;0;0;35;35;35
60;2014-01-24 11:25:00;909402N262;9;0.035;25;233;234;233;231;0.152;49.97;476.6;0.020;487.6;0.007;620.7;0.011;60;0;0;0.256;0.186;0.016;1;15;1;49.97;49.97;49.97;8951;1000;0.0;0;0.0000;0;0;35;35;35
60;2014-01-24 11:26:00;909402N262;8;0.035;25;233;234;232;232;0.198;49.98;474.4;0.022;485.0;0.007;619.2;0.011;60;0;0;0.390;0.197;0.008;0;27;0;49.98;49.98;49.98;8951;1000;0.0;0;0.0000;0;0;35;35;35
60;2014-01-24 11:27:00;909402N262;8;0.036;25;233;234;231;232;0.204;49.97;473.3;0.019;477.8;0.007;614.3;0.011;60;0;0;0.385;0.151;0.076;0;20;4;49.97;49.97;49.97;8951;1000;0.0;0;0.0000;0;0;36;36;36
60;2014-01-24 11:28:00;909402N262;9;0.037;25;233;234;232;233;0.173;49.97;476.0;0.022;491.2;0.007;626.3;0.011;60;0;0;0.289;0.091;0.141;0;11;9;49.97;49.97;49.97;8951;1000;0.0;0;0.0000;0;0;37;37;37
60;2014-01-24 11:29:00;909402N262;10;0.037;25;233;233;233;233;0.146;49.97;481.2;0.023;500.2;0.007;639.0;0.011;60;0;0;0.161;0.081;0.196;0;5;16;49.97;49.97;49.97;8951;1000;0.0;0;0.0000;0;0;37;37;37
60;2014-01-24 11:30:00;909402N262;11;0.037;25;233;233;233;233;0.150;49.97;487.5;0.023;505.3;0.009;644.5;0.011;60;0;0;0.151;0.071;0.230;0;5;12;49.97;49.97;49.97;8951;1000;0.0;0;0.0000;0;0;37;37;37
60;2014-01-24 11:31:00;909402N262;10;0.037;25;233;232;233;234;0.145;49.97;476.2;0.023;496.7;0.008;629.3;0.011;60;0;0;0.064;0.145;0.228;3;9;3;49.97;49.97;49.97;8951;1000;0.0;0;0.0000;0;0;37;37;37
60;2014-01-24 11:32:00;909402N262;10;0.037;25;233;232;233;234;0.144;49.97;480.7;0.023;498.8;0.007;634.6;0.011;60;0;0;0.059;0.148;0.227;5;10;1;49.97;49.97;49.97;8951;1000;0.0;0;0.0000;0;0;37;37;37
60;2014-01-24 11:33:00;909402N262;10;0.038;25;233;232;233;234;0.142;49.97;482.8;0.023;503.8;0.008;642.8;0.011;60;0;0;0.062;0.136;0.228;7;11;0;49.97;49.97;49.97;8951;1000;0.0;0;0.0000;0;0;38;38;38
60;2014-01-24 11:34:00;909402N262;10;0.038;25;233;232;232;234;0.147;49.97;483.2;0.023;501.0;0.008;640.0;0.011;60;0;0;0.070;0.113;0.259;5;9;2;49.97;49.97;49.97;8951;1000;0.0;0;0.0000;0;0;38;38;38
60;2014-01-24 11:35:00;909402N262;9;0.038;25;232;232;232;233;0.159;49.99;477.6;0.021;492.4;0.007;626.8;0.011;60;0;0;0.113;0.115;0.251;7;7;1;49.99;49.99;49.99;8951;1000;0.0;0;0.0000;0;0;38;38;38
60;2014-01-24 11:36:00;909402N262;10;0.038;25;233;232;233;233;0.133;49.98;480.7;0.022;500.4;0.008;639.8;0.011;60;0;0;0.055;0.108;0.237;3;8;5;49.98;49.98;49.98;8951;1000;0.0;0;0.0000;0;0;38;38;38
60;2014-01-24 11:37:00;909402N262;11;0.038;25;233;232;233;233;0.126;49.98;486.4;0.023;506.0;0.009;645.1;0.011;60;0;0;0.058;0.124;0.196;4;8;2;49.98;49.98;49.98;8951;1000;0.0;0;0.0000;0;0;38;38;38
60;2014-01-24 11:38:00;909402N262;9;0.038;25;232;232;232;232;0.173;49.98;481.3;0.021;494.0;0.007;630.5;0.011;60;0;0;0.167;0.162;0.192;2;7;8;49.98;49.98;49.98;8951;1000;0.0;0;0.0000;0;0;38;38;38
60;2014-01-24 11:39:00;909402N262;8;0.038;25;233;233;232;233;0.185;49.99;475.9;0.019;481.3;0.007;615.6;0.011;60;0;0;0.258;0.115;0.184;0;9;9;49.99;49.99;49.99;8951;1000;0.0;0;0.0000;0;0;38;38;38
60;2014-01-24 11:40:00;909402N262;8;0.039;25;233;233;233;232;0.191;49.98;475.4;0.019;481.8;0.007;616.9;0.011;60;0;0;0.285;0.145;0.143;0;10;10;49.98;49.98;49.98;8951;1000;0.0;0;0.0000;0;0;39;39;39
60;2014-01-24 11:41:00;909402N262;7;0.039;25;233;234;233;232;0.186;49.99;474.7;0.019;472.3;0.007;612.1;0.011;60;0;0;0.272;0.178;0.108;1;12;6;49.99;49.99;49.99;8951;1000;0.0;0;0.0000;0;0;39;39;39
60;2014-01-24 11:42:00;909402N262;7;0.039;25;233;233;233;232;0.154;49.99;474.4;0.019;464.3;0.007;605.0;0.011;60;0;0;0.203;0.165;0.094;1;7;6;49.99;49.99;49.99;8951;1000;0.0;0;0.0000;0;0;39;39;39
60;2014-01-24 11:43:00;909402N262;5;0.040;25;233;233;234;232;0.123;49.99;473.2;0.017;425.1;0.007;583.5;0.009;60;0;0;0.114;0.202;0.055;3;2;4;49.99;49.99;49.99;8951;1000;0.0;0;0.0000;0;0;40;40;40
60;2014-01-24 11:44:00;909402N262;3;0.040;25;233;233;233;232;0.175;49.99;463.3;0.015;380.1;0.007;550.4;0.007;60;0;0;0.298;0.176;0.052;0;13;3;49.99;49.99;49.99;8951;1000;0.0;0;0.0000;0;0;40;40;40
60;2014-01-24 11:45:00;909402N262;2;0.040;25;233;234;233;233;0.170;50.00;466.0;0.015;369.4;0.007;541.9;0.007;60;0;0;0.277;0.109;0.125;0;8;6;50.00;50.00;50.00;8951;1000;0.0;0;0.0000;0;0;40;40;40
60;2014-01-24 11:46:00;909402N262;1;0.040;25;233;233;232;234;0.163;49.99;459.4;0.014;347.8;0.007;516.1;0.007;60;0;0;0.171;0.076;0.243;2;8;1;49.99;49.99;49.99;8951;1000;0.0;0;0.0000;0;0;40;40;40
60;2014-01-24 11:47:00;909402N262;0;0.041;25;233;233;232;234;0.193;49.99;468.2;0.014;348.8;0.007;519.9;0.007;60;0;0;0.182;0.081;0.318;2;8;1;49.99;49.99;49.99;8951;1000;0.0;0;0.0000;0;0;41;41;41
60;2014-01-24 11:48:00;909402N262;0;0.041;25;233;233;232;234;0.181;49.99;464.0;0.012;345.9;0.007;505.5;0.007;60;0;0;0.158;0.075;0.310;2;7;0;49.99;49.99;49.99;8951;1000;0.0;0;0.0000;0;0;41;41;40
60;2014-01-24 11:49:00;909402N262;0;0.041;25;233;234;233;234;0.146;50.01;463.4;0.011;349.0;0.007;422.1;0.007;60;0;0;0.177;0.066;0.195;3;4;1;50.01;50.01;50.01;8951;1000;0.0;0;0.0000;0;0;41;41;40
60;2014-01-24 11:50:00;909402N262;0;0.041;25;233;234;233;233;0.166;50.00;462.4;0.011;352.1;0.007;416.6;0.007;60;0;0;0.285;0.087;0.126;0;9;3;50.01;50.00;50.01;8951;1000;0.0;0;0.0000;0;0;41;41;40
60;2014-01-24 11:51:00;909402N262;0;0.041;25;233;234;233;233;0.194;50.00;467.3;0.013;347.7;0.007;512.0;0.007;60;0;0;0.298;0.089;0.196;0;8;4;50.00;50.00;50.00;8951;1000;0.0;0;0.0000;0;0;41;41;40
60;2014-01-24 11:52:00;909402N262;0;0.041;25;233;234;233;234;0.175;50.00;469.1;0.014;347.0;0.007;518.8;0.007;60;0;0;0.246;0.082;0.199;1;8;2;50.00;50.00;50.00;8951;1000;0.0;0;0.0000;0;0;41;41;40
60;2014-01-24 11:53:00;909402N262;0;0.041;25;233;233;233;234;0.148;50.00;469.9;0.013;348.0;0.007;521.0;0.007;60;0;0;0.154;0.094;0.197;4;5;0;50.00;50.00;50.00;8951;1000;0.0;0;0.0000;0;0;41;41;40
60;2014-01-24 11:54:00;909402N262;0;0.041;25;233;233;234;232;0.025;50.00;523.1;0.006;510.4;0.002;635.4;0.004;51;0;0;0.021;0.017;0.038;0;1;0;50.00;50.00;50.00;8982;1000;0.0;0;0.0000;0;0;41;41;40
60;2014-01-24 11:55:00;909402N262;0;0.041;25;233;233;234;233;0.026;50.01;450.0;0.001;425.7;0.000;505.2;0.000;60;0;0;0.023;0.024;0.032;1;1;0;50.01;50.01;50.01;9403;1000;0.0;0;0.0000;0;0;41;41;40
60;2014-01-24 11:56:00;909402N262;0;0.041;25;233;233;233;234;0.101;49.99;262.5;0.003;314.8;0.003;479.9;0.000;60;0;0;0.067;0.085;0.153;2;6;0;49.99;49.99;49.99;9403;1000;0.0;0;0.0000;0;0;41;41;41
60;2014-01-24 11:57:00;909402N262;0;0.041;24;233;233;233;234;0.098;49.99;263.0;0.007;349.5;0.003;523.5;0.002;60;0;0;0.096;0.087;0.111;1;5;0;49.99;49.99;49.99;9403;1000;0.0;0;0.0000;0;0;41;41;41
60;2014-01-24 11:58:00;909402N262;0;0.041;24;232;232;232;232;0.042;50.00;260.2;0.006;328.5;0.003;503.6;0.000;60;0;0;0.049;0.040;0.039;0;3;0;50.00;50.00;50.00;9403;1000;0.0;0;0.0000;0;0;41;41;41
60;2014-01-24 11:59:00;909402N262;0;0.041;24;231;231;231;231;0.001;50.01;260.5;0.003;305.9;0.002;442.7;0.000;60;0;0;0.004;0.001;0.000;0;0;0;50.01;50.01;50.01;9403;1000;0.0;0;0.0000;0;0;41;41;41
60;2014-01-24 12:00:00;909402N262;0;0.041;24;231;232;232;230;0.041;50.01;308.3;0.002;338.1;0.002;456.6;0.000;80;0;0;0.084;0.020;0.019;0;1;1;50.01;50.01;50.01;9403;1000;0.0;0;0.0000;0;0;41;41;41
[wr_ende]
