20141214;170003;danfoss;My Plant;+0100
[wr_def_start]
909402N262;Inverter Type;Inverter Group;Hanzl
[wr_def_end]
[wr]
INTERVAL;TIMESTAMP;SERIAL;P_AC;E_DAY;T_WR;U_AC;U_AC_1;U_AC_2;U_AC_3;I_AC;F_AC;U_DC_1;I_DC_1;U_DC_2;I_DC_2;U_DC_3;I_DC_3;S;E_WR;M_WR;I_AC_1;I_AC_2;I_AC_3;P_AC_1;P_AC_2;P_AC_3;F_AC_1;F_AC_2;F_AC_3;R_DC;PC;PCS;PCS_LL;COS_PHI;COS_PHI_LL;S_COS_PHI;Current_Day_Energy;current_Day_Offset;ccEnergyOfDay_WithoutOffset
60;2014-12-14 16:01:00;909402N262;11;7.959;37;232;231;232;233;0.043;50.03;445.5;0.022;369.0;0.004;397.6;0.007;60;0;0;0.028;0.034;0.068;2;3;5;50.03;50.03;50.03;10624;1000;0.0;0;1.0000;0;2;7959;7959;7959
60;2014-12-14 16:02:00;909402N262;4;7.959;37;231;230;232;232;0.016;50.04;439.8;0.017;287.5;0.003;276.0;0.007;60;0;0;0.010;0.026;0.012;1;3;0;50.04;50.04;50.04;10624;1000;0.0;0;1.0000;0;2;7959;7959;7959
60;2014-12-14 16:03:00;909402N262;1;7.959;37;232;230;232;232;0.012;50.04;424.1;0.012;279.0;0.002;277.7;0.005;60;0;0;0.004;0.018;0.015;0;1;0;50.04;50.04;50.04;10624;1000;0.0;0;1.0000;0;2;7959;7959;7959
60;2014-12-14 16:04:00;909402N262;0;7.959;36;231;230;232;232;0.000;50.03;414.3;0.009;299.1;0.000;264.0;0.003;60;0;0;0.001;0.001;0.000;0;0;0;50.03;50.03;50.03;10624;1000;0.0;0;1.0000;0;2;7959;7959;7959
60;2014-12-14 16:05:00;909402N262;0;7.959;36;231;230;232;232;0.000;50.02;406.1;0.006;267.3;0.000;254.9;0.002;60;0;0;0.000;0.000;0.000;0;0;0;50.02;50.02;50.02;10624;1000;0.0;0;1.0000;0;2;7959;7959;7959
60;2014-12-14 16:06:00;909402N262;0;7.959;36;232;230;233;233;0.005;50.03;333.6;0.005;150.2;0.000;346.6;0.000;60;0;0;0.000;0.008;0.007;0;0;0;50.03;50.03;50.03;10624;1000;0.0;0;1.0000;0;2;7959;7959;7959
60;2014-12-14 16:07:00;909402N262;0;7.959;36;234;232;234;235;0.013;50.03;276.3;0.003;102.4;0.000;300.6;0.000;60;0;0;0.000;0.010;0.029;0;0;0;50.03;50.03;50.03;10624;1000;0.0;0;1.0000;0;2;7959;7959;7959
60;2014-12-14 16:08:00;909402N262;0;7.959;36;233;231;234;234;0.018;50.02;318.4;0.000;100.1;0.000;265.5;0.000;80;0;0;0.000;0.006;0.048;0;0;0;50.02;50.02;50.02;10624;1000;0.0;0;1.0000;0;2;7959;7959;7959
60;2014-12-14 16:09:00;909402N262;0;7.959;36;233;232;234;233;0.000;50.02;268.2;0.000;52.6;0.000;246.5;0.000;50;0;0;0.000;0.000;0.000;0;0;0;50.02;50.02;50.02;10624;1000;0.0;0;1.0000;0;2;7959;7959;7959
60;2014-12-14 16:10:00;909402N262;0;7.959;36;233;232;234;233;0.000;50.01;226.4;0.000;34.9;0.000;226.4;0.000;50;0;0;0.000;0.000;0.000;0;0;0;50.01;50.01;50.01;10624;1000;0.0;0;1.0000;0;2;7959;7959;7959
60;2014-12-14 16:11:00;909402N262;0;7.959;36;233;232;234;233;0.000;49.99;238.5;0.000;36.3;0.000;238.6;0.000;50;0;0;0.000;0.000;0.000;0;0;0;49.99;49.99;49.99;10624;1000;0.0;0;1.0000;0;2;7959;7959;7959
60;2014-12-14 16:12:00;909402N262;0;7.959;35;233;232;234;232;0.000;49.99;236.0;0.000;36.4;0.000;235.8;0.000;50;0;0;0.000;0.000;0.000;0;0;0;49.99;49.99;49.99;10624;1000;0.0;0;1.0000;0;2;7959;7959;7959
60;2014-12-14 16:13:00;909402N262;0;7.959;35;233;232;234;232;0.000;49.99;232.6;0.000;35.9;0.000;232.0;0.000;50;0;0;0.000;0.000;0.000;0;0;0;49.99;49.99;49.99;10624;1000;0.0;0;1.0000;0;2;7959;7959;7959
60;2014-12-14 16:14:00;909402N262;0;7.959;35;233;231;235;232;0.000;49.99;229.5;0.000;35.4;0.000;228.9;0.000;50;0;0;0.000;0.000;0.000;0;0;0;49.99;49.99;49.99;10624;1000;0.0;0;1.0000;0;2;7959;7959;7959
60;2014-12-14 16:15:00;909402N262;0;7.959;34;233;231;235;232;0.000;49.98;226.1;0.000;35.0;0.000;226.1;0.000;50;0;0;0.000;0.000;0.000;0;0;0;49.98;49.98;49.98;10624;1000;0.0;0;1.0000;0;2;7959;7959;7959
60;2014-12-14 16:16:00;909402N262;0;7.959;34;233;232;235;232;0.000;49.98;230.3;0.000;35.7;0.000;230.3;0.000;50;0;0;0.000;0.000;0.000;0;0;0;49.99;49.98;49.98;10624;1000;0.0;0;1.0000;0;2;7959;7959;7959
60;2014-12-14 16:17:00;909402N262;0;7.959;34;233;232;235;232;0.000;49.99;228.8;0.000;35.4;0.000;228.4;0.000;50;0;0;0.000;0.000;0.000;0;0;0;49.99;49.99;49.99;10624;1000;0.0;0;1.0000;0;2;7959;7959;7959
60;2014-12-14 16:18:00;909402N262;0;7.959;33;233;231;235;232;0.000;49.98;228.4;0.000;35.2;0.000;228.3;0.000;50;0;0;0.000;0.000;0.000;0;0;0;49.98;49.98;49.98;10624;1000;0.0;0;1.0000;0;2;7959;7959;7959
60;2014-12-14 16:19:00;909402N262;0;7.959;33;232;231;234;232;0.000;49.98;228.2;0.000;35.2;0.000;228.3;0.000;50;0;0;0.000;0.000;0.000;0;0;0;49.98;49.98;49.98;10624;1000;0.0;0;1.0000;0;2;7959;7959;7959
60;2014-12-14 16:20:00;909402N262;0;7.959;33;232;232;235;231;0.000;49.99;227.4;0.000;35.0;0.000;227.3;0.000;50;0;0;0.000;0.000;0.000;0;0;0;49.99;49.99;49.99;10624;1000;0.0;0;1.0000;0;2;7959;7959;7959
60;2014-12-14 16:21:00;909402N262;0;7.959;33;232;231;235;231;0.000;49.99;228.5;0.000;34.9;0.000;228.7;0.000;50;0;0;0.000;0.000;0.000;0;0;0;49.99;49.99;49.99;10624;1000;0.0;0;1.0000;0;2;7959;7959;7959
60;2014-12-14 16:22:00;909402N262;0;7.959;32;232;231;234;231;0.000;49.97;228.1;0.000;34.9;0.000;228.1;0.000;50;0;0;0.000;0.000;0.000;0;0;0;49.97;49.97;49.97;10624;1000;0.0;0;1.0000;0;2;7959;7959;7959
60;2014-12-14 16:23:00;909402N262;0;7.959;32;232;231;233;231;0.000;49.98;228.3;0.000;34.9;0.000;228.3;0.000;50;0;0;0.000;0.000;0.000;0;0;0;49.98;49.98;49.98;10624;1000;0.0;0;1.0000;0;2;7959;7959;7959
60;2014-12-14 16:24:00;909402N262;0;7.959;32;231;231;233;230;0.000;49.98;230.2;0.000;35.0;0.000;230.3;0.000;50;0;0;0.000;0.000;0.000;0;0;0;49.98;49.98;49.98;10624;1000;0.0;0;1.0000;0;2;7959;7959;7959
60;2014-12-14 16:25:00;909402N262;0;7.959;32;231;231;233;230;0.000;49.99;226.4;0.000;34.9;0.000;226.4;0.000;50;0;0;0.000;0.000;0.000;0;0;0;49.99;49.99;49.99;10624;1000;0.0;0;1.0000;0;2;7959;7959;7959
60;2014-12-14 16:26:00;909402N262;0;7.959;31;231;231;233;230;0.000;49.98;230.7;0.000;35.1;0.000;225.5;0.000;50;0;0;0.000;0.000;0.000;0;0;0;49.98;49.98;49.98;10624;1000;0.0;0;1.0000;0;2;7959;7959;7959
60;2014-12-14 16:27:00;909402N262;0;7.959;31;232;231;234;230;0.000;49.96;225.2;0.000;34.7;0.000;211.6;0.000;50;0;0;0.000;0.000;0.000;0;0;0;49.96;49.96;49.96;10624;1000;0.0;0;1.0000;0;2;7959;7959;7959
60;2014-12-14 16:28:00;909402N262;0;7.959;31;234;233;236;232;0.000;49.99;240.0;0.000;36.4;0.000;195.3;0.000;50;0;0;0.000;0.000;0.000;0;0;0;49.99;49.99;49.99;10624;1000;0.0;0;1.0000;0;2;7959;7959;7959
60;2014-12-14 16:29:00;909402N262;0;7.959;31;234;233;236;232;0.000;49.97;242.4;0.000;37.0;0.000;178.9;0.000;50;0;0;0.000;0.000;0.000;0;0;0;49.97;49.97;49.97;10624;1000;0.0;0;1.0000;0;2;7959;7959;7959
60;2014-12-14 16:30:00;909402N262;0;7.959;31;234;233;236;232;0.000;49.99;234.8;0.000;35.9;0.000;161.4;0.000;50;0;0;0.000;0.000;0.000;0;0;0;49.99;49.99;49.99;10624;1000;0.0;0;1.0000;0;2;7959;7959;7959
60;2014-12-14 16:31:00;909402N262;0;7.959;31;233;233;235;232;0.000;50.00;221.5;0.000;33.8;0.000;143.7;0.000;50;0;0;0.000;0.000;0.000;0;0;0;50.00;50.00;50.00;10624;1000;0.0;0;1.0000;0;2;7959;7959;7959
[wr_ende]
