20140730;120000;danfoss;My Plant;+0100
[wr_def_start]
909402N262;Inverter Type;Inverter Group;Hanzl
[wr_def_end]
[wr]
INTERVAL;TIMESTAMP;SERIAL;P_AC;E_DAY;T_WR;U_AC;U_AC_1;U_AC_2;U_AC_3;I_AC;F_AC;U_DC_1;I_DC_1;U_DC_2;I_DC_2;U_DC_3;I_DC_3;S;E_WR;M_WR;I_AC_1;I_AC_2;I_AC_3;P_AC_1;P_AC_2;P_AC_3;F_AC_1;F_AC_2;F_AC_3;R_DC;PC;PCS;PCS_LL;COS_PHI;COS_PHI_LL;S_COS_PHI;Current_Day_Energy;current_Day_Offset;ccEnergyOfDay_WithoutOffset
60;2014-07-30 11:01:00;909402N262;2161;6.493;44;234;235;234;234;3.131;50.00;554.6;1.799;616.7;0.925;789.4;0.793;60;0;0;3.084;3.160;3.150;710;727;723;50.00;50.00;50.00;4738;1000;0.0;0;0.0000;0;0;6493;6493;6493
60;2014-07-30 11:02:00;909402N262;2445;6.533;44;234;235;234;234;3.515;50.01;558.4;1.997;633.1;1.026;794.5;0.894;60;0;0;3.468;3.536;3.543;805;820;819;50.01;50.01;50.01;4738;1000;0.0;0;0.0000;0;0;6533;6533;6533
60;2014-07-30 11:03:00;909402N262;2427;6.575;44;234;235;234;234;3.485;50.01;556.5;1.996;633.0;1.015;794.6;0.879;60;0;0;3.431;3.519;3.507;798;815;812;50.01;50.01;50.01;4738;1000;0.0;0;0.0000;0;0;6575;6575;6575
60;2014-07-30 11:04:00;909402N262;2394;6.614;44;234;235;234;234;3.438;50.00;555.6;1.978;632.5;1.005;794.7;0.862;60;0;0;3.391;3.465;3.459;789;803;800;50.00;50.00;50.00;4738;1000;0.0;0;0.0000;0;0;6614;6614;6614
60;2014-07-30 11:05:00;909402N262;2423;6.654;44;234;235;233;234;3.485;50.01;555.1;2.002;632.4;1.020;794.7;0.873;60;0;0;3.434;3.504;3.519;798;807;816;50.01;50.01;50.01;4738;1000;0.0;0;0.0000;0;0;6654;6654;6654
60;2014-07-30 11:06:00;909402N262;2433;6.695;44;234;235;233;235;3.497;50.01;554.7;2.004;630.1;1.032;794.7;0.878;60;0;0;3.445;3.518;3.528;800;812;818;50.01;50.01;50.01;4738;1000;0.0;0;0.0000;0;0;6695;6695;6695
60;2014-07-30 11:07:00;909402N262;2392;6.735;44;234;235;233;235;3.440;50.01;556.5;1.957;624.4;1.029;794.5;0.865;60;0;0;3.388;3.469;3.464;787;800;803;50.01;50.01;50.01;4738;1000;0.0;0;0.0000;0;0;6735;6735;6735
60;2014-07-30 11:08:00;909402N262;2328;6.774;44;234;235;234;235;3.351;50.01;558.9;1.888;618.4;1.016;794.3;0.843;60;0;0;3.304;3.370;3.379;766;778;782;50.01;50.01;50.01;4738;1000;0.0;0;0.0000;0;0;6774;6774;6774
60;2014-07-30 11:09:00;909402N262;2284;6.812;44;235;235;234;234;3.301;50.02;560.0;1.835;617.1;1.006;787.3;0.837;60;0;0;3.242;3.340;3.322;748;768;765;50.02;50.02;50.02;4738;1000;0.0;0;0.0000;0;0;6812;6812;6812
60;2014-07-30 11:10:00;909402N262;2206;6.849;44;235;236;235;234;3.196;50.02;561.1;1.755;616.4;0.986;782.0;0.814;60;0;0;3.150;3.238;3.202;727;743;733;50.02;50.02;50.02;4738;1000;0.0;0;0.0000;0;0;6849;6849;6849
60;2014-07-30 11:11:00;909402N262;2085;6.885;44;235;236;235;233;3.029;50.01;561.7;1.650;615.1;0.948;780.3;0.765;60;0;0;2.982;3.069;3.036;686;704;692;50.01;50.01;50.01;4738;1000;0.0;0;0.0000;0;0;6885;6885;6885
60;2014-07-30 11:12:00;909402N262;1943;6.916;44;235;236;235;234;2.834;50.00;561.2;1.533;612.7;0.894;779.7;0.712;60;0;0;2.794;2.879;2.830;640;658;643;50.00;50.00;50.00;4738;1000;0.0;0;0.0000;0;0;6916;6916;6916
60;2014-07-30 11:13:00;909402N262;1799;6.946;44;234;235;235;233;2.641;50.00;559.8;1.419;610.7;0.829;778.1;0.662;60;0;0;2.604;2.686;2.634;592;610;595;50.00;50.00;50.00;4738;1000;0.0;0;0.0000;0;0;6946;6946;6946
60;2014-07-30 11:14:00;909402N262;1645;6.973;44;235;235;235;233;2.424;50.00;558.4;1.303;608.1;0.763;775.4;0.606;60;0;0;2.388;2.463;2.423;540;557;545;50.00;50.00;50.00;4738;1000;0.0;0;0.0000;0;0;6973;6973;6973
60;2014-07-30 11:15:00;909402N262;1505;6.999;44;234;235;234;233;2.230;49.99;557.4;1.199;605.8;0.701;772.3;0.553;60;0;0;2.196;2.268;2.228;494;510;499;49.99;49.99;49.99;4738;1000;0.0;0;0.0000;0;0;6999;6999;6999
60;2014-07-30 11:16:00;909402N262;1381;7.021;44;234;235;235;233;2.059;49.99;550.8;1.121;599.2;0.650;760.5;0.515;60;0;0;2.023;2.100;2.056;452;470;457;49.99;49.99;49.99;4738;1000;0.0;0;0.0000;0;0;7021;7021;7021
60;2014-07-30 11:17:00;909402N262;1304;7.044;44;234;235;234;233;1.984;50.01;552.9;1.063;602.6;0.607;766.2;0.479;60;0;0;1.953;2.025;1.975;428;444;431;50.01;50.01;50.01;4738;1000;0.0;0;0.0000;0;0;7044;7044;7044
60;2014-07-30 11:18:00;909402N262;1245;7.065;44;234;235;234;233;1.905;50.00;552.4;1.024;602.3;0.575;765.3;0.454;60;0;0;1.879;1.943;1.894;409;423;411;50.00;50.00;50.00;4738;1000;0.0;0;0.0000;0;0;7065;7065;7065
60;2014-07-30 11:19:00;909402N262;1212;7.084;44;234;235;234;232;1.854;50.01;549.9;1.007;602.4;0.553;740.3;0.457;60;0;0;1.806;1.902;1.855;393;415;401;50.01;50.01;50.01;4738;1000;0.0;0;0.0000;0;0;7084;7084;7084
60;2014-07-30 11:20:00;909402N262;1186;7.104;44;234;235;234;233;1.822;50.01;546.8;0.999;602.5;0.535;744.4;0.446;60;0;0;1.778;1.876;1.812;386;408;390;50.01;50.01;50.01;4738;1000;0.0;0;0.0000;0;0;7104;7104;7104
60;2014-07-30 11:21:00;909402N262;1172;7.123;44;234;235;235;234;1.795;50.00;544.5;0.998;602.8;0.521;737.1;0.444;60;0;0;1.745;1.847;1.793;377;403;389;50.00;50.00;50.00;4738;1000;0.0;0;0.0000;0;0;7123;7123;7123
60;2014-07-30 11:22:00;909402N262;1174;7.143;44;235;234;235;235;1.804;50.00;542.9;1.011;606.6;0.513;735.6;0.446;60;0;0;1.760;1.851;1.801;380;403;390;50.00;50.00;50.00;4738;1000;0.0;0;0.0000;0;0;7143;7143;7143
60;2014-07-30 11:23:00;909402N262;1197;7.163;44;235;235;235;235;1.827;49.99;544.9;1.032;610.4;0.516;737.4;0.454;60;0;0;1.772;1.881;1.829;387;410;399;49.99;49.99;49.99;4738;1000;0.0;0;0.0000;0;0;7163;7163;7163
60;2014-07-30 11:24:00;909402N262;1242;7.184;44;234;235;234;234;1.897;49.99;547.1;1.068;612.3;0.530;749.2;0.463;60;0;0;1.854;1.935;1.903;403;422;414;49.99;49.99;49.99;4738;1000;0.0;0;0.0000;0;0;7184;7184;7184
60;2014-07-30 11:25:00;909402N262;1305;7.206;44;235;236;235;235;1.982;50.01;549.6;1.120;614.3;0.551;762.5;0.479;60;0;0;1.942;2.017;1.987;425;442;436;50.01;50.01;50.01;4738;1000;0.0;0;0.0000;0;0;7206;7206;7206
60;2014-07-30 11:26:00;909402N262;1385;7.228;44;236;236;235;235;2.090;50.01;552.5;1.181;616.5;0.581;766.5;0.508;60;0;0;2.050;2.128;2.092;451;469;462;50.01;50.01;50.01;4738;1000;0.0;0;0.0000;0;0;7228;7228;7228
60;2014-07-30 11:27:00;909402N262;1470;7.253;44;236;236;235;236;2.207;50.00;555.7;1.241;618.9;0.616;766.7;0.541;60;0;0;2.154;2.243;2.225;476;496;494;50.00;50.00;50.00;4738;1000;0.0;0;0.0000;0;0;7253;7253;7253
60;2014-07-30 11:28:00;909402N262;1560;7.279;44;235;236;235;236;2.341;49.99;559.2;1.308;620.3;0.653;764.2;0.578;60;0;0;2.301;2.366;2.357;509;524;526;49.99;49.99;49.99;4738;1000;0.0;0;0.0000;0;0;7279;7279;7279
60;2014-07-30 11:29:00;909402N262;1691;7.308;44;233;233;232;234;2.543;50.00;560.3;1.412;619.7;0.710;773.7;0.620;60;0;0;2.499;2.569;2.562;553;566;570;50.00;50.00;50.00;4738;1000;0.0;0;0.0000;0;0;7308;7308;7308
60;2014-07-30 11:30:00;909402N262;1878;7.338;44;233;233;231;233;2.803;49.99;562.3;1.558;623.9;0.784;780.2;0.686;60;0;0;2.754;2.840;2.816;614;632;630;49.99;49.99;49.99;4738;1000;0.0;0;0.0000;0;0;7338;7338;7338
60;2014-07-30 11:31:00;909402N262;2055;7.373;45;232;233;232;232;3.034;49.99;563.6;1.713;610.2;0.881;775.4;0.767;60;0;0;2.980;3.070;3.053;672;691;689;49.99;49.99;49.99;4738;1000;0.0;0;0.0000;0;0;7373;7373;7373
60;2014-07-30 11:32:00;909402N262;2205;7.410;45;232;233;232;233;3.221;50.00;563.7;1.800;626.7;0.930;783.7;0.806;60;0;0;3.168;3.255;3.240;723;741;739;50.00;50.00;50.00;4738;1000;0.0;0;0.0000;0;0;7410;7410;7410
60;2014-07-30 11:33:00;909402N262;2216;7.448;45;232;232;232;232;3.240;50.00;563.3;1.809;627.4;0.942;782.9;0.805;60;0;0;3.185;3.281;3.256;724;747;742;50.00;50.00;50.00;4738;1000;0.0;0;0.0000;0;0;7448;7448;7448
60;2014-07-30 11:34:00;909402N262;2206;7.484;45;232;232;232;233;3.228;50.01;563.9;1.807;626.5;0.938;782.0;0.798;60;0;0;3.170;3.262;3.253;720;742;741;50.01;50.01;50.01;4738;1000;0.0;0;0.0000;0;0;7484;7484;7484
60;2014-07-30 11:35:00;909402N262;2251;7.522;45;232;232;232;233;3.289;50.02;559.4;1.867;626.9;0.949;782.1;0.816;60;0;0;3.228;3.319;3.321;736;755;759;50.02;50.02;50.02;4738;1000;0.0;0;0.0000;0;0;7522;7522;7522
60;2014-07-30 11:36:00;909402N262;2349;7.561;45;232;232;232;233;3.426;50.02;545.7;2.000;626.9;0.984;783.5;0.853;60;0;0;3.364;3.458;3.456;769;788;791;50.02;50.02;50.02;4738;1000;0.0;0;0.0000;0;0;7561;7561;7561
60;2014-07-30 11:37:00;909402N262;2495;7.602;45;233;233;232;233;3.624;50.01;546.6;2.118;633.0;1.034;785.6;0.906;60;0;0;3.573;3.655;3.646;820;838;836;50.01;50.01;50.01;4738;1000;0.0;0;0.0000;0;0;7602;7602;7602
60;2014-07-30 11:38:00;909402N262;2795;7.648;45;233;234;233;233;4.030;50.01;551.1;2.344;634.6;1.160;794.5;1.008;60;0;0;3.985;4.059;4.048;923;936;934;50.01;50.01;50.01;4738;1000;0.0;0;0.0000;0;0;7648;7648;7648
60;2014-07-30 11:39:00;909402N262;3303;7.704;45;233;233;232;234;4.754;50.01;561.8;2.698;633.1;1.385;794.9;1.200;60;0;0;4.703;4.771;4.789;1089;1102;1111;50.01;50.01;50.01;4738;1000;0.0;0;0.0000;0;0;7704;7704;7704
60;2014-07-30 11:40:00;909402N262;4051;7.771;45;233;233;233;234;5.813;50.01;563.2;3.263;634.0;1.697;794.8;1.502;60;0;0;5.761;5.840;5.840;1336;1353;1361;50.01;50.01;50.01;4738;1000;0.0;0;0.0000;0;0;7771;7771;7771
60;2014-07-30 11:41:00;909402N262;3972;7.837;45;233;233;233;234;5.699;50.01;559.2;3.233;630.9;1.673;795.1;1.463;60;0;0;5.641;5.720;5.738;1308;1326;1336;50.01;50.01;50.01;4738;1000;0.0;0;0.0000;0;0;7837;7837;7837
60;2014-07-30 11:42:00;909402N262;4312;7.909;45;234;234;233;234;6.176;50.03;553.5;3.540;629.3;1.833;794.9;1.588;60;0;0;6.126;6.194;6.208;1425;1438;1447;50.03;50.03;50.03;4738;1000;0.0;0;0.0000;0;0;7909;7909;7909
60;2014-07-30 11:43:00;909402N262;4533;7.985;45;234;234;234;234;6.492;50.03;549.5;3.733;627.0;1.944;794.8;1.673;60;0;0;6.441;6.525;6.511;1498;1516;1517;50.03;50.03;50.03;4738;1000;0.0;0;0.0000;0;0;7985;7985;7985
60;2014-07-30 11:44:00;909402N262;4593;8.061;45;234;233;233;234;6.578;50.03;547.1;3.778;623.6;1.988;794.8;1.704;60;0;0;6.521;6.610;6.603;1517;1534;1539;50.03;50.03;50.03;4738;1000;0.0;0;0.0000;0;0;8061;8061;8061
60;2014-07-30 11:45:00;909402N262;3966;8.127;45;233;233;233;233;5.710;50.03;545.5;3.295;620.0;1.718;785.7;1.468;60;0;0;5.654;5.753;5.725;1309;1328;1325;50.03;50.03;50.03;4738;1000;0.0;0;0.0000;0;0;8127;8127;8127
60;2014-07-30 11:46:00;909402N262;4053;8.195;45;233;234;234;233;5.826;50.02;541.1;3.384;602.9;1.805;785.4;1.534;60;0;0;5.775;5.858;5.847;1338;1360;1353;50.02;50.02;50.02;4738;1000;0.0;0;0.0000;0;0;8195;8195;8195
60;2014-07-30 11:47:00;909402N262;3589;8.255;45;233;233;234;233;5.207;50.01;543.2;2.989;615.4;1.580;781.1;1.332;60;0;0;5.152;5.260;5.211;1184;1208;1195;50.01;50.01;50.01;4738;1000;0.0;0;0.0000;0;0;8255;8255;8255
60;2014-07-30 11:48:00;909402N262;3287;8.310;45;233;234;233;233;4.778;50.02;544.5;2.738;614.3;1.456;779.2;1.212;60;0;0;4.729;4.818;4.788;1086;1103;1096;50.02;50.02;50.02;4738;1000;0.0;0;0.0000;0;0;8310;8310;8310
60;2014-07-30 11:49:00;909402N262;3185;8.363;45;233;233;233;234;4.633;50.02;547.2;2.639;614.9;1.408;778.6;1.176;60;0;0;4.573;4.662;4.665;1047;1064;1073;50.01;50.02;50.02;4738;1000;0.0;0;0.0000;0;0;8363;8363;8363
60;2014-07-30 11:50:00;909402N262;3164;8.416;45;233;233;233;234;4.600;50.03;549.0;2.603;613.8;1.405;778.5;1.171;60;0;0;4.536;4.637;4.628;1038;1061;1062;50.03;50.03;50.03;4738;1000;0.0;0;0.0000;0;0;8416;8416;8416
60;2014-07-30 11:51:00;909402N262;3081;8.467;45;233;233;233;234;4.481;50.03;546.9;2.543;608.5;1.390;778.0;1.135;60;0;0;4.425;4.512;4.507;1013;1032;1033;50.03;50.03;50.03;4738;1000;0.0;0;0.0000;0;0;8467;8467;8467
60;2014-07-30 11:52:00;909402N262;3012;8.517;45;234;234;233;234;4.379;50.02;543.4;2.500;606.6;1.371;777.6;1.106;60;0;0;4.327;4.411;4.401;992;1010;1009;50.02;50.02;50.02;4738;1000;0.0;0;0.0000;0;0;8517;8517;8517
60;2014-07-30 11:53:00;909402N262;2791;8.564;45;234;234;234;233;4.064;50.01;542.5;2.322;604.9;1.276;776.5;1.020;60;0;0;4.010;4.109;4.075;919;939;931;50.01;50.01;50.01;4738;1000;0.0;0;0.0000;0;0;8564;8564;8564
60;2014-07-30 11:54:00;909402N262;2479;8.605;45;234;234;234;233;3.622;50.01;543.3;2.067;604.0;1.132;773.0;0.907;60;0;0;3.568;3.666;3.633;815;835;827;50.01;50.01;50.01;4738;1000;0.0;0;0.0000;0;0;8605;8605;8605
60;2014-07-30 11:55:00;909402N262;2259;8.644;45;234;234;234;234;3.310;50.02;544.4;1.896;604.9;1.026;770.8;0.822;60;0;0;3.255;3.349;3.327;740;761;756;50.02;50.02;50.02;4738;1000;0.0;0;0.0000;0;0;8644;8644;8644
60;2014-07-30 11:56:00;909402N262;2167;8.680;45;234;234;234;235;3.172;50.03;544.8;1.828;608.8;0.971;770.7;0.783;60;0;0;3.114;3.210;3.193;708;729;727;50.03;50.03;50.03;4738;1000;0.0;0;0.0000;0;0;8680;8680;8680
60;2014-07-30 11:57:00;909402N262;2136;8.715;45;235;235;235;235;3.125;50.03;546.0;1.808;611.2;0.949;771.0;0.769;60;0;0;3.069;3.161;3.147;698;718;718;50.03;50.03;50.03;4738;1000;0.0;0;0.0000;0;0;8715;8715;8715
60;2014-07-30 11:58:00;909402N262;2128;8.751;45;235;235;234;235;3.114;50.03;548.8;1.799;612.5;0.938;771.9;0.764;60;0;0;3.057;3.146;3.141;695;714;717;50.03;50.03;50.03;4738;1000;0.0;0;0.0000;0;0;8751;8751;8751
60;2014-07-30 11:59:00;909402N262;2133;8.787;45;235;235;234;235;3.129;50.00;552.3;1.793;613.4;0.930;773.4;0.771;60;0;0;3.067;3.166;3.156;695;717;718;50.00;50.00;50.00;4738;1000;0.0;0;0.0000;0;0;8787;8787;8787
60;2014-07-30 12:00:00;909402N262;2139;8.822;45;235;235;234;235;3.134;50.00;551.8;1.794;614.3;0.926;775.0;0.780;60;0;0;3.084;3.169;3.151;701;720;716;50.00;50.00;50.00;4738;1000;0.0;0;0.0000;0;0;8822;8822;8822
[wr_ende]
