20140312;170004;danfoss;My Plant;+0100
[wr_def_start]
909402N262;Inverter Type;Inverter Group;Hanzl
[wr_def_end]
[wr]
INTERVAL;TIMESTAMP;SERIAL;P_AC;E_DAY;T_WR;U_AC;U_AC_1;U_AC_2;U_AC_3;I_AC;F_AC;U_DC_1;I_DC_1;U_DC_2;I_DC_2;U_DC_3;I_DC_3;S;E_WR;M_WR;I_AC_1;I_AC_2;I_AC_3;P_AC_1;P_AC_2;P_AC_3;F_AC_1;F_AC_2;F_AC_3;R_DC;PC;PCS;PCS_LL;COS_PHI;COS_PHI_LL;S_COS_PHI;Current_Day_Energy;current_Day_Offset;ccEnergyOfDay_WithoutOffset
60;2014-03-12 16:01:00;909402N262;4794;53.630;43;235;234;235;235;6.827;50.01;539.1;4.243;629.4;1.942;609.7;2.274;60;0;0;6.741;6.858;6.883;1573;1608;1614;50.01;50.01;50.01;22311;1000;0.0;0;0.0000;0;0;53630;53630;53630
60;2014-03-12 16:02:00;909402N262;4787;53.710;43;235;234;235;235;6.798;50.01;540.6;4.213;641.0;1.917;606.2;2.245;60;0;0;6.718;6.832;6.846;1571;1603;1610;50.01;50.01;50.01;22311;1000;0.0;0;0.0000;0;0;53710;53710;53710
60;2014-03-12 16:03:00;909402N262;4687;53.788;43;234;234;234;235;6.669;50.00;540.2;4.184;641.5;1.898;613.1;2.100;60;0;0;6.596;6.698;6.715;1541;1567;1577;50.00;50.00;50.00;22311;1000;0.0;0;0.0000;0;0;53788;53788;53788
60;2014-03-12 16:04:00;909402N262;4498;53.862;43;234;234;234;235;6.407;50.00;540.6;4.125;641.2;1.872;572.2;1.997;60;0;0;6.334;6.440;6.449;1478;1505;1514;50.00;50.00;50.00;22311;1000;0.0;0;0.0000;0;0;53862;53862;53862
60;2014-03-12 16:05:00;909402N262;4258;53.934;43;234;234;234;235;6.070;49.99;540.9;4.065;640.9;1.843;563.7;1.680;60;0;0;6.005;6.104;6.101;1402;1424;1429;49.99;49.99;49.99;22311;1000;0.0;0;0.0000;0;0;53934;53934;53934
60;2014-03-12 16:06:00;909402N262;4147;54.003;43;234;234;234;235;5.909;49.99;541.4;4.055;641.2;1.835;497.3;1.738;60;0;0;5.841;5.953;5.935;1364;1391;1390;49.99;49.99;49.99;22311;1000;0.0;0;0.0000;0;0;54003;54003;54003
60;2014-03-12 16:07:00;909402N262;4086;54.070;43;234;234;234;235;5.818;49.99;541.4;4.035;641.4;1.823;437.1;1.839;60;0;0;5.750;5.860;5.844;1345;1370;1369;49.99;49.99;49.99;22311;1000;0.0;0;0.0000;0;0;54070;54070;54070
60;2014-03-12 16:08:00;909402N262;3979;54.135;43;234;234;234;234;5.673;49.99;541.9;4.006;642.3;1.807;415.1;1.748;60;0;0;5.610;5.713;5.697;1310;1334;1332;49.99;49.99;49.99;22311;1000;0.0;0;0.0000;0;0;54135;54135;54135
60;2014-03-12 16:09:00;909402N262;4010;54.202;43;234;234;234;234;5.722;49.99;542.7;3.955;642.5;1.783;364.9;2.168;60;0;0;5.655;5.756;5.755;1318;1343;1346;49.99;49.99;49.99;22311;1000;0.0;0;0.0000;0;0;54202;54202;54202
60;2014-03-12 16:10:00;909402N262;3970;54.268;43;234;234;234;234;5.660;49.99;543.3;3.924;642.9;1.765;361.3;2.144;60;0;0;5.602;5.702;5.678;1309;1332;1326;49.99;49.99;49.99;22311;1000;0.0;0;0.0000;0;0;54268;54268;54268
60;2014-03-12 16:11:00;909402N262;3920;54.334;43;234;234;234;234;5.588;49.99;543.4;3.892;644.5;1.744;359.4;2.091;60;0;0;5.532;5.630;5.604;1293;1316;1309;49.99;49.99;49.99;22311;1000;0.0;0;0.0000;0;0;54334;54334;54334
60;2014-03-12 16:12:00;909402N262;3851;54.399;43;234;234;234;234;5.492;49.99;543.9;3.883;644.8;1.737;357.3;1.932;60;0;0;5.438;5.529;5.511;1271;1291;1287;49.99;49.99;49.99;22311;1000;0.0;0;0.0000;0;0;54399;54399;54399
60;2014-03-12 16:13:00;909402N262;3755;54.462;43;234;234;234;234;5.357;49.98;545.7;3.822;644.3;1.716;311.9;2.028;60;0;0;5.302;5.393;5.377;1239;1259;1255;49.98;49.98;49.98;22311;1000;0.0;0;0.0000;0;0;54462;54462;54462
60;2014-03-12 16:14:00;909402N262;3640;54.522;43;234;234;234;234;5.194;49.98;555.2;3.692;643.9;1.699;324.8;1.723;60;0;0;5.149;5.227;5.208;1204;1219;1215;49.98;49.98;49.98;22311;1000;0.0;0;0.0000;0;0;54522;54522;54522
60;2014-03-12 16:15:00;909402N262;3469;54.579;42;234;234;234;234;4.953;49.97;544.5;3.715;644.3;1.686;339.0;1.231;60;0;0;4.904;4.980;4.975;1145;1160;1162;49.97;49.97;49.97;22311;1000;0.0;0;0.0000;0;0;54579;54579;54579
60;2014-03-12 16:16:00;909402N262;3297;54.635;42;234;234;234;234;4.705;49.97;536.3;3.724;629.7;1.678;334.7;0.948;60;0;0;4.661;4.727;4.729;1088;1105;1102;49.97;49.97;49.97;22311;1000;0.0;0;0.0000;0;0;54635;54635;54635
60;2014-03-12 16:17:00;909402N262;3334;54.690;42;234;234;234;234;4.758;49.98;543.0;3.655;644.2;1.651;254.4;1.350;60;0;0;4.711;4.792;4.773;1100;1118;1113;49.98;49.98;49.98;22311;1000;0.0;0;0.0000;0;0;54690;54690;54690
60;2014-03-12 16:18:00;909402N262;3211;54.743;42;234;234;234;234;4.581;49.98;545.9;3.603;644.4;1.634;264.0;0.923;60;0;0;4.526;4.612;4.605;1057;1076;1076;49.98;49.98;49.98;22311;1000;0.0;0;0.0000;0;0;54743;54743;54743
60;2014-03-12 16:19:00;909402N262;3159;54.797;42;234;234;234;234;4.513;49.98;547.6;3.532;644.7;1.607;475.1;0.549;60;0;0;4.456;4.541;4.542;1039;1057;1060;49.98;49.98;49.98;22311;1000;0.0;0;0.0000;0;0;54797;54797;54797
60;2014-03-12 16:20:00;909402N262;3208;54.850;42;234;234;234;234;4.597;49.99;549.4;3.461;645.6;1.579;796.0;0.416;60;0;0;4.542;4.630;4.619;1057;1075;1075;49.99;49.99;49.99;22311;1000;0.0;0;0.0000;0;0;54850;54850;54850
60;2014-03-12 16:21:00;909402N262;3161;54.903;42;234;234;235;234;4.529;49.99;550.8;3.400;645.4;1.556;796.1;0.411;60;0;0;4.467;4.567;4.553;1038;1061;1060;49.99;49.99;49.99;22311;1000;0.0;0;0.0000;0;0;54903;54903;54903
60;2014-03-12 16:22:00;909402N262;3122;54.955;42;234;234;234;234;4.475;49.99;552.2;3.348;645.3;1.536;796.0;0.405;60;0;0;4.408;4.517;4.502;1024;1048;1047;49.99;49.99;49.99;22311;1000;0.0;0;0.0000;0;0;54955;54955;54955
60;2014-03-12 16:23:00;909402N262;3081;55.006;42;234;234;234;234;4.417;50.00;553.1;3.299;645.4;1.516;796.0;0.401;60;0;0;4.361;4.461;4.431;1014;1037;1029;50.00;50.00;50.00;22311;1000;0.0;0;0.0000;0;0;55006;55006;55006
60;2014-03-12 16:24:00;909402N262;3032;55.057;42;235;234;235;234;4.342;49.99;553.3;3.243;645.1;1.491;796.0;0.396;60;0;0;4.274;4.399;4.353;994;1024;1013;49.99;49.99;49.99;22311;1000;0.0;0;0.0000;0;0;55057;55057;55057
60;2014-03-12 16:25:00;909402N262;2978;55.107;42;234;234;235;234;4.267;49.99;553.5;3.182;645.0;1.461;795.9;0.392;60;0;0;4.197;4.327;4.278;974;1007;995;49.99;49.99;49.99;22311;1000;0.0;0;0.0000;0;0;55107;55107;55107
60;2014-03-12 16:26:00;909402N262;2941;55.156;42;234;234;235;234;4.217;49.99;554.0;3.140;646.2;1.437;795.5;0.389;60;0;0;4.154;4.272;4.225;964;993;981;49.99;49.99;49.99;22311;1000;0.0;0;0.0000;0;0;55156;55156;55156
60;2014-03-12 16:27:00;909402N262;2911;55.204;42;234;234;235;234;4.176;49.99;550.9;3.130;647.1;1.418;795.6;0.385;60;0;0;4.108;4.236;4.184;953;984;972;49.99;49.99;49.99;22311;1000;0.0;0;0.0000;0;0;55204;55204;55204
60;2014-03-12 16:28:00;909402N262;2889;55.252;42;234;234;235;234;4.144;50.00;529.0;3.239;646.4;1.407;795.3;0.383;60;0;0;4.081;4.193;4.158;947;974;965;50.00;50.00;50.00;22311;1000;0.0;0;0.0000;0;0;55252;55252;55252
60;2014-03-12 16:29:00;909402N262;2855;55.300;42;234;234;235;234;4.096;49.99;529.5;3.198;645.7;1.389;795.5;0.380;60;0;0;4.028;4.146;4.116;935;964;955;49.99;49.99;49.99;22311;1000;0.0;0;0.0000;0;0;55300;55300;55300
60;2014-03-12 16:30:00;909402N262;2820;55.347;42;234;234;235;234;4.049;49.98;530.0;3.156;645.6;1.370;795.4;0.377;60;0;0;3.991;4.097;4.061;925;951;942;49.98;49.98;49.98;22311;1000;0.0;0;0.0000;0;0;55347;55347;55347
60;2014-03-12 16:31:00;909402N262;2741;55.393;41;234;234;234;234;3.932;49.98;526.6;3.106;630.0;1.348;795.5;0.374;60;0;0;3.877;3.980;3.941;899;925;914;49.98;49.98;49.98;22311;1000;0.0;0;0.0000;0;0;55393;55393;55393
60;2014-03-12 16:32:00;909402N262;2725;55.439;41;234;234;235;234;3.912;49.99;530.1;3.050;645.4;1.318;795.0;0.370;60;0;0;3.847;3.958;3.933;891;919;913;49.99;49.99;49.99;22311;1000;0.0;0;0.0000;0;0;55439;55439;55439
60;2014-03-12 16:33:00;909402N262;2665;55.484;41;234;234;235;234;3.826;49.98;530.3;2.982;645.5;1.286;794.8;0.365;60;0;0;3.757;3.874;3.847;870;900;893;49.98;49.98;49.98;22311;1000;0.0;0;0.0000;0;0;55484;55484;55484
60;2014-03-12 16:34:00;909402N262;2616;55.526;41;234;234;235;234;3.755;49.99;529.9;2.932;645.4;1.260;794.5;0.358;60;0;0;3.684;3.809;3.773;854;885;875;49.99;49.99;49.99;22311;1000;0.0;0;0.0000;0;0;55526;55526;55526
60;2014-03-12 16:35:00;909402N262;2564;55.570;41;234;234;235;234;3.683;50.00;530.1;2.872;644.9;1.233;793.9;0.353;60;0;0;3.626;3.730;3.693;841;866;855;50.00;50.00;50.00;22311;1000;0.0;0;0.0000;0;0;55570;55570;55570
60;2014-03-12 16:36:00;909402N262;2514;55.612;41;234;235;234;234;3.611;49.99;530.9;2.812;645.1;1.205;793.8;0.348;60;0;0;3.553;3.652;3.629;825;848;839;49.99;49.99;49.99;22311;1000;0.0;0;0.0000;0;0;55612;55612;55612
60;2014-03-12 16:37:00;909402N262;2472;55.652;41;234;234;235;234;3.555;49.98;531.6;2.764;645.5;1.181;793.4;0.342;60;0;0;3.507;3.604;3.555;813;836;821;49.98;49.98;49.98;22311;1000;0.0;0;0.0000;0;0;55652;55652;55652
60;2014-03-12 16:38:00;909402N262;2441;55.694;41;234;234;235;234;3.511;49.98;532.3;2.731;645.6;1.163;793.7;0.337;60;0;0;3.453;3.558;3.524;800;825;813;49.98;49.98;49.98;22311;1000;0.0;0;0.0000;0;0;55694;55694;55694
60;2014-03-12 16:39:00;909402N262;2407;55.733;41;234;234;235;233;3.468;49.98;534.2;2.689;646.2;1.144;793.4;0.331;60;0;0;3.414;3.516;3.476;789;815;801;49.98;49.98;49.98;22311;1000;0.0;0;0.0000;0;0;55733;55733;55733
60;2014-03-12 16:40:00;909402N262;2360;55.773;41;234;234;235;233;3.406;49.98;539.2;2.611;647.7;1.119;792.5;0.325;60;0;0;3.355;3.442;3.423;774;796;787;49.98;49.98;49.98;22311;1000;0.0;0;0.0000;0;0;55773;55773;55773
60;2014-03-12 16:41:00;909402N262;2301;55.812;41;234;234;234;233;3.326;49.98;530.7;2.576;647.5;1.098;792.9;0.318;60;0;0;3.274;3.359;3.347;754;775;769;49.98;49.98;49.98;22311;1000;0.0;0;0.0000;0;0;55812;55812;55812
60;2014-03-12 16:42:00;909402N262;2254;55.849;41;233;234;233;234;3.268;49.98;524.9;2.552;646.6;1.076;790.5;0.313;60;0;0;3.215;3.299;3.292;739;757;756;49.98;49.98;49.98;22311;1000;0.0;0;0.0000;0;0;55849;55849;55849
60;2014-03-12 16:43:00;909402N262;2214;55.886;41;234;234;233;234;3.205;49.97;525.0;2.506;646.6;1.054;790.8;0.308;60;0;0;3.154;3.240;3.223;725;744;743;49.97;49.97;49.97;22311;1000;0.0;0;0.0000;0;0;55886;55886;55886
60;2014-03-12 16:44:00;909402N262;2180;55.923;41;234;234;233;234;3.166;49.97;525.0;2.469;646.6;1.037;785.2;0.307;60;0;0;3.105;3.198;3.197;711;732;734;49.97;49.97;49.97;22311;1000;0.0;0;0.0000;0;0;55923;55923;55923
60;2014-03-12 16:45:00;909402N262;2152;55.958;41;234;233;233;235;3.131;49.99;525.0;2.436;646.6;1.022;782.9;0.305;60;0;0;3.066;3.163;3.164;700;723;726;49.99;49.99;49.99;22311;1000;0.0;0;0.0000;0;0;55958;55958;55958
60;2014-03-12 16:46:00;909402N262;2103;55.994;41;234;233;234;235;3.062;49.98;522.1;2.411;632.8;1.008;779.8;0.303;60;0;0;2.997;3.101;3.090;683;710;708;49.98;49.98;49.98;22311;1000;0.0;0;0.0000;0;0;55994;55994;55994
60;2014-03-12 16:47:00;909402N262;2100;56.028;40;234;233;234;235;3.089;49.96;526.4;2.376;646.7;0.993;782.5;0.299;60;0;0;3.029;3.127;3.112;684;707;707;49.96;49.96;49.96;22311;1000;0.0;0;0.0000;0;0;56028;56028;56028
60;2014-03-12 16:48:00;909402N262;2068;56.063;40;234;233;234;235;3.044;49.96;526.2;2.341;646.7;0.975;780.7;0.295;60;0;0;2.983;3.073;3.077;673;695;698;49.96;49.96;49.96;22311;1000;0.0;0;0.0000;0;0;56063;56063;56063
60;2014-03-12 16:49:00;909402N262;2033;56.097;40;234;233;234;235;2.994;49.97;526.4;2.305;647.8;0.955;779.8;0.291;60;0;0;2.931;3.031;3.022;662;684;686;49.97;49.97;49.97;22311;1000;0.0;0;0.0000;0;0;56097;56097;56097
60;2014-03-12 16:50:00;909402N262;1993;56.130;40;234;233;233;235;2.945;49.96;526.3;2.261;646.5;0.937;778.2;0.287;60;0;0;2.880;2.988;2.967;647;673;671;49.96;49.96;49.96;22311;1000;0.0;0;0.0000;0;0;56130;56130;56130
60;2014-03-12 16:51:00;909402N262;1944;56.163;40;234;233;234;235;2.880;49.97;526.7;2.204;645.9;0.912;777.4;0.283;60;0;0;2.810;2.936;2.895;630;660;653;49.97;49.97;49.97;22311;1000;0.0;0;0.0000;0;0;56163;56163;56163
60;2014-03-12 16:52:00;909402N262;1900;56.194;40;234;233;234;235;2.823;49.97;526.1;2.157;645.8;0.889;777.3;0.279;60;0;0;2.765;2.884;2.822;617;647;635;49.97;49.97;49.97;22311;1000;0.0;0;0.0000;0;0;56194;56194;56194
60;2014-03-12 16:53:00;909402N262;1861;56.225;40;234;234;234;235;2.768;49.97;526.2;2.111;645.5;0.869;775.4;0.276;60;0;0;2.706;2.820;2.778;604;631;624;49.97;49.97;49.97;22311;1000;0.0;0;0.0000;0;0;56225;56225;56225
60;2014-03-12 16:54:00;909402N262;1819;56.255;40;234;234;233;235;2.713;49.98;526.6;2.061;645.5;0.846;774.9;0.272;60;0;0;2.656;2.759;2.725;591;615;610;49.98;49.98;49.98;22311;1000;0.0;0;0.0000;0;0;56255;56255;56255
60;2014-03-12 16:55:00;909402N262;1767;56.284;40;234;234;234;235;2.641;49.98;526.1;2.004;645.5;0.820;773.7;0.267;60;0;0;2.582;2.682;2.661;574;597;594;49.98;49.98;49.98;22311;1000;0.0;0;0.0000;0;0;56284;56284;56284
60;2014-03-12 16:56:00;909402N262;1728;56.313;40;234;234;234;235;2.586;49.99;526.4;1.958;647.4;0.797;771.8;0.263;60;0;0;2.531;2.620;2.607;561;582;582;49.99;49.99;49.99;22311;1000;0.0;0;0.0000;0;0;56313;56313;56313
60;2014-03-12 16:57:00;909402N262;1693;56.341;40;234;234;233;235;2.537;49.98;527.1;1.918;645.5;0.781;773.0;0.258;60;0;0;2.487;2.567;2.558;551;569;571;49.98;49.98;49.98;22311;1000;0.0;0;0.0000;0;0;56341;56341;56341
60;2014-03-12 16:58:00;909402N262;1650;56.369;40;234;234;234;235;2.478;49.99;526.9;1.870;644.7;0.760;769.6;0.255;60;0;0;2.422;2.515;2.499;535;557;556;49.99;49.99;49.99;22311;1000;0.0;0;0.0000;0;0;56369;56369;56369
60;2014-03-12 16:59:00;909402N262;1605;56.396;40;234;234;234;235;2.412;50.00;526.8;1.818;644.1;0.738;770.4;0.251;60;0;0;2.357;2.451;2.428;521;541;541;50.00;50.00;50.00;22311;1000;0.0;0;0.0000;0;0;56396;56396;56396
60;2014-03-12 17:00:00;909402N262;1561;56.422;40;235;234;234;236;2.346;50.02;527.0;1.767;643.3;0.716;767.7;0.247;60;0;0;2.294;2.381;2.365;506;525;528;50.02;50.02;50.02;22311;1000;0.0;0;0.0000;0;0;56422;56422;56422
[wr_ende]
