20140307;120001;danfoss;My Plant;+0100
[wr_def_start]
909402N262;Inverter Type;Inverter Group;Hanzl
[wr_def_end]
[wr]
INTERVAL;TIMESTAMP;SERIAL;P_AC;E_DAY;T_WR;U_AC;U_AC_1;U_AC_2;U_AC_3;I_AC;F_AC;U_DC_1;I_DC_1;U_DC_2;I_DC_2;U_DC_3;I_DC_3;S;E_WR;M_WR;I_AC_1;I_AC_2;I_AC_3;P_AC_1;P_AC_2;P_AC_3;F_AC_1;F_AC_2;F_AC_3;R_DC;PC;PCS;PCS_LL;COS_PHI;COS_PHI_LL;S_COS_PHI;Current_Day_Energy;current_Day_Offset;ccEnergyOfDay_WithoutOffset
60;2014-03-07 11:01:00;909402N262;7125;11.004;39;234;234;234;235;10.178;49.96;534.8;5.667;569.0;3.156;787.6;3.124;60;0;0;10.116;10.158;10.262;2372;2391;2406;49.96;49.96;49.96;25195;1000;0.0;0;0.0000;0;0;11004;11004;11004
60;2014-03-07 11:02:00;909402N262;7273;11.124;39;234;234;234;234;10.356;49.97;537.5;5.680;601.2;3.129;794.6;3.094;60;0;0;10.313;10.353;10.404;2413;2421;2437;49.97;49.97;49.97;25195;1000;0.0;0;0.0000;0;0;11124;11124;11124
60;2014-03-07 11:03:00;909402N262;7329;11.247;39;234;234;234;234;10.442;49.97;536.6;5.743;601.2;3.160;786.1;3.141;60;0;0;10.390;10.446;10.492;2430;2441;2456;49.97;49.97;49.97;25195;1000;0.0;0;0.0000;0;0;11247;11247;11247
60;2014-03-07 11:04:00;909402N262;7414;11.371;39;234;234;234;234;10.562;49.97;535.4;5.811;601.1;3.200;770.6;3.245;60;0;0;10.512;10.562;10.612;2460;2467;2485;49.97;49.97;49.97;25195;1000;0.0;0;0.0000;0;0;11371;11371;11371
60;2014-03-07 11:05:00;909402N262;7462;11.495;39;234;234;234;234;10.622;49.97;534.5;5.841;601.4;3.217;790.9;3.199;60;0;0;10.563;10.628;10.677;2472;2485;2503;49.97;49.97;49.97;25195;1000;0.0;0;0.0000;0;0;11495;11495;11495
60;2014-03-07 11:06:00;909402N262;7526;11.621;39;234;235;233;235;10.719;49.94;533.0;5.898;600.8;3.239;771.8;3.318;60;0;0;10.675;10.708;10.775;2502;2497;2525;49.94;49.94;49.94;25195;1000;0.0;0;0.0000;0;0;11621;11621;11621
60;2014-03-07 11:07:00;909402N262;7471;11.745;39;234;234;234;234;10.644;49.94;532.0;5.876;600.2;3.229;765.1;3.304;60;0;0;10.586;10.644;10.702;2476;2488;2505;49.94;49.94;49.94;25195;1000;0.0;0;0.0000;0;0;11745;11745;11745
60;2014-03-07 11:08:00;909402N262;7390;11.869;39;234;234;234;235;10.517;49.96;531.3;5.823;599.9;3.197;774.8;3.228;60;0;0;10.449;10.518;10.585;2445;2458;2485;49.96;49.96;49.96;25195;1000;0.0;0;0.0000;0;0;11869;11869;11869
60;2014-03-07 11:09:00;909402N262;7354;11.992;40;234;234;234;235;10.464;49.97;530.5;5.818;600.6;3.185;788.1;3.143;60;0;0;10.393;10.483;10.516;2432;2453;2468;49.97;49.97;49.97;25195;1000;0.0;0;0.0000;0;0;11992;11992;11992
60;2014-03-07 11:10:00;909402N262;7419;12.114;40;234;234;234;235;10.561;49.96;529.7;5.865;609.7;3.188;769.3;3.238;60;0;0;10.483;10.575;10.627;2451;2472;2495;49.96;49.96;49.96;25195;1000;0.0;0;0.0000;0;0;12114;12114;12114
60;2014-03-07 11:11:00;909402N262;7496;12.240;40;235;234;234;235;10.661;49.96;531.2;5.889;616.4;3.220;774.0;3.240;60;0;0;10.584;10.681;10.718;2479;2499;2517;49.96;49.96;49.96;25195;1000;0.0;0;0.0000;0;0;12240;12240;12240
60;2014-03-07 11:12:00;909402N262;7559;12.365;40;234;234;234;235;10.753;49.96;550.0;5.745;615.8;3.235;757.8;3.336;60;0;0;10.695;10.744;10.820;2504;2509;2544;49.96;49.96;49.96;25195;1000;0.0;0;0.0000;0;0;12365;12365;12365
60;2014-03-07 11:13:00;909402N262;7659;12.494;40;235;235;234;235;10.887;49.96;547.6;5.848;615.9;3.272;749.4;3.419;60;0;0;10.819;10.898;10.945;2535;2550;2571;49.96;49.96;49.96;25195;1000;0.0;0;0.0000;0;0;12494;12494;12494
60;2014-03-07 11:14:00;909402N262;7727;12.622;40;234;234;234;235;10.999;49.97;545.6;5.929;616.3;3.294;746.4;3.470;60;0;0;10.944;11.006;11.048;2563;2571;2591;49.97;49.97;49.97;25195;1000;0.0;0;0.0000;0;0;12622;12622;12622
60;2014-03-07 11:15:00;909402N262;7757;12.751;40;234;234;234;235;11.045;49.97;541.8;5.997;615.9;3.297;747.3;3.482;60;0;0;10.987;11.056;11.094;2571;2583;2602;49.97;49.97;49.97;25195;1000;0.0;0;0.0000;0;0;12751;12751;12751
60;2014-03-07 11:16:00;909402N262;7253;12.873;40;234;234;234;235;10.334;49.98;536.2;5.676;597.3;3.137;743.2;3.318;60;0;0;10.270;10.351;10.382;2401;2414;2435;49.98;49.98;49.98;25195;1000;0.0;0;0.0000;0;0;12873;12873;12873
60;2014-03-07 11:17:00;909402N262;6213;12.977;40;234;234;233;235;8.876;49.99;550.4;4.761;611.6;2.770;746.7;2.671;60;0;0;8.807;8.898;8.924;2052;2071;2088;49.99;49.99;49.99;25195;1000;0.0;0;0.0000;0;0;12977;12977;12977
60;2014-03-07 11:18:00;909402N262;6952;13.092;41;234;234;234;235;9.913;49.98;556.7;5.251;615.4;2.978;750.5;3.072;60;0;0;9.853;9.931;9.955;2304;2317;2331;49.98;49.98;49.98;25195;1000;0.0;0;0.0000;0;0;13092;13092;13092
60;2014-03-07 11:19:00;909402N262;7146;13.212;41;234;234;233;234;10.184;49.98;559.4;5.342;625.8;2.987;751.6;3.196;60;0;0;10.159;10.182;10.213;2379;2376;2390;49.98;49.98;49.98;25195;1000;0.0;0;0.0000;0;0;13212;13212;13212
60;2014-03-07 11:20:00;909402N262;7388;13.335;41;234;234;234;234;10.526;49.99;558.9;5.557;632.9;3.084;751.9;3.252;60;0;0;10.484;10.533;10.561;2455;2458;2473;49.99;49.99;49.99;25195;1000;0.0;0;0.0000;0;0;13335;13335;13335
60;2014-03-07 11:21:00;909402N262;7357;13.458;41;234;234;233;235;10.483;50.00;559.0;5.527;632.5;3.039;763.1;3.226;60;0;0;10.432;10.475;10.543;2442;2440;2472;50.00;49.99;49.99;25195;1000;0.0;0;0.0000;0;0;13458;13458;13458
60;2014-03-07 11:22:00;909402N262;7642;13.585;41;234;234;234;235;10.882;50.00;557.9;5.747;632.9;3.172;765.6;3.333;60;0;0;10.815;10.899;10.934;2530;2546;2564;50.00;50.00;50.00;25195;1000;0.0;0;0.0000;0;0;13585;13585;13585
60;2014-03-07 11:23:00;909402N262;7425;13.708;41;234;234;234;235;10.573;50.01;558.9;5.524;633.1;3.004;767.4;3.314;60;0;0;10.503;10.598;10.618;2456;2472;2490;50.01;50.01;50.01;25195;1000;0.0;0;0.0000;0;0;13708;13708;13708
60;2014-03-07 11:24:00;909402N262;6794;13.822;41;234;234;234;235;9.694;50.01;558.6;5.086;631.3;2.523;768.9;3.212;60;0;0;9.626;9.717;9.741;2247;2263;2281;50.01;50.01;50.01;25195;1000;0.0;0;0.0000;0;0;13822;13822;13822
60;2014-03-07 11:25:00;909402N262;7750;13.954;41;234;234;234;235;11.030;50.02;557.0;5.797;632.4;3.213;767.2;3.407;60;0;0;10.967;11.045;11.078;2565;2584;2599;50.02;50.02;50.02;25195;1000;0.0;0;0.0000;0;0;13954;13954;13954
60;2014-03-07 11:26:00;909402N262;7782;14.083;41;234;234;235;234;11.076;50.02;555.2;5.847;631.3;3.232;768.0;3.414;60;0;0;11.011;11.111;11.108;2576;2603;2601;50.02;50.02;50.02;25195;1000;0.0;0;0.0000;0;0;14083;14083;14083
60;2014-03-07 11:27:00;909402N262;8073;14.217;41;234;234;234;235;11.492;50.00;552.3;6.127;631.1;3.345;764.9;3.542;60;0;0;11.429;11.501;11.546;2674;2688;2710;50.00;50.00;50.00;25195;1000;0.0;0;0.0000;0;0;14217;14217;14217
60;2014-03-07 11:28:00;909402N262;8249;14.355;41;234;234;234;235;11.734;50.01;549.9;6.284;630.5;3.421;767.9;3.609;60;0;0;11.664;11.733;11.807;2731;2740;2776;50.01;50.01;50.01;25195;1000;0.0;0;0.0000;0;0;14355;14355;14355
60;2014-03-07 11:29:00;909402N262;8207;14.491;41;234;234;234;235;11.673;50.01;548.9;6.233;639.1;3.381;764.9;3.607;60;0;0;11.595;11.678;11.746;2715;2729;2761;50.01;50.01;50.01;25195;1000;0.0;0;0.0000;0;0;14491;14491;14491
60;2014-03-07 11:30:00;909402N262;8245;14.629;41;234;234;234;234;11.727;50.01;547.5;6.272;645.8;3.389;768.6;3.590;60;0;0;11.670;11.761;11.751;2734;2756;2753;50.01;50.01;50.01;25195;1000;0.0;0;0.0000;0;0;14629;14629;14629
60;2014-03-07 11:31:00;909402N262;8179;14.766;42;234;235;234;234;11.632;50.00;539.6;6.307;631.7;3.387;772.0;3.611;60;0;0;11.582;11.665;11.651;2716;2732;2730;50.00;50.00;50.00;25195;1000;0.0;0;0.0000;0;0;14766;14766;14766
60;2014-03-07 11:32:00;909402N262;8306;14.904;42;235;235;234;235;11.807;50.00;546.1;6.314;643.7;3.410;773.4;3.621;60;0;0;11.751;11.821;11.851;2756;2766;2782;50.00;50.00;50.00;25195;1000;0.0;0;0.0000;0;0;14904;14904;14904
60;2014-03-07 11:33:00;909402N262;8137;15.038;42;234;234;234;235;11.581;50.00;546.7;6.139;643.5;3.344;773.7;3.573;60;0;0;11.520;11.604;11.620;2698;2711;2726;50.00;50.00;50.00;25195;1000;0.0;0;0.0000;0;0;15038;15038;15038
60;2014-03-07 11:34:00;909402N262;8137;15.173;42;234;234;234;235;11.577;50.00;546.1;6.152;643.3;3.341;773.2;3.572;60;0;0;11.522;11.611;11.598;2700;2716;2720;50.00;50.00;50.00;25195;1000;0.0;0;0.0000;0;0;15173;15173;15173
60;2014-03-07 11:35:00;909402N262;8247;15.311;42;235;235;235;234;11.719;50.00;544.7;6.253;642.9;3.384;773.6;3.621;60;0;0;11.673;11.780;11.704;2743;2762;2740;50.00;50.00;50.00;25195;1000;0.0;0;0.0000;0;0;15311;15311;15311
60;2014-03-07 11:36:00;909402N262;8270;15.449;42;235;235;235;234;11.752;50.00;544.7;6.270;642.9;3.384;777.2;3.625;60;0;0;11.720;11.810;11.727;2754;2769;2744;50.00;50.00;50.00;25195;1000;0.0;0;0.0000;0;0;15449;15449;15449
60;2014-03-07 11:37:00;909402N262;8199;15.585;42;235;235;235;234;11.650;49.99;544.8;6.226;642.9;3.345;778.4;3.587;60;0;0;11.606;11.720;11.626;2725;2748;2723;49.99;49.99;49.99;25195;1000;0.0;0;0.0000;0;0;15585;15585;15585
60;2014-03-07 11:38:00;909402N262;8160;15.722;42;235;235;235;235;11.584;50.01;545.2;6.174;642.6;3.310;793.4;3.531;60;0;0;11.529;11.637;11.588;2709;2731;2718;50.01;50.01;50.01;25195;1000;0.0;0;0.0000;0;0;15722;15722;15722
60;2014-03-07 11:39:00;909402N262;8135;15.858;42;235;235;234;235;11.549;50.00;545.9;6.129;643.9;3.308;794.9;3.516;60;0;0;11.522;11.597;11.529;2711;2718;2704;50.00;50.00;50.00;25195;1000;0.0;0;0.0000;0;0;15858;15858;15858
60;2014-03-07 11:40:00;909402N262;8119;15.993;42;235;235;235;235;11.521;49.99;545.4;6.112;651.3;3.261;795.2;3.516;60;0;0;11.477;11.556;11.530;2699;2711;2707;49.99;49.99;49.99;25195;1000;0.0;0;0.0000;0;0;15993;15993;15993
60;2014-03-07 11:41:00;909402N262;8482;16.134;42;235;235;234;234;12.041;49.98;545.0;6.385;658.2;3.435;795.3;3.624;60;0;0;12.000;12.088;12.037;2822;2835;2823;49.98;49.98;49.98;25195;1000;0.0;0;0.0000;0;0;16134;16134;16134
60;2014-03-07 11:42:00;909402N262;8497;16.276;43;234;235;234;234;12.073;49.99;545.0;6.404;657.4;3.457;794.5;3.621;60;0;0;12.058;12.131;12.031;2838;2844;2813;49.99;49.99;49.99;25195;1000;0.0;0;0.0000;0;0;16276;16276;16276
60;2014-03-07 11:43:00;909402N262;8559;16.418;43;235;236;235;234;12.153;50.00;545.1;6.437;657.2;3.487;791.5;3.667;60;0;0;12.149;12.206;12.106;2862;2865;2831;50.00;50.00;50.00;25195;1000;0.0;0;0.0000;0;0;16418;16418;16418
60;2014-03-07 11:44:00;909402N262;8612;16.563;43;235;235;235;234;12.233;50.00;544.0;6.493;656.3;3.512;780.1;3.742;60;0;0;12.215;12.288;12.197;2874;2883;2853;50.00;50.00;50.00;25195;1000;0.0;0;0.0000;0;0;16563;16563;16563
60;2014-03-07 11:45:00;909402N262;8643;16.706;43;234;235;235;233;12.292;50.00;543.6;6.515;656.2;3.532;779.6;3.757;60;0;0;12.256;12.397;12.223;2876;2914;2850;50.00;50.00;50.00;25195;1000;0.0;0;0.0000;0;0;16706;16706;16706
60;2014-03-07 11:46:00;909402N262;8578;16.850;43;234;234;235;234;12.195;50.00;541.9;6.568;654.7;3.535;780.7;3.766;60;0;0;12.105;12.309;12.172;2835;2895;2847;50.00;50.00;50.00;25195;1000;0.0;0;0.0000;0;0;16850;16850;16850
60;2014-03-07 11:47:00;909402N262;8747;16.995;43;235;234;236;235;12.408;50.00;540.6;6.626;655.6;3.558;785.9;3.792;60;0;0;12.315;12.519;12.392;2886;2950;2910;50.00;50.00;50.00;25195;1000;0.0;0;0.0000;0;0;16995;16995;16995
60;2014-03-07 11:48:00;909402N262;8878;17.143;43;235;234;235;235;12.594;50.01;539.4;6.749;656.1;3.592;794.0;3.817;60;0;0;12.488;12.656;12.639;2928;2980;2967;50.01;50.01;50.01;25195;1000;0.0;0;0.0000;0;0;17143;17143;17143
60;2014-03-07 11:49:00;909402N262;8920;17.292;43;235;234;235;235;12.660;50.01;539.2;6.798;656.1;3.609;794.1;3.825;60;0;0;12.551;12.733;12.696;2938;2999;2981;50.01;50.01;50.01;25195;1000;0.0;0;0.0000;0;0;17292;17292;17292
60;2014-03-07 11:50:00;909402N262;8912;17.440;43;235;234;235;235;12.661;50.00;538.4;6.805;655.5;3.609;789.4;3.846;60;0;0;12.560;12.749;12.676;2939;2998;2973;50.00;50.00;50.00;25195;1000;0.0;0;0.0000;0;0;17440;17440;17440
60;2014-03-07 11:51:00;909402N262;8934;17.589;43;235;234;235;235;12.683;50.01;537.6;6.834;654.8;3.627;785.3;3.869;60;0;0;12.591;12.749;12.711;2950;2999;2983;50.01;50.01;50.01;25195;1000;0.0;0;0.0000;0;0;17589;17589;17589
60;2014-03-07 11:52:00;909402N262;8979;17.740;43;235;235;235;235;12.734;50.01;536.7;6.876;653.9;3.651;783.9;3.899;60;0;0;12.702;12.778;12.722;2988;3002;2986;50.01;50.01;50.01;25195;1000;0.0;0;0.0000;0;0;17740;17740;17740
60;2014-03-07 11:53:00;909402N262;8974;17.889;44;235;236;235;235;12.719;50.02;536.1;6.877;653.4;3.655;785.9;3.883;60;0;0;12.692;12.758;12.707;2991;2999;2982;50.02;50.02;50.02;25195;1000;0.0;0;0.0000;0;0;17889;17889;17889
60;2014-03-07 11:54:00;909402N262;8877;18.037;44;235;236;235;235;12.581;50.03;535.8;6.820;652.3;3.621;781.7;3.855;60;0;0;12.551;12.608;12.585;2955;2962;2958;50.03;50.03;50.03;25195;1000;0.0;0;0.0000;0;0;18037;18037;18037
60;2014-03-07 11:55:00;909402N262;8692;18.181;44;235;236;235;235;12.315;50.02;536.3;6.663;652.8;3.563;780.9;3.770;60;0;0;12.275;12.349;12.321;2889;2904;2897;50.02;50.02;50.02;25195;1000;0.0;0;0.0000;0;0;18181;18181;18181
60;2014-03-07 11:56:00;909402N262;8409;18.322;44;235;236;235;236;11.913;50.00;537.8;6.406;652.8;3.458;781.3;3.656;60;0;0;11.867;11.956;11.917;2797;2807;2805;50.00;50.00;50.00;25195;1000;0.0;0;0.0000;0;0;18322;18322;18322
60;2014-03-07 11:57:00;909402N262;8818;18.469;44;236;236;235;236;12.477;50.00;535.0;6.789;653.2;3.596;781.0;3.824;60;0;0;12.448;12.499;12.486;2937;2937;2942;50.00;50.00;50.00;25195;1000;0.0;0;0.0000;0;0;18469;18469;18469
60;2014-03-07 11:58:00;909402N262;8827;18.616;44;236;236;235;235;12.483;50.01;536.3;6.771;654.2;3.591;781.8;3.838;60;0;0;12.462;12.512;12.477;2944;2946;2936;50.01;50.01;50.01;25195;1000;0.0;0;0.0000;0;0;18616;18616;18616
60;2014-03-07 11:59:00;909402N262;8892;18.764;44;236;237;236;234;12.577;50.01;536.9;6.816;654.5;3.605;789.0;3.834;60;0;0;12.585;12.651;12.495;2985;2984;2920;50.01;50.01;50.01;25195;1000;0.0;0;0.0000;0;0;18764;18764;18764
60;2014-03-07 12:00:00;909402N262;8881;18.913;44;236;237;236;234;12.549;50.01;537.8;6.788;654.4;3.590;793.9;3.818;60;0;0;12.544;12.625;12.479;2978;2982;2919;50.01;50.01;50.01;25195;1000;0.0;0;0.0000;0;0;18913;18913;18913
[wr_ende]
