20140511;150001;danfoss;My Plant;+0100
[wr_def_start]
909402N262;Inverter Type;Inverter Group;Hanzl
[wr_def_end]
[wr]
INTERVAL;TIMESTAMP;SERIAL;P_AC;E_DAY;T_WR;U_AC;U_AC_1;U_AC_2;U_AC_3;I_AC;F_AC;U_DC_1;I_DC_1;U_DC_2;I_DC_2;U_DC_3;I_DC_3;S;E_WR;M_WR;I_AC_1;I_AC_2;I_AC_3;P_AC_1;P_AC_2;P_AC_3;F_AC_1;F_AC_2;F_AC_3;R_DC;PC;PCS;PCS_LL;COS_PHI;COS_PHI_LL;S_COS_PHI;Current_Day_Energy;current_Day_Offset;ccEnergyOfDay_WithoutOffset
60;2014-05-11 14:01:00;909402N262;1417;12.181;41;236;235;236;235;2.092;50.03;558.8;1.107;635.2;0.611;769.1;0.552;60;0;0;2.043;2.139;2.096;459;482;473;50.03;50.03;50.03;6777;1000;0.0;0;0.0000;0;0;12181;12181;12181
60;2014-05-11 14:02:00;909402N262;1658;12.209;41;236;235;236;235;2.433;50.02;565.3;1.267;645.7;0.703;778.7;0.641;60;0;0;2.381;2.479;2.440;538;563;553;50.02;50.02;50.02;6777;1000;0.0;0;0.0000;0;0;12209;12209;12209
60;2014-05-11 14:03:00;909402N262;1834;12.240;41;235;235;236;235;2.678;50.02;566.9;1.393;649.7;0.777;780.1;0.708;60;0;0;2.627;2.730;2.679;597;625;610;50.02;50.02;50.02;6777;1000;0.0;0;0.0000;0;0;12240;12240;12240
60;2014-05-11 14:04:00;909402N262;1942;12.272;41;236;235;236;235;2.827;50.02;568.6;1.465;651.3;0.826;780.1;0.752;60;0;0;2.768;2.875;2.839;632;660;649;50.02;50.02;50.02;6777;1000;0.0;0;0.0000;0;0;12272;12272;12272
60;2014-05-11 14:05:00;909402N262;1797;12.302;41;236;235;236;236;2.627;50.00;569.2;1.342;648.4;0.777;779.0;0.695;60;0;0;2.572;2.674;2.636;583;611;602;50.00;50.00;50.00;6777;1000;0.0;0;0.0000;0;0;12302;12302;12302
60;2014-05-11 14:06:00;909402N262;1570;12.329;41;235;234;236;236;2.314;50.00;554.1;1.212;644.1;0.686;776.1;0.604;60;0;0;2.253;2.365;2.326;506;535;527;50.00;50.00;50.00;6777;1000;0.0;0;0.0000;0;0;12329;12329;12329
60;2014-05-11 14:07:00;909402N262;1547;12.354;41;236;235;236;236;2.281;50.01;553.9;1.207;643.7;0.665;776.4;0.595;60;0;0;2.224;2.325;2.294;500;526;520;50.01;50.01;50.01;6777;1000;0.0;0;0.0000;0;0;12354;12354;12354
60;2014-05-11 14:08:00;909402N262;1745;12.383;41;236;235;235;236;2.556;50.02;558.5;1.354;646.8;0.738;778.8;0.674;60;0;0;2.504;2.592;2.572;567;590;586;50.02;50.02;50.02;6777;1000;0.0;0;0.0000;0;0;12383;12383;12383
60;2014-05-11 14:09:00;909402N262;1954;12.415;41;236;235;236;236;2.839;50.01;575.6;1.464;649.8;0.823;780.0;0.758;60;0;0;2.784;2.875;2.859;636;660;656;50.01;50.01;50.01;6777;1000;0.0;0;0.0000;0;0;12415;12415;12415
60;2014-05-11 14:10:00;909402N262;1996;12.449;41;236;235;236;236;2.895;50.00;561.1;1.538;650.1;0.846;779.7;0.769;60;0;0;2.832;2.934;2.920;649;674;672;50.00;50.00;50.00;6777;1000;0.0;0;0.0000;0;0;12449;12449;12449
60;2014-05-11 14:11:00;909402N262;2037;12.483;41;236;235;236;236;2.950;50.03;562.9;1.562;651.1;0.859;780.7;0.786;60;0;0;2.890;2.984;2.978;662;687;686;50.03;50.03;50.03;6777;1000;0.0;0;0.0000;0;0;12483;12483;12483
60;2014-05-11 14:12:00;909402N262;2166;12.519;41;235;235;235;236;3.132;50.02;574.1;1.624;652.1;0.912;782.2;0.838;60;0;0;3.075;3.163;3.158;707;727;729;50.02;50.02;50.02;6777;1000;0.0;0;0.0000;0;0;12519;12519;12519
60;2014-05-11 14:13:00;909402N262;2300;12.557;41;236;235;236;236;3.315;50.01;576.6;1.708;652.8;0.973;781.3;0.894;60;0;0;3.259;3.347;3.340;753;773;773;50.01;50.01;50.01;6777;1000;0.0;0;0.0000;0;0;12557;12557;12557
60;2014-05-11 14:14:00;909402N262;2313;12.596;41;236;236;235;236;3.335;50.00;576.8;1.720;651.9;0.988;779.9;0.893;60;0;0;3.276;3.370;3.359;757;777;777;50.00;50.00;50.00;6777;1000;0.0;0;0.0000;0;0;12596;12596;12596
60;2014-05-11 14:15:00;909402N262;2268;12.634;41;235;235;235;236;3.273;50.00;575.8;1.699;652.0;0.964;780.4;0.870;60;0;0;3.217;3.309;3.294;742;763;761;50.00;50.00;50.00;6777;1000;0.0;0;0.0000;0;0;12634;12634;12634
60;2014-05-11 14:16:00;909402N262;2224;12.671;41;236;235;236;236;3.204;50.01;566.5;1.696;641.4;0.953;779.1;0.866;60;0;0;3.151;3.236;3.227;727;748;747;50.01;50.01;50.01;6777;1000;0.0;0;0.0000;0;0;12671;12671;12671
60;2014-05-11 14:17:00;909402N262;2186;12.707;41;236;236;236;236;3.154;50.00;571.4;1.652;649.8;0.925;780.9;0.842;60;0;0;3.097;3.196;3.170;714;738;732;50.00;50.00;50.00;6777;1000;0.0;0;0.0000;0;0;12707;12707;12707
60;2014-05-11 14:18:00;909402N262;2023;12.741;41;236;236;236;236;2.928;50.00;569.8;1.527;647.8;0.862;778.3;0.782;60;0;0;2.869;2.968;2.948;659;684;678;50.00;50.00;50.00;6777;1000;0.0;0;0.0000;0;0;12741;12741;12741
60;2014-05-11 14:19:00;909402N262;1869;12.773;41;236;236;236;236;2.724;50.00;568.2;1.415;646.6;0.799;777.6;0.720;60;0;0;2.669;2.775;2.728;608;635;624;50.00;50.00;50.00;6777;1000;0.0;0;0.0000;0;0;12773;12773;12773
60;2014-05-11 14:20:00;909402N262;1785;12.802;41;236;235;236;236;2.611;50.01;566.1;1.351;644.6;0.770;777.2;0.689;60;0;0;2.564;2.646;2.624;582;602;598;50.01;50.01;50.01;6777;1000;0.0;0;0.0000;0;0;12802;12802;12802
60;2014-05-11 14:21:00;909402N262;1673;12.829;41;236;235;236;236;2.458;50.01;565.0;1.268;642.1;0.730;774.6;0.643;60;0;0;2.411;2.496;2.469;545;566;560;50.01;50.01;50.01;6777;1000;0.0;0;0.0000;0;0;12829;12829;12829
60;2014-05-11 14:22:00;909402N262;1600;12.856;41;235;235;236;236;2.355;50.01;563.9;1.226;640.6;0.694;773.8;0.613;60;0;0;2.313;2.386;2.368;522;540;536;50.01;50.01;50.01;6777;1000;0.0;0;0.0000;0;0;12856;12856;12856
60;2014-05-11 14:23:00;909402N262;1713;12.885;41;236;236;236;236;2.511;50.01;563.6;1.324;643.0;0.725;777.1;0.660;60;0;0;2.463;2.550;2.522;558;580;573;50.01;50.01;50.01;6777;1000;0.0;0;0.0000;0;0;12885;12885;12885
60;2014-05-11 14:24:00;909402N262;2010;12.918;41;236;236;236;236;2.912;50.02;564.4;1.544;649.2;0.839;779.5;0.783;60;0;0;2.858;2.954;2.925;656;680;672;50.02;50.02;50.02;6777;1000;0.0;0;0.0000;0;0;12918;12918;12918
60;2014-05-11 14:25:00;909402N262;2318;12.957;41;236;236;236;236;3.335;50.03;565.5;1.752;653.0;0.975;780.6;0.908;60;0;0;3.279;3.373;3.354;759;781;776;50.03;50.03;50.03;6777;1000;0.0;0;0.0000;0;0;12957;12957;12957
60;2014-05-11 14:26:00;909402N262;2490;12.999;41;236;236;236;236;3.577;50.03;566.0;1.862;655.0;1.065;781.1;0.974;60;0;0;3.525;3.619;3.587;817;840;831;50.03;50.03;50.03;6777;1000;0.0;0;0.0000;0;0;12999;12999;12999
60;2014-05-11 14:27:00;909402N262;2513;13.040;41;236;236;236;236;3.609;50.04;566.0;1.868;654.6;1.088;780.6;0.981;60;0;0;3.557;3.649;3.623;825;846;840;50.04;50.04;50.04;6777;1000;0.0;0;0.0000;0;0;13040;13040;13040
60;2014-05-11 14:28:00;909402N262;2456;13.081;41;236;236;236;236;3.531;50.03;565.1;1.828;652.8;1.069;779.0;0.958;60;0;0;3.474;3.569;3.551;804;827;824;50.03;50.03;50.03;6777;1000;0.0;0;0.0000;0;0;13081;13081;13081
60;2014-05-11 14:29:00;909402N262;2376;13.121;41;236;236;236;236;3.420;50.02;564.7;1.771;651.8;1.038;778.9;0.923;60;0;0;3.364;3.462;3.434;777;802;795;50.02;50.02;50.02;6777;1000;0.0;0;0.0000;0;0;13121;13121;13121
60;2014-05-11 14:30:00;909402N262;2275;13.158;41;236;236;236;236;3.276;50.02;565.1;1.697;649.6;0.997;778.1;0.882;60;0;0;3.217;3.313;3.298;743;767;764;50.02;50.02;50.02;6777;1000;0.0;0;0.0000;0;0;13158;13158;13158
60;2014-05-11 14:31:00;909402N262;2149;13.195;41;236;236;236;236;3.099;50.02;562.4;1.623;633.0;0.963;773.4;0.841;60;0;0;3.042;3.138;3.117;701;725;720;50.02;50.02;50.02;6777;1000;0.0;0;0.0000;0;0;13195;13195;13195
60;2014-05-11 14:32:00;909402N262;2102;13.229;41;236;236;236;236;3.064;50.02;566.7;1.559;647.6;0.927;777.4;0.816;60;0;0;3.013;3.105;3.076;687;709;703;50.02;50.02;50.02;6777;1000;0.0;0;0.0000;0;0;13229;13229;13229
60;2014-05-11 14:33:00;909402N262;2013;13.264;41;236;236;236;236;2.948;50.01;566.5;1.490;646.3;0.896;774.2;0.782;60;0;0;2.888;2.997;2.961;656;681;674;50.01;50.01;50.01;6777;1000;0.0;0;0.0000;0;0;13264;13264;13264
60;2014-05-11 14:34:00;909402N262;1900;13.295;41;236;236;236;236;2.802;50.00;565.6;1.407;645.3;0.850;772.2;0.737;60;0;0;2.744;2.868;2.794;618;648;631;50.00;50.00;50.00;6777;1000;0.0;0;0.0000;0;0;13295;13295;13295
60;2014-05-11 14:35:00;909402N262;1776;13.325;41;236;236;236;236;2.639;50.00;564.3;1.319;644.2;0.797;772.8;0.686;60;0;0;2.589;2.688;2.641;579;604;592;50.00;50.00;50.00;6777;1000;0.0;0;0.0000;0;0;13325;13325;13325
60;2014-05-11 14:36:00;909402N262;1662;13.352;41;236;236;236;236;2.480;50.02;563.3;1.241;642.0;0.745;770.6;0.645;60;0;0;2.427;2.521;2.492;540;563;557;50.02;50.02;50.02;6777;1000;0.0;0;0.0000;0;0;13352;13352;13352
60;2014-05-11 14:37:00;909402N262;1561;13.379;41;236;236;236;236;2.338;50.02;562.2;1.168;640.2;0.696;770.4;0.608;60;0;0;2.293;2.381;2.342;508;529;522;50.02;50.02;50.02;6777;1000;0.0;0;0.0000;0;0;13379;13379;13379
60;2014-05-11 14:38:00;909402N262;1416;13.402;41;236;235;236;236;2.135;50.01;560.4;1.066;638.4;0.632;768.2;0.552;60;0;0;2.089;2.177;2.141;460;480;474;50.01;50.01;50.01;6777;1000;0.0;0;0.0000;0;0;13402;13402;13402
60;2014-05-11 14:39:00;909402N262;1270;13.423;41;235;234;236;236;1.932;50.02;558.2;0.969;634.8;0.564;765.3;0.495;60;0;0;1.886;1.973;1.939;410;431;426;50.02;50.02;50.02;6777;1000;0.0;0;0.0000;0;0;13423;13423;13423
60;2014-05-11 14:40:00;909402N262;1252;13.444;41;235;235;236;236;1.908;50.01;555.1;0.975;634.0;0.544;767.1;0.489;60;0;0;1.862;1.949;1.913;405;426;419;50.01;50.01;50.01;6777;1000;0.0;0;0.0000;0;0;13444;13444;13444
60;2014-05-11 14:41:00;909402N262;1326;13.466;41;235;235;236;236;2.007;50.01;552.6;1.041;636.9;0.569;771.2;0.517;60;0;0;1.957;2.047;2.017;428;450;445;50.01;50.01;50.01;6777;1000;0.0;0;0.0000;0;0;13466;13466;13466
60;2014-05-11 14:42:00;909402N262;1403;13.490;41;235;235;236;236;2.114;50.02;553.0;1.099;639.4;0.601;772.1;0.544;60;0;0;2.064;2.156;2.122;454;476;471;50.02;50.02;50.02;6777;1000;0.0;0;0.0000;0;0;13490;13490;13490
60;2014-05-11 14:43:00;909402N262;1387;13.512;41;235;235;236;236;2.091;50.00;553.9;1.084;639.0;0.597;772.5;0.536;60;0;0;2.043;2.131;2.099;449;470;465;50.00;50.00;50.00;6777;1000;0.0;0;0.0000;0;0;13512;13512;13512
60;2014-05-11 14:44:00;909402N262;1308;13.534;41;235;235;236;236;1.985;50.00;555.3;1.025;637.3;0.563;770.2;0.505;60;0;0;1.941;2.021;1.993;425;443;439;50.00;50.00;50.00;6777;1000;0.0;0;0.0000;0;0;13534;13534;13534
60;2014-05-11 14:45:00;909402N262;1292;13.556;41;235;235;235;236;1.962;50.00;554.9;1.022;636.4;0.549;771.1;0.499;60;0;0;1.918;1.999;1.970;419;437;434;50.00;50.00;50.00;6777;1000;0.0;0;0.0000;0;0;13556;13556;13556
60;2014-05-11 14:46:00;909402N262;1363;13.579;41;236;236;236;236;2.046;50.01;550.7;1.090;622.7;0.583;769.0;0.538;60;0;0;2.001;2.084;2.054;443;462;456;50.01;50.01;50.01;6777;1000;0.0;0;0.0000;0;0;13579;13579;13579
60;2014-05-11 14:47:00;909402N262;1498;13.604;41;236;235;236;236;2.245;50.01;555.5;1.173;643.6;0.628;776.8;0.583;60;0;0;2.197;2.288;2.252;487;508;501;50.01;50.01;50.01;6777;1000;0.0;0;0.0000;0;0;13604;13604;13604
60;2014-05-11 14:48:00;909402N262;1490;13.629;41;236;236;236;236;2.232;50.01;557.0;1.158;643.6;0.631;776.4;0.578;60;0;0;2.186;2.275;2.237;485;505;498;50.01;50.01;50.01;6777;1000;0.0;0;0.0000;0;0;13629;13629;13629
60;2014-05-11 14:49:00;909402N262;1402;13.653;41;236;236;236;236;2.109;50.02;559.0;1.088;641.2;0.597;775.4;0.541;60;0;0;2.064;2.148;2.115;456;475;469;50.02;50.02;50.02;6777;1000;0.0;0;0.0000;0;0;13653;13653;13653
60;2014-05-11 14:50:00;909402N262;1298;13.674;41;236;236;236;236;1.965;50.02;556.9;1.006;638.6;0.554;772.2;0.507;60;0;0;1.920;2.008;1.968;421;441;434;50.02;50.02;50.02;6777;1000;0.0;0;0.0000;0;0;13674;13674;13674
60;2014-05-11 14:51:00;909402N262;1131;13.693;41;236;236;236;236;1.760;50.02;553.7;0.880;634.1;0.490;766.0;0.444;60;0;0;1.721;1.816;1.743;368;388;373;50.02;50.02;50.02;6777;1000;0.0;0;0.0000;0;0;13693;13693;13693
60;2014-05-11 14:52:00;909402N262;945;13.709;41;236;236;236;236;1.531;50.04;548.7;0.746;627.9;0.413;759.9;0.370;60;0;0;1.507;1.568;1.519;307;324;311;50.04;50.04;50.04;6777;1000;0.0;0;0.0000;0;0;13709;13709;13709
60;2014-05-11 14:53:00;909402N262;816;13.722;41;236;236;236;236;1.397;50.04;545.3;0.654;622.3;0.355;754.0;0.323;60;0;0;1.380;1.426;1.386;267;277;269;50.04;50.04;50.04;6777;1000;0.0;0;0.0000;0;0;13722;13722;13722
60;2014-05-11 14:54:00;909402N262;656;13.734;41;235;235;236;235;1.173;50.03;542.5;0.541;614.1;0.284;744.0;0.258;60;0;0;1.122;1.220;1.177;209;226;219;50.03;50.03;50.03;6777;1000;0.0;0;0.0000;0;0;13734;13734;13734
60;2014-05-11 14:55:00;909402N262;597;13.743;40;236;235;236;236;1.082;50.02;544.2;0.492;611.1;0.257;742.5;0.235;60;0;0;1.029;1.140;1.077;190;208;197;50.02;50.02;50.02;6777;1000;0.0;0;0.0000;0;0;13743;13743;13743
60;2014-05-11 14:56:00;909402N262;571;13.752;40;235;234;236;236;1.036;50.01;538.3;0.475;609.2;0.248;739.7;0.226;60;0;0;0.985;1.096;1.028;180;199;190;50.01;50.01;50.01;6777;1000;0.0;0;0.0000;0;0;13752;13752;13752
60;2014-05-11 14:57:00;909402N262;510;13.761;40;235;234;236;236;0.926;50.02;533.9;0.417;605.0;0.230;735.0;0.206;60;0;0;0.924;0.973;0.882;168;177;163;50.02;50.02;50.02;6777;1000;0.0;0;0.0000;0;0;13761;13761;13761
60;2014-05-11 14:58:00;909402N262;501;13.770;40;235;234;236;236;0.907;50.02;533.6;0.397;607.3;0.231;731.6;0.205;60;0;0;0.894;0.980;0.848;162;180;157;50.02;50.02;50.02;6777;1000;0.0;0;0.0000;0;0;13770;13770;13770
60;2014-05-11 14:59:00;909402N262;538;13.780;40;235;234;236;236;0.980;50.02;533.6;0.425;612.5;0.248;735.0;0.220;60;0;0;0.953;1.038;0.950;173;189;174;50.02;50.02;50.02;6777;1000;0.0;0;0.0000;0;0;13780;13780;13780
60;2014-05-11 15:00:00;909402N262;445;13.786;40;236;235;236;236;0.823;50.00;531.8;0.355;602.3;0.205;724.6;0.184;60;0;0;0.786;0.885;0.798;141;157;144;50.00;50.00;50.00;6777;1000;0.0;0;0.0000;0;0;13786;13786;13786
[wr_ende]
