20141103;170001;danfoss;My Plant;+0100
[wr_def_start]
909402N262;Inverter Type;Inverter Group;Hanzl
[wr_def_end]
[wr]
INTERVAL;TIMESTAMP;SERIAL;P_AC;E_DAY;T_WR;U_AC;U_AC_1;U_AC_2;U_AC_3;I_AC;F_AC;U_DC_1;I_DC_1;U_DC_2;I_DC_2;U_DC_3;I_DC_3;S;E_WR;M_WR;I_AC_1;I_AC_2;I_AC_3;P_AC_1;P_AC_2;P_AC_3;F_AC_1;F_AC_2;F_AC_3;R_DC;PC;PCS;PCS_LL;COS_PHI;COS_PHI_LL;S_COS_PHI;Current_Day_Energy;current_Day_Offset;ccEnergyOfDay_WithoutOffset
60;2014-11-03 16:01:00;909402N262;582;8.220;37;233;233;232;234;1.293;49.99;546.3;0.659;598.4;0.199;376.5;0.295;60;0;0;1.260;1.305;1.316;179;200;200;49.99;49.99;49.99;6591;1000;0.0;0;1.0000;0;2;8220;8220;8220
60;2014-11-03 16:02:00;909402N262;555;8.229;37;233;233;232;234;1.260;50.01;535.8;0.639;612.7;0.187;374.0;0.281;60;0;0;1.226;1.274;1.280;170;191;191;50.01;50.01;50.01;6591;1000;0.0;0;1.0000;0;2;8229;8229;8229
60;2014-11-03 16:03:00;909402N262;530;8.238;37;233;234;232;234;1.232;50.01;534.3;0.613;606.8;0.181;372.0;0.268;60;0;0;1.200;1.245;1.253;162;183;183;50.00;50.00;50.00;6591;1000;0.0;0;1.0000;0;2;8238;8238;8238
60;2014-11-03 16:04:00;909402N262;499;8.246;37;233;233;233;234;1.206;50.00;533.6;0.575;609.7;0.169;369.9;0.256;60;0;0;1.172;1.224;1.223;151;174;172;50.00;50.00;50.00;6591;1000;0.0;0;1.0000;0;2;8246;8246;8246
60;2014-11-03 16:05:00;909402N262;475;8.255;37;233;233;233;234;1.184;50.00;534.0;0.546;601.4;0.164;368.6;0.247;60;0;0;1.153;1.200;1.200;144;166;164;50.00;50.00;50.00;6591;1000;0.0;0;1.0000;0;2;8255;8255;8255
60;2014-11-03 16:06:00;909402N262;456;8.262;37;233;233;233;234;1.142;49.99;535.6;0.521;598.0;0.158;366.8;0.238;60;0;0;1.129;1.186;1.111;140;166;148;49.99;49.99;49.99;6591;1000;0.0;0;1.0000;0;2;8262;8262;8262
60;2014-11-03 16:07:00;909402N262;424;8.269;37;233;233;233;234;0.844;50.01;536.3;0.488;597.5;0.150;365.2;0.228;60;0;0;0.317;1.201;1.015;42;222;158;50.01;50.01;50.01;6591;1000;0.0;0;1.0000;0;2;8269;8269;8269
60;2014-11-03 16:08:00;909402N262;404;8.276;37;233;233;234;234;0.859;50.01;535.8;0.465;590.8;0.144;363.2;0.219;60;0;0;0.356;1.124;1.098;46;183;173;50.01;50.01;50.01;6591;1000;0.0;0;1.0000;0;2;8276;8276;8276
60;2014-11-03 16:09:00;909402N262;383;8.282;37;234;233;234;234;0.874;49.99;534.8;0.440;590.9;0.136;363.2;0.210;60;0;0;0.688;0.971;0.964;93;143;145;50.00;50.00;50.00;6591;1000;0.0;0;1.0000;0;2;8282;8282;8282
60;2014-11-03 16:10:00;909402N262;361;8.288;37;233;233;233;234;0.843;49.99;530.0;0.416;589.3;0.129;362.8;0.201;60;0;0;0.758;0.928;0.843;102;138;119;49.99;49.99;49.99;6591;1000;0.0;0;1.0000;0;2;8288;8288;8288
60;2014-11-03 16:11:00;909402N262;333;8.294;37;233;233;233;234;0.811;50.00;525.3;0.383;585.2;0.122;357.4;0.193;60;0;0;0.715;0.838;0.880;101;119;112;50.00;50.00;50.00;6591;1000;0.0;0;1.0000;0;2;8294;8294;8294
60;2014-11-03 16:12:00;909402N262;311;8.299;37;233;233;232;234;0.773;49.98;522.8;0.358;582.8;0.114;354.7;0.184;60;0;0;0.670;0.816;0.835;91;115;103;49.98;49.98;49.98;6591;1000;0.0;0;1.0000;0;2;8299;8299;8299
60;2014-11-03 16:13:00;909402N262;283;8.304;37;233;233;232;234;0.677;49.98;521.7;0.324;578.5;0.105;352.6;0.173;60;0;0;0.769;0.704;0.559;105;104;73;49.98;49.98;49.98;6591;1000;0.0;0;1.0000;0;2;8304;8304;8304
60;2014-11-03 16:14:00;909402N262;257;8.308;37;233;234;232;234;0.648;49.98;516.3;0.293;574.7;0.095;349.9;0.163;60;0;0;0.751;0.676;0.518;92;98;65;49.98;49.98;49.98;6591;1000;0.0;0;1.0000;0;2;8308;8308;8308
60;2014-11-03 16:15:00;909402N262;229;8.312;36;233;234;232;234;0.633;49.98;511.1;0.262;568.5;0.086;346.5;0.151;60;0;0;0.656;0.626;0.618;60;90;76;49.98;49.98;49.98;6591;1000;0.0;0;1.0000;0;2;8312;8312;8312
60;2014-11-03 16:16:00;909402N262;204;8.316;36;233;234;232;234;0.634;49.99;502.7;0.237;554.4;0.079;338.1;0.141;60;0;0;0.657;0.608;0.637;55;84;63;49.99;49.99;49.99;6591;1000;0.0;0;1.0000;0;2;8316;8316;8316
60;2014-11-03 16:17:00;909402N262;185;8.318;36;233;234;232;234;0.644;50.00;505.0;0.212;559.5;0.069;341.4;0.131;60;0;0;0.684;0.610;0.639;54;77;52;50.00;50.00;50.00;6591;1000;0.0;0;1.0000;0;2;8318;8318;8318
60;2014-11-03 16:18:00;909402N262;166;8.321;36;233;234;233;234;0.589;50.00;503.9;0.190;549.2;0.063;338.4;0.124;60;0;0;0.632;0.615;0.520;32;80;53;50.00;50.00;50.00;6591;1000;0.0;0;1.0000;0;2;8321;8321;8321
60;2014-11-03 16:19:00;909402N262;148;8.324;36;233;234;233;234;0.577;50.00;502.6;0.168;544.5;0.055;335.1;0.117;60;0;0;0.644;0.614;0.473;37;79;32;50.00;50.00;50.00;6591;1000;0.0;0;1.0000;0;2;8324;8324;8324
60;2014-11-03 16:20:00;909402N262;129;8.326;36;234;234;233;234;0.499;50.00;501.8;0.144;532.5;0.048;331.6;0.107;60;0;0;0.608;0.469;0.421;53;54;27;50.00;50.00;50.00;6591;1000;0.0;0;1.0000;0;2;8326;8326;8326
60;2014-11-03 16:21:00;909402N262;113;8.328;36;233;233;233;234;0.428;49.99;509.5;0.121;531.4;0.042;327.2;0.099;60;0;0;0.432;0.498;0.354;42;55;14;49.99;49.99;49.99;6591;1000;0.0;0;1.0000;0;2;8328;8328;8328
60;2014-11-03 16:22:00;909402N262;101;8.330;36;233;233;233;234;0.414;50.00;504.5;0.108;509.7;0.040;324.6;0.090;60;0;0;0.392;0.482;0.369;35;49;17;50.00;50.00;50.00;6591;1000;0.0;0;1.0000;0;2;8330;8330;8330
60;2014-11-03 16:23:00;909402N262;91;8.331;36;233;233;233;233;0.373;49.98;501.2;0.098;507.4;0.037;319.9;0.083;60;0;0;0.340;0.480;0.300;24;49;17;49.98;49.98;49.98;6591;1000;0.0;0;1.0000;0;2;8331;8331;8331
60;2014-11-03 16:24:00;909402N262;82;8.332;36;233;233;233;233;0.345;49.99;496.6;0.089;505.1;0.031;313.7;0.077;60;0;0;0.281;0.471;0.285;14;45;23;49.99;49.99;49.99;6591;1000;0.0;0;1.0000;0;2;8332;8332;8332
60;2014-11-03 16:25:00;909402N262;73;8.334;36;233;233;233;233;0.310;49.98;492.9;0.081;488.5;0.030;309.4;0.069;60;0;0;0.280;0.433;0.219;17;45;11;49.98;49.98;49.98;6591;1000;0.0;0;1.0000;0;2;8334;8334;8334
60;2014-11-03 16:26:00;909402N262;65;8.335;36;233;233;233;233;0.284;49.97;488.8;0.073;486.4;0.026;309.5;0.063;60;0;0;0.306;0.344;0.203;23;31;10;49.97;49.97;49.97;6591;1000;0.0;0;1.0000;0;2;8335;8335;8335
60;2014-11-03 16:27:00;909402N262;57;8.335;36;233;233;233;233;0.266;49.97;486.3;0.065;482.5;0.023;300.6;0.058;60;0;0;0.237;0.323;0.238;16;25;15;49.97;49.97;49.97;6591;1000;0.0;0;1.0000;0;2;8335;8335;8335
60;2014-11-03 16:28:00;909402N262;50;8.337;35;233;232;234;233;0.228;49.97;478.5;0.059;463.0;0.020;305.2;0.049;60;0;0;0.169;0.323;0.193;17;18;15;49.97;49.97;49.97;6591;1000;0.0;0;1.0000;0;2;8337;8337;8337
60;2014-11-03 16:29:00;909402N262;43;8.338;35;233;232;233;233;0.221;49.98;478.0;0.050;442.9;0.018;298.5;0.046;60;0;0;0.179;0.290;0.194;16;17;11;49.98;49.98;49.98;6591;1000;0.0;0;1.0000;0;2;8338;8338;8338
60;2014-11-03 16:30:00;909402N262;37;8.338;35;233;232;233;233;0.200;49.98;470.8;0.044;469.2;0.013;289.2;0.042;60;0;0;0.190;0.215;0.195;15;12;10;49.98;49.98;49.98;6591;1000;0.0;0;1.0000;0;2;8338;8338;8338
60;2014-11-03 16:31:00;909402N262;30;8.339;35;233;232;233;234;0.187;49.98;450.3;0.040;444.8;0.011;280.7;0.037;60;0;0;0.160;0.205;0.197;12;12;6;49.98;49.98;49.98;6591;1000;0.0;0;1.0000;0;2;8339;8339;8339
60;2014-11-03 16:32:00;909402N262;26;8.340;35;233;233;234;234;0.151;49.98;455.6;0.033;472.5;0.008;275.8;0.032;60;0;0;0.093;0.213;0.149;6;18;3;49.98;49.98;49.98;6591;1000;0.0;0;1.0000;0;2;8340;8340;8340
60;2014-11-03 16:33:00;909402N262;21;8.340;35;233;232;234;234;0.129;49.97;437.8;0.029;444.8;0.007;264.3;0.029;60;0;0;0.090;0.163;0.135;10;6;5;49.97;49.97;49.97;6591;1000;0.0;0;1.0000;0;2;8340;8340;8340
60;2014-11-03 16:34:00;909402N262;16;8.340;35;233;232;234;234;0.112;49.99;444.6;0.024;390.2;0.007;270.5;0.023;60;0;0;0.074;0.147;0.116;6;7;4;49.99;49.99;49.99;6591;1000;0.0;0;1.0000;0;2;8340;8340;8340
60;2014-11-03 16:35:00;909402N262;12;8.340;35;233;232;234;234;0.092;49.99;438.6;0.021;319.5;0.007;258.1;0.022;60;0;0;0.062;0.116;0.098;5;6;3;49.99;49.99;49.99;6591;1000;0.0;0;1.0000;0;2;8340;8340;8340
60;2014-11-03 16:36:00;909402N262;8;8.340;35;232;232;233;233;0.106;49.97;436.3;0.018;267.1;0.007;254.1;0.018;60;0;0;0.074;0.134;0.112;6;6;0;49.97;49.97;49.97;6591;1000;0.0;0;1.0000;0;2;8340;8340;8340
60;2014-11-03 16:37:00;909402N262;6;8.340;35;232;232;232;233;0.141;49.97;423.8;0.015;325.3;0.004;263.3;0.013;60;0;0;0.106;0.166;0.153;4;9;0;49.97;49.97;49.97;6591;1000;0.0;0;1.0000;0;2;8340;8340;8340
60;2014-11-03 16:38:00;909402N262;4;8.340;35;232;232;232;232;0.181;49.97;415.6;0.014;298.2;0.003;253.6;0.011;60;0;0;0.218;0.163;0.162;1;12;2;49.97;49.97;49.97;6591;1000;0.0;0;1.0000;0;2;8340;8340;8340
60;2014-11-03 16:39:00;909402N262;1;8.341;35;232;232;232;233;0.158;49.97;397.0;0.011;256.7;0.003;251.7;0.010;60;0;0;0.195;0.143;0.137;0;12;1;49.97;49.97;49.97;6591;1000;0.0;0;1.0000;0;2;8341;8341;8341
60;2014-11-03 16:40:00;909402N262;0;8.341;34;232;232;232;233;0.132;49.97;397.4;0.008;261.2;0.002;251.4;0.007;60;0;0;0.171;0.098;0.128;0;10;3;49.97;49.97;49.97;6591;1000;0.0;0;1.0000;0;2;8341;8341;8341
60;2014-11-03 16:41:00;909402N262;0;8.341;34;232;232;232;233;0.115;49.96;393.4;0.006;280.9;0.000;254.9;0.004;60;0;0;0.120;0.103;0.123;0;11;0;49.96;49.96;49.96;6591;1000;0.0;0;1.0000;0;2;8341;8341;8341
60;2014-11-03 16:42:00;909402N262;0;8.341;34;232;232;232;233;0.089;49.96;273.0;0.006;260.4;0.000;251.4;0.002;60;0;0;0.143;0.037;0.089;0;2;1;49.96;49.96;49.96;6591;1000;0.0;0;1.0000;0;2;8341;8341;8341
60;2014-11-03 16:43:00;909402N262;0;8.341;34;232;232;231;232;0.112;49.96;270.3;0.003;254.4;0.000;251.3;0.000;60;0;0;0.182;0.060;0.094;0;5;2;49.96;49.96;49.96;6591;1000;0.0;0;1.0000;0;2;8341;8341;8341
60;2014-11-03 16:44:00;909402N262;0;8.341;34;231;231;231;231;0.126;49.96;267.0;0.002;254.3;0.000;251.3;0.000;60;0;0;0.204;0.081;0.093;0;6;1;49.96;49.96;49.96;6591;1000;0.0;0;1.0000;0;2;8341;8341;8340
60;2014-11-03 16:45:00;909402N262;0;8.341;34;233;234;233;234;0.130;49.97;269.9;0.000;254.2;0.000;251.3;0.000;60;0;0;0.191;0.110;0.091;0;9;0;49.97;49.97;49.97;6591;1000;0.0;0;1.0000;0;2;8341;8341;8340
60;2014-11-03 16:46:00;909402N262;0;8.341;34;234;234;234;234;0.085;49.97;293.5;0.000;257.6;0.000;251.4;0.000;80;0;0;0.105;0.077;0.075;0;6;0;49.97;49.97;49.97;6591;1000;0.0;0;1.0000;0;2;8341;8341;8339
60;2014-11-03 16:47:00;909402N262;0;8.341;34;234;234;235;233;0.000;49.97;296.7;0.000;250.8;0.000;244.8;0.000;50;0;0;0.000;0.000;0.000;0;0;0;49.97;49.97;49.97;6591;1000;0.0;0;1.0000;0;2;8341;8341;8339
60;2014-11-03 16:48:00;909402N262;0;8.341;34;234;234;235;233;0.000;49.97;232.4;0.000;231.8;0.000;232.4;0.000;50;0;0;0.000;0.000;0.000;0;0;0;49.97;49.97;49.97;6591;1000;0.0;0;1.0000;0;2;8341;8341;8339
60;2014-11-03 16:49:00;909402N262;0;8.341;33;234;234;235;233;0.000;49.97;230.2;0.000;229.6;0.000;230.1;0.000;50;0;0;0.000;0.000;0.000;0;0;0;49.97;49.97;49.97;6591;1000;0.0;0;1.0000;0;2;8341;8341;8339
60;2014-11-03 16:50:00;909402N262;0;8.341;33;234;234;235;233;0.000;49.96;227.4;0.000;226.8;0.000;228.2;0.000;50;0;0;0.000;0.000;0.000;0;0;0;49.96;49.96;49.96;6591;1000;0.0;0;1.0000;0;2;8341;8341;8339
60;2014-11-03 16:51:00;909402N262;0;8.341;33;234;234;235;233;0.000;49.96;234.9;0.000;234.3;0.000;234.9;0.000;50;0;0;0.000;0.000;0.000;0;0;0;49.96;49.96;49.96;6591;1000;0.0;0;1.0000;0;2;8341;8341;8339
60;2014-11-03 16:52:00;909402N262;0;8.341;33;234;234;235;233;0.000;49.96;232.9;0.000;232.3;0.000;232.3;0.000;50;0;0;0.000;0.000;0.000;0;0;0;49.96;49.96;49.96;6591;1000;0.0;0;1.0000;0;2;8341;8341;8339
60;2014-11-03 16:53:00;909402N262;0;8.341;32;234;234;235;233;0.000;49.95;228.9;0.000;228.3;0.000;228.6;0.000;50;0;0;0.000;0.000;0.000;0;0;0;49.95;49.95;49.95;6591;1000;0.0;0;1.0000;0;2;8341;8341;8339
60;2014-11-03 16:54:00;909402N262;0;8.341;32;234;234;235;232;0.000;49.96;230.2;0.000;229.6;0.000;225.5;0.000;50;0;0;0.000;0.000;0.000;0;0;0;49.96;49.96;49.96;6591;1000;0.0;0;1.0000;0;2;8341;8341;8339
60;2014-11-03 16:55:00;909402N262;0;8.341;32;233;234;234;232;0.000;49.96;227.4;0.000;226.8;0.000;218.0;0.000;50;0;0;0.000;0.000;0.000;0;0;0;49.96;49.96;49.96;6591;1000;0.0;0;1.0000;0;2;8341;8341;8339
60;2014-11-03 16:56:00;909402N262;0;8.341;31;233;233;234;232;0.000;49.97;229.1;0.000;228.5;0.000;206.4;0.000;50;0;0;0.000;0.000;0.000;0;0;0;49.97;49.97;49.97;6591;1000;0.0;0;1.0000;0;2;8341;8341;8339
60;2014-11-03 16:57:00;909402N262;0;8.341;31;233;233;234;232;0.000;49.99;228.4;0.000;227.8;0.000;192.4;0.000;50;0;0;0.000;0.000;0.000;0;0;0;49.99;49.99;49.99;6591;1000;0.0;0;1.0000;0;2;8341;8341;8339
60;2014-11-03 16:58:00;909402N262;0;8.341;31;233;233;234;232;0.000;50.00;229.7;0.000;229.1;0.000;177.9;0.000;50;0;0;0.000;0.000;0.000;0;0;0;50.00;50.00;50.00;6591;1000;0.0;0;1.0000;0;2;8341;8341;8339
60;2014-11-03 16:59:00;909402N262;0;8.341;30;233;233;234;232;0.000;50.00;226.6;0.000;226.0;0.000;162.9;0.000;50;0;0;0.000;0.000;0.000;0;0;0;50.00;50.00;50.00;6591;1000;0.0;0;1.0000;0;2;8341;8341;8339
60;2014-11-03 17:00:00;909402N262;0;8.341;30;233;233;234;232;0.000;50.02;227.6;0.000;223.1;0.000;147.6;0.000;50;0;0;0.000;0.000;0.000;0;0;0;50.02;50.02;50.02;6591;1000;0.0;0;1.0000;0;2;8341;8341;8339
[wr_ende]
