20141119;090003;danfoss;My Plant;+0100
[wr_def_start]
909402N262;Inverter Type;Inverter Group;Hanzl
[wr_def_end]
[wr]
INTERVAL;TIMESTAMP;SERIAL;P_AC;E_DAY;T_WR;U_AC;U_AC_1;U_AC_2;U_AC_3;I_AC;F_AC;U_DC_1;I_DC_1;U_DC_2;I_DC_2;U_DC_3;I_DC_3;S;E_WR;M_WR;I_AC_1;I_AC_2;I_AC_3;P_AC_1;P_AC_2;P_AC_3;F_AC_1;F_AC_2;F_AC_3;R_DC;PC;PCS;PCS_LL;COS_PHI;COS_PHI_LL;S_COS_PHI;Current_Day_Energy;current_Day_Offset;ccEnergyOfDay_WithoutOffset
60;2014-11-19 08:01:00;909402N262;277;0.105;27;234;234;233;235;0.741;50.02;546.1;0.230;593.2;0.124;360.9;0.242;60;0;0;0.873;0.432;0.920;110;61;105;50.02;50.02;50.02;5497;1000;0.0;0;1.0000;0;2;105;105;105
60;2014-11-19 08:02:00;909402N262;247;0.110;27;234;234;233;235;0.760;50.02;551.5;0.207;585.0;0.108;361.0;0.211;60;0;0;0.834;0.789;0.658;105;110;37;50.02;50.02;50.02;5497;1000;0.0;0;1.0000;0;2;110;110;110
60;2014-11-19 08:03:00;909402N262;253;0.115;27;234;233;233;235;0.769;50.03;551.4;0.212;586.8;0.112;362.0;0.216;60;0;0;0.752;0.764;0.792;92;101;59;50.03;50.03;50.03;5497;1000;0.0;0;1.0000;0;2;115;115;115
60;2014-11-19 08:04:00;909402N262;305;0.120;27;233;233;232;235;0.757;50.02;556.3;0.250;600.4;0.133;368.4;0.255;60;0;0;0.983;0.338;0.952;138;46;120;50.02;50.02;50.02;5497;1000;0.0;0;1.0000;0;2;120;120;120
60;2014-11-19 08:05:00;909402N262;366;0.125;27;234;233;233;235;0.977;50.03;564.7;0.297;611.4;0.157;375.4;0.302;60;0;0;1.027;0.937;0.969;136;134;95;50.03;50.03;50.03;5497;1000;0.0;0;1.0000;0;2;125;125;125
60;2014-11-19 08:06:00;909402N262;401;0.132;28;234;234;233;235;1.002;50.02;567.1;0.323;622.0;0.165;378.4;0.326;60;0;0;1.159;1.177;0.670;158;222;31;50.02;50.02;50.02;5497;1000;0.0;0;1.0000;0;2;132;132;132
60;2014-11-19 08:07:00;909402N262;417;0.140;28;234;234;233;235;0.945;50.00;570.1;0.333;615.4;0.177;379.5;0.337;60;0;0;0.686;1.129;1.021;68;197;174;50.00;50.00;50.00;5497;1000;0.0;0;1.0000;0;2;140;140;140
60;2014-11-19 08:08:00;909402N262;454;0.147;28;234;233;233;235;0.906;50.01;565.1;0.362;620.6;0.195;382.0;0.364;60;0;0;0.271;1.110;1.338;12;180;281;50.01;50.01;50.01;5497;1000;0.0;0;1.0000;0;2;147;147;147
60;2014-11-19 08:09:00;909402N262;499;0.155;28;234;233;233;235;1.060;50.00;560.4;0.399;624.8;0.214;384.1;0.403;60;0;0;0.962;1.106;1.114;140;169;192;50.00;50.00;50.00;5497;1000;0.0;0;1.0000;0;2;155;155;155
60;2014-11-19 08:10:00;909402N262;555;0.165;28;234;234;233;235;1.096;50.01;569.0;0.433;628.5;0.235;388.6;0.448;60;0;0;1.271;1.128;0.891;230;190;133;50.01;50.01;50.01;5497;1000;0.0;0;1.0000;0;2;165;165;165
60;2014-11-19 08:11:00;909402N262;626;0.174;28;234;234;234;235;1.142;50.00;577.0;0.479;635.1;0.261;392.5;0.502;60;0;0;1.455;0.926;1.045;318;137;168;50.00;50.00;50.00;5497;1000;0.0;0;1.0000;0;2;174;174;174
60;2014-11-19 08:12:00;909402N262;683;0.186;28;234;235;234;234;1.224;49.99;571.7;0.532;643.1;0.276;395.4;0.546;60;0;0;1.592;0.946;1.135;354;141;186;49.99;49.99;49.99;5497;1000;0.0;0;1.0000;0;2;186;186;186
60;2014-11-19 08:13:00;909402N262;696;0.198;28;234;235;234;234;1.244;49.99;578.8;0.546;643.5;0.275;396.4;0.545;60;0;0;1.625;0.946;1.161;363;140;191;49.99;49.99;49.99;5497;1000;0.0;0;1.0000;0;2;198;198;198
60;2014-11-19 08:14:00;909402N262;686;0.209;28;234;234;234;234;1.233;50.00;571.4;0.555;641.4;0.268;395.8;0.534;60;0;0;1.609;0.945;1.145;358;139;188;50.00;50.00;50.00;5497;1000;0.0;0;1.0000;0;2;209;209;209
60;2014-11-19 08:15:00;909402N262;688;0.220;28;234;234;234;235;1.236;50.00;574.0;0.558;638.1;0.264;394.8;0.540;60;0;0;1.615;0.947;1.148;359;140;188;50.00;50.00;50.00;5497;1000;0.0;0;1.0000;0;2;220;220;220
60;2014-11-19 08:16:00;909402N262;676;0.232;29;234;234;235;235;1.224;50.00;567.3;0.569;621.3;0.263;389.5;0.535;60;0;0;1.575;0.970;1.129;346;143;185;50.00;50.00;50.00;5497;1000;0.0;0;1.0000;0;2;232;232;232
60;2014-11-19 08:17:00;909402N262;683;0.243;29;234;234;235;235;1.205;49.99;520.9;0.634;632.6;0.256;392.8;0.525;60;0;0;1.527;0.943;1.145;335;147;198;49.99;49.99;49.99;5497;1000;0.0;0;1.0000;0;2;243;243;243
60;2014-11-19 08:18:00;909402N262;667;0.255;29;234;234;234;235;1.186;49.99;524.0;0.624;629.6;0.249;391.1;0.509;60;0;0;1.493;0.937;1.128;327;145;194;49.99;49.99;49.99;5497;1000;0.0;0;1.0000;0;2;255;255;255
60;2014-11-19 08:19:00;909402N262;643;0.265;29;234;233;235;235;1.218;49.99;526.2;0.605;624.2;0.241;389.0;0.486;60;0;0;1.278;1.316;1.062;223;254;164;49.99;49.99;49.99;5497;1000;0.0;0;1.0000;0;2;265;265;265
60;2014-11-19 08:20:00;909402N262;622;0.276;29;234;234;234;234;1.315;50.00;528.0;0.584;622.1;0.234;387.5;0.460;60;0;0;1.279;1.336;1.332;193;215;212;50.00;50.00;50.00;5497;1000;0.0;0;1.0000;0;2;276;276;276
60;2014-11-19 08:21:00;909402N262;600;0.285;29;234;234;234;235;1.294;50.00;536.0;0.558;630.7;0.225;386.4;0.435;60;0;0;1.255;1.316;1.312;185;208;205;50.00;50.00;50.00;5497;1000;0.0;0;1.0000;0;2;285;285;285
60;2014-11-19 08:22:00;909402N262;584;0.295;29;234;234;234;235;1.279;49.98;539.7;0.539;648.2;0.218;386.2;0.413;60;0;0;1.241;1.300;1.297;180;203;200;49.98;49.98;49.98;5497;1000;0.0;0;1.0000;0;2;295;295;295
60;2014-11-19 08:23:00;909402N262;579;0.305;29;234;234;234;234;1.273;49.99;540.7;0.530;658.2;0.219;386.0;0.401;60;0;0;1.240;1.292;1.288;179;200;198;49.99;49.99;49.99;5497;1000;0.0;0;1.0000;0;2;305;305;305
60;2014-11-19 08:24:00;909402N262;577;0.314;29;234;234;234;235;1.273;49.99;542.2;0.524;667.1;0.220;385.3;0.397;60;0;0;1.239;1.291;1.289;178;200;197;49.99;49.99;49.99;5497;1000;0.0;0;1.0000;0;2;314;314;314
60;2014-11-19 08:25:00;909402N262;582;0.325;29;234;234;234;235;1.277;49.99;543.9;0.525;672.4;0.223;385.2;0.398;60;0;0;1.243;1.293;1.296;180;201;200;49.99;49.99;49.99;5497;1000;0.0;0;1.0000;0;2;325;325;325
60;2014-11-19 08:26:00;909402N262;597;0.334;29;234;234;234;235;1.291;49.99;544.5;0.534;679.7;0.229;384.3;0.411;60;0;0;1.254;1.309;1.311;184;206;205;49.99;49.99;49.99;5497;1000;0.0;0;1.0000;0;2;334;334;334
60;2014-11-19 08:27:00;909402N262;619;0.345;30;234;234;235;235;1.313;50.00;538.0;0.556;677.5;0.241;386.1;0.427;60;0;0;1.273;1.337;1.331;191;215;211;50.00;50.00;50.00;5497;1000;0.0;0;1.0000;0;2;345;345;345
60;2014-11-19 08:28:00;909402N262;641;0.355;30;234;234;235;235;1.335;50.00;536.7;0.574;675.8;0.252;388.9;0.441;60;0;0;1.293;1.361;1.352;198;222;219;50.00;50.00;50.00;5497;1000;0.0;0;1.0000;0;2;355;355;355
60;2014-11-19 08:29:00;909402N262;658;0.366;30;234;234;234;235;1.352;50.00;536.9;0.588;674.2;0.259;390.0;0.454;60;0;0;1.313;1.374;1.370;205;227;224;50.00;50.00;50.00;5497;1000;0.0;0;1.0000;0;2;366;366;366
60;2014-11-19 08:30:00;909402N262;665;0.378;30;235;234;235;235;1.360;50.00;537.3;0.594;670.2;0.263;390.3;0.459;60;0;0;1.320;1.383;1.378;207;229;227;50.00;50.00;50.00;5497;1000;0.0;0;1.0000;0;2;378;378;378
60;2014-11-19 08:31:00;909402N262;683;0.389;30;235;235;235;235;1.377;49.98;495.1;0.755;593.8;0.327;388.7;0.462;60;0;0;1.341;1.400;1.390;214;235;232;49.98;49.98;49.98;5497;1000;0.0;0;1.0000;0;2;389;389;389
60;2014-11-19 08:32:00;909402N262;820;0.403;30;234;234;235;235;1.516;49.98;302.7;1.556;349.8;0.563;388.3;0.463;60;0;0;1.468;1.542;1.539;257;282;279;49.98;49.98;49.98;5497;1000;0.0;0;1.0000;0;2;403;403;403
60;2014-11-19 08:33:00;909402N262;830;0.416;30;234;233;234;234;1.527;49.98;302.9;1.587;348.4;0.570;389.8;0.460;60;0;0;1.483;1.551;1.548;262;285;282;49.98;49.98;49.98;5497;1000;0.0;0;1.0000;0;2;416;416;416
60;2014-11-19 08:34:00;909402N262;837;0.430;30;234;234;234;235;1.534;49.99;302.6;1.615;344.3;0.575;388.1;0.460;60;0;0;1.489;1.555;1.560;264;286;285;49.99;49.99;49.99;5497;1000;0.0;0;1.0000;0;2;430;430;430
60;2014-11-19 08:35:00;909402N262;840;0.445;30;233;233;232;234;1.539;49.99;302.5;1.645;340.8;0.569;386.1;0.460;60;0;0;1.497;1.559;1.562;266;286;286;49.99;49.99;49.99;5497;1000;0.0;0;1.0000;0;2;445;445;445
60;2014-11-19 08:36:00;909402N262;833;0.459;30;233;233;232;233;1.533;50.00;302.5;1.678;328.5;0.541;387.6;0.458;60;0;0;1.490;1.554;1.555;264;284;284;50.00;50.00;50.00;5497;1000;0.0;0;1.0000;0;2;459;459;459
60;2014-11-19 08:37:00;909402N262;836;0.473;31;235;235;235;235;1.536;49.99;302.8;1.716;339.0;0.494;389.3;0.461;60;0;0;1.492;1.559;1.558;264;286;285;49.99;49.99;49.99;5497;1000;0.0;0;1.0000;0;2;473;473;473
60;2014-11-19 08:38:00;909402N262;839;0.486;31;235;235;235;235;1.539;49.99;302.6;1.761;348.1;0.434;386.6;0.478;60;0;0;1.494;1.565;1.559;265;287;285;49.99;49.99;49.99;5497;1000;0.0;0;1.0000;0;2;486;486;486
60;2014-11-19 08:39:00;909402N262;852;0.501;31;235;235;235;235;1.553;50.00;302.6;1.811;349.3;0.405;386.8;0.498;60;0;0;1.511;1.579;1.571;270;292;288;50.00;50.00;50.00;5497;1000;0.0;0;1.0000;0;2;501;501;501
60;2014-11-19 08:40:00;909402N262;876;0.515;31;235;235;235;235;1.579;50.01;302.7;1.863;351.6;0.400;394.4;0.511;60;0;0;1.538;1.606;1.595;279;300;295;50.01;50.01;50.01;5497;1000;0.0;0;1.0000;0;2;515;515;515
60;2014-11-19 08:41:00;909402N262;904;0.530;31;235;235;235;234;1.611;50.00;302.7;1.913;348.6;0.416;395.5;0.532;60;0;0;1.570;1.638;1.626;288;309;305;50.00;50.00;50.00;5497;1000;0.0;0;1.0000;0;2;530;530;530
60;2014-11-19 08:42:00;909402N262;935;0.546;31;235;235;235;235;1.644;50.01;302.7;1.969;344.2;0.438;394.3;0.556;60;0;0;1.601;1.671;1.660;298;320;315;50.01;50.01;50.01;5497;1000;0.0;0;1.0000;0;2;546;546;546
60;2014-11-19 08:43:00;909402N262;966;0.562;31;235;235;235;235;1.680;50.01;306.3;1.994;338.6;0.463;400.4;0.578;60;0;0;1.635;1.707;1.699;308;330;327;50.01;50.01;50.01;5497;1000;0.0;0;1.0000;0;2;562;562;562
60;2014-11-19 08:44:00;909402N262;998;0.578;31;235;235;235;235;1.715;50.01;309.3;2.017;333.8;0.487;402.1;0.609;60;0;0;1.669;1.742;1.735;318;340;338;50.01;50.01;50.01;5497;1000;0.0;0;1.0000;0;2;578;578;578
60;2014-11-19 08:45:00;909402N262;1035;0.596;31;235;235;235;235;1.759;50.01;310.9;2.056;329.1;0.512;400.4;0.653;60;0;0;1.713;1.787;1.778;331;352;350;50.01;50.01;50.01;5497;1000;0.0;0;1.0000;0;2;596;596;596
60;2014-11-19 08:46:00;909402N262;1083;0.614;31;235;235;235;235;1.816;50.00;311.5;2.108;382.0;0.500;397.3;0.706;60;0;0;1.771;1.843;1.836;348;368;366;50.00;50.00;50.00;5497;1000;0.0;0;1.0000;0;2;614;614;614
60;2014-11-19 08:47:00;909402N262;1213;0.634;31;235;235;234;235;1.972;50.00;326.1;2.120;650.1;0.378;402.5;0.755;60;0;0;1.924;1.997;1.995;391;410;410;50.00;50.00;50.00;5497;1000;0.0;0;1.0000;0;2;634;634;634
60;2014-11-19 08:48:00;909402N262;1271;0.655;31;235;235;235;235;2.043;50.01;326.9;2.178;652.4;0.403;406.7;0.801;60;0;0;1.992;2.076;2.061;410;432;428;50.01;50.01;50.01;5497;1000;0.0;0;1.0000;0;2;655;655;655
60;2014-11-19 08:49:00;909402N262;1320;0.678;32;235;235;235;235;2.103;50.00;327.7;2.226;654.6;0.423;408.4;0.841;60;0;0;2.050;2.134;2.126;425;447;446;50.00;50.00;50.00;5497;1000;0.0;0;1.0000;0;2;678;678;678
60;2014-11-19 08:50:00;909402N262;1379;0.701;32;235;235;234;236;2.178;50.00;328.8;2.333;655.7;0.439;409.0;0.871;60;0;0;2.122;2.208;2.204;444;466;467;50.00;50.00;50.00;5497;1000;0.0;0;1.0000;0;2;701;701;701
60;2014-11-19 08:51:00;909402N262;1433;0.725;32;235;235;234;236;2.246;50.02;337.0;2.388;657.5;0.450;408.3;0.892;60;0;0;2.194;2.273;2.271;464;483;485;50.02;50.02;50.02;5497;1000;0.0;0;1.0000;0;2;725;725;725
60;2014-11-19 08:52:00;909402N262;1463;0.749;32;235;235;234;236;2.284;50.01;337.0;2.447;657.9;0.457;407.6;0.908;60;0;0;2.231;2.311;2.311;474;493;495;50.01;50.01;50.01;5497;1000;0.0;0;1.0000;0;2;749;749;749
60;2014-11-19 08:53:00;909402N262;1510;0.774;32;235;235;235;235;2.344;50.01;330.1;2.623;658.3;0.463;408.7;0.915;60;0;0;2.290;2.377;2.365;489;511;509;50.01;50.01;50.01;5497;1000;0.0;0;1.0000;0;2;774;774;774
60;2014-11-19 08:54:00;909402N262;1540;0.800;32;235;235;235;236;2.381;50.00;324.3;2.751;654.9;0.468;411.8;0.913;60;0;0;2.324;2.417;2.402;497;522;519;50.00;50.00;50.00;5497;1000;0.0;0;1.0000;0;2;800;800;800
60;2014-11-19 08:55:00;909402N262;1561;0.826;32;235;234;235;235;2.410;49.99;331.9;2.760;650.5;0.468;412.9;0.908;60;0;0;2.344;2.454;2.433;501;532;526;49.99;49.99;49.99;5497;1000;0.0;0;1.0000;0;2;826;826;826
60;2014-11-19 08:56:00;909402N262;1585;0.853;32;235;233;236;236;2.444;50.00;342.4;2.776;649.1;0.462;414.0;0.894;60;0;0;2.367;2.492;2.473;505;542;536;50.00;50.00;50.00;5497;1000;0.0;0;1.0000;0;2;853;853;853
60;2014-11-19 08:57:00;909402N262;1593;0.879;32;235;233;236;236;2.452;50.01;342.3;2.837;650.5;0.451;405.1;0.899;60;0;0;2.382;2.496;2.480;510;542;539;50.01;50.01;50.01;5497;1000;0.0;0;1.0000;0;2;879;879;879
60;2014-11-19 08:58:00;909402N262;1597;0.906;32;235;235;235;236;2.456;50.01;341.1;2.897;654.5;0.439;409.4;0.871;60;0;0;2.399;2.491;2.479;517;540;538;50.01;50.01;50.01;5497;1000;0.0;0;1.0000;0;2;906;906;906
60;2014-11-19 08:59:00;909402N262;1575;0.932;32;235;235;235;236;2.429;50.02;340.7;2.876;657.4;0.427;403.1;0.866;60;0;0;2.371;2.460;2.457;510;531;532;50.02;50.02;50.02;5497;1000;0.0;0;1.0000;0;2;932;932;932
60;2014-11-19 09:00:00;909402N262;1409;0.956;33;235;235;235;236;2.216;50.02;339.6;2.456;655.2;0.409;401.5;0.840;60;0;0;2.156;2.248;2.244;454;476;477;50.02;50.02;50.02;5497;1000;0.0;0;1.0000;0;2;956;956;956
[wr_ende]
