20140729;130004;danfoss;My Plant;+0100
[wr_def_start]
909402N262;Inverter Type;Inverter Group;Hanzl
[wr_def_end]
[wr]
INTERVAL;TIMESTAMP;SERIAL;P_AC;E_DAY;T_WR;U_AC;U_AC_1;U_AC_2;U_AC_3;I_AC;F_AC;U_DC_1;I_DC_1;U_DC_2;I_DC_2;U_DC_3;I_DC_3;S;E_WR;M_WR;I_AC_1;I_AC_2;I_AC_3;P_AC_1;P_AC_2;P_AC_3;F_AC_1;F_AC_2;F_AC_3;R_DC;PC;PCS;PCS_LL;COS_PHI;COS_PHI_LL;S_COS_PHI;Current_Day_Energy;current_Day_Offset;ccEnergyOfDay_WithoutOffset
60;2014-07-29 12:01:00;909402N262;8788;11.335;49;235;234;235;237;12.426;49.98;506.2;7.747;598.2;3.768;761.8;3.692;60;0;0;12.347;12.411;12.521;2888;2923;2970;49.98;49.98;49.98;4298;1000;0.0;0;0.0000;0;0;11335;11335;11335
60;2014-07-29 12:02:00;909402N262;9027;11.486;49;235;234;236;237;12.781;49.99;507.2;7.900;609.9;3.793;759.0;3.777;60;0;0;12.686;12.786;12.873;2966;3012;3048;49.99;49.99;49.99;4298;1000;0.0;0;0.0000;0;0;11486;11486;11486
60;2014-07-29 12:03:00;909402N262;7152;11.606;49;235;233;236;237;10.160;49.99;510.2;6.224;605.5;2.932;755.3;3.064;60;0;0;10.039;10.219;10.222;2340;2391;2415;49.99;49.99;49.99;4298;1000;0.0;0;0.0000;0;0;11606;11606;11606
60;2014-07-29 12:04:00;909402N262;6001;11.707;49;235;233;236;237;8.527;50.01;514.0;5.390;603.8;2.448;755.6;2.446;60;0;0;8.404;8.555;8.623;1955;2010;2037;50.01;50.01;50.01;4298;1000;0.0;0;0.0000;0;0;11707;11707;11707
60;2014-07-29 12:05:00;909402N262;5132;11.790;49;235;233;235;236;7.311;50.01;514.9;4.609;608.4;2.167;752.7;2.014;60;0;0;7.203;7.342;7.388;1672;1720;1739;50.01;50.01;50.01;4298;1000;0.0;0;0.0000;0;0;11790;11790;11790
60;2014-07-29 12:06:00;909402N262;5418;11.881;49;235;233;235;236;7.719;50.00;515.9;4.898;605.1;2.143;757.6;2.207;60;0;0;7.614;7.754;7.791;1767;1814;1835;50.00;50.00;50.00;4298;1000;0.0;0;0.0000;0;0;11881;11881;11881
60;2014-07-29 12:07:00;909402N262;4844;11.962;49;235;235;235;236;6.896;50.01;518.1;4.351;607.1;1.959;754.2;1.949;60;0;0;6.842;6.910;6.936;1601;1611;1630;50.01;50.01;50.01;4298;1000;0.0;0;0.0000;0;0;11962;11962;11962
60;2014-07-29 12:08:00;909402N262;4671;12.040;49;235;235;235;236;6.652;50.01;521.8;4.135;610.7;1.927;752.5;1.862;60;0;0;6.580;6.675;6.701;1535;1559;1574;50.01;50.01;50.01;4298;1000;0.0;0;0.0000;0;0;12040;12040;12040
60;2014-07-29 12:09:00;909402N262;4907;12.122;49;235;234;235;236;6.986;50.01;522.0;4.370;610.9;2.008;756.4;1.944;60;0;0;6.916;7.010;7.032;1612;1640;1653;50.01;50.01;50.01;4298;1000;0.0;0;0.0000;0;0;12122;12122;12122
60;2014-07-29 12:10:00;909402N262;4677;12.200;49;235;234;235;236;6.671;50.01;525.6;4.056;612.0;1.887;757.5;1.921;60;0;0;6.591;6.723;6.699;1535;1571;1570;50.01;50.01;50.01;4298;1000;0.0;0;0.0000;0;0;12200;12200;12200
60;2014-07-29 12:11:00;909402N262;4004;12.267;49;235;234;235;235;5.726;50.01;530.2;3.508;614.5;1.638;752.7;1.580;60;0;0;5.655;5.764;5.759;1312;1343;1345;50.01;50.01;50.01;4298;1000;0.0;0;0.0000;0;0;12267;12267;12267
60;2014-07-29 12:12:00;909402N262;3946;12.332;49;235;234;235;235;5.645;50.01;531.7;3.450;616.6;1.606;754.2;1.554;60;0;0;5.568;5.687;5.681;1293;1325;1327;50.01;50.01;50.01;4298;1000;0.0;0;0.0000;0;0;12332;12332;12332
60;2014-07-29 12:13:00;909402N262;3895;12.397;49;235;233;236;236;5.569;50.02;532.5;3.425;617.6;1.588;755.2;1.511;60;0;0;5.475;5.623;5.611;1267;1315;1312;50.02;50.02;50.02;4298;1000;0.0;0;0.0000;0;0;12397;12397;12397
60;2014-07-29 12:14:00;909402N262;4331;12.470;49;235;233;236;236;6.183;50.02;531.2;3.798;620.5;1.752;761.7;1.687;60;0;0;6.081;6.241;6.228;1406;1465;1459;50.02;50.02;50.02;4298;1000;0.0;0;0.0000;0;0;12470;12470;12470
60;2014-07-29 12:15:00;909402N262;4684;12.547;49;235;233;236;235;6.685;50.02;530.9;4.121;620.9;1.878;766.5;1.825;60;0;0;6.578;6.741;6.737;1522;1586;1577;50.02;50.02;50.02;4298;1000;0.0;0;0.0000;0;0;12547;12547;12547
60;2014-07-29 12:16:00;909402N262;5467;12.639;49;235;233;237;235;7.786;50.02;529.0;4.797;603.1;2.315;769.9;2.145;60;0;0;7.659;7.871;7.828;1777;1852;1835;50.02;50.02;50.02;4298;1000;0.0;0;0.0000;0;0;12639;12639;12639
60;2014-07-29 12:17:00;909402N262;8319;12.777;49;235;233;237;236;11.783;50.02;529.0;6.888;615.8;3.571;774.2;3.367;60;0;0;11.639;11.860;11.850;2712;2814;2791;50.02;50.02;50.02;4298;1000;0.0;0;0.0000;0;0;12777;12777;12777
60;2014-07-29 12:18:00;909402N262;6262;12.882;49;236;235;236;236;8.910;50.02;528.3;5.250;614.8;2.535;768.3;2.634;60;0;0;8.812;8.985;8.933;2058;2102;2100;50.02;50.02;50.02;4298;1000;0.0;0;0.0000;0;0;12882;12882;12882
60;2014-07-29 12:19:00;909402N262;6329;12.988;49;236;236;235;237;8.974;50.03;522.9;5.532;614.4;2.553;767.9;2.563;60;0;0;8.912;8.985;9.026;2094;2104;2129;50.03;50.03;50.03;4298;1000;0.0;0;0.0000;0;0;12988;12988;12988
60;2014-07-29 12:20:00;909402N262;6428;13.097;49;236;236;235;236;9.125;50.02;520.8;5.757;613.1;2.645;761.9;2.511;60;0;0;9.075;9.136;9.166;2132;2140;2154;50.02;50.02;50.02;4298;1000;0.0;0;0.0000;0;0;13097;13097;13097
60;2014-07-29 12:21:00;909402N262;9096;13.249;49;236;236;235;236;12.870;50.02;515.9;7.844;615.2;3.817;766.7;3.755;60;0;0;12.823;12.890;12.898;3029;3024;3041;50.02;50.02;50.02;4298;1000;0.0;0;0.0000;0;0;13249;13249;13249
60;2014-07-29 12:22:00;909402N262;8464;13.390;49;236;236;235;236;12.004;50.02;516.3;7.389;607.4;3.297;761.5;3.676;60;0;0;11.948;12.054;12.010;2816;2819;2827;50.02;50.02;50.02;4298;1000;0.0;0;0.0000;0;0;13390;13390;13390
60;2014-07-29 12:23:00;909402N262;5019;13.474;49;235;235;235;235;7.174;50.02;517.3;4.285;601.1;2.012;746.8;2.219;60;0;0;7.124;7.209;7.189;1663;1676;1676;50.02;50.02;50.02;4298;1000;0.0;0;0.0000;0;0;13474;13474;13474
60;2014-07-29 12:24:00;909402N262;3693;13.535;49;235;235;234;235;5.313;50.01;518.2;3.336;604.3;1.496;741.8;1.494;60;0;0;5.262;5.331;5.346;1220;1230;1240;50.01;50.01;50.01;4298;1000;0.0;0;0.0000;0;0;13535;13535;13535
60;2014-07-29 12:25:00;909402N262;3580;13.594;49;235;235;234;235;5.157;50.02;520.4;3.273;606.3;1.441;744.2;1.412;60;0;0;5.108;5.166;5.198;1184;1191;1205;50.02;50.02;50.02;4298;1000;0.0;0;0.0000;0;0;13594;13594;13594
60;2014-07-29 12:26:00;909402N262;4163;13.665;49;235;234;235;236;5.965;50.02;520.3;3.765;611.9;1.682;751.8;1.639;60;0;0;5.892;5.982;6.021;1364;1391;1406;50.02;50.02;50.02;4298;1000;0.0;0;0.0000;0;0;13665;13665;13665
60;2014-07-29 12:27:00;909402N262;5218;13.751;49;235;234;235;236;7.443;50.03;525.8;4.467;612.9;2.260;759.3;2.055;60;0;0;7.369;7.449;7.511;1713;1741;1762;50.03;50.03;50.03;4298;1000;0.0;0;0.0000;0;0;13751;13751;13751
60;2014-07-29 12:28:00;909402N262;6431;13.858;49;235;234;236;236;9.139;50.03;528.3;5.316;612.7;2.768;765.1;2.658;60;0;0;9.051;9.160;9.208;2109;2155;2166;50.03;50.03;50.03;4298;1000;0.0;0;0.0000;0;0;13858;13858;13858
60;2014-07-29 12:29:00;909402N262;7806;13.989;49;236;234;238;236;11.057;50.03;523.2;6.479;615.9;3.268;769.2;3.285;60;0;0;10.920;11.138;11.114;2550;2633;2621;50.03;50.03;50.03;4298;1000;0.0;0;0.0000;0;0;13989;13989;13989
60;2014-07-29 12:30:00;909402N262;8086;14.123;49;236;235;237;236;11.419;50.02;521.6;7.105;616.5;3.405;768.5;3.165;60;0;0;11.330;11.453;11.476;2657;2720;2707;50.02;50.02;50.02;4298;1000;0.0;0;0.0000;0;0;14123;14123;14123
60;2014-07-29 12:31:00;909402N262;9467;14.281;49;237;236;237;237;13.337;50.00;514.7;7.992;600.8;4.053;767.9;4.043;60;0;0;13.225;13.408;13.378;3116;3178;3169;50.00;50.00;50.00;4298;1000;0.0;0;0.0000;0;0;14281;14281;14281
60;2014-07-29 12:32:00;909402N262;8219;14.418;49;236;235;237;236;11.617;49.99;516.5;6.879;604.9;3.513;764.2;3.506;60;0;0;11.530;11.676;11.645;2712;2757;2748;49.99;49.99;49.99;4298;1000;0.0;0;0.0000;0;0;14418;14418;14418
60;2014-07-29 12:33:00;909402N262;9073;14.570;49;236;235;237;237;12.797;50.01;510.0;8.047;610.0;3.900;760.3;3.625;60;0;0;12.689;12.839;12.865;2985;3041;3047;50.01;50.01;50.01;4298;1000;0.0;0;0.0000;0;0;14570;14570;14570
60;2014-07-29 12:34:00;909402N262;8182;14.706;49;236;235;237;237;11.554;50.02;509.7;7.111;609.3;3.426;757.2;3.444;60;0;0;11.453;11.592;11.619;2691;2741;2748;50.02;50.02;50.02;4298;1000;0.0;0;0.0000;0;0;14706;14706;14706
60;2014-07-29 12:35:00;909402N262;5244;14.794;50;236;235;236;236;7.443;50.03;514.9;4.583;604.9;2.156;751.1;2.196;60;0;0;7.364;7.481;7.485;1724;1758;1763;50.03;50.03;50.03;4298;1000;0.0;0;0.0000;0;0;14794;14794;14794
60;2014-07-29 12:36:00;909402N262;6252;14.896;50;236;235;236;236;8.846;50.03;515.6;5.548;608.9;2.596;760.0;2.524;60;0;0;8.769;8.867;8.904;2054;2097;2100;50.03;50.03;50.03;4298;1000;0.0;0;0.0000;0;0;14896;14896;14896
60;2014-07-29 12:37:00;909402N262;8271;15.034;50;236;235;237;237;11.679;50.01;509.9;7.345;613.3;3.395;761.8;3.396;60;0;0;11.586;11.720;11.731;2723;2771;2775;50.01;50.01;50.01;4298;1000;0.0;0;0.0000;0;0;15034;15034;15034
60;2014-07-29 12:38:00;909402N262;8131;15.170;50;236;235;237;237;11.480;50.00;508.6;7.231;612.2;3.325;760.2;3.365;60;0;0;11.386;11.528;11.527;2677;2726;2727;50.00;50.00;50.00;4298;1000;0.0;0;0.0000;0;0;15170;15170;15170
60;2014-07-29 12:39:00;909402N262;7484;15.294;50;236;235;237;237;10.565;50.02;509.0;6.666;611.3;3.040;758.5;3.103;60;0;0;10.479;10.622;10.595;2466;2508;2508;50.02;50.02;50.02;4298;1000;0.0;0;0.0000;0;0;15294;15294;15294
60;2014-07-29 12:40:00;909402N262;6512;15.402;50;236;235;236;237;9.216;50.01;509.9;5.835;609.9;2.623;756.8;2.696;60;0;0;9.129;9.271;9.250;2142;2184;2184;50.01;50.01;50.01;4298;1000;0.0;0;0.0000;0;0;15402;15402;15402
60;2014-07-29 12:41:00;909402N262;6048;15.504;50;236;235;236;237;8.565;50.01;510.9;5.443;609.6;2.436;756.3;2.483;60;0;0;8.485;8.584;8.627;1989;2018;2039;50.01;50.01;50.01;4298;1000;0.0;0;0.0000;0;0;15504;15504;15504
60;2014-07-29 12:42:00;909402N262;5893;15.601;50;236;235;236;237;8.344;50.01;511.6;5.299;610.3;2.369;755.3;2.414;60;0;0;8.270;8.369;8.393;1940;1970;1981;50.01;50.01;50.01;4298;1000;0.0;0;0.0000;0;0;15601;15601;15601
60;2014-07-29 12:43:00;909402N262;4826;15.681;50;236;236;235;236;6.862;50.01;511.8;4.366;608.3;1.925;748.6;1.979;60;0;0;6.789;6.907;6.890;1590;1610;1621;50.01;50.01;50.01;4298;1000;0.0;0;0.0000;0;0;15681;15681;15681
60;2014-07-29 12:44:00;909402N262;4323;15.754;50;236;235;235;236;6.155;50.01;513.3;3.951;608.1;1.724;746.9;1.752;60;0;0;6.101;6.183;6.182;1426;1447;1449;50.01;50.01;50.01;4298;1000;0.0;0;0.0000;0;0;15754;15754;15754
60;2014-07-29 12:45:00;909402N262;4898;15.836;50;235;236;236;235;6.961;50.02;516.6;4.415;613.3;1.954;753.0;1.977;60;0;0;6.913;6.995;6.975;1620;1642;1634;50.02;50.02;50.02;4298;1000;0.0;0;0.0000;0;0;15836;15836;15836
60;2014-07-29 12:46:00;909402N262;5465;15.926;50;236;236;236;235;7.767;50.00;514.5;4.910;610.6;2.214;751.5;2.231;60;0;0;7.728;7.792;7.783;1815;1835;1820;50.00;50.00;50.00;4298;1000;0.0;0;0.0000;0;0;15926;15926;15926
60;2014-07-29 12:47:00;909402N262;5317;16.016;50;236;236;236;235;7.547;50.01;518.4;4.756;615.9;2.126;757.7;2.139;60;0;0;7.504;7.597;7.542;1763;1786;1766;50.01;50.01;50.01;4298;1000;0.0;0;0.0000;0;0;16016;16016;16016
60;2014-07-29 12:48:00;909402N262;6703;16.128;50;236;236;237;236;9.475;50.00;518.2;5.930;619.5;2.699;764.0;2.707;60;0;0;9.439;9.526;9.460;2227;2251;2224;50.00;50.00;50.00;4298;1000;0.0;0;0.0000;0;0;16128;16128;16128
60;2014-07-29 12:49:00;909402N262;7125;16.246;50;236;236;237;236;10.064;50.02;517.2;6.279;619.5;2.879;763.1;2.901;60;0;0;9.996;10.139;10.058;2353;2400;2369;50.02;50.02;50.02;4298;1000;0.0;0;0.0000;0;0;16246;16246;16246
60;2014-07-29 12:50:00;909402N262;5843;16.343;50;236;236;237;235;8.280;50.00;519.1;5.173;617.7;2.328;759.6;2.380;60;0;0;8.227;8.347;8.266;1936;1965;1940;50.01;50.01;50.01;4298;1000;0.0;0;0.0000;0;0;16343;16343;16343
60;2014-07-29 12:51:00;909402N262;4458;16.417;50;236;236;236;235;6.340;50.01;521.4;4.015;615.3;1.767;752.9;1.776;60;0;0;6.284;6.393;6.343;1471;1501;1483;50.01;50.01;50.01;4298;1000;0.0;0;0.0000;0;0;16417;16417;16417
60;2014-07-29 12:52:00;909402N262;4889;16.499;50;236;235;236;236;6.945;50.01;524.3;4.349;620.1;1.952;759.7;1.936;60;0;0;6.887;6.988;6.960;1612;1643;1633;50.01;50.01;50.01;4298;1000;0.0;0;0.0000;0;0;16499;16499;16499
60;2014-07-29 12:53:00;909402N262;5077;16.584;50;236;235;236;236;7.209;50.01;525.6;4.491;622.0;2.017;762.7;2.011;60;0;0;7.141;7.251;7.236;1672;1703;1700;50.01;50.01;50.01;4298;1000;0.0;0;0.0000;0;0;16584;16584;16584
60;2014-07-29 12:54:00;909402N262;5666;16.679;50;236;235;236;236;8.043;50.01;526.8;4.979;624.6;2.278;768.8;2.229;60;0;0;7.976;8.082;8.073;1869;1898;1898;50.01;50.01;50.01;4298;1000;0.0;0;0.0000;0;0;16679;16679;16679
60;2014-07-29 12:55:00;909402N262;7185;16.798;50;236;236;237;237;10.143;50.01;525.0;6.247;627.0;2.896;775.6;2.852;60;0;0;10.077;10.167;10.187;2372;2404;2408;50.01;50.01;50.01;4298;1000;0.0;0;0.0000;0;0;16798;16798;16798
60;2014-07-29 12:56:00;909402N262;7764;16.927;50;236;236;236;237;10.957;50.01;522.9;6.735;626.8;3.136;775.8;3.106;60;0;0;10.891;10.998;10.984;2565;2598;2598;50.01;50.01;50.01;4298;1000;0.0;0;0.0000;0;0;16927;16927;16927
60;2014-07-29 12:57:00;909402N262;6636;17.038;50;236;236;236;237;9.370;50.01;523.1;5.751;623.8;2.684;770.6;2.658;60;0;0;9.291;9.415;9.406;2188;2218;2227;50.01;50.01;50.01;4298;1000;0.0;0;0.0000;0;0;17038;17038;17038
60;2014-07-29 12:58:00;909402N262;5146;17.124;50;236;236;236;237;7.290;50.01;524.0;4.499;619.6;2.084;762.7;2.055;60;0;0;7.222;7.323;7.325;1696;1716;1730;50.01;50.01;50.01;4298;1000;0.0;0;0.0000;0;0;17124;17124;17124
60;2014-07-29 12:59:00;909402N262;4486;17.199;50;236;236;236;237;6.369;50.01;526.7;3.912;618.4;1.841;758.6;1.780;60;0;0;6.305;6.397;6.406;1477;1499;1509;50.01;50.01;50.01;4298;1000;0.0;0;0.0000;0;0;17199;17199;17199
60;2014-07-29 13:00:00;909402N262;3966;17.264;50;236;236;236;237;5.645;50.00;528.3;3.477;618.0;1.625;756.7;1.556;60;0;0;5.580;5.677;5.680;1304;1327;1334;50.00;50.00;50.00;4298;1000;0.0;0;0.0000;0;0;17264;17264;17264
[wr_ende]
