20150112;160000;danfoss;My Plant;+0100
[wr_def_start]
909402N262;Inverter Type;Inverter Group;Hanzl
[wr_def_end]
[wr]
INTERVAL;TIMESTAMP;SERIAL;P_AC;E_DAY;T_WR;U_AC;U_AC_1;U_AC_2;U_AC_3;I_AC;F_AC;U_DC_1;I_DC_1;U_DC_2;I_DC_2;U_DC_3;I_DC_3;S;E_WR;M_WR;I_AC_1;I_AC_2;I_AC_3;P_AC_1;P_AC_2;P_AC_3;F_AC_1;F_AC_2;F_AC_3;R_DC;PC;PCS;PCS_LL;COS_PHI;COS_PHI_LL;S_COS_PHI;Current_Day_Energy;current_Day_Offset;ccEnergyOfDay_WithoutOffset
60;2015-01-12 15:01:00;909402N262;954;14.574;37;232;231;233;233;1.755;49.99;566.7;0.704;638.4;0.383;786.5;0.402;60;0;0;1.707;1.791;1.768;303;327;321;49.99;49.99;49.99;20331;1000;0.0;0;1.0000;0;2;14574;14574;14574
60;2015-01-12 15:02:00;909402N262;999;14.592;37;232;231;233;233;1.797;49.99;571.0;0.731;648.1;0.396;790.1;0.415;60;0;0;1.746;1.827;1.819;317;341;339;49.99;49.99;49.99;20331;1000;0.0;0;1.0000;0;2;14592;14592;14592
60;2015-01-12 15:03:00;909402N262;1030;14.609;37;232;231;232;233;1.826;49.99;570.9;0.756;648.7;0.409;793.0;0.424;60;0;0;1.777;1.856;1.845;328;352;348;49.99;49.99;49.99;20331;1000;0.0;0;1.0000;0;2;14609;14609;14609
60;2015-01-12 15:04:00;909402N262;1058;14.627;37;231;230;232;232;1.850;50.00;570.8;0.779;649.9;0.417;794.2;0.432;60;0;0;1.800;1.885;1.867;337;362;357;50.00;50.00;50.00;20331;1000;0.0;0;1.0000;0;2;14627;14627;14627
60;2015-01-12 15:05:00;909402N262;1080;14.644;37;231;230;232;232;1.876;49.99;572.6;0.798;650.3;0.426;794.4;0.438;60;0;0;1.821;1.908;1.899;343;369;366;49.99;49.99;49.99;20331;1000;0.0;0;1.0000;0;2;14644;14644;14644
60;2015-01-12 15:06:00;909402N262;1101;14.662;37;231;230;232;232;1.902;49.99;594.9;0.790;651.1;0.432;794.5;0.441;60;0;0;1.845;1.942;1.921;350;378;371;49.99;49.99;49.99;20331;1000;0.0;0;1.0000;0;2;14662;14662;14662
60;2015-01-12 15:07:00;909402N262;1127;14.681;37;231;230;232;233;1.931;50.00;592.3;0.826;652.2;0.440;794.7;0.444;60;0;0;1.868;1.973;1.953;356;387;382;50.00;50.00;50.00;20331;1000;0.0;0;1.0000;0;2;14681;14681;14681
60;2015-01-12 15:08:00;909402N262;1139;14.700;37;232;229;233;233;1.946;49.99;589.4;0.852;652.2;0.443;794.7;0.441;60;0;0;1.881;1.991;1.968;360;392;385;49.99;49.99;49.99;20331;1000;0.0;0;1.0000;0;2;14700;14700;14700
60;2015-01-12 15:09:00;909402N262;1122;14.719;37;232;230;233;233;1.925;49.98;587.1;0.845;651.5;0.435;794.7;0.433;60;0;0;1.861;1.967;1.949;355;386;380;49.98;49.98;49.98;20331;1000;0.0;0;1.0000;0;2;14719;14719;14719
60;2015-01-12 15:10:00;909402N262;1085;14.737;37;232;229;233;232;1.882;49.99;585.5;0.819;649.6;0.420;794.4;0.420;60;0;0;1.822;1.927;1.897;343;374;365;49.99;49.99;49.99;20331;1000;0.0;0;1.0000;0;2;14737;14737;14737
60;2015-01-12 15:11:00;909402N262;1066;14.755;37;231;229;233;232;1.859;49.98;583.4;0.815;648.5;0.414;794.7;0.408;60;0;0;1.797;1.905;1.875;336;368;360;49.98;49.98;49.98;20331;1000;0.0;0;1.0000;0;2;14755;14755;14755
60;2015-01-12 15:12:00;909402N262;1039;14.772;37;231;229;232;233;1.826;49.98;581.7;0.801;647.6;0.403;794.7;0.394;60;0;0;1.756;1.868;1.856;325;358;354;49.98;49.98;49.98;20331;1000;0.0;0;1.0000;0;2;14772;14772;14772
60;2015-01-12 15:13:00;909402N262;1009;14.789;37;231;229;232;233;1.790;49.97;580.0;0.786;645.9;0.392;795.1;0.379;60;0;0;1.719;1.826;1.825;315;347;345;49.97;49.97;49.97;20331;1000;0.0;0;1.0000;0;2;14789;14789;14789
60;2015-01-12 15:14:00;909402N262;1000;14.806;37;231;228;232;233;1.778;49.96;580.2;0.792;645.8;0.388;795.2;0.367;60;0;0;1.711;1.812;1.812;312;344;342;49.96;49.96;49.96;20331;1000;0.0;0;1.0000;0;2;14806;14806;14806
60;2015-01-12 15:15:00;909402N262;977;14.822;37;231;228;232;233;1.754;49.96;579.2;0.783;645.1;0.379;795.2;0.352;60;0;0;1.686;1.791;1.785;304;337;334;49.96;49.96;49.96;20331;1000;0.0;0;1.0000;0;2;14822;14822;14822
60;2015-01-12 15:16:00;909402N262;870;14.836;37;231;228;232;233;1.653;49.96;569.9;0.689;625.1;0.346;783.5;0.335;60;0;0;1.591;1.682;1.686;272;300;298;49.96;49.96;49.96;20331;1000;0.0;0;1.0000;0;2;14836;14836;14836
60;2015-01-12 15:17:00;909402N262;788;14.850;37;231;229;232;233;1.588;49.96;571.5;0.599;636.6;0.313;777.2;0.320;60;0;0;1.532;1.615;1.618;245;271;270;49.96;49.96;49.96;20331;1000;0.0;0;1.0000;0;2;14850;14850;14850
60;2015-01-12 15:18:00;909402N262;742;14.862;37;231;229;232;233;1.540;49.96;571.9;0.553;632.8;0.298;772.5;0.306;60;0;0;1.488;1.565;1.568;231;255;254;49.96;49.96;49.96;20331;1000;0.0;0;1.0000;0;2;14862;14862;14862
60;2015-01-12 15:19:00;909402N262;692;14.874;37;231;229;232;232;1.493;49.98;572.9;0.506;629.5;0.282;767.1;0.292;60;0;0;1.449;1.520;1.510;216;239;234;49.98;49.98;49.98;20331;1000;0.0;0;1.0000;0;2;14874;14874;14874
60;2015-01-12 15:20:00;909402N262;642;14.884;37;231;229;232;232;1.448;49.98;573.2;0.462;626.2;0.265;762.9;0.277;60;0;0;1.405;1.477;1.463;200;222;218;49.98;49.98;49.98;20331;1000;0.0;0;1.0000;0;2;14884;14884;14884
60;2015-01-12 15:21:00;909402N262;606;14.894;37;231;229;232;232;1.412;49.97;573.1;0.431;623.9;0.252;759.1;0.263;60;0;0;1.373;1.432;1.431;189;208;207;49.97;49.97;49.97;20331;1000;0.0;0;1.0000;0;2;14894;14894;14894
60;2015-01-12 15:22:00;909402N262;571;14.904;37;231;230;232;232;1.382;49.97;572.4;0.404;622.7;0.241;756.5;0.251;60;0;0;1.351;1.399;1.397;179;195;195;49.97;49.97;49.97;20331;1000;0.0;0;1.0000;0;2;14904;14904;14904
60;2015-01-12 15:23:00;909402N262;545;14.913;37;231;230;232;232;1.357;49.97;571.8;0.381;620.5;0.231;753.8;0.241;60;0;0;1.327;1.375;1.370;170;187;186;49.97;49.97;49.97;20331;1000;0.0;0;1.0000;0;2;14913;14913;14913
60;2015-01-12 15:24:00;909402N262;521;14.922;37;231;230;232;231;1.338;49.97;570.8;0.363;620.3;0.223;752.4;0.232;60;0;0;1.314;1.352;1.348;164;179;176;49.97;49.97;49.97;20331;1000;0.0;0;1.0000;0;2;14922;14922;14922
60;2015-01-12 15:25:00;909402N262;502;14.930;37;231;230;232;231;1.322;49.97;569.7;0.348;618.9;0.216;751.9;0.223;60;0;0;1.290;1.343;1.333;156;174;171;49.97;49.97;49.97;20331;1000;0.0;0;1.0000;0;2;14930;14930;14930
60;2015-01-12 15:26:00;909402N262;487;14.939;37;231;230;232;231;1.312;49.97;568.0;0.337;615.2;0.211;755.6;0.216;60;0;0;1.287;1.329;1.321;152;167;165;49.97;49.97;49.97;20331;1000;0.0;0;1.0000;0;2;14939;14939;14939
60;2015-01-12 15:27:00;909402N262;473;14.946;37;231;229;232;232;1.302;49.98;567.9;0.328;616.7;0.206;751.4;0.212;60;0;0;1.275;1.319;1.312;148;163;161;49.98;49.98;49.98;20331;1000;0.0;0;1.0000;0;2;14946;14946;14946
60;2015-01-12 15:28:00;909402N262;461;14.954;37;231;229;232;232;1.286;49.96;566.8;0.321;614.2;0.200;744.2;0.208;60;0;0;1.258;1.301;1.300;144;158;157;49.96;49.96;49.96;20331;1000;0.0;0;1.0000;0;2;14954;14954;14954
60;2015-01-12 15:29:00;909402N262;447;14.962;37;231;230;232;232;1.276;49.96;563.8;0.314;612.0;0.194;746.4;0.201;60;0;0;1.251;1.288;1.290;139;153;153;49.96;49.96;49.96;20331;1000;0.0;0;1.0000;0;2;14962;14962;14962
60;2015-01-12 15:30:00;909402N262;436;14.969;37;231;230;232;232;1.130;49.96;563.9;0.307;612.5;0.188;740.0;0.198;60;0;0;1.108;1.164;1.120;137;151;144;49.96;49.96;49.96;20331;1000;0.0;0;1.0000;0;2;14969;14969;14969
60;2015-01-12 15:31:00;909402N262;419;14.976;37;231;230;232;232;0.826;49.96;558.6;0.300;596.3;0.184;740.5;0.193;60;0;0;0.830;0.882;0.768;139;149;129;49.96;49.96;49.96;20331;1000;0.0;0;1.0000;0;2;14976;14976;14976
60;2015-01-12 15:32:00;909402N262;412;14.982;37;231;230;232;232;0.736;49.96;565.7;0.292;610.1;0.178;738.0;0.190;60;0;0;0.719;0.860;0.630;133;159;117;49.96;49.96;49.96;20331;1000;0.0;0;1.0000;0;2;14982;14982;14982
60;2015-01-12 15:33:00;909402N262;402;14.989;36;231;230;232;232;0.721;49.96;565.3;0.287;606.1;0.174;738.4;0.185;60;0;0;0.692;0.802;0.669;128;148;125;49.96;49.96;49.96;20331;1000;0.0;0;1.0000;0;2;14989;14989;14989
60;2015-01-12 15:34:00;909402N262;397;14.995;36;231;229;232;232;0.708;49.96;565.5;0.283;604.9;0.170;742.7;0.180;60;0;0;0.644;0.808;0.672;119;151;124;49.96;49.96;49.96;20331;1000;0.0;0;1.0000;0;2;14995;14995;14995
60;2015-01-12 15:35:00;909402N262;390;15.003;36;231;229;233;232;0.705;49.96;564.7;0.280;610.8;0.166;735.5;0.179;60;0;0;0.637;0.812;0.666;117;149;122;49.96;49.96;49.96;20331;1000;0.0;0;1.0000;0;2;15003;15003;15003
60;2015-01-12 15:36:00;909402N262;382;15.009;36;231;229;232;232;0.692;49.97;563.6;0.276;610.4;0.162;736.4;0.175;60;0;0;0.614;0.808;0.656;111;147;121;49.97;49.97;49.97;20331;1000;0.0;0;1.0000;0;2;15009;15009;15009
60;2015-01-12 15:37:00;909402N262;367;15.016;36;231;230;232;232;0.674;49.97;564.1;0.267;604.4;0.157;732.3;0.168;60;0;0;0.627;0.763;0.634;113;137;115;49.97;49.97;49.97;20331;1000;0.0;0;1.0000;0;2;15016;15016;15016
60;2015-01-12 15:38:00;909402N262;349;15.021;36;231;230;232;232;0.645;49.97;560.5;0.256;599.4;0.150;730.8;0.160;60;0;0;0.600;0.737;0.598;108;130;109;49.97;49.97;49.97;20331;1000;0.0;0;1.0000;0;2;15021;15021;15021
60;2015-01-12 15:39:00;909402N262;329;15.026;36;231;230;232;232;0.615;49.97;545.3;0.249;596.0;0.140;728.3;0.151;60;0;0;0.585;0.715;0.547;103;126;97;49.97;49.97;49.97;20331;1000;0.0;0;1.0000;0;2;15026;15026;15026
60;2015-01-12 15:40:00;909402N262;311;15.031;36;231;230;232;232;0.589;49.97;544.6;0.238;590.8;0.133;727.5;0.142;60;0;0;0.583;0.690;0.494;101;121;87;49.97;49.97;49.97;20331;1000;0.0;0;1.0000;0;2;15031;15031;15031
60;2015-01-12 15:41:00;909402N262;301;15.037;36;231;230;232;232;0.580;49.98;544.9;0.230;595.0;0.127;718.7;0.139;60;0;0;0.577;0.682;0.482;100;117;82;49.98;49.98;49.98;20331;1000;0.0;0;1.0000;0;2;15037;15037;15037
60;2015-01-12 15:42:00;909402N262;296;15.042;36;231;230;232;232;0.573;49.97;543.7;0.229;589.3;0.127;718.8;0.137;60;0;0;0.575;0.651;0.494;98;111;87;49.97;49.97;49.97;20331;1000;0.0;0;1.0000;0;2;15042;15042;15042
60;2015-01-12 15:43:00;909402N262;298;15.047;36;232;230;232;232;0.576;49.97;544.3;0.230;590.5;0.127;718.9;0.138;60;0;0;0.580;0.672;0.478;99;115;83;49.97;49.97;49.97;20331;1000;0.0;0;1.0000;0;2;15047;15047;15047
60;2015-01-12 15:44:00;909402N262;303;15.052;36;232;231;232;232;0.578;49.97;545.2;0.233;595.2;0.127;720.7;0.140;60;0;0;0.580;0.681;0.475;100;118;83;49.97;49.97;49.97;20331;1000;0.0;0;1.0000;0;2;15052;15052;15052
60;2015-01-12 15:45:00;909402N262;307;15.058;36;231;230;232;232;0.582;49.97;544.0;0.237;598.4;0.128;727.7;0.140;60;0;0;0.557;0.685;0.506;97;119;89;49.97;49.97;49.97;20331;1000;0.0;0;1.0000;0;2;15058;15058;15058
60;2015-01-12 15:46:00;909402N262;302;15.062;36;232;230;232;232;0.578;49.97;538.8;0.236;576.7;0.128;722.5;0.140;60;0;0;0.563;0.675;0.497;97;116;86;49.97;49.97;49.97;20331;1000;0.0;0;1.0000;0;2;15062;15062;15062
60;2015-01-12 15:47:00;909402N262;297;15.068;36;232;231;232;232;0.568;49.97;545.0;0.230;590.1;0.125;722.1;0.137;60;0;0;0.549;0.682;0.474;95;117;83;49.97;49.97;49.97;20331;1000;0.0;0;1.0000;0;2;15068;15068;15068
60;2015-01-12 15:48:00;909402N262;287;15.071;36;232;231;232;232;0.543;49.97;544.3;0.222;590.3;0.120;722.5;0.132;60;0;0;0.498;0.679;0.452;87;117;80;49.97;49.97;49.97;20331;1000;0.0;0;1.0000;0;2;15071;15071;15071
60;2015-01-12 15:49:00;909402N262;273;15.075;36;231;231;232;232;0.522;49.98;542.9;0.214;583.1;0.115;719.1;0.126;60;0;0;0.416;0.674;0.476;73;116;84;49.98;49.98;49.98;20331;1000;0.0;0;1.0000;0;2;15075;15075;15075
60;2015-01-12 15:50:00;909402N262;262;15.081;35;231;230;232;232;0.502;49.98;540.7;0.206;586.5;0.109;714.5;0.121;60;0;0;0.429;0.627;0.450;73;108;78;49.98;49.98;49.98;20331;1000;0.0;0;1.0000;0;2;15081;15081;15081
60;2015-01-12 15:51:00;909402N262;255;15.085;35;231;230;232;231;0.496;49.97;539.1;0.202;579.4;0.105;711.5;0.118;60;0;0;0.438;0.586;0.464;75;98;79;49.97;49.97;49.97;20331;1000;0.0;0;1.0000;0;2;15085;15085;15085
60;2015-01-12 15:52:00;909402N262;251;15.089;35;231;230;232;231;0.492;49.97;538.0;0.200;577.8;0.105;712.0;0.117;60;0;0;0.431;0.594;0.451;74;99;76;49.97;49.97;49.97;20331;1000;0.0;0;1.0000;0;2;15089;15089;15089
60;2015-01-12 15:53:00;909402N262;247;15.093;35;231;230;232;231;0.472;49.97;537.7;0.195;578.9;0.102;717.9;0.114;60;0;0;0.436;0.556;0.424;76;95;74;49.97;49.97;49.97;20331;1000;0.0;0;1.0000;0;2;15093;15093;15093
60;2015-01-12 15:54:00;909402N262;235;15.098;35;231;230;233;232;0.459;49.98;536.3;0.186;576.3;0.097;708.4;0.111;60;0;0;0.404;0.569;0.404;69;94;69;49.98;49.98;49.98;20331;1000;0.0;0;1.0000;0;2;15098;15098;15098
60;2015-01-12 15:55:00;909402N262;220;15.101;35;231;230;232;232;0.423;49.97;536.4;0.175;574.1;0.090;710.2;0.103;60;0;0;0.381;0.536;0.352;66;91;62;49.97;49.97;49.97;20331;1000;0.0;0;1.0000;0;2;15101;15101;15101
60;2015-01-12 15:56:00;909402N262;204;15.105;35;231;231;232;231;0.398;49.99;534.0;0.164;566.4;0.085;702.0;0.097;60;0;0;0.359;0.495;0.342;61;82;59;49.99;49.99;49.99;20331;1000;0.0;0;1.0000;0;2;15105;15105;15105
60;2015-01-12 15:57:00;909402N262;188;15.108;35;231;230;232;231;0.365;49.99;530.8;0.150;563.3;0.078;696.2;0.090;60;0;0;0.343;0.441;0.311;59;73;54;49.99;49.99;49.99;20331;1000;0.0;0;1.0000;0;2;15108;15108;15108
60;2015-01-12 15:58:00;909402N262;172;15.110;35;231;230;231;232;0.333;49.99;528.2;0.137;560.2;0.072;690.2;0.082;60;0;0;0.308;0.396;0.297;52;66;52;49.99;49.99;49.99;20331;1000;0.0;0;1.0000;0;2;15110;15110;15110
60;2015-01-12 15:59:00;909402N262;156;15.113;35;231;231;231;232;0.328;49.99;526.0;0.126;550.0;0.067;679.7;0.077;60;0;0;0.309;0.380;0.297;49;59;47;49.99;49.99;49.99;20331;1000;0.0;0;1.0000;0;2;15113;15113;15113
60;2015-01-12 16:00:00;909402N262;145;15.115;35;232;231;232;232;0.302;49.99;524.5;0.116;553.4;0.060;678.3;0.072;60;0;0;0.310;0.331;0.266;49;53;40;49.99;49.99;49.99;20331;1000;0.0;0;1.0000;0;2;15115;15115;15115
[wr_ende]
