20150323;080004;danfoss;My Plant;+0100
[wr_def_start]
909402N262;Inverter Type;Inverter Group;Hanzl
[wr_def_end]
[wr]
INTERVAL;TIMESTAMP;SERIAL;P_AC;E_DAY;T_WR;U_AC;U_AC_1;U_AC_2;U_AC_3;I_AC;F_AC;U_DC_1;I_DC_1;U_DC_2;I_DC_2;U_DC_3;I_DC_3;S;E_WR;M_WR;I_AC_1;I_AC_2;I_AC_3;P_AC_1;P_AC_2;P_AC_3;F_AC_1;F_AC_2;F_AC_3;R_DC;PC;PCS;PCS_LL;COS_PHI;COS_PHI_LL;S_COS_PHI;Current_Day_Energy;current_Day_Offset;ccEnergyOfDay_WithoutOffset
60;2015-03-23 07:01:00;909402N262;478;0.256;25;232;230;232;234;1.296;50.05;576.4;0.342;628.8;0.210;770.4;0.198;60;0;0;1.261;1.317;1.310;146;166;164;50.05;50.05;50.05;13586;1000;0.0;0;1.0000;0;2;256;256;256
60;2015-03-23 07:02:00;909402N262;494;0.263;26;232;230;231;234;1.321;50.04;579.8;0.349;651.7;0.210;770.5;0.202;60;0;0;1.290;1.335;1.339;153;170;169;50.04;50.04;50.04;13586;1000;0.0;0;1.0000;0;2;263;263;263
60;2015-03-23 07:03:00;909402N262;501;0.272;26;231;229;231;233;1.331;50.04;585.4;0.350;648.5;0.214;774.2;0.203;60;0;0;1.303;1.344;1.348;156;172;171;50.04;50.04;50.04;13586;1000;0.0;0;1.0000;0;2;272;272;272
60;2015-03-23 07:04:00;909402N262;508;0.280;26;231;229;232;233;1.339;50.03;583.0;0.357;652.3;0.217;779.3;0.205;60;0;0;1.312;1.352;1.355;158;174;174;50.03;50.03;50.03;13586;1000;0.0;0;1.0000;0;2;280;280;280
60;2015-03-23 07:05:00;909402N262;520;0.289;26;231;230;231;233;1.339;50.03;586.7;0.362;653.5;0.222;783.4;0.208;60;0;0;1.317;1.352;1.350;163;177;177;50.03;50.03;50.03;13586;1000;0.0;0;1.0000;0;2;289;289;289
60;2015-03-23 07:06:00;909402N262;532;0.298;26;232;232;231;233;1.343;50.03;587.6;0.369;655.5;0.227;786.8;0.212;60;0;0;1.319;1.354;1.357;167;182;182;50.03;50.03;50.03;13586;1000;0.0;0;1.0000;0;2;298;298;298
60;2015-03-23 07:07:00;909402N262;543;0.307;26;232;231;231;233;1.348;50.00;583.5;0.379;656.2;0.232;784.5;0.216;60;0;0;1.318;1.361;1.366;169;187;186;50.00;50.00;50.00;13586;1000;0.0;0;1.0000;0;2;307;307;307
60;2015-03-23 07:08:00;909402N262;555;0.316;26;231;231;230;234;1.377;49.99;583.5;0.387;657.4;0.237;779.9;0.223;60;0;0;1.347;1.388;1.396;174;189;191;49.99;49.99;49.99;13586;1000;0.0;0;1.0000;0;2;316;316;316
60;2015-03-23 07:09:00;909402N262;566;0.326;26;231;231;230;234;1.374;49.99;588.6;0.391;658.7;0.242;785.6;0.226;60;0;0;1.342;1.382;1.399;176;193;195;49.99;49.99;49.99;13586;1000;0.0;0;1.0000;0;2;326;326;326
60;2015-03-23 07:10:00;909402N262;577;0.336;26;231;231;230;233;1.390;49.99;585.3;0.401;659.6;0.246;783.6;0.231;60;0;0;1.360;1.402;1.409;181;196;198;49.99;49.99;49.99;13586;1000;0.0;0;1.0000;0;2;336;336;336
60;2015-03-23 07:11:00;909402N262;587;0.345;27;231;230;230;233;1.390;49.98;587.5;0.406;661.3;0.250;787.3;0.234;60;0;0;1.353;1.407;1.411;183;200;202;49.98;49.98;49.98;13586;1000;0.0;0;1.0000;0;2;345;345;345
60;2015-03-23 07:12:00;909402N262;596;0.356;27;231;231;230;233;1.385;49.99;592.0;0.409;659.3;0.254;789.1;0.237;60;0;0;1.348;1.399;1.410;185;204;205;49.99;49.99;49.99;13586;1000;0.0;0;1.0000;0;2;356;356;356
60;2015-03-23 07:13:00;909402N262;605;0.365;27;232;231;231;233;1.416;49.97;577.7;0.426;661.9;0.256;782.5;0.242;60;0;0;1.388;1.427;1.434;190;205;207;49.97;49.97;49.97;13586;1000;0.0;0;1.0000;0;2;365;365;365
60;2015-03-23 07:14:00;909402N262;614;0.376;27;232;231;232;233;1.404;49.98;580.2;0.430;661.9;0.260;790.3;0.243;60;0;0;1.370;1.417;1.426;191;209;210;49.98;49.98;49.98;13586;1000;0.0;0;1.0000;0;2;376;376;376
60;2015-03-23 07:15:00;909402N262;620;0.386;27;232;231;232;233;1.394;49.96;560.4;0.450;661.5;0.263;792.9;0.246;60;0;0;1.363;1.410;1.411;194;212;212;49.96;49.96;49.96;13586;1000;0.0;0;1.0000;0;2;386;386;386
60;2015-03-23 07:16:00;909402N262;616;0.397;27;232;231;232;233;1.409;49.96;556.7;0.453;640.0;0.269;780.6;0.251;60;0;0;1.373;1.425;1.429;192;211;211;49.96;49.96;49.96;13586;1000;0.0;0;1.0000;0;2;397;397;397
60;2015-03-23 07:17:00;909402N262;636;0.407;27;232;231;232;233;1.424;49.96;594.3;0.433;664.5;0.269;789.9;0.253;60;0;0;1.381;1.448;1.444;197;219;217;49.96;49.96;49.96;13586;1000;0.0;0;1.0000;0;2;407;407;407
60;2015-03-23 07:18:00;909402N262;643;0.417;27;232;231;232;233;1.423;49.96;594.5;0.438;662.7;0.273;790.7;0.256;60;0;0;1.385;1.438;1.448;200;221;221;49.96;49.96;49.96;13586;1000;0.0;0;1.0000;0;2;417;417;417
60;2015-03-23 07:19:00;909402N262;652;0.429;27;232;231;232;233;1.450;49.97;594.4;0.444;664.3;0.276;784.1;0.261;60;0;0;1.409;1.468;1.475;203;224;224;49.97;49.97;49.97;13586;1000;0.0;0;1.0000;0;2;429;429;429
60;2015-03-23 07:20:00;909402N262;658;0.440;27;232;231;231;233;1.446;49.97;595.1;0.449;665.4;0.279;789.2;0.262;60;0;0;1.403;1.468;1.468;204;227;225;49.97;49.97;49.97;13586;1000;0.0;0;1.0000;0;2;440;440;440
60;2015-03-23 07:21:00;909402N262;669;0.451;27;232;231;232;233;1.445;49.99;595.9;0.454;665.4;0.283;791.9;0.265;60;0;0;1.409;1.466;1.461;209;230;228;49.99;49.99;49.99;13586;1000;0.0;0;1.0000;0;2;451;451;451
60;2015-03-23 07:22:00;909402N262;678;0.462;27;232;231;232;233;1.467;49.99;595.9;0.460;667.2;0.288;788.4;0.271;60;0;0;1.432;1.484;1.487;213;232;231;49.99;49.99;49.99;13586;1000;0.0;0;1.0000;0;2;462;462;462
60;2015-03-23 07:23:00;909402N262;689;0.473;28;231;231;231;233;1.459;49.98;566.8;0.491;665.7;0.292;793.1;0.274;60;0;0;1.420;1.475;1.483;215;235;237;49.98;49.98;49.98;13586;1000;0.0;0;1.0000;0;2;473;473;473
60;2015-03-23 07:24:00;909402N262;700;0.486;28;232;231;231;233;1.489;49.99;562.1;0.502;668.0;0.297;789.0;0.280;60;0;0;1.454;1.509;1.504;221;240;237;49.99;49.99;49.99;13586;1000;0.0;0;1.0000;0;2;486;486;486
60;2015-03-23 07:25:00;909402N262;712;0.497;28;231;231;231;232;1.485;50.01;563.0;0.509;667.8;0.303;793.1;0.284;60;0;0;1.451;1.507;1.499;224;244;242;50.01;50.01;50.01;13586;1000;0.0;0;1.0000;0;2;497;497;497
60;2015-03-23 07:26:00;909402N262;726;0.509;28;232;231;232;232;1.501;50.01;564.6;0.516;669.6;0.308;792.1;0.289;60;0;0;1.461;1.523;1.519;228;248;248;50.01;50.01;50.01;13586;1000;0.0;0;1.0000;0;2;509;509;509
60;2015-03-23 07:27:00;909402N262;739;0.522;28;231;230;231;233;1.503;50.01;566.2;0.523;669.2;0.314;794.1;0.294;60;0;0;1.457;1.529;1.524;230;253;254;50.01;50.01;50.01;13586;1000;0.0;0;1.0000;0;2;522;522;522
60;2015-03-23 07:28:00;909402N262;752;0.534;28;233;232;233;235;1.520;50.00;571.7;0.527;672.8;0.318;793.7;0.300;60;0;0;1.477;1.543;1.540;236;257;257;50.00;50.00;50.00;13586;1000;0.0;0;1.0000;0;2;534;534;534
60;2015-03-23 07:29:00;909402N262;764;0.547;28;234;234;234;236;1.529;50.01;598.4;0.508;674.4;0.322;793.9;0.305;60;0;0;1.486;1.549;1.552;239;261;262;50.01;50.01;50.01;13586;1000;0.0;0;1.0000;0;2;547;547;547
60;2015-03-23 07:30:00;909402N262;775;0.560;28;235;234;234;236;1.542;50.00;584.9;0.528;673.7;0.327;793.6;0.310;60;0;0;1.498;1.567;1.563;243;266;263;50.00;50.00;50.00;13586;1000;0.0;0;1.0000;0;2;560;560;560
60;2015-03-23 07:31:00;909402N262;778;0.573;28;235;234;235;236;1.536;50.01;574.1;0.543;663.9;0.334;785.0;0.315;60;0;0;1.495;1.555;1.560;245;265;266;50.01;50.01;50.01;13586;1000;0.0;0;1.0000;0;2;573;573;573
60;2015-03-23 07:32:00;909402N262;794;0.586;28;235;234;234;236;1.559;50.02;574.3;0.551;673.6;0.335;793.9;0.319;60;0;0;1.514;1.582;1.583;249;270;272;50.02;50.02;50.02;13586;1000;0.0;0;1.0000;0;2;586;586;586
60;2015-03-23 07:33:00;909402N262;803;0.600;28;234;234;234;235;1.559;50.01;570.3;0.560;673.1;0.339;794.7;0.321;60;0;0;1.521;1.579;1.578;254;273;274;50.01;50.01;50.01;13586;1000;0.0;0;1.0000;0;2;600;600;600
60;2015-03-23 07:34:00;909402N262;810;0.613;29;235;234;235;235;1.563;50.01;572.7;0.562;673.2;0.342;794.9;0.324;60;0;0;1.520;1.589;1.580;255;278;275;50.01;50.01;50.01;13586;1000;0.0;0;1.0000;0;2;613;613;613
60;2015-03-23 07:35:00;909402N262;817;0.627;29;234;234;235;235;1.578;50.01;572.7;0.568;674.2;0.345;794.3;0.327;60;0;0;1.541;1.599;1.595;259;279;278;50.01;50.01;50.01;13586;1000;0.0;0;1.0000;0;2;627;627;627
60;2015-03-23 07:36:00;909402N262;826;0.641;29;234;234;234;235;1.582;49.99;574.0;0.573;674.0;0.348;794.6;0.331;60;0;0;1.541;1.605;1.600;262;283;280;49.99;49.99;49.99;13586;1000;0.0;0;1.0000;0;2;641;641;641
60;2015-03-23 07:37:00;909402N262;837;0.654;29;234;234;234;235;1.593;49.97;573.7;0.579;674.5;0.353;794.6;0.334;60;0;0;1.547;1.621;1.613;264;287;284;49.97;49.97;49.97;13586;1000;0.0;0;1.0000;0;2;654;654;654
60;2015-03-23 07:38:00;909402N262;848;0.668;29;234;233;234;235;1.603;49.97;574.3;0.585;676.1;0.358;794.8;0.339;60;0;0;1.554;1.632;1.625;267;291;289;49.97;49.97;49.97;13586;1000;0.0;0;1.0000;0;2;668;668;668
60;2015-03-23 07:39:00;909402N262;858;0.683;29;234;233;234;235;1.614;49.98;575.8;0.590;677.1;0.362;795.0;0.343;60;0;0;1.565;1.637;1.641;270;293;293;49.98;49.98;49.98;13586;1000;0.0;0;1.0000;0;2;683;683;683
60;2015-03-23 07:40:00;909402N262;867;0.697;29;234;233;234;235;1.627;49.98;576.3;0.594;679.0;0.366;794.9;0.348;60;0;0;1.579;1.650;1.652;274;296;295;49.98;49.98;49.98;13586;1000;0.0;0;1.0000;0;2;697;697;697
60;2015-03-23 07:41:00;909402N262;877;0.712;29;234;233;234;235;1.645;49.99;577.1;0.598;679.1;0.370;793.7;0.354;60;0;0;1.604;1.660;1.673;278;297;299;49.99;49.99;49.99;13586;1000;0.0;0;1.0000;0;2;712;712;712
60;2015-03-23 07:42:00;909402N262;888;0.727;29;234;233;234;235;1.651;49.97;576.7;0.604;680.5;0.374;794.8;0.360;60;0;0;1.604;1.671;1.678;280;302;303;49.97;49.97;49.97;13586;1000;0.0;0;1.0000;0;2;727;727;727
60;2015-03-23 07:43:00;909402N262;900;0.742;29;234;232;234;235;1.660;49.97;577.6;0.610;682.5;0.377;795.2;0.367;60;0;0;1.611;1.681;1.689;284;306;307;49.97;49.97;49.97;13586;1000;0.0;0;1.0000;0;2;742;742;742
60;2015-03-23 07:44:00;909402N262;912;0.757;29;234;232;234;235;1.672;49.97;578.1;0.615;684.2;0.380;795.3;0.373;60;0;0;1.617;1.705;1.695;286;314;309;49.97;49.97;49.97;13586;1000;0.0;0;1.0000;0;2;757;757;757
60;2015-03-23 07:45:00;909402N262;920;0.772;29;234;232;234;235;1.684;49.97;579.1;0.619;685.6;0.383;795.0;0.375;60;0;0;1.631;1.715;1.707;290;316;312;49.97;49.97;49.97;13586;1000;0.0;0;1.0000;0;2;772;772;772
60;2015-03-23 07:46:00;909402N262;921;0.787;29;234;233;234;235;1.682;49.98;572.7;0.627;679.8;0.387;785.9;0.380;60;0;0;1.628;1.711;1.709;290;316;313;49.98;49.98;49.98;13586;1000;0.0;0;1.0000;0;2;787;787;787
60;2015-03-23 07:47:00;909402N262;939;0.803;30;234;233;234;234;1.710;49.98;579.2;0.630;688.4;0.390;795.1;0.383;60;0;0;1.665;1.730;1.736;298;319;319;49.98;49.98;49.98;13586;1000;0.0;0;1.0000;0;2;803;803;803
60;2015-03-23 07:48:00;909402N262;950;0.819;30;233;233;232;234;1.723;49.98;581.4;0.636;690.3;0.395;795.0;0.387;60;0;0;1.679;1.738;1.752;303;321;324;49.98;49.98;49.98;13586;1000;0.0;0;1.0000;0;2;819;819;819
60;2015-03-23 07:49:00;909402N262;965;0.835;30;233;233;232;235;1.741;49.97;583.9;0.640;692.4;0.401;795.2;0.395;60;0;0;1.695;1.755;1.775;307;325;331;49.97;49.97;49.97;13586;1000;0.0;0;1.0000;0;2;835;835;835
60;2015-03-23 07:50:00;909402N262;978;0.851;30;233;233;232;235;1.757;49.97;582.5;0.649;694.2;0.406;795.0;0.402;60;0;0;1.711;1.770;1.790;312;329;335;49.97;49.97;49.97;13586;1000;0.0;0;1.0000;0;2;851;851;851
60;2015-03-23 07:51:00;909402N262;989;0.868;30;233;233;232;235;1.769;49.97;570.5;0.669;694.9;0.410;794.9;0.407;60;0;0;1.720;1.790;1.799;314;335;337;49.97;49.97;49.97;13586;1000;0.0;0;1.0000;0;2;868;868;868
60;2015-03-23 07:52:00;909402N262;1000;0.885;30;233;233;232;234;1.782;49.97;567.6;0.678;695.9;0.413;794.9;0.414;60;0;0;1.740;1.796;1.811;320;336;341;49.97;49.97;49.97;13586;1000;0.0;0;1.0000;0;2;885;885;885
60;2015-03-23 07:53:00;909402N262;1011;0.901;30;233;233;232;234;1.797;49.98;562.7;0.689;696.6;0.416;794.9;0.421;60;0;0;1.755;1.813;1.825;324;341;345;49.98;49.98;49.98;13586;1000;0.0;0;1.0000;0;2;901;901;901
60;2015-03-23 07:54:00;909402N262;1021;0.918;30;233;233;232;235;1.807;49.98;563.1;0.696;697.1;0.420;795.0;0.425;60;0;0;1.757;1.823;1.841;325;344;349;49.98;49.98;49.98;13586;1000;0.0;0;1.0000;0;2;918;918;918
60;2015-03-23 07:55:00;909402N262;1033;0.935;30;233;233;232;234;1.823;49.98;565.5;0.701;698.0;0.424;795.0;0.431;60;0;0;1.774;1.839;1.856;329;349;353;49.98;49.98;49.98;13586;1000;0.0;0;1.0000;0;2;935;935;935
60;2015-03-23 07:56:00;909402N262;1046;0.953;30;233;232;232;234;1.838;49.98;564.4;0.711;699.1;0.430;795.1;0.437;60;0;0;1.787;1.859;1.869;333;354;357;49.98;49.98;49.98;13586;1000;0.0;0;1.0000;0;2;953;953;953
60;2015-03-23 07:57:00;909402N262;1060;0.971;30;233;232;232;234;1.855;50.00;565.2;0.718;700.7;0.435;795.2;0.444;60;0;0;1.800;1.883;1.884;337;360;361;50.00;50.00;50.00;13586;1000;0.0;0;1.0000;0;2;971;971;971
60;2015-03-23 07:58:00;909402N262;1073;0.988;30;233;232;232;234;1.867;50.01;565.5;0.726;702.4;0.439;795.2;0.449;60;0;0;1.820;1.886;1.895;343;363;365;50.01;50.01;50.01;13586;1000;0.0;0;1.0000;0;2;988;988;988
60;2015-03-23 07:59:00;909402N262;1084;1.006;30;233;232;232;234;1.880;50.03;566.8;0.731;704.3;0.444;795.5;0.453;60;0;0;1.830;1.906;1.905;346;368;368;50.03;50.03;50.03;13586;1000;0.0;0;1.0000;0;2;1006;1006;1006
60;2015-03-23 08:00:00;909402N262;1095;1.026;30;233;232;233;234;1.895;50.03;566.3;0.738;705.3;0.449;795.2;0.458;60;0;0;1.843;1.923;1.919;349;372;372;50.03;50.03;50.03;13586;1000;0.0;0;1.0000;0;2;1026;1026;1026
[wr_ende]
