20140722;070000;danfoss;My Plant;+0100
[wr_def_start]
909402N262;Inverter Type;Inverter Group;Hanzl
[wr_def_end]
[wr]
INTERVAL;TIMESTAMP;SERIAL;P_AC;E_DAY;T_WR;U_AC;U_AC_1;U_AC_2;U_AC_3;I_AC;F_AC;U_DC_1;I_DC_1;U_DC_2;I_DC_2;U_DC_3;I_DC_3;S;E_WR;M_WR;I_AC_1;I_AC_2;I_AC_3;P_AC_1;P_AC_2;P_AC_3;F_AC_1;F_AC_2;F_AC_3;R_DC;PC;PCS;PCS_LL;COS_PHI;COS_PHI_LL;S_COS_PHI;Current_Day_Energy;current_Day_Offset;ccEnergyOfDay_WithoutOffset
60;2014-07-22 06:01:00;909402N262;185;0.046;31;233;233;233;234;0.428;50.03;510.5;0.158;561.5;0.093;667.0;0.078;60;0;0;0.403;0.506;0.375;55;76;51;50.03;50.03;50.03;6462;1000;0.0;0;0.0000;0;0;46;46;46
60;2014-07-22 06:02:00;909402N262;192;0.049;31;233;233;233;234;0.522;50.03;515.8;0.162;567.6;0.096;663.0;0.081;60;0;0;0.486;0.596;0.485;56;82;51;50.03;50.03;50.03;6462;1000;0.0;0;0.0000;0;0;49;49;49
60;2014-07-22 06:03:00;909402N262;198;0.053;32;233;233;233;234;0.441;50.02;516.0;0.166;564.5;0.101;675.6;0.082;60;0;0;0.411;0.513;0.400;59;78;59;50.02;50.02;50.02;6462;1000;0.0;0;0.0000;0;0;53;53;53
60;2014-07-22 06:04:00;909402N262;201;0.056;32;233;233;233;234;0.429;50.01;518.2;0.167;567.7;0.101;680.8;0.082;60;0;0;0.409;0.496;0.383;63;77;60;50.01;50.01;50.01;6462;1000;0.0;0;0.0000;0;0;56;56;56
60;2014-07-22 06:05:00;909402N262;207;0.059;32;233;233;233;234;0.447;50.00;520.0;0.171;576.0;0.104;680.8;0.085;60;0;0;0.403;0.526;0.412;61;81;63;50.00;50.00;50.00;6462;1000;0.0;0;0.0000;0;0;59;59;59
60;2014-07-22 06:06:00;909402N262;206;0.063;32;233;233;233;234;0.442;49.98;519.7;0.171;572.5;0.103;680.2;0.085;60;0;0;0.410;0.511;0.407;63;79;62;49.98;49.98;49.98;6462;1000;0.0;0;0.0000;0;0;63;63;63
60;2014-07-22 06:07:00;909402N262;196;0.066;32;233;233;233;234;0.427;49.98;514.9;0.166;568.3;0.097;676.9;0.082;60;0;0;0.381;0.507;0.393;57;78;59;49.98;49.98;49.98;6462;1000;0.0;0;0.0000;0;0;66;66;66
60;2014-07-22 06:08:00;909402N262;189;0.069;32;233;233;233;234;0.523;49.99;514.0;0.162;572.9;0.093;662.8;0.082;60;0;0;0.475;0.594;0.501;55;81;52;49.99;49.99;49.99;6462;1000;0.0;0;0.0000;0;0;69;69;69
60;2014-07-22 06:09:00;909402N262;194;0.073;32;233;233;233;234;0.450;49.99;512.3;0.164;564.0;0.098;673.0;0.082;60;0;0;0.412;0.538;0.401;58;80;53;49.99;49.99;49.99;6462;1000;0.0;0;0.0000;0;0;73;73;73
60;2014-07-22 06:10:00;909402N262;202;0.076;32;233;233;233;234;0.434;49.99;515.6;0.167;565.1;0.101;678.2;0.084;60;0;0;0.400;0.511;0.392;62;79;59;49.99;49.99;49.99;6462;1000;0.0;0;0.0000;0;0;76;76;76
60;2014-07-22 06:11:00;909402N262;201;0.079;33;233;233;232;234;0.456;49.99;516.7;0.169;566.6;0.101;676.2;0.084;60;0;0;0.432;0.521;0.416;63;80;57;49.99;49.99;49.99;6462;1000;0.0;0;0.0000;0;0;79;79;79
60;2014-07-22 06:12:00;909402N262;201;0.083;33;235;235;234;235;0.448;49.99;516.3;0.170;565.0;0.101;680.6;0.084;60;0;0;0.419;0.524;0.403;61;81;57;49.99;49.99;49.99;6462;1000;0.0;0;0.0000;0;0;83;83;83
60;2014-07-22 06:13:00;909402N262;204;0.086;33;235;235;235;236;0.481;49.99;517.5;0.172;568.0;0.101;677.7;0.085;60;0;0;0.441;0.554;0.448;60;84;58;49.99;49.99;49.99;6462;1000;0.0;0;0.0000;0;0;86;86;86
60;2014-07-22 06:14:00;909402N262;214;0.090;33;236;236;235;236;0.467;49.99;518.1;0.179;571.5;0.108;686.9;0.085;60;0;0;0.431;0.538;0.433;64;83;65;49.99;49.99;49.99;6462;1000;0.0;0;0.0000;0;0;90;90;90
60;2014-07-22 06:15:00;909402N262;215;0.093;33;236;236;236;236;0.474;50.00;519.8;0.181;570.0;0.109;685.4;0.085;60;0;0;0.438;0.552;0.432;66;84;64;50.00;50.00;50.00;6462;1000;0.0;0;0.0000;0;0;93;93;93
60;2014-07-22 06:16:00;909402N262;216;0.096;33;236;236;236;236;0.461;50.00;515.2;0.186;562.8;0.110;680.3;0.086;60;0;0;0.417;0.543;0.425;64;84;65;50.00;50.00;50.00;6462;1000;0.0;0;0.0000;0;0;96;96;96
60;2014-07-22 06:17:00;909402N262;223;0.100;33;236;236;236;236;0.489;50.00;526.3;0.187;572.6;0.112;692.7;0.086;60;0;0;0.462;0.568;0.437;69;86;65;50.00;50.00;50.00;6462;1000;0.0;0;0.0000;0;0;100;100;100
60;2014-07-22 06:18:00;909402N262;225;0.105;33;236;236;236;236;0.593;50.01;527.9;0.191;575.9;0.113;674.7;0.091;60;0;0;0.558;0.644;0.577;66;86;72;50.01;50.01;50.01;6462;1000;0.0;0;0.0000;0;0;105;105;105
60;2014-07-22 06:19:00;909402N262;229;0.109;33;236;236;236;236;0.552;50.00;528.9;0.194;580.7;0.113;678.3;0.091;60;0;0;0.535;0.610;0.511;71;88;67;50.00;50.00;50.00;6462;1000;0.0;0;0.0000;0;0;109;109;109
60;2014-07-22 06:20:00;909402N262;231;0.112;33;236;236;236;236;0.545;49.99;531.2;0.195;583.4;0.113;678.7;0.091;60;0;0;0.506;0.604;0.525;68;88;74;49.99;49.99;49.99;6462;1000;0.0;0;0.0000;0;0;112;112;112
60;2014-07-22 06:21:00;909402N262;232;0.116;34;236;236;236;237;0.561;49.98;532.2;0.196;581.4;0.114;677.0;0.091;60;0;0;0.528;0.631;0.525;69;90;71;49.98;49.98;49.98;6462;1000;0.0;0;0.0000;0;0;116;116;116
60;2014-07-22 06:22:00;909402N262;237;0.120;34;236;236;236;237;0.520;49.98;522.6;0.205;574.6;0.118;686.0;0.091;60;0;0;0.477;0.594;0.490;72;91;73;49.98;49.98;49.98;6462;1000;0.0;0;0.0000;0;0;120;120;120
60;2014-07-22 06:23:00;909402N262;244;0.125;34;237;237;236;237;0.525;49.98;520.3;0.212;577.0;0.121;689.4;0.093;60;0;0;0.463;0.630;0.482;71;99;73;49.98;49.98;49.98;6462;1000;0.0;0;0.0000;0;0;125;125;125
60;2014-07-22 06:24:00;909402N262;256;0.129;34;234;234;233;235;0.523;49.99;533.3;0.216;584.0;0.125;697.3;0.098;60;0;0;0.473;0.613;0.485;78;99;78;49.99;49.99;49.99;6462;1000;0.0;0;0.0000;0;0;129;129;129
60;2014-07-22 06:25:00;909402N262;266;0.132;34;233;233;233;234;0.550;49.99;534.3;0.224;584.2;0.132;693.1;0.102;60;0;0;0.522;0.643;0.486;84;103;78;49.99;49.99;49.99;6462;1000;0.0;0;0.0000;0;0;132;132;132
60;2014-07-22 06:26:00;909402N262;267;0.138;34;233;233;233;234;0.554;49.98;535.3;0.222;587.7;0.132;693.0;0.101;60;0;0;0.504;0.654;0.504;79;104;81;49.98;49.98;49.98;6462;1000;0.0;0;0.0000;0;0;138;138;138
60;2014-07-22 06:27:00;909402N262;278;0.142;34;233;233;233;233;0.556;49.98;537.1;0.231;585.9;0.136;703.2;0.105;60;0;0;0.524;0.660;0.486;85;110;81;49.98;49.98;49.98;6462;1000;0.0;0;0.0000;0;0;142;142;142
60;2014-07-22 06:28:00;909402N262;300;0.148;34;233;233;232;233;0.593;49.98;538.0;0.249;590.9;0.145;704.4;0.117;60;0;0;0.549;0.706;0.525;90;119;88;49.98;49.98;49.98;6462;1000;0.0;0;0.0000;0;0;148;148;148
60;2014-07-22 06:29:00;909402N262;314;0.152;34;233;233;233;233;0.620;49.97;539.2;0.261;593.1;0.150;706.1;0.123;60;0;0;0.586;0.702;0.573;98;117;97;49.97;49.97;49.97;6462;1000;0.0;0;0.0000;0;0;152;152;152
60;2014-07-22 06:30:00;909402N262;332;0.158;34;235;235;235;235;0.645;49.97;540.2;0.275;597.8;0.157;712.1;0.129;60;0;0;0.570;0.738;0.628;97;126;107;49.97;49.97;49.97;6462;1000;0.0;0;0.0000;0;0;158;158;158
60;2014-07-22 06:31:00;909402N262;340;0.164;34;235;236;235;235;0.646;49.98;534.8;0.283;595.0;0.165;704.3;0.134;60;0;0;0.582;0.721;0.636;102;126;111;49.98;49.98;49.98;6462;1000;0.0;0;0.0000;0;0;164;164;164
60;2014-07-22 06:32:00;909402N262;356;0.169;34;235;236;235;235;0.662;49.98;544.9;0.290;607.2;0.168;719.0;0.136;60;0;0;0.615;0.729;0.644;108;129;116;49.98;49.98;49.98;6462;1000;0.0;0;0.0000;0;0;169;169;169
60;2014-07-22 06:33:00;909402N262;373;0.176;34;235;236;235;236;0.695;49.98;545.6;0.305;599.9;0.177;716.0;0.144;60;0;0;0.650;0.802;0.634;115;144;112;49.98;49.98;49.98;6462;1000;0.0;0;0.0000;0;0;176;176;176
60;2014-07-22 06:34:00;909402N262;390;0.182;35;235;236;235;236;0.716;49.98;546.9;0.319;605.2;0.182;721.6;0.149;60;0;0;0.682;0.824;0.644;123;149;116;49.98;49.98;49.98;6462;1000;0.0;0;0.0000;0;0;182;182;182
60;2014-07-22 06:35:00;909402N262;406;0.190;35;235;236;235;236;0.740;49.98;547.5;0.333;605.1;0.188;727.6;0.155;60;0;0;0.743;0.824;0.655;135;150;119;49.98;49.98;49.98;6462;1000;0.0;0;0.0000;0;0;190;190;190
60;2014-07-22 06:36:00;909402N262;420;0.196;35;235;235;235;236;0.758;49.98;546.7;0.344;607.8;0.193;728.3;0.161;60;0;0;0.738;0.827;0.711;135;152;131;49.98;49.98;49.98;6462;1000;0.0;0;0.0000;0;0;196;196;196
60;2014-07-22 06:37:00;909402N262;439;0.203;35;235;236;234;236;0.788;49.97;548.0;0.358;612.6;0.202;729.3;0.167;60;0;0;0.767;0.860;0.738;141;158;136;49.97;49.97;49.97;6462;1000;0.0;0;0.0000;0;0;203;203;203
60;2014-07-22 06:38:00;909402N262;441;0.212;35;236;236;234;237;0.796;49.99;548.0;0.359;608.2;0.206;731.3;0.167;60;0;0;0.778;0.847;0.763;143;155;141;49.99;49.99;49.99;6462;1000;0.0;0;0.0000;0;0;212;212;212
60;2014-07-22 06:39:00;909402N262;453;0.218;35;236;236;235;238;0.809;49.99;549.0;0.370;610.6;0.209;730.6;0.173;60;0;0;0.782;0.872;0.773;146;162;144;49.99;49.99;49.99;6462;1000;0.0;0;0.0000;0;0;218;218;218
60;2014-07-22 06:40:00;909402N262;472;0.227;35;236;235;234;237;0.846;49.99;550.0;0.384;610.6;0.218;729.3;0.182;60;0;0;0.822;0.881;0.836;151;164;156;49.99;49.99;49.99;6462;1000;0.0;0;0.0000;0;0;227;227;227
60;2014-07-22 06:41:00;909402N262;474;0.234;35;233;233;232;235;0.845;49.98;550.8;0.386;611.0;0.215;734.0;0.183;60;0;0;0.841;0.888;0.806;156;164;152;49.98;49.98;49.98;6462;1000;0.0;0;0.0000;0;0;234;234;234
60;2014-07-22 06:42:00;909402N262;486;0.243;35;233;233;233;234;0.865;49.99;551.2;0.395;611.9;0.218;736.6;0.187;60;0;0;0.871;0.909;0.817;161;169;154;49.99;49.99;49.99;6462;1000;0.0;0;0.0000;0;0;243;243;243
60;2014-07-22 06:43:00;909402N262;498;0.251;35;233;233;233;234;0.887;49.99;549.9;0.403;614.2;0.229;735.2;0.191;60;0;0;0.898;0.937;0.826;167;175;154;49.99;49.99;49.99;6462;1000;0.0;0;0.0000;0;0;251;251;251
60;2014-07-22 06:44:00;909402N262;517;0.260;35;233;233;233;234;0.920;50.00;551.5;0.415;615.5;0.240;739.3;0.197;60;0;0;0.912;0.967;0.883;169;179;167;50.00;50.00;50.00;6462;1000;0.0;0;0.0000;0;0;260;260;260
60;2014-07-22 06:45:00;909402N262;531;0.269;35;233;233;233;233;0.946;50.01;553.8;0.428;616.4;0.242;741.9;0.204;60;0;0;0.936;0.993;0.909;173;185;171;50.01;50.01;50.01;6462;1000;0.0;0;0.0000;0;0;269;269;269
60;2014-07-22 06:46:00;909402N262;526;0.277;35;233;233;233;233;0.933;50.00;550.7;0.437;615.1;0.236;737.5;0.207;60;0;0;0.909;1.005;0.887;169;188;167;50.00;50.00;50.00;6462;1000;0.0;0;0.0000;0;0;277;277;277
60;2014-07-22 06:47:00;909402N262;538;0.286;35;233;233;233;233;0.967;49.99;548.6;0.440;614.3;0.242;744.8;0.205;60;0;0;0.936;1.031;0.936;172;188;174;49.99;49.99;49.99;6462;1000;0.0;0;0.0000;0;0;286;286;286
60;2014-07-22 06:48:00;909402N262;563;0.295;35;233;233;233;233;1.013;49.99;551.6;0.454;615.8;0.259;745.7;0.212;60;0;0;0.973;1.062;1.006;181;195;185;49.99;49.99;49.99;6462;1000;0.0;0;0.0000;0;0;295;295;295
60;2014-07-22 06:49:00;909402N262;594;0.306;36;233;234;232;233;1.069;49.98;555.9;0.472;616.6;0.274;744.7;0.225;60;0;0;1.036;1.102;1.069;193;203;197;49.98;49.98;49.98;6462;1000;0.0;0;0.0000;0;0;306;306;306
60;2014-07-22 06:50:00;909402N262;611;0.315;36;233;233;232;233;1.093;49.98;558.6;0.484;617.6;0.278;746.5;0.233;60;0;0;1.071;1.114;1.096;199;206;203;49.98;49.98;49.98;6462;1000;0.0;0;0.0000;0;0;315;315;315
60;2014-07-22 06:51:00;909402N262;625;0.326;36;233;233;232;233;1.113;49.99;559.0;0.498;618.6;0.281;747.1;0.240;60;0;0;1.069;1.152;1.120;200;213;211;49.99;49.99;49.99;6462;1000;0.0;0;0.0000;0;0;326;326;326
60;2014-07-22 06:52:00;909402N262;649;0.337;36;235;235;234;235;1.148;50.00;558.7;0.516;618.6;0.294;749.6;0.247;60;0;0;1.091;1.188;1.167;205;221;220;50.00;50.00;50.00;6462;1000;0.0;0;0.0000;0;0;337;337;337
60;2014-07-22 06:53:00;909402N262;661;0.347;36;235;236;235;236;1.167;49.99;557.9;0.527;619.1;0.300;748.6;0.250;60;0;0;1.130;1.201;1.170;213;225;222;49.99;49.99;49.99;6462;1000;0.0;0;0.0000;0;0;347;347;347
60;2014-07-22 06:54:00;909402N262;681;0.359;36;235;236;234;236;1.196;49.99;556.0;0.545;619.4;0.308;751.7;0.255;60;0;0;1.164;1.223;1.201;220;230;229;49.99;49.99;49.99;6462;1000;0.0;0;0.0000;0;0;359;359;359
60;2014-07-22 06:55:00;909402N262;698;0.371;36;235;236;233;236;1.224;49.99;556.0;0.560;619.8;0.316;751.8;0.261;60;0;0;1.214;1.244;1.216;230;234;231;49.99;49.99;49.99;6462;1000;0.0;0;0.0000;0;0;371;371;371
60;2014-07-22 06:56:00;909402N262;721;0.383;36;235;236;233;236;1.258;49.99;556.9;0.580;622.6;0.324;754.5;0.269;60;0;0;1.254;1.267;1.255;238;242;239;49.99;49.99;49.99;6462;1000;0.0;0;0.0000;0;0;383;383;383
60;2014-07-22 06:57:00;909402N262;743;0.395;36;235;235;234;236;1.279;50.00;557.5;0.597;621.9;0.333;756.3;0.276;60;0;0;1.270;1.311;1.256;243;256;240;50.00;50.00;50.00;6462;1000;0.0;0;0.0000;0;0;395;395;395
60;2014-07-22 06:58:00;909402N262;757;0.408;36;236;236;235;237;1.302;50.00;557.4;0.611;621.6;0.339;756.4;0.282;60;0;0;1.287;1.340;1.280;248;262;247;50.00;50.00;50.00;6462;1000;0.0;0;0.0000;0;0;408;408;408
60;2014-07-22 06:59:00;909402N262;771;0.420;36;236;236;235;237;1.325;50.02;557.5;0.623;622.3;0.346;757.3;0.287;60;0;0;1.297;1.377;1.302;250;268;251;50.02;50.02;50.02;6462;1000;0.0;0;0.0000;0;0;420;420;420
60;2014-07-22 07:00:00;909402N262;779;0.434;36;236;236;235;236;1.337;50.03;557.2;0.628;622.5;0.349;757.2;0.290;60;0;0;1.315;1.379;1.319;254;268;254;50.03;50.03;50.03;6462;1000;0.0;0;0.0000;0;0;434;434;434
[wr_ende]
