20140221;140005;danfoss;My Plant;+0100
[wr_def_start]
909402N262;Inverter Type;Inverter Group;Hanzl
[wr_def_end]
[wr]
INTERVAL;TIMESTAMP;SERIAL;P_AC;E_DAY;T_WR;U_AC;U_AC_1;U_AC_2;U_AC_3;I_AC;F_AC;U_DC_1;I_DC_1;U_DC_2;I_DC_2;U_DC_3;I_DC_3;S;E_WR;M_WR;I_AC_1;I_AC_2;I_AC_3;P_AC_1;P_AC_2;P_AC_3;F_AC_1;F_AC_2;F_AC_3;R_DC;PC;PCS;PCS_LL;COS_PHI;COS_PHI_LL;S_COS_PHI;Current_Day_Energy;current_Day_Offset;ccEnergyOfDay_WithoutOffset
60;2014-02-21 13:01:00;909402N262;1732;7.254;35;232;232;232;233;2.556;49.95;576.9;1.153;656.7;0.780;786.6;0.725;60;0;0;2.504;2.597;2.567;565;583;581;49.95;49.95;49.95;8847;1000;0.0;0;0.0000;0;0;7254;7254;7254
60;2014-02-21 13:02:00;909402N262;1577;7.281;35;232;232;232;232;2.323;49.96;579.8;1.050;658.7;0.705;795.1;0.648;60;0;0;2.282;2.354;2.335;516;530;529;49.96;49.96;49.96;8847;1000;0.0;0;0.0000;0;0;7281;7281;7281
60;2014-02-21 13:03:00;909402N262;1603;7.308;35;232;232;233;231;2.358;49.97;581.5;1.067;659.4;0.712;795.2;0.661;60;0;0;2.305;2.403;2.366;521;545;535;49.97;49.97;49.97;8847;1000;0.0;0;0.0000;0;0;7308;7308;7308
60;2014-02-21 13:04:00;909402N262;1568;7.334;35;232;232;233;231;2.310;49.97;583.7;1.039;659.1;0.693;795.0;0.647;60;0;0;2.263;2.354;2.314;510;533;522;49.97;49.97;49.97;8847;1000;0.0;0;0.0000;0;0;7334;7334;7334
60;2014-02-21 13:05:00;909402N262;1525;7.360;35;232;232;233;232;2.250;49.98;582.6;1.014;659.1;0.673;795.1;0.629;60;0;0;2.197;2.295;2.259;494;519;509;49.98;49.98;49.98;8847;1000;0.0;0;0.0000;0;0;7360;7360;7360
60;2014-02-21 13:06:00;909402N262;1522;7.385;35;232;232;233;231;2.245;49.99;580.8;1.023;659.0;0.669;795.1;0.624;60;0;0;2.199;2.289;2.249;495;519;506;49.99;49.99;49.99;8847;1000;0.0;0;0.0000;0;0;7385;7385;7385
60;2014-02-21 13:07:00;909402N262;1687;7.413;35;232;232;233;231;2.481;49.99;580.6;1.137;661.3;0.737;795.1;0.695;60;0;0;2.442;2.523;2.480;552;572;561;49.99;49.99;49.99;8847;1000;0.0;0;0.0000;0;0;7413;7413;7413
60;2014-02-21 13:08:00;909402N262;1729;7.442;35;232;232;232;232;2.547;49.99;578.7;1.154;664.3;0.757;794.8;0.719;60;0;0;2.492;2.602;2.547;563;587;577;49.99;49.99;49.99;8847;1000;0.0;0;0.0000;0;0;7442;7442;7442
60;2014-02-21 13:09:00;909402N262;1483;7.466;35;232;232;231;232;2.193;50.01;579.9;0.984;660.5;0.654;795.1;0.616;60;0;0;2.144;2.233;2.202;482;502;497;50.01;50.01;50.01;8847;1000;0.0;0;0.0000;0;0;7466;7466;7466
60;2014-02-21 13:10:00;909402N262;1512;7.491;35;231;232;231;232;2.234;50.00;578.2;0.998;662.9;0.665;795.1;0.633;60;0;0;2.194;2.264;2.246;495;508;507;50.00;50.00;50.00;8847;1000;0.0;0;0.0000;0;0;7491;7491;7491
60;2014-02-21 13:11:00;909402N262;1264;7.514;35;231;232;231;231;1.883;50.01;571.5;0.841;661.6;0.558;795.1;0.530;60;0;0;1.844;1.917;1.888;412;428;423;50.01;50.01;50.01;8847;1000;0.0;0;0.0000;0;0;7514;7514;7514
60;2014-02-21 13:12:00;909402N262;1129;7.532;35;231;231;231;231;1.696;50.01;573.9;0.754;653.7;0.506;795.1;0.470;60;0;0;1.664;1.734;1.690;367;385;375;50.01;50.01;50.01;8847;1000;0.0;0;0.0000;0;0;7532;7532;7532
60;2014-02-21 13:13:00;909402N262;1166;7.551;35;232;232;232;231;1.744;50.02;577.5;0.764;662.8;0.515;795.0;0.489;60;0;0;1.703;1.792;1.739;378;400;386;50.02;50.02;50.02;8847;1000;0.0;0;0.0000;0;0;7551;7551;7551
60;2014-02-21 13:14:00;909402N262;1066;7.569;35;231;232;232;231;1.613;50.00;575.3;0.711;659.7;0.472;794.9;0.444;60;0;0;1.575;1.663;1.602;345;369;351;50.00;50.00;50.00;8847;1000;0.0;0;0.0000;0;0;7569;7569;7569
60;2014-02-21 13:15:00;909402N262;1014;7.586;35;231;231;232;231;1.542;49.98;575.0;0.692;654.1;0.448;794.9;0.415;60;0;0;1.508;1.580;1.540;328;348;336;49.98;49.98;49.98;8847;1000;0.0;0;0.0000;0;0;7586;7586;7586
60;2014-02-21 13:16:00;909402N262;1249;7.607;35;231;231;232;231;1.862;49.98;574.1;0.854;652.2;0.554;786.4;0.520;60;0;0;1.814;1.904;1.868;404;426;417;49.98;49.98;49.98;8847;1000;0.0;0;0.0000;0;0;7607;7607;7607
60;2014-02-21 13:17:00;909402N262;1311;7.628;35;232;231;233;231;1.968;50.00;576.4;0.888;661.0;0.572;795.4;0.540;60;0;0;1.914;2.011;1.980;423;447;439;50.00;50.00;50.00;8847;1000;0.0;0;0.0000;0;0;7628;7628;7628
60;2014-02-21 13:18:00;909402N262;1172;7.648;35;232;232;232;231;1.779;49.99;570.0;0.796;660.0;0.512;795.0;0.488;60;0;0;1.735;1.819;1.783;380;400;389;49.99;49.99;49.99;8847;1000;0.0;0;0.0000;0;0;7648;7648;7648
60;2014-02-21 13:19:00;909402N262;831;7.662;35;231;232;231;231;1.373;50.00;560.3;0.579;645.0;0.372;787.1;0.346;60;0;0;1.354;1.406;1.360;272;284;274;50.00;50.00;50.00;8847;1000;0.0;0;0.0000;0;0;7662;7662;7662
60;2014-02-21 13:20:00;909402N262;683;7.673;35;231;231;230;231;1.194;49.99;556.1;0.495;631.6;0.306;777.0;0.283;60;0;0;1.170;1.216;1.197;222;231;228;49.99;49.99;49.99;8847;1000;0.0;0;0.0000;0;0;7673;7673;7673
60;2014-02-21 13:21:00;909402N262;830;7.687;34;231;231;231;231;1.368;50.01;560.3;0.606;639.3;0.364;788.2;0.337;60;0;0;1.348;1.392;1.364;271;283;275;50.01;50.01;50.01;8847;1000;0.0;0;0.0000;0;0;7687;7687;7687
60;2014-02-21 13:22:00;909402N262;1309;7.709;34;231;231;231;232;1.972;50.01;571.0;0.914;657.7;0.563;795.1;0.536;60;0;0;1.925;2.002;1.989;424;442;440;50.01;50.01;50.01;8847;1000;0.0;0;0.0000;0;0;7709;7709;7709
60;2014-02-21 13:23:00;909402N262;1245;7.730;34;231;231;232;231;1.890;49.99;570.3;0.842;661.7;0.543;794.6;0.519;60;0;0;1.843;1.929;1.899;402;424;417;49.99;49.99;49.99;8847;1000;0.0;0;0.0000;0;0;7730;7730;7730
60;2014-02-21 13:24:00;909402N262;945;7.745;34;231;231;232;231;1.474;49.99;565.3;0.659;648.4;0.416;794.7;0.389;60;0;0;1.429;1.511;1.484;302;326;316;49.99;49.99;49.99;8847;1000;0.0;0;0.0000;0;0;7745;7745;7745
60;2014-02-21 13:25:00;909402N262;1051;7.763;34;232;231;232;231;1.614;49.99;567.7;0.730;652.9;0.460;795.0;0.433;60;0;0;1.578;1.652;1.612;340;360;349;49.99;49.99;49.99;8847;1000;0.0;0;0.0000;0;0;7763;7763;7763
60;2014-02-21 13:26:00;909402N262;1240;7.784;34;232;232;232;231;1.868;50.01;571.3;0.847;658.2;0.543;795.1;0.512;60;0;0;1.826;1.902;1.876;402;422;414;50.01;50.01;50.01;8847;1000;0.0;0;0.0000;0;0;7784;7784;7784
60;2014-02-21 13:27:00;909402N262;1307;7.806;34;232;232;233;231;1.962;50.00;571.8;0.885;662.0;0.573;795.3;0.542;60;0;0;1.908;2.004;1.975;422;447;438;50.00;50.00;50.00;8847;1000;0.0;0;0.0000;0;0;7806;7806;7806
60;2014-02-21 13:28:00;909402N262;1351;7.828;34;232;232;232;231;2.024;49.99;573.5;0.911;664.8;0.590;795.2;0.561;60;0;0;1.974;2.063;2.036;437;460;452;49.99;49.99;49.99;8847;1000;0.0;0;0.0000;0;0;7828;7828;7828
60;2014-02-21 13:29:00;909402N262;1370;7.850;34;232;232;232;231;2.053;50.00;573.8;0.920;666.5;0.598;795.2;0.570;60;0;0;2.003;2.094;2.062;445;465;458;50.00;50.00;50.00;8847;1000;0.0;0;0.0000;0;0;7850;7850;7850
60;2014-02-21 13:30:00;909402N262;1302;7.872;34;231;232;230;231;1.957;49.99;573.7;0.877;663.5;0.571;795.4;0.539;60;0;0;1.917;1.981;1.974;425;438;438;49.99;49.99;49.99;8847;1000;0.0;0;0.0000;0;0;7872;7872;7872
60;2014-02-21 13:31:00;909402N262;1304;7.894;34;231;232;231;232;1.949;49.99;569.4;0.884;646.2;0.581;787.0;0.548;60;0;0;1.902;1.979;1.966;424;439;439;49.99;49.99;49.99;8847;1000;0.0;0;0.0000;0;0;7894;7894;7894
60;2014-02-21 13:32:00;909402N262;1147;7.913;34;231;232;231;232;1.740;49.99;573.6;0.773;660.8;0.504;795.0;0.475;60;0;0;1.712;1.772;1.738;376;389;380;49.99;49.99;49.99;8847;1000;0.0;0;0.0000;0;0;7913;7913;7913
60;2014-02-21 13:33:00;909402N262;1279;7.935;34;232;232;231;232;1.922;49.98;575.6;0.860;661.1;0.561;795.2;0.531;60;0;0;1.882;1.949;1.937;417;431;429;49.98;49.98;49.98;8847;1000;0.0;0;0.0000;0;0;7935;7935;7935
60;2014-02-21 13:34:00;909402N262;1309;7.957;34;232;232;232;232;1.963;49.98;575.4;0.867;669.2;0.571;795.2;0.549;60;0;0;1.920;1.999;1.972;426;443;438;49.98;49.98;49.98;8847;1000;0.0;0;0.0000;0;0;7957;7957;7957
60;2014-02-21 13:35:00;909402N262;1059;7.975;34;231;232;232;231;1.632;50.00;574.7;0.704;662.8;0.466;794.5;0.442;60;0;0;1.597;1.670;1.631;345;361;351;50.00;50.00;50.00;8847;1000;0.0;0;0.0000;0;0;7975;7975;7975
60;2014-02-21 13:36:00;909402N262;977;7.991;34;231;231;232;231;1.515;50.00;578.0;0.650;658.2;0.431;794.8;0.408;60;0;0;1.476;1.560;1.510;314;337;324;50.00;50.00;50.00;8847;1000;0.0;0;0.0000;0;0;7991;7991;7991
60;2014-02-21 13:37:00;909402N262;948;8.006;34;231;231;231;231;1.477;50.00;577.9;0.631;657.4;0.417;794.7;0.395;60;0;0;1.432;1.515;1.485;304;324;317;50.00;50.00;50.00;8847;1000;0.0;0;0.0000;0;0;8006;8006;8006
60;2014-02-21 13:38:00;909402N262;891;8.021;34;231;231;231;231;1.408;50.00;565.5;0.610;652.6;0.395;794.7;0.370;60;0;0;1.376;1.431;1.417;290;303;295;50.00;50.00;50.00;8847;1000;0.0;0;0.0000;0;0;8021;8021;8021
60;2014-02-21 13:39:00;909402N262;962;8.038;34;231;231;231;231;1.497;50.00;573.1;0.651;654.7;0.424;794.9;0.400;60;0;0;1.459;1.531;1.501;310;329;322;50.00;50.00;50.00;8847;1000;0.0;0;0.0000;0;0;8038;8038;8038
60;2014-02-21 13:40:00;909402N262;1032;8.055;34;231;231;230;231;1.594;50.01;580.4;0.686;661.3;0.451;794.9;0.431;60;0;0;1.556;1.624;1.602;334;350;346;50.01;50.01;50.01;8847;1000;0.0;0;0.0000;0;0;8055;8055;8055
60;2014-02-21 13:41:00;909402N262;1029;8.071;34;231;232;229;232;1.592;50.00;577.9;0.690;663.5;0.445;794.8;0.430;60;0;0;1.560;1.617;1.601;336;346;345;50.00;50.00;50.00;8847;1000;0.0;0;0.0000;0;0;8071;8071;8071
60;2014-02-21 13:42:00;909402N262;1031;8.089;34;231;232;231;232;1.589;50.01;575.7;0.701;664.4;0.443;794.9;0.429;60;0;0;1.554;1.617;1.596;335;349;345;50.01;50.01;50.01;8847;1000;0.0;0;0.0000;0;0;8089;8089;8089
60;2014-02-21 13:43:00;909402N262;1059;8.106;34;231;232;231;232;1.632;50.01;575.7;0.720;662.8;0.459;794.8;0.438;60;0;0;1.601;1.656;1.639;347;356;354;50.01;50.01;50.01;8847;1000;0.0;0;0.0000;0;0;8106;8106;8106
60;2014-02-21 13:44:00;909402N262;1079;8.124;34;232;233;231;232;1.654;50.01;575.3;0.734;658.7;0.474;794.8;0.444;60;0;0;1.628;1.676;1.660;355;364;359;50.01;50.01;50.01;8847;1000;0.0;0;0.0000;0;0;8124;8124;8124
60;2014-02-21 13:45:00;909402N262;1106;8.143;34;232;233;233;231;1.686;50.01;575.1;0.752;658.1;0.486;794.6;0.455;60;0;0;1.667;1.718;1.675;365;377;362;50.01;50.01;50.01;8847;1000;0.0;0;0.0000;0;0;8143;8143;8143
60;2014-02-21 13:46:00;909402N262;1122;8.162;34;232;233;233;231;1.693;50.00;570.2;0.766;645.7;0.499;791.3;0.467;60;0;0;1.671;1.728;1.680;368;385;367;50.00;50.00;50.00;8847;1000;0.0;0;0.0000;0;0;8162;8162;8162
60;2014-02-21 13:47:00;909402N262;1094;8.180;34;232;232;234;231;1.670;50.00;573.8;0.741;659.9;0.481;794.8;0.452;60;0;0;1.637;1.712;1.663;357;376;359;50.01;50.00;50.00;8847;1000;0.0;0;0.0000;0;0;8180;8180;8180
60;2014-02-21 13:48:00;909402N262;1004;8.197;34;232;232;233;232;1.546;50.00;572.0;0.688;653.9;0.444;795.0;0.412;60;0;0;1.506;1.583;1.549;323;345;334;50.00;50.00;50.00;8847;1000;0.0;0;0.0000;0;0;8197;8197;8197
60;2014-02-21 13:49:00;909402N262;1088;8.215;34;232;232;234;232;1.661;50.01;572.9;0.746;655.3;0.478;794.7;0.448;60;0;0;1.626;1.698;1.659;354;373;359;50.01;50.01;50.01;8847;1000;0.0;0;0.0000;0;0;8215;8215;8215
60;2014-02-21 13:50:00;909402N262;1148;8.234;34;232;232;234;232;1.737;50.01;573.5;0.784;657.3;0.504;794.8;0.473;60;0;0;1.700;1.787;1.725;373;397;377;50.01;50.01;50.01;8847;1000;0.0;0;0.0000;0;0;8234;8234;8234
60;2014-02-21 13:51:00;909402N262;1159;8.253;34;232;232;234;232;1.749;50.01;574.2;0.787;657.8;0.510;794.9;0.478;60;0;0;1.709;1.797;1.741;375;400;381;50.01;50.01;50.01;8847;1000;0.0;0;0.0000;0;0;8253;8253;8253
60;2014-02-21 13:52:00;909402N262;1160;8.273;34;232;232;232;232;1.754;50.02;574.2;0.785;659.8;0.510;794.9;0.479;60;0;0;1.726;1.789;1.747;379;395;384;50.02;50.02;50.02;8847;1000;0.0;0;0.0000;0;0;8273;8273;8273
60;2014-02-21 13:53:00;909402N262;1155;8.292;34;232;232;232;233;1.747;50.02;574.0;0.782;659.1;0.509;795.0;0.476;60;0;0;1.724;1.779;1.738;379;393;381;50.02;50.02;50.02;8847;1000;0.0;0;0.0000;0;0;8292;8292;8292
60;2014-02-21 13:54:00;909402N262;1147;8.311;34;233;233;232;233;1.732;50.01;574.2;0.777;657.9;0.506;794.9;0.472;60;0;0;1.704;1.769;1.724;374;392;379;50.01;50.01;50.01;8847;1000;0.0;0;0.0000;0;0;8311;8311;8311
60;2014-02-21 13:55:00;909402N262;1140;8.331;34;233;233;232;233;1.725;50.01;574.6;0.772;656.8;0.504;794.8;0.470;60;0;0;1.700;1.759;1.716;374;389;376;50.01;50.01;50.01;8847;1000;0.0;0;0.0000;0;0;8331;8331;8331
60;2014-02-21 13:56:00;909402N262;1140;8.349;34;233;233;234;233;1.721;50.02;575.1;0.771;656.5;0.504;794.8;0.470;60;0;0;1.690;1.768;1.707;371;393;374;50.02;50.02;50.02;8847;1000;0.0;0;0.0000;0;0;8349;8349;8349
60;2014-02-21 13:57:00;909402N262;1172;8.369;34;233;233;233;232;1.762;50.02;576.6;0.790;658.7;0.516;795.0;0.484;60;0;0;1.728;1.803;1.755;382;401;386;50.02;50.02;50.02;8847;1000;0.0;0;0.0000;0;0;8369;8369;8369
60;2014-02-21 13:58:00;909402N262;1211;8.389;34;233;233;233;232;1.815;50.01;578.0;0.811;662.1;0.531;795.1;0.501;60;0;0;1.778;1.850;1.819;395;412;402;50.01;50.01;50.01;8847;1000;0.0;0;0.0000;0;0;8389;8389;8389
60;2014-02-21 13:59:00;909402N262;1205;8.409;34;233;234;234;231;1.806;50.02;578.0;0.805;663.7;0.527;795.0;0.501;60;0;0;1.763;1.851;1.805;392;414;398;50.02;50.02;50.02;8847;1000;0.0;0;0.0000;0;0;8409;8409;8409
60;2014-02-21 14:00:00;909402N262;1169;8.428;34;233;234;234;231;1.759;50.02;577.7;0.781;661.9;0.512;794.9;0.486;60;0;0;1.730;1.805;1.744;383;402;382;50.02;50.02;50.02;8847;1000;0.0;0;0.0000;0;0;8428;8428;8428
[wr_ende]
