20140418;100001;danfoss;My Plant;+0100
[wr_def_start]
909402N262;Inverter Type;Inverter Group;Hanzl
[wr_def_end]
[wr]
INTERVAL;TIMESTAMP;SERIAL;P_AC;E_DAY;T_WR;U_AC;U_AC_1;U_AC_2;U_AC_3;I_AC;F_AC;U_DC_1;I_DC_1;U_DC_2;I_DC_2;U_DC_3;I_DC_3;S;E_WR;M_WR;I_AC_1;I_AC_2;I_AC_3;P_AC_1;P_AC_2;P_AC_3;F_AC_1;F_AC_2;F_AC_3;R_DC;PC;PCS;PCS_LL;COS_PHI;COS_PHI_LL;S_COS_PHI;Current_Day_Energy;current_Day_Offset;ccEnergyOfDay_WithoutOffset
60;2014-04-18 09:01:00;909402N262;1049;1.105;29;236;235;235;237;1.531;49.99;512.4;0.668;638.4;0.492;615.2;0.829;60;0;0;1.470;1.560;1.564;332;356;358;49.99;49.99;49.99;11312;1000;0.0;0;0.0000;0;0;1105;1105;1105
60;2014-04-18 09:02:00;909402N262;1455;1.129;29;236;235;235;237;2.116;49.99;380.8;1.059;331.1;1.553;669.0;0.859;60;0;0;2.065;2.136;2.148;468;492;494;49.99;49.99;49.99;11312;1000;0.0;0;0.0000;0;0;1129;1129;1129
60;2014-04-18 09:03:00;909402N262;1552;1.155;29;235;235;234;236;2.251;49.99;379.2;1.110;331.5;1.569;673.6;0.963;60;0;0;2.209;2.267;2.278;502;522;527;49.99;49.99;49.99;11312;1000;0.0;0;0.0000;0;0;1155;1155;1155
60;2014-04-18 09:04:00;909402N262;1588;1.182;29;235;235;234;236;2.264;49.99;377.6;1.163;331.8;1.584;660.2;1.001;60;0;0;2.209;2.288;2.296;514;533;539;49.99;49.99;49.99;11312;1000;0.0;0;0.0000;0;0;1182;1182;1182
60;2014-04-18 09:05:00;909402N262;1600;1.208;29;235;235;235;236;2.279;50.00;380.3;1.206;331.5;1.602;634.3;1.024;60;0;0;2.228;2.302;2.307;520;537;541;50.00;50.00;50.00;11312;1000;0.0;0;0.0000;0;0;1208;1208;1208
60;2014-04-18 09:06:00;909402N262;1612;1.235;30;235;235;235;236;2.296;50.01;385.1;1.243;331.5;1.621;649.4;0.979;60;0;0;2.245;2.321;2.324;524;541;545;50.01;50.01;50.01;11312;1000;0.0;0;0.0000;0;0;1235;1235;1235
60;2014-04-18 09:07:00;909402N262;1665;1.263;30;235;236;235;236;2.380;50.01;383.5;1.293;331.3;1.639;688.1;0.967;60;0;0;2.332;2.406;2.402;542;561;560;50.01;50.01;50.01;11312;1000;0.0;0;0.0000;0;0;1263;1263;1263
60;2014-04-18 09:08:00;909402N262;1733;1.291;30;236;236;236;236;2.504;50.01;396.6;1.294;331.1;1.656;704.5;1.005;60;0;0;2.450;2.546;2.517;562;589;580;50.01;50.01;50.01;11312;1000;0.0;0;0.0000;0;0;1291;1291;1291
60;2014-04-18 09:09:00;909402N262;1760;1.321;30;235;236;236;235;2.605;50.02;393.8;1.351;331.1;1.672;719.7;0.988;60;0;0;2.545;2.664;2.608;571;601;586;50.02;50.02;50.02;11312;1000;0.0;0;0.0000;0;0;1321;1321;1321
60;2014-04-18 09:10:00;909402N262;1791;1.351;30;235;236;235;235;2.653;50.01;405.2;1.362;331.4;1.690;723.9;0.989;60;0;0;2.597;2.709;2.653;583;610;596;50.01;50.01;50.01;11312;1000;0.0;0;0.0000;0;0;1351;1351;1351
60;2014-04-18 09:11:00;909402N262;1820;1.382;30;235;236;235;236;2.605;50.00;404.5;1.414;335.2;1.705;693.7;1.032;60;0;0;2.555;2.637;2.623;595;612;611;50.00;50.00;50.00;11312;1000;0.0;0;0.0000;0;0;1382;1382;1382
60;2014-04-18 09:12:00;909402N262;1872;1.413;30;235;236;235;236;2.677;50.00;414.6;1.428;344.4;1.720;688.2;1.056;60;0;0;2.628;2.709;2.696;612;629;629;50.00;50.00;50.00;11312;1000;0.0;0;0.0000;0;0;1413;1413;1413
60;2014-04-18 09:13:00;909402N262;1927;1.445;30;235;235;235;236;2.805;50.00;429.7;1.431;355.2;1.733;712.6;1.027;60;0;0;2.760;2.836;2.821;630;648;646;50.00;50.00;50.00;11312;1000;0.0;0;0.0000;0;0;1445;1445;1445
60;2014-04-18 09:14:00;909402N262;2020;1.478;30;235;236;234;236;2.954;49.99;471.9;1.397;362.0;1.760;721.2;1.053;60;0;0;2.908;2.980;2.974;663;677;678;49.99;49.99;49.99;11312;1000;0.0;0;0.0000;0;0;1478;1478;1478
60;2014-04-18 09:15:00;909402N262;2096;1.514;30;235;235;235;236;3.062;49.99;490.2;1.400;371.9;1.776;725.6;1.079;60;0;0;3.013;3.089;3.084;688;702;704;49.99;49.99;49.99;11312;1000;0.0;0;0.0000;0;0;1514;1514;1514
60;2014-04-18 09:16:00;909402N262;2121;1.549;30;235;235;234;236;3.081;49.98;486.6;1.463;384.3;1.763;719.5;1.086;60;0;0;3.035;3.100;3.109;696;708;714;49.98;49.98;49.98;11312;1000;0.0;0;0.0000;0;0;1549;1549;1549
60;2014-04-18 09:17:00;909402N262;2147;1.585;30;235;235;234;236;3.055;49.98;486.1;1.515;388.2;1.811;660.8;1.134;60;0;0;3.006;3.077;3.084;705;717;724;49.98;49.98;49.98;11312;1000;0.0;0;0.0000;0;0;1585;1585;1585
60;2014-04-18 09:18:00;909402N262;2168;1.621;30;235;236;234;236;3.081;49.98;483.8;1.572;395.4;1.837;620.1;1.169;60;0;0;3.040;3.086;3.117;715;717;734;49.98;49.98;49.98;11312;1000;0.0;0;0.0000;0;0;1621;1621;1621
60;2014-04-18 09:19:00;909402N262;2184;1.657;30;235;235;234;236;3.107;50.00;481.2;1.630;400.6;1.854;605.1;1.159;60;0;0;3.049;3.122;3.151;715;726;742;50.00;50.00;50.00;11312;1000;0.0;0;0.0000;0;0;1657;1657;1657
60;2014-04-18 09:20:00;909402N262;2239;1.694;30;235;235;234;236;3.186;50.00;479.0;1.688;410.9;1.866;624.1;1.135;60;0;0;3.127;3.212;3.221;731;749;757;50.00;50.00;50.00;11312;1000;0.0;0;0.0000;0;0;1694;1694;1694
60;2014-04-18 09:21:00;909402N262;2295;1.733;30;235;235;235;236;3.263;50.01;476.7;1.744;415.0;1.889;636.6;1.139;60;0;0;3.205;3.291;3.295;751;768;775;50.01;50.01;50.01;11312;1000;0.0;0;0.0000;0;0;1733;1733;1733
60;2014-04-18 09:22:00;909402N262;2351;1.772;30;235;235;235;236;3.334;50.01;483.1;1.770;418.9;1.909;632.0;1.171;60;0;0;3.267;3.368;3.369;766;790;793;50.01;50.01;50.01;11312;1000;0.0;0;0.0000;0;0;1772;1772;1772
60;2014-04-18 09:23:00;909402N262;2395;1.813;30;235;235;235;235;3.402;50.01;485.0;1.814;421.7;1.924;637.3;1.177;60;0;0;3.338;3.446;3.424;782;808;803;50.01;50.01;50.01;11312;1000;0.0;0;0.0000;0;0;1813;1813;1813
60;2014-04-18 09:24:00;909402N262;2466;1.853;31;235;235;235;235;3.503;50.01;483.4;1.857;429.2;1.943;633.6;1.232;60;0;0;3.440;3.545;3.524;807;831;826;50.01;50.01;50.01;11312;1000;0.0;0;0.0000;0;0;1853;1853;1853
60;2014-04-18 09:25:00;909402N262;2516;1.895;31;235;236;235;235;3.573;50.01;482.8;1.893;432.6;1.959;653.3;1.227;60;0;0;3.519;3.609;3.593;827;845;842;50.01;50.01;50.01;11312;1000;0.0;0;0.0000;0;0;1895;1895;1895
60;2014-04-18 09:26:00;909402N262;2568;1.938;31;235;235;234;235;3.654;50.01;482.2;1.931;437.6;1.977;667.1;1.229;60;0;0;3.600;3.683;3.681;844;860;862;50.01;50.01;50.01;11312;1000;0.0;0;0.0000;0;0;1938;1938;1938
60;2014-04-18 09:27:00;909402N262;2628;1.981;31;235;235;234;236;3.742;50.02;481.5;1.968;446.4;1.996;694.4;1.200;60;0;0;3.689;3.766;3.773;864;878;885;50.02;50.02;50.02;11312;1000;0.0;0;0.0000;0;0;1981;1981;1981
60;2014-04-18 09:28:00;909402N262;2652;2.025;31;235;235;234;236;3.799;50.00;492.1;1.967;450.2;2.014;695.0;1.183;60;0;0;3.748;3.816;3.834;872;884;893;50.00;50.00;50.00;11312;1000;0.0;0;0.0000;0;0;2025;2025;2025
60;2014-04-18 09:29:00;909402N262;2701;2.071;31;235;235;234;236;3.909;50.00;508.5;1.984;453.9;2.032;656.8;1.246;60;0;0;3.872;3.911;3.946;890;899;909;50.00;50.00;50.00;11312;1000;0.0;0;0.0000;0;0;2071;2071;2071
60;2014-04-18 09:30:00;909402N262;2751;2.117;31;235;235;235;235;3.925;50.01;506.0;2.044;462.6;2.048;654.0;1.251;60;0;0;3.871;3.954;3.951;904;922;923;50.01;50.01;50.01;11312;1000;0.0;0;0.0000;0;0;2117;2117;2117
60;2014-04-18 09:31:00;909402N262;2782;2.163;31;235;235;235;235;3.949;49.99;501.0;2.094;458.3;2.070;653.1;1.289;60;0;0;3.901;3.971;3.975;916;931;933;49.99;49.99;49.99;11312;1000;0.0;0;0.0000;0;0;2163;2163;2163
60;2014-04-18 09:32:00;909402N262;2876;2.211;31;235;236;235;235;4.086;50.00;500.8;2.148;470.0;2.086;634.7;1.371;60;0;0;4.040;4.111;4.107;949;962;963;50.00;50.00;50.00;11312;1000;0.0;0;0.0000;0;0;2211;2211;2211
60;2014-04-18 09:33:00;909402N262;2938;2.260;31;235;236;234;235;4.173;49.99;500.2;2.187;472.4;2.102;656.0;1.375;60;0;0;4.146;4.189;4.185;977;979;980;49.99;49.99;49.99;11312;1000;0.0;0;0.0000;0;0;2260;2260;2260
60;2014-04-18 09:34:00;909402N262;3018;2.311;31;235;236;234;235;4.292;49.99;499.5;2.225;481.4;2.118;661.7;1.419;60;0;0;4.262;4.307;4.308;1003;1006;1008;49.99;49.99;49.99;11312;1000;0.0;0;0.0000;0;0;2311;2311;2311
60;2014-04-18 09:35:00;909402N262;3089;2.362;31;235;236;234;235;4.407;49.99;498.3;2.267;482.3;2.138;662.3;1.482;60;0;0;4.367;4.420;4.435;1026;1029;1031;49.99;49.99;49.99;11312;1000;0.0;0;0.0000;0;0;2362;2362;2362
60;2014-04-18 09:36:00;909402N262;3179;2.415;31;235;236;234;235;4.548;49.97;505.0;2.272;487.1;2.155;695.1;1.486;60;0;0;4.498;4.576;4.571;1052;1063;1063;49.97;49.97;49.97;11312;1000;0.0;0;0.0000;0;0;2415;2415;2415
60;2014-04-18 09:37:00;909402N262;3227;2.469;31;235;235;234;235;4.608;49.97;515.4;2.268;487.7;2.174;670.9;1.569;60;0;0;4.567;4.622;4.636;1071;1074;1080;49.97;49.97;49.97;11312;1000;0.0;0;0.0000;0;0;2469;2469;2469
60;2014-04-18 09:38:00;909402N262;3284;2.524;32;235;235;234;235;4.689;49.97;513.6;2.319;496.2;2.185;641.8;1.664;60;0;0;4.644;4.703;4.720;1086;1094;1102;49.97;49.97;49.97;11312;1000;0.0;0;0.0000;0;0;2524;2524;2524
60;2014-04-18 09:39:00;909402N262;3352;2.579;32;235;235;234;236;4.767;49.97;511.8;2.370;498.3;2.206;581.8;1.890;60;0;0;4.726;4.776;4.800;1109;1114;1127;49.98;49.97;49.97;11312;1000;0.0;0;0.0000;0;0;2579;2579;2579
60;2014-04-18 09:40:00;909402N262;3412;2.636;32;235;236;234;234;4.857;49.98;509.8;2.424;501.8;2.222;571.2;1.964;60;0;0;4.823;4.882;4.866;1134;1140;1136;49.98;49.98;49.98;11312;1000;0.0;0;0.0000;0;0;2636;2636;2636
60;2014-04-18 09:41:00;909402N262;3482;2.693;32;235;236;234;234;4.969;50.01;517.8;2.440;503.2;2.246;571.9;2.013;60;0;0;4.943;4.989;4.976;1161;1162;1157;50.01;50.01;50.01;11312;1000;0.0;0;0.0000;0;0;2693;2693;2693
60;2014-04-18 09:42:00;909402N262;3531;2.752;32;235;236;234;234;5.040;50.01;524.7;2.458;502.8;2.264;579.2;2.014;60;0;0;5.018;5.056;5.047;1178;1178;1173;50.01;50.01;50.01;11312;1000;0.0;0;0.0000;0;0;2752;2752;2752
60;2014-04-18 09:43:00;909402N262;3578;2.812;32;235;236;234;234;5.104;50.01;528.5;2.485;504.3;2.278;577.2;2.045;60;0;0;5.087;5.111;5.114;1196;1191;1189;50.01;50.01;50.01;11312;1000;0.0;0;0.0000;0;0;2812;2812;2812
60;2014-04-18 09:44:00;909402N262;3663;2.873;32;235;236;234;234;5.219;50.02;541.0;2.514;513.4;2.298;575.6;2.064;60;0;0;5.201;5.227;5.231;1224;1219;1218;50.02;50.02;50.02;11312;1000;0.0;0;0.0000;0;0;2873;2873;2873
60;2014-04-18 09:45:00;909402N262;3716;2.935;32;235;235;235;234;5.298;50.01;545.6;2.536;513.9;2.319;579.3;2.082;60;0;0;5.261;5.323;5.310;1233;1243;1238;50.01;50.01;50.01;11312;1000;0.0;0;0.0000;0;0;2935;2935;2935
60;2014-04-18 09:46:00;909402N262;3762;2.998;32;235;235;234;234;5.365;50.00;540.2;2.587;516.2;2.328;590.7;2.094;60;0;0;5.326;5.391;5.379;1247;1259;1254;50.00;50.00;50.00;11312;1000;0.0;0;0.0000;0;0;2998;2998;2998
60;2014-04-18 09:47:00;909402N262;3852;3.062;32;235;235;234;234;5.491;49.99;541.6;2.635;520.7;2.349;602.2;2.106;60;0;0;5.454;5.521;5.498;1278;1290;1283;49.99;49.99;49.99;11312;1000;0.0;0;0.0000;0;0;3062;3062;3062
60;2014-04-18 09:48:00;909402N262;3935;3.126;32;235;235;236;234;5.581;50.00;539.5;2.682;529.2;2.359;627.8;2.080;60;0;0;5.517;5.643;5.583;1296;1330;1308;49.99;50.00;50.00;11312;1000;0.0;0;0.0000;0;0;3126;3126;3126
60;2014-04-18 09:49:00;909402N262;4060;3.195;32;235;235;236;235;5.756;50.01;537.8;2.731;554.9;2.351;631.9;2.142;60;0;0;5.675;5.820;5.773;1331;1374;1353;50.01;50.01;50.01;11312;1000;0.0;0;0.0000;0;0;3195;3195;3195
60;2014-04-18 09:50:00;909402N262;4180;3.265;33;235;235;237;235;5.920;50.01;537.5;2.771;567.6;2.392;651.1;2.152;60;0;0;5.835;5.988;5.939;1370;1415;1393;50.01;50.01;50.01;11312;1000;0.0;0;0.0000;0;0;3265;3265;3265
60;2014-04-18 09:51:00;909402N262;4285;3.336;33;235;235;236;235;6.069;50.00;537.4;2.809;572.4;2.414;666.6;2.196;60;0;0;6.001;6.128;6.080;1411;1446;1426;50.00;50.00;50.00;11312;1000;0.0;0;0.0000;0;0;3336;3336;3336
60;2014-04-18 09:52:00;909402N262;4367;3.410;33;235;235;236;235;6.182;50.01;537.3;2.845;576.9;2.426;681.8;2.215;60;0;0;6.116;6.240;6.191;1439;1474;1452;50.01;50.01;50.01;11312;1000;0.0;0;0.0000;0;0;3410;3410;3410
60;2014-04-18 09:53:00;909402N262;4474;3.484;33;235;235;237;234;6.333;50.01;537.0;2.883;600.9;2.413;686.2;2.253;60;0;0;6.260;6.399;6.342;1472;1513;1487;50.01;50.01;50.01;11312;1000;0.0;0;0.0000;0;0;3484;3484;3484
60;2014-04-18 09:54:00;909402N262;4607;3.561;33;235;235;236;235;6.545;50.01;536.2;2.922;614.7;2.464;700.8;2.273;60;0;0;6.473;6.600;6.563;1518;1552;1535;50.01;50.01;50.01;11312;1000;0.0;0;0.0000;0;0;3561;3561;3561
60;2014-04-18 09:55:00;909402N262;4735;3.640;33;235;236;236;235;6.736;50.02;535.3;2.961;655.2;2.421;711.5;2.290;60;0;0;6.680;6.792;6.736;1569;1593;1572;50.02;50.02;50.02;11312;1000;0.0;0;0.0000;0;0;3640;3640;3640
60;2014-04-18 09:56:00;909402N262;4854;3.721;33;236;237;236;235;6.906;50.01;534.5;2.998;662.0;2.501;718.3;2.313;60;0;0;6.859;6.954;6.906;1612;1629;1611;50.01;50.01;50.01;11312;1000;0.0;0;0.0000;0;0;3721;3721;3721
60;2014-04-18 09:57:00;909402N262;4915;3.803;33;236;236;237;235;6.994;50.01;533.8;3.034;665.3;2.522;719.0;2.342;60;0;0;6.933;7.056;6.994;1624;1659;1630;50.01;50.01;50.01;11312;1000;0.0;0;0.0000;0;0;3803;3803;3803
60;2014-04-18 09:58:00;909402N262;4973;3.887;33;236;236;237;235;7.078;50.00;533.0;3.071;669.5;2.536;732.2;2.331;60;0;0;7.026;7.139;7.071;1646;1677;1648;50.00;50.00;50.00;11312;1000;0.0;0;0.0000;0;0;3887;3887;3887
60;2014-04-18 09:59:00;909402N262;5026;3.968;34;236;236;237;235;7.154;50.00;532.8;3.109;667.7;2.557;729.5;2.373;60;0;0;7.090;7.203;7.169;1660;1690;1675;50.00;50.00;50.00;11312;1000;0.0;0;0.0000;0;0;3968;3968;3968
60;2014-04-18 10:00:00;909402N262;5066;4.053;34;236;235;236;236;7.218;49.98;532.4;3.143;668.4;2.580;728.3;2.386;60;0;0;7.160;7.248;7.246;1673;1696;1695;49.98;49.98;49.98;11312;1000;0.0;0;0.0000;0;0;4053;4053;4053
[wr_ende]
