20150406;200002;danfoss;My Plant;+0100
[wr_def_start]
909402N262;Inverter Type;Inverter Group;Hanzl
[wr_def_end]
[wr]
INTERVAL;TIMESTAMP;SERIAL;P_AC;E_DAY;T_WR;U_AC;U_AC_1;U_AC_2;U_AC_3;I_AC;F_AC;U_DC_1;I_DC_1;U_DC_2;I_DC_2;U_DC_3;I_DC_3;S;E_WR;M_WR;I_AC_1;I_AC_2;I_AC_3;P_AC_1;P_AC_2;P_AC_3;F_AC_1;F_AC_2;F_AC_3;R_DC;PC;PCS;PCS_LL;COS_PHI;COS_PHI_LL;S_COS_PHI;Current_Day_Energy;current_Day_Offset;ccEnergyOfDay_WithoutOffset
60;2015-04-06 19:01:00;909402N262;191;42.784;36;233;232;234;234;0.385;50.05;425.0;0.250;546.7;0.080;683.2;0.066;60;0;0;0.360;0.483;0.313;58;78;53;50.05;50.05;50.05;15771;1000;0.0;0;1.0000;0;2;42784;42784;42784
60;2015-04-06 19:02:00;909402N262;195;42.788;36;233;232;233;234;0.396;50.05;430.4;0.260;566.0;0.076;690.1;0.063;60;0;0;0.365;0.486;0.337;59;78;57;50.05;50.05;50.05;15771;1000;0.0;0;1.0000;0;2;42788;42788;42788
60;2015-04-06 19:03:00;909402N262;164;42.791;35;233;231;233;234;0.346;50.04;422.8;0.207;559.0;0.071;675.7;0.060;60;0;0;0.327;0.382;0.330;50;59;53;50.04;50.04;50.04;15771;1000;0.0;0;1.0000;0;2;42791;42791;42791
60;2015-04-06 19:04:00;909402N262;137;42.793;35;233;231;233;234;0.287;50.03;416.2;0.163;553.2;0.064;673.9;0.055;60;0;0;0.290;0.307;0.264;46;48;42;50.03;50.03;50.03;15771;1000;0.0;0;1.0000;0;2;42793;42793;42793
60;2015-04-06 19:05:00;909402N262;124;42.795;35;233;230;234;234;0.256;50.01;435.7;0.136;541.8;0.060;672.1;0.051;60;0;0;0.244;0.289;0.236;39;45;39;50.01;50.01;50.01;15771;1000;0.0;0;1.0000;0;2;42795;42795;42795
60;2015-04-06 19:06:00;909402N262;115;42.797;35;234;232;235;234;0.255;50.02;460.5;0.118;547.5;0.055;666.7;0.047;60;0;0;0.225;0.311;0.230;33;45;35;50.02;50.02;50.02;15771;1000;0.0;0;1.0000;0;2;42797;42797;42797
60;2015-04-06 19:07:00;909402N262;105;42.800;35;233;232;234;234;0.247;50.03;452.9;0.110;533.2;0.050;654.7;0.044;60;0;0;0.217;0.301;0.224;29;41;32;50.03;50.03;50.03;15771;1000;0.0;0;1.0000;0;2;42800;42800;42800
60;2015-04-06 19:08:00;909402N262;96;42.800;35;233;232;234;234;0.233;50.03;477.5;0.096;526.0;0.046;645.5;0.042;60;0;0;0.197;0.259;0.245;26;34;34;50.03;50.03;50.03;15771;1000;0.0;0;1.0000;0;2;42800;42800;42800
60;2015-04-06 19:09:00;909402N262;89;42.803;35;233;232;234;233;0.219;50.02;484.4;0.087;528.9;0.042;640.4;0.039;60;0;0;0.183;0.290;0.184;24;38;25;50.02;50.02;50.02;15771;1000;0.0;0;1.0000;0;2;42803;42803;42803
60;2015-04-06 19:10:00;909402N262;83;42.804;35;233;231;234;234;0.207;50.02;490.7;0.081;505.7;0.041;642.0;0.036;60;0;0;0.171;0.259;0.192;22;33;27;50.02;50.02;50.02;15771;1000;0.0;0;1.0000;0;2;42804;42804;42804
60;2015-04-06 19:11:00;909402N262;78;42.804;35;233;232;234;234;0.194;50.01;485.3;0.078;506.1;0.039;628.5;0.035;60;0;0;0.167;0.228;0.187;21;28;26;50.01;50.01;50.01;15771;1000;0.0;0;1.0000;0;2;42804;42804;42804
60;2015-04-06 19:12:00;909402N262;72;42.807;35;234;233;234;234;0.182;50.02;490.9;0.071;509.9;0.036;616.8;0.033;60;0;0;0.152;0.239;0.156;19;31;21;50.01;50.01;50.01;15771;1000;0.0;0;1.0000;0;2;42807;42807;42807
60;2015-04-06 19:13:00;909402N262;66;42.807;35;233;232;234;234;0.169;50.01;487.9;0.065;502.2;0.032;626.8;0.031;60;0;0;0.139;0.197;0.172;17;23;24;50.01;50.01;50.01;15771;1000;0.0;0;1.0000;0;2;42807;42807;42807
60;2015-04-06 19:14:00;909402N262;59;42.808;35;233;233;234;234;0.153;50.00;491.3;0.058;486.3;0.030;614.5;0.027;60;0;0;0.093;0.231;0.136;10;29;19;50.00;50.00;50.00;15771;1000;0.0;0;1.0000;0;2;42808;42808;42808
60;2015-04-06 19:15:00;909402N262;53;42.809;35;233;232;234;233;0.141;49.99;490.6;0.053;486.4;0.026;598.3;0.026;60;0;0;0.083;0.192;0.148;9;21;20;49.99;49.99;49.99;15771;1000;0.0;0;1.0000;0;2;42809;42809;42809
60;2015-04-06 19:16:00;909402N262;46;42.810;34;233;231;234;234;0.123;49.99;455.7;0.050;486.8;0.023;578.2;0.022;60;0;0;0.101;0.139;0.130;12;14;17;49.99;49.99;49.99;15771;1000;0.0;0;1.0000;0;2;42810;42810;42810
60;2015-04-06 19:17:00;909402N262;43;42.811;34;233;231;233;234;0.114;49.99;460.5;0.047;466.2;0.023;610.7;0.019;60;0;0;0.097;0.123;0.122;12;14;15;49.99;49.99;49.99;15771;1000;0.0;0;1.0000;0;2;42811;42811;42811
60;2015-04-06 19:18:00;909402N262;39;42.812;34;233;232;233;234;0.102;49.99;465.3;0.042;458.5;0.020;588.8;0.019;60;0;0;0.076;0.140;0.090;8;17;11;49.99;49.99;49.99;15771;1000;0.0;0;1.0000;0;2;42812;42812;42812
60;2015-04-06 19:19:00;909402N262;34;42.812;34;233;232;233;234;0.092;50.00;447.4;0.040;438.2;0.019;553.1;0.018;60;0;0;0.076;0.112;0.089;9;12;11;50.00;50.00;50.00;15771;1000;0.0;0;1.0000;0;2;42812;42812;42812
60;2015-04-06 19:20:00;909402N262;31;42.812;34;233;231;234;233;0.087;49.99;452.3;0.036;468.5;0.015;531.5;0.016;60;0;0;0.060;0.113;0.089;7;10;12;49.99;49.99;49.99;15771;1000;0.0;0;1.0000;0;2;42812;42812;42812
60;2015-04-06 19:21:00;909402N262;27;42.812;34;233;230;234;233;0.075;49.98;448.8;0.033;469.3;0.013;532.7;0.015;60;0;0;0.042;0.106;0.078;5;11;10;49.98;49.98;49.98;15771;1000;0.0;0;1.0000;0;2;42812;42812;42812
60;2015-04-06 19:22:00;909402N262;24;42.814;34;232;230;234;233;0.067;49.97;435.2;0.030;443.5;0.011;520.8;0.013;60;0;0;0.046;0.091;0.066;5;8;9;49.97;49.97;49.97;15771;1000;0.0;0;1.0000;0;2;42814;42814;42814
60;2015-04-06 19:23:00;909402N262;21;42.814;34;232;231;233;233;0.057;49.97;440.8;0.027;478.6;0.009;527.5;0.011;60;0;0;0.044;0.079;0.048;5;9;6;49.97;49.97;49.97;15771;1000;0.0;0;1.0000;0;2;42814;42814;42814
60;2015-04-06 19:24:00;909402N262;18;42.815;34;233;231;234;233;0.047;49.96;445.0;0.023;458.4;0.007;535.7;0.010;60;0;0;0.026;0.080;0.036;3;10;4;49.96;49.96;49.96;15771;1000;0.0;0;1.0000;0;2;42815;42815;42815
60;2015-04-06 19:25:00;909402N262;15;42.815;34;232;231;233;233;0.040;49.96;447.1;0.020;424.2;0.007;524.7;0.007;60;0;0;0.027;0.058;0.037;3;7;4;49.96;49.96;49.96;15771;1000;0.0;0;1.0000;0;2;42815;42815;42815
60;2015-04-06 19:26:00;909402N262;11;42.815;34;232;231;233;233;0.033;49.97;437.2;0.019;365.3;0.007;498.5;0.007;60;0;0;0.022;0.047;0.032;2;5;3;49.97;49.97;49.97;15771;1000;0.0;0;1.0000;0;2;42815;42815;42815
60;2015-04-06 19:27:00;909402N262;8;42.815;34;232;231;233;233;0.023;49.96;426.9;0.016;323.4;0.007;409.4;0.007;60;0;0;0.017;0.032;0.021;2;3;2;49.96;49.96;49.96;15771;1000;0.0;0;1.0000;0;2;42815;42815;42815
60;2015-04-06 19:28:00;909402N262;4;42.815;34;232;231;233;233;0.013;49.96;417.2;0.015;366.6;0.005;303.5;0.007;60;0;0;0.005;0.020;0.015;0;2;1;49.96;49.96;49.96;15771;1000;0.0;0;1.0000;0;2;42815;42815;42815
60;2015-04-06 19:29:00;909402N262;2;42.815;33;232;230;233;232;0.008;49.96;411.3;0.011;334.2;0.003;321.8;0.005;60;0;0;0.006;0.014;0.005;0;1;0;49.96;49.96;49.96;15771;1000;0.0;0;1.0000;0;2;42815;42815;42815
60;2015-04-06 19:30:00;909402N262;1;42.815;33;232;231;233;233;0.004;49.97;399.8;0.009;292.3;0.003;372.4;0.003;60;0;0;0.007;0.005;0.000;0;0;0;49.97;49.97;49.97;15771;1000;0.0;0;1.0000;0;2;42815;42815;42815
60;2015-04-06 19:31:00;909402N262;0;42.815;33;232;231;233;233;0.000;49.98;405.4;0.006;262.3;0.002;299.0;0.002;60;0;0;0.000;0.002;0.000;0;0;0;49.98;49.98;49.98;15771;1000;0.0;0;1.0000;0;2;42815;42815;42815
60;2015-04-06 19:32:00;909402N262;0;42.815;33;232;231;233;233;0.002;49.99;301.6;0.006;307.4;0.000;277.6;0.002;60;0;0;0.000;0.007;0.000;0;0;0;49.99;49.99;49.99;15771;1000;0.0;0;1.0000;0;2;42815;42815;42815
60;2015-04-06 19:33:00;909402N262;0;42.815;33;232;232;234;232;0.013;49.99;277.9;0.004;274.8;0.000;312.2;0.000;60;0;0;0.000;0.039;0.000;0;0;0;49.99;49.99;49.99;15771;1000;0.0;0;1.0000;0;2;42815;42815;42815
60;2015-04-06 19:34:00;909402N262;0;42.815;33;232;232;232;233;0.016;49.98;266.7;0.003;255.1;0.000;378.3;0.000;60;0;0;0.042;0.006;0.000;0;0;0;49.98;49.98;49.98;15771;1000;0.0;0;1.0000;0;2;42815;42815;42815
60;2015-04-06 19:35:00;909402N262;0;42.815;33;232;232;232;232;0.028;49.98;264.5;0.001;254.7;0.000;315.3;0.000;60;0;0;0.086;0.000;0.000;0;0;0;49.98;49.98;49.98;15771;1000;0.0;0;1.0000;0;2;42815;42815;42815
60;2015-04-06 19:36:00;909402N262;0;42.815;33;231;231;232;231;0.002;49.98;391.1;0.000;292.8;0.000;297.3;0.000;50;0;0;0.007;0.000;0.000;0;0;0;49.98;49.98;49.98;15771;1000;0.0;0;1.0000;0;2;42815;42815;42815
60;2015-04-06 19:37:00;909402N262;0;42.815;33;231;231;231;231;0.000;49.98;247.3;0.000;244.1;0.000;243.7;0.000;50;0;0;0.000;0.000;0.000;0;0;0;49.98;49.98;49.98;15771;1000;0.0;0;1.0000;0;2;42815;42815;42815
60;2015-04-06 19:38:00;909402N262;0;42.815;33;232;232;233;231;0.000;49.99;232.7;0.000;232.1;0.000;232.7;0.000;50;0;0;0.000;0.000;0.000;0;0;0;49.99;49.99;49.99;15771;1000;0.0;0;1.0000;0;2;42815;42815;42815
60;2015-04-06 19:39:00;909402N262;0;42.815;32;231;231;232;231;0.000;49.99;229.7;0.000;229.1;0.000;229.7;0.000;50;0;0;0.000;0.000;0.000;0;0;0;49.99;49.99;49.99;15771;1000;0.0;0;1.0000;0;2;42815;42815;42815
60;2015-04-06 19:40:00;909402N262;0;42.815;32;232;231;233;231;0.000;49.99;227.4;0.000;226.8;0.000;227.7;0.000;50;0;0;0.000;0.000;0.000;0;0;0;49.99;49.99;49.99;15771;1000;0.0;0;1.0000;0;2;42815;42815;42815
60;2015-04-06 19:41:00;909402N262;0;42.815;32;232;232;233;231;0.000;49.99;234.9;0.000;234.3;0.000;234.9;0.000;50;0;0;0.000;0.000;0.000;0;0;0;49.99;49.99;49.99;15771;1000;0.0;0;1.0000;0;2;42815;42815;42815
60;2015-04-06 19:42:00;909402N262;0;42.815;31;231;231;233;231;0.000;49.98;234.3;0.000;233.7;0.000;234.3;0.000;50;0;0;0.000;0.000;0.000;0;0;0;49.98;49.98;49.98;15771;1000;0.0;0;1.0000;0;2;42815;42815;42815
60;2015-04-06 19:43:00;909402N262;0;42.815;31;231;230;233;231;0.000;49.98;231.0;0.000;230.4;0.000;230.4;0.000;50;0;0;0.000;0.000;0.000;0;0;0;49.98;49.97;49.97;15771;1000;0.0;0;1.0000;0;2;42815;42815;42815
60;2015-04-06 19:44:00;909402N262;0;42.815;31;231;230;233;230;0.000;49.98;228.3;0.000;227.7;0.000;228.2;0.000;50;0;0;0.000;0.000;0.000;0;0;0;49.98;49.98;49.98;15771;1000;0.0;0;1.0000;0;2;42815;42815;42815
60;2015-04-06 19:45:00;909402N262;0;42.815;30;231;230;232;230;0.000;49.97;230.4;0.000;229.8;0.000;231.5;0.000;50;0;0;0.000;0.000;0.000;0;0;0;49.97;49.97;49.97;15771;1000;0.0;0;1.0000;0;2;42815;42815;42815
60;2015-04-06 19:46:00;909402N262;0;42.815;30;231;231;232;230;0.000;49.97;228.3;0.000;227.7;0.000;228.6;0.000;50;0;0;0.000;0.000;0.000;0;0;0;49.97;49.97;49.97;15771;1000;0.0;0;1.0000;0;2;42815;42815;42815
60;2015-04-06 19:47:00;909402N262;0;42.815;30;230;230;231;230;0.000;49.97;229.1;0.000;228.5;0.000;229.0;0.000;50;0;0;0.000;0.000;0.000;0;0;0;49.97;49.97;49.97;15771;1000;0.0;0;1.0000;0;2;42815;42815;42815
60;2015-04-06 19:48:00;909402N262;0;42.815;30;231;231;232;230;0.000;49.97;227.9;0.000;227.3;0.000;227.7;0.000;50;0;0;0.000;0.000;0.000;0;0;0;49.97;49.97;49.97;15771;1000;0.0;0;1.0000;0;2;42815;42815;42815
60;2015-04-06 19:49:00;909402N262;0;42.815;29;231;231;231;230;0.000;49.97;228.4;0.000;227.8;0.000;228.3;0.000;50;0;0;0.000;0.000;0.000;0;0;0;49.97;49.97;49.97;15771;1000;0.0;0;1.0000;0;2;42815;42815;42815
60;2015-04-06 19:50:00;909402N262;0;42.815;29;231;232;232;229;0.000;49.97;228.7;0.000;225.0;0.000;228.4;0.000;50;0;0;0.000;0.000;0.000;0;0;0;49.97;49.97;49.97;15771;1000;0.0;0;1.0000;0;2;42815;42815;42815
60;2015-04-06 19:51:00;909402N262;0;42.815;29;231;231;233;229;0.000;49.97;228.8;0.000;212.3;0.000;221.3;0.000;50;0;0;0.000;0.000;0.000;0;0;0;49.97;49.97;49.97;15771;1000;0.0;0;1.0000;0;2;42815;42815;42815
60;2015-04-06 19:52:00;909402N262;0;42.815;29;232;232;233;230;0.000;49.97;229.5;0.000;192.7;0.000;201.9;0.000;50;0;0;0.000;0.000;0.000;0;0;0;49.97;49.97;49.97;15771;1000;0.0;0;1.0000;0;2;42815;42815;42815
60;2015-04-06 19:53:00;909402N262;0;42.815;28;234;234;235;232;0.000;49.97;224.2;0.000;173.5;0.000;180.0;0.000;50;0;0;0.000;0.000;0.000;0;0;0;49.97;49.97;49.97;15771;1000;0.0;0;1.0000;0;2;42815;42815;42815
60;2015-04-06 19:54:00;909402N262;0;42.815;28;233;233;235;232;0.000;49.97;237.1;0.000;155.6;0.000;159.6;0.000;50;0;0;0.000;0.000;0.000;0;0;0;49.97;49.97;49.97;15771;1000;0.0;0;1.0000;0;2;42815;42815;42815
60;2015-04-06 19:55:00;909402N262;0;42.815;28;234;233;236;232;0.000;49.97;238.4;0.000;138.5;0.000;140.4;0.000;50;0;0;0.000;0.000;0.000;0;0;0;49.97;49.97;49.97;15771;1000;0.0;0;1.0000;0;2;42815;42815;42815
60;2015-04-06 19:56:00;909402N262;0;42.815;28;233;234;235;231;0.000;49.98;230.4;0.000;122.3;0.000;122.5;0.000;50;0;0;0.000;0.000;0.000;0;0;0;49.98;49.98;49.98;15771;1000;0.0;0;1.0000;0;2;42815;42815;42815
60;2015-04-06 19:57:00;909402N262;0;42.815;28;233;233;235;231;0.000;49.98;217.6;0.000;107.2;0.000;106.3;0.000;50;0;0;0.000;0.000;0.000;0;0;0;49.98;49.98;49.98;15771;1000;0.0;0;1.0000;0;2;42815;42815;42815
[wr_ende]
