20140323;080001;danfoss;My Plant;+0100
[wr_def_start]
909402N262;Inverter Type;Inverter Group;Hanzl
[wr_def_end]
[wr]
INTERVAL;TIMESTAMP;SERIAL;P_AC;E_DAY;T_WR;U_AC;U_AC_1;U_AC_2;U_AC_3;I_AC;F_AC;U_DC_1;I_DC_1;U_DC_2;I_DC_2;U_DC_3;I_DC_3;S;E_WR;M_WR;I_AC_1;I_AC_2;I_AC_3;P_AC_1;P_AC_2;P_AC_3;F_AC_1;F_AC_2;F_AC_3;R_DC;PC;PCS;PCS_LL;COS_PHI;COS_PHI_LL;S_COS_PHI;Current_Day_Energy;current_Day_Offset;ccEnergyOfDay_WithoutOffset
60;2014-03-23 07:01:00;909402N262;182;0.058;25;235;235;236;235;0.411;50.02;512.2;0.143;552.3;0.090;678.3;0.090;60;0;0;0.361;0.520;0.353;54;72;54;50.02;50.02;50.02;25431;1000;0.0;0;0.0000;0;0;58;58;58
60;2014-03-23 07:02:00;909402N262;202;0.062;25;235;235;236;235;0.443;50.03;523.3;0.156;573.0;0.099;681.2;0.099;60;0;0;0.421;0.531;0.378;63;79;58;50.03;50.03;50.03;25431;1000;0.0;0;0.0000;0;0;62;62;62
60;2014-03-23 07:03:00;909402N262;224;0.066;25;235;235;236;235;0.471;50.02;525.7;0.170;580.3;0.108;689.2;0.110;60;0;0;0.427;0.552;0.436;68;85;69;50.02;50.02;50.02;25431;1000;0.0;0;0.0000;0;0;66;66;66
60;2014-03-23 07:04:00;909402N262;247;0.069;25;235;234;235;234;0.499;50.01;530.6;0.184;587.5;0.119;695.4;0.120;60;0;0;0.429;0.604;0.464;70;98;77;50.01;50.01;50.01;25431;1000;0.0;0;0.0000;0;0;69;69;69
60;2014-03-23 07:05:00;909402N262;270;0.074;25;235;234;235;234;0.537;50.01;530.5;0.200;594.3;0.128;701.5;0.130;60;0;0;0.464;0.663;0.484;77;110;80;50.01;50.01;50.01;25431;1000;0.0;0;0.0000;0;0;74;74;74
60;2014-03-23 07:06:00;909402N262;291;0.079;25;235;234;235;235;0.575;50.01;533.1;0.213;600.8;0.137;706.1;0.141;60;0;0;0.536;0.665;0.524;90;111;88;50.01;50.01;50.01;25431;1000;0.0;0;0.0000;0;0;79;79;79
60;2014-03-23 07:07:00;909402N262;312;0.084;26;234;234;235;235;0.601;50.01;534.7;0.227;607.4;0.146;710.6;0.151;60;0;0;0.566;0.679;0.559;98;116;97;50.01;50.01;50.01;25431;1000;0.0;0;0.0000;0;0;84;84;84
60;2014-03-23 07:08:00;909402N262;332;0.089;26;234;234;235;235;0.630;50.01;536.5;0.239;613.3;0.154;714.3;0.159;60;0;0;0.610;0.696;0.585;105;121;103;50.01;50.01;50.01;25431;1000;0.0;0;0.0000;0;0;89;89;89
60;2014-03-23 07:09:00;909402N262;345;0.095;26;234;234;235;235;0.650;50.00;538.4;0.247;619.8;0.159;713.4;0.165;60;0;0;0.592;0.733;0.626;103;128;111;50.00;50.00;50.00;25431;1000;0.0;0;0.0000;0;0;95;95;95
60;2014-03-23 07:10:00;909402N262;350;0.101;26;234;234;235;234;0.655;49.99;539.2;0.250;623.5;0.161;715.0;0.168;60;0;0;0.594;0.726;0.646;105;128;115;49.99;49.99;49.99;25431;1000;0.0;0;0.0000;0;0;101;101;101
60;2014-03-23 07:11:00;909402N262;349;0.106;26;234;234;235;234;0.657;49.98;539.3;0.249;624.7;0.160;712.6;0.167;60;0;0;0.573;0.765;0.634;102;133;112;49.98;49.98;49.98;25431;1000;0.0;0;0.0000;0;0;106;106;106
60;2014-03-23 07:12:00;909402N262;342;0.113;26;234;234;235;234;0.643;49.98;537.6;0.246;621.7;0.159;715.3;0.165;60;0;0;0.572;0.729;0.630;101;128;112;49.98;49.98;49.98;25431;1000;0.0;0;0.0000;0;0;113;113;113
60;2014-03-23 07:13:00;909402N262;335;0.119;26;234;234;234;235;0.629;50.00;537.0;0.240;617.4;0.156;717.9;0.160;60;0;0;0.611;0.674;0.603;107;119;107;50.00;50.00;50.00;25431;1000;0.0;0;0.0000;0;0;119;119;119
60;2014-03-23 07:14:00;909402N262;325;0.124;26;234;234;234;234;0.621;49.99;535.0;0.236;616.0;0.152;709.7;0.157;60;0;0;0.581;0.699;0.583;100;121;102;49.99;49.99;49.99;25431;1000;0.0;0;0.0000;0;0;124;124;124
60;2014-03-23 07:15:00;909402N262;317;0.129;26;234;234;234;235;0.599;50.00;534.7;0.231;610.3;0.150;714.5;0.151;60;0;0;0.573;0.679;0.545;100;119;96;50.00;50.00;50.00;25431;1000;0.0;0;0.0000;0;0;129;129;129
60;2014-03-23 07:16:00;909402N262;309;0.134;26;234;234;234;235;0.600;50.01;528.0;0.231;579.2;0.152;704.9;0.151;60;0;0;0.581;0.664;0.556;100;111;96;50.01;50.01;50.01;25431;1000;0.0;0;0.0000;0;0;134;134;134
60;2014-03-23 07:17:00;909402N262;321;0.139;26;234;234;234;235;0.617;50.00;534.4;0.235;602.0;0.153;714.8;0.152;60;0;0;0.566;0.703;0.583;98;120;101;50.00;50.00;50.00;25431;1000;0.0;0;0.0000;0;0;139;139;139
60;2014-03-23 07:18:00;909402N262;333;0.145;26;234;234;233;235;0.643;50.00;535.9;0.243;604.3;0.158;711.3;0.159;60;0;0;0.599;0.710;0.622;102;122;108;50.00;50.01;50.00;25431;1000;0.0;0;0.0000;0;0;145;145;145
60;2014-03-23 07:19:00;909402N262;346;0.151;27;234;233;234;235;0.658;50.00;537.3;0.252;610.2;0.163;714.1;0.165;60;0;0;0.587;0.754;0.633;102;132;111;50.00;50.00;50.00;25431;1000;0.0;0;0.0000;0;0;151;151;151
60;2014-03-23 07:20:00;909402N262;356;0.157;27;234;233;234;235;0.665;50.00;538.3;0.258;613.2;0.166;718.2;0.169;60;0;0;0.599;0.759;0.638;106;135;114;50.00;50.00;50.00;25431;1000;0.0;0;0.0000;0;0;157;157;157
60;2014-03-23 07:21:00;909402N262;363;0.163;27;234;234;233;235;0.669;50.00;538.0;0.262;617.1;0.168;722.4;0.171;60;0;0;0.577;0.782;0.648;104;140;117;50.00;50.00;50.00;25431;1000;0.0;0;0.0000;0;0;163;163;163
60;2014-03-23 07:22:00;909402N262;365;0.169;27;234;233;234;235;0.680;50.01;538.6;0.264;618.4;0.169;720.8;0.173;60;0;0;0.619;0.768;0.655;110;137;116;50.01;50.01;50.01;25431;1000;0.0;0;0.0000;0;0;169;169;169
60;2014-03-23 07:23:00;909402N262;370;0.175;27;234;233;233;235;0.693;50.00;540.2;0.267;618.5;0.170;717.1;0.176;60;0;0;0.632;0.800;0.649;112;142;115;50.00;50.00;50.00;25431;1000;0.0;0;0.0000;0;0;175;175;175
60;2014-03-23 07:24:00;909402N262;381;0.181;27;234;233;233;235;0.699;50.00;539.6;0.275;619.4;0.175;722.3;0.179;60;0;0;0.624;0.786;0.689;112;142;125;50.00;50.00;50.00;25431;1000;0.0;0;0.0000;0;0;181;181;181
60;2014-03-23 07:25:00;909402N262;394;0.188;27;234;233;233;235;0.729;50.01;540.8;0.284;620.5;0.181;720.3;0.187;60;0;0;0.710;0.815;0.663;127;146;119;50.01;50.01;50.01;25431;1000;0.0;0;0.0000;0;0;188;188;188
60;2014-03-23 07:26:00;909402N262;407;0.195;27;234;233;233;235;0.745;50.02;541.4;0.291;622.6;0.186;727.2;0.191;60;0;0;0.724;0.835;0.678;131;150;123;50.02;50.02;50.02;25431;1000;0.0;0;0.0000;0;0;195;195;195
60;2014-03-23 07:27:00;909402N262;412;0.202;27;234;233;233;235;0.762;50.01;541.7;0.294;627.7;0.188;722.8;0.196;60;0;0;0.760;0.813;0.713;137;147;126;50.01;50.01;50.01;25431;1000;0.0;0;0.0000;0;0;202;202;202
60;2014-03-23 07:28:00;909402N262;410;0.208;27;233;233;233;234;0.751;50.00;541.4;0.292;628.4;0.187;724.3;0.195;60;0;0;0.737;0.820;0.698;133;150;126;50.00;50.00;50.00;25431;1000;0.0;0;0.0000;0;0;208;208;208
60;2014-03-23 07:29:00;909402N262;402;0.215;27;233;233;233;234;0.734;49.99;541.9;0.286;627.6;0.184;725.9;0.190;60;0;0;0.706;0.811;0.687;129;146;125;49.99;49.99;49.99;25431;1000;0.0;0;0.0000;0;0;215;215;215
60;2014-03-23 07:30:00;909402N262;389;0.221;27;234;233;234;234;0.721;49.99;540.6;0.278;629.0;0.178;721.6;0.185;60;0;0;0.674;0.823;0.667;122;146;120;49.99;49.99;49.99;25431;1000;0.0;0;0.0000;0;0;221;221;221
60;2014-03-23 07:31:00;909402N262;370;0.228;27;234;233;235;234;0.686;50.00;533.6;0.268;616.1;0.173;710.1;0.178;60;0;0;0.611;0.812;0.635;109;144;115;49.99;49.99;50.00;25431;1000;0.0;0;0.0000;0;0;228;228;228
60;2014-03-23 07:32:00;909402N262;355;0.234;27;234;234;234;234;0.662;50.00;538.1;0.256;621.0;0.164;714.8;0.168;60;0;0;0.585;0.767;0.636;104;136;113;50.00;50.00;50.00;25431;1000;0.0;0;0.0000;0;0;234;234;234
60;2014-03-23 07:33:00;909402N262;337;0.240;27;234;234;234;234;0.636;50.00;537.9;0.246;615.6;0.157;712.2;0.160;60;0;0;0.602;0.700;0.607;105;122;108;50.00;50.00;50.00;25431;1000;0.0;0;0.0000;0;0;240;240;240
60;2014-03-23 07:34:00;909402N262;329;0.245;27;234;233;234;234;0.632;49.98;538.4;0.242;611.6;0.153;708.1;0.157;60;0;0;0.580;0.717;0.601;99;124;104;49.98;49.98;49.98;25431;1000;0.0;0;0.0000;0;0;245;245;245
60;2014-03-23 07:35:00;909402N262;332;0.251;28;233;233;233;234;0.639;49.98;541.0;0.245;607.7;0.155;706.7;0.158;60;0;0;0.579;0.711;0.628;100;121;109;49.98;49.98;49.98;25431;1000;0.0;0;0.0000;0;0;251;251;251
60;2014-03-23 07:36:00;909402N262;345;0.256;28;233;233;233;234;0.643;49.98;543.9;0.252;608.7;0.161;715.4;0.162;60;0;0;0.585;0.727;0.617;104;129;110;49.98;49.98;49.98;25431;1000;0.0;0;0.0000;0;0;256;256;256
60;2014-03-23 07:37:00;909402N262;361;0.262;28;233;233;234;234;0.668;49.98;546.4;0.262;610.6;0.167;716.5;0.169;60;0;0;0.602;0.764;0.638;107;137;115;49.98;49.98;49.98;25431;1000;0.0;0;0.0000;0;0;262;262;262
60;2014-03-23 07:38:00;909402N262;372;0.268;28;233;233;233;234;0.688;49.97;548.8;0.268;616.2;0.170;716.1;0.175;60;0;0;0.649;0.758;0.658;117;135;118;49.97;49.97;49.97;25431;1000;0.0;0;0.0000;0;0;268;268;268
60;2014-03-23 07:39:00;909402N262;380;0.274;28;233;233;234;234;0.700;49.97;550.4;0.273;617.4;0.174;715.9;0.179;60;0;0;0.684;0.773;0.645;123;138;117;49.97;49.97;49.97;25431;1000;0.0;0;0.0000;0;0;274;274;274
60;2014-03-23 07:40:00;909402N262;392;0.282;28;233;233;234;234;0.715;49.97;552.8;0.281;618.3;0.179;721.4;0.183;60;0;0;0.685;0.791;0.669;125;143;122;49.97;49.97;49.97;25431;1000;0.0;0;0.0000;0;0;282;282;282
60;2014-03-23 07:41:00;909402N262;413;0.289;28;233;233;234;233;0.744;49.98;553.6;0.295;618.5;0.187;723.8;0.192;60;0;0;0.734;0.802;0.698;134;147;129;49.98;49.98;49.98;25431;1000;0.0;0;0.0000;0;0;289;289;289
60;2014-03-23 07:42:00;909402N262;442;0.296;28;233;232;234;234;0.789;49.99;555.5;0.316;619.0;0.201;729.7;0.205;60;0;0;0.772;0.831;0.764;143;155;143;49.99;49.99;49.99;25431;1000;0.0;0;0.0000;0;0;296;296;296
60;2014-03-23 07:43:00;909402N262;498;0.305;28;233;233;234;234;0.886;49.99;559.8;0.351;622.0;0.225;737.9;0.227;60;0;0;0.881;0.939;0.840;164;174;158;49.99;49.99;49.99;25431;1000;0.0;0;0.0000;0;0;305;305;305
60;2014-03-23 07:44:00;909402N262;571;0.314;28;234;233;234;234;1.005;49.99;561.3;0.398;631.4;0.256;742.7;0.261;60;0;0;0.978;1.046;0.993;183;197;188;49.99;49.99;49.99;25431;1000;0.0;0;0.0000;0;0;314;314;314
60;2014-03-23 07:45:00;909402N262;639;0.323;28;234;233;234;234;1.111;49.99;563.1;0.440;642.1;0.283;750.1;0.292;60;0;0;1.078;1.141;1.115;205;218;214;49.99;49.99;49.99;25431;1000;0.0;0;0.0000;0;0;323;323;323
60;2014-03-23 07:46:00;909402N262;692;0.335;28;233;233;234;234;1.186;49.99;558.9;0.478;632.8;0.309;753.7;0.318;60;0;0;1.177;1.205;1.176;228;233;229;49.99;49.99;49.99;25431;1000;0.0;0;0.0000;0;0;335;335;335
60;2014-03-23 07:47:00;909402N262;751;0.348;28;233;234;233;234;1.257;49.99;565.0;0.508;654.6;0.328;760.0;0.341;60;0;0;1.246;1.279;1.248;247;255;247;49.99;49.99;49.99;25431;1000;0.0;0;0.0000;0;0;348;348;348
60;2014-03-23 07:48:00;909402N262;789;0.362;28;233;234;233;234;1.301;49.99;565.2;0.530;659.0;0.342;763.3;0.358;60;0;0;1.293;1.322;1.288;260;268;259;49.99;49.99;49.99;25431;1000;0.0;0;0.0000;0;0;362;362;362
60;2014-03-23 07:49:00;909402N262;808;0.375;28;233;233;233;234;1.331;49.99;565.2;0.540;661.3;0.349;766.4;0.366;60;0;0;1.318;1.345;1.330;266;272;267;49.99;49.99;49.99;25431;1000;0.0;0;0.0000;0;0;375;375;375
60;2014-03-23 07:50:00;909402N262;810;0.389;28;234;233;234;234;1.334;50.00;565.4;0.541;662.7;0.350;767.0;0.367;60;0;0;1.321;1.346;1.335;266;274;268;50.00;50.00;50.00;25431;1000;0.0;0;0.0000;0;0;389;389;389
60;2014-03-23 07:51:00;909402N262;804;0.402;28;234;233;234;233;1.328;50.01;564.9;0.536;662.6;0.348;765.3;0.365;60;0;0;1.325;1.337;1.323;266;271;264;50.01;50.01;50.01;25431;1000;0.0;0;0.0000;0;0;402;402;402
60;2014-03-23 07:52:00;909402N262;790;0.414;29;233;233;234;233;1.308;50.00;564.2;0.527;662.3;0.344;762.9;0.360;60;0;0;1.296;1.330;1.300;259;270;259;50.00;50.00;50.00;25431;1000;0.0;0;0.0000;0;0;414;414;414
60;2014-03-23 07:53:00;909402N262;767;0.428;29;233;233;234;233;1.276;49.99;563.2;0.513;661.9;0.334;760.7;0.349;60;0;0;1.258;1.310;1.262;250;264;251;49.99;49.99;49.99;25431;1000;0.0;0;0.0000;0;0;428;428;428
60;2014-03-23 07:54:00;909402N262;738;0.441;29;233;234;233;233;1.243;49.99;562.9;0.495;659.3;0.324;758.4;0.336;60;0;0;1.230;1.270;1.230;242;252;242;49.99;49.99;49.99;25431;1000;0.0;0;0.0000;0;0;441;441;441
60;2014-03-23 07:55:00;909402N262;703;0.453;29;233;234;233;233;1.209;50.01;561.6;0.473;656.4;0.311;755.4;0.321;60;0;0;1.202;1.225;1.201;231;237;233;50.01;50.01;50.01;25431;1000;0.0;0;0.0000;0;0;453;453;453
60;2014-03-23 07:56:00;909402N262;664;0.463;29;233;233;233;234;1.153;50.00;561.0;0.449;654.0;0.295;752.0;0.304;60;0;0;1.140;1.188;1.133;217;227;218;50.00;50.00;50.00;25431;1000;0.0;0;0.0000;0;0;463;463;463
60;2014-03-23 07:57:00;909402N262;633;0.474;29;233;233;233;233;1.109;50.01;560.2;0.431;650.8;0.282;747.5;0.290;60;0;0;1.083;1.133;1.112;205;215;211;50.01;50.01;50.01;25431;1000;0.0;0;0.0000;0;0;474;474;474
60;2014-03-23 07:58:00;909402N262;623;0.484;29;233;233;232;233;1.096;50.00;559.9;0.428;647.9;0.278;744.4;0.286;60;0;0;1.068;1.118;1.104;202;210;209;50.00;50.00;50.00;25431;1000;0.0;0;0.0000;0;0;484;484;484
60;2014-03-23 07:59:00;909402N262;638;0.496;29;233;233;233;233;1.114;50.00;559.9;0.438;645.8;0.285;747.6;0.290;60;0;0;1.086;1.139;1.119;206;216;214;50.00;50.00;50.00;25431;1000;0.0;0;0.0000;0;0;496;496;496
60;2014-03-23 08:00:00;909402N262;660;0.505;29;233;233;232;234;1.152;50.02;560.0;0.454;648.1;0.293;749.9;0.300;60;0;0;1.114;1.189;1.153;211;226;221;50.02;50.02;50.02;25431;1000;0.0;0;0.0000;0;0;505;505;505
[wr_ende]
