20140309;160000;danfoss;My Plant;+0100
[wr_def_start]
909402N262;Inverter Type;Inverter Group;Hanzl
[wr_def_end]
[wr]
INTERVAL;TIMESTAMP;SERIAL;P_AC;E_DAY;T_WR;U_AC;U_AC_1;U_AC_2;U_AC_3;I_AC;F_AC;U_DC_1;I_DC_1;U_DC_2;I_DC_2;U_DC_3;I_DC_3;S;E_WR;M_WR;I_AC_1;I_AC_2;I_AC_3;P_AC_1;P_AC_2;P_AC_3;F_AC_1;F_AC_2;F_AC_3;R_DC;PC;PCS;PCS_LL;COS_PHI;COS_PHI_LL;S_COS_PHI;Current_Day_Energy;current_Day_Offset;ccEnergyOfDay_WithoutOffset
60;2014-03-09 15:01:00;909402N262;7954;47.907;48;236;236;236;235;11.242;50.02;536.7;6.370;642.2;3.066;767.4;3.518;60;0;0;11.223;11.257;11.247;2648;2662;2643;50.02;50.02;50.02;11950;1000;0.0;0;0.0000;0;0;47907;47907;47907
60;2014-03-09 15:02:00;909402N262;7969;48.040;48;236;236;237;236;11.276;50.01;540.8;6.323;643.2;3.033;785.6;3.479;60;0;0;11.225;11.319;11.284;2642;2671;2654;50.01;50.01;50.01;11950;1000;0.0;0;0.0000;0;0;48040;48040;48040
60;2014-03-09 15:03:00;909402N262;7898;48.171;48;236;235;237;236;11.188;50.01;541.0;6.266;643.6;3.005;785.6;3.443;60;0;0;11.109;11.249;11.208;2603;2656;2636;50.01;50.01;50.01;11950;1000;0.0;0;0.0000;0;0;48171;48171;48171
60;2014-03-09 15:04:00;909402N262;7860;48.303;48;236;235;237;235;11.145;50.00;540.4;6.245;643.7;2.984;784.5;3.437;60;0;0;11.059;11.215;11.163;2588;2649;2622;50.01;50.00;50.00;11950;1000;0.0;0;0.0000;0;0;48303;48303;48303
60;2014-03-09 15:05:00;909402N262;7798;48.432;47;236;235;237;235;11.052;50.01;540.4;6.203;643.6;2.964;784.5;3.401;60;0;0;10.983;11.110;11.063;2575;2624;2597;50.01;50.01;50.01;11950;1000;0.0;0;0.0000;0;0;48432;48432;48432
60;2014-03-09 15:06:00;909402N262;7713;48.560;47;236;236;236;235;10.925;50.02;541.1;6.136;643.0;2.931;784.3;3.361;60;0;0;10.893;10.981;10.902;2565;2589;2557;50.02;50.02;50.02;11950;1000;0.0;0;0.0000;0;0;48560;48560;48560
60;2014-03-09 15:07:00;909402N262;7641;48.689;47;236;236;236;235;10.829;50.00;540.9;6.079;642.9;2.904;784.0;3.332;60;0;0;10.792;10.889;10.808;2540;2566;2534;50.00;50.00;50.00;11950;1000;0.0;0;0.0000;0;0;48689;48689;48689
60;2014-03-09 15:08:00;909402N262;7626;48.815;47;236;236;236;235;10.813;50.00;540.6;6.074;642.6;2.899;783.2;3.327;60;0;0;10.789;10.867;10.785;2537;2560;2527;50.00;50.00;50.00;11950;1000;0.0;0;0.0000;0;0;48815;48815;48815
60;2014-03-09 15:09:00;909402N262;7493;48.940;47;235;234;236;235;10.641;50.00;540.4;5.975;642.5;2.845;783.6;3.268;60;0;0;10.561;10.708;10.656;2469;2524;2499;50.00;50.00;50.00;11950;1000;0.0;0;0.0000;0;0;48940;48940;48940
60;2014-03-09 15:10:00;909402N262;7433;49.064;47;236;236;236;235;10.546;50.01;540.8;5.930;642.1;2.816;783.9;3.240;60;0;0;10.504;10.603;10.532;2467;2497;2467;50.01;50.01;50.01;11950;1000;0.0;0;0.0000;0;0;49064;49064;49064
60;2014-03-09 15:11:00;909402N262;7488;49.189;47;235;236;236;234;10.636;50.01;540.6;5.975;642.1;2.837;783.1;3.269;60;0;0;10.622;10.701;10.586;2497;2520;2469;50.01;50.01;50.01;11950;1000;0.0;0;0.0000;0;0;49189;49189;49189
60;2014-03-09 15:12:00;909402N262;7516;49.314;47;235;236;236;234;10.677;50.01;540.3;6.006;642.2;2.845;783.3;3.278;60;0;0;10.661;10.754;10.617;2504;2535;2476;50.01;50.01;50.01;11950;1000;0.0;0;0.0000;0;0;49314;49314;49314
60;2014-03-09 15:13:00;909402N262;7458;49.438;47;235;236;236;234;10.590;50.01;541.3;5.957;642.6;2.819;783.5;3.247;60;0;0;10.572;10.666;10.534;2484;2513;2457;50.01;50.01;50.01;11950;1000;0.0;0;0.0000;0;0;49438;49438;49438
60;2014-03-09 15:14:00;909402N262;7422;49.562;47;235;236;236;234;10.541;50.00;542.0;5.926;642.8;2.802;783.8;3.228;60;0;0;10.530;10.610;10.483;2476;2497;2447;50.00;50.00;50.00;11950;1000;0.0;0;0.0000;0;0;49562;49562;49562
60;2014-03-09 15:15:00;909402N262;7358;49.684;47;235;236;236;234;10.455;50.00;541.3;5.881;642.5;2.780;783.3;3.203;60;0;0;10.440;10.523;10.404;2453;2476;2427;50.00;50.00;50.00;11950;1000;0.0;0;0.0000;0;0;49684;49684;49684
60;2014-03-09 15:16:00;909402N262;7220;49.805;47;235;236;236;234;10.266;49.99;537.3;5.833;632.0;2.758;775.8;3.181;60;0;0;10.267;10.324;10.208;2412;2428;2378;49.99;49.99;49.99;11950;1000;0.0;0;0.0000;0;0;49805;49805;49805
60;2014-03-09 15:17:00;909402N262;7294;49.927;47;235;235;236;233;10.388;49.99;541.1;5.840;642.0;2.752;783.3;3.175;60;0;0;10.379;10.452;10.334;2432;2455;2404;49.99;49.99;49.99;11950;1000;0.0;0;0.0000;0;0;49927;49927;49927
60;2014-03-09 15:18:00;909402N262;7296;50.049;47;235;235;236;234;10.375;50.00;541.1;5.846;642.0;2.751;786.8;3.161;60;0;0;10.367;10.442;10.317;2434;2456;2404;50.00;50.00;50.00;11950;1000;0.0;0;0.0000;0;0;50049;50049;50049
60;2014-03-09 15:19:00;909402N262;7381;50.172;47;235;235;236;234;10.492;50.00;541.2;5.972;642.8;2.805;777.7;3.175;60;0;0;10.481;10.570;10.426;2460;2489;2430;50.00;50.00;50.00;11950;1000;0.0;0;0.0000;0;0;50172;50172;50172
60;2014-03-09 15:20:00;909402N262;7330;50.293;47;235;235;236;234;10.423;49.99;541.4;5.967;642.7;2.805;751.9;3.212;60;0;0;10.435;10.488;10.348;2449;2467;2411;49.99;49.99;49.99;11950;1000;0.0;0;0.0000;0;0;50293;50293;50293
60;2014-03-09 15:21:00;909402N262;7166;50.413;47;235;235;236;235;10.184;49.99;541.4;5.857;641.9;2.752;743.8;3.150;60;0;0;10.149;10.242;10.161;2378;2409;2377;49.99;49.99;49.99;11950;1000;0.0;0;0.0000;0;0;50413;50413;50413
60;2014-03-09 15:22:00;909402N262;7048;50.531;47;235;235;236;235;10.021;49.99;542.5;5.786;642.2;2.711;744.1;3.065;60;0;0;9.983;10.077;10.004;2338;2368;2340;49.99;49.99;49.99;11950;1000;0.0;0;0.0000;0;0;50531;50531;50531
60;2014-03-09 15:23:00;909402N262;7023;50.648;47;235;235;236;235;9.980;50.00;543.2;5.791;642.7;2.710;723.8;3.102;60;0;0;9.924;10.048;9.968;2324;2364;2334;49.99;49.99;49.99;11950;1000;0.0;0;0.0000;0;0;50648;50648;50648
60;2014-03-09 15:24:00;909402N262;6993;50.764;47;235;235;236;235;9.931;49.99;542.7;5.786;642.6;2.702;715.9;3.110;60;0;0;9.877;9.996;9.920;2315;2352;2324;49.99;49.99;49.99;11950;1000;0.0;0;0.0000;0;0;50764;50764;50764
60;2014-03-09 15:25:00;909402N262;6987;50.881;47;235;235;236;235;9.930;50.00;543.7;5.758;643.6;2.685;725.5;3.084;60;0;0;9.893;9.977;9.921;2320;2343;2322;50.00;50.00;50.00;11950;1000;0.0;0;0.0000;0;0;50881;50881;50881
60;2014-03-09 15:26:00;909402N262;6805;50.995;47;235;235;236;235;9.671;50.00;545.6;5.602;643.3;2.611;725.5;2.997;60;0;0;9.638;9.718;9.659;2261;2281;2261;50.00;50.00;50.00;11950;1000;0.0;0;0.0000;0;0;50995;50995;50995
60;2014-03-09 15:27:00;909402N262;6738;51.109;47;235;235;236;235;9.587;49.99;545.8;5.568;643.7;2.592;716.4;2.981;60;0;0;9.533;9.640;9.590;2229;2263;2244;49.99;49.99;49.99;11950;1000;0.0;0;0.0000;0;0;51109;51109;51109
60;2014-03-09 15:28:00;909402N262;6730;51.221;47;235;234;236;235;9.568;50.00;546.4;5.563;643.9;2.589;711.8;2.990;60;0;0;9.495;9.616;9.595;2219;2261;2248;50.00;50.00;50.00;11950;1000;0.0;0;0.0000;0;0;51221;51221;51221
60;2014-03-09 15:29:00;909402N262;6781;51.334;46;235;235;235;235;9.648;49.99;547.1;5.577;644.8;2.591;726.8;2.979;60;0;0;9.598;9.703;9.645;2245;2276;2257;49.99;49.99;49.99;11950;1000;0.0;0;0.0000;0;0;51334;51334;51334
60;2014-03-09 15:30:00;909402N262;6658;51.445;46;235;235;235;235;9.479;49.99;547.9;5.478;645.1;2.541;726.8;2.918;60;0;0;9.425;9.542;9.471;2203;2239;2215;49.99;49.99;49.99;11950;1000;0.0;0;0.0000;0;0;51445;51445;51445
60;2014-03-09 15:31:00;909402N262;6527;51.554;46;235;234;235;235;9.278;49.99;544.5;5.447;630.6;2.525;714.4;2.904;60;0;0;9.230;9.318;9.286;2158;2192;2175;49.99;49.99;49.99;11950;1000;0.0;0;0.0000;0;0;51554;51554;51554
60;2014-03-09 15:32:00;909402N262;6508;51.662;46;235;234;235;235;9.251;49.99;548.4;5.383;645.3;2.486;711.4;2.884;60;0;0;9.192;9.310;9.252;2151;2187;2168;49.99;49.99;49.99;11950;1000;0.0;0;0.0000;0;0;51662;51662;51662
60;2014-03-09 15:33:00;909402N262;6502;51.770;46;235;234;235;235;9.247;49.98;549.2;5.361;645.3;2.475;723.1;2.850;60;0;0;9.198;9.294;9.249;2153;2181;2167;49.98;49.98;49.98;11950;1000;0.0;0;0.0000;0;0;51770;51770;51770
60;2014-03-09 15:34:00;909402N262;6458;51.877;46;234;234;234;235;9.194;49.98;550.1;5.315;645.1;2.449;725.3;2.829;60;0;0;9.158;9.206;9.220;2142;2153;2162;49.98;49.98;49.98;11950;1000;0.0;0;0.0000;0;0;51877;51877;51877
60;2014-03-09 15:35:00;909402N262;6491;51.985;46;235;235;234;235;9.230;49.97;550.2;5.354;645.7;2.466;716.7;2.864;60;0;0;9.206;9.244;9.242;2157;2163;2169;49.97;49.97;49.97;11950;1000;0.0;0;0.0000;0;0;51985;51985;51985
60;2014-03-09 15:36:00;909402N262;6433;52.092;46;235;235;234;235;9.156;49.98;550.4;5.313;645.7;2.447;713.9;2.841;60;0;0;9.142;9.164;9.162;2142;2142;2148;49.98;49.98;49.98;11950;1000;0.0;0;0.0000;0;0;52092;52092;52092
60;2014-03-09 15:37:00;909402N262;6430;52.199;46;234;235;234;235;9.154;49.98;550.3;5.311;645.3;2.440;717.9;2.828;60;0;0;9.138;9.162;9.163;2140;2141;2147;49.98;49.98;49.98;11950;1000;0.0;0;0.0000;0;0;52199;52199;52199
60;2014-03-09 15:38:00;909402N262;6472;52.307;46;234;235;234;235;9.214;49.98;549.3;5.362;645.5;2.461;717.6;2.839;60;0;0;9.206;9.223;9.213;2156;2155;2159;49.98;49.98;49.98;11950;1000;0.0;0;0.0000;0;0;52307;52307;52307
60;2014-03-09 15:39:00;909402N262;6445;52.415;46;234;235;234;235;9.178;49.99;549.0;5.341;645.7;2.443;714.4;2.845;60;0;0;9.156;9.189;9.189;2144;2146;2154;49.99;49.99;49.99;11950;1000;0.0;0;0.0000;0;0;52415;52415;52415
60;2014-03-09 15:40:00;909402N262;6344;52.520;46;234;234;234;235;9.035;49.98;549.2;5.263;645.4;2.401;713.5;2.802;60;0;0;9.011;9.028;9.066;2110;2105;2127;49.98;49.98;49.98;11950;1000;0.0;0;0.0000;0;0;52520;52520;52520
60;2014-03-09 15:41:00;909402N262;6274;52.625;46;234;235;234;235;8.935;49.98;550.0;5.208;646.2;2.370;715.3;2.756;60;0;0;8.921;8.935;8.951;2088;2086;2097;49.98;49.98;49.98;11950;1000;0.0;0;0.0000;0;0;52625;52625;52625
60;2014-03-09 15:42:00;909402N262;6179;52.727;46;235;235;234;235;8.792;49.98;550.7;5.148;646.2;2.340;708.1;2.719;60;0;0;8.775;8.810;8.793;2057;2060;2061;49.98;49.98;49.98;11950;1000;0.0;0;0.0000;0;0;52727;52727;52727
60;2014-03-09 15:43:00;909402N262;6202;52.831;46;235;235;234;235;8.824;49.99;551.0;5.148;646.6;2.340;712.9;2.729;60;0;0;8.810;8.832;8.830;2067;2062;2071;49.99;49.99;49.99;11950;1000;0.0;0;0.0000;0;0;52831;52831;52831
60;2014-03-09 15:44:00;909402N262;6170;52.934;45;234;235;234;235;8.790;49.99;550.9;5.115;645.9;2.322;715.1;2.717;60;0;0;8.770;8.799;8.803;2054;2053;2061;49.99;49.99;49.99;11950;1000;0.0;0;0.0000;0;0;52934;52934;52934
60;2014-03-09 15:45:00;909402N262;6108;53.036;45;234;235;234;234;8.703;49.98;551.3;5.067;646.2;2.299;715.3;2.683;60;0;0;8.701;8.725;8.685;2039;2037;2029;49.98;49.98;49.98;11950;1000;0.0;0;0.0000;0;0;53036;53036;53036
60;2014-03-09 15:46:00;909402N262;5903;53.134;45;235;235;235;234;8.398;49.99;553.6;4.902;630.8;2.256;706.4;2.632;60;0;0;8.364;8.451;8.379;1959;1985;1956;49.99;49.99;49.99;11950;1000;0.0;0;0.0000;0;0;53134;53134;53134
60;2014-03-09 15:47:00;909402N262;5829;53.232;45;235;235;235;234;8.288;49.99;564.9;4.716;646.3;2.215;700.3;2.599;60;0;0;8.249;8.346;8.270;1934;1960;1933;49.99;49.99;49.99;11950;1000;0.0;0;0.0000;0;0;53232;53232;53232
60;2014-03-09 15:48:00;909402N262;5788;53.328;45;235;235;236;234;8.226;49.99;542.7;4.874;646.4;2.200;703.1;2.570;60;0;0;8.184;8.282;8.213;1917;1949;1921;49.99;49.99;49.99;11950;1000;0.0;0;0.0000;0;0;53328;53328;53328
60;2014-03-09 15:49:00;909402N262;5833;53.425;45;235;234;236;234;8.284;50.00;542.9;4.934;647.0;2.221;695.7;2.600;60;0;0;8.225;8.352;8.275;1924;1969;1938;50.00;50.00;50.00;11950;1000;0.0;0;0.0000;0;0;53425;53425;53425
60;2014-03-09 15:50:00;909402N262;5836;53.523;45;235;234;236;234;8.279;50.01;542.9;4.954;647.3;2.224;688.3;2.615;60;0;0;8.211;8.348;8.279;1924;1969;1940;50.01;50.01;50.01;11950;1000;0.0;0;0.0000;0;0;53523;53523;53523
60;2014-03-09 15:51:00;909402N262;5816;53.619;45;234;234;235;234;8.256;50.00;542.5;4.949;647.2;2.221;684.5;2.610;60;0;0;8.198;8.325;8.247;1922;1962;1931;50.00;50.00;50.00;11950;1000;0.0;0;0.0000;0;0;53619;53619;53619
60;2014-03-09 15:52:00;909402N262;5679;53.713;45;234;235;235;234;8.062;50.00;543.3;4.848;647.0;2.176;679.8;2.544;60;0;0;8.024;8.093;8.069;1884;1901;1892;50.00;50.00;50.00;11950;1000;0.0;0;0.0000;0;0;53713;53713;53713
60;2014-03-09 15:53:00;909402N262;5655;53.809;45;235;235;235;234;8.027;50.01;543.2;4.858;647.2;2.177;663.5;2.563;60;0;0;7.985;8.055;8.042;1875;1891;1887;50.01;50.01;50.01;11950;1000;0.0;0;0.0000;0;0;53809;53809;53809
60;2014-03-09 15:54:00;909402N262;5553;53.901;45;235;235;235;234;7.879;50.00;543.5;4.759;646.8;2.134;667.6;2.513;60;0;0;7.832;7.925;7.880;1839;1865;1848;50.00;50.00;50.00;11950;1000;0.0;0;0.0000;0;0;53901;53901;53901
60;2014-03-09 15:55:00;909402N262;5393;53.991;45;235;234;235;234;7.652;50.00;544.5;4.675;646.7;2.093;666.1;2.371;60;0;0;7.600;7.709;7.648;1783;1814;1794;50.00;50.00;50.00;11950;1000;0.0;0;0.0000;0;0;53991;53991;53991
60;2014-03-09 15:56:00;909402N262;5156;54.076;45;235;235;235;234;7.320;50.01;545.1;4.597;647.5;2.054;617.2;2.276;60;0;0;7.272;7.368;7.320;1707;1731;1717;50.01;50.01;50.01;11950;1000;0.0;0;0.0000;0;0;54076;54076;54076
60;2014-03-09 15:57:00;909402N262;4937;54.160;44;235;235;235;235;7.010;50.01;545.8;4.535;647.0;2.024;606.3;2.031;60;0;0;6.972;7.050;7.010;1636;1654;1644;50.01;50.01;50.01;11950;1000;0.0;0;0.0000;0;0;54160;54160;54160
60;2014-03-09 15:58:00;909402N262;4820;54.238;44;235;235;235;234;6.846;50.00;546.2;4.586;648.4;2.040;540.4;1.997;60;0;0;6.804;6.882;6.853;1596;1615;1607;50.00;50.00;50.00;11950;1000;0.0;0;0.0000;0;0;54238;54238;54238
60;2014-03-09 15:59:00;909402N262;4757;54.319;44;234;235;234;234;6.761;50.00;546.6;4.585;648.7;2.039;453.5;2.231;60;0;0;6.724;6.797;6.763;1578;1593;1584;50.00;50.00;50.00;11950;1000;0.0;0;0.0000;0;0;54319;54319;54319
60;2014-03-09 16:00:00;909402N262;4641;54.396;44;235;235;235;235;6.606;50.01;546.6;4.609;649.1;2.042;451.6;1.940;60;0;0;6.565;6.640;6.613;1537;1555;1547;50.01;50.01;50.01;11950;1000;0.0;0;0.0000;0;0;54396;54396;54396
[wr_ende]
