20141128;090003;danfoss;My Plant;+0100
[wr_def_start]
909402N262;Inverter Type;Inverter Group;Hanzl
[wr_def_end]
[wr]
INTERVAL;TIMESTAMP;SERIAL;P_AC;E_DAY;T_WR;U_AC;U_AC_1;U_AC_2;U_AC_3;I_AC;F_AC;U_DC_1;I_DC_1;U_DC_2;I_DC_2;U_DC_3;I_DC_3;S;E_WR;M_WR;I_AC_1;I_AC_2;I_AC_3;P_AC_1;P_AC_2;P_AC_3;F_AC_1;F_AC_2;F_AC_3;R_DC;PC;PCS;PCS_LL;COS_PHI;COS_PHI_LL;S_COS_PHI;Current_Day_Energy;current_Day_Offset;ccEnergyOfDay_WithoutOffset
60;2014-11-28 08:01:00;909402N262;39;0.016;25;232;233;229;234;0.544;50.02;479.0;0.042;459.2;0.019;616.7;0.023;60;0;0;0.573;0.308;0.751;21;40;1;50.02;50.02;50.02;13333;1000;0.0;0;1.0000;0;2;16;16;16
60;2014-11-28 08:02:00;909402N262;42;0.016;25;232;233;228;234;0.519;50.03;497.0;0.042;472.0;0.021;588.3;0.026;60;0;0;0.534;0.247;0.776;24;33;2;50.03;50.03;50.03;13333;1000;0.0;0;1.0000;0;2;16;16;16
60;2014-11-28 08:03:00;909402N262;45;0.018;25;231;232;228;233;0.523;50.02;496.9;0.045;471.5;0.023;600.2;0.027;60;0;0;0.524;0.281;0.766;27;36;1;50.02;50.02;50.02;13333;1000;0.0;0;1.0000;0;2;18;18;18
60;2014-11-28 08:04:00;909402N262;52;0.019;25;231;231;228;233;0.533;50.00;499.2;0.050;492.7;0.023;625.1;0.027;60;0;0;0.515;0.290;0.796;39;35;0;50.00;50.00;50.00;13333;1000;0.0;0;1.0000;0;2;19;19;19
60;2014-11-28 08:05:00;909402N262;52;0.020;25;230;231;228;232;0.527;50.00;501.3;0.050;494.0;0.023;628.5;0.027;60;0;0;0.477;0.278;0.828;32;31;1;50.00;50.00;50.00;13333;1000;0.0;0;1.0000;0;2;20;20;20
60;2014-11-28 08:06:00;909402N262;51;0.022;25;233;233;231;235;0.524;49.98;499.2;0.050;488.9;0.023;628.3;0.027;60;0;0;0.464;0.249;0.860;40;27;0;49.98;49.98;49.98;13333;1000;0.0;0;1.0000;0;2;22;22;22
60;2014-11-28 08:07:00;909402N262;51;0.022;25;233;233;230;235;0.478;49.98;498.9;0.050;488.8;0.023;630.0;0.027;60;0;0;0.394;0.264;0.777;39;31;0;49.98;49.98;49.98;13333;1000;0.0;0;1.0000;0;2;22;22;22
60;2014-11-28 08:08:00;909402N262;48;0.024;25;233;233;230;236;0.407;49.99;495.7;0.047;475.9;0.022;610.0;0.026;60;0;0;0.281;0.252;0.690;24;32;2;49.99;49.99;49.99;13333;1000;0.0;0;1.0000;0;2;24;24;24
60;2014-11-28 08:09:00;909402N262;39;0.024;25;233;233;230;236;0.392;49.98;486.5;0.042;452.1;0.019;621.3;0.023;60;0;0;0.269;0.243;0.666;27;31;0;49.98;49.98;49.98;13333;1000;0.0;0;1.0000;0;2;24;24;24
60;2014-11-28 08:10:00;909402N262;39;0.026;25;233;233;230;236;0.404;49.99;486.8;0.042;453.9;0.019;622.7;0.023;60;0;0;0.295;0.260;0.657;34;33;0;49.99;49.99;49.99;13333;1000;0.0;0;1.0000;0;2;26;26;26
60;2014-11-28 08:11:00;909402N262;45;0.026;25;233;233;230;236;0.418;50.00;495.8;0.045;469.9;0.021;619.8;0.024;60;0;0;0.277;0.234;0.745;30;30;2;50.00;50.00;50.00;13333;1000;0.0;0;1.0000;0;2;26;26;26
60;2014-11-28 08:12:00;909402N262;61;0.028;25;233;233;230;235;0.506;50.01;508.1;0.059;498.8;0.027;628.3;0.031;60;0;0;0.497;0.263;0.759;42;34;0;50.01;50.01;50.01;13333;1000;0.0;0;1.0000;0;2;28;28;28
60;2014-11-28 08:13:00;909402N262;78;0.029;25;233;233;230;235;0.419;50.00;517.8;0.073;525.7;0.034;654.7;0.038;60;0;0;0.386;0.233;0.638;42;31;7;50.00;50.00;50.00;13333;1000;0.0;0;1.0000;0;2;29;29;29
60;2014-11-28 08:14:00;909402N262;80;0.030;26;233;233;230;235;0.425;49.99;520.1;0.073;530.1;0.035;652.8;0.039;60;0;0;0.409;0.232;0.635;40;31;10;49.99;49.99;49.99;13333;1000;0.0;0;1.0000;0;2;30;30;30
60;2014-11-28 08:15:00;909402N262;76;0.032;26;233;234;230;234;0.476;49.99;513.6;0.070;521.1;0.035;651.5;0.038;60;0;0;0.547;0.387;0.494;26;52;6;49.99;49.99;49.99;13333;1000;0.0;0;1.0000;0;2;32;32;32
60;2014-11-28 08:16:00;909402N262;77;0.033;26;232;234;230;234;0.396;49.97;509.0;0.071;518.5;0.035;644.6;0.039;60;0;0;0.438;0.308;0.442;21;44;16;49.97;49.97;49.97;13333;1000;0.0;0;1.0000;0;2;33;33;33
60;2014-11-28 08:17:00;909402N262;89;0.033;26;232;233;230;234;0.475;49.98;521.0;0.080;516.8;0.040;652.3;0.043;60;0;0;0.511;0.356;0.558;22;48;19;49.98;49.98;49.98;13333;1000;0.0;0;1.0000;0;2;33;33;33
60;2014-11-28 08:18:00;909402N262;109;0.035;26;232;233;230;234;0.257;50.00;527.3;0.094;538.8;0.046;685.4;0.050;60;0;0;0.263;0.260;0.250;35;42;30;50.00;50.00;50.00;13333;1000;0.0;0;1.0000;0;2;35;35;35
60;2014-11-28 08:19:00;909402N262;121;0.037;26;232;233;230;234;0.395;49.99;535.5;0.102;547.5;0.050;673.9;0.057;60;0;0;0.426;0.326;0.434;40;49;29;49.99;49.99;49.99;13333;1000;0.0;0;1.0000;0;2;37;37;37
60;2014-11-28 08:20:00;909402N262;108;0.038;26;232;234;230;234;0.504;50.01;530.1;0.095;540.5;0.047;666.8;0.052;60;0;0;0.551;0.476;0.485;27;70;14;50.01;50.01;50.01;13333;1000;0.0;0;1.0000;0;2;38;38;38
60;2014-11-28 08:21:00;909402N262;105;0.040;26;233;234;230;234;0.247;50.01;528.9;0.092;548.9;0.042;682.9;0.048;60;0;0;0.261;0.252;0.228;34;42;28;50.01;50.01;50.01;13333;1000;0.0;0;1.0000;0;2;40;40;40
60;2014-11-28 08:22:00;909402N262;107;0.041;26;233;234;230;235;0.435;49.99;527.3;0.096;530.7;0.045;671.6;0.048;60;0;0;0.483;0.369;0.455;32;55;20;49.99;49.99;49.99;13333;1000;0.0;0;1.0000;0;2;41;41;41
60;2014-11-28 08:23:00;909402N262;102;0.042;27;233;233;230;235;0.341;49.99;527.3;0.090;541.1;0.042;670.7;0.046;60;0;0;0.340;0.256;0.429;37;39;24;49.99;49.99;49.99;13333;1000;0.0;0;1.0000;0;2;42;42;42
60;2014-11-28 08:24:00;909402N262;91;0.044;27;232;233;229;235;0.442;49.99;524.0;0.083;514.5;0.041;655.6;0.042;60;0;0;0.459;0.210;0.659;44;29;18;49.99;49.99;49.99;13333;1000;0.0;0;1.0000;0;2;44;44;44
60;2014-11-28 08:25:00;909402N262;89;0.045;27;232;233;229;235;0.501;49.98;523.8;0.082;515.7;0.040;649.1;0.042;60;0;0;0.496;0.194;0.814;47;26;14;49.98;49.98;49.98;13333;1000;0.0;0;1.0000;0;2;45;45;45
60;2014-11-28 08:26:00;909402N262;91;0.046;27;233;233;231;235;0.376;49.99;525.4;0.082;510.1;0.042;664.7;0.042;60;0;0;0.354;0.282;0.493;37;38;14;49.99;49.99;49.99;13333;1000;0.0;0;1.0000;0;2;46;46;46
60;2014-11-28 08:27:00;909402N262;91;0.048;27;233;233;231;235;0.389;49.99;522.5;0.082;513.9;0.041;663.9;0.042;60;0;0;0.390;0.291;0.487;37;38;15;49.99;49.99;49.99;13333;1000;0.0;0;1.0000;0;2;48;48;48
60;2014-11-28 08:28:00;909402N262;91;0.048;27;233;233;232;235;0.318;50.01;523.4;0.082;511.3;0.041;668.9;0.042;60;0;0;0.317;0.294;0.344;34;39;17;50.01;50.01;50.01;13333;1000;0.0;0;1.0000;0;2;48;48;48
60;2014-11-28 08:29:00;909402N262;88;0.050;27;233;233;232;234;0.488;50.01;520.3;0.082;515.9;0.040;656.3;0.042;60;0;0;0.505;0.314;0.645;40;27;23;50.01;50.01;50.01;13333;1000;0.0;0;1.0000;0;2;50;50;50
60;2014-11-28 08:30:00;909402N262;90;0.051;27;233;233;232;234;0.354;49.99;521.2;0.082;516.1;0.040;664.3;0.042;60;0;0;0.368;0.294;0.401;37;34;19;49.99;49.99;49.99;13333;1000;0.0;0;1.0000;0;2;51;51;51
60;2014-11-28 08:31:00;909402N262;88;0.052;27;233;233;232;234;0.372;49.99;514.6;0.082;492.5;0.042;664.2;0.042;60;0;0;0.388;0.311;0.419;32;36;19;49.99;49.99;49.99;13333;1000;0.0;0;1.0000;0;2;52;52;52
60;2014-11-28 08:32:00;909402N262;90;0.053;27;233;233;232;234;0.492;49.99;521.3;0.082;515.6;0.041;650.1;0.044;60;0;0;0.520;0.254;0.703;48;20;24;49.99;49.99;49.99;13333;1000;0.0;0;1.0000;0;2;53;53;53
60;2014-11-28 08:33:00;909402N262;96;0.055;27;233;233;232;234;0.446;49.98;522.9;0.084;524.6;0.042;662.8;0.045;60;0;0;0.436;0.340;0.563;40;33;21;49.98;49.98;49.98;13333;1000;0.0;0;1.0000;0;2;55;55;55
60;2014-11-28 08:34:00;909402N262;102;0.056;27;233;233;232;235;0.348;49.98;523.1;0.089;540.8;0.042;671.5;0.048;60;0;0;0.319;0.270;0.457;43;34;23;49.98;49.98;49.98;13333;1000;0.0;0;1.0000;0;2;56;56;56
60;2014-11-28 08:35:00;909402N262;112;0.057;28;233;233;232;235;0.259;49.99;527.2;0.096;534.2;0.048;683.6;0.052;60;0;0;0.242;0.256;0.280;39;40;31;49.99;49.99;49.99;13333;1000;0.0;0;1.0000;0;2;57;57;57
60;2014-11-28 08:36:00;909402N262;113;0.059;28;233;232;232;235;0.256;49.99;526.8;0.098;535.1;0.049;682.5;0.052;60;0;0;0.237;0.242;0.291;38;39;34;49.99;49.99;49.99;13333;1000;0.0;0;1.0000;0;2;59;59;59
60;2014-11-28 08:37:00;909402N262;106;0.060;28;233;233;232;235;0.465;50.00;530.0;0.093;541.6;0.044;666.6;0.050;60;0;0;0.426;0.281;0.688;54;29;22;50.00;50.00;50.00;13333;1000;0.0;0;1.0000;0;2;60;60;60
60;2014-11-28 08:38:00;909402N262;109;0.062;28;233;233;231;235;0.409;50.01;528.4;0.095;531.7;0.046;667.9;0.051;60;0;0;0.367;0.305;0.555;45;38;25;50.01;50.01;50.01;13333;1000;0.0;0;1.0000;0;2;62;62;62
60;2014-11-28 08:39:00;909402N262;115;0.063;28;233;233;232;235;0.234;50.00;530.1;0.100;535.7;0.049;688.9;0.052;60;0;0;0.222;0.233;0.247;38;40;35;50.00;50.00;50.00;13333;1000;0.0;0;1.0000;0;2;63;63;63
60;2014-11-28 08:40:00;909402N262;115;0.064;28;233;233;232;235;0.265;50.00;529.7;0.099;535.2;0.049;684.9;0.052;60;0;0;0.239;0.257;0.301;38;42;33;50.00;50.00;50.00;13333;1000;0.0;0;1.0000;0;2;64;64;64
60;2014-11-28 08:41:00;909402N262;105;0.066;28;233;233;231;235;0.387;49.99;528.7;0.093;546.6;0.043;673.1;0.048;60;0;0;0.382;0.241;0.540;46;31;27;49.99;49.99;49.99;13333;1000;0.0;0;1.0000;0;2;66;66;66
60;2014-11-28 08:42:00;909402N262;108;0.066;28;233;233;231;235;0.401;49.99;528.6;0.095;538.8;0.045;672.0;0.050;60;0;0;0.390;0.254;0.560;47;36;23;49.99;49.99;49.99;13333;1000;0.0;0;1.0000;0;2;66;66;66
60;2014-11-28 08:43:00;909402N262;122;0.068;28;233;233;231;235;0.253;50.01;531.7;0.104;549.6;0.052;693.1;0.056;60;0;0;0.241;0.250;0.268;40;43;37;50.01;50.01;50.01;13333;1000;0.0;0;1.0000;0;2;68;68;68
60;2014-11-28 08:44:00;909402N262;132;0.070;28;233;233;231;235;0.355;49.99;537.9;0.112;548.5;0.057;684.2;0.060;60;0;0;0.336;0.322;0.407;46;51;34;49.99;49.99;49.99;13333;1000;0.0;0;1.0000;0;2;70;70;70
60;2014-11-28 08:45:00;909402N262;132;0.072;28;233;233;231;235;0.234;50.00;536.8;0.112;560.8;0.054;701.4;0.058;60;0;0;0.236;0.241;0.227;44;45;40;50.00;50.00;50.00;13333;1000;0.0;0;1.0000;0;2;72;72;72
60;2014-11-28 08:46:00;909402N262;130;0.073;28;233;232;231;236;0.245;49.98;531.1;0.112;554.9;0.054;690.3;0.058;60;0;0;0.245;0.239;0.251;44;43;40;49.98;49.98;49.98;13333;1000;0.0;0;1.0000;0;2;73;73;73
60;2014-11-28 08:47:00;909402N262;125;0.074;28;232;232;230;236;0.357;49.98;534.7;0.108;553.0;0.052;675.9;0.057;60;0;0;0.322;0.260;0.491;51;42;32;49.98;49.98;49.98;13333;1000;0.0;0;1.0000;0;2;74;74;74
60;2014-11-28 08:48:00;909402N262;107;0.076;28;233;232;230;236;0.344;49.99;527.6;0.094;535.7;0.045;673.0;0.049;60;0;0;0.303;0.242;0.488;45;37;23;49.99;49.99;49.99;13333;1000;0.0;0;1.0000;0;2;76;76;76
60;2014-11-28 08:49:00;909402N262;97;0.077;28;233;232;231;236;0.417;50.00;522.5;0.086;525.9;0.042;662.4;0.046;60;0;0;0.347;0.232;0.674;48;31;17;50.00;50.00;50.00;13333;1000;0.0;0;1.0000;0;2;77;77;77
60;2014-11-28 08:50:00;909402N262;114;0.079;28;233;232;231;235;0.288;49.99;529.9;0.099;537.7;0.048;684.9;0.052;60;0;0;0.270;0.250;0.344;43;39;30;49.99;49.99;49.99;13333;1000;0.0;0;1.0000;0;2;79;79;79
60;2014-11-28 08:51:00;909402N262;115;0.081;28;233;232;231;235;0.443;49.99;532.4;0.102;539.5;0.049;664.6;0.054;60;0;0;0.417;0.224;0.690;59;25;32;49.99;49.99;49.99;13333;1000;0.0;0;1.0000;0;2;81;81;81
60;2014-11-28 08:52:00;909402N262;107;0.082;29;233;231;231;235;0.298;50.00;528.4;0.094;543.1;0.043;678.7;0.048;60;0;0;0.262;0.267;0.366;39;40;26;50.00;50.00;50.00;13333;1000;0.0;0;1.0000;0;2;82;82;82
60;2014-11-28 08:53:00;909402N262;108;0.085;29;233;231;232;235;0.459;50.02;528.0;0.096;533.9;0.045;665.4;0.050;60;0;0;0.392;0.343;0.644;55;35;17;50.02;50.02;50.02;13333;1000;0.0;0;1.0000;0;2;85;85;85
60;2014-11-28 08:54:00;909402N262;117;0.086;29;233;231;233;235;0.238;50.01;531.5;0.103;537.2;0.049;691.7;0.053;60;0;0;0.222;0.254;0.238;38;43;34;50.01;50.01;50.01;13333;1000;0.0;0;1.0000;0;2;86;86;86
60;2014-11-28 08:55:00;909402N262;129;0.089;29;233;232;232;236;0.245;50.01;533.6;0.111;552.4;0.054;699.1;0.057;60;0;0;0.244;0.252;0.241;44;45;38;50.01;50.01;50.01;13333;1000;0.0;0;1.0000;0;2;89;89;89
60;2014-11-28 08:56:00;909402N262;140;0.091;29;233;232;233;235;0.260;50.01;537.0;0.120;554.0;0.059;694.5;0.061;60;0;0;0.246;0.277;0.257;46;51;43;50.01;50.01;50.01;13333;1000;0.0;0;1.0000;0;2;91;91;91
60;2014-11-28 08:57:00;909402N262;143;0.093;29;233;232;233;236;0.286;50.00;541.5;0.121;554.7;0.061;693.9;0.063;60;0;0;0.266;0.293;0.301;47;50;44;50.00;50.00;50.00;13333;1000;0.0;0;1.0000;0;2;93;93;93
60;2014-11-28 08:58:00;909402N262;145;0.096;29;233;232;233;236;0.289;50.01;542.2;0.122;554.4;0.061;693.2;0.063;60;0;0;0.272;0.299;0.296;49;51;42;50.01;50.01;50.01;13333;1000;0.0;0;1.0000;0;2;96;96;96
60;2014-11-28 08:59:00;909402N262;143;0.099;29;233;231;232;236;0.257;49.99;540.0;0.123;554.4;0.061;693.4;0.062;60;0;0;0.256;0.263;0.254;48;48;45;49.99;49.99;49.99;13333;1000;0.0;0;1.0000;0;2;99;99;99
60;2014-11-28 09:00:00;909402N262;147;0.101;29;233;231;232;237;0.336;49.99;537.0;0.126;557.7;0.062;688.8;0.064;60;0;0;0.319;0.323;0.367;55;52;38;49.99;49.99;49.99;13333;1000;0.0;0;1.0000;0;2;101;101;101
[wr_ende]
