20140707;130000;danfoss;My Plant;+0100
[wr_def_start]
909402N262;Inverter Type;Inverter Group;Hanzl
[wr_def_end]
[wr]
INTERVAL;TIMESTAMP;SERIAL;P_AC;E_DAY;T_WR;U_AC;U_AC_1;U_AC_2;U_AC_3;I_AC;F_AC;U_DC_1;I_DC_1;U_DC_2;I_DC_2;U_DC_3;I_DC_3;S;E_WR;M_WR;I_AC_1;I_AC_2;I_AC_3;P_AC_1;P_AC_2;P_AC_3;F_AC_1;F_AC_2;F_AC_3;R_DC;PC;PCS;PCS_LL;COS_PHI;COS_PHI_LL;S_COS_PHI;Current_Day_Energy;current_Day_Offset;ccEnergyOfDay_WithoutOffset
60;2014-07-07 12:01:00;909402N262;7680;15.900;50;233;234;232;234;10.992;49.98;490.1;6.324;598.4;3.681;725.0;3.491;60;0;0;11.016;10.925;11.036;2573;2525;2580;49.98;49.98;49.98;5261;1000;0.0;0;0.0000;0;0;15900;15900;15900
60;2014-07-07 12:02:00;909402N262;7751;16.030;50;233;234;232;234;11.095;49.98;492.3;6.347;598.3;3.678;730.2;3.496;60;0;0;11.106;11.033;11.148;2591;2553;2604;49.98;49.98;49.98;5261;1000;0.0;0;0.0000;0;0;16030;16030;16030
60;2014-07-07 12:03:00;909402N262;7761;16.159;50;233;234;232;234;11.105;50.00;492.1;6.360;597.8;3.686;729.8;3.504;60;0;0;11.093;11.038;11.184;2590;2555;2615;50.00;50.00;50.00;5261;1000;0.0;0;0.0000;0;0;16159;16159;16159
60;2014-07-07 12:04:00;909402N262;7776;16.289;50;234;234;232;234;11.115;50.02;491.5;6.379;597.2;3.695;729.2;3.515;60;0;0;11.102;11.063;11.180;2595;2565;2614;50.02;50.02;50.02;5261;1000;0.0;0;0.0000;0;0;16289;16289;16289
60;2014-07-07 12:05:00;909402N262;7796;16.418;50;234;234;232;234;11.147;50.03;491.2;6.401;596.8;3.706;729.2;3.522;60;0;0;11.144;11.103;11.194;2604;2573;2617;50.03;50.03;50.03;5261;1000;0.0;0;0.0000;0;0;16418;16418;16418
60;2014-07-07 12:06:00;909402N262;7823;16.549;50;233;234;232;234;11.193;50.03;490.9;6.432;596.2;3.721;728.1;3.541;60;0;0;11.184;11.146;11.249;2611;2581;2630;50.03;50.03;50.03;5261;1000;0.0;0;0.0000;0;0;16549;16549;16549
60;2014-07-07 12:07:00;909402N262;7808;16.679;50;233;234;233;234;11.170;50.00;490.5;6.423;596.3;3.715;727.6;3.533;60;0;0;11.155;11.129;11.226;2602;2582;2622;50.00;50.00;50.00;5261;1000;0.0;0;0.0000;0;0;16679;16679;16679
60;2014-07-07 12:08:00;909402N262;7806;16.810;50;233;234;232;234;11.166;50.01;490.3;6.427;595.8;3.717;728.0;3.533;60;0;0;11.151;11.130;11.217;2603;2581;2621;50.01;50.01;50.01;5261;1000;0.0;0;0.0000;0;0;16810;16810;16810
60;2014-07-07 12:09:00;909402N262;7816;16.939;50;234;234;233;234;11.162;50.00;490.1;6.437;595.2;3.721;727.8;3.541;60;0;0;11.146;11.164;11.178;2604;2599;2610;50.00;50.00;50.00;5261;1000;0.0;0;0.0000;0;0;16939;16939;16939
60;2014-07-07 12:10:00;909402N262;7814;17.071;50;234;234;233;234;11.157;50.01;489.9;6.441;595.2;3.720;727.9;3.537;60;0;0;11.145;11.141;11.187;2604;2595;2614;50.01;50.01;50.01;5261;1000;0.0;0;0.0000;0;0;17071;17071;17071
60;2014-07-07 12:11:00;909402N262;7872;17.201;50;234;234;234;234;11.237;50.01;489.7;6.494;595.1;3.744;728.5;3.562;60;0;0;11.211;11.230;11.271;2617;2618;2636;50.01;50.01;50.01;5261;1000;0.0;0;0.0000;0;0;17201;17201;17201
60;2014-07-07 12:12:00;909402N262;7904;17.333;50;234;234;233;234;11.292;50.00;489.6;6.521;595.7;3.756;728.7;3.575;60;0;0;11.270;11.277;11.329;2630;2626;2646;50.00;50.00;50.00;5261;1000;0.0;0;0.0000;0;0;17333;17333;17333
60;2014-07-07 12:13:00;909402N262;8016;17.465;50;234;233;234;234;11.458;50.02;489.8;6.611;596.6;3.809;729.7;3.619;60;0;0;11.416;11.463;11.495;2656;2672;2686;50.02;50.02;50.02;5261;1000;0.0;0;0.0000;0;0;17465;17465;17465
60;2014-07-07 12:14:00;909402N262;8120;17.602;50;234;233;234;234;11.594;50.01;489.4;6.703;597.4;3.850;730.1;3.668;60;0;0;11.511;11.650;11.623;2676;2726;2718;50.01;50.01;50.01;5261;1000;0.0;0;0.0000;0;0;17602;17602;17602
60;2014-07-07 12:15:00;909402N262;8127;17.737;50;234;233;234;234;11.618;49.99;489.3;6.707;597.8;3.850;730.7;3.668;60;0;0;11.554;11.644;11.658;2685;2713;2726;49.99;49.99;49.99;5261;1000;0.0;0;0.0000;0;0;17737;17737;17737
60;2014-07-07 12:16:00;909402N262;8047;17.871;51;234;234;233;234;11.486;50.01;486.6;6.698;584.5;3.888;731.3;3.669;60;0;0;11.449;11.485;11.524;2671;2673;2696;50.01;50.01;50.01;5261;1000;0.0;0;0.0000;0;0;17871;17871;17871
60;2014-07-07 12:17:00;909402N262;8065;18.006;51;234;234;233;234;11.515;50.02;488.0;6.661;597.9;3.824;730.7;3.646;60;0;0;11.476;11.505;11.565;2678;2678;2707;50.02;50.02;50.02;5261;1000;0.0;0;0.0000;0;0;18006;18006;18006
60;2014-07-07 12:18:00;909402N262;8065;18.140;51;234;234;234;234;11.523;50.03;489.1;6.668;599.4;3.816;730.8;3.628;60;0;0;11.510;11.526;11.535;2685;2686;2691;50.03;50.03;50.03;5261;1000;0.0;0;0.0000;0;0;18140;18140;18140
60;2014-07-07 12:19:00;909402N262;8034;18.274;51;234;234;234;234;11.470;50.04;489.6;6.630;600.1;3.784;731.4;3.626;60;0;0;11.457;11.489;11.464;2675;2684;2673;50.04;50.04;50.04;5261;1000;0.0;0;0.0000;0;0;18274;18274;18274
60;2014-07-07 12:20:00;909402N262;8123;18.410;51;234;234;233;234;11.608;50.04;488.9;6.698;598.8;3.842;731.2;3.672;60;0;0;11.588;11.605;11.631;2702;2701;2717;50.04;50.04;50.04;5261;1000;0.0;0;0.0000;0;0;18410;18410;18410
60;2014-07-07 12:21:00;909402N262;8216;18.547;51;234;234;233;234;11.738;50.04;487.2;6.802;598.2;3.892;730.4;3.718;60;0;0;11.732;11.739;11.744;2740;2733;2742;50.04;50.04;50.04;5261;1000;0.0;0;0.0000;0;0;18547;18547;18547
60;2014-07-07 12:22:00;909402N262;8156;18.683;51;234;234;233;234;11.655;50.05;486.4;6.770;597.2;3.866;729.4;3.688;60;0;0;11.646;11.667;11.653;2718;2717;2718;50.05;50.05;50.05;5261;1000;0.0;0;0.0000;0;0;18683;18683;18683
60;2014-07-07 12:23:00;909402N262;8142;18.818;51;234;233;234;234;11.631;50.05;485.9;6.772;596.1;3.866;728.5;3.682;60;0;0;11.582;11.662;11.650;2696;2722;2721;50.05;50.05;50.05;5261;1000;0.0;0;0.0000;0;0;18818;18818;18818
60;2014-07-07 12:24:00;909402N262;8153;18.954;51;233;233;234;233;11.669;50.03;485.0;6.791;594.8;3.877;727.4;3.698;60;0;0;11.604;11.723;11.681;2697;2736;2718;50.03;50.03;50.03;5261;1000;0.0;0;0.0000;0;0;18954;18954;18954
60;2014-07-07 12:25:00;909402N262;8172;19.090;51;236;237;236;237;11.541;50.04;485.1;6.810;595.3;3.884;726.5;3.707;60;0;0;11.536;11.549;11.538;2726;2719;2725;50.04;50.04;50.04;5261;1000;0.0;0;0.0000;0;0;19090;19090;19090
60;2014-07-07 12:26:00;909402N262;8206;19.228;51;237;237;236;237;11.578;50.04;484.8;6.842;594.9;3.904;726.0;3.726;60;0;0;11.557;11.591;11.588;2731;2732;2741;50.04;50.04;50.04;5261;1000;0.0;0;0.0000;0;0;19228;19228;19228
60;2014-07-07 12:27:00;909402N262;8220;19.362;51;236;237;236;237;11.609;50.04;484.6;6.857;594.3;3.913;726.4;3.732;60;0;0;11.606;11.605;11.617;2743;2731;2745;50.04;50.04;50.04;5261;1000;0.0;0;0.0000;0;0;19362;19362;19362
60;2014-07-07 12:28:00;909402N262;8227;19.500;51;237;237;236;237;11.605;50.04;484.7;6.860;594.9;3.911;726.9;3.733;60;0;0;11.598;11.627;11.592;2745;2742;2737;50.04;50.04;50.04;5261;1000;0.0;0;0.0000;0;0;19500;19500;19500
60;2014-07-07 12:29:00;909402N262;8264;19.639;51;236;237;236;237;11.663;50.04;486.1;6.883;595.2;3.923;728.0;3.741;60;0;0;11.656;11.672;11.663;2756;2749;2757;50.04;50.04;50.04;5261;1000;0.0;0;0.0000;0;0;19639;19639;19639
60;2014-07-07 12:30:00;909402N262;8277;19.778;51;236;237;235;237;11.694;50.03;485.9;6.898;595.1;3.930;727.4;3.747;60;0;0;11.680;11.683;11.719;2760;2747;2769;50.03;50.03;50.03;5261;1000;0.0;0;0.0000;0;0;19778;19778;19778
60;2014-07-07 12:31:00;909402N262;8212;19.915;51;236;237;236;237;11.583;50.01;482.6;6.918;581.0;3.968;726.8;3.756;60;0;0;11.575;11.545;11.629;2738;2721;2750;50.01;50.01;50.01;5261;1000;0.0;0;0.0000;0;0;19915;19915;19915
60;2014-07-07 12:32:00;909402N262;8287;20.053;51;236;237;236;236;11.684;50.01;486.5;6.912;594.1;3.936;726.5;3.751;60;0;0;11.680;11.667;11.706;2767;2751;2768;50.01;50.01;50.01;5261;1000;0.0;0;0.0000;0;0;20053;20053;20053
60;2014-07-07 12:33:00;909402N262;8298;20.191;51;236;237;236;236;11.700;50.02;487.6;6.913;595.1;3.933;727.3;3.748;60;0;0;11.697;11.686;11.719;2771;2755;2770;50.02;50.02;50.02;5261;1000;0.0;0;0.0000;0;0;20191;20191;20191
60;2014-07-07 12:34:00;909402N262;8349;20.329;51;236;237;236;237;11.773;50.03;487.5;6.955;594.9;3.958;727.4;3.774;60;0;0;11.772;11.746;11.803;2788;2768;2791;50.03;50.03;50.03;5261;1000;0.0;0;0.0000;0;0;20329;20329;20329
60;2014-07-07 12:35:00;909402N262;8408;20.470;51;236;237;236;237;11.855;50.03;487.8;6.998;596.4;3.977;727.8;3.797;60;0;0;11.852;11.808;11.907;2807;2781;2818;50.03;50.03;50.03;5261;1000;0.0;0;0.0000;0;0;20470;20470;20470
60;2014-07-07 12:36:00;909402N262;8457;20.611;51;237;237;236;237;11.914;50.02;487.7;7.040;596.0;3.999;728.6;3.819;60;0;0;11.895;11.872;11.976;2819;2794;2841;50.02;50.02;50.02;5261;1000;0.0;0;0.0000;0;0;20611;20611;20611
60;2014-07-07 12:37:00;909402N262;8491;20.753;51;237;237;236;237;11.965;49.99;486.3;7.081;594.5;4.023;727.8;3.844;60;0;0;11.981;11.945;11.971;2838;2813;2837;49.99;49.99;49.99;5261;1000;0.0;0;0.0000;0;0;20753;20753;20753
60;2014-07-07 12:38:00;909402N262;8536;20.895;51;237;237;236;238;12.015;49.99;485.2;7.131;593.7;4.052;727.1;3.871;60;0;0;12.023;11.976;12.046;2851;2820;2863;49.99;49.99;49.99;5261;1000;0.0;0;0.0000;0;0;20895;20895;20895
60;2014-07-07 12:39:00;909402N262;8564;21.039;51;237;237;236;237;12.066;49.99;484.9;7.156;594.1;4.063;726.9;3.887;60;0;0;12.044;12.062;12.093;2852;2843;2867;49.99;49.99;49.99;5261;1000;0.0;0;0.0000;0;0;21039;21039;21039
60;2014-07-07 12:40:00;909402N262;8578;21.181;51;237;237;236;237;12.081;50.01;484.6;7.172;594.3;4.072;726.1;3.897;60;0;0;12.054;12.070;12.119;2857;2845;2874;50.01;50.01;50.01;5261;1000;0.0;0;0.0000;0;0;21181;21181;21181
60;2014-07-07 12:41:00;909402N262;8578;21.323;51;237;237;236;237;12.081;50.01;483.7;7.184;593.4;4.079;725.8;3.898;60;0;0;12.058;12.076;12.109;2856;2849;2871;50.01;50.01;50.01;5261;1000;0.0;0;0.0000;0;0;21323;21323;21323
60;2014-07-07 12:42:00;909402N262;8599;21.467;51;236;236;235;237;12.134;50.01;483.4;7.207;593.3;4.090;726.1;3.904;60;0;0;12.068;12.110;12.226;2849;2846;2901;50.01;50.01;50.01;5261;1000;0.0;0;0.0000;0;0;21467;21467;21467
60;2014-07-07 12:43:00;909402N262;8593;21.610;51;237;237;236;238;12.105;50.02;483.8;7.202;593.6;4.082;726.4;3.899;60;0;0;12.055;12.098;12.163;2852;2851;2888;50.02;50.02;50.02;5261;1000;0.0;0;0.0000;0;0;21610;21610;21610
60;2014-07-07 12:44:00;909402N262;8574;21.754;51;234;234;233;235;12.211;50.01;484.8;7.177;594.0;4.074;726.8;3.883;60;0;0;12.169;12.193;12.271;2849;2842;2882;50.01;50.01;50.01;5261;1000;0.0;0;0.0000;0;0;21754;21754;21754
60;2014-07-07 12:45:00;909402N262;8542;21.896;51;234;234;232;235;12.189;50.02;484.6;7.151;594.0;4.061;727.2;3.866;60;0;0;12.156;12.152;12.260;2841;2824;2875;50.02;50.02;50.02;5261;1000;0.0;0;0.0000;0;0;21896;21896;21896
60;2014-07-07 12:46:00;909402N262;8471;22.038;51;234;234;232;235;12.077;50.03;480.6;7.165;579.8;4.100;726.6;3.876;60;0;0;12.060;12.003;12.168;2821;2791;2857;50.03;50.03;50.03;5261;1000;0.0;0;0.0000;0;0;22038;22038;22038
60;2014-07-07 12:47:00;909402N262;8552;22.180;52;233;234;232;235;12.209;50.03;482.5;7.183;592.1;4.075;724.7;3.890;60;0;0;12.168;12.154;12.305;2842;2819;2890;50.03;50.03;50.03;5261;1000;0.0;0;0.0000;0;0;22180;22180;22180
60;2014-07-07 12:48:00;909402N262;8551;22.323;52;234;234;232;235;12.193;50.03;483.0;7.181;593.3;4.064;724.8;3.891;60;0;0;12.128;12.152;12.301;2831;2824;2894;50.03;50.03;50.03;5261;1000;0.0;0;0.0000;0;0;22323;22323;22323
60;2014-07-07 12:49:00;909402N262;8588;22.465;52;234;234;232;235;12.238;50.04;483.2;7.216;593.4;4.074;724.6;3.905;60;0;0;12.209;12.200;12.306;2860;2835;2891;50.04;50.04;50.04;5261;1000;0.0;0;0.0000;0;0;22465;22465;22465
60;2014-07-07 12:50:00;909402N262;8593;22.609;52;234;234;233;235;12.243;50.03;482.6;7.229;592.6;4.076;724.5;3.911;60;0;0;12.204;12.203;12.324;2860;2836;2895;50.03;50.03;50.03;5261;1000;0.0;0;0.0000;0;0;22609;22609;22609
60;2014-07-07 12:51:00;909402N262;8616;22.753;52;234;234;233;235;12.292;50.02;482.2;7.253;592.4;4.086;724.5;3.928;60;0;0;12.252;12.256;12.370;2863;2849;2902;50.02;50.02;50.02;5261;1000;0.0;0;0.0000;0;0;22753;22753;22753
60;2014-07-07 12:52:00;909402N262;8760;22.898;52;234;233;233;235;12.489;50.02;481.9;7.379;591.9;4.157;725.0;3.995;60;0;0;12.400;12.466;12.601;2894;2904;2962;50.02;50.02;50.02;5261;1000;0.0;0;0.0000;0;0;22898;22898;22898
60;2014-07-07 12:53:00;909402N262;8822;23.046;52;234;234;233;235;12.574;50.01;481.6;7.427;591.3;4.188;725.3;4.027;60;0;0;12.493;12.537;12.694;2917;2916;2986;50.01;50.01;50.01;5261;1000;0.0;0;0.0000;0;0;23046;23046;23046
60;2014-07-07 12:54:00;909402N262;8875;23.193;52;234;234;232;235;12.657;50.01;480.6;7.489;590.4;4.224;724.4;4.051;60;0;0;12.616;12.598;12.759;2950;2925;2998;50.01;50.01;50.01;5261;1000;0.0;0;0.0000;0;0;23193;23193;23193
60;2014-07-07 12:55:00;909402N262;8947;23.343;52;233;234;232;234;12.789;50.01;479.8;7.559;589.9;4.264;723.6;4.092;60;0;0;12.790;12.728;12.849;2989;2954;3002;50.01;50.01;50.01;5261;1000;0.0;0;0.0000;0;0;23343;23343;23343
60;2014-07-07 12:56:00;909402N262;8907;23.491;52;233;234;232;233;12.721;50.02;480.2;7.521;590.5;4.241;723.7;4.071;60;0;0;12.760;12.663;12.742;2990;2941;2974;50.02;50.02;50.02;5261;1000;0.0;0;0.0000;0;0;23491;23491;23491
60;2014-07-07 12:57:00;909402N262;8816;23.638;52;234;234;233;234;12.576;50.04;480.4;7.444;590.3;4.196;723.2;4.030;60;0;0;12.600;12.531;12.599;2954;2915;2945;50.04;50.04;50.04;5261;1000;0.0;0;0.0000;0;0;23638;23638;23638
60;2014-07-07 12:58:00;909402N262;8769;23.785;52;234;235;233;234;12.512;50.02;480.6;7.403;590.5;4.173;722.6;4.011;60;0;0;12.542;12.474;12.522;2942;2900;2924;50.02;50.02;50.02;5261;1000;0.0;0;0.0000;0;0;23785;23785;23785
60;2014-07-07 12:59:00;909402N262;8727;23.930;52;234;235;233;234;12.440;50.02;480.7;7.363;590.7;4.152;722.2;3.995;60;0;0;12.466;12.413;12.442;2926;2893;2906;50.02;50.02;50.02;5261;1000;0.0;0;0.0000;0;0;23930;23930;23930
60;2014-07-07 13:00:00;909402N262;8732;24.074;52;234;235;234;234;12.434;50.00;480.0;7.373;589.8;4.160;721.9;4.003;60;0;0;12.443;12.450;12.410;2924;2909;2898;50.00;50.00;50.00;5261;1000;0.0;0;0.0000;0;0;24074;24074;24074
[wr_ende]
