20140816;070005;danfoss;My Plant;+0100
[wr_def_start]
909402N262;Inverter Type;Inverter Group;Hanzl
[wr_def_end]
[wr]
INTERVAL;TIMESTAMP;SERIAL;P_AC;E_DAY;T_WR;U_AC;U_AC_1;U_AC_2;U_AC_3;I_AC;F_AC;U_DC_1;I_DC_1;U_DC_2;I_DC_2;U_DC_3;I_DC_3;S;E_WR;M_WR;I_AC_1;I_AC_2;I_AC_3;P_AC_1;P_AC_2;P_AC_3;F_AC_1;F_AC_2;F_AC_3;R_DC;PC;PCS;PCS_LL;COS_PHI;COS_PHI_LL;S_COS_PHI;Current_Day_Energy;current_Day_Offset;ccEnergyOfDay_WithoutOffset
60;2014-08-16 06:01:00;909402N262;21;0.000;29;235;235;234;235;0.108;50.02;433.7;0.028;470.9;0.010;535.8;0.007;60;0;0;0.117;0.139;0.070;5;11;5;50.02;50.02;50.02;4137;1000;0.0;0;0.0000;0;0;0;0;0
60;2014-08-16 06:02:00;909402N262;24;0.001;29;234;235;234;234;0.145;50.00;439.3;0.031;427.9;0.012;518.1;0.009;60;0;0;0.161;0.186;0.088;4;13;7;50.00;50.00;50.00;4137;1000;0.0;0;0.0000;0;0;1;1;1
60;2014-08-16 06:03:00;909402N262;28;0.001;29;234;234;235;235;0.133;49.99;458.5;0.035;452.2;0.014;515.0;0.011;60;0;0;0.097;0.199;0.104;10;8;11;49.99;49.99;49.99;4137;1000;0.0;0;0.0000;0;0;1;1;1
60;2014-08-16 06:04:00;909402N262;31;0.002;29;235;234;235;235;0.145;49.99;464.1;0.037;477.9;0.014;516.6;0.011;60;0;0;0.097;0.220;0.118;10;8;13;49.99;49.99;49.99;4137;1000;0.0;0;0.0000;0;0;2;2;2
60;2014-08-16 06:05:00;909402N262;33;0.002;29;235;234;235;235;0.149;50.00;462.5;0.040;478.2;0.015;526.8;0.014;60;0;0;0.106;0.233;0.110;6;14;12;50.00;50.00;50.00;4137;1000;0.0;0;0.0000;0;0;2;2;2
60;2014-08-16 06:06:00;909402N262;36;0.003;29;234;234;234;235;0.168;49.99;470.8;0.042;462.4;0.017;525.2;0.015;60;0;0;0.145;0.167;0.193;8;12;15;49.99;49.99;49.99;4137;1000;0.0;0;0.0000;0;0;3;3;3
60;2014-08-16 06:07:00;909402N262;40;0.003;29;234;234;234;235;0.152;50.00;476.2;0.046;460.0;0.019;528.5;0.015;60;0;0;0.152;0.138;0.167;11;12;14;50.00;50.00;50.00;4137;1000;0.0;0;0.0000;0;0;3;3;3
60;2014-08-16 06:08:00;909402N262;42;0.005;29;234;234;234;235;0.160;49.99;475.2;0.050;467.8;0.020;550.3;0.015;60;0;0;0.158;0.160;0.162;12;15;15;49.99;49.99;49.99;4137;1000;0.0;0;0.0000;0;0;5;5;5
60;2014-08-16 06:09:00;909402N262;45;0.005;29;234;234;234;235;0.161;50.01;478.8;0.051;471.3;0.022;575.8;0.015;60;0;0;0.143;0.233;0.108;13;19;11;50.01;50.01;50.01;4137;1000;0.0;0;0.0000;0;0;5;5;5
60;2014-08-16 06:10:00;909402N262;48;0.005;29;234;234;234;235;0.159;50.00;483.5;0.054;472.5;0.023;595.1;0.017;60;0;0;0.154;0.216;0.107;14;20;11;50.00;50.00;50.00;4137;1000;0.0;0;0.0000;0;0;5;5;5
60;2014-08-16 06:11:00;909402N262;51;0.007;29;234;234;234;234;0.178;50.00;484.9;0.056;486.6;0.023;607.7;0.019;60;0;0;0.183;0.255;0.098;16;22;10;50.00;50.00;50.00;4137;1000;0.0;0;0.0000;0;0;7;7;7
60;2014-08-16 06:12:00;909402N262;54;0.007;29;234;234;234;234;0.198;49.99;483.3;0.060;497.7;0.023;607.4;0.019;60;0;0;0.177;0.321;0.096;13;30;10;49.99;49.99;49.99;4137;1000;0.0;0;0.0000;0;0;7;7;7
60;2014-08-16 06:13:00;909402N262;56;0.009;29;234;234;234;234;0.199;50.00;489.3;0.063;498.8;0.026;555.0;0.022;60;0;0;0.171;0.343;0.083;14;33;8;50.00;50.00;50.00;4137;1000;0.0;0;0.0000;0;0;9;9;9
60;2014-08-16 06:14:00;909402N262;59;0.009;29;234;234;234;234;0.228;50.01;489.5;0.067;484.9;0.027;540.8;0.023;60;0;0;0.211;0.349;0.124;16;32;10;50.01;50.01;50.01;4137;1000;0.0;0;0.0000;0;0;9;9;9
60;2014-08-16 06:15:00;909402N262;63;0.011;29;234;234;234;234;0.270;50.01;490.2;0.070;492.1;0.030;585.5;0.023;60;0;0;0.223;0.468;0.120;12;45;5;50.01;50.01;50.01;4137;1000;0.0;0;0.0000;0;0;11;11;11
60;2014-08-16 06:16:00;909402N262;65;0.012;29;234;234;234;234;0.270;50.01;490.0;0.074;488.8;0.031;599.9;0.023;60;0;0;0.206;0.499;0.106;10;51;4;50.01;50.01;50.01;4137;1000;0.0;0;0.0000;0;0;12;12;12
60;2014-08-16 06:17:00;909402N262;70;0.013;30;234;234;234;234;0.288;50.01;496.0;0.077;499.3;0.031;615.7;0.024;60;0;0;0.233;0.523;0.108;10;56;4;50.01;50.01;50.01;4137;1000;0.0;0;0.0000;0;0;13;13;13
60;2014-08-16 06:18:00;909402N262;73;0.014;30;234;234;234;234;0.285;50.00;495.5;0.081;506.3;0.032;602.1;0.026;60;0;0;0.200;0.537;0.118;8;57;8;50.00;50.00;50.00;4137;1000;0.0;0;0.0000;0;0;14;14;14
60;2014-08-16 06:19:00;909402N262;76;0.015;30;234;234;234;234;0.322;50.02;500.8;0.082;515.4;0.035;610.2;0.027;60;0;0;0.299;0.522;0.147;18;48;9;50.02;50.02;50.02;4137;1000;0.0;0;0.0000;0;0;15;15;15
60;2014-08-16 06:20:00;909402N262;80;0.017;30;234;234;234;234;0.337;50.00;502.5;0.087;523.1;0.035;626.8;0.027;60;0;0;0.277;0.559;0.175;15;54;11;50.00;50.00;50.00;4137;1000;0.0;0;0.0000;0;0;17;17;17
60;2014-08-16 06:21:00;909402N262;86;0.019;30;234;234;234;234;0.352;50.00;510.2;0.093;507.0;0.038;631.7;0.028;60;0;0;0.316;0.515;0.225;19;50;16;50.00;50.00;50.00;4137;1000;0.0;0;0.0000;0;0;19;19;19
60;2014-08-16 06:22:00;909402N262;91;0.019;30;234;234;233;234;0.411;50.01;513.6;0.099;511.3;0.040;600.4;0.033;60;0;0;0.415;0.539;0.279;22;54;15;50.01;50.01;50.01;4137;1000;0.0;0;0.0000;0;0;19;19;19
60;2014-08-16 06:23:00;909402N262;95;0.021;30;234;234;233;234;0.350;50.00;521.9;0.101;509.3;0.042;617.0;0.034;60;0;0;0.319;0.495;0.236;23;55;16;50.00;50.00;50.00;4137;1000;0.0;0;0.0000;0;0;21;21;21
60;2014-08-16 06:24:00;909402N262;100;0.022;30;234;234;233;234;0.330;50.00;527.1;0.103;527.1;0.042;633.0;0.035;60;0;0;0.325;0.498;0.168;29;57;12;50.00;50.00;50.00;4137;1000;0.0;0;0.0000;0;0;22;22;22
60;2014-08-16 06:25:00;909402N262;107;0.025;30;234;234;234;234;0.332;50.01;531.9;0.109;527.1;0.045;629.3;0.037;60;0;0;0.298;0.482;0.217;28;57;21;50.01;50.01;50.01;4137;1000;0.0;0;0.0000;0;0;25;25;25
60;2014-08-16 06:26:00;909402N262;116;0.026;30;234;234;233;234;0.342;50.00;532.9;0.116;539.0;0.052;632.4;0.041;60;0;0;0.309;0.497;0.222;30;62;23;50.00;50.00;50.00;4137;1000;0.0;0;0.0000;0;0;26;26;26
60;2014-08-16 06:27:00;909402N262;140;0.029;30;234;234;233;234;0.346;50.00;526.3;0.133;549.5;0.065;662.5;0.049;60;0;0;0.298;0.410;0.332;37;55;45;50.00;50.00;50.00;4137;1000;0.0;0;0.0000;0;0;29;29;29
60;2014-08-16 06:28:00;909402N262;168;0.032;30;234;234;233;234;0.391;50.00;530.1;0.153;564.9;0.080;670.2;0.060;60;0;0;0.390;0.470;0.315;54;66;46;50.00;50.00;50.00;4137;1000;0.0;0;0.0000;0;0;32;32;32
60;2014-08-16 06:29:00;909402N262;217;0.036;30;234;234;233;234;0.461;50.00;536.7;0.191;583.0;0.101;683.4;0.078;60;0;0;0.421;0.543;0.419;65;83;66;50.00;50.00;50.00;4137;1000;0.0;0;0.0000;0;0;36;36;36
60;2014-08-16 06:30:00;909402N262;246;0.039;30;234;234;233;234;0.492;50.00;541.2;0.213;589.9;0.116;696.1;0.087;60;0;0;0.463;0.566;0.447;76;94;76;50.00;50.00;50.00;4137;1000;0.0;0;0.0000;0;0;39;39;39
60;2014-08-16 06:31:00;909402N262;245;0.043;31;233;233;233;234;0.497;50.00;537.2;0.213;568.8;0.122;688.9;0.091;60;0;0;0.436;0.606;0.450;72;98;74;50.00;50.00;50.00;4137;1000;0.0;0;0.0000;0;0;43;43;43
60;2014-08-16 06:32:00;909402N262;239;0.049;31;233;233;233;234;0.504;49.99;541.7;0.201;592.0;0.114;681.4;0.089;60;0;0;0.451;0.589;0.474;71;91;76;49.99;49.99;49.99;4137;1000;0.0;0;0.0000;0;0;49;49;49
60;2014-08-16 06:33:00;909402N262;223;0.052;31;233;233;233;234;0.458;50.00;538.5;0.188;586.9;0.106;689.0;0.083;60;0;0;0.405;0.551;0.419;65;86;67;50.00;50.00;50.00;4137;1000;0.0;0;0.0000;0;0;52;52;52
60;2014-08-16 06:34:00;909402N262;200;0.055;31;233;233;233;234;0.451;50.00;532.3;0.173;580.2;0.094;670.1;0.076;60;0;0;0.414;0.526;0.415;60;77;61;50.00;50.00;50.00;4137;1000;0.0;0;0.0000;0;0;55;55;55
60;2014-08-16 06:35:00;909402N262;202;0.059;31;233;233;234;234;0.449;49.98;531.5;0.174;579.3;0.097;673.5;0.077;60;0;0;0.399;0.542;0.406;60;78;61;49.98;49.98;49.98;4137;1000;0.0;0;0.0000;0;0;59;59;59
60;2014-08-16 06:36:00;909402N262;210;0.062;31;233;233;233;234;0.458;49.97;532.4;0.178;586.6;0.101;678.1;0.081;60;0;0;0.422;0.535;0.418;65;81;64;49.97;49.97;49.97;4137;1000;0.0;0;0.0000;0;0;62;62;62
60;2014-08-16 06:37:00;909402N262;200;0.065;31;233;233;233;234;0.449;49.97;531.1;0.177;580.8;0.094;672.9;0.073;60;0;0;0.406;0.540;0.401;59;78;61;49.97;49.97;49.97;4137;1000;0.0;0;0.0000;0;0;65;65;65
60;2014-08-16 06:38:00;909402N262;191;0.069;31;234;234;233;233;0.452;49.98;533.7;0.172;572.6;0.089;667.3;0.068;60;0;0;0.412;0.546;0.398;54;76;59;49.98;49.98;49.98;4137;1000;0.0;0;0.0000;0;0;69;69;69
60;2014-08-16 06:39:00;909402N262;174;0.072;31;234;234;234;234;0.401;49.98;533.6;0.161;561.4;0.081;670.9;0.061;60;0;0;0.369;0.498;0.337;50;72;50;49.98;49.98;49.98;4137;1000;0.0;0;0.0000;0;0;72;72;72
60;2014-08-16 06:40:00;909402N262;173;0.074;32;233;234;233;234;0.394;49.98;543.0;0.158;557.4;0.079;673.0;0.060;60;0;0;0.356;0.497;0.330;50;72;48;49.98;49.98;49.98;4137;1000;0.0;0;0.0000;0;0;74;74;74
60;2014-08-16 06:41:00;909402N262;194;0.077;32;233;234;233;234;0.452;50.00;541.2;0.173;572.4;0.089;672.1;0.071;60;0;0;0.424;0.547;0.387;58;78;58;50.00;50.00;50.00;4137;1000;0.0;0;0.0000;0;0;77;77;77
60;2014-08-16 06:42:00;909402N262;226;0.082;32;233;233;233;234;0.474;50.00;537.9;0.198;582.3;0.105;686.8;0.082;60;0;0;0.431;0.552;0.441;68;87;69;50.00;50.00;50.00;4137;1000;0.0;0;0.0000;0;0;82;82;82
60;2014-08-16 06:43:00;909402N262;236;0.085;32;233;233;233;233;0.484;50.00;536.5;0.205;592.0;0.110;688.8;0.086;60;0;0;0.441;0.569;0.444;71;90;71;50.00;50.00;50.00;4137;1000;0.0;0;0.0000;0;0;85;85;85
60;2014-08-16 06:44:00;909402N262;217;0.089;32;233;233;232;234;0.493;49.99;526.0;0.197;581.7;0.103;667.5;0.079;60;0;0;0.449;0.576;0.454;64;86;66;49.99;49.99;49.99;4137;1000;0.0;0;0.0000;0;0;89;89;89
60;2014-08-16 06:45:00;909402N262;208;0.092;32;233;233;232;233;0.447;50.00;533.0;0.191;573.7;0.097;678.9;0.071;60;0;0;0.416;0.523;0.402;64;81;62;50.00;50.00;50.00;4137;1000;0.0;0;0.0000;0;0;92;92;92
60;2014-08-16 06:46:00;909402N262;218;0.096;32;233;233;232;233;0.465;49.99;528.4;0.202;557.4;0.106;680.3;0.078;60;0;0;0.440;0.550;0.407;69;84;65;49.99;49.99;49.99;4137;1000;0.0;0;0.0000;0;0;96;96;96
60;2014-08-16 06:47:00;909402N262;211;0.099;32;233;233;233;233;0.472;49.99;537.4;0.191;574.0;0.099;675.5;0.073;60;0;0;0.422;0.556;0.440;60;83;66;49.99;49.99;49.99;4137;1000;0.0;0;0.0000;0;0;99;99;99
60;2014-08-16 06:48:00;909402N262;208;0.102;32;233;233;232;233;0.456;49.98;541.6;0.194;577.9;0.092;680.9;0.070;60;0;0;0.439;0.512;0.417;65;77;62;49.98;49.98;49.98;4137;1000;0.0;0;0.0000;0;0;102;102;102
60;2014-08-16 06:49:00;909402N262;217;0.107;32;236;236;235;235;0.494;49.99;544.2;0.203;572.9;0.097;681.6;0.071;60;0;0;0.458;0.569;0.457;64;82;68;49.99;49.99;49.99;4137;1000;0.0;0;0.0000;0;0;107;107;107
60;2014-08-16 06:50:00;909402N262;214;0.110;32;236;236;236;235;0.495;49.99;556.3;0.195;571.4;0.093;679.9;0.072;60;0;0;0.471;0.575;0.441;64;83;66;49.99;49.99;49.99;4137;1000;0.0;0;0.0000;0;0;110;110;110
60;2014-08-16 06:51:00;909402N262;203;0.114;32;236;236;235;235;0.564;49.98;558.2;0.192;567.4;0.087;656.1;0.069;60;0;0;0.535;0.649;0.510;51;82;70;49.98;49.98;49.98;4137;1000;0.0;0;0.0000;0;0;114;114;114
60;2014-08-16 06:52:00;909402N262;194;0.117;33;235;236;235;235;0.489;49.97;547.9;0.188;566.0;0.082;670.1;0.063;60;0;0;0.468;0.599;0.402;53;82;55;49.97;49.97;49.97;4137;1000;0.0;0;0.0000;0;0;117;117;117
60;2014-08-16 06:53:00;909402N262;190;0.120;33;236;236;236;235;0.496;49.97;526.3;0.198;562.1;0.080;668.2;0.060;60;0;0;0.468;0.601;0.420;53;77;59;49.97;49.97;49.97;4137;1000;0.0;0;0.0000;0;0;120;120;120
60;2014-08-16 06:54:00;909402N262;203;0.124;33;235;236;235;236;0.477;49.97;529.7;0.206;569.2;0.086;675.2;0.064;60;0;0;0.447;0.557;0.428;60;79;62;49.97;49.97;49.97;4137;1000;0.0;0;0.0000;0;0;124;124;124
60;2014-08-16 06:55:00;909402N262;221;0.127;33;235;236;234;236;0.508;49.98;547.5;0.211;576.3;0.097;680.3;0.071;60;0;0;0.474;0.569;0.482;67;86;68;49.98;49.98;49.98;4137;1000;0.0;0;0.0000;0;0;127;127;127
60;2014-08-16 06:56:00;909402N262;218;0.130;33;236;236;235;236;0.499;49.99;541.6;0.209;574.1;0.095;681.1;0.071;60;0;0;0.484;0.554;0.460;69;83;65;49.99;49.99;49.99;4137;1000;0.0;0;0.0000;0;0;130;130;130
60;2014-08-16 06:57:00;909402N262;218;0.134;33;236;236;235;237;0.529;50.00;532.2;0.218;574.5;0.094;674.8;0.070;60;0;0;0.497;0.600;0.492;66;86;64;50.00;50.00;50.00;4137;1000;0.0;0;0.0000;0;0;134;134;134
60;2014-08-16 06:58:00;909402N262;244;0.138;33;236;236;234;237;0.550;50.01;551.2;0.232;584.1;0.108;681.9;0.079;60;0;0;0.521;0.615;0.515;75;92;73;50.01;50.01;50.01;4137;1000;0.0;0;0.0000;0;0;138;138;138
60;2014-08-16 06:59:00;909402N262;254;0.143;33;235;235;234;237;0.552;50.03;553.7;0.239;588.6;0.112;687.9;0.081;60;0;0;0.502;0.638;0.517;78;97;77;50.03;50.03;50.03;4137;1000;0.0;0;0.0000;0;0;143;143;143
60;2014-08-16 07:00:00;909402N262;247;0.147;33;235;235;233;237;0.552;50.01;554.8;0.234;583.1;0.107;678.0;0.081;60;0;0;0.536;0.615;0.505;78;95;72;50.01;50.01;50.01;4137;1000;0.0;0;0.0000;0;0;147;147;147
[wr_ende]
