20150322;150000;danfoss;My Plant;+0100
[wr_def_start]
909402N262;Inverter Type;Inverter Group;Hanzl
[wr_def_end]
[wr]
INTERVAL;TIMESTAMP;SERIAL;P_AC;E_DAY;T_WR;U_AC;U_AC_1;U_AC_2;U_AC_3;I_AC;F_AC;U_DC_1;I_DC_1;U_DC_2;I_DC_2;U_DC_3;I_DC_3;S;E_WR;M_WR;I_AC_1;I_AC_2;I_AC_3;P_AC_1;P_AC_2;P_AC_3;F_AC_1;F_AC_2;F_AC_3;R_DC;PC;PCS;PCS_LL;COS_PHI;COS_PHI_LL;S_COS_PHI;Current_Day_Energy;current_Day_Offset;ccEnergyOfDay_WithoutOffset
60;2015-03-22 14:01:00;909402N262;7868;35.262;45;235;235;234;235;11.320;49.96;532.6;6.207;626.1;3.297;777.9;3.385;60;0;0;11.261;11.353;11.346;2613;2621;2632;49.96;49.96;49.96;14942;1000;0.0;0;1.0000;0;2;35262;35262;35262
60;2015-03-22 14:02:00;909402N262;7736;35.390;45;235;236;234;236;11.097;49.95;538.2;6.017;640.3;3.196;782.0;3.286;60;0;0;11.053;11.116;11.123;2574;2572;2587;49.95;49.95;49.95;14942;1000;0.0;0;1.0000;0;2;35390;35390;35390
60;2015-03-22 14:03:00;909402N262;7817;35.523;45;236;236;235;236;11.213;49.96;538.6;6.086;640.9;3.225;782.2;3.316;60;0;0;11.167;11.240;11.234;2600;2603;2612;49.96;49.96;49.96;14942;1000;0.0;0;1.0000;0;2;35523;35523;35523
60;2015-03-22 14:04:00;909402N262;7380;35.643;45;236;236;235;236;10.527;49.97;539.7;5.749;640.7;3.047;781.8;3.122;60;0;0;10.488;10.551;10.542;2457;2454;2466;49.97;49.97;49.97;14942;1000;0.0;0;1.0000;0;2;35643;35643;35643
60;2015-03-22 14:05:00;909402N262;6937;35.758;45;235;235;235;236;9.909;49.97;539.9;5.414;640.0;2.859;780.8;2.934;60;0;0;9.836;9.958;9.935;2293;2319;2323;49.97;49.97;49.97;14942;1000;0.0;0;1.0000;0;2;35758;35758;35758
60;2015-03-22 14:06:00;909402N262;6622;35.867;45;235;235;234;235;9.471;49.97;541.0;5.157;639.8;2.726;780.9;2.801;60;0;0;9.428;9.513;9.473;2201;2210;2207;49.97;49.97;49.97;14942;1000;0.0;0;1.0000;0;2;35867;35867;35867
60;2015-03-22 14:07:00;909402N262;6334;35.972;45;235;236;235;235;9.058;49.97;542.3;4.931;640.7;2.606;781.8;2.662;60;0;0;9.020;9.111;9.045;2106;2120;2106;49.97;49.97;49.97;14942;1000;0.0;0;1.0000;0;2;35972;35972;35972
60;2015-03-22 14:08:00;909402N262;5873;36.071;45;235;235;235;235;8.405;49.98;543.6;4.560;640.9;2.406;782.1;2.471;60;0;0;8.355;8.463;8.398;1946;1971;1955;49.98;49.98;49.98;14942;1000;0.0;0;1.0000;0;2;36071;36071;36071
60;2015-03-22 14:09:00;909402N262;5998;36.171;45;235;235;234;236;8.586;49.98;545.8;4.633;642.4;2.453;785.6;2.514;60;0;0;8.539;8.600;8.621;1988;1995;2013;49.98;49.98;49.98;14942;1000;0.0;0;1.0000;0;2;36171;36171;36171
60;2015-03-22 14:10:00;909402N262;6023;36.272;45;236;236;235;236;8.600;49.98;546.8;4.645;643.7;2.454;790.5;2.511;60;0;0;8.540;8.644;8.616;1996;2012;2012;49.98;49.98;49.98;14942;1000;0.0;0;1.0000;0;2;36272;36272;36272
60;2015-03-22 14:11:00;909402N262;6089;36.373;45;236;236;236;236;8.676;49.97;547.3;4.686;644.1;2.480;793.0;2.535;60;0;0;8.615;8.732;8.683;2015;2043;2029;49.97;49.97;49.97;14942;1000;0.0;0;1.0000;0;2;36373;36373;36373
60;2015-03-22 14:12:00;909402N262;6164;36.478;45;236;236;235;236;8.778;49.97;548.3;4.737;645.2;2.508;794.1;2.561;60;0;0;8.732;8.815;8.789;2047;2058;2058;49.97;49.97;49.97;14942;1000;0.0;0;1.0000;0;2;36478;36478;36478
60;2015-03-22 14:13:00;909402N262;6591;36.587;45;235;235;234;235;9.407;49.98;548.2;5.066;646.0;2.674;794.7;2.748;60;0;0;9.370;9.429;9.424;2189;2198;2202;49.98;49.98;49.98;14942;1000;0.0;0;1.0000;0;2;36587;36587;36587
60;2015-03-22 14:14:00;909402N262;6966;36.704;45;233;233;232;233;10.008;49.98;548.2;5.348;646.4;2.827;794.7;2.911;60;0;0;9.968;10.026;10.031;2315;2318;2330;49.98;49.98;49.98;14942;1000;0.0;0;1.0000;0;2;36704;36704;36704
60;2015-03-22 14:15:00;909402N262;7196;36.823;45;233;233;234;233;10.319;49.98;547.2;5.532;646.1;2.924;794.9;3.009;60;0;0;10.269;10.386;10.304;2387;2416;2392;49.98;49.98;49.98;14942;1000;0.0;0;1.0000;0;2;36823;36823;36823
60;2015-03-22 14:16:00;909402N262;7273;36.945;45;233;233;234;233;10.427;49.99;541.6;5.660;636.3;2.984;795.3;3.072;60;0;0;10.377;10.522;10.383;2410;2454;2406;49.99;49.99;49.99;14942;1000;0.0;0;1.0000;0;2;36945;36945;36945
60;2015-03-22 14:17:00;909402N262;7352;37.067;45;234;234;234;233;10.529;49.99;545.5;5.676;646.5;2.987;795.1;3.070;60;0;0;10.497;10.601;10.491;2448;2471;2431;49.99;49.99;49.99;14942;1000;0.0;0;1.0000;0;2;37067;37067;37067
60;2015-03-22 14:18:00;909402N262;7253;37.188;45;234;234;234;233;10.380;49.99;545.3;5.608;646.0;2.948;795.1;3.026;60;0;0;10.334;10.448;10.358;2411;2436;2405;49.99;49.99;49.99;14942;1000;0.0;0;1.0000;0;2;37188;37188;37188
60;2015-03-22 14:19:00;909402N262;7074;37.306;45;234;234;234;233;10.136;50.00;545.5;5.474;645.8;2.875;795.0;2.945;60;0;0;10.082;10.198;10.130;2348;2373;2351;50.00;50.00;50.00;14942;1000;0.0;0;1.0000;0;2;37306;37306;37306
60;2015-03-22 14:20:00;909402N262;6979;37.424;45;234;234;234;233;9.998;50.00;545.1;5.405;645.0;2.838;795.1;2.907;60;0;0;9.960;10.049;9.985;2323;2337;2318;50.00;50.00;50.00;14942;1000;0.0;0;1.0000;0;2;37424;37424;37424
60;2015-03-22 14:21:00;909402N262;6943;37.538;45;234;234;234;234;9.950;50.01;545.7;5.371;645.4;2.823;795.1;2.891;60;0;0;9.893;9.986;9.973;2300;2320;2320;50.01;50.01;50.01;14942;1000;0.0;0;1.0000;0;2;37538;37538;37538
60;2015-03-22 14:22:00;909402N262;6761;37.650;45;234;234;234;234;9.691;50.01;546.7;5.223;645.2;2.749;795.1;2.814;60;0;0;9.630;9.729;9.714;2238;2261;2260;50.01;50.01;50.01;14942;1000;0.0;0;1.0000;0;2;37650;37650;37650
60;2015-03-22 14:23:00;909402N262;6910;37.766;45;234;233;234;234;9.902;50.01;546.9;5.350;646.6;2.798;794.9;2.869;60;0;0;9.833;9.947;9.928;2285;2313;2311;50.01;50.01;50.01;14942;1000;0.0;0;1.0000;0;2;37766;37766;37766
60;2015-03-22 14:24:00;909402N262;6542;37.875;45;234;233;233;234;9.399;50.00;547.1;5.076;646.1;2.663;793.2;2.693;60;0;0;9.310;9.464;9.423;2157;2187;2194;50.00;50.00;50.00;14942;1000;0.0;0;1.0000;0;2;37875;37875;37875
60;2015-03-22 14:25:00;909402N262;5688;37.970;45;233;233;233;234;8.192;49.99;549.9;4.418;644.0;2.295;787.2;2.363;60;0;0;8.140;8.203;8.235;1880;1898;1909;49.99;49.99;49.99;14942;1000;0.0;0;1.0000;0;2;37970;37970;37970
60;2015-03-22 14:26:00;909402N262;6923;38.085;45;234;234;233;235;9.915;50.00;547.8;5.353;646.9;2.799;795.0;2.875;60;0;0;9.863;9.920;9.964;2298;2297;2326;50.00;50.00;50.00;14942;1000;0.0;0;1.0000;0;2;38085;38085;38085
60;2015-03-22 14:27:00;909402N262;6787;38.199;45;233;234;232;234;9.742;50.01;547.7;5.247;646.0;2.746;794.9;2.820;60;0;0;9.691;9.760;9.776;2254;2256;2276;50.01;50.01;50.01;14942;1000;0.0;0;1.0000;0;2;38199;38199;38199
60;2015-03-22 14:28:00;909402N262;6885;38.313;45;233;234;232;234;9.883;50.01;548.2;5.329;646.9;2.773;794.8;2.863;60;0;0;9.846;9.903;9.901;2292;2291;2300;50.01;50.01;50.01;14942;1000;0.0;0;1.0000;0;2;38313;38313;38313
60;2015-03-22 14:29:00;909402N262;6952;38.429;44;233;234;232;234;9.971;50.01;548.2;5.386;647.1;2.803;795.0;2.883;60;0;0;9.937;9.982;9.995;2315;2307;2328;50.01;50.01;50.01;14942;1000;0.0;0;1.0000;0;2;38429;38429;38429
60;2015-03-22 14:30:00;909402N262;6985;38.545;44;234;234;233;234;9.997;50.01;548.3;5.415;646.5;2.815;794.9;2.900;60;0;0;9.950;10.024;10.019;2318;2329;2336;50.01;50.01;50.01;14942;1000;0.0;0;1.0000;0;2;38545;38545;38545
60;2015-03-22 14:31:00;909402N262;6880;38.660;44;234;234;234;234;9.832;50.00;544.8;5.386;638.0;2.793;795.1;2.876;60;0;0;9.800;9.867;9.831;2287;2301;2291;50.00;50.00;50.00;14942;1000;0.0;0;1.0000;0;2;38660;38660;38660
60;2015-03-22 14:32:00;909402N262;6643;38.770;44;234;234;233;234;9.507;50.00;549.0;5.158;647.7;2.675;794.4;2.743;60;0;0;9.480;9.538;9.504;2212;2217;2211;50.00;50.00;50.00;14942;1000;0.0;0;1.0000;0;2;38770;38770;38770
60;2015-03-22 14:33:00;909402N262;6805;38.885;44;234;235;234;233;9.742;50.01;548.8;5.282;647.7;2.736;794.8;2.820;60;0;0;9.717;9.797;9.712;2271;2282;2250;50.01;50.01;50.01;14942;1000;0.0;0;1.0000;0;2;38885;38885;38885
60;2015-03-22 14:34:00;909402N262;6968;39.001;44;234;234;234;233;9.975;50.01;548.2;5.408;647.5;2.798;794.8;2.896;60;0;0;9.926;10.044;9.955;2314;2343;2309;50.01;50.01;50.01;14942;1000;0.0;0;1.0000;0;2;39001;39001;39001
60;2015-03-22 14:35:00;909402N262;6883;39.115;44;234;234;234;233;9.856;50.02;547.9;5.356;647.7;2.765;794.5;2.849;60;0;0;9.792;9.935;9.843;2282;2316;2282;50.02;50.02;50.02;14942;1000;0.0;0;1.0000;0;2;39115;39115;39115
60;2015-03-22 14:36:00;909402N262;6588;39.225;45;233;233;234;233;9.459;50.00;548.6;5.155;647.6;2.635;792.4;2.716;60;0;0;9.365;9.563;9.449;2172;2222;2192;50.00;50.00;50.00;14942;1000;0.0;0;1.0000;0;2;39225;39225;39225
60;2015-03-22 14:37:00;909402N262;6231;39.329;45;233;233;234;233;8.953;50.00;551.0;4.894;649.1;2.473;788.5;2.579;60;0;0;8.881;9.042;8.936;2059;2098;2070;50.00;50.00;50.00;14942;1000;0.0;0;1.0000;0;2;39329;39329;39329
60;2015-03-22 14:38:00;909402N262;6883;39.445;45;233;234;233;233;9.863;50.02;547.7;5.350;648.7;2.763;794.7;2.852;60;0;0;9.820;9.932;9.837;2289;2311;2282;50.02;50.02;50.02;14942;1000;0.0;0;1.0000;0;2;39445;39445;39445
60;2015-03-22 14:39:00;909402N262;6658;39.555;45;233;234;233;232;9.551;50.01;547.7;5.178;648.0;2.677;794.7;2.753;60;0;0;9.510;9.628;9.516;2217;2238;2201;50.01;50.01;50.01;14942;1000;0.0;0;1.0000;0;2;39555;39555;39555
60;2015-03-22 14:40:00;909402N262;6587;39.665;44;233;234;234;232;9.438;50.01;547.3;5.122;647.3;2.651;794.6;2.726;60;0;0;9.401;9.507;9.407;2194;2214;2177;50.01;50.01;50.01;14942;1000;0.0;0;1.0000;0;2;39665;39665;39665
60;2015-03-22 14:41:00;909402N262;6565;39.775;44;234;235;234;232;9.399;50.01;547.4;5.107;647.3;2.640;794.6;2.715;60;0;0;9.378;9.483;9.337;2192;2212;2158;50.01;50.01;50.01;14942;1000;0.0;0;1.0000;0;2;39775;39775;39775
60;2015-03-22 14:42:00;909402N262;6401;39.881;44;234;235;234;232;9.174;50.01;548.1;4.986;646.9;2.576;793.8;2.638;60;0;0;9.165;9.247;9.111;2143;2152;2105;50.01;50.01;50.01;14942;1000;0.0;0;1.0000;0;2;39881;39881;39881
60;2015-03-22 14:43:00;909402N262;4428;39.955;44;233;235;234;232;6.415;50.01;547.0;3.480;643.4;1.803;781.1;1.807;60;0;0;6.401;6.471;6.373;1480;1488;1457;50.01;50.01;50.01;14942;1000;0.0;0;1.0000;0;2;39955;39955;39955
60;2015-03-22 14:44:00;909402N262;6189;40.057;44;234;235;234;232;8.870;50.01;552.6;4.750;647.9;2.489;793.2;2.565;60;0;0;8.860;8.932;8.820;2067;2082;2039;50.01;50.01;50.01;14942;1000;0.0;0;1.0000;0;2;40057;40057;40057
60;2015-03-22 14:45:00;909402N262;6490;40.166;44;234;235;234;232;9.300;50.00;551.6;5.034;649.2;2.595;794.3;2.674;60;0;0;9.311;9.382;9.207;2176;2187;2124;50.00;50.00;50.00;14942;1000;0.0;0;1.0000;0;2;40166;40166;40166
60;2015-03-22 14:46:00;909402N262;5744;40.262;44;233;235;234;231;8.246;50.00;549.2;4.490;636.0;2.337;786.3;2.354;60;0;0;8.231;8.342;8.165;1916;1938;1872;50.00;50.00;50.00;14942;1000;0.0;0;1.0000;0;2;40262;40262;40262
60;2015-03-22 14:47:00;909402N262;5894;40.360;44;233;235;234;231;8.481;50.01;554.5;4.531;647.6;2.351;793.2;2.448;60;0;0;8.466;8.571;8.406;1970;1991;1930;50.01;50.01;50.01;14942;1000;0.0;0;1.0000;0;2;40360;40360;40360
60;2015-03-22 14:48:00;909402N262;6193;40.463;44;233;234;234;232;8.899;50.01;553.3;4.794;649.7;2.473;794.3;2.548;60;0;0;8.869;8.984;8.844;2065;2087;2040;50.01;50.01;50.01;14942;1000;0.0;0;1.0000;0;2;40463;40463;40463
60;2015-03-22 14:49:00;909402N262;6371;40.567;44;233;234;234;233;9.147;50.01;553.7;4.926;650.5;2.535;794.4;2.629;60;0;0;9.106;9.231;9.104;2117;2147;2104;50.01;50.01;50.01;14942;1000;0.0;0;1.0000;0;2;40567;40567;40567
60;2015-03-22 14:50:00;909402N262;6495;40.676;44;234;234;234;232;9.322;50.03;553.1;5.025;650.7;2.589;794.5;2.679;60;0;0;9.279;9.406;9.282;2158;2192;2144;50.03;50.03;50.03;14942;1000;0.0;0;1.0000;0;2;40676;40676;40676
60;2015-03-22 14:51:00;909402N262;6487;40.784;44;234;234;234;232;9.308;50.02;552.5;5.018;650.6;2.589;794.5;2.676;60;0;0;9.285;9.389;9.251;2163;2185;2137;50.02;50.02;50.02;14942;1000;0.0;0;1.0000;0;2;40784;40784;40784
60;2015-03-22 14:52:00;909402N262;6371;40.890;44;233;234;234;232;9.154;50.01;553.5;4.927;650.8;2.539;794.4;2.625;60;0;0;9.116;9.230;9.118;2122;2143;2103;50.01;50.01;50.01;14942;1000;0.0;0;1.0000;0;2;40890;40890;40890
60;2015-03-22 14:53:00;909402N262;6211;40.994;44;233;234;234;232;8.939;50.02;553.7;4.812;650.4;2.475;794.2;2.554;60;0;0;8.885;9.016;8.917;2064;2091;2055;50.02;50.02;50.02;14942;1000;0.0;0;1.0000;0;2;40994;40994;40994
60;2015-03-22 14:54:00;909402N262;5643;41.088;44;233;233;233;232;8.146;50.01;554.7;4.367;649.5;2.267;791.8;2.301;60;0;0;8.079;8.217;8.142;1868;1898;1872;50.01;50.01;50.01;14942;1000;0.0;0;1.0000;0;2;41088;41088;41088
60;2015-03-22 14:55:00;909402N262;6117;41.190;44;233;233;233;233;8.801;50.00;553.4;4.734;650.3;2.438;794.6;2.518;60;0;0;8.734;8.862;8.809;2024;2055;2037;50.00;50.00;50.00;14942;1000;0.0;0;1.0000;0;2;41190;41190;41190
60;2015-03-22 14:56:00;909402N262;6085;41.291;44;233;234;233;233;8.752;50.00;553.0;4.713;649.7;2.432;794.6;2.501;60;0;0;8.696;8.809;8.751;2019;2041;2024;50.00;50.00;50.00;14942;1000;0.0;0;1.0000;0;2;41291;41291;41291
60;2015-03-22 14:57:00;909402N262;5742;41.387;44;233;233;233;233;8.277;50.01;554.7;4.448;650.0;2.295;793.9;2.346;60;0;0;8.203;8.327;8.301;1897;1925;1918;50.01;50.01;50.01;14942;1000;0.0;0;1.0000;0;2;41387;41387;41387
60;2015-03-22 14:58:00;909402N262;4456;41.462;44;233;233;233;232;6.504;49.99;558.4;3.431;647.6;1.817;785.1;1.801;60;0;0;6.455;6.567;6.492;1478;1496;1481;49.99;49.99;49.99;14942;1000;0.0;0;1.0000;0;2;41462;41462;41462
60;2015-03-22 14:59:00;909402N262;4075;41.529;44;233;234;233;232;5.947;50.00;555.4;3.160;647.6;1.644;784.2;1.665;60;0;0;5.934;5.971;5.937;1355;1369;1349;50.00;50.00;50.00;14942;1000;0.0;0;1.0000;0;2;41529;41529;41529
[wr_ende]
