20150316;160005;danfoss;My Plant;+0100
[wr_def_start]
909402N262;Inverter Type;Inverter Group;Hanzl
[wr_def_end]
[wr]
INTERVAL;TIMESTAMP;SERIAL;P_AC;E_DAY;T_WR;U_AC;U_AC_1;U_AC_2;U_AC_3;I_AC;F_AC;U_DC_1;I_DC_1;U_DC_2;I_DC_2;U_DC_3;I_DC_3;S;E_WR;M_WR;I_AC_1;I_AC_2;I_AC_3;P_AC_1;P_AC_2;P_AC_3;F_AC_1;F_AC_2;F_AC_3;R_DC;PC;PCS;PCS_LL;COS_PHI;COS_PHI_LL;S_COS_PHI;Current_Day_Energy;current_Day_Offset;ccEnergyOfDay_WithoutOffset
60;2015-03-16 15:01:00;909402N262;3121;31.425;41;234;232;234;235;4.561;49.99;564.5;2.334;640.0;1.301;787.2;1.276;60;0;0;4.474;4.623;4.588;1013;1055;1051;49.99;49.99;49.99;12067;1000;0.0;0;1.0000;0;2;31425;31425;31425
60;2015-03-16 15:02:00;909402N262;2829;31.472;41;234;234;235;235;4.163;49.99;572.2;2.063;652.9;1.181;791.2;1.142;60;0;0;4.086;4.202;4.203;921;953;954;49.99;49.99;49.99;12067;1000;0.0;0;1.0000;0;2;31472;31472;31472
60;2015-03-16 15:03:00;909402N262;2834;31.517;41;234;233;235;235;4.167;49.98;571.8;2.070;652.8;1.184;791.6;1.143;60;0;0;4.084;4.211;4.208;919;956;957;49.98;49.98;49.98;12067;1000;0.0;0;1.0000;0;2;31517;31517;31517
60;2015-03-16 15:04:00;909402N262;2886;31.567;41;234;234;235;235;4.230;49.99;570.8;2.119;653.3;1.194;794.4;1.163;60;0;0;4.162;4.266;4.262;942;970;972;49.99;49.99;49.99;12067;1000;0.0;0;1.0000;0;2;31567;31567;31567
60;2015-03-16 15:05:00;909402N262;2770;31.612;41;234;234;234;235;4.085;50.00;572.3;2.027;652.6;1.151;790.4;1.121;60;0;0;4.006;4.123;4.128;901;932;936;50.00;50.00;50.00;12067;1000;0.0;0;1.0000;0;2;31612;31612;31612
60;2015-03-16 15:06:00;909402N262;2767;31.659;41;234;233;234;235;4.080;50.01;572.5;2.027;652.7;1.145;792.4;1.116;60;0;0;3.999;4.120;4.123;898;931;936;50.01;50.01;50.01;12067;1000;0.0;0;1.0000;0;2;31659;31659;31659
60;2015-03-16 15:07:00;909402N262;2683;31.704;41;234;233;234;235;3.970;50.01;573.0;1.963;654.1;1.110;791.8;1.082;60;0;0;3.892;4.010;4.010;869;904;908;50.01;50.01;50.01;12067;1000;0.0;0;1.0000;0;2;31704;31704;31704
60;2015-03-16 15:08:00;909402N262;2611;31.747;40;234;233;234;235;3.875;50.00;573.7;1.907;651.7;1.086;788.1;1.055;60;0;0;3.784;3.929;3.914;842;883;884;50.00;50.00;50.00;12067;1000;0.0;0;1.0000;0;2;31747;31747;31747
60;2015-03-16 15:09:00;909402N262;2560;31.789;40;234;233;234;235;3.807;49.99;574.0;1.868;651.3;1.066;787.2;1.036;60;0;0;3.732;3.851;3.839;830;864;864;49.99;49.99;49.99;12067;1000;0.0;0;1.0000;0;2;31789;31789;31789
60;2015-03-16 15:10:00;909402N262;2549;31.831;40;234;233;234;235;3.794;49.97;573.3;1.865;651.7;1.058;789.3;1.030;60;0;0;3.703;3.846;3.833;823;862;862;49.97;49.97;49.97;12067;1000;0.0;0;1.0000;0;2;31831;31831;31831
60;2015-03-16 15:11:00;909402N262;2550;31.875;40;234;232;234;234;3.789;49.98;572.5;1.866;652.2;1.056;793.2;1.028;60;0;0;3.704;3.842;3.821;824;865;859;49.98;49.98;49.98;12067;1000;0.0;0;1.0000;0;2;31875;31875;31875
60;2015-03-16 15:12:00;909402N262;2647;31.919;40;234;232;234;235;3.912;50.00;571.4;1.949;653.5;1.089;794.8;1.064;60;0;0;3.829;3.961;3.948;856;895;894;50.00;50.00;50.00;12067;1000;0.0;0;1.0000;0;2;31919;31919;31919
60;2015-03-16 15:13:00;909402N262;2649;31.963;40;234;233;234;234;3.911;50.02;571.6;1.950;653.3;1.089;794.8;1.065;60;0;0;3.841;3.953;3.940;864;892;891;50.02;50.02;50.02;12067;1000;0.0;0;1.0000;0;2;31963;31963;31963
60;2015-03-16 15:14:00;909402N262;2637;32.006;40;234;234;234;235;3.888;50.03;571.6;1.939;653.0;1.085;794.8;1.061;60;0;0;3.826;3.916;3.924;861;884;889;50.02;50.02;50.02;12067;1000;0.0;0;1.0000;0;2;32006;32006;32006
60;2015-03-16 15:15:00;909402N262;2520;32.049;40;234;234;234;235;3.735;50.01;573.3;1.840;653.0;1.040;794.7;1.016;60;0;0;3.674;3.767;3.766;823;846;849;50.01;50.01;50.01;12067;1000;0.0;0;1.0000;0;2;32049;32049;32049
60;2015-03-16 15:16:00;909402N262;2404;32.089;40;234;234;234;235;3.580;50.02;569.1;1.770;635.3;1.017;785.0;0.987;60;0;0;3.518;3.615;3.609;784;808;810;50.02;50.02;50.02;12067;1000;0.0;0;1.0000;0;2;32089;32089;32089
60;2015-03-16 15:17:00;909402N262;2457;32.131;40;234;234;234;234;3.657;50.02;573.8;1.789;652.5;1.024;791.6;0.989;60;0;0;3.601;3.680;3.691;805;822;827;50.02;50.02;50.02;12067;1000;0.0;0;1.0000;0;2;32131;32131;32131
60;2015-03-16 15:18:00;909402N262;2484;32.172;40;234;234;234;234;3.687;50.01;573.3;1.812;652.2;1.028;794.2;1.001;60;0;0;3.639;3.717;3.707;816;834;832;50.01;50.01;50.01;12067;1000;0.0;0;1.0000;0;2;32172;32172;32172
60;2015-03-16 15:19:00;909402N262;2398;32.211;40;234;235;234;234;3.575;50.03;574.7;1.740;652.4;0.993;792.4;0.970;60;0;0;3.525;3.599;3.602;787;804;804;50.03;50.03;50.03;12067;1000;0.0;0;1.0000;0;2;32211;32211;32211
60;2015-03-16 15:20:00;909402N262;2245;32.250;40;234;235;234;234;3.382;50.02;575.9;1.617;651.7;0.946;784.8;0.910;60;0;0;3.332;3.411;3.403;736;753;753;50.02;50.02;50.02;12067;1000;0.0;0;1.0000;0;2;32250;32250;32250
60;2015-03-16 15:21:00;909402N262;2196;32.286;40;234;234;234;235;3.314;50.02;575.9;1.578;650.0;0.929;784.1;0.893;60;0;0;3.255;3.341;3.346;716;737;741;50.02;50.02;50.02;12067;1000;0.0;0;1.0000;0;2;32286;32286;32286
60;2015-03-16 15:22:00;909402N262;2210;32.323;40;235;234;234;235;3.329;50.01;574.7;1.592;650.5;0.932;784.8;0.897;60;0;0;3.266;3.354;3.367;719;741;747;50.01;50.01;50.01;12067;1000;0.0;0;1.0000;0;2;32323;32323;32323
60;2015-03-16 15:23:00;909402N262;2266;32.361;40;235;234;235;235;3.396;49.99;572.4;1.645;652.0;0.947;789.8;0.919;60;0;0;3.333;3.433;3.423;738;763;763;49.99;49.99;49.99;12067;1000;0.0;0;1.0000;0;2;32361;32361;32361
60;2015-03-16 15:24:00;909402N262;2320;32.399;40;235;235;234;236;3.462;50.01;570.5;1.694;653.5;0.960;794.2;0.939;60;0;0;3.396;3.488;3.502;756;777;785;50.01;50.01;50.01;12067;1000;0.0;0;1.0000;0;2;32399;32399;32399
60;2015-03-16 15:25:00;909402N262;2323;32.438;40;234;234;233;235;3.476;49.99;569.6;1.701;654.1;0.960;793.8;0.938;60;0;0;3.406;3.509;3.515;755;779;786;49.99;49.99;49.99;12067;1000;0.0;0;1.0000;0;2;32438;32438;32438
60;2015-03-16 15:26:00;909402N262;2208;32.475;40;234;234;234;234;3.334;49.98;570.0;1.610;651.2;0.923;785.9;0.898;60;0;0;3.261;3.379;3.362;717;746;743;49.98;49.98;49.98;12067;1000;0.0;0;1.0000;0;2;32475;32475;32475
60;2015-03-16 15:27:00;909402N262;2122;32.511;40;234;233;234;234;3.220;49.99;570.5;1.541;650.6;0.892;784.1;0.865;60;0;0;3.153;3.260;3.249;689;716;715;49.99;49.99;49.99;12067;1000;0.0;0;1.0000;0;2;32511;32511;32511
60;2015-03-16 15:28:00;909402N262;2073;32.545;40;234;233;233;234;3.152;49.99;570.7;1.501;649.8;0.874;784.2;0.844;60;0;0;3.080;3.195;3.183;672;699;699;49.99;49.99;49.99;12067;1000;0.0;0;1.0000;0;2;32545;32545;32545
60;2015-03-16 15:29:00;909402N262;2035;32.579;40;234;234;234;234;3.102;50.01;570.8;1.473;649.2;0.860;783.2;0.831;60;0;0;3.041;3.140;3.126;663;685;685;50.01;50.01;50.01;12067;1000;0.0;0;1.0000;0;2;32579;32579;32579
60;2015-03-16 15:30:00;909402N262;1995;32.612;40;234;234;234;234;3.049;49.99;571.4;1.441;648.8;0.844;782.4;0.816;60;0;0;2.994;3.080;3.073;652;672;671;49.99;49.99;49.99;12067;1000;0.0;0;1.0000;0;2;32612;32612;32612
60;2015-03-16 15:31:00;909402N262;1925;32.644;40;234;234;234;235;2.951;49.99;567.0;1.401;636.8;0.825;777.7;0.798;60;0;0;2.894;2.982;2.979;627;648;649;49.99;49.99;49.99;12067;1000;0.0;0;1.0000;0;2;32644;32644;32644
60;2015-03-16 15:32:00;909402N262;1879;32.675;40;234;234;234;235;2.895;49.99;571.8;1.350;651.9;0.795;781.2;0.769;60;0;0;2.829;2.930;2.928;609;633;635;49.99;49.99;49.99;12067;1000;0.0;0;1.0000;0;2;32675;32675;32675
60;2015-03-16 15:33:00;909402N262;1839;32.706;40;234;234;234;235;2.843;49.99;572.1;1.319;649.1;0.784;781.2;0.752;60;0;0;2.777;2.876;2.877;595;620;622;49.99;49.99;49.99;12067;1000;0.0;0;1.0000;0;2;32706;32706;32706
60;2015-03-16 15:34:00;909402N262;1813;32.737;40;234;234;234;235;2.809;49.99;572.3;1.300;647.8;0.774;781.0;0.742;60;0;0;2.739;2.845;2.844;586;612;614;49.99;49.99;49.99;12067;1000;0.0;0;1.0000;0;2;32737;32737;32737
60;2015-03-16 15:35:00;909402N262;1793;32.767;40;234;234;234;235;2.783;49.98;572.4;1.286;647.4;0.765;781.0;0.733;60;0;0;2.714;2.818;2.818;579;604;608;49.98;49.98;49.98;12067;1000;0.0;0;1.0000;0;2;32767;32767;32767
60;2015-03-16 15:36:00;909402N262;1779;32.796;40;234;234;234;235;2.769;49.99;572.4;1.279;647.6;0.758;781.0;0.727;60;0;0;2.703;2.802;2.802;576;600;601;49.99;49.99;49.99;12067;1000;0.0;0;1.0000;0;2;32796;32796;32796
60;2015-03-16 15:37:00;909402N262;1746;32.826;40;234;234;234;235;2.728;49.98;572.7;1.254;647.1;0.746;781.0;0.712;60;0;0;2.662;2.764;2.759;564;590;589;49.98;49.98;49.98;12067;1000;0.0;0;1.0000;0;2;32826;32826;32826
60;2015-03-16 15:38:00;909402N262;1720;32.853;39;234;234;233;235;2.695;49.99;572.5;1.236;646.8;0.735;781.0;0.701;60;0;0;2.630;2.727;2.730;556;579;583;49.99;49.99;49.99;12067;1000;0.0;0;1.0000;0;2;32853;32853;32853
60;2015-03-16 15:39:00;909402N262;1706;32.882;39;234;234;234;234;2.676;50.00;572.6;1.225;646.7;0.728;780.8;0.695;60;0;0;2.618;2.709;2.701;553;575;574;50.00;50.00;50.00;12067;1000;0.0;0;1.0000;0;2;32882;32882;32882
60;2015-03-16 15:40:00;909402N262;1693;32.910;39;234;234;234;234;2.659;49.99;572.5;1.216;647.0;0.722;781.2;0.690;60;0;0;2.600;2.693;2.685;549;572;571;49.99;49.99;49.99;12067;1000;0.0;0;1.0000;0;2;32910;32910;32910
60;2015-03-16 15:41:00;909402N262;1670;32.938;39;234;233;234;235;2.630;49.98;572.5;1.199;647.0;0.713;781.0;0.680;60;0;0;2.559;2.669;2.663;538;565;566;49.98;49.98;49.98;12067;1000;0.0;0;1.0000;0;2;32938;32938;32938
60;2015-03-16 15:42:00;909402N262;1647;32.965;39;234;234;233;234;2.600;49.98;572.3;1.181;647.0;0.705;780.4;0.671;60;0;0;2.541;2.634;2.625;534;557;556;49.98;49.98;49.98;12067;1000;0.0;0;1.0000;0;2;32965;32965;32965
60;2015-03-16 15:43:00;909402N262;1635;32.993;39;234;234;234;234;2.583;49.99;572.6;1.171;646.8;0.700;780.1;0.666;60;0;0;2.529;2.616;2.605;530;552;550;49.99;49.99;49.99;12067;1000;0.0;0;1.0000;0;2;32993;32993;32993
60;2015-03-16 15:44:00;909402N262;1625;33.020;39;234;234;234;234;2.570;50.00;573.0;1.163;646.9;0.696;780.5;0.663;60;0;0;2.514;2.606;2.592;526;550;547;50.00;50.00;50.00;12067;1000;0.0;0;1.0000;0;2;33020;33020;33020
60;2015-03-16 15:45:00;909402N262;1619;33.048;39;234;233;233;235;2.564;50.00;573.6;1.157;647.1;0.693;780.1;0.660;60;0;0;2.497;2.600;2.596;521;547;549;50.00;50.00;50.00;12067;1000;0.0;0;1.0000;0;2;33048;33048;33048
60;2015-03-16 15:46:00;909402N262;1593;33.074;39;234;234;234;235;2.529;50.00;570.0;1.151;631.8;0.694;772.2;0.660;60;0;0;2.466;2.561;2.561;515;539;540;50.00;50.00;50.00;12067;1000;0.0;0;1.0000;0;2;33074;33074;33074
60;2015-03-16 15:47:00;909402N262;1612;33.101;39;234;234;234;235;2.551;49.98;575.2;1.150;647.0;0.691;780.7;0.657;60;0;0;2.490;2.584;2.581;521;544;545;49.98;49.98;49.98;12067;1000;0.0;0;1.0000;0;2;33101;33101;33101
60;2015-03-16 15:48:00;909402N262;1611;33.128;39;234;234;234;235;2.552;50.00;576.5;1.146;647.0;0.691;781.0;0.656;60;0;0;2.494;2.584;2.578;522;544;543;50.00;50.00;50.00;12067;1000;0.0;0;1.0000;0;2;33128;33128;33128
60;2015-03-16 15:49:00;909402N262;1617;33.154;39;234;233;234;235;2.557;49.99;578.4;1.146;647.3;0.693;781.4;0.658;60;0;0;2.492;2.590;2.591;521;547;548;49.99;49.99;49.99;12067;1000;0.0;0;1.0000;0;2;33154;33154;33154
60;2015-03-16 15:50:00;909402N262;1619;33.181;39;234;233;234;235;2.561;49.99;580.0;1.144;647.7;0.692;781.3;0.659;60;0;0;2.495;2.596;2.594;522;547;548;49.99;49.99;49.99;12067;1000;0.0;0;1.0000;0;2;33181;33181;33181
60;2015-03-16 15:51:00;909402N262;1592;33.208;39;234;234;234;235;2.526;50.00;580.0;1.125;647.6;0.682;781.2;0.649;60;0;0;2.461;2.560;2.558;513;538;539;50.00;50.00;50.00;12067;1000;0.0;0;1.0000;0;2;33208;33208;33208
60;2015-03-16 15:52:00;909402N262;1572;33.234;39;234;234;234;235;2.503;49.99;580.3;1.110;647.7;0.673;780.6;0.641;60;0;0;2.443;2.536;2.531;508;531;531;49.99;49.99;49.99;12067;1000;0.0;0;1.0000;0;2;33234;33234;33234
60;2015-03-16 15:53:00;909402N262;1557;33.261;39;234;234;234;235;2.483;50.00;580.2;1.101;647.5;0.666;780.4;0.635;60;0;0;2.420;2.514;2.517;501;525;528;50.00;50.00;50.00;12067;1000;0.0;0;1.0000;0;2;33261;33261;33261
60;2015-03-16 15:54:00;909402N262;1541;33.287;39;235;234;234;235;2.460;49.99;579.4;1.091;647.2;0.660;780.2;0.628;60;0;0;2.401;2.494;2.487;497;521;521;49.99;49.99;49.99;12067;1000;0.0;0;1.0000;0;2;33287;33287;33287
60;2015-03-16 15:55:00;909402N262;1533;33.311;39;235;235;234;235;2.448;49.99;579.8;1.086;647.1;0.656;780.1;0.625;60;0;0;2.391;2.479;2.476;495;517;518;49.99;49.99;49.99;12067;1000;0.0;0;1.0000;0;2;33311;33311;33311
60;2015-03-16 15:56:00;909402N262;1514;33.337;39;235;234;234;235;2.427;50.00;577.8;1.075;648.5;0.647;779.9;0.617;60;0;0;2.373;2.455;2.453;490;510;512;50.00;50.00;50.00;12067;1000;0.0;0;1.0000;0;2;33337;33337;33337
60;2015-03-16 15:57:00;909402N262;1495;33.361;39;235;235;235;235;2.401;50.01;576.0;1.064;649.0;0.639;779.5;0.610;60;0;0;2.349;2.429;2.427;485;504;505;50.01;50.01;50.01;12067;1000;0.0;0;1.0000;0;2;33361;33361;33361
60;2015-03-16 15:58:00;909402N262;1481;33.387;39;235;235;235;235;2.384;50.00;575.2;1.053;648.4;0.635;779.4;0.604;60;0;0;2.331;2.412;2.409;480;499;500;50.00;50.00;50.00;12067;1000;0.0;0;1.0000;0;2;33387;33387;33387
60;2015-03-16 15:59:00;909402N262;1466;33.411;39;234;234;233;234;2.372;50.01;575.2;1.040;647.1;0.631;779.2;0.597;60;0;0;2.321;2.401;2.395;475;494;494;50.01;50.01;50.01;12067;1000;0.0;0;1.0000;0;2;33411;33411;33411
60;2015-03-16 16:00:00;909402N262;1449;33.435;39;232;232;232;233;2.370;50.00;576.1;1.024;645.9;0.627;779.0;0.592;60;0;0;2.315;2.393;2.404;468;488;491;50.00;50.00;50.00;12067;1000;0.0;0;1.0000;0;2;33435;33435;33435
[wr_ende]
