20140613;220005;danfoss;My Plant;+0100
[wr_def_start]
909402N262;Inverter Type;Inverter Group;Hanzl
[wr_def_end]
[wr]
INTERVAL;TIMESTAMP;SERIAL;P_AC;E_DAY;T_WR;U_AC;U_AC_1;U_AC_2;U_AC_3;I_AC;F_AC;U_DC_1;I_DC_1;U_DC_2;I_DC_2;U_DC_3;I_DC_3;S;E_WR;M_WR;I_AC_1;I_AC_2;I_AC_3;P_AC_1;P_AC_2;P_AC_3;F_AC_1;F_AC_2;F_AC_3;R_DC;PC;PCS;PCS_LL;COS_PHI;COS_PHI_LL;S_COS_PHI;Current_Day_Energy;current_Day_Offset;ccEnergyOfDay_WithoutOffset
60;2014-06-13 21:01:00;909402N262;0;44.410;40;234;234;235;233;0.000;49.99;230.6;0.000;230.0;0.000;230.0;0.000;51;0;0;0.000;0.000;0.000;0;0;0;49.99;49.99;49.99;19392;1000;0.0;0;0.0000;0;0;44410;44410;44410
60;2014-06-13 21:02:00;909402N262;0;44.410;40;234;235;235;233;0.000;49.98;227.8;0.000;227.2;0.000;227.5;0.000;51;0;0;0.000;0.000;0.000;0;0;0;49.98;49.98;49.98;19392;1000;0.0;0;0.0000;0;0;44410;44410;44410
60;2014-06-13 21:03:00;909402N262;0;44.410;39;234;234;235;233;0.000;49.98;232.3;0.000;231.7;0.000;232.3;0.000;51;0;0;0.000;0.000;0.000;0;0;0;49.98;49.98;49.98;19392;1000;0.0;0;0.0000;0;0;44410;44410;44410
60;2014-06-13 21:04:00;909402N262;0;44.410;39;234;234;235;233;0.000;49.99;235.8;0.000;235.2;0.000;236.6;0.000;51;0;0;0.000;0.000;0.000;0;0;0;49.99;49.99;49.99;19392;1000;0.0;0;0.0000;0;0;44410;44410;44410
60;2014-06-13 21:05:00;909402N262;0;44.410;39;234;234;235;233;0.000;49.99;230.7;0.000;230.1;0.000;230.5;0.000;51;0;0;0.000;0.000;0.000;0;0;0;49.99;49.99;49.99;19392;1000;0.0;0;0.0000;0;0;44410;44410;44410
60;2014-06-13 21:06:00;909402N262;0;44.410;39;234;234;236;233;0.000;50.00;229.6;0.000;229.1;0.000;229.7;0.000;51;0;0;0.000;0.000;0.000;0;0;0;50.00;50.00;50.00;19392;1000;0.0;0;0.0000;0;0;44410;44410;44410
60;2014-06-13 21:07:00;909402N262;0;44.410;39;235;234;236;233;0.000;50.01;228.2;0.000;227.6;0.000;228.4;0.000;51;0;0;0.000;0.000;0.000;0;0;0;50.01;50.01;50.01;19392;1000;0.0;0;0.0000;0;0;44410;44410;44410
60;2014-06-13 21:08:00;909402N262;0;44.410;38;235;235;236;234;0.000;50.01;228.4;0.000;227.9;0.000;229.1;0.000;51;0;0;0.000;0.000;0.000;0;0;0;50.01;50.01;50.01;19392;1000;0.0;0;0.0000;0;0;44410;44410;44410
60;2014-06-13 21:09:00;909402N262;0;44.410;38;235;235;236;234;0.000;50.00;227.9;0.000;227.4;0.000;227.8;0.000;51;0;0;0.000;0.000;0.000;0;0;0;50.00;50.00;50.00;19392;1000;0.0;0;0.0000;0;0;44410;44410;44410
60;2014-06-13 21:10:00;909402N262;0;44.410;38;235;235;236;233;0.000;50.01;228.8;0.000;228.3;0.000;228.9;0.000;51;0;0;0.000;0.000;0.000;0;0;0;50.01;50.01;50.01;19392;1000;0.0;0;0.0000;0;0;44410;44410;44410
60;2014-06-13 21:11:00;909402N262;0;44.410;38;234;235;236;233;0.000;50.01;228.1;0.000;227.6;0.000;228.2;0.000;51;0;0;0.000;0.000;0.000;0;0;0;50.01;50.01;50.01;19392;1000;0.0;0;0.0000;0;0;44410;44410;44410
60;2014-06-13 21:12:00;909402N262;0;44.410;38;234;234;236;232;0.000;50.01;227.7;0.000;227.2;0.000;227.6;0.000;51;0;0;0.000;0.000;0.000;0;0;0;50.01;50.01;50.01;19392;1000;0.0;0;0.0000;0;0;44410;44410;44410
60;2014-06-13 21:13:00;909402N262;0;44.410;37;234;235;235;232;0.000;50.00;229.2;0.000;228.6;0.000;229.2;0.000;51;0;0;0.000;0.000;0.000;0;0;0;50.00;50.00;50.00;19392;1000;0.0;0;0.0000;0;0;44410;44410;44410
60;2014-06-13 21:14:00;909402N262;0;44.410;37;234;234;235;233;0.000;50.00;228.0;0.000;227.4;0.000;228.0;0.000;51;0;0;0.000;0.000;0.000;0;0;0;50.00;50.00;50.00;19392;1000;0.0;0;0.0000;0;0;44410;44410;44410
60;2014-06-13 21:15:00;909402N262;0;44.410;37;234;234;235;233;0.000;50.00;227.6;0.000;227.0;0.000;227.5;0.000;51;0;0;0.000;0.000;0.000;0;0;0;50.00;50.00;50.00;19392;1000;0.0;0;0.0000;0;0;44410;44410;44410
60;2014-06-13 21:16:00;909402N262;0;44.410;37;234;234;235;233;0.000;50.01;229.8;0.000;229.0;0.000;229.9;0.000;51;0;0;0.000;0.000;0.000;0;0;0;50.01;50.01;50.01;19392;1000;0.0;0;0.0000;0;0;44410;44410;44410
60;2014-06-13 21:17:00;909402N262;0;44.410;37;234;234;235;232;0.000;50.02;229.7;0.000;224.3;0.000;229.7;0.000;51;0;0;0.000;0.000;0.000;0;0;0;50.02;50.02;50.02;19392;1000;0.0;0;0.0000;0;0;44410;44410;44410
60;2014-06-13 21:18:00;909402N262;0;44.410;37;234;235;235;233;0.000;50.01;232.5;0.000;210.3;0.000;232.2;0.000;51;0;0;0.000;0.000;0.000;0;0;0;50.01;50.01;50.01;19392;1000;0.0;0;0.0000;0;0;44410;44410;44410
60;2014-06-13 21:19:00;909402N262;0;44.410;37;234;235;236;233;0.000;50.02;232.1;0.000;194.4;0.000;221.3;0.000;51;0;0;0.000;0.000;0.000;0;0;0;50.02;50.02;50.02;19392;1000;0.0;0;0.0000;0;0;44410;44410;44410
60;2014-06-13 21:20:00;909402N262;0;44.410;36;234;235;236;232;0.000;50.01;223.1;0.000;178.5;0.000;201.0;0.000;51;0;0;0.000;0.000;0.000;0;0;0;50.01;50.01;50.01;19392;1000;0.0;0;0.0000;0;0;44410;44410;44410
60;2014-06-13 21:21:00;909402N262;0;44.410;36;234;234;236;232;0.000;50.01;211.3;0.000;163.7;0.000;182.4;0.000;51;0;0;0.000;0.000;0.000;0;0;0;50.01;50.01;50.01;19392;1000;0.0;0;0.0000;0;0;44410;44410;44410
60;2014-06-13 21:22:00;909402N262;0;44.410;36;234;235;236;233;0.000;50.02;198.6;0.000;149.8;0.000;165.2;0.000;80;0;0;0.000;0.000;0.000;0;0;0;50.02;50.02;50.02;19392;1000;0.0;0;0.0000;0;0;44410;44410;44410
[wr_ende]
