20140710;060005;danfoss;My Plant;+0100
[wr_def_start]
909402N262;Inverter Type;Inverter Group;Hanzl
[wr_def_end]
[wr]
INTERVAL;TIMESTAMP;SERIAL;P_AC;E_DAY;T_WR;U_AC;U_AC_1;U_AC_2;U_AC_3;I_AC;F_AC;U_DC_1;I_DC_1;U_DC_2;I_DC_2;U_DC_3;I_DC_3;S;E_WR;M_WR;I_AC_1;I_AC_2;I_AC_3;P_AC_1;P_AC_2;P_AC_3;F_AC_1;F_AC_2;F_AC_3;R_DC;PC;PCS;PCS_LL;COS_PHI;COS_PHI_LL;S_COS_PHI;Current_Day_Energy;current_Day_Offset;ccEnergyOfDay_WithoutOffset
60;2014-07-10 05:01:00;909402N262;0;0.000;25;233;234;234;232;0.000;50.02;258.3;0.000;257.9;0.000;258.2;0.000;50;0;0;0.000;0.000;0.000;0;0;0;50.02;50.02;50.02;0;1000;0.0;0;0.0000;0;0;0;0;0
60;2014-07-10 05:02:00;909402N262;0;0.000;25;234;234;234;232;0.007;50.01;429.5;0.000;434.1;0.000;484.5;0.000;51;0;0;0.007;0.008;0.007;0;0;0;50.01;50.01;50.01;757;1000;0.0;0;0.0000;0;0;0;0;0
60;2014-07-10 05:03:00;909402N262;2;0.000;26;233;234;234;233;0.020;50.00;430.6;0.009;422.7;0.003;483.6;0.005;60;0;0;0.028;0.016;0.017;1;1;0;50.00;50.00;50.00;5399;1000;0.0;0;0.0000;0;0;0;0;0
60;2014-07-10 05:04:00;909402N262;9;0.000;26;234;234;233;234;0.084;50.00;422.6;0.019;399.5;0.007;499.5;0.007;60;0;0;0.080;0.081;0.093;2;6;3;50.00;50.00;50.00;5399;1000;0.0;0;0.0000;0;0;0;0;0
60;2014-07-10 05:05:00;909402N262;12;0.000;26;234;234;233;234;0.101;49.99;422.8;0.022;443.3;0.007;527.5;0.009;60;0;0;0.083;0.123;0.097;0;12;2;49.99;49.99;49.99;5399;1000;0.0;0;0.0000;0;0;0;0;0
60;2014-07-10 05:06:00;909402N262;16;0.000;26;234;234;233;234;0.093;49.98;442.1;0.024;465.5;0.008;544.8;0.011;60;0;0;0.077;0.083;0.120;2;7;7;49.98;49.98;49.98;5399;1000;0.0;0;0.0000;0;0;0;0;0
60;2014-07-10 05:07:00;909402N262;19;0.000;26;234;234;234;235;0.115;49.98;439.9;0.028;435.8;0.011;525.6;0.012;60;0;0;0.080;0.122;0.143;7;8;4;49.98;49.98;49.98;5399;1000;0.0;0;0.0000;0;0;0;0;0
60;2014-07-10 05:08:00;909402N262;22;0.000;26;234;234;234;235;0.150;49.99;443.0;0.031;441.5;0.014;527.5;0.015;60;0;0;0.116;0.132;0.202;9;8;5;49.99;49.99;49.99;5399;1000;0.0;0;0.0000;0;0;0;0;0
60;2014-07-10 05:09:00;909402N262;25;0.001;26;234;234;234;234;0.147;49.98;437.7;0.035;469.0;0.014;540.7;0.015;60;0;0;0.119;0.158;0.165;8;13;5;49.98;49.98;49.98;5399;1000;0.0;0;0.0000;0;0;1;1;1
60;2014-07-10 05:10:00;909402N262;28;0.001;26;233;233;233;234;0.157;49.99;448.0;0.038;452.2;0.016;534.8;0.018;60;0;0;0.127;0.158;0.186;5;16;8;49.99;49.99;49.99;5399;1000;0.0;0;0.0000;0;0;1;1;1
60;2014-07-10 05:11:00;909402N262;30;0.001;26;233;233;233;234;0.145;50.00;456.9;0.039;426.8;0.018;536.1;0.019;60;0;0;0.148;0.122;0.167;10;12;7;50.00;50.00;50.00;5399;1000;0.0;0;0.0000;0;0;1;1;1
60;2014-07-10 05:12:00;909402N262;30;0.001;26;233;233;233;234;0.131;49.99;461.0;0.039;430.3;0.018;535.6;0.019;60;0;0;0.102;0.141;0.152;8;14;7;49.99;49.99;49.99;5399;1000;0.0;0;0.0000;0;0;1;1;1
60;2014-07-10 05:13:00;909402N262;31;0.003;26;233;232;233;234;0.186;49.98;455.1;0.040;426.9;0.019;546.9;0.019;60;0;0;0.113;0.210;0.237;10;16;5;49.98;49.98;49.98;5399;1000;0.0;0;0.0000;0;0;3;3;3
60;2014-07-10 05:14:00;909402N262;33;0.003;26;233;233;233;234;0.264;49.99;449.5;0.043;439.6;0.019;573.5;0.019;60;0;0;0.218;0.216;0.360;15;15;6;49.99;49.99;49.99;5399;1000;0.0;0;0.0000;0;0;3;3;3
60;2014-07-10 05:15:00;909402N262;37;0.004;26;236;236;235;236;0.317;49.99;457.3;0.046;457.1;0.021;596.0;0.020;60;0;0;0.327;0.189;0.435;11;17;9;49.99;49.99;49.99;5399;1000;0.0;0;0.0000;0;0;4;4;4
60;2014-07-10 05:16:00;909402N262;39;0.004;27;236;236;235;236;0.290;49.99;459.1;0.047;449.2;0.023;596.9;0.023;60;0;0;0.285;0.236;0.350;11;22;7;49.99;49.99;49.99;5399;1000;0.0;0;0.0000;0;0;4;4;4
60;2014-07-10 05:17:00;909402N262;41;0.005;27;236;236;236;236;0.266;49.99;469.8;0.048;458.7;0.023;599.7;0.023;60;0;0;0.266;0.246;0.287;12;23;7;49.99;49.99;49.99;5399;1000;0.0;0;0.0000;0;0;5;5;5
60;2014-07-10 05:18:00;909402N262;40;0.006;27;236;236;236;237;0.281;50.00;468.4;0.047;458.5;0.023;598.5;0.021;60;0;0;0.291;0.252;0.301;11;23;7;50.00;50.00;50.00;5399;1000;0.0;0;0.0000;0;0;6;6;6
60;2014-07-10 05:19:00;909402N262;40;0.007;27;236;236;236;237;0.289;50.00;470.7;0.048;453.3;0.023;594.9;0.019;60;0;0;0.307;0.241;0.319;12;21;9;50.00;50.00;50.00;5399;1000;0.0;0;0.0000;0;0;7;7;7
60;2014-07-10 05:20:00;909402N262;42;0.007;27;236;236;236;236;0.265;49.99;466.4;0.051;460.7;0.023;606.1;0.022;60;0;0;0.241;0.269;0.285;9;26;8;49.99;49.99;49.99;5399;1000;0.0;0;0.0000;0;0;7;7;7
60;2014-07-10 05:21:00;909402N262;47;0.008;27;236;236;236;237;0.260;50.00;471.2;0.057;485.9;0.024;575.8;0.025;60;0;0;0.262;0.267;0.253;12;26;8;50.00;50.00;50.00;5399;1000;0.0;0;0.0000;0;0;8;8;8
60;2014-07-10 05:22:00;909402N262;54;0.009;27;236;236;236;237;0.266;50.01;475.6;0.063;477.1;0.029;599.8;0.027;60;0;0;0.261;0.308;0.229;14;33;8;50.01;50.01;50.01;5399;1000;0.0;0;0.0000;0;0;9;9;9
60;2014-07-10 05:23:00;909402N262;62;0.011;27;236;236;236;237;0.309;49.99;484.0;0.069;491.3;0.032;609.7;0.030;60;0;0;0.295;0.393;0.239;14;46;5;49.99;49.99;49.99;5399;1000;0.0;0;0.0000;0;0;11;11;11
60;2014-07-10 05:24:00;909402N262;70;0.012;27;236;237;236;237;0.345;50.00;485.6;0.076;504.7;0.036;611.6;0.034;60;0;0;0.342;0.456;0.238;17;54;3;50.00;50.00;50.00;5399;1000;0.0;0;0.0000;0;0;12;12;12
60;2014-07-10 05:25:00;909402N262;75;0.013;27;236;236;236;237;0.346;49.99;490.0;0.080;499.0;0.039;618.7;0.038;60;0;0;0.332;0.453;0.255;19;56;3;49.99;49.99;49.99;5399;1000;0.0;0;0.0000;0;0;13;13;13
60;2014-07-10 05:26:00;909402N262;75;0.015;27;236;236;236;237;0.312;50.00;491.4;0.079;503.1;0.039;615.5;0.038;60;0;0;0.290;0.413;0.233;18;49;7;50.00;50.00;50.00;5399;1000;0.0;0;0.0000;0;0;15;15;15
60;2014-07-10 05:27:00;909402N262;71;0.015;27;236;236;236;237;0.299;50.01;486.5;0.076;495.9;0.038;602.6;0.035;60;0;0;0.270;0.379;0.249;16;46;9;50.01;50.01;50.01;5399;1000;0.0;0;0.0000;0;0;15;15;15
60;2014-07-10 05:28:00;909402N262;73;0.016;27;236;236;236;237;0.301;50.00;489.1;0.077;496.9;0.038;610.9;0.037;60;0;0;0.270;0.354;0.280;17;42;12;50.00;50.00;50.00;5399;1000;0.0;0;0.0000;0;0;16;16;16
60;2014-07-10 05:29:00;909402N262;79;0.017;27;236;236;236;236;0.308;49.99;492.4;0.081;501.6;0.041;626.1;0.038;60;0;0;0.261;0.378;0.286;20;44;13;49.99;49.99;49.99;5399;1000;0.0;0;0.0000;0;0;17;17;17
60;2014-07-10 05:30:00;909402N262;80;0.019;27;236;236;236;236;0.291;50.01;494.9;0.082;498.7;0.042;627.0;0.039;60;0;0;0.229;0.399;0.245;16;48;14;50.01;50.01;50.01;5399;1000;0.0;0;0.0000;0;0;19;19;19
60;2014-07-10 05:31:00;909402N262;76;0.020;27;236;236;236;236;0.267;50.02;490.1;0.080;498.4;0.040;620.7;0.038;60;0;0;0.204;0.366;0.233;17;44;14;50.02;50.02;50.02;5399;1000;0.0;0;0.0000;0;0;20;20;20
60;2014-07-10 05:32:00;909402N262;80;0.021;27;236;236;236;236;0.286;50.01;497.3;0.082;505.5;0.040;628.2;0.038;60;0;0;0.206;0.361;0.292;14;43;21;50.01;50.01;50.01;5399;1000;0.0;0;0.0000;0;0;21;21;21
60;2014-07-10 05:33:00;909402N262;87;0.023;27;236;236;235;237;0.300;50.01;498.7;0.087;517.6;0.042;632.7;0.041;60;0;0;0.279;0.317;0.305;29;37;20;50.01;50.01;50.01;5399;1000;0.0;0;0.0000;0;0;23;23;23
60;2014-07-10 05:34:00;909402N262;97;0.025;28;236;236;235;237;0.350;50.00;499.6;0.097;521.9;0.048;622.6;0.045;60;0;0;0.307;0.434;0.311;30;52;14;50.00;50.00;50.00;5399;1000;0.0;0;0.0000;0;0;25;25;25
60;2014-07-10 05:35:00;909402N262;108;0.027;28;236;236;236;236;0.360;50.00;502.1;0.106;538.5;0.052;633.5;0.049;60;0;0;0.345;0.428;0.309;37;51;18;50.00;50.00;50.00;5399;1000;0.0;0;0.0000;0;0;27;27;27
60;2014-07-10 05:36:00;909402N262;124;0.028;28;236;236;236;237;0.361;50.01;506.0;0.119;543.7;0.060;659.4;0.054;60;0;0;0.343;0.451;0.289;42;57;24;50.01;50.01;50.01;5399;1000;0.0;0;0.0000;0;0;28;28;28
60;2014-07-10 05:37:00;909402N262;140;0.031;28;236;236;236;236;0.390;50.01;511.3;0.131;551.6;0.069;652.2;0.062;60;0;0;0.376;0.490;0.304;44;64;30;50.01;50.01;50.01;5399;1000;0.0;0;0.0000;0;0;31;31;31
60;2014-07-10 05:38:00;909402N262;157;0.034;28;235;236;235;235;0.425;50.00;514.7;0.144;561.8;0.078;661.1;0.069;60;0;0;0.391;0.538;0.348;42;74;40;50.00;50.00;50.00;5399;1000;0.0;0;0.0000;0;0;34;34;34
60;2014-07-10 05:39:00;909402N262;177;0.036;28;236;236;235;236;0.431;50.00;517.6;0.158;569.5;0.086;670.6;0.077;60;0;0;0.396;0.509;0.389;50;73;52;50.00;50.00;50.00;5399;1000;0.0;0;0.0000;0;0;36;36;36
60;2014-07-10 05:40:00;909402N262;195;0.039;28;236;236;235;236;0.448;49.99;521.1;0.169;574.8;0.096;677.5;0.083;60;0;0;0.399;0.546;0.401;52;82;58;49.99;49.99;49.99;5399;1000;0.0;0;0.0000;0;0;39;39;39
60;2014-07-10 05:41:00;909402N262;205;0.043;28;236;236;235;236;0.445;50.00;525.1;0.175;581.9;0.101;687.2;0.085;60;0;0;0.407;0.533;0.396;61;81;61;50.00;50.00;50.00;5399;1000;0.0;0;0.0000;0;0;43;43;43
60;2014-07-10 05:42:00;909402N262;206;0.046;28;236;235;236;236;0.455;50.01;525.9;0.175;585.3;0.102;684.4;0.085;60;0;0;0.411;0.548;0.406;60;83;60;50.01;50.01;50.01;5399;1000;0.0;0;0.0000;0;0;46;46;46
60;2014-07-10 05:43:00;909402N262;200;0.050;29;236;236;236;236;0.463;50.02;520.9;0.172;579.4;0.101;679.1;0.083;60;0;0;0.423;0.555;0.413;59;81;57;50.02;50.02;50.02;5399;1000;0.0;0;0.0000;0;0;50;50;50
60;2014-07-10 05:44:00;909402N262;190;0.053;29;236;236;236;236;0.538;50.01;521.8;0.166;572.6;0.097;663.0;0.081;60;0;0;0.473;0.636;0.505;53;84;51;50.01;50.01;50.01;5399;1000;0.0;0;0.0000;0;0;53;53;53
60;2014-07-10 05:45:00;909402N262;186;0.056;29;236;236;236;236;0.441;50.02;521.5;0.165;577.5;0.092;678.8;0.078;60;0;0;0.374;0.530;0.420;51;76;57;50.02;50.02;50.02;5399;1000;0.0;0;0.0000;0;0;56;56;56
60;2014-07-10 05:46:00;909402N262;184;0.060;29;236;236;236;236;0.462;50.02;513.9;0.170;563.0;0.089;662.3;0.079;60;0;0;0.419;0.537;0.430;53;76;54;50.02;50.02;50.02;5399;1000;0.0;0;0.0000;0;0;60;60;60
60;2014-07-10 05:47:00;909402N262;189;0.062;29;236;236;236;236;0.578;50.01;526.1;0.175;568.4;0.089;655.0;0.082;60;0;0;0.489;0.699;0.547;44;89;55;50.01;50.01;50.01;5399;1000;0.0;0;0.0000;0;0;62;62;62
60;2014-07-10 05:48:00;909402N262;193;0.065;29;236;236;236;236;0.488;50.02;527.9;0.178;569.4;0.089;667.0;0.083;60;0;0;0.412;0.601;0.453;50;85;56;50.02;50.02;50.02;5399;1000;0.0;0;0.0000;0;0;65;65;65
60;2014-07-10 05:49:00;909402N262;197;0.069;29;236;235;235;236;0.443;50.02;528.3;0.181;570.9;0.089;678.2;0.083;60;0;0;0.413;0.527;0.391;59;79;57;50.02;50.02;50.02;5399;1000;0.0;0;0.0000;0;0;69;69;69
60;2014-07-10 05:50:00;909402N262;202;0.072;29;235;235;235;236;0.455;50.01;528.2;0.184;571.9;0.089;678.9;0.084;60;0;0;0.405;0.538;0.423;58;81;61;50.01;50.01;50.01;5399;1000;0.0;0;0.0000;0;0;72;72;72
60;2014-07-10 05:51:00;909402N262;207;0.076;29;235;235;235;236;0.459;50.01;524.8;0.190;578.1;0.091;681.3;0.086;60;0;0;0.429;0.539;0.411;63;82;60;50.01;50.01;50.01;5399;1000;0.0;0;0.0000;0;0;76;76;76
60;2014-07-10 05:52:00;909402N262;214;0.079;30;235;235;235;236;0.498;50.01;524.9;0.196;579.2;0.094;674.4;0.091;60;0;0;0.470;0.567;0.457;65;83;63;50.01;50.01;50.01;5399;1000;0.0;0;0.0000;0;0;79;79;79
60;2014-07-10 05:53:00;909402N262;223;0.082;30;235;235;235;236;0.480;50.01;524.6;0.203;580.1;0.100;686.3;0.095;60;0;0;0.433;0.574;0.435;66;90;66;50.01;50.01;50.01;5399;1000;0.0;0;0.0000;0;0;82;82;82
60;2014-07-10 05:54:00;909402N262;237;0.088;30;235;235;235;235;0.494;50.01;525.4;0.210;584.5;0.106;692.5;0.101;60;0;0;0.458;0.571;0.455;73;90;72;50.01;50.01;50.01;5399;1000;0.0;0;0.0000;0;0;88;88;88
60;2014-07-10 05:55:00;909402N262;257;0.092;30;235;235;235;235;0.513;50.01;528.3;0.225;589.4;0.117;700.4;0.108;60;0;0;0.469;0.605;0.466;77;100;78;50.01;50.01;50.01;5399;1000;0.0;0;0.0000;0;0;92;92;92
60;2014-07-10 05:56:00;909402N262;275;0.096;30;235;235;234;234;0.545;50.01;530.9;0.237;594.2;0.125;702.8;0.116;60;0;0;0.499;0.670;0.468;83;112;78;50.01;50.01;50.01;5399;1000;0.0;0;0.0000;0;0;96;96;96
60;2014-07-10 05:57:00;909402N262;282;0.101;30;235;235;234;234;0.543;50.00;532.6;0.242;596.9;0.129;710.9;0.117;60;0;0;0.514;0.650;0.465;88;111;81;50.00;50.00;50.00;5399;1000;0.0;0;0.0000;0;0;101;101;101
60;2014-07-10 05:58:00;909402N262;281;0.105;30;235;235;235;234;0.547;50.00;531.5;0.239;598.2;0.130;709.3;0.117;60;0;0;0.515;0.656;0.472;88;111;81;50.00;50.00;50.00;5399;1000;0.0;0;0.0000;0;0;105;105;105
60;2014-07-10 05:59:00;909402N262;283;0.110;30;235;235;235;235;0.557;50.02;532.1;0.239;599.7;0.130;708.9;0.117;60;0;0;0.514;0.685;0.473;87;115;79;50.02;50.02;50.02;5399;1000;0.0;0;0.0000;0;0;110;110;110
60;2014-07-10 06:00:00;909402N262;287;0.115;30;234;235;234;234;0.558;50.05;534.5;0.242;598.5;0.133;706.6;0.119;60;0;0;0.500;0.670;0.506;84;115;86;50.05;50.05;50.05;5399;1000;0.0;0;0.0000;0;0;115;115;115
[wr_ende]
