20140527;180001;danfoss;My Plant;+0100
[wr_def_start]
909402N262;Inverter Type;Inverter Group;Hanzl
[wr_def_end]
[wr]
INTERVAL;TIMESTAMP;SERIAL;P_AC;E_DAY;T_WR;U_AC;U_AC_1;U_AC_2;U_AC_3;I_AC;F_AC;U_DC_1;I_DC_1;U_DC_2;I_DC_2;U_DC_3;I_DC_3;S;E_WR;M_WR;I_AC_1;I_AC_2;I_AC_3;P_AC_1;P_AC_2;P_AC_3;F_AC_1;F_AC_2;F_AC_3;R_DC;PC;PCS;PCS_LL;COS_PHI;COS_PHI_LL;S_COS_PHI;Current_Day_Energy;current_Day_Offset;ccEnergyOfDay_WithoutOffset
60;2014-05-27 17:01:00;909402N262;7574;68.724;52;235;236;235;236;10.744;49.99;500.6;6.005;626.3;3.195;740.1;3.649;60;0;0;10.727;10.714;10.791;2520;2508;2544;49.99;49.99;49.99;7528;1000;0.0;0;0.0000;0;0;68724;68724;68724
60;2014-05-27 17:02:00;909402N262;7650;68.851;52;236;236;235;237;10.843;49.99;503.0;5.985;631.2;3.171;759.8;3.630;60;0;0;10.823;10.811;10.895;2547;2531;2571;49.99;49.99;49.99;7528;1000;0.0;0;0.0000;0;0;68851;68851;68851
60;2014-05-27 17:03:00;909402N262;7617;68.977;52;236;236;235;237;10.795;49.99;503.0;5.958;631.9;3.155;759.5;3.616;60;0;0;10.764;10.770;10.851;2533;2521;2561;49.99;49.99;49.99;7528;1000;0.0;0;0.0000;0;0;68977;68977;68977
60;2014-05-27 17:04:00;909402N262;7575;69.104;52;236;236;235;237;10.733;49.99;502.1;5.935;631.2;3.140;758.4;3.600;60;0;0;10.709;10.705;10.787;2521;2505;2547;49.99;49.99;49.99;7528;1000;0.0;0;0.0000;0;0;69104;69104;69104
60;2014-05-27 17:05:00;909402N262;7534;69.229;52;236;236;235;237;10.670;50.01;502.4;5.904;631.2;3.120;758.1;3.583;60;0;0;10.624;10.650;10.737;2502;2493;2537;50.01;50.01;50.01;7528;1000;0.0;0;0.0000;0;0;69229;69229;69229
60;2014-05-27 17:06:00;909402N262;7506;69.355;51;236;236;236;237;10.614;50.01;503.4;5.877;632.4;3.101;758.5;3.563;60;0;0;10.546;10.637;10.659;2485;2501;2517;50.01;50.01;50.01;7528;1000;0.0;0;0.0000;0;0;69355;69355;69355
60;2014-05-27 17:07:00;909402N262;7489;69.480;51;236;236;236;237;10.590;50.00;503.4;5.863;632.7;3.094;758.9;3.553;60;0;0;10.512;10.615;10.644;2473;2499;2515;50.00;50.00;50.00;7528;1000;0.0;0;0.0000;0;0;69480;69480;69480
60;2014-05-27 17:08:00;909402N262;7449;69.604;51;237;236;237;237;10.515;50.00;503.7;5.829;632.8;3.075;759.4;3.531;60;0;0;10.438;10.548;10.560;2459;2490;2499;50.00;50.00;50.00;7528;1000;0.0;0;0.0000;0;0;69604;69604;69604
60;2014-05-27 17:09:00;909402N262;7409;69.727;51;237;236;236;237;10.464;49.98;504.3;5.793;632.8;3.055;760.2;3.509;60;0;0;10.413;10.469;10.511;2452;2467;2488;49.98;49.98;49.98;7528;1000;0.0;0;0.0000;0;0;69727;69727;69727
60;2014-05-27 17:10:00;909402N262;7370;69.850;51;236;236;236;237;10.415;49.99;504.6;5.762;632.7;3.038;760.9;3.489;60;0;0;10.350;10.440;10.455;2434;2461;2472;49.99;49.99;49.99;7528;1000;0.0;0;0.0000;0;0;69850;69850;69850
60;2014-05-27 17:11:00;909402N262;7319;69.972;51;236;235;236;237;10.364;49.99;503.8;5.731;632.2;3.019;760.5;3.465;60;0;0;10.291;10.401;10.402;2415;2447;2455;49.99;49.99;49.99;7528;1000;0.0;0;0.0000;0;0;69972;69972;69972
60;2014-05-27 17:12:00;909402N262;7287;70.094;51;236;235;236;237;10.319;50.00;503.3;5.707;631.9;3.005;760.8;3.452;60;0;0;10.242;10.340;10.376;2404;2428;2452;50.00;50.00;50.00;7528;1000;0.0;0;0.0000;0;0;70094;70094;70094
60;2014-05-27 17:13:00;909402N262;7248;70.215;51;236;236;236;237;10.260;49.99;503.5;5.678;631.7;2.989;760.7;3.432;60;0;0;10.195;10.275;10.312;2394;2417;2435;49.99;49.99;49.99;7528;1000;0.0;0;0.0000;0;0;70215;70215;70215
60;2014-05-27 17:14:00;909402N262;7203;70.334;51;236;236;236;237;10.185;49.98;512.1;5.528;632.7;2.970;761.7;3.414;60;0;0;10.135;10.190;10.230;2384;2398;2419;49.98;49.98;49.98;7528;1000;0.0;0;0.0000;0;0;70334;70334;70334
60;2014-05-27 17:15:00;909402N262;7141;70.454;51;236;236;236;237;10.119;49.98;505.8;5.512;632.8;2.958;762.0;3.399;60;0;0;10.072;10.129;10.157;2364;2380;2395;49.98;49.98;49.98;7528;1000;0.0;0;0.0000;0;0;70454;70454;70454
60;2014-05-27 17:16:00;909402N262;7062;70.572;51;236;235;235;236;10.022;49.98;493.0;5.605;627.7;2.952;755.4;3.395;60;0;0;9.969;10.046;10.052;2338;2353;2369;49.98;49.98;49.98;7528;1000;0.0;0;0.0000;0;0;70572;70572;70572
60;2014-05-27 17:17:00;909402N262;7077;70.689;51;236;235;235;236;10.024;49.98;495.4;5.580;632.3;2.931;761.5;3.369;60;0;0;9.994;10.031;10.049;2349;2357;2369;49.98;49.98;49.98;7528;1000;0.0;0;0.0000;0;0;70689;70689;70689
60;2014-05-27 17:18:00;909402N262;7049;70.807;51;236;236;235;236;9.986;49.98;495.3;5.563;632.2;2.920;761.0;3.356;60;0;0;9.962;9.978;10.020;2343;2341;2363;49.98;49.98;49.98;7528;1000;0.0;0;0.0000;0;0;70807;70807;70807
60;2014-05-27 17:19:00;909402N262;7012;70.924;51;235;236;234;236;9.938;49.98;495.3;5.534;632.3;2.905;760.9;3.339;60;0;0;9.929;9.904;9.981;2336;2318;2356;49.98;49.98;49.98;7528;1000;0.0;0;0.0000;0;0;70924;70924;70924
60;2014-05-27 17:20:00;909402N262;6981;71.040;51;235;235;234;236;9.902;49.99;496.5;5.506;632.3;2.889;761.4;3.319;60;0;0;9.894;9.862;9.950;2326;2305;2348;49.99;49.99;49.99;7528;1000;0.0;0;0.0000;0;0;71040;71040;71040
60;2014-05-27 17:21:00;909402N262;6964;71.156;51;235;235;234;236;9.885;49.97;497.5;5.486;632.9;2.875;762.3;3.305;60;0;0;9.885;9.852;9.918;2322;2301;2338;49.97;49.97;49.97;7528;1000;0.0;0;0.0000;0;0;71156;71156;71156
60;2014-05-27 17:22:00;909402N262;6931;71.272;51;235;235;234;236;9.836;49.97;497.2;5.463;633.0;2.861;762.7;3.290;60;0;0;9.812;9.829;9.868;2304;2300;2325;49.97;49.97;49.97;7528;1000;0.0;0;0.0000;0;0;71272;71272;71272
60;2014-05-27 17:23:00;909402N262;6896;71.386;51;235;235;235;236;9.785;49.99;496.3;5.441;632.7;2.847;762.7;3.275;60;0;0;9.752;9.784;9.820;2289;2293;2312;49.99;49.99;49.99;7528;1000;0.0;0;0.0000;0;0;71386;71386;71386
60;2014-05-27 17:24:00;909402N262;6868;71.501;51;236;236;235;236;9.727;49.99;496.2;5.420;633.3;2.832;763.6;3.258;60;0;0;9.688;9.727;9.768;2279;2284;2303;49.99;49.99;49.99;7528;1000;0.0;0;0.0000;0;0;71501;71501;71501
60;2014-05-27 17:25:00;909402N262;6841;71.615;51;234;234;233;234;9.775;49.98;495.9;5.405;633.1;2.822;762.9;3.248;60;0;0;9.749;9.771;9.806;2273;2275;2292;49.98;49.98;49.98;7528;1000;0.0;0;0.0000;0;0;71615;71615;71615
60;2014-05-27 17:26:00;909402N262;6842;71.729;51;234;234;233;234;9.774;49.98;495.9;5.409;632.9;2.823;762.3;3.248;60;0;0;9.734;9.793;9.795;2270;2282;2287;49.98;49.98;49.98;7528;1000;0.0;0;0.0000;0;0;71729;71729;71729
60;2014-05-27 17:27:00;909402N262;6819;71.843;51;233;233;233;234;9.753;49.98;496.8;5.388;633.3;2.809;763.0;3.233;60;0;0;9.725;9.758;9.777;2267;2270;2282;49.98;49.98;49.98;7528;1000;0.0;0;0.0000;0;0;71843;71843;71843
60;2014-05-27 17:28:00;909402N262;6769;71.958;51;233;233;233;234;9.688;49.97;496.9;5.350;633.0;2.790;762.6;3.209;60;0;0;9.674;9.683;9.709;2254;2250;2264;49.97;49.97;49.97;7528;1000;0.0;0;0.0000;0;0;71958;71958;71958
60;2014-05-27 17:29:00;909402N262;6739;72.070;51;233;233;233;234;9.645;49.98;497.4;5.327;633.2;2.777;762.8;3.193;60;0;0;9.622;9.645;9.668;2240;2242;2254;49.98;49.98;49.98;7528;1000;0.0;0;0.0000;0;0;72070;72070;72070
60;2014-05-27 17:30:00;909402N262;6711;72.182;51;233;233;233;233;9.607;50.00;497.9;5.302;633.3;2.762;762.5;3.178;60;0;0;9.558;9.633;9.631;2223;2242;2243;50.00;50.00;50.00;7528;1000;0.0;0;0.0000;0;0;72182;72182;72182
60;2014-05-27 17:31:00;909402N262;6605;72.292;51;233;233;233;233;9.467;49.98;498.8;5.234;614.5;2.760;762.7;3.165;60;0;0;9.426;9.486;9.491;2190;2204;2209;49.98;49.98;49.98;7528;1000;0.0;0;0.0000;0;0;72292;72292;72292
60;2014-05-27 17:32:00;909402N262;6625;72.403;51;235;235;235;236;9.415;49.98;500.7;5.159;634.7;2.735;765.5;3.144;60;0;0;9.375;9.439;9.431;2198;2211;2214;49.98;49.98;49.98;7528;1000;0.0;0;0.0000;0;0;72403;72403;72403
60;2014-05-27 17:33:00;909402N262;6590;72.513;51;236;236;236;236;9.355;49.97;489.9;5.241;634.4;2.721;766.1;3.126;60;0;0;9.313;9.390;9.362;2185;2204;2199;49.97;49.97;49.97;7528;1000;0.0;0;0.0000;0;0;72513;72513;72513
60;2014-05-27 17:34:00;909402N262;6555;72.622;51;236;236;236;236;9.303;49.98;489.7;5.215;633.9;2.709;765.8;3.112;60;0;0;9.260;9.338;9.312;2172;2193;2188;49.98;49.98;49.98;7528;1000;0.0;0;0.0000;0;0;72622;72622;72622
60;2014-05-27 17:35:00;909402N262;6518;72.729;51;235;235;235;236;9.264;49.98;489.6;5.187;633.6;2.694;765.3;3.096;60;0;0;9.221;9.291;9.280;2160;2178;2178;49.98;49.98;49.98;7528;1000;0.0;0;0.0000;0;0;72729;72729;72729
60;2014-05-27 17:36:00;909402N262;6487;72.836;50;235;235;236;236;9.221;49.99;490.4;5.158;634.6;2.676;766.0;3.075;60;0;0;9.176;9.257;9.231;2149;2171;2165;49.99;49.99;49.99;7528;1000;0.0;0;0.0000;0;0;72836;72836;72836
60;2014-05-27 17:37:00;909402N262;6459;72.944;50;235;235;235;236;9.188;49.97;490.9;5.133;634.7;2.662;767.2;3.057;60;0;0;9.169;9.190;9.207;2148;2149;2159;49.97;49.97;49.97;7528;1000;0.0;0;0.0000;0;0;72944;72944;72944
60;2014-05-27 17:38:00;909402N262;6444;73.052;50;235;236;235;236;9.163;49.97;491.1;5.122;635.0;2.654;767.0;3.049;60;0;0;9.141;9.170;9.180;2143;2145;2154;49.97;49.97;49.97;7528;1000;0.0;0;0.0000;0;0;73052;73052;73052
60;2014-05-27 17:39:00;909402N262;6411;73.159;50;235;236;235;236;9.116;49.97;491.2;5.100;635.9;2.638;767.5;3.029;60;0;0;9.093;9.107;9.149;2133;2128;2149;49.97;49.97;49.97;7528;1000;0.0;0;0.0000;0;0;73159;73159;73159
60;2014-05-27 17:40:00;909402N262;6385;73.266;50;236;236;235;236;9.072;49.97;491.7;5.074;636.2;2.623;768.7;3.013;60;0;0;9.038;9.091;9.087;2120;2130;2133;49.97;49.97;49.97;7528;1000;0.0;0;0.0000;0;0;73266;73266;73266
60;2014-05-27 17:41:00;909402N262;6342;73.371;50;236;236;235;236;9.013;49.97;491.1;5.050;636.0;2.608;767.4;2.998;60;0;0;8.976;9.038;9.027;2105;2117;2118;49.97;49.97;49.97;7528;1000;0.0;0;0.0000;0;0;73371;73371;73371
60;2014-05-27 17:42:00;909402N262;6310;73.476;50;236;236;235;236;8.968;49.98;491.4;5.018;636.2;2.592;767.6;2.981;60;0;0;8.933;8.986;8.986;2095;2104;2109;49.98;49.98;49.98;7528;1000;0.0;0;0.0000;0;0;73476;73476;73476
60;2014-05-27 17:43:00;909402N262;6264;73.581;50;236;236;235;236;8.905;49.99;492.3;4.977;636.7;2.571;768.3;2.956;60;0;0;8.868;8.925;8.922;2079;2090;2093;49.99;49.99;49.99;7528;1000;0.0;0;0.0000;0;0;73581;73581;73581
60;2014-05-27 17:44:00;909402N262;6231;73.685;50;236;236;235;236;8.858;49.99;492.8;4.940;636.9;2.553;769.4;2.937;60;0;0;8.820;8.878;8.876;2068;2079;2082;49.99;49.99;49.99;7528;1000;0.0;0;0.0000;0;0;73685;73685;73685
60;2014-05-27 17:45:00;909402N262;6185;73.787;50;236;235;236;236;8.792;49.99;493.6;4.901;637.0;2.533;770.1;2.910;60;0;0;8.740;8.825;8.811;2044;2071;2068;49.99;49.99;49.99;7528;1000;0.0;0;0.0000;0;0;73787;73787;73787
60;2014-05-27 17:46:00;909402N262;6090;73.889;50;236;236;236;236;8.652;49.98;490.5;4.869;623.4;2.519;770.2;2.897;60;0;0;8.620;8.674;8.664;2021;2034;2033;49.98;49.98;49.98;7528;1000;0.0;0;0.0000;0;0;73889;73889;73889
60;2014-05-27 17:47:00;909402N262;6121;73.991;50;236;236;236;236;8.705;49.97;495.3;4.840;637.1;2.505;770.6;2.878;60;0;0;8.677;8.731;8.708;2035;2045;2040;49.97;49.97;49.97;7528;1000;0.0;0;0.0000;0;0;73991;73991;73991
60;2014-05-27 17:48:00;909402N262;6084;74.093;50;236;236;235;236;8.646;49.97;499.8;4.756;637.4;2.492;770.6;2.864;60;0;0;8.622;8.663;8.655;2024;2028;2030;49.97;49.97;49.97;7528;1000;0.0;0;0.0000;0;0;74093;74093;74093
60;2014-05-27 17:49:00;909402N262;6009;74.193;50;236;236;236;236;8.531;49.97;493.1;4.714;637.5;2.476;770.5;2.848;60;0;0;8.497;8.571;8.526;1995;2013;1999;49.97;49.97;49.97;7528;1000;0.0;0;0.0000;0;0;74193;74193;74193
60;2014-05-27 17:50:00;909402N262;5964;74.292;50;236;236;236;236;8.468;49.97;484.4;4.763;636.9;2.456;769.8;2.830;60;0;0;8.432;8.513;8.459;1980;2000;1982;49.97;49.97;49.97;7528;1000;0.0;0;0.0000;0;0;74292;74292;74292
60;2014-05-27 17:51:00;909402N262;5920;74.391;50;236;236;236;236;8.405;49.99;484.4;4.729;636.0;2.439;769.9;2.811;60;0;0;8.364;8.449;8.404;1965;1983;1969;49.99;49.99;49.99;7528;1000;0.0;0;0.0000;0;0;74391;74391;74391
60;2014-05-27 17:52:00;909402N262;5879;74.489;50;236;236;236;235;8.348;49.99;484.0;4.699;636.1;2.423;769.4;2.792;60;0;0;8.310;8.402;8.333;1952;1975;1949;49.99;49.99;49.99;7528;1000;0.0;0;0.0000;0;0;74489;74489;74489
60;2014-05-27 17:53:00;909402N262;5818;74.587;50;236;237;236;234;8.274;50.00;484.4;4.650;636.4;2.394;770.6;2.757;60;0;0;8.257;8.349;8.217;1941;1963;1911;50.00;50.00;50.00;7528;1000;0.0;0;0.0000;0;0;74587;74587;74587
60;2014-05-27 17:54:00;909402N262;5768;74.682;50;236;237;236;234;8.208;50.00;485.4;4.605;637.2;2.370;771.4;2.729;60;0;0;8.198;8.279;8.148;1927;1945;1893;50.00;50.00;50.00;7528;1000;0.0;0;0.0000;0;0;74682;74682;74682
60;2014-05-27 17:55:00;909402N262;5721;74.778;50;236;237;237;234;8.135;50.00;486.4;4.560;637.6;2.349;771.3;2.706;60;0;0;8.118;8.199;8.090;1909;1927;1883;50.00;50.00;50.00;7528;1000;0.0;0;0.0000;0;0;74778;74778;74778
60;2014-05-27 17:56:00;909402N262;5621;74.872;50;236;237;236;234;7.995;50.01;486.9;4.478;637.4;2.306;771.2;2.659;60;0;0;7.966;8.058;7.962;1872;1893;1854;50.01;50.01;50.01;7528;1000;0.0;0;0.0000;0;0;74872;74872;74872
60;2014-05-27 17:57:00;909402N262;5552;74.964;50;236;237;236;234;7.903;49.99;487.1;4.423;637.1;2.277;771.3;2.624;60;0;0;7.901;7.968;7.842;1857;1872;1820;49.99;49.99;49.99;7528;1000;0.0;0;0.0000;0;0;74964;74964;74964
60;2014-05-27 17:58:00;909402N262;5494;75.055;50;236;237;237;234;7.819;49.99;487.5;4.375;637.2;2.254;771.6;2.596;60;0;0;7.801;7.884;7.773;1833;1852;1807;49.99;49.99;49.99;7528;1000;0.0;0;0.0000;0;0;75055;75055;75055
60;2014-05-27 17:59:00;909402N262;5515;75.147;50;236;237;237;234;7.842;50.00;488.2;4.383;637.6;2.262;772.2;2.604;60;0;0;7.824;7.900;7.804;1840;1857;1816;50.00;50.00;50.00;7528;1000;0.0;0;0.0000;0;0;75147;75147;75147
60;2014-05-27 18:00:00;909402N262;5496;75.240;50;236;237;237;235;7.809;50.01;490.4;4.350;638.4;2.251;772.9;2.594;60;0;0;7.795;7.858;7.776;1835;1848;1812;50.01;50.01;50.01;7528;1000;0.0;0;0.0000;0;0;75240;75240;75240
[wr_ende]
