20140316;080002;danfoss;My Plant;+0100
[wr_def_start]
909402N262;Inverter Type;Inverter Group;Hanzl
[wr_def_end]
[wr]
INTERVAL;TIMESTAMP;SERIAL;P_AC;E_DAY;T_WR;U_AC;U_AC_1;U_AC_2;U_AC_3;I_AC;F_AC;U_DC_1;I_DC_1;U_DC_2;I_DC_2;U_DC_3;I_DC_3;S;E_WR;M_WR;I_AC_1;I_AC_2;I_AC_3;P_AC_1;P_AC_2;P_AC_3;F_AC_1;F_AC_2;F_AC_3;R_DC;PC;PCS;PCS_LL;COS_PHI;COS_PHI_LL;S_COS_PHI;Current_Day_Energy;current_Day_Offset;ccEnergyOfDay_WithoutOffset
60;2014-03-16 07:01:00;909402N262;324;0.130;21;235;234;234;235;0.607;50.03;539.6;0.232;603.1;0.158;718.3;0.153;60;0;0;0.590;0.679;0.552;103;119;101;50.03;50.03;50.03;17823;1000;0.0;0;0.0000;0;0;130;130;130
60;2014-03-16 07:02:00;909402N262;326;0.136;21;235;234;235;235;0.613;50.02;546.0;0.231;610.4;0.155;726.9;0.152;60;0;0;0.604;0.705;0.531;106;124;95;50.02;50.02;50.02;17823;1000;0.0;0;0.0000;0;0;136;136;136
60;2014-03-16 07:03:00;909402N262;325;0.142;21;235;234;234;235;0.611;50.02;546.6;0.231;618.0;0.152;726.1;0.152;60;0;0;0.577;0.699;0.558;101;122;100;50.02;50.02;50.02;17823;1000;0.0;0;0.0000;0;0;142;142;142
60;2014-03-16 07:04:00;909402N262;344;0.146;22;234;234;234;235;0.639;50.01;547.9;0.242;619.6;0.161;724.3;0.161;60;0;0;0.604;0.696;0.617;108;123;111;50.01;50.01;50.01;17823;1000;0.0;0;0.0000;0;0;146;146;146
60;2014-03-16 07:05:00;909402N262;375;0.152;22;234;234;234;235;0.682;50.01;549.9;0.261;632.5;0.169;731.4;0.176;60;0;0;0.621;0.790;0.635;114;144;116;50.01;50.01;50.01;17823;1000;0.0;0;0.0000;0;0;152;152;152
60;2014-03-16 07:06:00;909402N262;422;0.161;22;234;234;234;235;0.761;50.01;553.3;0.290;641.0;0.190;739.5;0.197;60;0;0;0.737;0.836;0.711;136;153;132;50.01;50.01;50.01;17823;1000;0.0;0;0.0000;0;0;161;161;161
60;2014-03-16 07:07:00;909402N262;445;0.168;22;234;234;234;235;0.796;50.00;554.4;0.303;632.0;0.206;737.3;0.206;60;0;0;0.767;0.852;0.771;142;159;142;50.00;50.00;50.00;17823;1000;0.0;0;0.0000;0;0;168;168;168
60;2014-03-16 07:08:00;909402N262;427;0.174;22;234;234;234;235;0.770;50.00;553.2;0.294;624.8;0.199;739.3;0.197;60;0;0;0.751;0.844;0.716;138;155;132;50.00;50.00;50.00;17823;1000;0.0;0;0.0000;0;0;174;174;174
60;2014-03-16 07:09:00;909402N262;408;0.182;22;234;233;234;234;0.734;50.00;552.8;0.284;618.9;0.190;733.6;0.188;60;0;0;0.716;0.817;0.670;132;150;125;50.00;50.00;50.00;17823;1000;0.0;0;0.0000;0;0;182;182;182
60;2014-03-16 07:10:00;909402N262;414;0.188;22;234;234;234;234;0.743;50.00;552.7;0.289;618.9;0.192;736.6;0.190;60;0;0;0.724;0.828;0.677;133;153;126;50.00;50.00;50.00;17823;1000;0.0;0;0.0000;0;0;188;188;188
60;2014-03-16 07:11:00;909402N262;429;0.196;22;234;234;233;235;0.771;50.01;553.3;0.300;624.0;0.198;736.6;0.198;60;0;0;0.764;0.836;0.715;141;153;132;50.01;50.01;50.01;17823;1000;0.0;0;0.0000;0;0;196;196;196
60;2014-03-16 07:12:00;909402N262;438;0.203;22;234;234;233;234;0.790;50.00;553.7;0.307;621.7;0.201;742.7;0.199;60;0;0;0.786;0.852;0.733;144;156;135;50.00;50.00;50.00;17823;1000;0.0;0;0.0000;0;0;203;203;203
60;2014-03-16 07:13:00;909402N262;448;0.210;23;234;234;233;234;0.809;49.99;553.6;0.316;624.2;0.204;740.2;0.205;60;0;0;0.776;0.886;0.767;142;163;141;49.99;49.99;49.99;17823;1000;0.0;0;0.0000;0;0;210;210;210
60;2014-03-16 07:14:00;909402N262;477;0.219;23;234;234;233;234;0.855;50.00;556.2;0.334;630.6;0.215;748.0;0.216;60;0;0;0.841;0.924;0.800;156;171;148;50.00;50.00;50.00;17823;1000;0.0;0;0.0000;0;0;219;219;219
60;2014-03-16 07:15:00;909402N262;517;0.227;23;234;234;233;235;0.926;50.00;557.5;0.358;636.8;0.231;749.9;0.236;60;0;0;0.912;0.983;0.885;168;181;165;50.00;50.00;50.00;17823;1000;0.0;0;0.0000;0;0;227;227;227
60;2014-03-16 07:16:00;909402N262;520;0.235;23;234;234;233;235;0.928;50.01;548.7;0.366;621.3;0.237;750.5;0.239;60;0;0;0.929;1.002;0.854;172;185;161;50.01;50.01;50.01;17823;1000;0.0;0;0.0000;0;0;235;235;235
60;2014-03-16 07:17:00;909402N262;507;0.244;23;234;233;233;235;0.899;50.03;556.8;0.353;637.1;0.227;746.7;0.230;60;0;0;0.902;0.958;0.839;169;178;158;50.03;50.03;50.03;17823;1000;0.0;0;0.0000;0;0;244;244;244
60;2014-03-16 07:18:00;909402N262;458;0.252;23;234;233;234;234;0.812;50.01;554.6;0.323;619.4;0.211;743.8;0.207;60;0;0;0.796;0.859;0.782;148;160;148;50.01;50.01;50.01;17823;1000;0.0;0;0.0000;0;0;252;252;252
60;2014-03-16 07:19:00;909402N262;440;0.259;23;234;234;234;234;0.781;50.02;553.5;0.315;621.4;0.199;740.0;0.201;60;0;0;0.766;0.832;0.747;142;155;140;50.02;50.02;50.02;17823;1000;0.0;0;0.0000;0;0;259;259;259
60;2014-03-16 07:20:00;909402N262;465;0.266;23;234;233;234;234;0.822;50.00;554.1;0.332;631.3;0.206;745.9;0.211;60;0;0;0.798;0.888;0.781;149;167;148;50.00;50.00;50.00;17823;1000;0.0;0;0.0000;0;0;266;266;266
60;2014-03-16 07:21:00;909402N262;475;0.275;23;234;234;234;234;0.836;50.01;555.7;0.337;624.4;0.215;750.1;0.212;60;0;0;0.834;0.885;0.790;156;166;151;50.01;50.01;50.01;17823;1000;0.0;0;0.0000;0;0;275;275;275
60;2014-03-16 07:22:00;909402N262;452;0.282;23;234;234;234;235;0.803;50.01;552.1;0.326;613.6;0.207;740.8;0.203;60;0;0;0.782;0.862;0.767;145;161;144;50.01;50.01;50.01;17823;1000;0.0;0;0.0000;0;0;282;282;282
60;2014-03-16 07:23:00;909402N262;439;0.290;23;234;234;234;235;0.781;50.01;553.2;0.318;614.2;0.199;738.8;0.199;60;0;0;0.759;0.804;0.780;140;151;146;50.01;50.01;50.01;17823;1000;0.0;0;0.0000;0;0;290;290;290
60;2014-03-16 07:24:00;909402N262;430;0.297;24;234;234;234;235;0.771;50.01;553.6;0.312;613.4;0.195;733.9;0.196;60;0;0;0.759;0.822;0.734;140;152;137;50.01;50.01;50.01;17823;1000;0.0;0;0.0000;0;0;297;297;297
60;2014-03-16 07:25:00;909402N262;421;0.304;24;234;234;234;235;0.755;50.01;552.3;0.307;616.7;0.190;739.3;0.190;60;0;0;0.754;0.843;0.669;140;154;125;50.01;50.01;50.01;17823;1000;0.0;0;0.0000;0;0;304;304;304
60;2014-03-16 07:26:00;909402N262;426;0.311;24;234;234;234;234;0.763;50.01;550.3;0.311;616.3;0.193;735.3;0.193;60;0;0;0.758;0.828;0.704;140;154;131;50.01;50.01;50.01;17823;1000;0.0;0;0.0000;0;0;311;311;311
60;2014-03-16 07:27:00;909402N262;422;0.318;24;234;233;234;235;0.754;50.01;551.1;0.308;617.9;0.191;738.5;0.190;60;0;0;0.744;0.835;0.684;138;155;127;50.01;50.01;50.01;17823;1000;0.0;0;0.0000;0;0;318;318;318
60;2014-03-16 07:28:00;909402N262;422;0.324;24;234;233;234;234;0.753;50.02;552.3;0.306;622.7;0.190;736.9;0.191;60;0;0;0.744;0.834;0.683;139;155;127;50.02;50.02;50.02;17823;1000;0.0;0;0.0000;0;0;324;324;324
60;2014-03-16 07:29:00;909402N262;437;0.333;24;234;233;234;235;0.778;50.01;552.0;0.316;628.7;0.195;738.5;0.199;60;0;0;0.771;0.822;0.743;144;153;139;50.01;50.01;50.01;17823;1000;0.0;0;0.0000;0;0;333;333;333
60;2014-03-16 07:30:00;909402N262;449;0.339;24;234;233;235;235;0.800;50.00;553.0;0.325;629.5;0.200;739.1;0.203;60;0;0;0.784;0.834;0.782;145;155;147;50.00;50.00;50.00;17823;1000;0.0;0;0.0000;0;0;339;339;339
60;2014-03-16 07:31:00;909402N262;478;0.348;24;234;233;235;235;0.840;49.98;557.8;0.341;630.6;0.213;737.4;0.217;60;0;0;0.841;0.898;0.781;157;169;149;49.98;49.98;49.98;17823;1000;0.0;0;0.0000;0;0;348;348;348
60;2014-03-16 07:32:00;909402N262;539;0.357;24;234;233;235;234;0.949;49.98;564.0;0.375;643.7;0.237;749.4;0.244;60;0;0;0.915;1.005;0.927;172;190;176;49.98;49.98;49.98;17823;1000;0.0;0;0.0000;0;0;357;357;357
60;2014-03-16 07:33:00;909402N262;631;0.367;24;234;233;234;234;1.094;50.00;565.6;0.436;656.7;0.270;758.6;0.284;60;0;0;1.062;1.135;1.087;203;218;209;50.00;50.00;50.00;17823;1000;0.0;0;0.0000;0;0;367;367;367
60;2014-03-16 07:34:00;909402N262;745;0.379;24;234;234;234;233;1.248;50.00;567.3;0.510;660.7;0.319;768.4;0.331;60;0;0;1.231;1.274;1.241;244;255;245;50.00;50.00;50.00;17823;1000;0.0;0;0.0000;0;0;379;379;379
60;2014-03-16 07:35:00;909402N262;813;0.394;24;234;233;234;233;1.329;49.99;567.9;0.554;657.2;0.351;773.6;0.357;60;0;0;1.318;1.351;1.319;267;277;267;49.99;49.99;49.99;17823;1000;0.0;0;0.0000;0;0;394;394;394
60;2014-03-16 07:36:00;909402N262;845;0.407;24;233;233;233;233;1.369;49.99;568.6;0.577;656.5;0.364;777.4;0.369;60;0;0;1.355;1.379;1.373;277;285;280;49.99;49.99;49.99;17823;1000;0.0;0;0.0000;0;0;407;407;407
60;2014-03-16 07:37:00;909402N262;872;0.422;24;233;233;233;233;1.403;49.99;571.7;0.593;658.2;0.375;777.8;0.380;60;0;0;1.392;1.425;1.393;286;296;287;49.99;49.99;49.99;17823;1000;0.0;0;0.0000;0;0;422;422;422
60;2014-03-16 07:38:00;909402N262;869;0.437;25;233;233;233;233;1.400;50.00;576.4;0.585;655.8;0.376;778.2;0.377;60;0;0;1.391;1.413;1.398;285;294;287;50.00;50.00;50.00;17823;1000;0.0;0;0.0000;0;0;437;437;437
60;2014-03-16 07:39:00;909402N262;841;0.451;25;233;233;233;233;1.370;50.00;577.0;0.570;647.4;0.369;774.8;0.365;60;0;0;1.359;1.381;1.372;277;284;279;50.00;50.00;50.00;17823;1000;0.0;0;0.0000;0;0;451;451;451
60;2014-03-16 07:40:00;909402N262;800;0.464;25;233;233;233;233;1.319;50.00;575.5;0.551;639.1;0.352;770.9;0.347;60;0;0;1.306;1.343;1.310;263;273;263;50.00;50.00;50.00;17823;1000;0.0;0;0.0000;0;0;464;464;464
60;2014-03-16 07:41:00;909402N262;768;0.476;25;233;232;233;234;1.275;50.00;573.8;0.534;643.2;0.333;767.8;0.334;60;0;0;1.261;1.304;1.261;251;263;252;50.00;50.00;50.00;17823;1000;0.0;0;0.0000;0;0;476;476;476
60;2014-03-16 07:42:00;909402N262;772;0.490;25;233;233;234;233;1.278;50.01;570.1;0.540;647.1;0.333;769.3;0.334;60;0;0;1.260;1.309;1.267;251;265;254;50.01;50.01;50.01;17823;1000;0.0;0;0.0000;0;0;490;490;490
60;2014-03-16 07:43:00;909402N262;789;0.503;25;233;233;233;233;1.302;50.01;568.4;0.553;646.8;0.339;769.2;0.343;60;0;0;1.291;1.322;1.294;259;269;260;50.01;50.01;50.01;17823;1000;0.0;0;0.0000;0;0;503;503;503
60;2014-03-16 07:44:00;909402N262;825;0.516;25;233;233;233;233;1.349;50.01;569.0;0.574;659.1;0.349;773.3;0.358;60;0;0;1.337;1.357;1.354;271;279;274;50.01;50.01;50.01;17823;1000;0.0;0;0.0000;0;0;516;516;516
60;2014-03-16 07:45:00;909402N262;899;0.531;25;233;233;233;234;1.430;49.99;569.7;0.616;662.6;0.385;777.9;0.389;60;0;0;1.406;1.456;1.430;293;306;298;49.99;49.99;49.99;17823;1000;0.0;0;0.0000;0;0;531;531;531
60;2014-03-16 07:46:00;909402N262;957;0.547;25;233;233;233;234;1.490;49.99;566.8;0.657;650.5;0.421;770.3;0.419;60;0;0;1.453;1.527;1.490;309;328;318;49.99;49.99;49.99;17823;1000;0.0;0;0.0000;0;0;547;547;547
60;2014-03-16 07:47:00;909402N262;924;0.563;25;233;233;233;234;1.498;50.00;574.7;0.630;649.4;0.405;777.3;0.398;60;0;0;1.485;1.520;1.489;304;313;305;50.00;50.00;50.00;17823;1000;0.0;0;0.0000;0;0;563;563;563
60;2014-03-16 07:48:00;909402N262;834;0.576;25;233;233;233;234;1.407;50.02;573.7;0.577;640.5;0.366;772.9;0.360;60;0;0;1.393;1.459;1.369;274;287;271;50.02;50.02;50.02;17823;1000;0.0;0;0.0000;0;0;576;576;576
60;2014-03-16 07:49:00;909402N262;818;0.590;25;233;233;233;234;1.382;50.01;571.6;0.568;650.5;0.351;771.4;0.356;60;0;0;1.358;1.430;1.359;267;281;268;50.01;50.01;50.01;17823;1000;0.0;0;0.0000;0;0;590;590;590
60;2014-03-16 07:50:00;909402N262;894;0.605;25;233;233;233;234;1.472;49.99;571.4;0.613;665.5;0.377;777.0;0.390;60;0;0;1.462;1.492;1.463;294;303;296;49.99;49.99;49.99;17823;1000;0.0;0;0.0000;0;0;605;605;605
60;2014-03-16 07:51:00;909402N262;1010;0.622;26;233;232;233;234;1.594;50.01;572.7;0.681;669.5;0.429;780.7;0.441;60;0;0;1.556;1.642;1.585;327;348;334;50.01;50.01;50.01;17823;1000;0.0;0;0.0000;0;0;622;622;622
60;2014-03-16 07:52:00;909402N262;1068;0.640;26;233;233;233;234;1.665;50.00;573.8;0.717;667.3;0.457;782.3;0.464;60;0;0;1.624;1.715;1.657;345;366;354;50.00;50.00;50.00;17823;1000;0.0;0;0.0000;0;0;640;640;640
60;2014-03-16 07:53:00;909402N262;1044;0.657;26;233;233;233;234;1.637;50.01;574.2;0.704;664.4;0.449;781.0;0.452;60;0;0;1.605;1.688;1.618;340;359;344;50.01;50.01;50.01;17823;1000;0.0;0;0.0000;0;0;657;657;657
60;2014-03-16 07:54:00;909402N262;1049;0.675;26;233;233;233;234;1.642;49.99;574.6;0.707;660.7;0.455;781.2;0.453;60;0;0;1.607;1.697;1.624;340;361;346;49.99;49.99;49.99;17823;1000;0.0;0;0.0000;0;0;675;675;675
60;2014-03-16 07:55:00;909402N262;1023;0.692;26;233;233;233;234;1.611;49.99;578.4;0.688;652.8;0.447;780.3;0.442;60;0;0;1.576;1.662;1.596;332;352;337;49.99;49.99;49.99;17823;1000;0.0;0;0.0000;0;0;692;692;692
60;2014-03-16 07:56:00;909402N262;954;0.709;26;233;233;233;234;1.524;49.99;579.7;0.646;656.3;0.411;778.1;0.411;60;0;0;1.505;1.552;1.517;312;326;314;49.99;49.99;49.99;17823;1000;0.0;0;0.0000;0;0;709;709;709
60;2014-03-16 07:57:00;909402N262;965;0.724;26;233;233;233;234;1.538;50.00;574.8;0.660;659.2;0.411;778.0;0.417;60;0;0;1.513;1.568;1.535;314;329;319;50.00;50.00;50.00;17823;1000;0.0;0;0.0000;0;0;724;724;724
60;2014-03-16 07:58:00;909402N262;1036;0.742;26;233;233;233;234;1.628;49.99;573.0;0.707;665.0;0.439;780.7;0.450;60;0;0;1.596;1.679;1.611;337;357;340;49.99;49.99;49.99;17823;1000;0.0;0;0.0000;0;0;742;742;742
60;2014-03-16 07:59:00;909402N262;1079;0.759;26;233;233;233;234;1.685;50.00;572.4;0.735;662.5;0.461;781.2;0.466;60;0;0;1.647;1.736;1.673;349;371;356;50.00;50.00;50.00;17823;1000;0.0;0;0.0000;0;0;759;759;759
60;2014-03-16 08:00:00;909402N262;1068;0.777;26;233;233;233;233;1.672;50.02;573.0;0.730;654.4;0.461;781.4;0.461;60;0;0;1.637;1.720;1.659;347;367;353;50.02;50.02;50.02;17823;1000;0.0;0;0.0000;0;0;777;777;777
[wr_ende]
