20140226;140008;danfoss;My Plant;+0100
[wr_def_start]
909402N262;Inverter Type;Inverter Group;Hanzl
[wr_def_end]
[wr]
INTERVAL;TIMESTAMP;SERIAL;P_AC;E_DAY;T_WR;U_AC;U_AC_1;U_AC_2;U_AC_3;I_AC;F_AC;U_DC_1;I_DC_1;U_DC_2;I_DC_2;U_DC_3;I_DC_3;S;E_WR;M_WR;I_AC_1;I_AC_2;I_AC_3;P_AC_1;P_AC_2;P_AC_3;F_AC_1;F_AC_2;F_AC_3;R_DC;PC;PCS;PCS_LL;COS_PHI;COS_PHI_LL;S_COS_PHI;Current_Day_Energy;current_Day_Offset;ccEnergyOfDay_WithoutOffset
60;2014-02-26 13:01:00;909402N262;6321;20.417;44;235;235;235;234;8.969;50.00;548.4;4.930;643.3;2.492;795.1;2.667;60;0;0;8.943;8.982;8.983;2099;2117;2103;50.00;50.00;50.00;15259;1000;0.0;0;0.0000;0;0;20417;20417;20417
60;2014-02-26 13:02:00;909402N262;6338;20.524;44;235;235;235;235;9.010;50.01;552.3;4.901;658.9;2.469;795.3;2.648;60;0;0;8.960;9.049;9.022;2100;2125;2111;50.01;50.01;50.01;15259;1000;0.0;0;0.0000;0;0;20524;20524;20524
60;2014-02-26 13:03:00;909402N262;6440;20.632;44;235;235;235;235;9.159;50.00;552.4;4.978;660.1;2.504;795.1;2.693;60;0;0;9.112;9.203;9.163;2134;2161;2143;50.00;50.00;50.00;15259;1000;0.0;0;0.0000;0;0;20632;20632;20632
60;2014-02-26 13:04:00;909402N262;6537;20.737;44;235;235;235;234;9.305;50.00;552.6;5.048;661.0;2.540;795.1;2.732;60;0;0;9.258;9.346;9.312;2167;2191;2177;49.99;49.99;49.99;15259;1000;0.0;0;0.0000;0;0;20737;20737;20737
60;2014-02-26 13:05:00;909402N262;6316;20.844;44;234;234;235;234;9.004;50.01;552.8;4.877;660.3;2.454;794.9;2.641;60;0;0;8.963;9.038;9.013;2096;2115;2103;50.01;50.01;50.01;15259;1000;0.0;0;0.0000;0;0;20844;20844;20844
60;2014-02-26 13:06:00;909402N262;6117;20.946;43;234;234;234;234;8.726;50.00;552.8;4.727;659.7;2.382;795.0;2.551;60;0;0;8.686;8.761;8.732;2031;2048;2037;50.00;50.00;50.00;15259;1000;0.0;0;0.0000;0;0;20946;20946;20946
60;2014-02-26 13:07:00;909402N262;6374;21.052;43;234;234;235;234;9.091;49.99;552.6;4.926;660.4;2.480;795.2;2.662;60;0;0;9.060;9.129;9.086;2119;2136;2117;49.99;49.99;49.99;15259;1000;0.0;0;0.0000;0;0;21052;21052;21052
60;2014-02-26 13:08:00;909402N262;6433;21.160;43;234;235;234;234;9.168;50.01;551.9;4.974;660.2;2.497;795.0;2.694;60;0;0;9.138;9.206;9.162;2140;2154;2137;50.01;50.01;50.01;15259;1000;0.0;0;0.0000;0;0;21160;21160;21160
60;2014-02-26 13:09:00;909402N262;6214;21.263;43;234;235;234;234;8.871;49.99;551.9;4.799;659.2;2.412;795.1;2.604;60;0;0;8.853;8.903;8.858;2073;2075;2064;49.99;49.99;49.99;15259;1000;0.0;0;0.0000;0;0;21263;21263;21263
60;2014-02-26 13:10:00;909402N262;5690;21.357;43;234;235;235;233;8.128;49.99;552.8;4.408;657.1;2.224;794.8;2.362;60;0;0;8.101;8.168;8.115;1893;1908;1887;49.99;49.99;49.99;15259;1000;0.0;0;0.0000;0;0;21357;21357;21357
60;2014-02-26 13:11:00;909402N262;6106;21.459;43;234;235;235;234;8.709;50.00;553.5;4.715;659.9;2.372;795.2;2.547;60;0;0;8.682;8.741;8.704;2032;2045;2027;50.00;50.00;50.00;15259;1000;0.0;0;0.0000;0;0;21459;21459;21459
60;2014-02-26 13:12:00;909402N262;6205;21.563;43;234;235;235;234;8.848;50.00;553.7;4.792;660.1;2.410;795.1;2.588;60;0;0;8.816;8.893;8.836;2063;2081;2059;50.00;50.00;50.00;15259;1000;0.0;0;0.0000;0;0;21563;21563;21563
60;2014-02-26 13:13:00;909402N262;6256;21.667;43;234;235;235;234;8.921;50.00;553.9;4.828;660.1;2.432;794.9;2.610;60;0;0;8.900;8.957;8.906;2084;2095;2075;50.00;50.00;50.00;15259;1000;0.0;0;0.0000;0;0;21667;21667;21667
60;2014-02-26 13:14:00;909402N262;6248;21.772;43;235;235;235;234;8.899;49.99;553.5;4.823;659.5;2.429;795.1;2.608;60;0;0;8.885;8.940;8.873;2084;2093;2069;49.99;49.99;49.99;15259;1000;0.0;0;0.0000;0;0;21772;21772;21772
60;2014-02-26 13:15:00;909402N262;6152;21.874;43;234;235;235;234;8.767;49.99;553.2;4.753;658.8;2.395;795.3;2.565;60;0;0;8.731;8.812;8.759;2045;2062;2042;49.99;49.99;49.99;15259;1000;0.0;0;0.0000;0;0;21874;21874;21874
60;2014-02-26 13:16:00;909402N262;6180;21.978;43;235;235;235;234;8.789;50.00;550.3;4.815;643.2;2.432;794.2;2.610;60;0;0;8.783;8.804;8.780;2062;2067;2050;50.00;50.00;50.00;15259;1000;0.0;0;0.0000;0;0;21978;21978;21978
60;2014-02-26 13:17:00;909402N262;6258;22.082;43;235;235;235;234;8.911;50.00;554.2;4.826;659.8;2.423;795.1;2.618;60;0;0;8.888;8.945;8.902;2083;2095;2078;50.00;50.00;50.00;15259;1000;0.0;0;0.0000;0;0;22082;22082;22082
60;2014-02-26 13:18:00;909402N262;6177;22.184;43;234;235;235;234;8.805;50.01;554.2;4.766;659.5;2.397;795.0;2.580;60;0;0;8.762;8.842;8.812;2050;2068;2057;50.01;50.01;50.01;15259;1000;0.0;0;0.0000;0;0;22184;22184;22184
60;2014-02-26 13:19:00;909402N262;6254;22.289;43;234;234;234;234;8.931;49.99;554.2;4.828;659.2;2.429;795.2;2.611;60;0;0;8.892;8.971;8.931;2075;2096;2080;49.99;49.99;49.99;15259;1000;0.0;0;0.0000;0;0;22289;22289;22289
60;2014-02-26 13:20:00;909402N262;6337;22.394;43;234;234;234;233;9.053;50.01;553.4;4.896;658.8;2.459;795.0;2.651;60;0;0;9.021;9.087;9.051;2105;2123;2106;50.01;50.01;50.01;15259;1000;0.0;0;0.0000;0;0;22394;22394;22394
60;2014-02-26 13:21:00;909402N262;6258;22.500;43;234;233;234;233;8.945;50.01;553.3;4.835;658.0;2.432;795.2;2.618;60;0;0;8.886;8.996;8.954;2069;2103;2084;50.01;50.01;50.01;15259;1000;0.0;0;0.0000;0;0;22500;22500;22500
60;2014-02-26 13:22:00;909402N262;6422;22.605;43;234;233;234;234;9.174;50.01;552.7;4.967;658.9;2.499;795.2;2.684;60;0;0;9.115;9.214;9.194;2122;2155;2143;50.01;50.01;50.01;15259;1000;0.0;0;0.0000;0;0;22605;22605;22605
60;2014-02-26 13:23:00;909402N262;6333;22.712;43;234;233;234;233;9.057;50.00;552.8;4.895;658.4;2.459;795.1;2.651;60;0;0;8.994;9.097;9.080;2092;2124;2115;50.00;50.00;50.00;15259;1000;0.0;0;0.0000;0;0;22712;22712;22712
60;2014-02-26 13:24:00;909402N262;6224;22.815;43;233;233;234;233;8.906;50.01;552.6;4.811;657.9;2.420;794.9;2.604;60;0;0;8.850;8.958;8.912;2059;2090;2073;50.01;50.01;50.01;15259;1000;0.0;0;0.0000;0;0;22815;22815;22815
60;2014-02-26 13:25:00;909402N262;6255;22.920;43;233;233;234;233;8.960;50.00;552.3;4.845;657.8;2.438;794.9;2.612;60;0;0;8.928;8.990;8.963;2075;2097;2082;50.00;50.00;50.00;15259;1000;0.0;0;0.0000;0;0;22920;22920;22920
60;2014-02-26 13:26:00;909402N262;6160;23.022;43;233;233;234;233;8.820;49.99;552.8;4.765;657.1;2.398;794.9;2.575;60;0;0;8.787;8.843;8.831;2045;2062;2051;49.99;49.99;49.99;15259;1000;0.0;0;0.0000;0;0;23022;23022;23022
60;2014-02-26 13:27:00;909402N262;6021;23.123;43;233;234;233;233;8.624;50.00;552.7;4.664;656.8;2.343;795.1;2.514;60;0;0;8.589;8.635;8.648;2000;2008;2010;50.00;50.00;50.00;15259;1000;0.0;0;0.0000;0;0;23123;23123;23123
60;2014-02-26 13:28:00;909402N262;6167;23.225;43;233;234;234;233;8.828;50.01;552.8;4.776;657.6;2.401;795.1;2.574;60;0;0;8.804;8.857;8.825;2051;2066;2049;50.01;50.01;50.01;15259;1000;0.0;0;0.0000;0;0;23225;23225;23225
60;2014-02-26 13:29:00;909402N262;6309;23.331;43;233;233;234;232;9.038;50.02;552.7;4.885;657.8;2.449;795.0;2.640;60;0;0;9.024;9.073;9.018;2102;2115;2090;50.02;50.02;50.02;15259;1000;0.0;0;0.0000;0;0;23331;23331;23331
60;2014-02-26 13:30:00;909402N262;6027;23.431;43;233;233;233;232;8.651;50.01;552.5;4.675;657.1;2.343;795.0;2.513;60;0;0;8.639;8.678;8.636;2007;2019;1999;50.01;50.01;50.01;15259;1000;0.0;0;0.0000;0;0;23431;23431;23431
60;2014-02-26 13:31:00;909402N262;6166;23.533;43;233;233;233;233;8.838;49.99;548.7;4.828;650.1;2.426;781.5;2.603;60;0;0;8.807;8.865;8.843;2044;2069;2052;49.99;49.99;49.99;15259;1000;0.0;0;0.0000;0;0;23533;23533;23533
60;2014-02-26 13:32:00;909402N262;6626;23.645;43;233;233;234;233;9.485;49.99;551.6;5.154;657.4;2.569;794.7;2.773;60;0;0;9.449;9.520;9.488;2196;2222;2206;49.99;49.99;49.99;15259;1000;0.0;0;0.0000;0;0;23645;23645;23645
60;2014-02-26 13:33:00;909402N262;7186;23.764;43;233;232;234;233;10.280;49.98;550.9;5.586;657.9;2.787;795.0;3.015;60;0;0;10.232;10.322;10.286;2377;2413;2394;49.98;49.98;49.98;15259;1000;0.0;0;0.0000;0;0;23764;23764;23764
60;2014-02-26 13:34:00;909402N262;7500;23.889;43;233;233;234;233;10.715;49.99;549.6;5.829;657.6;2.906;795.3;3.158;60;0;0;10.651;10.774;10.722;2477;2521;2500;49.99;49.99;49.99;15259;1000;0.0;0;0.0000;0;0;23889;23889;23889
60;2014-02-26 13:35:00;909402N262;7476;24.014;43;233;232;234;233;10.679;49.98;548.5;5.820;656.5;2.904;795.3;3.149;60;0;0;10.604;10.752;10.683;2466;2517;2491;49.98;49.98;49.98;15259;1000;0.0;0;0.0000;0;0;24014;24014;24014
60;2014-02-26 13:36:00;909402N262;7651;24.142;43;233;232;234;233;10.927;49.99;546.6;5.974;656.4;2.977;795.4;3.224;60;0;0;10.829;11.009;10.944;2514;2580;2554;49.99;49.99;49.99;15259;1000;0.0;0;0.0000;0;0;24142;24142;24142
60;2014-02-26 13:37:00;909402N262;8123;24.276;43;233;232;234;234;11.593;49.98;544.7;6.352;656.7;3.159;795.3;3.434;60;0;0;11.505;11.671;11.604;2675;2736;2711;49.98;49.98;49.98;15259;1000;0.0;0;0.0000;0;0;24276;24276;24276
60;2014-02-26 13:38:00;909402N262;8305;24.415;43;234;233;234;234;11.844;49.97;543.2;6.500;655.8;3.231;795.4;3.521;60;0;0;11.771;11.916;11.847;2743;2793;2767;49.97;49.97;49.97;15259;1000;0.0;0;0.0000;0;0;24415;24415;24415
60;2014-02-26 13:39:00;909402N262;8214;24.552;43;234;233;235;234;11.704;49.99;542.3;6.438;654.7;3.204;795.2;3.483;60;0;0;11.633;11.775;11.704;2712;2764;2736;49.99;49.99;49.99;15259;1000;0.0;0;0.0000;0;0;24552;24552;24552
60;2014-02-26 13:40:00;909402N262;8367;24.691;43;234;233;235;234;11.909;49.99;540.6;6.578;654.1;3.267;794.9;3.550;60;0;0;11.831;11.983;11.915;2758;2818;2789;49.99;49.99;49.99;15259;1000;0.0;0;0.0000;0;0;24691;24691;24691
60;2014-02-26 13:41:00;909402N262;8408;24.831;44;234;233;235;234;11.984;49.98;539.3;6.612;654.1;3.281;795.2;3.575;60;0;0;11.922;12.052;11.979;2777;2829;2799;49.98;49.98;49.98;15259;1000;0.0;0;0.0000;0;0;24831;24831;24831
60;2014-02-26 13:42:00;909402N262;8093;24.965;44;234;234;234;233;11.528;49.98;538.9;6.379;653.4;3.163;795.1;3.431;60;0;0;11.499;11.583;11.503;2689;2715;2686;49.98;49.98;49.98;15259;1000;0.0;0;0.0000;0;0;24965;24965;24965
60;2014-02-26 13:43:00;909402N262;8179;25.103;44;234;234;235;234;11.635;50.00;538.5;6.455;652.5;3.198;795.2;3.471;60;0;0;11.605;11.675;11.625;2717;2743;2717;50.00;50.00;50.00;15259;1000;0.0;0;0.0000;0;0;25103;25103;25103
60;2014-02-26 13:44:00;909402N262;8172;25.239;44;234;233;235;234;11.640;49.99;537.8;6.458;652.2;3.194;795.3;3.469;60;0;0;11.565;11.721;11.634;2695;2757;2718;49.99;49.99;49.99;15259;1000;0.0;0;0.0000;0;0;25239;25239;25239
60;2014-02-26 13:45:00;909402N262;8040;25.373;44;234;233;235;233;11.457;49.99;537.3;6.360;652.2;3.141;795.1;3.412;60;0;0;11.394;11.533;11.446;2655;2711;2671;49.99;49.99;49.99;15259;1000;0.0;0;0.0000;0;0;25373;25373;25373
60;2014-02-26 13:46:00;909402N262;7797;25.503;44;234;234;235;234;11.093;50.00;532.9;6.229;639.6;3.085;792.1;3.339;60;0;0;11.045;11.147;11.089;2582;2623;2590;50.00;50.00;50.00;15259;1000;0.0;0;0.0000;0;0;25503;25503;25503
60;2014-02-26 13:47:00;909402N262;7664;25.630;44;234;234;235;234;10.919;49.99;537.5;6.070;651.8;2.996;795.2;3.244;60;0;0;10.876;10.966;10.917;2541;2571;2549;49.99;49.99;49.99;15259;1000;0.0;0;0.0000;0;0;25630;25630;25630
60;2014-02-26 13:48:00;909402N262;7763;25.760;44;234;234;235;234;11.053;50.01;537.4;6.152;651.8;3.035;795.3;3.286;60;0;0;10.999;11.089;11.073;2572;2600;2590;50.01;50.01;50.01;15259;1000;0.0;0;0.0000;0;0;25760;25760;25760
60;2014-02-26 13:49:00;909402N262;7598;25.887;44;234;235;234;234;10.812;50.00;537.8;6.022;652.1;2.965;795.1;3.212;60;0;0;10.772;10.815;10.849;2525;2531;2540;50.00;50.00;50.00;15259;1000;0.0;0;0.0000;0;0;25887;25887;25887
60;2014-02-26 13:50:00;909402N262;7482;26.012;44;234;235;234;234;10.645;50.01;538.6;5.931;652.2;2.923;795.3;3.153;60;0;0;10.606;10.651;10.679;2487;2493;2500;50.01;50.01;50.01;15259;1000;0.0;0;0.0000;0;0;26012;26012;26012
60;2014-02-26 13:51:00;909402N262;7592;26.138;44;234;235;234;234;10.799;50.02;538.8;6.018;652.7;2.961;795.2;3.203;60;0;0;10.751;10.810;10.836;2519;2533;2538;50.02;50.02;50.02;15259;1000;0.0;0;0.0000;0;0;26138;26138;26138
60;2014-02-26 13:52:00;909402N262;7670;26.263;44;234;234;234;234;10.922;50.02;538.6;6.080;652.7;2.990;795.3;3.240;60;0;0;10.863;10.946;10.958;2543;2562;2563;50.02;50.02;50.02;15259;1000;0.0;0;0.0000;0;0;26263;26263;26263
60;2014-02-26 13:53:00;909402N262;7648;26.392;44;234;235;234;234;10.878;50.03;538.2;6.067;652.2;2.980;795.3;3.231;60;0;0;10.833;10.899;10.903;2541;2552;2553;50.03;50.03;50.03;15259;1000;0.0;0;0.0000;0;0;26392;26392;26392
60;2014-02-26 13:54:00;909402N262;7568;26.518;44;234;234;235;234;10.764;50.03;538.0;6.008;651.2;2.947;795.4;3.200;60;0;0;10.710;10.792;10.792;2508;2531;2528;50.03;50.03;50.03;15259;1000;0.0;0;0.0000;0;0;26518;26518;26518
60;2014-02-26 13:55:00;909402N262;7370;26.640;44;235;234;235;235;10.482;50.02;538.1;5.843;650.8;2.869;795.1;3.120;60;0;0;10.417;10.512;10.517;2437;2465;2465;50.02;50.02;50.02;15259;1000;0.0;0;0.0000;0;0;26640;26640;26640
60;2014-02-26 13:56:00;909402N262;4099;26.709;44;234;234;234;234;5.916;50.02;537.9;3.275;638.8;1.590;784.4;1.743;60;0;0;5.850;5.960;5.938;1352;1371;1374;50.02;50.02;50.02;15259;1000;0.0;0;0.0000;0;0;26709;26709;26709
60;2014-02-26 13:57:00;909402N262;2727;26.755;44;234;234;234;234;3.972;50.03;539.7;2.226;633.3;1.113;778.5;1.096;60;0;0;3.910;4.006;4.000;894;915;916;50.03;50.03;50.03;15259;1000;0.0;0;0.0000;0;0;26755;26755;26755
60;2014-02-26 13:58:00;909402N262;2768;26.801;44;234;234;234;234;4.027;50.02;542.1;2.261;636.5;1.118;780.5;1.106;60;0;0;3.966;4.062;4.054;907;930;930;50.02;50.02;50.02;15259;1000;0.0;0;0.0000;0;0;26801;26801;26801
60;2014-02-26 13:59:00;909402N262;2816;26.849;44;234;234;234;234;4.092;50.02;545.6;2.292;639.0;1.130;783.6;1.120;60;0;0;4.028;4.124;4.126;922;945;947;50.02;50.02;50.02;15259;1000;0.0;0;0.0000;0;0;26849;26849;26849
60;2014-02-26 14:00:00;909402N262;3498;26.907;44;234;234;234;234;5.033;50.01;551.7;2.827;645.3;1.376;793.6;1.396;60;0;0;4.991;5.039;5.070;1153;1169;1174;50.01;50.01;50.01;15259;1000;0.0;0;0.0000;0;0;26907;26907;26907
[wr_ende]
