20140601;150002;danfoss;My Plant;+0100
[wr_def_start]
909402N262;Inverter Type;Inverter Group;Hanzl
[wr_def_end]
[wr]
INTERVAL;TIMESTAMP;SERIAL;P_AC;E_DAY;T_WR;U_AC;U_AC_1;U_AC_2;U_AC_3;I_AC;F_AC;U_DC_1;I_DC_1;U_DC_2;I_DC_2;U_DC_3;I_DC_3;S;E_WR;M_WR;I_AC_1;I_AC_2;I_AC_3;P_AC_1;P_AC_2;P_AC_3;F_AC_1;F_AC_2;F_AC_3;R_DC;PC;PCS;PCS_LL;COS_PHI;COS_PHI_LL;S_COS_PHI;Current_Day_Energy;current_Day_Offset;ccEnergyOfDay_WithoutOffset
60;2014-06-01 14:01:00;909402N262;6411;16.278;43;234;234;233;234;9.142;49.98;545.8;4.609;645.2;2.766;795.3;2.789;60;0;0;9.113;9.137;9.177;2126;2133;2148;49.98;49.98;49.98;10742;1000;0.0;0;0.0000;0;0;16278;16278;16278
60;2014-06-01 14:02:00;909402N262;6655;16.390;43;234;233;233;235;9.496;49.97;548.1;4.746;660.7;2.825;795.3;2.878;60;0;0;9.466;9.496;9.528;2207;2211;2235;49.97;49.97;49.97;10742;1000;0.0;0;0.0000;0;0;16390;16390;16390
60;2014-06-01 14:03:00;909402N262;6922;16.505;43;234;233;234;235;9.870;49.97;546.7;4.958;660.2;2.926;795.1;3.002;60;0;0;9.819;9.878;9.914;2287;2307;2327;49.97;49.97;49.97;10742;1000;0.0;0;0.0000;0;0;16505;16505;16505
60;2014-06-01 14:04:00;909402N262;7356;16.627;43;234;234;233;235;10.470;49.97;545.4;5.289;659.9;3.096;795.2;3.204;60;0;0;10.450;10.460;10.502;2448;2440;2467;49.97;49.97;49.97;10742;1000;0.0;0;0.0000;0;0;16627;16627;16627
60;2014-06-01 14:05:00;909402N262;7122;16.746;43;234;234;233;235;10.141;49.97;544.0;5.104;657.8;3.079;795.1;3.055;60;0;0;10.114;10.148;10.162;2368;2365;2386;49.97;49.97;49.97;10742;1000;0.0;0;0.0000;0;0;16746;16746;16746
60;2014-06-01 14:06:00;909402N262;7476;16.871;43;234;234;233;234;10.654;49.99;541.6;5.362;656.8;3.135;794.6;3.314;60;0;0;10.641;10.660;10.663;2495;2483;2496;49.99;49.99;49.99;10742;1000;0.0;0;0.0000;0;0;16871;16871;16871
60;2014-06-01 14:07:00;909402N262;7316;16.994;44;234;234;232;235;10.430;49.99;540.6;5.269;654.5;3.152;794.3;3.170;60;0;0;10.420;10.422;10.449;2443;2420;2450;49.99;49.99;49.99;10742;1000;0.0;0;0.0000;0;0;16994;16994;16994
60;2014-06-01 14:08:00;909402N262;7483;17.117;44;234;235;233;235;10.653;50.00;540.2;5.345;653.8;3.157;794.3;3.336;60;0;0;10.630;10.660;10.669;2494;2484;2503;50.00;50.00;50.00;10742;1000;0.0;0;0.0000;0;0;17117;17117;17117
60;2014-06-01 14:09:00;909402N262;6918;17.233;44;234;234;233;235;9.865;49.99;539.3;5.033;652.0;3.000;786.7;2.993;60;0;0;9.836;9.867;9.893;2302;2294;2320;49.99;49.99;49.99;10742;1000;0.0;0;0.0000;0;0;17233;17233;17233
60;2014-06-01 14:10:00;909402N262;7030;17.350;44;234;235;233;235;10.009;50.00;538.7;5.113;651.5;3.010;787.2;3.080;60;0;0;9.978;10.014;10.036;2339;2335;2354;50.00;50.00;50.00;10742;1000;0.0;0;0.0000;0;0;17350;17350;17350
60;2014-06-01 14:11:00;909402N262;7507;17.473;44;234;235;234;234;10.689;49.99;537.7;5.448;651.8;3.213;790.4;3.292;60;0;0;10.662;10.723;10.682;2500;2506;2500;49.99;49.99;49.99;10742;1000;0.0;0;0.0000;0;0;17473;17473;17473
60;2014-06-01 14:12:00;909402N262;7133;17.592;44;234;234;234;234;10.186;49.98;537.0;5.186;649.4;3.076;783.1;3.145;60;0;0;10.152;10.210;10.197;2369;2380;2382;49.98;49.98;49.98;10742;1000;0.0;0;0.0000;0;0;17592;17592;17592
60;2014-06-01 14:13:00;909402N262;7405;17.715;44;234;234;233;234;10.565;50.00;536.2;5.400;650.1;3.153;783.4;3.292;60;0;0;10.525;10.598;10.574;2458;2474;2473;50.00;50.00;50.00;10742;1000;0.0;0;0.0000;0;0;17715;17715;17715
60;2014-06-01 14:14:00;909402N262;7860;17.847;45;234;234;234;234;11.195;50.00;536.1;5.822;650.5;3.344;782.4;3.437;60;0;0;11.152;11.249;11.185;2610;2634;2614;50.00;50.00;50.00;10742;1000;0.0;0;0.0000;0;0;17847;17847;17847
60;2014-06-01 14:15:00;909402N262;6472;17.954;45;234;234;234;233;9.243;50.01;536.8;4.762;647.9;2.800;781.2;2.812;60;0;0;9.212;9.293;9.226;2155;2167;2148;50.01;50.01;50.01;10742;1000;0.0;0;0.0000;0;0;17954;17954;17954
60;2014-06-01 14:16:00;909402N262;6083;18.055;45;234;235;234;233;8.688;50.01;538.1;4.508;641.4;2.655;770.5;2.677;60;0;0;8.663;8.736;8.665;2028;2041;2012;50.01;50.01;50.01;10742;1000;0.0;0;0.0000;0;0;18055;18055;18055
60;2014-06-01 14:17:00;909402N262;6134;18.158;45;234;234;234;233;8.771;50.01;539.5;4.503;650.3;2.641;782.7;2.658;60;0;0;8.726;8.840;8.748;2036;2064;2032;50.01;50.01;50.01;10742;1000;0.0;0;0.0000;0;0;18158;18158;18158
60;2014-06-01 14:18:00;909402N262;6274;18.263;45;234;235;234;233;8.958;50.01;541.1;4.593;651.7;2.695;787.4;2.704;60;0;0;8.930;9.030;8.914;2093;2109;2071;50.01;50.01;50.01;10742;1000;0.0;0;0.0000;0;0;18263;18263;18263
60;2014-06-01 14:19:00;909402N262;6482;18.370;45;234;234;234;233;9.245;50.01;542.0;4.725;653.1;2.773;793.7;2.785;60;0;0;9.216;9.299;9.220;2156;2177;2146;50.01;50.01;50.01;10742;1000;0.0;0;0.0000;0;0;18370;18370;18370
60;2014-06-01 14:20:00;909402N262;6180;18.474;45;234;234;234;233;8.821;50.01;542.4;4.519;652.5;2.663;792.3;2.628;60;0;0;8.781;8.890;8.792;2055;2079;2045;50.01;50.01;50.01;10742;1000;0.0;0;0.0000;0;0;18474;18474;18474
60;2014-06-01 14:21:00;909402N262;5709;18.569;45;234;234;234;233;8.160;50.01;543.0;4.183;651.1;2.469;786.0;2.433;60;0;0;8.113;8.235;8.133;1895;1922;1889;50.01;50.01;50.01;10742;1000;0.0;0;0.0000;0;0;18569;18569;18569
60;2014-06-01 14:22:00;909402N262;5632;18.663;45;234;235;234;232;8.061;50.02;543.7;4.119;651.6;2.436;785.4;2.402;60;0;0;8.032;8.149;8.004;1879;1902;1848;50.02;50.02;50.02;10742;1000;0.0;0;0.0000;0;0;18663;18663;18663
60;2014-06-01 14:23:00;909402N262;5839;18.761;45;233;235;234;231;8.352;50.01;544.5;4.259;652.9;2.516;790.3;2.484;60;0;0;8.331;8.445;8.280;1952;1975;1909;50.01;50.01;50.01;10742;1000;0.0;0;0.0000;0;0;18761;18761;18761
60;2014-06-01 14:24:00;909402N262;6261;18.864;45;234;234;235;233;8.932;50.01;544.2;4.570;654.5;2.689;793.7;2.658;60;0;0;8.882;9.006;8.908;2076;2111;2073;50.01;50.01;50.01;10742;1000;0.0;0;0.0000;0;0;18864;18864;18864
60;2014-06-01 14:25:00;909402N262;6126;18.966;45;234;235;234;233;8.733;50.02;544.0;4.467;654.0;2.642;790.7;2.601;60;0;0;8.692;8.788;8.719;2035;2056;2032;50.02;50.02;50.02;10742;1000;0.0;0;0.0000;0;0;18966;18966;18966
60;2014-06-01 14:26:00;909402N262;6156;19.068;45;234;234;234;234;8.776;50.02;544.1;4.485;654.7;2.640;793.1;2.622;60;0;0;8.731;8.813;8.785;2038;2063;2053;50.02;50.02;50.02;10742;1000;0.0;0;0.0000;0;0;19068;19068;19068
60;2014-06-01 14:27:00;909402N262;6333;19.175;45;234;234;235;234;9.021;50.03;544.4;4.614;655.2;2.707;793.7;2.698;60;0;0;8.973;9.063;9.029;2095;2123;2113;50.03;50.03;50.03;10742;1000;0.0;0;0.0000;0;0;19175;19175;19175
60;2014-06-01 14:28:00;909402N262;6491;19.283;45;234;234;235;235;9.235;50.02;544.1;4.729;655.6;2.768;793.9;2.774;60;0;0;9.161;9.269;9.275;2141;2172;2176;50.02;50.02;50.02;10742;1000;0.0;0;0.0000;0;0;19283;19283;19283
60;2014-06-01 14:29:00;909402N262;6721;19.394;45;235;235;235;235;9.544;50.04;543.8;4.901;656.6;2.857;794.2;2.875;60;0;0;9.493;9.573;9.568;2229;2245;2245;50.04;50.04;50.04;10742;1000;0.0;0;0.0000;0;0;19394;19394;19394
60;2014-06-01 14:30:00;909402N262;8718;19.540;45;235;235;235;235;12.339;50.02;543.0;6.234;660.5;3.638;794.6;3.881;60;0;0;12.303;12.345;12.370;2897;2909;2909;50.02;50.02;50.02;10742;1000;0.0;0;0.0000;0;0;19540;19540;19540
60;2014-06-01 14:31:00;909402N262;9113;19.692;45;235;235;235;235;12.910;50.01;534.9;6.510;647.7;3.892;789.6;4.146;60;0;0;12.867;12.936;12.929;3030;3041;3041;50.01;50.01;50.01;10742;1000;0.0;0;0.0000;0;0;19692;19692;19692
60;2014-06-01 14:32:00;909402N262;7753;19.822;46;235;235;234;235;11.012;50.02;537.4;5.657;654.8;3.326;784.1;3.386;60;0;0;10.973;11.041;11.023;2577;2585;2588;50.02;50.02;50.02;10742;1000;0.0;0;0.0000;0;0;19822;19822;19822
60;2014-06-01 14:33:00;909402N262;8120;19.957;46;234;234;234;235;11.540;50.01;536.5;5.863;654.8;3.413;788.4;3.640;60;0;0;11.499;11.571;11.552;2695;2712;2711;50.01;50.01;50.01;10742;1000;0.0;0;0.0000;0;0;19957;19957;19957
60;2014-06-01 14:34:00;909402N262;8001;20.089;46;234;234;233;234;11.400;50.01;536.3;5.822;653.2;3.401;783.8;3.552;60;0;0;11.363;11.413;11.425;2661;2660;2678;50.01;50.01;50.01;10742;1000;0.0;0;0.0000;0;0;20089;20089;20089
60;2014-06-01 14:35:00;909402N262;7471;20.215;46;234;234;233;234;10.651;50.02;536.5;5.463;651.8;3.179;781.7;3.306;60;0;0;10.621;10.655;10.677;2486;2483;2500;50.02;50.02;50.02;10742;1000;0.0;0;0.0000;0;0;20215;20215;20215
60;2014-06-01 14:36:00;909402N262;7060;20.332;46;234;234;234;234;10.069;50.03;536.3;5.195;650.5;3.043;780.1;3.076;60;0;0;10.030;10.098;10.081;2346;2356;2357;50.03;50.03;50.03;10742;1000;0.0;0;0.0000;0;0;20332;20332;20332
60;2014-06-01 14:37:00;909402N262;6577;20.442;46;234;234;234;234;9.388;50.03;537.2;4.854;649.0;2.847;779.5;2.847;60;0;0;9.343;9.413;9.409;2182;2196;2198;50.03;50.03;50.03;10742;1000;0.0;0;0.0000;0;0;20442;20442;20442
60;2014-06-01 14:38:00;909402N262;6505;20.550;46;234;234;234;234;9.289;50.02;537.9;4.805;649.8;2.810;780.2;2.808;60;0;0;9.239;9.316;9.314;2155;2173;2176;50.02;50.02;50.02;10742;1000;0.0;0;0.0000;0;0;20550;20550;20550
60;2014-06-01 14:39:00;909402N262;6676;20.662;46;234;234;234;234;9.532;49.99;538.8;4.940;651.3;2.868;781.2;2.875;60;0;0;9.492;9.551;9.553;2216;2227;2231;49.99;49.99;49.99;10742;1000;0.0;0;0.0000;0;0;20662;20662;20662
60;2014-06-01 14:40:00;909402N262;6693;20.773;46;234;234;234;234;9.554;49.99;539.1;4.962;651.6;2.894;781.4;2.857;60;0;0;9.514;9.569;9.579;2222;2232;2239;49.99;49.99;49.99;10742;1000;0.0;0;0.0000;0;0;20773;20773;20773
60;2014-06-01 14:41:00;909402N262;6593;20.884;46;234;234;233;234;9.414;50.00;539.3;4.866;651.3;2.844;782.3;2.831;60;0;0;9.364;9.429;9.449;2186;2194;2211;50.00;50.00;50.00;10742;1000;0.0;0;0.0000;0;0;20884;20884;20884
60;2014-06-01 14:42:00;909402N262;6999;21.002;46;234;234;234;235;9.971;50.01;539.7;5.142;652.9;2.994;784.2;3.031;60;0;0;9.919;9.994;10.002;2320;2335;2343;50.01;50.01;50.01;10742;1000;0.0;0;0.0000;0;0;21002;21002;21002
60;2014-06-01 14:43:00;909402N262;7132;21.120;46;234;234;234;235;10.159;50.03;539.4;5.231;653.3;3.079;783.7;3.070;60;0;0;10.100;10.194;10.183;2362;2382;2386;50.03;50.03;50.03;10742;1000;0.0;0;0.0000;0;0;21120;21120;21120
60;2014-06-01 14:44:00;909402N262;6677;21.232;47;234;234;234;235;9.517;50.03;539.3;4.921;652.1;2.873;781.7;2.876;60;0;0;9.466;9.544;9.542;2211;2228;2234;50.03;50.03;50.03;10742;1000;0.0;0;0.0000;0;0;21232;21232;21232
60;2014-06-01 14:45:00;909402N262;6474;21.340;47;234;234;234;235;9.221;50.03;539.4;4.775;651.5;2.785;781.5;2.786;60;0;0;9.176;9.255;9.234;2146;2164;2162;50.03;50.03;50.03;10742;1000;0.0;0;0.0000;0;0;21340;21340;21340
60;2014-06-01 14:46:00;909402N262;6299;21.445;47;234;234;234;234;8.981;50.02;534.9;4.697;634.4;2.755;781.3;2.741;60;0;0;8.940;9.003;9.000;2086;2108;2103;50.02;50.02;50.02;10742;1000;0.0;0;0.0000;0;0;21445;21445;21445
60;2014-06-01 14:47:00;909402N262;6353;21.551;47;234;234;234;234;9.066;50.03;539.3;4.695;650.5;2.730;781.6;2.737;60;0;0;9.026;9.098;9.076;2107;2123;2121;50.03;50.03;50.03;10742;1000;0.0;0;0.0000;0;0;21551;21551;21551
60;2014-06-01 14:48:00;909402N262;6453;21.659;47;234;234;234;234;9.214;50.02;538.4;4.782;651.0;2.765;781.4;2.786;60;0;0;9.164;9.249;9.231;2137;2159;2156;50.02;50.02;50.02;10742;1000;0.0;0;0.0000;0;0;21659;21659;21659
60;2014-06-01 14:49:00;909402N262;6976;21.775;47;234;234;233;234;9.961;50.01;538.7;5.189;651.6;3.026;781.9;2.962;60;0;0;9.910;9.978;9.996;2313;2322;2339;50.01;50.01;50.01;10742;1000;0.0;0;0.0000;0;0;21775;21775;21775
60;2014-06-01 14:50:00;909402N262;6399;21.881;47;234;234;233;234;9.147;50.01;538.2;4.744;650.1;2.743;781.1;2.762;60;0;0;9.094;9.166;9.181;2119;2133;2146;50.01;50.01;50.01;10742;1000;0.0;0;0.0000;0;0;21881;21881;21881
60;2014-06-01 14:51:00;909402N262;6607;21.992;47;234;234;234;234;9.430;50.02;537.7;4.920;650.7;2.820;781.3;2.851;60;0;0;9.374;9.450;9.468;2187;2203;2216;50.02;50.02;50.02;10742;1000;0.0;0;0.0000;0;0;21992;21992;21992
60;2014-06-01 14:52:00;909402N262;6476;22.100;47;234;234;233;234;9.242;50.03;537.6;4.805;650.3;2.763;781.1;2.806;60;0;0;9.188;9.260;9.280;2146;2156;2172;50.03;50.03;50.03;10742;1000;0.0;0;0.0000;0;0;22100;22100;22100
60;2014-06-01 14:53:00;909402N262;6480;22.207;47;234;234;234;234;9.245;50.03;538.1;4.807;650.1;2.761;781.0;2.810;60;0;0;9.189;9.270;9.278;2144;2163;2171;50.03;50.03;50.03;10742;1000;0.0;0;0.0000;0;0;22207;22207;22207
60;2014-06-01 14:54:00;909402N262;7644;22.335;47;234;234;234;235;10.877;50.02;540.3;5.626;652.0;3.264;784.7;3.306;60;0;0;10.827;10.901;10.905;2533;2551;2557;50.02;50.02;50.02;10742;1000;0.0;0;0.0000;0;0;22335;22335;22335
60;2014-06-01 14:55:00;909402N262;6187;22.438;47;234;234;234;234;8.828;50.03;537.4;4.606;648.2;2.668;780.2;2.654;60;0;0;8.758;8.868;8.858;2040;2073;2072;50.03;50.03;50.03;10742;1000;0.0;0;0.0000;0;0;22438;22438;22438
60;2014-06-01 14:56:00;909402N262;5811;22.535;47;234;234;235;235;8.289;50.04;537.8;4.345;646.9;2.505;779.5;2.483;60;0;0;8.206;8.334;8.328;1910;1950;1949;50.04;50.03;50.03;10742;1000;0.0;0;0.0000;0;0;22535;22535;22535
60;2014-06-01 14:57:00;909402N262;5533;22.627;47;234;234;235;235;7.901;50.02;538.8;4.142;646.9;2.381;779.4;2.356;60;0;0;7.835;7.952;7.916;1824;1857;1850;50.02;50.02;50.02;10742;1000;0.0;0;0.0000;0;0;22627;22627;22627
60;2014-06-01 14:58:00;909402N262;5302;22.715;47;234;233;234;234;7.581;50.00;539.1;3.973;646.9;2.281;779.6;2.252;60;0;0;7.513;7.624;7.608;1747;1777;1776;50.00;50.00;50.00;10742;1000;0.0;0;0.0000;0;0;22715;22715;22715
60;2014-06-01 14:59:00;909402N262;5096;22.801;47;234;234;234;235;7.285;49.98;539.8;3.819;647.3;2.193;779.8;2.158;60;0;0;7.206;7.331;7.319;1675;1709;1710;49.98;49.98;49.98;10742;1000;0.0;0;0.0000;0;0;22801;22801;22801
60;2014-06-01 15:00:00;909402N262;4905;22.882;47;234;234;235;235;7.010;49.97;540.6;3.671;646.5;2.117;780.1;2.071;60;0;0;6.937;7.049;7.045;1614;1644;1646;49.97;49.97;49.97;10742;1000;0.0;0;0.0000;0;0;22882;22882;22882
[wr_ende]
