20140221;130003;danfoss;My Plant;+0100
[wr_def_start]
909402N262;Inverter Type;Inverter Group;Hanzl
[wr_def_end]
[wr]
INTERVAL;TIMESTAMP;SERIAL;P_AC;E_DAY;T_WR;U_AC;U_AC_1;U_AC_2;U_AC_3;I_AC;F_AC;U_DC_1;I_DC_1;U_DC_2;I_DC_2;U_DC_3;I_DC_3;S;E_WR;M_WR;I_AC_1;I_AC_2;I_AC_3;P_AC_1;P_AC_2;P_AC_3;F_AC_1;F_AC_2;F_AC_3;R_DC;PC;PCS;PCS_LL;COS_PHI;COS_PHI_LL;S_COS_PHI;Current_Day_Energy;current_Day_Offset;ccEnergyOfDay_WithoutOffset
60;2014-02-21 12:01:00;909402N262;2329;4.493;33;232;232;233;233;3.376;49.96;582.5;1.585;662.3;1.007;792.5;0.964;60;0;0;3.300;3.421;3.407;755;789;783;49.96;49.96;49.96;8847;1000;0.0;0;0.0000;0;0;4493;4493;4493
60;2014-02-21 12:02:00;909402N262;2491;4.534;33;233;232;233;233;3.602;49.95;589.8;1.686;676.3;1.056;794.8;1.015;60;0;0;3.536;3.639;3.631;813;840;836;49.95;49.95;49.95;8847;1000;0.0;0;0.0000;0;0;4534;4534;4534
60;2014-02-21 12:03:00;909402N262;2719;4.579;33;233;233;233;233;3.927;49.95;592.3;1.845;678.5;1.139;794.7;1.109;60;0;0;3.860;3.961;3.961;890;914;914;49.95;49.95;49.95;8847;1000;0.0;0;0.0000;0;0;4579;4579;4579
60;2014-02-21 12:04:00;909402N262;2895;4.628;33;232;232;232;233;4.186;49.96;593.3;1.963;679.9;1.203;794.9;1.184;60;0;0;4.117;4.224;4.217;948;972;973;49.96;49.96;49.96;8847;1000;0.0;0;0.0000;0;0;4628;4628;4628
60;2014-02-21 12:05:00;909402N262;2921;4.677;33;232;232;232;233;4.222;49.96;594.3;1.962;679.7;1.222;795.1;1.199;60;0;0;4.160;4.252;4.254;957;978;983;49.96;49.96;49.96;8847;1000;0.0;0;0.0000;0;0;4677;4677;4677
60;2014-02-21 12:06:00;909402N262;2876;4.725;33;233;232;233;233;4.154;49.97;595.3;1.921;678.3;1.214;794.8;1.179;60;0;0;4.099;4.176;4.187;945;962;968;49.97;49.97;49.97;8847;1000;0.0;0;0.0000;0;0;4725;4725;4725
60;2014-02-21 12:07:00;909402N262;2883;4.772;33;233;233;232;233;4.163;49.98;594.8;1.924;678.3;1.218;794.9;1.182;60;0;0;4.101;4.192;4.196;946;965;970;49.98;49.98;49.98;8847;1000;0.0;0;0.0000;0;0;4772;4772;4772
60;2014-02-21 12:08:00;909402N262;2719;4.817;33;233;232;233;233;3.933;49.98;594.2;1.803;677.0;1.158;794.4;1.118;60;0;0;3.861;3.967;3.973;888;913;916;49.98;49.98;49.98;8847;1000;0.0;0;0.0000;0;0;4817;4817;4817
60;2014-02-21 12:09:00;909402N262;2521;4.859;33;233;232;233;233;3.648;49.99;593.1;1.673;675.3;1.083;794.3;1.033;60;0;0;3.588;3.688;3.669;824;851;844;49.99;49.99;49.99;8847;1000;0.0;0;0.0000;0;0;4859;4859;4859
60;2014-02-21 12:10:00;909402N262;2444;4.900;33;233;232;233;233;3.538;49.98;592.3;1.632;674.1;1.047;794.0;1.001;60;0;0;3.482;3.574;3.559;799;824;818;49.98;49.98;49.98;8847;1000;0.0;0;0.0000;0;0;4900;4900;4900
60;2014-02-21 12:11:00;909402N262;2414;4.942;33;233;232;233;233;3.494;49.99;592.1;1.620;673.9;1.029;794.0;0.986;60;0;0;3.446;3.515;3.523;791;809;811;49.99;49.99;49.99;8847;1000;0.0;0;0.0000;0;0;4942;4942;4942
60;2014-02-21 12:12:00;909402N262;2500;4.983;33;233;232;233;233;3.614;50.01;591.7;1.693;673.9;1.057;794.3;1.019;60;0;0;3.557;3.646;3.641;817;842;839;50.01;50.01;50.01;8847;1000;0.0;0;0.0000;0;0;4983;4983;4983
60;2014-02-21 12:13:00;909402N262;2678;5.028;33;233;232;233;233;3.866;50.00;591.2;1.828;675.3;1.121;794.5;1.091;60;0;0;3.801;3.907;3.891;876;902;898;50.00;50.00;50.00;8847;1000;0.0;0;0.0000;0;0;5028;5028;5028
60;2014-02-21 12:14:00;909402N262;2908;5.076;33;233;233;233;233;4.193;50.00;590.0;2.001;677.0;1.201;795.0;1.188;60;0;0;4.123;4.237;4.220;951;979;977;50.00;50.00;50.00;8847;1000;0.0;0;0.0000;0;0;5076;5076;5076
60;2014-02-21 12:15:00;909402N262;3156;5.129;33;234;233;234;234;4.539;50.01;589.9;2.179;678.7;1.303;795.0;1.285;60;0;0;4.481;4.573;4.564;1037;1059;1058;50.01;50.01;50.01;8847;1000;0.0;0;0.0000;0;0;5129;5129;5129
60;2014-02-21 12:16:00;909402N262;3290;5.183;33;234;233;234;234;4.730;50.00;580.2;2.286;672.4;1.376;793.6;1.362;60;0;0;4.673;4.767;4.752;1083;1104;1102;50.00;50.00;50.00;8847;1000;0.0;0;0.0000;0;0;5183;5183;5183
60;2014-02-21 12:17:00;909402N262;3382;5.240;33;234;234;234;234;4.874;50.00;590.3;2.306;680.6;1.400;794.8;1.389;60;0;0;4.825;4.898;4.899;1116;1130;1134;50.00;50.00;50.00;8847;1000;0.0;0;0.0000;0;0;5240;5240;5240
60;2014-02-21 12:18:00;909402N262;3069;5.291;33;234;234;233;234;4.431;50.00;591.9;2.056;677.6;1.294;794.5;1.267;60;0;0;4.372;4.455;4.468;1011;1024;1032;50.00;50.00;50.00;8847;1000;0.0;0;0.0000;0;0;5291;5291;5291
60;2014-02-21 12:19:00;909402N262;3151;5.344;33;234;234;233;234;4.551;50.01;589.8;2.144;677.5;1.320;794.6;1.291;60;0;0;4.499;4.568;4.586;1040;1049;1060;50.01;50.01;50.01;8847;1000;0.0;0;0.0000;0;0;5344;5344;5344
60;2014-02-21 12:20:00;909402N262;2899;5.392;33;234;234;233;234;4.194;50.01;589.3;1.952;676.3;1.226;794.1;1.193;60;0;0;4.141;4.216;4.227;955;967;975;50.01;50.01;50.01;8847;1000;0.0;0;0.0000;0;0;5392;5392;5392
60;2014-02-21 12:21:00;909402N262;2550;5.434;33;234;234;233;234;3.695;50.02;589.5;1.707;673.6;1.090;794.9;1.048;60;0;0;3.640;3.726;3.721;837;855;856;50.02;50.02;50.02;8847;1000;0.0;0;0.0000;0;0;5434;5434;5434
60;2014-02-21 12:22:00;909402N262;2460;5.475;33;234;234;234;234;3.561;50.03;588.6;1.665;671.8;1.046;795.1;1.006;60;0;0;3.509;3.592;3.584;808;826;824;50.03;50.03;50.03;8847;1000;0.0;0;0.0000;0;0;5475;5475;5475
60;2014-02-21 12:23:00;909402N262;2430;5.517;33;234;234;234;234;3.519;50.04;587.3;1.657;671.4;1.032;795.1;0.989;60;0;0;3.467;3.547;3.543;797;817;814;50.04;50.04;50.04;8847;1000;0.0;0;0.0000;0;0;5517;5517;5517
60;2014-02-21 12:24:00;909402N262;2465;5.556;33;234;234;234;234;3.571;50.03;584.9;1.697;672.0;1.042;795.2;0.999;60;0;0;3.521;3.606;3.586;810;830;824;50.03;50.03;50.03;8847;1000;0.0;0;0.0000;0;0;5556;5556;5556
60;2014-02-21 12:25:00;909402N262;2625;5.601;33;234;234;235;233;3.795;50.03;580.7;1.832;673.6;1.101;794.8;1.062;60;0;0;3.732;3.842;3.812;860;887;875;50.03;50.03;50.03;8847;1000;0.0;0;0.0000;0;0;5601;5601;5601
60;2014-02-21 12:26:00;909402N262;2767;5.647;34;234;234;235;233;3.995;50.03;579.1;1.936;674.4;1.156;794.4;1.125;60;0;0;3.952;4.036;3.999;912;933;920;50.03;50.03;50.03;8847;1000;0.0;0;0.0000;0;0;5647;5647;5647
60;2014-02-21 12:27:00;909402N262;2917;5.696;34;234;234;235;234;4.205;50.02;580.8;2.035;674.8;1.219;794.7;1.185;60;0;0;4.144;4.257;4.215;956;988;971;50.02;50.02;50.02;8847;1000;0.0;0;0.0000;0;0;5696;5696;5696
60;2014-02-21 12:28:00;909402N262;3200;5.748;34;234;234;235;234;4.610;50.02;582.3;2.241;676.4;1.322;794.8;1.303;60;0;0;4.546;4.667;4.618;1050;1083;1066;50.02;50.02;50.02;8847;1000;0.0;0;0.0000;0;0;5748;5748;5748
60;2014-02-21 12:29:00;909402N262;3452;5.807;34;234;234;235;234;4.965;50.02;581.3;2.428;678.7;1.425;794.9;1.401;60;0;0;4.916;5.001;4.978;1138;1162;1150;50.02;50.02;50.02;8847;1000;0.0;0;0.0000;0;0;5807;5807;5807
60;2014-02-21 12:30:00;909402N262;3522;5.864;34;235;234;235;234;5.065;50.03;582.8;2.448;679.3;1.446;794.7;1.450;60;0;0;5.008;5.103;5.084;1160;1184;1176;50.03;50.03;50.03;8847;1000;0.0;0;0.0000;0;0;5864;5864;5864
60;2014-02-21 12:31:00;909402N262;3156;5.918;34;234;234;235;234;4.556;50.00;583.9;2.180;658.4;1.337;787.2;1.325;60;0;0;4.501;4.601;4.566;1040;1070;1051;50.00;50.00;50.00;8847;1000;0.0;0;0.0000;0;0;5918;5918;5918
60;2014-02-21 12:32:00;909402N262;3073;5.970;34;234;234;235;234;4.435;50.00;593.1;2.041;675.2;1.298;794.6;1.279;60;0;0;4.381;4.479;4.447;1011;1035;1026;50.00;50.00;50.00;8847;1000;0.0;0;0.0000;0;0;5970;5970;5970
60;2014-02-21 12:33:00;909402N262;2468;6.010;34;234;234;234;234;3.572;49.99;588.8;1.633;669.7;1.064;795.3;1.023;60;0;0;3.521;3.611;3.584;810;831;824;49.99;49.99;49.99;8847;1000;0.0;0;0.0000;0;0;6010;6010;6010
60;2014-02-21 12:34:00;909402N262;2203;6.047;34;234;234;235;234;3.194;49.99;582.9;1.488;667.1;0.952;795.1;0.903;60;0;0;3.134;3.237;3.212;720;744;737;49.99;49.99;49.99;8847;1000;0.0;0;0.0000;0;0;6047;6047;6047
60;2014-02-21 12:35:00;909402N262;2178;6.083;34;234;234;235;234;3.157;50.00;578.8;1.499;667.0;0.933;794.8;0.888;60;0;0;3.104;3.192;3.177;712;735;729;50.00;50.00;50.00;8847;1000;0.0;0;0.0000;0;0;6083;6083;6083
60;2014-02-21 12:36:00;909402N262;2291;6.122;34;234;234;234;234;3.315;50.00;576.6;1.605;669.4;0.968;795.2;0.928;60;0;0;3.267;3.346;3.334;752;770;767;50.00;50.00;50.00;8847;1000;0.0;0;0.0000;0;0;6122;6122;6122
60;2014-02-21 12:37:00;909402N262;2346;6.161;34;234;235;235;234;3.392;50.01;578.1;1.643;669.5;0.988;795.3;0.948;60;0;0;3.346;3.436;3.396;771;792;781;50.01;50.01;50.01;8847;1000;0.0;0;0.0000;0;0;6161;6161;6161
60;2014-02-21 12:38:00;909402N262;2452;6.202;34;234;235;234;235;3.541;50.00;582.8;1.710;669.9;1.030;795.4;0.991;60;0;0;3.509;3.554;3.561;811;815;823;50.00;50.00;50.00;8847;1000;0.0;0;0.0000;0;0;6202;6202;6202
60;2014-02-21 12:39:00;909402N262;2561;6.244;34;232;232;231;233;3.734;49.99;590.1;1.765;670.0;1.075;795.3;1.034;60;0;0;3.699;3.741;3.763;846;851;862;49.99;49.99;49.99;8847;1000;0.0;0;0.0000;0;0;6244;6244;6244
60;2014-02-21 12:40:00;909402N262;2901;6.292;34;232;232;231;232;4.223;49.99;593.5;1.991;672.6;1.209;794.9;1.177;60;0;0;4.182;4.244;4.244;960;969;970;49.99;49.99;49.99;8847;1000;0.0;0;0.0000;0;0;6292;6292;6292
60;2014-02-21 12:41:00;909402N262;3014;6.343;34;232;233;231;232;4.388;50.00;591.5;2.065;672.6;1.256;794.8;1.231;60;0;0;4.349;4.411;4.406;998;1007;1007;50.00;50.00;50.00;8847;1000;0.0;0;0.0000;0;0;6343;6343;6343
60;2014-02-21 12:42:00;909402N262;3114;6.394;34;232;233;232;232;4.528;50.00;570.8;2.222;672.5;1.297;795.1;1.267;60;0;0;4.489;4.555;4.542;1031;1041;1039;50.00;50.00;50.00;8847;1000;0.0;0;0.0000;0;0;6394;6394;6394
60;2014-02-21 12:43:00;909402N262;3565;6.454;34;232;233;232;232;5.173;49.99;593.1;2.465;674.8;1.473;795.3;1.449;60;0;0;5.148;5.199;5.172;1185;1192;1187;49.99;49.99;49.99;8847;1000;0.0;0;0.0000;0;0;6454;6454;6454
60;2014-02-21 12:44:00;909402N262;4140;6.523;34;232;233;232;232;5.990;50.01;591.5;2.897;678.2;1.687;794.9;1.684;60;0;0;5.964;6.005;6.002;1377;1381;1381;50.01;50.01;50.01;8847;1000;0.0;0;0.0000;0;0;6523;6523;6523
60;2014-02-21 12:45:00;909402N262;4720;6.601;34;232;233;232;232;6.820;50.00;586.5;3.298;680.9;1.890;794.1;1.966;60;0;0;6.798;6.847;6.816;1571;1575;1572;50.00;50.00;50.00;8847;1000;0.0;0;0.0000;0;0;6601;6601;6601
60;2014-02-21 12:46:00;909402N262;4329;6.675;34;232;232;232;232;6.268;50.01;577.6;3.095;662.6;1.802;788.2;1.786;60;0;0;6.226;6.295;6.284;1435;1445;1447;50.01;50.01;50.01;8847;1000;0.0;0;0.0000;0;0;6675;6675;6675
60;2014-02-21 12:47:00;909402N262;4370;6.747;34;232;232;232;232;6.323;50.01;578.9;3.098;678.6;1.763;794.0;1.809;60;0;0;6.266;6.365;6.339;1443;1464;1461;50.01;50.01;50.01;8847;1000;0.0;0;0.0000;0;0;6747;6747;6747
60;2014-02-21 12:48:00;909402N262;3635;6.807;34;232;232;232;233;5.281;50.01;582.2;2.508;674.2;1.466;793.9;1.546;60;0;0;5.229;5.316;5.299;1200;1215;1218;50.01;50.01;50.01;8847;1000;0.0;0;0.0000;0;0;6807;6807;6807
60;2014-02-21 12:49:00;909402N262;2903;6.857;34;232;232;232;233;4.218;50.01;581.1;1.984;670.4;1.223;794.8;1.205;60;0;0;4.162;4.248;4.246;953;972;976;50.01;50.01;50.01;8847;1000;0.0;0;0.0000;0;0;6857;6857;6857
60;2014-02-21 12:50:00;909402N262;2645;6.901;34;232;232;232;233;3.848;50.01;576.9;1.823;668.4;1.123;795.2;1.090;60;0;0;3.789;3.872;3.883;867;886;891;50.01;50.01;50.01;8847;1000;0.0;0;0.0000;0;0;6901;6901;6901
60;2014-02-21 12:51:00;909402N262;2448;6.941;34;232;232;232;233;3.566;50.02;575.5;1.687;667.1;1.045;795.2;1.006;60;0;0;3.510;3.590;3.598;802;818;825;50.02;50.02;50.02;8847;1000;0.0;0;0.0000;0;0;6941;6941;6941
60;2014-02-21 12:52:00;909402N262;2395;6.981;35;233;233;232;233;3.486;50.04;572.8;1.662;666.7;1.023;795.4;0.983;60;0;0;3.435;3.513;3.512;787;802;804;50.04;50.04;50.04;8847;1000;0.0;0;0.0000;0;0;6981;6981;6981
60;2014-02-21 12:53:00;909402N262;2189;7.018;35;232;232;233;232;3.200;50.03;570.4;1.506;663.9;0.944;794.8;0.906;60;0;0;3.145;3.241;3.215;717;738;732;50.03;50.03;50.03;8847;1000;0.0;0;0.0000;0;0;7018;7018;7018
60;2014-02-21 12:54:00;909402N262;1957;7.051;35;232;232;233;232;2.875;50.03;568.6;1.344;661.9;0.850;795.1;0.812;60;0;0;2.833;2.921;2.872;641;664;650;50.03;50.03;50.03;8847;1000;0.0;0;0.0000;0;0;7051;7051;7051
60;2014-02-21 12:55:00;909402N262;2066;7.085;35;232;232;233;232;3.027;50.03;571.5;1.399;664.4;0.897;794.9;0.864;60;0;0;2.971;3.067;3.044;674;699;691;50.03;50.03;50.03;8847;1000;0.0;0;0.0000;0;0;7085;7085;7085
60;2014-02-21 12:56:00;909402N262;1773;7.115;35;232;232;233;232;2.619;50.03;572.4;1.178;669.0;0.770;794.9;0.749;60;0;0;2.560;2.672;2.627;575;603;592;50.03;50.03;50.03;8847;1000;0.0;0;0.0000;0;0;7115;7115;7115
60;2014-02-21 12:57:00;909402N262;1503;7.140;35;232;232;233;232;2.238;50.03;572.1;1.016;662.6;0.657;795.1;0.624;60;0;0;2.182;2.280;2.253;486;511;504;50.03;50.03;50.03;8847;1000;0.0;0;0.0000;0;0;7140;7140;7140
60;2014-02-21 12:58:00;909402N262;1662;7.167;35;232;232;231;232;2.466;50.01;574.7;1.125;662.5;0.732;795.0;0.685;60;0;0;2.418;2.499;2.481;543;560;558;50.01;50.01;50.01;8847;1000;0.0;0;0.0000;0;0;7167;7167;7167
60;2014-02-21 12:59:00;909402N262;1798;7.198;35;232;232;231;232;2.658;50.03;577.3;1.205;665.3;0.792;795.2;0.741;60;0;0;2.613;2.698;2.663;589;606;601;50.03;50.03;50.03;8847;1000;0.0;0;0.0000;0;0;7198;7198;7198
60;2014-02-21 13:00:00;909402N262;1716;7.226;35;232;232;231;232;2.542;50.01;580.0;1.143;662.6;0.760;795.0;0.708;60;0;0;2.497;2.578;2.552;562;578;575;50.01;50.01;50.01;8847;1000;0.0;0;0.0000;0;0;7226;7226;7226
[wr_ende]
