20140918;110004;danfoss;My Plant;+0100
[wr_def_start]
909402N262;Inverter Type;Inverter Group;Hanzl
[wr_def_end]
[wr]
INTERVAL;TIMESTAMP;SERIAL;P_AC;E_DAY;T_WR;U_AC;U_AC_1;U_AC_2;U_AC_3;I_AC;F_AC;U_DC_1;I_DC_1;U_DC_2;I_DC_2;U_DC_3;I_DC_3;S;E_WR;M_WR;I_AC_1;I_AC_2;I_AC_3;P_AC_1;P_AC_2;P_AC_3;F_AC_1;F_AC_2;F_AC_3;R_DC;PC;PCS;PCS_LL;COS_PHI;COS_PHI_LL;S_COS_PHI;Current_Day_Energy;current_Day_Offset;ccEnergyOfDay_WithoutOffset
60;2014-09-18 10:01:00;909402N262;2745;2.518;35;233;233;233;234;3.933;49.99;480.1;3.091;660.1;1.684;470.8;0.505;60;0;0;3.865;3.974;3.962;895;925;923;49.99;49.99;49.99;3574;1000;0.0;0;0.0000;0;0;2518;2518;2518
60;2014-09-18 10:02:00;909402N262;2829;2.565;36;233;233;234;234;4.048;49.99;486.1;3.155;668.2;1.691;251.9;0.867;60;0;0;3.977;4.089;4.080;922;951;953;49.99;49.99;49.99;3574;1000;0.0;0;0.0000;0;0;2565;2565;2565
60;2014-09-18 10:03:00;909402N262;2818;2.612;36;234;232;233;235;4.030;49.99;486.0;3.156;668.1;1.683;258.3;0.826;60;0;0;3.955;4.062;4.073;916;945;954;49.99;49.99;49.99;3574;1000;0.0;0;0.0000;0;0;2612;2612;2612
60;2014-09-18 10:04:00;909402N262;2895;2.661;36;234;232;234;235;4.138;50.00;485.8;3.266;668.1;1.739;264.1;0.763;60;0;0;4.056;4.170;4.189;940;971;982;50.00;50.00;50.00;3574;1000;0.0;0;0.0000;0;0;2661;2661;2661
60;2014-09-18 10:05:00;909402N262;2924;2.710;36;234;233;234;235;4.179;50.00;485.3;3.300;667.3;1.754;424.1;0.488;60;0;0;4.098;4.212;4.229;951;980;991;50.00;50.00;50.00;3574;1000;0.0;0;0.0000;0;0;2710;2710;2710
60;2014-09-18 10:06:00;909402N262;2749;2.756;36;234;233;234;235;3.927;50.00;484.3;3.106;665.2;1.633;452.7;0.456;60;0;0;3.846;3.962;3.973;892;924;931;50.00;50.00;50.00;3574;1000;0.0;0;0.0000;0;0;2756;2756;2756
60;2014-09-18 10:07:00;909402N262;2880;2.803;36;234;233;234;235;4.113;50.00;484.3;3.260;666.0;1.711;466.2;0.454;60;0;0;4.028;4.147;4.164;934;968;976;50.00;50.00;50.00;3574;1000;0.0;0;0.0000;0;0;2803;2803;2803
60;2014-09-18 10:08:00;909402N262;2923;2.851;36;234;233;234;235;4.174;50.00;483.8;3.319;665.4;1.738;486.6;0.435;60;0;0;4.092;4.204;4.227;950;980;992;50.00;50.00;50.00;3574;1000;0.0;0;0.0000;0;0;2851;2851;2851
60;2014-09-18 10:09:00;909402N262;2890;2.900;36;234;233;233;235;4.131;49.99;495.3;3.238;664.2;1.697;486.3;0.430;60;0;0;4.068;4.158;4.167;947;967;974;49.99;49.99;49.99;3574;1000;0.0;0;0.0000;0;0;2900;2900;2900
60;2014-09-18 10:10:00;909402N262;2995;2.949;36;233;233;233;234;4.289;49.99;496.2;3.364;663.6;1.760;490.2;0.427;60;0;0;4.230;4.327;4.312;984;1005;1004;49.99;49.99;49.99;3574;1000;0.0;0;0.0000;0;0;2949;2949;2949
60;2014-09-18 10:11:00;909402N262;3049;3.000;36;233;233;233;234;4.368;50.00;508.4;3.368;663.0;1.784;491.6;0.419;60;0;0;4.303;4.402;4.400;1000;1022;1026;50.00;50.00;50.00;3574;1000;0.0;0;0.0000;0;0;3000;3000;3000
60;2014-09-18 10:12:00;909402N262;3127;3.053;36;233;233;233;234;4.480;50.01;502.8;3.500;662.1;1.827;517.7;0.409;60;0;0;4.417;4.507;4.516;1027;1045;1054;50.01;50.01;50.01;3574;1000;0.0;0;0.0000;0;0;3053;3053;3053
60;2014-09-18 10:13:00;909402N262;3147;3.105;36;233;233;233;234;4.505;50.01;501.4;3.537;662.2;1.833;513.5;0.418;60;0;0;4.433;4.540;4.542;1030;1055;1061;50.01;50.01;50.01;3574;1000;0.0;0;0.0000;0;0;3105;3105;3105
60;2014-09-18 10:14:00;909402N262;3135;3.157;37;234;233;234;234;4.485;50.00;500.8;3.534;661.6;1.822;520.4;0.414;60;0;0;4.410;4.527;4.518;1025;1054;1055;50.00;50.00;50.00;3574;1000;0.0;0;0.0000;0;0;3157;3157;3157
60;2014-09-18 10:15:00;909402N262;3153;3.210;37;234;233;234;235;4.505;50.01;499.8;3.557;660.8;1.826;520.6;0.425;60;0;0;4.427;4.541;4.549;1028;1058;1064;50.01;50.01;50.01;3574;1000;0.0;0;0.0000;0;0;3210;3210;3210
60;2014-09-18 10:16:00;909402N262;3190;3.263;37;233;232;233;235;4.560;50.00;495.3;3.616;646.7;1.877;500.2;0.603;60;0;0;4.481;4.595;4.606;1038;1072;1078;50.00;50.00;50.00;3574;1000;0.0;0;0.0000;0;0;3263;3263;3263
60;2014-09-18 10:17:00;909402N262;3459;3.322;37;234;233;233;234;4.944;50.01;506.0;3.648;659.2;1.871;251.5;1.792;60;0;0;4.868;4.980;4.984;1131;1160;1167;50.01;50.01;50.01;3574;1000;0.0;0;0.0000;0;0;3322;3322;3322
60;2014-09-18 10:18:00;909402N262;3529;3.380;37;233;233;233;234;5.045;49.99;507.2;3.699;658.4;1.882;258.0;1.882;60;0;0;4.976;5.085;5.075;1156;1184;1187;49.99;49.99;49.99;3574;1000;0.0;0;0.0000;0;0;3380;3380;3380
60;2014-09-18 10:19:00;909402N262;3592;3.440;37;234;233;234;234;5.125;49.99;505.9;3.736;657.7;1.894;281.4;1.873;60;0;0;5.055;5.166;5.156;1177;1206;1207;49.99;49.99;49.99;3574;1000;0.0;0;0.0000;0;0;3440;3440;3440
60;2014-09-18 10:20:00;909402N262;3630;3.500;37;234;233;234;234;5.181;49.99;504.4;3.753;656.8;1.897;297.8;1.890;60;0;0;5.107;5.226;5.211;1188;1221;1219;49.99;49.99;49.99;3574;1000;0.0;0;0.0000;0;0;3500;3500;3500
60;2014-09-18 10:21:00;909402N262;3680;3.561;37;234;233;234;234;5.249;49.99;503.7;3.783;656.5;1.904;313.2;1.904;60;0;0;5.179;5.293;5.277;1206;1237;1235;49.99;49.99;49.99;3574;1000;0.0;0;0.0000;0;0;3561;3561;3561
60;2014-09-18 10:22:00;909402N262;3742;3.624;37;234;233;234;234;5.340;49.98;503.1;3.817;656.4;1.917;339.7;1.877;60;0;0;5.274;5.380;5.367;1227;1257;1256;49.98;49.98;49.98;3574;1000;0.0;0;0.0000;0;0;3624;3624;3624
60;2014-09-18 10:23:00;909402N262;3796;3.688;37;234;233;234;234;5.417;49.98;502.4;3.855;656.1;1.929;353.5;1.894;60;0;0;5.356;5.457;5.439;1248;1274;1272;49.98;49.98;49.98;3574;1000;0.0;0;0.0000;0;0;3688;3688;3688
60;2014-09-18 10:24:00;909402N262;3859;3.751;37;234;234;233;235;5.506;49.99;501.8;3.900;655.9;1.947;371.3;1.892;60;0;0;5.461;5.519;5.539;1274;1285;1298;49.99;49.99;49.99;3574;1000;0.0;0;0.0000;0;0;3751;3751;3751
60;2014-09-18 10:25:00;909402N262;3952;3.817;38;234;234;233;234;5.642;49.99;500.9;3.971;655.9;1.981;392.5;1.889;60;0;0;5.613;5.638;5.675;1312;1309;1329;49.99;49.99;49.99;3574;1000;0.0;0;0.0000;0;0;3817;3817;3817
60;2014-09-18 10:26:00;909402N262;3938;3.883;38;234;234;233;234;5.622;50.00;500.7;3.925;655.6;1.951;426.6;1.806;60;0;0;5.588;5.628;5.650;1306;1308;1322;50.00;50.00;50.00;3574;1000;0.0;0;0.0000;0;0;3883;3883;3883
60;2014-09-18 10:27:00;909402N262;4018;3.950;38;233;234;232;234;5.745;50.01;499.9;3.985;655.1;1.975;438.8;1.847;60;0;0;5.708;5.754;5.775;1332;1335;1350;50.01;50.01;50.01;3574;1000;0.0;0;0.0000;0;0;3950;3950;3950
60;2014-09-18 10:28:00;909402N262;4082;4.018;38;233;234;232;234;5.838;50.00;503.7;3.996;654.7;1.985;459.1;1.848;60;0;0;5.808;5.839;5.867;1356;1354;1371;50.00;50.00;50.00;3574;1000;0.0;0;0.0000;0;0;4018;4018;4018
60;2014-09-18 10:29:00;909402N262;4189;4.088;38;233;233;232;233;6.002;49.99;514.4;4.044;654.9;2.012;463.3;1.881;60;0;0;5.979;6.005;6.023;1393;1390;1405;49.99;49.99;49.99;3574;1000;0.0;0;0.0000;0;0;4088;4088;4088
60;2014-09-18 10:30:00;909402N262;4278;4.160;38;233;234;232;234;6.115;50.00;528.2;4.004;654.7;2.024;484.3;1.896;60;0;0;6.081;6.122;6.143;1420;1421;1436;50.00;50.00;50.00;3574;1000;0.0;0;0.0000;0;0;4160;4160;4160
60;2014-09-18 10:31:00;909402N262;4283;4.232;38;233;233;232;234;6.129;49.99;521.4;4.059;648.3;2.044;487.8;1.914;60;0;0;6.091;6.136;6.162;1419;1422;1440;49.99;49.99;49.99;3574;1000;0.0;0;0.0000;0;0;4232;4232;4232
60;2014-09-18 10:32:00;909402N262;4399;4.305;38;233;233;232;234;6.291;49.99;522.6;4.137;653.8;2.055;501.8;1.944;60;0;0;6.262;6.299;6.313;1461;1461;1475;49.99;49.99;49.99;3574;1000;0.0;0;0.0000;0;0;4305;4305;4305
60;2014-09-18 10:33:00;909402N262;4442;4.379;38;234;233;233;234;6.338;50.00;521.1;4.160;653.6;2.058;522.1;1.938;60;0;0;6.280;6.365;6.371;1465;1483;1493;50.00;50.00;50.00;3574;1000;0.0;0;0.0000;0;0;4379;4379;4379
60;2014-09-18 10:34:00;909402N262;4470;4.454;38;233;234;233;234;6.383;50.00;521.1;4.182;653.5;2.063;524.8;1.952;60;0;0;6.341;6.402;6.408;1480;1489;1498;50.00;50.00;50.00;3574;1000;0.0;0;0.0000;0;0;4454;4454;4454
60;2014-09-18 10:35:00;909402N262;4483;4.529;39;233;233;232;234;6.400;50.01;520.6;4.176;652.9;2.056;537.5;1.953;60;0;0;6.346;6.412;6.444;1481;1490;1510;50.01;50.01;50.01;3574;1000;0.0;0;0.0000;0;0;4529;4529;4529
60;2014-09-18 10:36:00;909402N262;4494;4.603;39;233;233;232;234;6.419;50.01;519.7;4.178;652.3;2.051;548.8;1.943;60;0;0;6.367;6.439;6.451;1486;1496;1510;50.01;50.01;50.01;3574;1000;0.0;0;0.0000;0;0;4603;4603;4603
60;2014-09-18 10:37:00;909402N262;4456;4.677;39;233;234;233;234;6.361;49.99;519.0;4.121;651.6;2.012;567.6;1.912;60;0;0;6.312;6.378;6.394;1474;1483;1498;49.99;49.99;49.99;3574;1000;0.0;0;0.0000;0;0;4677;4677;4677
60;2014-09-18 10:38:00;909402N262;4502;4.753;39;233;233;233;234;6.430;49.98;517.9;4.180;651.4;2.036;563.0;1.937;60;0;0;6.384;6.452;6.456;1490;1498;1511;49.98;49.98;49.98;3574;1000;0.0;0;0.0000;0;0;4753;4753;4753
60;2014-09-18 10:39:00;909402N262;4510;4.828;39;234;234;233;234;6.445;49.99;518.1;4.184;651.3;2.034;572.1;1.921;60;0;0;6.401;6.461;6.475;1493;1501;1514;49.99;49.99;49.99;3574;1000;0.0;0;0.0000;0;0;4828;4828;4828
60;2014-09-18 10:40:00;909402N262;4578;4.904;39;234;234;233;234;6.537;50.00;529.2;4.180;650.6;2.038;577.0;1.949;60;0;0;6.498;6.542;6.571;1520;1518;1537;50.00;50.00;50.00;3574;1000;0.0;0;0.0000;0;0;4904;4904;4904
60;2014-09-18 10:41:00;909402N262;4678;4.983;39;234;234;233;234;6.671;50.00;527.2;4.258;650.5;2.062;597.7;1.970;60;0;0;6.628;6.692;6.693;1552;1558;1566;50.00;50.00;50.00;3574;1000;0.0;0;0.0000;0;0;4983;4983;4983
60;2014-09-18 10:42:00;909402N262;4663;5.061;39;234;234;233;234;6.660;50.00;526.9;4.263;650.2;2.059;590.9;1.969;60;0;0;6.621;6.694;6.666;1548;1558;1555;50.00;50.00;50.00;3574;1000;0.0;0;0.0000;0;0;5061;5061;5061
60;2014-09-18 10:43:00;909402N262;4788;5.139;39;233;234;233;234;6.841;50.01;526.5;4.343;650.9;2.092;615.1;1.995;60;0;0;6.790;6.865;6.870;1584;1596;1606;50.01;50.01;50.01;3574;1000;0.0;0;0.0000;0;0;5139;5139;5139
60;2014-09-18 10:44:00;909402N262;4882;5.221;40;233;234;232;234;6.979;50.01;526.8;4.399;651.6;2.113;631.9;2.018;60;0;0;6.940;6.990;7.008;1621;1621;1638;50.01;50.01;50.01;3574;1000;0.0;0;0.0000;0;0;5221;5221;5221
60;2014-09-18 10:45:00;909402N262;4963;5.305;40;233;233;232;234;7.100;49.99;526.3;4.459;651.3;2.138;640.2;2.052;60;0;0;7.065;7.087;7.148;1646;1641;1674;49.99;49.99;49.99;3574;1000;0.0;0;0.0000;0;0;5305;5305;5305
60;2014-09-18 10:46:00;909402N262;4968;5.386;40;233;233;232;233;7.119;49.97;521.0;4.501;641.5;2.175;648.4;2.070;60;0;0;7.082;7.133;7.142;1649;1652;1665;49.97;49.97;49.97;3574;1000;0.0;0;0.0000;0;0;5386;5386;5386
60;2014-09-18 10:47:00;909402N262;5030;5.471;40;233;233;232;234;7.198;49.98;525.2;4.546;650.8;2.171;632.6;2.086;60;0;0;7.163;7.207;7.225;1670;1672;1687;49.98;49.98;49.98;3574;1000;0.0;0;0.0000;0;0;5471;5471;5471
60;2014-09-18 10:48:00;909402N262;5049;5.555;40;233;234;232;234;7.220;49.99;525.1;4.586;651.5;2.184;622.9;2.099;60;0;0;7.201;7.211;7.249;1681;1671;1694;49.99;49.99;49.99;3574;1000;0.0;0;0.0000;0;0;5555;5555;5555
60;2014-09-18 10:49:00;909402N262;5100;5.640;40;233;234;232;233;7.298;49.99;523.7;4.596;650.7;2.183;645.9;2.109;60;0;0;7.291;7.301;7.304;1705;1691;1702;49.99;49.99;49.99;3574;1000;0.0;0;0.0000;0;0;5640;5640;5640
60;2014-09-18 10:50:00;909402N262;5082;5.725;40;233;234;232;234;7.268;49.99;522.6;4.637;649.8;2.197;623.5;2.122;60;0;0;7.254;7.251;7.300;1694;1679;1706;49.99;49.99;49.99;3574;1000;0.0;0;0.0000;0;0;5725;5725;5725
60;2014-09-18 10:51:00;909402N262;5145;5.811;40;233;234;232;233;7.361;49.99;522.2;4.703;649.0;2.226;623.8;2.146;60;0;0;7.354;7.353;7.376;1719;1703;1720;49.99;49.99;49.99;3574;1000;0.0;0;0.0000;0;0;5811;5811;5811
60;2014-09-18 10:52:00;909402N262;5207;5.897;40;233;234;232;234;7.442;50.00;537.5;4.623;648.4;2.238;632.6;2.160;60;0;0;7.403;7.435;7.489;1728;1725;1752;50.00;50.00;50.00;3574;1000;0.0;0;0.0000;0;0;5897;5897;5897
60;2014-09-18 10:53:00;909402N262;5169;5.983;41;233;233;233;233;7.389;49.99;536.4;4.619;647.7;2.214;632.1;2.137;60;0;0;7.335;7.420;7.413;1711;1726;1730;49.99;49.99;49.99;3574;1000;0.0;0;0.0000;0;0;5983;5983;5983
60;2014-09-18 10:54:00;909402N262;5128;6.069;41;233;233;233;234;7.320;49.99;531.8;4.670;647.3;2.208;612.6;2.138;60;0;0;7.262;7.351;7.348;1694;1714;1718;49.99;49.99;49.99;3574;1000;0.0;0;0.0000;0;0;6069;6069;6069
60;2014-09-18 10:55:00;909402N262;5159;6.155;41;233;233;233;234;7.367;50.00;530.8;4.725;647.4;2.225;615.2;2.123;60;0;0;7.314;7.390;7.399;1707;1720;1731;50.00;50.00;50.00;3574;1000;0.0;0;0.0000;0;0;6155;6155;6155
60;2014-09-18 10:56:00;909402N262;5222;6.241;41;233;234;233;234;7.449;50.01;530.4;4.781;647.2;2.247;622.3;2.134;60;0;0;7.407;7.464;7.478;1733;1738;1749;50.01;50.01;50.01;3574;1000;0.0;0;0.0000;0;0;6241;6241;6241
60;2014-09-18 10:57:00;909402N262;5255;6.328;41;234;234;233;234;7.491;50.01;530.4;4.836;647.6;2.269;605.0;2.177;60;0;0;7.460;7.513;7.501;1748;1751;1754;50.01;50.01;50.01;3574;1000;0.0;0;0.0000;0;0;6328;6328;6328
60;2014-09-18 10:58:00;909402N262;5280;6.416;41;233;234;233;234;7.531;50.03;529.9;4.850;647.1;2.269;610.0;2.192;60;0;0;7.490;7.560;7.543;1754;1762;1762;50.03;50.03;50.03;3574;1000;0.0;0;0.0000;0;0;6416;6416;6416
60;2014-09-18 10:59:00;909402N262;5284;6.505;41;233;234;233;233;7.551;50.01;528.7;4.863;646.2;2.268;614.9;2.186;60;0;0;7.511;7.588;7.554;1755;1766;1761;50.01;50.01;50.01;3574;1000;0.0;0;0.0000;0;0;6505;6505;6505
60;2014-09-18 11:00:00;909402N262;5351;6.593;41;234;235;234;235;7.605;49.99;527.3;4.958;646.2;2.302;608.6;2.212;60;0;0;7.572;7.625;7.618;1778;1782;1788;49.99;49.99;49.99;3574;1000;0.0;0;0.0000;0;0;6593;6593;6593
[wr_ende]
