20140129;170005;danfoss;My Plant;+0100
[wr_def_start]
909402N262;Inverter Type;Inverter Group;Hanzl
[wr_def_end]
[wr]
INTERVAL;TIMESTAMP;SERIAL;P_AC;E_DAY;T_WR;U_AC;U_AC_1;U_AC_2;U_AC_3;I_AC;F_AC;U_DC_1;I_DC_1;U_DC_2;I_DC_2;U_DC_3;I_DC_3;S;E_WR;M_WR;I_AC_1;I_AC_2;I_AC_3;P_AC_1;P_AC_2;P_AC_3;F_AC_1;F_AC_2;F_AC_3;R_DC;PC;PCS;PCS_LL;COS_PHI;COS_PHI_LL;S_COS_PHI;Current_Day_Energy;current_Day_Offset;ccEnergyOfDay_WithoutOffset
60;2014-01-29 16:01:00;909402N262;297;4.581;28;234;234;235;234;0.541;50.03;272.9;0.220;623.5;0.173;750.7;0.178;60;0;0;0.488;0.657;0.478;89;117;88;50.03;50.03;50.03;12708;1000;0.0;0;0.0000;0;0;4581;4581;4581
60;2014-01-29 16:02:00;909402N262;282;4.584;28;232;232;232;231;0.517;50.04;272.1;0.210;639.3;0.163;751.7;0.168;60;0;0;0.467;0.629;0.457;84;112;84;50.04;50.04;50.04;12708;1000;0.0;0;0.0000;0;0;4584;4584;4584
60;2014-01-29 16:03:00;909402N262;262;4.588;28;232;232;232;232;0.484;50.04;270.9;0.199;632.7;0.154;747.2;0.157;60;0;0;0.457;0.589;0.408;82;104;75;50.04;50.04;50.04;12708;1000;0.0;0;0.0000;0;0;4588;4588;4588
60;2014-01-29 16:04:00;909402N262;246;4.594;28;232;232;232;231;0.455;50.03;270.3;0.188;623.5;0.146;741.8;0.148;60;0;0;0.407;0.573;0.386;72;101;71;50.03;50.03;50.03;12708;1000;0.0;0;0.0000;0;0;4594;4594;4594
60;2014-01-29 16:05:00;909402N262;233;4.597;28;232;231;232;231;0.426;50.02;270.0;0.179;618.6;0.140;740.2;0.141;60;0;0;0.439;0.503;0.337;79;90;62;50.02;50.02;50.02;12708;1000;0.0;0;0.0000;0;0;4597;4597;4597
60;2014-01-29 16:06:00;909402N262;221;4.601;28;232;232;232;231;0.406;50.02;269.1;0.172;614.6;0.134;736.6;0.134;60;0;0;0.383;0.526;0.309;68;94;57;50.02;50.02;50.02;12708;1000;0.0;0;0.0000;0;0;4601;4601;4601
60;2014-01-29 16:07:00;909402N262;213;4.605;28;232;231;232;231;0.387;50.02;268.7;0.166;612.0;0.128;734.2;0.128;60;0;0;0.337;0.511;0.313;61;92;58;50.02;50.02;50.02;12708;1000;0.0;0;0.0000;0;0;4605;4605;4605
60;2014-01-29 16:08:00;909402N262;207;4.608;28;231;231;232;231;0.382;50.01;268.4;0.163;607.2;0.126;727.8;0.127;60;0;0;0.325;0.498;0.323;58;87;60;50.01;50.01;50.01;12708;1000;0.0;0;0.0000;0;0;4608;4608;4608
60;2014-01-29 16:09:00;909402N262;203;4.611;28;231;231;232;231;0.375;49.99;267.9;0.160;609.4;0.124;732.1;0.124;60;0;0;0.321;0.472;0.332;57;82;61;49.99;49.99;49.99;12708;1000;0.0;0;0.0000;0;0;4611;4611;4611
60;2014-01-29 16:10:00;909402N262;199;4.615;28;231;231;232;231;0.361;50.01;267.9;0.157;610.5;0.121;736.1;0.121;60;0;0;0.305;0.432;0.346;57;78;63;50.01;50.01;50.01;12708;1000;0.0;0;0.0000;0;0;4615;4615;4615
60;2014-01-29 16:11:00;909402N262;198;4.618;28;231;231;232;231;0.359;50.00;268.0;0.157;609.2;0.121;736.6;0.121;60;0;0;0.298;0.438;0.341;55;78;63;50.00;50.00;50.00;12708;1000;0.0;0;0.0000;0;0;4618;4618;4618
60;2014-01-29 16:12:00;909402N262;203;4.621;28;232;231;232;232;0.375;50.00;268.2;0.161;606.3;0.124;732.1;0.123;60;0;0;0.325;0.453;0.348;58;79;63;50.00;50.00;50.00;12708;1000;0.0;0;0.0000;0;0;4621;4621;4621
60;2014-01-29 16:13:00;909402N262;205;4.625;28;232;231;232;232;0.378;50.00;268.3;0.162;605.5;0.126;730.6;0.126;60;0;0;0.313;0.480;0.342;56;84;62;50.00;50.00;50.00;12708;1000;0.0;0;0.0000;0;0;4625;4625;4625
60;2014-01-29 16:14:00;909402N262;201;4.628;28;232;231;232;232;0.368;50.00;267.7;0.157;611.9;0.122;732.8;0.123;60;0;0;0.310;0.454;0.340;56;80;62;50.00;50.00;50.00;12708;1000;0.0;0;0.0000;0;0;4628;4628;4628
60;2014-01-29 16:15:00;909402N262;191;4.631;28;232;231;232;232;0.342;50.00;267.1;0.149;608.0;0.117;728.0;0.119;60;0;0;0.294;0.403;0.329;54;72;62;50.01;50.01;50.00;12708;1000;0.0;0;0.0000;0;0;4631;4631;4631
60;2014-01-29 16:16:00;909402N262;173;4.634;28;232;231;232;232;0.312;50.01;267.1;0.135;589.4;0.107;718.2;0.109;60;0;0;0.301;0.371;0.266;55;65;50;50.01;50.01;50.01;12708;1000;0.0;0;0.0000;0;0;4634;4634;4634
60;2014-01-29 16:17:00;909402N262;153;4.637;28;232;231;232;232;0.267;50.01;263.0;0.121;602.0;0.093;714.1;0.097;60;0;0;0.267;0.295;0.241;49;56;46;50.01;50.01;50.01;12708;1000;0.0;0;0.0000;0;0;4637;4637;4637
60;2014-01-29 16:18:00;909402N262;129;4.638;28;231;230;232;232;0.227;50.00;260.6;0.104;595.2;0.080;703.0;0.083;60;0;0;0.225;0.230;0.226;42;43;42;50.00;50.00;50.00;12708;1000;0.0;0;0.0000;0;0;4638;4638;4638
60;2014-01-29 16:19:00;909402N262;107;4.641;28;231;230;231;232;0.215;50.01;257.1;0.088;582.9;0.068;689.1;0.070;60;0;0;0.213;0.241;0.193;35;39;31;50.01;50.01;50.01;12708;1000;0.0;0;0.0000;0;0;4641;4641;4641
60;2014-01-29 16:20:00;909402N262;90;4.642;28;231;230;231;232;0.242;50.01;254.8;0.078;565.4;0.060;664.1;0.061;60;0;0;0.203;0.309;0.214;26;40;22;50.01;50.01;50.01;12708;1000;0.0;0;0.0000;0;0;4642;4642;4642
60;2014-01-29 16:21:00;909402N262;79;4.644;28;231;230;231;232;0.190;49.99;254.2;0.070;562.1;0.053;671.7;0.053;60;0;0;0.186;0.218;0.167;27;31;20;49.99;49.99;49.99;12708;1000;0.0;0;0.0000;0;0;4644;4644;4644
60;2014-01-29 16:22:00;909402N262;73;4.645;27;234;233;234;235;0.202;49.99;252.5;0.066;546.7;0.050;669.2;0.049;60;0;0;0.187;0.234;0.185;23;30;18;49.99;49.99;49.99;12708;1000;0.0;0;0.0000;0;0;4645;4645;4645
60;2014-01-29 16:23:00;909402N262;70;4.646;27;234;233;234;234;0.169;50.00;251.8;0.063;540.6;0.048;676.0;0.046;60;0;0;0.160;0.194;0.153;22;27;19;50.00;50.00;50.00;12708;1000;0.0;0;0.0000;0;0;4646;4646;4646
60;2014-01-29 16:24:00;909402N262;68;4.648;27;234;234;234;234;0.169;50.00;251.8;0.062;533.2;0.046;670.7;0.046;60;0;0;0.166;0.202;0.140;22;28;16;50.00;50.00;50.00;12708;1000;0.0;0;0.0000;0;0;4648;4648;4648
60;2014-01-29 16:25:00;909402N262;67;4.648;27;234;234;234;235;0.181;50.00;251.7;0.062;530.3;0.046;667.1;0.046;60;0;0;0.179;0.200;0.164;21;26;17;50.00;50.00;50.00;12708;1000;0.0;0;0.0000;0;0;4648;4648;4648
60;2014-01-29 16:26:00;909402N262;66;4.649;27;234;234;234;234;0.215;49.99;251.6;0.061;542.9;0.044;660.8;0.046;60;0;0;0.203;0.236;0.206;20;26;18;49.99;49.99;49.99;12708;1000;0.0;0;0.0000;0;0;4649;4649;4649
60;2014-01-29 16:27:00;909402N262;64;4.650;27;234;233;234;234;0.246;49.99;251.6;0.058;559.9;0.042;653.3;0.046;60;0;0;0.224;0.305;0.210;20;32;12;49.99;49.99;49.99;12708;1000;0.0;0;0.0000;0;0;4650;4650;4650
60;2014-01-29 16:28:00;909402N262;63;4.651;27;234;233;234;234;0.259;50.00;251.7;0.058;553.7;0.042;649.4;0.046;60;0;0;0.210;0.315;0.253;17;29;15;50.00;50.00;50.00;12708;1000;0.0;0;0.0000;0;0;4651;4651;4651
60;2014-01-29 16:29:00;909402N262;62;4.653;27;232;231;232;232;0.220;50.00;251.5;0.056;547.6;0.042;643.9;0.045;60;0;0;0.172;0.178;0.311;17;11;33;50.00;50.00;50.00;12708;1000;0.0;0;0.0000;0;0;4653;4653;4653
60;2014-01-29 16:30:00;909402N262;61;4.654;27;231;231;232;231;0.153;50.01;251.4;0.054;535.5;0.042;666.8;0.042;60;0;0;0.149;0.150;0.160;18;18;22;50.01;50.01;50.01;12708;1000;0.0;0;0.0000;0;0;4654;4654;4654
60;2014-01-29 16:31:00;909402N262;56;4.654;27;231;231;232;231;0.144;50.01;253.6;0.049;513.7;0.041;650.6;0.041;60;0;0;0.133;0.167;0.133;14;22;19;50.01;50.01;50.01;12708;1000;0.0;0;0.0000;0;0;4654;4654;4654
60;2014-01-29 16:32:00;909402N262;53;4.655;27;231;231;231;231;0.150;50.01;251.5;0.046;522.3;0.039;653.9;0.037;60;0;0;0.131;0.097;0.224;10;12;32;50.01;50.01;50.01;12708;1000;0.0;0;0.0000;0;0;4655;4655;4655
60;2014-01-29 16:33:00;909402N262;48;4.656;27;231;231;231;231;0.196;50.00;251.5;0.042;532.2;0.035;644.2;0.035;60;0;0;0.203;0.125;0.261;9;10;30;50.00;50.00;50.00;12708;1000;0.0;0;0.0000;0;0;4656;4656;4656
60;2014-01-29 16:34:00;909402N262;43;4.657;27;231;231;231;231;0.154;50.00;251.4;0.039;515.4;0.032;648.5;0.032;60;0;0;0.159;0.150;0.153;9;17;17;50.00;50.00;50.00;12708;1000;0.0;0;0.0000;0;0;4657;4657;4657
60;2014-01-29 16:35:00;909402N262;39;4.657;27;231;231;231;231;0.231;50.01;251.3;0.035;505.1;0.031;635.3;0.031;60;0;0;0.234;0.290;0.169;3;27;10;50.01;50.01;50.01;12708;1000;0.0;0;0.0000;0;0;4657;4657;4657
60;2014-01-29 16:36:00;909402N262;36;4.659;27;231;231;232;232;0.205;50.01;251.2;0.031;497.1;0.030;612.6;0.030;60;0;0;0.158;0.265;0.192;7;20;9;50.01;50.01;50.01;12708;1000;0.0;0;0.0000;0;0;4659;4659;4659
60;2014-01-29 16:37:00;909402N262;33;4.659;27;231;231;231;231;0.192;50.01;251.3;0.028;509.5;0.026;621.4;0.027;60;0;0;0.158;0.247;0.171;7;19;8;50.01;50.01;50.01;12708;1000;0.0;0;0.0000;0;0;4659;4659;4659
60;2014-01-29 16:38:00;909402N262;30;4.659;27;231;231;232;231;0.163;50.01;251.3;0.026;503.0;0.024;632.2;0.024;60;0;0;0.127;0.196;0.166;7;12;11;50.01;50.01;50.01;12708;1000;0.0;0;0.0000;0;0;4659;4659;4659
60;2014-01-29 16:39:00;909402N262;26;4.660;27;231;231;232;232;0.161;49.99;251.4;0.023;488.9;0.023;608.7;0.022;60;0;0;0.106;0.212;0.166;7;12;7;49.99;49.99;49.99;12708;1000;0.0;0;0.0000;0;0;4660;4660;4660
60;2014-01-29 16:40:00;909402N262;23;4.660;27;231;231;232;232;0.171;50.01;251.2;0.019;508.0;0.019;615.6;0.019;60;0;0;0.124;0.215;0.176;8;7;8;50.01;50.01;50.01;12708;1000;0.0;0;0.0000;0;0;4660;4660;4660
60;2014-01-29 16:41:00;909402N262;17;4.660;26;231;231;232;232;0.170;50.01;251.2;0.014;487.6;0.019;568.5;0.018;60;0;0;0.130;0.228;0.154;5;7;7;50.01;50.01;50.01;12708;1000;0.0;0;0.0000;0;0;4660;4660;4660
60;2014-01-29 16:42:00;909402N262;13;4.660;26;231;231;232;232;0.138;49.99;251.3;0.009;470.2;0.016;561.6;0.015;60;0;0;0.116;0.175;0.123;5;6;3;49.99;49.99;49.99;12708;1000;0.0;0;0.0000;0;0;4660;4660;4660
60;2014-01-29 16:43:00;909402N262;9;4.661;26;231;230;231;231;0.138;50.00;251.3;0.006;452.1;0.014;552.0;0.011;60;0;0;0.127;0.156;0.131;5;3;5;50.00;50.00;50.00;12708;1000;0.0;0;0.0000;0;0;4661;4661;4661
60;2014-01-29 16:44:00;909402N262;5;4.662;26;231;230;232;231;0.084;50.02;251.3;0.002;445.2;0.011;529.4;0.010;60;0;0;0.066;0.117;0.070;4;2;2;50.02;50.02;50.02;12708;1000;0.0;0;0.0000;0;0;4662;4662;4662
60;2014-01-29 16:45:00;909402N262;1;4.662;26;231;230;231;231;0.090;50.01;251.3;0.000;401.7;0.009;511.4;0.007;60;0;0;0.071;0.107;0.092;3;1;1;50.01;50.01;50.01;12708;1000;0.0;0;0.0000;0;0;4662;4662;4662
60;2014-01-29 16:46:00;909402N262;0;4.662;26;231;230;231;231;0.094;50.01;243.4;0.000;326.4;0.007;410.7;0.006;60;0;0;0.086;0.111;0.085;4;0;1;50.01;50.01;50.01;12708;1000;0.0;0;0.0000;0;0;4662;4662;4662
60;2014-01-29 16:47:00;909402N262;0;4.662;26;231;230;231;231;0.107;50.01;251.1;0.000;365.8;0.005;406.0;0.006;60;0;0;0.100;0.125;0.097;2;0;0;50.01;50.01;50.01;12708;1000;0.0;0;0.0000;0;0;4662;4662;4662
60;2014-01-29 16:48:00;909402N262;0;4.662;26;231;231;231;231;0.109;50.00;251.1;0.000;436.6;0.004;307.3;0.007;60;0;0;0.109;0.127;0.093;1;2;0;50.00;50.00;50.00;12708;1000;0.0;0;0.0000;0;0;4662;4662;4661
60;2014-01-29 16:49:00;909402N262;0;4.662;26;231;231;231;231;0.121;50.00;251.2;0.000;420.2;0.003;270.2;0.007;60;0;0;0.120;0.138;0.107;0;1;1;50.00;50.00;50.00;12708;1000;0.0;0;0.0000;0;0;4662;4662;4661
60;2014-01-29 16:50:00;909402N262;0;4.662;26;231;230;232;231;0.125;49.99;251.3;0.000;386.8;0.003;370.3;0.004;60;0;0;0.124;0.173;0.080;2;0;3;49.99;49.99;49.99;12708;1000;0.0;0;0.0000;0;0;4662;4662;4661
60;2014-01-29 16:51:00;909402N262;0;4.662;26;233;232;235;232;0.051;50.00;261.0;0.000;390.0;0.003;468.7;0.003;50;0;0;0.026;0.103;0.025;2;0;0;50.00;50.00;50.00;12708;1000;0.0;0;0.0000;0;0;4662;4662;4661
60;2014-01-29 16:52:00;909402N262;0;4.662;26;234;233;236;233;0.000;50.01;261.9;0.000;405.4;0.002;448.7;0.001;50;0;0;0.000;0.000;0.000;0;0;0;50.01;50.01;50.01;12708;1000;0.0;0;0.0000;0;0;4662;4662;4661
60;2014-01-29 16:53:00;909402N262;0;4.662;26;234;233;236;232;0.000;50.00;250.3;0.000;324.7;0.001;328.6;0.000;50;0;0;0.000;0.000;0.000;0;0;0;50.00;50.00;50.00;12708;1000;0.0;0;0.0000;0;0;4662;4662;4661
60;2014-01-29 16:54:00;909402N262;0;4.662;25;233;233;236;232;0.000;49.99;236.2;0.000;235.6;0.000;236.1;0.000;50;0;0;0.000;0.000;0.000;0;0;0;49.99;49.99;49.99;12708;1000;0.0;0;0.0000;0;0;4662;4662;4661
60;2014-01-29 16:55:00;909402N262;0;4.662;25;233;233;235;232;0.000;49.99;233.2;0.000;232.6;0.000;233.5;0.000;50;0;0;0.000;0.000;0.000;0;0;0;49.99;49.99;49.99;12708;1000;0.0;0;0.0000;0;0;4662;4662;4661
60;2014-01-29 16:56:00;909402N262;0;4.662;25;233;232;236;231;0.000;49.99;230.7;0.000;230.2;0.000;231.2;0.000;50;0;0;0.000;0.000;0.000;0;0;0;49.99;49.99;49.99;12708;1000;0.0;0;0.0000;0;0;4662;4662;4661
60;2014-01-29 16:57:00;909402N262;0;4.662;24;233;233;236;231;0.000;50.00;229.2;0.000;228.7;0.000;229.3;0.000;50;0;0;0.000;0.000;0.000;0;0;0;50.00;50.00;50.00;12708;1000;0.0;0;0.0000;0;0;4662;4662;4661
60;2014-01-29 16:58:00;909402N262;0;4.662;24;233;232;236;232;0.000;50.02;227.4;0.000;226.9;0.000;227.2;0.000;50;0;0;0.000;0.000;0.000;0;0;0;50.02;50.02;50.02;12708;1000;0.0;0;0.0000;0;0;4662;4662;4661
60;2014-01-29 16:59:00;909402N262;0;4.662;24;233;231;236;232;0.000;50.01;237.4;0.000;236.9;0.000;237.7;0.000;50;0;0;0.000;0.000;0.000;0;0;0;50.01;50.01;50.01;12708;1000;0.0;0;0.0000;0;0;4662;4662;4661
60;2014-01-29 17:00:00;909402N262;0;4.662;23;233;231;236;231;0.000;50.03;234.0;0.000;233.5;0.000;234.1;0.000;50;0;0;0.000;0.000;0.000;0;0;0;50.03;50.03;50.03;12708;1000;0.0;0;0.0000;0;0;4662;4662;4661
[wr_ende]
