20140626;120000;danfoss;My Plant;+0100
[wr_def_start]
909402N262;Inverter Type;Inverter Group;Hanzl
[wr_def_end]
[wr]
INTERVAL;TIMESTAMP;SERIAL;P_AC;E_DAY;T_WR;U_AC;U_AC_1;U_AC_2;U_AC_3;I_AC;F_AC;U_DC_1;I_DC_1;U_DC_2;I_DC_2;U_DC_3;I_DC_3;S;E_WR;M_WR;I_AC_1;I_AC_2;I_AC_3;P_AC_1;P_AC_2;P_AC_3;F_AC_1;F_AC_2;F_AC_3;R_DC;PC;PCS;PCS_LL;COS_PHI;COS_PHI_LL;S_COS_PHI;Current_Day_Energy;current_Day_Offset;ccEnergyOfDay_WithoutOffset
60;2014-06-26 11:01:00;909402N262;6917;8.911;45;234;235;235;233;9.871;50.00;537.5;5.222;594.4;3.340;793.0;2.858;60;0;0;9.861;9.934;9.820;2309;2327;2279;50.00;50.00;50.00;5287;1000;0.0;0;0.0000;0;0;8911;8911;8911
60;2014-06-26 11:02:00;909402N262;6989;9.027;45;234;235;235;233;9.983;50.01;540.8;5.223;610.3;3.299;791.3;2.861;60;0;0;9.962;10.060;9.928;2329;2354;2304;50.01;50.01;50.01;5287;1000;0.0;0;0.0000;0;0;9027;9027;9027
60;2014-06-26 11:03:00;909402N262;6978;9.143;46;234;235;235;233;9.964;49.99;540.0;5.226;609.8;3.292;786.2;2.875;60;0;0;9.941;10.034;9.917;2325;2347;2304;49.99;49.99;49.99;5287;1000;0.0;0;0.0000;0;0;9143;9143;9143
60;2014-06-26 11:04:00;909402N262;6975;9.260;46;234;235;235;233;9.965;49.99;539.3;5.236;609.0;3.291;783.9;2.882;60;0;0;9.954;10.029;9.913;2328;2345;2300;49.99;49.99;49.99;5287;1000;0.0;0;0.0000;0;0;9260;9260;9260
60;2014-06-26 11:05:00;909402N262;7011;9.376;46;234;234;235;234;10.011;50.01;538.8;5.273;609.4;3.302;783.5;2.898;60;0;0;9.960;10.088;9.985;2322;2364;2324;50.01;50.01;50.01;5287;1000;0.0;0;0.0000;0;0;9376;9376;9376
60;2014-06-26 11:06:00;909402N262;7058;9.495;46;235;235;235;234;10.062;50.01;538.4;5.317;609.5;3.322;782.9;2.919;60;0;0;10.017;10.123;10.047;2344;2371;2342;50.01;50.01;50.01;5287;1000;0.0;0;0.0000;0;0;9495;9495;9495
60;2014-06-26 11:07:00;909402N262;7091;9.612;46;235;235;235;235;10.097;50.00;537.4;5.353;609.4;3.336;781.7;2.938;60;0;0;10.055;10.129;10.109;2352;2371;2366;50.00;50.00;50.00;5287;1000;0.0;0;0.0000;0;0;9612;9612;9612
60;2014-06-26 11:08:00;909402N262;7115;9.731;46;235;234;235;235;10.130;50.00;537.2;5.378;609.5;3.338;781.8;2.951;60;0;0;10.043;10.187;10.161;2342;2388;2382;50.00;50.00;50.00;5287;1000;0.0;0;0.0000;0;0;9731;9731;9731
60;2014-06-26 11:09:00;909402N262;7118;9.849;46;235;234;235;235;10.141;50.00;536.9;5.389;608.6;3.340;781.3;2.955;60;0;0;10.054;10.211;10.159;2342;2395;2380;50.00;50.00;50.00;5287;1000;0.0;0;0.0000;0;0;9849;9849;9849
60;2014-06-26 11:10:00;909402N262;7128;9.968;46;235;234;236;235;10.143;50.00;536.3;5.408;607.6;3.344;780.4;2.963;60;0;0;10.059;10.208;10.162;2350;2396;2380;50.00;50.00;50.00;5287;1000;0.0;0;0.0000;0;0;9968;9968;9968
60;2014-06-26 11:11:00;909402N262;7157;10.085;46;235;235;236;235;10.172;50.00;536.1;5.436;607.1;3.357;779.9;2.976;60;0;0;10.119;10.228;10.171;2373;2403;2380;50.00;50.00;50.00;5287;1000;0.0;0;0.0000;0;0;10085;10085;10085
60;2014-06-26 11:12:00;909402N262;7190;10.206;46;235;235;235;235;10.226;50.00;535.6;5.471;606.0;3.375;779.3;2.994;60;0;0;10.184;10.278;10.216;2389;2410;2389;50.00;50.00;50.00;5287;1000;0.0;0;0.0000;0;0;10206;10206;10206
60;2014-06-26 11:13:00;909402N262;7202;10.326;46;235;235;235;235;10.251;49.98;534.8;5.492;604.6;3.384;778.4;3.001;60;0;0;10.202;10.296;10.256;2390;2412;2398;49.98;49.98;49.98;5287;1000;0.0;0;0.0000;0;0;10326;10326;10326
60;2014-06-26 11:14:00;909402N262;7220;10.446;47;235;235;235;234;10.287;50.00;533.7;5.521;603.3;3.396;778.0;3.011;60;0;0;10.243;10.342;10.278;2396;2422;2399;50.00;50.00;50.00;5287;1000;0.0;0;0.0000;0;0;10446;10446;10446
60;2014-06-26 11:15:00;909402N262;7241;10.567;47;235;234;235;235;10.312;50.00;532.3;5.556;602.2;3.409;777.5;3.022;60;0;0;10.243;10.375;10.318;2392;2435;2413;50.00;50.00;50.00;5287;1000;0.0;0;0.0000;0;0;10567;10567;10567
60;2014-06-26 11:16:00;909402N262;7200;10.687;47;235;235;235;234;10.237;50.01;527.5;5.583;594.7;3.424;767.0;3.066;60;0;0;10.197;10.272;10.244;2390;2418;2394;50.01;50.01;50.01;5287;1000;0.0;0;0.0000;0;0;10687;10687;10687
60;2014-06-26 11:17:00;909402N262;7278;10.808;47;235;236;235;235;10.325;50.02;531.9;5.603;616.7;3.333;776.9;3.040;60;0;0;10.304;10.351;10.321;2427;2428;2421;50.02;50.02;50.02;5287;1000;0.0;0;0.0000;0;0;10808;10808;10808
60;2014-06-26 11:18:00;909402N262;7304;10.930;47;235;236;235;234;10.365;50.01;531.9;5.626;603.0;3.426;776.0;3.048;60;0;0;10.337;10.414;10.345;2434;2446;2421;50.01;50.01;50.01;5287;1000;0.0;0;0.0000;0;0;10930;10930;10930
60;2014-06-26 11:19:00;909402N262;7334;11.051;47;235;236;235;234;10.418;50.01;532.4;5.652;603.5;3.433;776.2;3.058;60;0;0;10.393;10.467;10.394;2445;2456;2432;50.01;50.01;50.01;5287;1000;0.0;0;0.0000;0;0;11051;11051;11051
60;2014-06-26 11:20:00;909402N262;7353;11.174;47;235;236;235;234;10.443;50.01;531.9;5.677;603.6;3.436;775.7;3.067;60;0;0;10.419;10.480;10.430;2451;2458;2442;50.01;50.01;50.01;5287;1000;0.0;0;0.0000;0;0;11174;11174;11174
60;2014-06-26 11:21:00;909402N262;7367;11.297;47;235;236;234;235;10.466;50.00;531.5;5.697;604.1;3.440;774.9;3.074;60;0;0;10.437;10.477;10.486;2455;2451;2459;50.00;50.00;50.00;5287;1000;0.0;0;0.0000;0;0;11297;11297;11297
60;2014-06-26 11:22:00;909402N262;7407;11.420;47;234;235;233;235;10.543;50.00;530.9;5.738;604.2;3.454;774.3;3.094;60;0;0;10.513;10.535;10.581;2469;2455;2481;50.00;50.00;50.00;5287;1000;0.0;0;0.0000;0;0;11420;11420;11420
60;2014-06-26 11:23:00;909402N262;7494;11.546;47;234;235;233;234;10.672;50.01;530.3;5.819;603.5;3.498;773.3;3.133;60;0;0;10.640;10.677;10.699;2497;2491;2505;50.01;50.01;50.01;5287;1000;0.0;0;0.0000;0;0;11546;11546;11546
60;2014-06-26 11:24:00;909402N262;7374;11.669;47;235;235;234;234;10.480;50.01;530.9;5.717;623.6;3.239;773.5;3.151;60;0;0;10.458;10.501;10.483;2457;2461;2453;50.01;50.01;50.01;5287;1000;0.0;0;0.0000;0;0;11669;11669;11669
60;2014-06-26 11:25:00;909402N262;7577;11.795;47;235;235;234;235;10.765;50.00;531.0;5.893;630.8;3.367;772.2;3.171;60;0;0;10.745;10.774;10.777;2528;2521;2526;50.00;50.00;50.00;5287;1000;0.0;0;0.0000;0;0;11795;11795;11795
60;2014-06-26 11:26:00;909402N262;7565;11.921;47;234;235;234;235;10.760;50.00;531.4;5.873;606.3;3.510;772.8;3.159;60;0;0;10.743;10.755;10.784;2524;2511;2528;50.00;50.00;50.00;5287;1000;0.0;0;0.0000;0;0;11921;11921;11921
60;2014-06-26 11:27:00;909402N262;7589;12.048;47;235;235;234;235;10.792;50.00;531.9;5.890;606.7;3.516;773.9;3.165;60;0;0;10.746;10.808;10.824;2520;2528;2539;50.00;50.00;50.00;5287;1000;0.0;0;0.0000;0;0;12048;12048;12048
60;2014-06-26 11:28:00;909402N262;7646;12.175;48;234;235;234;234;10.880;49.99;531.6;5.937;607.6;3.538;774.6;3.186;60;0;0;10.858;10.890;10.894;2548;2545;2551;49.99;49.99;49.99;5287;1000;0.0;0;0.0000;0;0;12175;12175;12175
60;2014-06-26 11:29:00;909402N262;7668;12.303;48;234;235;234;234;10.924;49.99;530.9;5.962;608.1;3.546;774.5;3.195;60;0;0;10.917;10.930;10.925;2561;2551;2554;49.99;49.99;49.99;5287;1000;0.0;0;0.0000;0;0;12303;12303;12303
60;2014-06-26 11:30:00;909402N262;7681;12.430;48;234;235;234;235;10.928;49.99;530.2;5.984;621.4;3.470;773.7;3.206;60;0;0;10.917;10.934;10.934;2563;2554;2562;49.99;49.99;49.99;5287;1000;0.0;0;0.0000;0;0;12430;12430;12430
60;2014-06-26 11:31:00;909402N262;7603;12.558;48;234;235;234;234;10.837;49.99;525.4;6.004;613.4;3.460;772.5;3.216;60;0;0;10.815;10.860;10.838;2538;2528;2536;49.99;49.99;49.99;5287;1000;0.0;0;0.0000;0;0;12558;12558;12558
60;2014-06-26 11:32:00;909402N262;7687;12.687;48;234;235;234;234;10.937;49.99;527.5;6.028;631.2;3.398;773.2;3.220;60;0;0;10.901;10.951;10.960;2559;2562;2565;49.99;49.99;49.99;5287;1000;0.0;0;0.0000;0;0;12687;12687;12687
60;2014-06-26 11:33:00;909402N262;7682;12.817;48;234;235;234;234;10.932;49.99;526.2;6.042;629.7;3.399;771.7;3.227;60;0;0;10.905;10.952;10.941;2561;2560;2560;49.99;49.99;49.99;5287;1000;0.0;0;0.0000;0;0;12817;12817;12817
60;2014-06-26 11:34:00;909402N262;7703;12.944;48;234;235;234;234;10.961;49.98;525.1;6.073;628.7;3.410;770.9;3.241;60;0;0;10.938;10.968;10.979;2568;2562;2570;49.98;49.98;49.98;5287;1000;0.0;0;0.0000;0;0;12944;12944;12944
60;2014-06-26 11:35:00;909402N262;7712;13.073;48;234;235;234;235;10.975;49.99;524.3;6.091;628.5;3.410;770.4;3.248;60;0;0;10.936;10.984;11.007;2564;2566;2580;49.99;49.99;49.99;5287;1000;0.0;0;0.0000;0;0;13073;13073;13073
60;2014-06-26 11:36:00;909402N262;7747;13.202;48;234;235;234;235;11.018;49.98;523.3;6.133;627.3;3.425;769.3;3.269;60;0;0;10.979;11.015;11.062;2576;2574;2595;49.98;49.98;49.98;5287;1000;0.0;0;0.0000;0;0;13202;13202;13202
60;2014-06-26 11:37:00;909402N262;4496;13.277;48;234;234;234;234;6.443;49.97;537.6;3.654;606.3;2.093;727.9;1.823;60;0;0;6.372;6.491;6.468;1487;1509;1512;49.97;49.97;49.97;5287;1000;0.0;0;0.0000;0;0;13277;13277;13277
60;2014-06-26 11:38:00;909402N262;8054;13.412;48;234;235;234;235;11.456;49.98;524.0;6.386;629.7;3.536;773.1;3.386;60;0;0;11.428;11.463;11.479;2680;2683;2690;49.98;49.98;49.98;5287;1000;0.0;0;0.0000;0;0;13412;13412;13412
60;2014-06-26 11:39:00;909402N262;7962;13.545;48;234;235;234;234;11.332;49.98;522.5;6.331;628.1;3.505;771.3;3.353;60;0;0;11.302;11.355;11.341;2651;2653;2655;49.98;49.98;49.98;5287;1000;0.0;0;0.0000;0;0;13545;13545;13545
60;2014-06-26 11:40:00;909402N262;7968;13.677;48;235;235;234;235;11.329;49.97;522.5;6.346;627.4;3.505;771.2;3.354;60;0;0;11.295;11.333;11.360;2650;2649;2666;49.97;49.97;49.97;5287;1000;0.0;0;0.0000;0;0;13677;13677;13677
60;2014-06-26 11:41:00;909402N262;7979;13.811;48;235;235;234;235;11.330;49.97;522.9;6.360;627.2;3.506;771.3;3.356;60;0;0;11.303;11.334;11.353;2656;2654;2667;49.97;49.97;49.97;5287;1000;0.0;0;0.0000;0;0;13811;13811;13811
60;2014-06-26 11:42:00;909402N262;7990;13.944;48;235;235;234;235;11.351;49.98;522.9;6.374;627.2;3.509;770.0;3.364;60;0;0;11.337;11.351;11.366;2666;2654;2669;49.98;49.98;49.98;5287;1000;0.0;0;0.0000;0;0;13944;13944;13944
60;2014-06-26 11:43:00;909402N262;8018;14.077;48;235;235;235;235;11.379;49.99;522.6;6.405;627.2;3.521;769.4;3.377;60;0;0;11.345;11.399;11.393;2668;2672;2675;49.99;49.99;49.99;5287;1000;0.0;0;0.0000;0;0;14077;14077;14077
60;2014-06-26 11:44:00;909402N262;8058;14.211;48;235;235;234;234;11.453;49.98;522.9;6.434;629.8;3.525;769.7;3.390;60;0;0;11.423;11.482;11.456;2684;2689;2682;49.99;49.99;49.98;5287;1000;0.0;0;0.0000;0;0;14211;14211;14211
60;2014-06-26 11:45:00;909402N262;8082;14.346;48;234;235;234;234;11.493;49.99;523.4;6.451;631.2;3.528;770.4;3.394;60;0;0;11.468;11.530;11.481;2695;2700;2684;49.99;49.99;49.99;5287;1000;0.0;0;0.0000;0;0;14346;14346;14346
60;2014-06-26 11:46:00;909402N262;8003;14.481;49;234;235;234;234;11.384;49.99;520.3;6.459;611.6;3.593;769.1;3.403;60;0;0;11.350;11.425;11.377;2665;2676;2660;49.99;49.99;49.99;5287;1000;0.0;0;0.0000;0;0;14481;14481;14481
60;2014-06-26 11:47:00;909402N262;8108;14.616;49;234;235;234;234;11.532;50.00;523.5;6.473;632.2;3.539;769.4;3.405;60;0;0;11.489;11.571;11.537;2696;2709;2701;50.00;50.00;50.00;5287;1000;0.0;0;0.0000;0;0;14616;14616;14616
60;2014-06-26 11:48:00;909402N262;8112;14.751;49;235;235;235;234;11.531;50.01;522.7;6.482;631.8;3.545;768.7;3.411;60;0;0;11.494;11.577;11.522;2700;2713;2697;50.01;50.01;50.01;5287;1000;0.0;0;0.0000;0;0;14751;14751;14751
60;2014-06-26 11:49:00;909402N262;8131;14.887;49;235;235;235;235;11.550;50.01;521.8;6.509;630.1;3.557;767.7;3.423;60;0;0;11.521;11.575;11.556;2707;2714;2708;50.01;50.01;50.01;5287;1000;0.0;0;0.0000;0;0;14887;14887;14887
60;2014-06-26 11:50:00;909402N262;8156;15.022;49;235;234;235;235;11.591;50.00;520.6;6.542;628.6;3.575;766.7;3.440;60;0;0;11.525;11.634;11.614;2699;2728;2727;50.00;50.00;50.00;5287;1000;0.0;0;0.0000;0;0;15022;15022;15022
60;2014-06-26 11:51:00;909402N262;8194;15.159;49;235;234;235;235;11.643;49.99;519.5;6.588;626.6;3.601;765.6;3.465;60;0;0;11.569;11.704;11.657;2708;2749;2736;49.99;49.99;49.99;5287;1000;0.0;0;0.0000;0;0;15159;15159;15159
60;2014-06-26 11:52:00;909402N262;8291;15.296;49;235;235;235;235;11.762;49.99;519.1;6.669;625.4;3.649;765.6;3.508;60;0;0;11.689;11.808;11.789;2741;2776;2772;49.99;49.99;49.99;5287;1000;0.0;0;0.0000;0;0;15296;15296;15296
60;2014-06-26 11:53:00;909402N262;8401;15.437;49;235;235;236;235;11.913;50.01;518.4;6.764;624.4;3.707;764.9;3.559;60;0;0;11.839;11.954;11.946;2776;2813;2809;50.01;50.01;50.01;5287;1000;0.0;0;0.0000;0;0;15437;15437;15437
60;2014-06-26 11:54:00;909402N262;8521;15.579;49;235;234;236;235;12.089;50.01;517.5;6.865;623.8;3.771;764.0;3.616;60;0;0;12.001;12.128;12.140;2810;2854;2856;50.01;50.01;50.01;5287;1000;0.0;0;0.0000;0;0;15579;15579;15579
60;2014-06-26 11:55:00;909402N262;8681;15.724;49;235;235;236;235;12.299;50.02;516.5;7.001;622.8;3.844;763.3;3.696;60;0;0;12.247;12.331;12.321;2878;2904;2898;50.02;50.02;50.02;5287;1000;0.0;0;0.0000;0;0;15724;15724;15724
60;2014-06-26 11:56:00;909402N262;9010;15.873;49;236;236;236;236;12.744;50.03;514.6;7.284;622.2;3.990;762.0;3.853;60;0;0;12.687;12.758;12.787;2987;3006;3016;50.03;50.03;50.03;5287;1000;0.0;0;0.0000;0;0;15873;15873;15873
60;2014-06-26 11:57:00;909402N262;9054;16.025;49;236;236;236;236;12.806;50.04;512.6;7.350;620.2;4.013;759.7;3.891;60;0;0;12.770;12.829;12.820;3009;3023;3021;50.04;50.04;50.04;5287;1000;0.0;0;0.0000;0;0;16025;16025;16025
60;2014-06-26 11:58:00;909402N262;8671;16.167;49;236;236;236;236;12.248;50.04;512.3;7.048;619.9;3.864;758.6;3.709;60;0;0;12.209;12.261;12.275;2884;2887;2897;50.04;50.04;50.04;5287;1000;0.0;0;0.0000;0;0;16167;16167;16167
60;2014-06-26 11:59:00;909402N262;8627;16.311;49;236;236;236;236;12.207;50.03;512.8;7.011;621.5;3.820;758.8;3.698;60;0;0;12.148;12.227;12.247;2859;2879;2887;50.03;50.03;50.03;5287;1000;0.0;0;0.0000;0;0;16311;16311;16311
60;2014-06-26 12:00:00;909402N262;8666;16.454;49;235;235;236;235;12.271;49.99;511.8;7.059;620.5;3.840;758.3;3.717;60;0;0;12.205;12.312;12.296;2870;2900;2893;49.99;49.99;49.99;5287;1000;0.0;0;0.0000;0;0;16454;16454;16454
[wr_ende]
