20140529;210000;danfoss;My Plant;+0100
[wr_def_start]
909402N262;Inverter Type;Inverter Group;Hanzl
[wr_def_end]
[wr]
INTERVAL;TIMESTAMP;SERIAL;P_AC;E_DAY;T_WR;U_AC;U_AC_1;U_AC_2;U_AC_3;I_AC;F_AC;U_DC_1;I_DC_1;U_DC_2;I_DC_2;U_DC_3;I_DC_3;S;E_WR;M_WR;I_AC_1;I_AC_2;I_AC_3;P_AC_1;P_AC_2;P_AC_3;F_AC_1;F_AC_2;F_AC_3;R_DC;PC;PCS;PCS_LL;COS_PHI;COS_PHI_LL;S_COS_PHI;Current_Day_Energy;current_Day_Offset;ccEnergyOfDay_WithoutOffset
60;2014-05-29 20:01:00;909402N262;58;33.921;38;234;234;234;235;0.146;50.00;460.6;0.050;475.2;0.030;592.2;0.028;60;0;0;0.137;0.154;0.148;17;19;20;50.00;50.00;50.00;24071;1000;0.0;0;0.0000;0;0;33921;33921;33921
60;2014-05-29 20:02:00;909402N262;55;33.922;38;234;234;234;235;0.141;50.01;468.6;0.047;472.4;0.028;590.0;0.026;60;0;0;0.144;0.150;0.130;17;19;16;50.01;50.01;50.01;24071;1000;0.0;0;0.0000;0;0;33922;33922;33922
60;2014-05-29 20:03:00;909402N262;53;33.924;38;234;234;233;235;0.137;50.01;463.9;0.046;486.6;0.026;596.7;0.024;60;0;0;0.152;0.126;0.135;19;16;17;50.01;50.01;50.01;24071;1000;0.0;0;0.0000;0;0;33924;33924;33924
60;2014-05-29 20:04:00;909402N262;50;33.924;37;234;233;233;235;0.126;50.01;454.7;0.044;492.7;0.024;589.3;0.023;60;0;0;0.139;0.094;0.147;18;12;19;50.01;50.01;50.01;24071;1000;0.0;0;0.0000;0;0;33924;33924;33924
60;2014-05-29 20:05:00;909402N262;48;33.925;37;234;233;233;235;0.121;50.02;449.3;0.042;486.6;0.023;580.5;0.023;60;0;0;0.141;0.067;0.157;18;7;21;50.02;50.02;50.02;24071;1000;0.0;0;0.0000;0;0;33925;33925;33925
60;2014-05-29 20:06:00;909402N262;46;33.926;37;234;233;234;234;0.121;50.01;446.8;0.041;478.0;0.023;564.8;0.023;60;0;0;0.091;0.146;0.127;11;16;17;50.01;50.01;50.01;24071;1000;0.0;0;0.0000;0;0;33926;33926;33926
60;2014-05-29 20:07:00;909402N262;44;33.927;37;234;233;234;234;0.114;50.01;449.0;0.039;468.8;0.023;559.5;0.022;60;0;0;0.087;0.143;0.114;11;16;15;50.01;50.01;50.01;24071;1000;0.0;0;0.0000;0;0;33927;33927;33927
60;2014-05-29 20:08:00;909402N262;43;33.927;37;234;233;234;234;0.114;50.01;456.3;0.038;463.6;0.023;578.4;0.020;60;0;0;0.095;0.121;0.128;11;13;17;50.01;50.01;50.01;24071;1000;0.0;0;0.0000;0;0;33927;33927;33927
60;2014-05-29 20:09:00;909402N262;41;33.928;37;234;232;235;234;0.107;50.01;450.3;0.035;458.8;0.023;557.9;0.020;60;0;0;0.072;0.160;0.089;9;19;11;50.01;50.01;50.01;24071;1000;0.0;0;0.0000;0;0;33928;33928;33928
60;2014-05-29 20:10:00;909402N262;37;33.929;37;233;232;234;234;0.101;50.01;436.5;0.033;455.9;0.019;554.7;0.019;60;0;0;0.074;0.125;0.106;9;12;14;50.01;50.01;50.01;24071;1000;0.0;0;0.0000;0;0;33929;33929;33929
60;2014-05-29 20:11:00;909402N262;33;33.930;37;234;233;234;234;0.085;50.00;429.1;0.029;446.8;0.017;549.1;0.015;60;0;0;0.070;0.091;0.095;8;10;12;50.00;50.00;50.00;24071;1000;0.0;0;0.0000;0;0;33930;33930;33930
60;2014-05-29 20:12:00;909402N262;28;33.930;37;234;233;234;234;0.071;50.01;422.5;0.025;467.2;0.014;522.5;0.015;60;0;0;0.056;0.092;0.067;7;12;9;50.01;50.01;50.01;24071;1000;0.0;0;0.0000;0;0;33930;33930;33930
60;2014-05-29 20:13:00;909402N262;22;33.930;37;233;232;233;234;0.058;50.00;406.2;0.020;455.2;0.010;513.3;0.012;60;0;0;0.046;0.071;0.059;5;8;7;50.00;50.00;50.00;24071;1000;0.0;0;0.0000;0;0;33930;33930;33930
60;2014-05-29 20:14:00;909402N262;16;33.930;37;233;232;233;234;0.042;50.00;402.7;0.014;445.2;0.007;509.4;0.008;60;0;0;0.042;0.033;0.053;5;3;6;50.00;50.00;50.00;24071;1000;0.0;0;0.0000;0;0;33930;33930;33930
60;2014-05-29 20:15:00;909402N262;9;33.930;37;233;232;233;233;0.024;49.98;381.8;0.010;347.9;0.007;454.1;0.006;60;0;0;0.017;0.022;0.034;1;2;4;49.98;49.98;49.98;24071;1000;0.0;0;0.0000;0;0;33930;33930;33930
60;2014-05-29 20:16:00;909402N262;4;33.930;37;233;233;233;233;0.012;49.98;371.4;0.007;277.9;0.006;351.9;0.006;60;0;0;0.006;0.005;0.025;0;0;3;49.98;49.98;49.98;24071;1000;0.0;0;0.0000;0;0;33930;33930;33930
60;2014-05-29 20:17:00;909402N262;2;33.930;37;233;233;233;234;0.006;50.00;356.9;0.007;264.6;0.007;310.3;0.003;60;0;0;0.004;0.011;0.005;0;1;0;50.00;50.00;50.00;24071;1000;0.0;0;0.0000;0;0;33930;33930;33930
60;2014-05-29 20:18:00;909402N262;1;33.930;37;233;233;234;233;0.004;49.99;344.7;0.005;280.9;0.006;325.6;0.003;60;0;0;0.004;0.006;0.002;0;0;0;49.99;49.99;49.99;24071;1000;0.0;0;0.0000;0;0;33930;33930;33930
60;2014-05-29 20:19:00;909402N262;1;33.930;37;233;233;234;234;0.003;49.99;340.8;0.003;321.1;0.003;325.1;0.003;60;0;0;0.002;0.005;0.003;0;0;0;49.99;49.99;49.99;24071;1000;0.0;0;0.0000;0;0;33930;33930;33930
60;2014-05-29 20:20:00;909402N262;0;33.930;37;233;232;234;234;0.000;50.00;334.3;0.003;299.7;0.003;280.2;0.002;60;0;0;0.000;0.001;0.000;0;0;0;50.00;50.00;50.00;24071;1000;0.0;0;0.0000;0;0;33930;33930;33930
60;2014-05-29 20:21:00;909402N262;0;33.930;37;233;232;234;234;0.000;50.01;268.8;0.002;265.2;0.003;264.9;0.000;60;0;0;0.000;0.001;0.000;0;0;0;50.01;50.01;50.01;24071;1000;0.0;0;0.0000;0;0;33930;33930;33930
60;2014-05-29 20:22:00;909402N262;0;33.930;36;234;232;234;234;0.006;50.01;271.3;0.000;262.2;0.002;266.2;0.000;80;0;0;0.000;0.018;0.000;0;0;0;50.01;50.01;50.01;24071;1000;0.0;0;0.0000;0;0;33930;33930;33930
60;2014-05-29 20:23:00;909402N262;0;33.930;36;234;233;236;233;0.003;50.02;446.4;0.004;425.7;0.001;493.2;0.001;51;0;0;0.003;0.003;0.003;0;0;0;50.02;50.02;50.02;22505;1000;0.0;0;0.0000;0;0;33930;33930;33930
60;2014-05-29 20:24:00;909402N262;0;33.930;36;234;232;236;233;0.000;50.02;418.7;0.009;370.9;0.003;403.5;0.003;51;0;0;0.000;0.000;0.000;0;0;0;50.02;50.02;50.02;20354;1000;0.0;0;0.0000;0;0;33930;33930;33930
60;2014-05-29 20:25:00;909402N262;0;33.930;36;234;232;236;233;0.000;50.03;414.0;0.007;354.7;0.002;385.6;0.003;51;0;0;0.000;0.000;0.000;0;0;0;50.03;50.03;50.03;20354;1000;0.0;0;0.0000;0;0;33930;33930;33930
60;2014-05-29 20:26:00;909402N262;0;33.930;36;233;232;236;233;0.000;50.03;345.2;0.009;317.6;0.002;329.0;0.003;51;0;0;0.000;0.000;0.000;0;0;0;50.03;50.03;50.03;20354;1000;0.0;0;0.0000;0;0;33930;33930;33930
60;2014-05-29 20:27:00;909402N262;0;33.930;35;233;232;236;233;0.000;50.03;245.2;0.011;244.6;0.001;245.8;0.003;51;0;0;0.000;0.000;0.000;0;0;0;50.03;50.03;50.03;20354;1000;0.0;0;0.0000;0;0;33930;33930;33930
60;2014-05-29 20:28:00;909402N262;0;33.930;35;233;232;235;233;0.000;50.03;242.3;0.008;241.8;0.000;241.8;0.001;51;0;0;0.000;0.000;0.000;0;0;0;50.03;50.03;50.03;20354;1000;0.0;0;0.0000;0;0;33930;33930;33930
60;2014-05-29 20:29:00;909402N262;0;33.930;35;234;233;236;233;0.000;50.03;241.8;0.007;241.2;0.000;241.5;0.000;51;0;0;0.000;0.000;0.000;0;0;0;50.03;50.03;50.03;20354;1000;0.0;0;0.0000;0;0;33930;33930;33930
60;2014-05-29 20:30:00;909402N262;0;33.930;35;234;233;236;233;0.000;50.01;239.2;0.007;238.6;0.000;238.8;0.000;51;0;0;0.000;0.000;0.000;0;0;0;50.01;50.01;50.01;20354;1000;0.0;0;0.0000;0;0;33930;33930;33930
60;2014-05-29 20:31:00;909402N262;0;33.930;34;234;233;236;233;0.000;50.01;237.6;0.007;237.0;0.000;237.6;0.000;51;0;0;0.000;0.000;0.000;0;0;0;50.01;50.01;50.01;20354;1000;0.0;0;0.0000;0;0;33930;33930;33930
60;2014-05-29 20:32:00;909402N262;0;33.930;34;233;232;235;233;0.000;50.01;236.7;0.007;236.1;0.000;235.8;0.000;51;0;0;0.000;0.000;0.000;0;0;0;50.01;50.01;50.01;20354;1000;0.0;0;0.0000;0;0;33930;33930;33930
60;2014-05-29 20:33:00;909402N262;0;33.930;34;233;233;235;232;0.000;50.01;236.9;0.005;236.3;0.000;236.9;0.000;51;0;0;0.000;0.000;0.000;0;0;0;50.01;50.01;50.01;20354;1000;0.0;0;0.0000;0;0;33930;33930;33930
60;2014-05-29 20:34:00;909402N262;0;33.930;34;233;232;235;232;0.000;50.01;235.6;0.003;235.1;0.000;235.7;0.000;51;0;0;0.000;0.000;0.000;0;0;0;50.01;50.01;50.01;20354;1000;0.0;0;0.0000;0;0;33930;33930;33930
60;2014-05-29 20:35:00;909402N262;0;33.930;33;233;232;235;233;0.000;50.02;233.8;0.003;233.3;0.000;233.9;0.000;51;0;0;0.000;0.000;0.000;0;0;0;50.02;50.02;50.02;20354;1000;0.0;0;0.0000;0;0;33930;33930;33930
60;2014-05-29 20:36:00;909402N262;0;33.930;33;233;232;235;232;0.000;50.01;232.1;0.003;231.5;0.000;232.1;0.000;51;0;0;0.000;0.000;0.000;0;0;0;50.01;50.01;50.01;20354;1000;0.0;0;0.0000;0;0;33930;33930;33930
60;2014-05-29 20:37:00;909402N262;0;33.930;33;233;232;235;231;0.000;50.02;230.0;0.003;229.4;0.000;230.3;0.000;51;0;0;0.000;0.000;0.000;0;0;0;50.02;50.02;50.02;20354;1000;0.0;0;0.0000;0;0;33930;33930;33930
60;2014-05-29 20:38:00;909402N262;0;33.930;33;233;233;235;232;0.000;50.02;228.8;0.003;228.2;0.000;228.7;0.000;51;0;0;0.000;0.000;0.000;0;0;0;50.02;50.02;50.02;20354;1000;0.0;0;0.0000;0;0;33930;33930;33930
60;2014-05-29 20:39:00;909402N262;0;33.930;33;233;234;235;231;0.000;50.00;227.4;0.001;226.8;0.000;227.4;0.000;51;0;0;0.000;0.000;0.000;0;0;0;50.00;50.00;50.00;20354;1000;0.0;0;0.0000;0;0;33930;33930;33930
60;2014-05-29 20:40:00;909402N262;0;33.930;33;233;234;235;232;0.000;50.01;230.1;0.000;229.5;0.000;229.8;0.000;51;0;0;0.000;0.000;0.000;0;0;0;50.01;50.01;50.01;20354;1000;0.0;0;0.0000;0;0;33930;33930;33930
60;2014-05-29 20:41:00;909402N262;0;33.930;32;233;233;235;231;0.000;49.99;238.0;0.000;237.5;0.000;237.8;0.000;51;0;0;0.000;0.000;0.000;0;0;0;49.99;49.99;49.99;20354;1000;0.0;0;0.0000;0;0;33930;33930;33930
60;2014-05-29 20:42:00;909402N262;0;33.930;32;233;232;235;231;0.000;50.00;234.6;0.000;234.0;0.000;234.6;0.000;51;0;0;0.000;0.000;0.000;0;0;0;50.00;50.00;50.00;20354;1000;0.0;0;0.0000;0;0;33930;33930;33930
60;2014-05-29 20:43:00;909402N262;0;33.930;32;233;233;235;231;0.000;50.01;230.1;0.000;229.5;0.000;230.5;0.000;51;0;0;0.000;0.000;0.000;0;0;0;50.01;50.01;50.01;20354;1000;0.0;0;0.0000;0;0;33930;33930;33930
60;2014-05-29 20:44:00;909402N262;0;33.930;32;233;232;235;231;0.000;50.00;227.9;0.000;227.4;0.000;227.8;0.000;51;0;0;0.000;0.000;0.000;0;0;0;50.00;50.00;50.00;20354;1000;0.0;0;0.0000;0;0;33930;33930;33930
60;2014-05-29 20:45:00;909402N262;0;33.930;32;233;233;235;231;0.000;50.01;230.7;0.000;230.2;0.000;230.6;0.000;51;0;0;0.000;0.000;0.000;0;0;0;50.01;50.01;50.01;20354;1000;0.0;0;0.0000;0;0;33930;33930;33930
60;2014-05-29 20:46:00;909402N262;0;33.930;32;233;233;235;231;0.000;50.00;228.0;0.000;227.5;0.000;228.5;0.000;51;0;0;0.000;0.000;0.000;0;0;0;50.00;50.00;50.00;20354;1000;0.0;0;0.0000;0;0;33930;33930;33930
60;2014-05-29 20:47:00;909402N262;0;33.930;31;233;233;235;231;0.000;49.99;229.2;0.000;228.7;0.000;229.3;0.000;51;0;0;0.000;0.000;0.000;0;0;0;49.99;49.99;49.99;20354;1000;0.0;0;0.0000;0;0;33930;33930;33930
60;2014-05-29 20:48:00;909402N262;0;33.930;31;233;233;234;232;0.000;49.98;228.0;0.000;227.5;0.000;228.0;0.000;51;0;0;0.000;0.000;0.000;0;0;0;49.98;49.98;49.98;20354;1000;0.0;0;0.0000;0;0;33930;33930;33930
60;2014-05-29 20:49:00;909402N262;0;33.930;31;233;233;234;232;0.000;49.99;228.2;0.000;227.7;0.000;228.2;0.000;51;0;0;0.000;0.000;0.000;0;0;0;49.99;49.99;49.99;20354;1000;0.0;0;0.0000;0;0;33930;33930;33930
60;2014-05-29 20:50:00;909402N262;0;33.930;31;233;233;234;232;0.000;50.00;228.9;0.000;228.4;0.000;228.9;0.000;51;0;0;0.000;0.000;0.000;0;0;0;50.00;50.00;50.00;20354;1000;0.0;0;0.0000;0;0;33930;33930;33930
60;2014-05-29 20:51:00;909402N262;0;33.930;31;233;233;234;232;0.000;49.99;227.8;0.000;227.3;0.000;227.7;0.000;51;0;0;0.000;0.000;0.000;0;0;0;49.99;49.99;49.99;20354;1000;0.0;0;0.0000;0;0;33930;33930;33930
60;2014-05-29 20:52:00;909402N262;0;33.930;31;233;233;234;232;0.000;49.99;228.6;0.000;228.1;0.000;228.7;0.000;51;0;0;0.000;0.000;0.000;0;0;0;49.99;49.99;49.99;20354;1000;0.0;0;0.0000;0;0;33930;33930;33930
60;2014-05-29 20:53:00;909402N262;0;33.930;31;233;233;234;232;0.000;49.98;231.4;0.000;230.7;0.000;231.4;0.000;51;0;0;0.000;0.000;0.000;0;0;0;49.98;49.98;49.98;20354;1000;0.0;0;0.0000;0;0;33930;33930;33930
60;2014-05-29 20:54:00;909402N262;0;33.930;31;233;233;234;232;0.000;49.99;227.8;0.000;225.8;0.000;227.8;0.000;51;0;0;0.000;0.000;0.000;0;0;0;49.99;49.99;49.99;20354;1000;0.0;0;0.0000;0;0;33930;33930;33930
60;2014-05-29 20:55:00;909402N262;0;33.930;31;233;233;234;232;0.000;50.01;231.4;0.000;220.8;0.000;231.4;0.000;51;0;0;0.000;0.000;0.000;0;0;0;50.01;50.01;50.01;20354;1000;0.0;0;0.0000;0;0;33930;33930;33930
60;2014-05-29 20:56:00;909402N262;0;33.930;31;233;233;234;232;0.000;50.00;227.0;0.000;210.6;0.000;227.0;0.000;51;0;0;0.000;0.000;0.000;0;0;0;50.00;50.00;50.00;20354;1000;0.0;0;0.0000;0;0;33930;33930;33930
60;2014-05-29 20:57:00;909402N262;0;33.930;31;233;233;234;232;0.000;49.99;237.3;0.000;200.4;0.000;231.3;0.000;51;0;0;0.000;0.000;0.000;0;0;0;49.99;49.99;49.99;20354;1000;0.0;0;0.0000;0;0;33930;33930;33930
60;2014-05-29 20:58:00;909402N262;0;33.930;31;233;233;234;232;0.000;50.00;238.7;0.000;190.6;0.000;219.0;0.000;51;0;0;0.000;0.000;0.000;0;0;0;50.00;50.00;50.00;20354;1000;0.0;0;0.0000;0;0;33930;33930;33930
60;2014-05-29 20:59:00;909402N262;0;33.930;31;233;233;234;232;0.000;50.00;233.9;0.000;181.3;0.000;207.1;0.000;51;0;0;0.000;0.000;0.000;0;0;0;50.00;50.00;50.00;20354;1000;0.0;0;0.0000;0;0;33930;33930;33930
[wr_ende]
