20140529;130003;danfoss;My Plant;+0100
[wr_def_start]
909402N262;Inverter Type;Inverter Group;Hanzl
[wr_def_end]
[wr]
INTERVAL;TIMESTAMP;SERIAL;P_AC;E_DAY;T_WR;U_AC;U_AC_1;U_AC_2;U_AC_3;I_AC;F_AC;U_DC_1;I_DC_1;U_DC_2;I_DC_2;U_DC_3;I_DC_3;S;E_WR;M_WR;I_AC_1;I_AC_2;I_AC_3;P_AC_1;P_AC_2;P_AC_3;F_AC_1;F_AC_2;F_AC_3;R_DC;PC;PCS;PCS_LL;COS_PHI;COS_PHI_LL;S_COS_PHI;Current_Day_Energy;current_Day_Offset;ccEnergyOfDay_WithoutOffset
60;2014-05-29 12:01:00;909402N262;2862;13.211;43;234;234;234;235;4.098;50.01;567.2;2.102;644.4;1.222;794.1;1.155;60;0;0;4.043;4.123;4.130;939;958;964;50.01;50.01;50.01;24071;1000;0.0;0;0.0000;0;0;13211;13211;13211
60;2014-05-29 12:02:00;909402N262;2963;13.261;43;234;234;234;235;4.250;50.00;572.0;2.148;662.1;1.243;795.1;1.183;60;0;0;4.196;4.281;4.275;973;992;996;50.00;50.00;50.00;24071;1000;0.0;0;0.0000;0;0;13261;13261;13261
60;2014-05-29 12:03:00;909402N262;3035;13.311;43;234;234;234;235;4.356;50.00;571.9;2.199;662.4;1.276;795.1;1.212;60;0;0;4.301;4.383;4.385;998;1016;1021;50.00;50.00;50.00;24071;1000;0.0;0;0.0000;0;0;13311;13311;13311
60;2014-05-29 12:04:00;909402N262;3116;13.363;43;234;234;234;234;4.469;50.00;571.2;2.259;662.9;1.312;795.0;1.242;60;0;0;4.412;4.503;4.493;1025;1043;1045;50.00;50.00;50.00;24071;1000;0.0;0;0.0000;0;0;13363;13363;13363
60;2014-05-29 12:05:00;909402N262;3213;13.416;43;234;234;234;234;4.608;49.99;570.6;2.330;663.7;1.354;795.1;1.280;60;0;0;4.555;4.641;4.628;1058;1077;1077;49.99;49.99;49.99;24071;1000;0.0;0;0.0000;0;0;13416;13416;13416
60;2014-05-29 12:06:00;909402N262;3334;13.473;43;234;234;234;234;4.781;50.01;569.1;2.421;664.0;1.407;795.1;1.331;60;0;0;4.732;4.812;4.801;1100;1116;1117;50.01;50.01;50.01;24071;1000;0.0;0;0.0000;0;0;13473;13473;13473
60;2014-05-29 12:07:00;909402N262;3476;13.530;43;234;234;234;234;4.980;50.00;567.8;2.523;664.0;1.469;795.0;1.392;60;0;0;4.942;5.002;4.998;1150;1160;1163;50.00;50.00;50.00;24071;1000;0.0;0;0.0000;0;0;13530;13530;13530
60;2014-05-29 12:08:00;909402N262;3626;13.590;43;234;235;234;234;5.190;50.00;566.2;2.631;664.7;1.534;795.0;1.457;60;0;0;5.146;5.225;5.199;1199;1217;1208;50.00;50.00;50.00;24071;1000;0.0;0;0.0000;0;0;13590;13590;13590
60;2014-05-29 12:09:00;909402N262;3768;13.654;43;234;235;235;234;5.387;50.01;564.8;2.731;664.6;1.598;795.2;1.519;60;0;0;5.344;5.422;5.396;1246;1264;1257;50.01;50.01;50.01;24071;1000;0.0;0;0.0000;0;0;13654;13654;13654
60;2014-05-29 12:10:00;909402N262;3892;13.718;43;234;234;234;235;5.565;50.01;563.3;2.819;664.3;1.655;795.0;1.574;60;0;0;5.516;5.594;5.585;1285;1303;1302;50.01;50.01;50.01;24071;1000;0.0;0;0.0000;0;0;13718;13718;13718
60;2014-05-29 12:11:00;909402N262;3992;13.785;43;234;234;234;235;5.708;50.02;561.5;2.895;663.8;1.703;795.0;1.616;60;0;0;5.659;5.738;5.727;1318;1335;1336;50.02;50.02;50.02;24071;1000;0.0;0;0.0000;0;0;13785;13785;13785
60;2014-05-29 12:12:00;909402N262;4077;13.852;43;234;234;233;235;5.829;50.02;560.1;2.960;663.1;1.743;795.0;1.652;60;0;0;5.781;5.847;5.861;1348;1357;1370;50.02;50.02;50.02;24071;1000;0.0;0;0.0000;0;0;13852;13852;13852
60;2014-05-29 12:13:00;909402N262;4169;13.921;44;234;234;233;235;5.967;50.01;558.4;3.033;662.2;1.788;794.9;1.692;60;0;0;5.928;5.984;5.990;1380;1387;1401;50.01;50.01;50.01;24071;1000;0.0;0;0.0000;0;0;13921;13921;13921
60;2014-05-29 12:14:00;909402N262;4270;13.993;44;234;234;234;235;6.104;50.01;557.0;3.109;661.8;1.834;794.5;1.735;60;0;0;6.050;6.135;6.129;1409;1426;1432;50.01;50.01;50.01;24071;1000;0.0;0;0.0000;0;0;13993;13993;13993
60;2014-05-29 12:15:00;909402N262;4320;14.065;44;234;234;234;235;6.174;49.99;556.2;3.147;661.1;1.860;794.6;1.757;60;0;0;6.128;6.204;6.192;1429;1444;1446;49.99;49.99;49.99;24071;1000;0.0;0;0.0000;0;0;14065;14065;14065
60;2014-05-29 12:16:00;909402N262;4345;14.139;44;234;234;234;235;6.211;49.99;551.0;3.204;657.7;1.899;794.9;1.787;60;0;0;6.170;6.241;6.222;1437;1453;1453;49.99;49.99;49.99;24071;1000;0.0;0;0.0000;0;0;14139;14139;14139
60;2014-05-29 12:17:00;909402N262;4492;14.213;44;234;235;234;235;6.434;49.98;553.7;3.278;660.4;1.938;794.7;1.833;60;0;0;6.407;6.450;6.447;1492;1494;1503;49.98;49.98;49.98;24071;1000;0.0;0;0.0000;0;0;14213;14213;14213
60;2014-05-29 12:18:00;909402N262;4610;14.290;44;234;235;234;235;6.600;49.99;552.8;3.366;660.2;1.989;794.6;1.887;60;0;0;6.567;6.626;6.607;1531;1536;1541;49.99;49.99;49.99;24071;1000;0.0;0;0.0000;0;0;14290;14290;14290
60;2014-05-29 12:19:00;909402N262;4738;14.369;44;234;235;233;235;6.781;49.99;552.6;3.459;660.5;2.039;794.6;1.945;60;0;0;6.761;6.786;6.798;1578;1569;1589;49.99;49.99;49.99;24071;1000;0.0;0;0.0000;0;0;14369;14369;14369
60;2014-05-29 12:20:00;909402N262;4871;14.450;44;235;236;234;234;6.960;49.99;551.8;3.559;660.6;2.092;794.5;2.005;60;0;0;6.930;6.996;6.954;1623;1630;1617;49.99;49.99;49.99;24071;1000;0.0;0;0.0000;0;0;14450;14450;14450
60;2014-05-29 12:21:00;909402N262;4968;14.532;44;235;235;235;234;7.096;50.00;551.3;3.634;660.4;2.131;794.7;2.047;60;0;0;7.072;7.131;7.086;1656;1663;1648;50.00;50.00;50.00;24071;1000;0.0;0;0.0000;0;0;14532;14532;14532
60;2014-05-29 12:22:00;909402N262;5063;14.616;44;235;235;234;234;7.232;49.99;549.9;3.715;659.8;2.170;794.6;2.089;60;0;0;7.212;7.266;7.220;1689;1693;1679;49.99;49.99;49.99;24071;1000;0.0;0;0.0000;0;0;14616;14616;14616
60;2014-05-29 12:23:00;909402N262;5246;14.705;44;235;236;235;234;7.482;49.98;548.9;3.861;659.2;2.253;794.7;2.159;60;0;0;7.452;7.528;7.466;1748;1757;1740;49.98;49.98;49.98;24071;1000;0.0;0;0.0000;0;0;14705;14705;14705
60;2014-05-29 12:24:00;909402N262;5261;14.793;44;235;236;234;234;7.508;49.98;547.8;3.873;657.8;2.257;794.7;2.174;60;0;0;7.492;7.539;7.494;1756;1758;1745;49.98;49.98;49.98;24071;1000;0.0;0;0.0000;0;0;14793;14793;14793
60;2014-05-29 12:25:00;909402N262;5352;14.882;44;235;236;234;234;7.633;49.98;547.0;3.946;656.3;2.297;794.9;2.217;60;0;0;7.625;7.652;7.622;1789;1783;1778;49.98;49.98;49.98;24071;1000;0.0;0;0.0000;0;0;14882;14882;14882
60;2014-05-29 12:26:00;909402N262;5533;14.974;44;235;236;235;235;7.875;49.99;546.3;4.086;656.1;2.380;794.9;2.288;60;0;0;7.860;7.899;7.867;1846;1847;1838;49.99;49.99;49.99;24071;1000;0.0;0;0.0000;0;0;14974;14974;14974
60;2014-05-29 12:27:00;909402N262;5558;15.067;44;235;236;235;234;7.912;49.98;545.5;4.100;655.2;2.388;795.0;2.309;60;0;0;7.880;7.957;7.900;1850;1862;1843;49.98;49.98;49.98;24071;1000;0.0;0;0.0000;0;0;15067;15067;15067
60;2014-05-29 12:28:00;909402N262;5648;15.161;44;235;236;235;234;8.043;49.99;544.5;4.167;654.1;2.425;795.1;2.359;60;0;0;8.021;8.085;8.025;1882;1892;1873;49.99;49.99;49.99;24071;1000;0.0;0;0.0000;0;0;15161;15161;15161
60;2014-05-29 12:29:00;909402N262;5724;15.256;44;235;236;235;235;8.147;49.99;544.0;4.222;653.4;2.466;795.1;2.390;60;0;0;8.120;8.193;8.130;1906;1916;1900;49.99;49.99;49.99;24071;1000;0.0;0;0.0000;0;0;15256;15256;15256
60;2014-05-29 12:30:00;909402N262;5798;15.353;44;235;235;235;235;8.247;49.97;542.8;4.293;652.6;2.496;794.8;2.421;60;0;0;8.210;8.274;8.259;1926;1935;1936;49.97;49.97;49.97;24071;1000;0.0;0;0.0000;0;0;15353;15353;15353
60;2014-05-29 12:31:00;909402N262;6237;15.457;44;235;235;234;236;8.853;49.97;539.3;4.651;639.5;2.728;793.4;2.627;60;0;0;8.844;8.836;8.880;2077;2070;2088;49.97;49.97;49.97;24071;1000;0.0;0;0.0000;0;0;15457;15457;15457
60;2014-05-29 12:32:00;909402N262;5910;15.556;45;235;235;234;236;8.395;49.98;540.9;4.371;651.4;2.538;795.1;2.491;60;0;0;8.377;8.399;8.409;1968;1962;1978;49.98;49.98;49.98;24071;1000;0.0;0;0.0000;0;0;15556;15556;15556
60;2014-05-29 12:33:00;909402N262;5855;15.652;45;235;235;234;236;8.310;49.98;540.5;4.328;650.4;2.527;794.8;2.462;60;0;0;8.291;8.313;8.328;1949;1945;1959;49.98;49.98;49.98;24071;1000;0.0;0;0.0000;0;0;15652;15652;15652
60;2014-05-29 12:34:00;909402N262;5785;15.750;45;235;235;234;236;8.219;49.98;540.7;4.289;649.6;2.508;794.9;2.417;60;0;0;8.196;8.222;8.239;1927;1919;1937;49.98;49.98;49.98;24071;1000;0.0;0;0.0000;0;0;15750;15750;15750
60;2014-05-29 12:35:00;909402N262;5824;15.846;45;235;235;233;236;8.282;49.98;541.1;4.314;649.5;2.524;795.4;2.434;60;0;0;8.284;8.247;8.315;1947;1914;1960;49.98;49.98;49.98;24071;1000;0.0;0;0.0000;0;0;15846;15846;15846
60;2014-05-29 12:36:00;909402N262;5911;15.944;45;235;235;233;236;8.402;49.99;541.2;4.373;649.7;2.566;794.8;2.473;60;0;0;8.397;8.376;8.434;1973;1949;1987;49.99;49.99;49.99;24071;1000;0.0;0;0.0000;0;0;15944;15944;15944
60;2014-05-29 12:37:00;909402N262;5820;16.042;45;235;235;234;235;8.285;49.98;541.8;4.308;649.0;2.533;788.0;2.444;60;0;0;8.264;8.295;8.296;1936;1937;1945;49.98;49.98;49.98;24071;1000;0.0;0;0.0000;0;0;16042;16042;16042
60;2014-05-29 12:38:00;909402N262;5679;16.136;45;235;235;235;235;8.083;49.98;542.7;4.202;648.0;2.476;784.3;2.391;60;0;0;8.043;8.110;8.098;1881;1897;1898;49.98;49.98;49.98;24071;1000;0.0;0;0.0000;0;0;16136;16136;16136
60;2014-05-29 12:39:00;909402N262;5610;16.231;45;235;235;235;235;7.976;49.98;542.7;4.157;647.5;2.450;783.3;2.360;60;0;0;7.934;8.013;7.981;1861;1878;1870;49.98;49.98;49.98;24071;1000;0.0;0;0.0000;0;0;16231;16231;16231
60;2014-05-29 12:40:00;909402N262;5596;16.324;45;235;235;235;236;7.957;49.98;542.6;4.149;647.3;2.443;782.6;2.356;60;0;0;7.914;7.977;7.981;1856;1866;1872;49.98;49.98;49.98;24071;1000;0.0;0;0.0000;0;0;16324;16324;16324
60;2014-05-29 12:41:00;909402N262;5708;16.419;45;235;235;235;235;8.118;49.98;542.0;4.228;647.2;2.494;783.4;2.409;60;0;0;8.084;8.141;8.131;1896;1904;1907;49.98;49.98;49.98;24071;1000;0.0;0;0.0000;0;0;16419;16419;16419
60;2014-05-29 12:42:00;909402N262;5826;16.515;45;235;235;235;236;8.278;49.98;540.4;4.326;646.9;2.544;782.7;2.464;60;0;0;8.240;8.308;8.286;1933;1945;1945;49.98;49.98;49.98;24071;1000;0.0;0;0.0000;0;0;16515;16515;16515
60;2014-05-29 12:43:00;909402N262;5799;16.612;45;235;235;234;236;8.243;49.99;539.6;4.306;646.5;2.528;781.9;2.462;60;0;0;8.216;8.253;8.262;1928;1927;1941;49.99;49.99;49.99;24071;1000;0.0;0;0.0000;0;0;16612;16612;16612
60;2014-05-29 12:44:00;909402N262;5858;16.710;45;235;236;235;236;8.321;49.99;539.2;4.365;646.2;2.545;781.8;2.489;60;0;0;8.292;8.333;8.339;1947;1950;1959;49.99;49.99;49.99;24071;1000;0.0;0;0.0000;0;0;16710;16710;16710
60;2014-05-29 12:45:00;909402N262;6245;16.814;45;235;236;235;236;8.861;49.97;538.5;4.643;647.7;2.687;784.7;2.673;60;0;0;8.838;8.866;8.881;2078;2075;2090;49.97;49.97;49.97;24071;1000;0.0;0;0.0000;0;0;16814;16814;16814
60;2014-05-29 12:46:00;909402N262;5922;16.913;45;235;236;235;236;8.404;49.97;534.8;4.441;630.8;2.588;783.9;2.563;60;0;0;8.386;8.404;8.424;1971;1968;1980;49.97;49.97;49.97;24071;1000;0.0;0;0.0000;0;0;16913;16913;16913
60;2014-05-29 12:47:00;909402N262;7368;17.037;46;235;236;235;236;10.426;49.98;539.4;5.672;647.2;3.358;783.0;2.875;60;0;0;10.419;10.395;10.465;2454;2447;2466;49.98;49.98;49.98;24071;1000;0.0;0;0.0000;0;0;17037;17037;17037
60;2014-05-29 12:48:00;909402N262;6839;17.151;46;235;235;235;236;9.696;50.00;535.6;4.969;646.1;2.904;787.8;3.035;60;0;0;9.655;9.693;9.741;2271;2271;2292;50.00;50.00;50.00;24071;1000;0.0;0;0.0000;0;0;17151;17151;17151
60;2014-05-29 12:49:00;909402N262;6033;17.252;46;235;235;235;236;8.576;50.01;535.6;4.514;644.5;2.575;781.8;2.609;60;0;0;8.522;8.585;8.621;1996;2009;2025;50.01;50.01;50.01;24071;1000;0.0;0;0.0000;0;0;17252;17252;17252
60;2014-05-29 12:50:00;909402N262;6069;17.352;46;235;234;236;235;8.630;50.01;537.1;4.467;644.8;2.546;783.2;2.716;60;0;0;8.559;8.663;8.669;2000;2041;2034;50.01;50.01;50.01;24071;1000;0.0;0;0.0000;0;0;17352;17352;17352
60;2014-05-29 12:51:00;909402N262;7841;17.484;46;235;235;236;234;11.109;50.01;535.4;5.713;649.5;3.181;787.6;3.571;60;0;0;11.042;11.199;11.087;2593;2647;2592;50.01;50.01;50.01;24071;1000;0.0;0;0.0000;0;0;17484;17484;17484
60;2014-05-29 12:52:00;909402N262;10153;17.652;46;236;237;237;234;14.317;50.01;531.7;7.554;647.6;4.374;783.6;4.486;60;0;0;14.344;14.349;14.258;3406;3418;3346;50.01;50.01;50.01;24071;1000;0.0;0;0.0000;0;0;17652;17652;17652
60;2014-05-29 12:53:00;909402N262;11824;17.849;46;236;237;237;235;16.682;50.02;519.9;8.754;645.9;5.014;781.0;5.428;60;0;0;16.675;16.794;16.577;3953;3971;3891;50.02;50.02;50.02;24071;1000;0.0;0;0.0000;0;0;17849;17849;17849
60;2014-05-29 12:54:00;909402N262;6515;17.957;46;235;236;235;234;9.261;50.01;528.8;4.831;634.6;2.792;766.5;2.950;60;0;0;9.238;9.325;9.221;2173;2183;2152;50.01;50.01;50.01;24071;1000;0.0;0;0.0000;0;0;17957;17957;17957
60;2014-05-29 12:55:00;909402N262;3172;18.011;46;235;235;235;234;4.559;50.02;522.3;2.498;620.9;1.380;755.0;1.377;60;0;0;4.506;4.614;4.557;1045;1072;1052;50.02;50.02;50.02;24071;1000;0.0;0;0.0000;0;0;18011;18011;18011
60;2014-05-29 12:56:00;909402N262;2700;18.056;47;235;234;235;235;3.890;50.02;527.0;2.126;619.2;1.166;753.8;1.166;60;0;0;3.831;3.935;3.906;885;910;903;50.02;50.02;50.02;24071;1000;0.0;0;0.0000;0;0;18056;18056;18056
60;2014-05-29 12:57:00;909402N262;2389;18.096;47;235;235;235;235;3.448;50.01;530.9;1.879;618.6;1.029;753.5;1.024;60;0;0;3.390;3.493;3.462;782;805;799;50.01;50.01;50.01;24071;1000;0.0;0;0.0000;0;0;18096;18096;18096
60;2014-05-29 12:58:00;909402N262;2148;18.131;47;235;235;235;235;3.112;50.01;525.3;1.716;618.0;0.923;753.2;0.916;60;0;0;3.058;3.156;3.122;702;725;717;50.01;50.01;50.01;24071;1000;0.0;0;0.0000;0;0;18131;18131;18131
60;2014-05-29 12:59:00;909402N262;1957;18.164;46;235;235;235;235;2.840;50.01;522.4;1.580;617.3;0.839;753.0;0.831;60;0;0;2.780;2.886;2.856;636;663;655;50.01;50.01;50.01;24071;1000;0.0;0;0.0000;0;0;18164;18164;18164
60;2014-05-29 13:00:00;909402N262;1798;18.194;46;235;235;235;236;2.626;50.00;526.0;1.448;617.7;0.769;751.8;0.762;60;0;0;2.575;2.671;2.633;585;610;601;50.00;50.00;50.00;24071;1000;0.0;0;0.0000;0;0;18194;18194;18194
[wr_ende]
