20140823;140001;danfoss;My Plant;+0100
[wr_def_start]
909402N262;Inverter Type;Inverter Group;Hanzl
[wr_def_end]
[wr]
INTERVAL;TIMESTAMP;SERIAL;P_AC;E_DAY;T_WR;U_AC;U_AC_1;U_AC_2;U_AC_3;I_AC;F_AC;U_DC_1;I_DC_1;U_DC_2;I_DC_2;U_DC_3;I_DC_3;S;E_WR;M_WR;I_AC_1;I_AC_2;I_AC_3;P_AC_1;P_AC_2;P_AC_3;F_AC_1;F_AC_2;F_AC_3;R_DC;PC;PCS;PCS_LL;COS_PHI;COS_PHI_LL;S_COS_PHI;Current_Day_Energy;current_Day_Offset;ccEnergyOfDay_WithoutOffset
60;2014-08-23 13:01:00;909402N262;2604;12.132;44;234;233;234;235;3.785;49.96;551.3;2.134;609.1;1.171;775.2;0.957;60;0;0;3.721;3.796;3.838;848;873;882;49.96;49.96;49.96;4013;1000;0.0;0;0.0000;0;0;12132;12132;12132
60;2014-08-23 13:02:00;909402N262;2567;12.175;44;234;233;234;235;3.738;49.96;559.9;2.064;619.0;1.144;779.6;0.935;60;0;0;3.669;3.764;3.781;835;860;869;49.96;49.96;49.96;4013;1000;0.0;0;0.0000;0;0;12175;12175;12175
60;2014-08-23 13:03:00;909402N262;2505;12.217;44;234;234;233;235;3.653;49.96;555.2;2.034;618.3;1.118;778.9;0.912;60;0;0;3.603;3.673;3.685;824;835;846;49.96;49.96;49.96;4013;1000;0.0;0;0.0000;0;0;12217;12217;12217
60;2014-08-23 13:04:00;909402N262;2443;12.258;45;234;234;233;235;3.566;49.97;554.1;1.988;617.4;1.091;778.6;0.888;60;0;0;3.516;3.589;3.595;803;816;823;49.97;49.97;49.97;4013;1000;0.0;0;0.0000;0;0;12258;12258;12258
60;2014-08-23 13:05:00;909402N262;2414;12.298;45;234;235;233;235;3.523;49.99;553.6;1.967;616.5;1.079;778.4;0.879;60;0;0;3.474;3.546;3.549;794;806;813;49.99;49.99;49.99;4013;1000;0.0;0;0.0000;0;0;12298;12298;12298
60;2014-08-23 13:06:00;909402N262;2456;12.339;45;234;235;234;235;3.578;49.99;553.2;2.002;617.4;1.093;779.0;0.896;60;0;0;3.527;3.600;3.609;806;820;828;49.99;49.99;49.99;4013;1000;0.0;0;0.0000;0;0;12339;12339;12339
60;2014-08-23 13:07:00;909402N262;2387;12.378;45;234;235;234;235;3.482;49.99;552.8;1.944;616.8;1.067;778.5;0.872;60;0;0;3.429;3.503;3.515;783;796;805;49.99;49.99;49.99;4013;1000;0.0;0;0.0000;0;0;12378;12378;12378
60;2014-08-23 13:08:00;909402N262;2386;12.418;45;234;234;234;235;3.482;50.00;551.4;1.942;617.4;1.070;778.6;0.873;60;0;0;3.421;3.510;3.516;780;798;805;50.00;50.00;50.00;4013;1000;0.0;0;0.0000;0;0;12418;12418;12418
60;2014-08-23 13:09:00;909402N262;2336;12.457;45;235;234;234;235;3.407;50.01;550.8;1.896;617.4;1.051;778.7;0.855;60;0;0;3.346;3.440;3.436;763;783;787;50.01;50.01;50.01;4013;1000;0.0;0;0.0000;0;0;12457;12457;12457
60;2014-08-23 13:10:00;909402N262;2250;12.494;45;235;234;234;235;3.286;50.00;550.0;1.825;617.4;1.015;778.1;0.824;60;0;0;3.225;3.322;3.312;735;755;757;50.00;50.00;50.00;4013;1000;0.0;0;0.0000;0;0;12494;12494;12494
60;2014-08-23 13:11:00;909402N262;2166;12.531;45;235;235;235;236;3.166;50.01;550.1;1.757;616.8;0.979;774.0;0.799;60;0;0;3.107;3.203;3.190;707;728;729;50.01;50.01;50.01;4013;1000;0.0;0;0.0000;0;0;12531;12531;12531
60;2014-08-23 13:12:00;909402N262;2087;12.566;45;235;235;234;235;3.058;50.01;549.6;1.692;616.4;0.945;775.1;0.769;60;0;0;3.005;3.088;3.082;683;700;702;50.01;50.01;50.01;4013;1000;0.0;0;0.0000;0;0;12566;12566;12566
60;2014-08-23 13:13:00;909402N262;2005;12.600;45;235;235;234;236;2.944;50.02;548.6;1.625;615.4;0.910;776.1;0.738;60;0;0;2.897;2.963;2.972;658;669;676;50.02;50.02;50.02;4013;1000;0.0;0;0.0000;0;0;12600;12600;12600
60;2014-08-23 13:14:00;909402N262;1941;12.632;45;235;235;234;236;2.861;50.00;548.8;1.574;614.7;0.883;767.1;0.721;60;0;0;2.806;2.897;2.882;633;653;654;50.00;50.00;50.00;4013;1000;0.0;0;0.0000;0;0;12632;12632;12632
60;2014-08-23 13:15:00;909402N262;1893;12.663;45;235;234;234;236;2.791;50.00;548.2;1.538;614.8;0.862;737.8;0.729;60;0;0;2.730;2.832;2.812;615;638;637;50.00;50.00;50.00;4013;1000;0.0;0;0.0000;0;0;12663;12663;12663
60;2014-08-23 13:16:00;909402N262;1838;12.693;45;235;235;234;235;2.707;50.00;544.1;1.508;600.4;0.853;744.7;0.707;60;0;0;2.662;2.747;2.713;602;620;614;50.00;50.00;50.00;4013;1000;0.0;0;0.0000;0;0;12693;12693;12693
60;2014-08-23 13:17:00;909402N262;1803;12.724;45;235;236;234;235;2.638;50.00;547.9;1.465;614.3;0.823;773.3;0.660;60;0;0;2.595;2.674;2.645;590;607;603;50.00;50.00;50.00;4013;1000;0.0;0;0.0000;0;0;12724;12724;12724
60;2014-08-23 13:18:00;909402N262;1721;12.753;45;235;235;234;235;2.528;50.02;548.8;1.395;614.2;0.790;745.6;0.653;60;0;0;2.483;2.557;2.544;562;579;578;50.02;50.02;50.02;4013;1000;0.0;0;0.0000;0;0;12753;12753;12753
60;2014-08-23 13:19:00;909402N262;1617;12.780;45;235;234;234;235;2.385;50.01;549.4;1.309;612.9;0.746;733.5;0.620;60;0;0;2.333;2.423;2.399;525;547;543;50.01;50.01;50.01;4013;1000;0.0;0;0.0000;0;0;12780;12780;12780
60;2014-08-23 13:20:00;909402N262;1502;12.805;45;235;235;234;235;2.227;50.02;549.4;1.217;612.2;0.694;731.5;0.575;60;0;0;2.176;2.262;2.245;487;508;505;50.02;50.02;50.02;4013;1000;0.0;0;0.0000;0;0;12805;12805;12805
60;2014-08-23 13:21:00;909402N262;1395;12.828;45;235;234;235;236;2.076;50.03;550.2;1.134;610.7;0.648;746.5;0.519;60;0;0;2.023;2.110;2.097;449;472;471;50.03;50.03;50.03;4013;1000;0.0;0;0.0000;0;0;12828;12828;12828
60;2014-08-23 13:22:00;909402N262;1339;12.850;45;235;234;235;236;2.000;50.03;551.8;1.088;609.9;0.620;730.7;0.509;60;0;0;1.954;2.031;2.016;433;453;451;50.03;50.03;50.03;4013;1000;0.0;0;0.0000;0;0;12850;12850;12850
60;2014-08-23 13:23:00;909402N262;1303;12.872;45;235;234;235;235;1.949;50.03;553.4;1.056;609.3;0.603;729.6;0.499;60;0;0;1.895;1.984;1.970;419;442;440;50.03;50.03;50.03;4013;1000;0.0;0;0.0000;0;0;12872;12872;12872
60;2014-08-23 13:24:00;909402N262;1230;12.893;45;235;234;235;235;1.837;50.02;554.3;0.993;607.7;0.571;727.8;0.472;60;0;0;1.782;1.876;1.854;395;418;414;50.02;50.02;50.02;4013;1000;0.0;0;0.0000;0;0;12893;12893;12893
60;2014-08-23 13:25:00;909402N262;1115;12.912;45;235;235;234;235;1.636;50.01;541.2;0.926;604.5;0.521;721.1;0.429;60;0;0;1.589;1.675;1.646;359;379;375;50.01;50.01;50.01;4013;1000;0.0;0;0.0000;0;0;12912;12912;12912
60;2014-08-23 13:26:00;909402N262;1018;12.928;45;235;235;234;235;1.503;50.02;535.1;0.865;603.5;0.474;720.0;0.390;60;0;0;1.456;1.542;1.511;327;348;341;50.02;50.02;50.02;4013;1000;0.0;0;0.0000;0;0;12928;12928;12928
60;2014-08-23 13:27:00;909402N262;977;12.945;45;235;235;235;236;1.458;50.02;536.0;0.834;601.9;0.452;721.6;0.372;60;0;0;1.422;1.498;1.455;316;336;323;50.02;50.02;50.02;4013;1000;0.0;0;0.0000;0;0;12945;12945;12945
60;2014-08-23 13:28:00;909402N262;966;12.961;45;235;236;235;236;1.459;50.02;546.6;0.817;602.2;0.442;725.4;0.365;60;0;0;1.437;1.495;1.447;316;332;317;50.02;50.02;50.02;4013;1000;0.0;0;0.0000;0;0;12961;12961;12961
60;2014-08-23 13:29:00;909402N262;1014;12.978;45;235;236;234;235;1.530;50.00;551.6;0.857;604.9;0.455;724.1;0.382;60;0;0;1.500;1.575;1.516;330;350;333;50.00;50.00;50.00;4013;1000;0.0;0;0.0000;0;0;12978;12978;12978
60;2014-08-23 13:30:00;909402N262;1136;12.997;45;235;236;234;235;1.706;50.02;550.3;0.962;611.8;0.498;730.5;0.428;60;0;0;1.668;1.746;1.704;368;388;378;50.02;50.02;50.02;4013;1000;0.0;0;0.0000;0;0;12997;12997;12997
60;2014-08-23 13:31:00;909402N262;1284;13.018;44;235;235;234;235;1.916;50.01;545.6;1.096;600.2;0.573;734.9;0.489;60;0;0;1.878;1.950;1.921;417;436;429;50.01;50.01;50.01;4013;1000;0.0;0;0.0000;0;0;13018;13018;13018
60;2014-08-23 13:32:00;909402N262;1470;13.042;44;235;236;234;235;2.184;50.01;549.6;1.232;617.0;0.644;742.7;0.551;60;0;0;2.146;2.218;2.189;481;497;491;50.01;50.01;50.01;4013;1000;0.0;0;0.0000;0;0;13042;13042;13042
60;2014-08-23 13:33:00;909402N262;1592;13.068;44;235;235;234;234;2.351;50.02;549.9;1.326;616.0;0.702;743.8;0.598;60;0;0;2.309;2.386;2.359;521;538;531;50.02;50.02;50.02;4013;1000;0.0;0;0.0000;0;0;13068;13068;13068
60;2014-08-23 13:34:00;909402N262;1661;13.096;44;235;235;234;235;2.444;50.02;550.4;1.379;617.0;0.734;745.1;0.623;60;0;0;2.404;2.478;2.451;544;560;554;50.02;50.02;50.02;4013;1000;0.0;0;0.0000;0;0;13096;13096;13096
60;2014-08-23 13:35:00;909402N262;1711;13.125;44;235;236;234;235;2.515;50.01;551.5;1.417;618.0;0.754;746.1;0.644;60;0;0;2.476;2.543;2.526;562;576;572;50.01;50.01;50.01;4013;1000;0.0;0;0.0000;0;0;13125;13125;13125
60;2014-08-23 13:36:00;909402N262;1756;13.155;44;235;236;234;235;2.574;50.02;551.3;1.454;618.9;0.772;747.2;0.661;60;0;0;2.538;2.609;2.576;577;592;584;50.02;50.02;50.02;4013;1000;0.0;0;0.0000;0;0;13155;13155;13155
60;2014-08-23 13:37:00;909402N262;1810;13.184;44;235;235;235;235;2.644;50.01;551.8;1.498;619.8;0.794;750.5;0.679;60;0;0;2.594;2.695;2.644;590;615;603;50.01;50.01;50.01;4013;1000;0.0;0;0.0000;0;0;13184;13184;13184
60;2014-08-23 13:38:00;909402N262;1865;13.216;44;235;235;235;235;2.718;50.01;552.3;1.538;618.5;0.820;749.4;0.702;60;0;0;2.666;2.769;2.720;609;632;622;50.01;50.01;50.01;4013;1000;0.0;0;0.0000;0;0;13216;13216;13216
60;2014-08-23 13:39:00;909402N262;1894;13.248;44;235;235;235;235;2.757;50.00;553.8;1.557;617.9;0.833;748.9;0.715;60;0;0;2.706;2.794;2.771;618;639;635;50.00;50.00;50.00;4013;1000;0.0;0;0.0000;0;0;13248;13248;13248
60;2014-08-23 13:40:00;909402N262;1909;13.278;44;235;235;235;236;2.776;50.01;555.3;1.570;618.0;0.836;751.6;0.717;60;0;0;2.717;2.813;2.798;621;645;642;50.01;50.01;50.01;4013;1000;0.0;0;0.0000;0;0;13278;13278;13278
60;2014-08-23 13:41:00;909402N262;1947;13.311;44;235;235;235;235;2.831;50.01;554.7;1.605;618.0;0.849;759.8;0.724;60;0;0;2.773;2.872;2.849;633;659;653;50.01;50.01;50.01;4013;1000;0.0;0;0.0000;0;0;13311;13311;13311
60;2014-08-23 13:42:00;909402N262;1995;13.346;44;235;235;235;235;2.899;50.01;553.6;1.650;618.0;0.871;764.4;0.738;60;0;0;2.837;2.944;2.918;649;675;670;50.01;50.01;50.01;4013;1000;0.0;0;0.0000;0;0;13346;13346;13346
60;2014-08-23 13:43:00;909402N262;2028;13.379;44;235;235;235;236;2.943;50.02;552.8;1.681;618.2;0.885;773.9;0.739;60;0;0;2.877;2.981;2.971;659;684;683;50.02;50.02;50.02;4013;1000;0.0;0;0.0000;0;0;13379;13379;13379
60;2014-08-23 13:44:00;909402N262;2055;13.414;44;235;235;235;236;2.982;50.01;552.5;1.705;618.2;0.898;774.9;0.748;60;0;0;2.912;3.026;3.009;667;695;692;50.01;50.01;50.01;4013;1000;0.0;0;0.0000;0;0;13414;13414;13414
60;2014-08-23 13:45:00;909402N262;2081;13.447;44;235;235;235;236;3.017;49.99;552.6;1.723;618.2;0.909;776.7;0.756;60;0;0;2.954;3.057;3.040;677;702;700;49.99;49.99;49.99;4013;1000;0.0;0;0.0000;0;0;13447;13447;13447
60;2014-08-23 13:46:00;909402N262;2067;13.482;44;235;235;235;236;2.989;50.00;548.2;1.729;615.6;0.919;762.1;0.760;60;0;0;2.921;3.032;3.016;670;699;696;50.00;50.00;50.00;4013;1000;0.0;0;0.0000;0;0;13482;13482;13482
60;2014-08-23 13:47:00;909402N262;2079;13.517;44;236;235;236;236;3.011;50.00;551.9;1.721;618.3;0.911;777.2;0.754;60;0;0;2.942;3.063;3.029;675;705;698;50.00;50.00;50.00;4013;1000;0.0;0;0.0000;0;0;13517;13517;13517
60;2014-08-23 13:48:00;909402N262;2067;13.552;44;235;235;235;236;3.002;50.00;551.4;1.711;618.2;0.909;776.9;0.751;60;0;0;2.938;3.038;3.032;672;697;697;50.00;50.00;50.00;4013;1000;0.0;0;0.0000;0;0;13552;13552;13552
60;2014-08-23 13:49:00;909402N262;2055;13.586;44;236;235;236;236;2.980;50.01;550.6;1.697;617.8;0.906;767.1;0.758;60;0;0;2.919;3.029;2.993;668;696;689;50.01;50.01;50.01;4013;1000;0.0;0;0.0000;0;0;13586;13586;13586
60;2014-08-23 13:50:00;909402N262;2021;13.620;44;236;235;236;236;2.935;50.01;550.9;1.662;617.7;0.895;761.5;0.751;60;0;0;2.871;2.989;2.946;656;686;677;50.01;50.01;50.01;4013;1000;0.0;0;0.0000;0;0;13620;13620;13620
60;2014-08-23 13:51:00;909402N262;1960;13.652;44;236;235;236;236;2.852;50.01;551.7;1.606;617.6;0.872;744.5;0.744;60;0;0;2.790;2.910;2.857;637;666;656;50.01;50.01;50.01;4013;1000;0.0;0;0.0000;0;0;13652;13652;13652
60;2014-08-23 13:52:00;909402N262;1888;13.684;44;235;235;236;236;2.755;50.01;552.3;1.544;617.2;0.843;742.8;0.717;60;0;0;2.696;2.826;2.744;613;646;627;50.01;50.01;50.02;4013;1000;0.0;0;0.0000;0;0;13684;13684;13684
60;2014-08-23 13:53:00;909402N262;1831;13.714;44;235;235;235;236;2.680;50.02;552.7;1.495;616.7;0.818;742.4;0.695;60;0;0;2.624;2.747;2.671;594;625;608;50.02;50.02;50.02;4013;1000;0.0;0;0.0000;0;0;13714;13714;13714
60;2014-08-23 13:54:00;909402N262;1795;13.743;44;235;235;235;236;2.631;50.02;552.7;1.468;616.7;0.802;743.9;0.681;60;0;0;2.573;2.701;2.620;582;615;596;50.02;50.02;50.02;4013;1000;0.0;0;0.0000;0;0;13743;13743;13743
60;2014-08-23 13:55:00;909402N262;1800;13.773;44;236;236;235;236;2.630;50.01;552.2;1.476;616.7;0.802;748.8;0.677;60;0;0;2.577;2.686;2.627;585;612;601;50.01;50.01;50.01;4013;1000;0.0;0;0.0000;0;0;13773;13773;13773
60;2014-08-23 13:56:00;909402N262;1825;13.805;44;236;236;235;236;2.662;50.01;551.4;1.501;617.1;0.812;768.5;0.669;60;0;0;2.617;2.703;2.668;596;617;610;50.01;50.01;50.01;4013;1000;0.0;0;0.0000;0;0;13805;13805;13805
60;2014-08-23 13:57:00;909402N262;1868;13.835;44;236;236;235;236;2.716;50.01;550.8;1.537;617.4;0.828;744.1;0.708;60;0;0;2.662;2.766;2.722;608;633;624;50.01;50.01;50.01;4013;1000;0.0;0;0.0000;0;0;13835;13835;13835
60;2014-08-23 13:58:00;909402N262;1901;13.868;44;236;236;236;236;2.764;50.02;550.9;1.564;617.4;0.840;743.9;0.725;60;0;0;2.704;2.814;2.776;618;643;638;50.02;50.02;50.02;4013;1000;0.0;0;0.0000;0;0;13868;13868;13868
60;2014-08-23 13:59:00;909402N262;1924;13.899;44;236;236;236;237;2.786;49.99;551.4;1.581;617.6;0.850;744.4;0.735;60;0;0;2.729;2.826;2.804;627;650;646;49.99;49.99;49.99;4013;1000;0.0;0;0.0000;0;0;13899;13899;13899
60;2014-08-23 14:00:00;909402N262;1968;13.933;44;236;236;236;236;2.846;49.99;551.2;1.618;618.0;0.867;746.2;0.750;60;0;0;2.783;2.888;2.867;639;665;661;49.99;49.99;49.99;4013;1000;0.0;0;0.0000;0;0;13933;13933;13933
[wr_ende]
