20150221;100000;danfoss;My Plant;+0100
[wr_def_start]
909402N262;Inverter Type;Inverter Group;Hanzl
[wr_def_end]
[wr]
INTERVAL;TIMESTAMP;SERIAL;P_AC;E_DAY;T_WR;U_AC;U_AC_1;U_AC_2;U_AC_3;I_AC;F_AC;U_DC_1;I_DC_1;U_DC_2;I_DC_2;U_DC_3;I_DC_3;S;E_WR;M_WR;I_AC_1;I_AC_2;I_AC_3;P_AC_1;P_AC_2;P_AC_3;F_AC_1;F_AC_2;F_AC_3;R_DC;PC;PCS;PCS_LL;COS_PHI;COS_PHI_LL;S_COS_PHI;Current_Day_Energy;current_Day_Offset;ccEnergyOfDay_WithoutOffset
60;2015-02-21 09:01:00;909402N262;1556;1.410;34;232;232;232;233;2.464;50.00;510.5;0.987;682.7;1.158;785.2;0.399;60;0;0;2.406;2.504;2.483;502;526;524;50.00;50.00;50.00;8971;1000;0.0;0;1.0000;0;2;1410;1410;1410
60;2015-02-21 09:02:00;909402N262;1715;1.438;34;232;232;232;234;2.683;49.99;340.5;1.814;688.2;1.163;794.9;0.403;60;0;0;2.607;2.726;2.717;551;581;581;49.99;49.99;49.99;8971;1000;0.0;0;1.0000;0;2;1438;1438;1438
60;2015-02-21 09:03:00;909402N262;1733;1.467;34;232;231;233;234;2.706;50.00;349.0;1.804;687.0;1.167;795.2;0.410;60;0;0;2.635;2.753;2.731;557;588;586;50.00;50.00;50.00;8971;1000;0.0;0;1.0000;0;2;1467;1467;1467
60;2015-02-21 09:04:00;909402N262;1776;1.497;34;233;232;233;233;2.760;50.02;351.4;1.863;686.3;1.188;795.5;0.415;60;0;0;2.689;2.809;2.784;574;603;598;50.02;50.02;50.02;8971;1000;0.0;0;1.0000;0;2;1497;1497;1497
60;2015-02-21 09:05:00;909402N262;1775;1.526;34;233;232;234;233;2.755;50.03;350.9;1.870;685.0;1.185;795.7;0.417;60;0;0;2.684;2.801;2.781;572;603;598;50.03;50.03;50.03;8971;1000;0.0;0;1.0000;0;2;1526;1526;1526
60;2015-02-21 09:06:00;909402N262;1805;1.556;34;233;231;233;234;2.797;50.03;350.8;1.910;684.6;1.206;795.5;0.422;60;0;0;2.716;2.845;2.832;579;612;612;50.03;50.03;50.03;8971;1000;0.0;0;1.0000;0;2;1556;1556;1556
60;2015-02-21 09:07:00;909402N262;1832;1.588;35;233;232;233;235;2.833;50.01;350.5;1.941;684.1;1.219;795.6;0.432;60;0;0;2.763;2.874;2.863;590;619;621;50.01;50.01;50.01;8971;1000;0.0;0;1.0000;0;2;1588;1588;1588
60;2015-02-21 09:08:00;909402N262;1852;1.618;35;233;232;233;234;2.862;50.02;350.5;1.966;684.3;1.230;795.4;0.437;60;0;0;2.796;2.902;2.890;598;625;626;50.02;50.02;50.02;8971;1000;0.0;0;1.0000;0;2;1618;1618;1618
60;2015-02-21 09:09:00;909402N262;1874;1.650;35;233;233;234;234;2.886;50.03;350.5;1.997;684.6;1.243;796.1;0.442;60;0;0;2.820;2.932;2.907;607;635;631;50.03;50.03;50.03;8971;1000;0.0;0;1.0000;0;2;1650;1650;1650
60;2015-02-21 09:10:00;909402N262;1885;1.680;35;233;233;233;233;2.904;50.01;350.5;2.015;684.8;1.247;795.8;0.444;60;0;0;2.845;2.945;2.923;613;637;633;50.01;50.01;50.01;8971;1000;0.0;0;1.0000;0;2;1680;1680;1680
60;2015-02-21 09:11:00;909402N262;1931;1.712;35;233;233;233;233;2.964;50.01;363.3;2.027;685.9;1.261;795.7;0.450;60;0;0;2.909;3.002;2.981;630;653;647;50.01;50.01;50.01;8971;1000;0.0;0;1.0000;0;2;1712;1712;1712
60;2015-02-21 09:12:00;909402N262;1966;1.745;35;233;232;233;233;3.013;50.01;374.3;2.046;686.2;1.264;795.7;0.454;60;0;0;2.949;3.061;3.031;638;666;660;50.01;50.01;50.01;8971;1000;0.0;0;1.0000;0;2;1745;1745;1745
60;2015-02-21 09:13:00;909402N262;2002;1.778;35;233;232;233;233;3.060;50.01;371.8;2.105;685.6;1.284;795.5;0.462;60;0;0;2.994;3.100;3.087;649;676;675;50.01;50.01;50.01;8971;1000;0.0;0;1.0000;0;2;1778;1778;1778
60;2015-02-21 09:14:00;909402N262;2056;1.813;35;233;232;233;233;3.135;50.00;371.8;2.164;685.5;1.321;795.4;0.473;60;0;0;3.069;3.182;3.155;668;696;690;50.00;50.00;50.00;8971;1000;0.0;0;1.0000;0;2;1813;1813;1813
60;2015-02-21 09:15:00;909402N262;2076;1.848;35;233;233;233;233;3.162;50.01;377.6;2.171;684.7;1.330;795.4;0.473;60;0;0;3.102;3.206;3.178;677;701;696;50.01;50.01;50.01;8971;1000;0.0;0;1.0000;0;2;1848;1848;1848
60;2015-02-21 09:16:00;909402N262;2078;1.883;35;233;233;232;233;3.159;49.99;381.8;2.201;667.8;1.345;789.4;0.476;60;0;0;3.104;3.199;3.176;679;700;696;49.99;49.99;49.99;8971;1000;0.0;0;1.0000;0;2;1883;1883;1883
60;2015-02-21 09:17:00;909402N262;2152;1.919;35;232;232;232;233;3.252;49.99;381.7;2.263;684.1;1.374;795.1;0.478;60;0;0;3.198;3.286;3.272;704;723;723;49.99;49.99;49.99;8971;1000;0.0;0;1.0000;0;2;1919;1919;1919
60;2015-02-21 09:18:00;909402N262;2186;1.955;35;232;232;231;233;3.301;49.99;381.5;2.303;684.0;1.395;795.0;0.487;60;0;0;3.241;3.339;3.324;713;735;736;49.99;49.99;49.99;8971;1000;0.0;0;1.0000;0;2;1955;1955;1955
60;2015-02-21 09:19:00;909402N262;2192;1.992;35;232;232;232;233;3.309;49.99;381.2;2.313;683.3;1.397;795.1;0.488;60;0;0;3.248;3.347;3.333;715;738;738;49.99;49.99;49.99;8971;1000;0.0;0;1.0000;0;2;1992;1992;1992
60;2015-02-21 09:20:00;909402N262;2259;2.029;35;232;230;232;233;3.404;49.98;396.5;2.328;683.2;1.431;795.1;0.493;60;0;0;3.336;3.449;3.427;732;765;761;49.98;49.98;49.98;8971;1000;0.0;0;1.0000;0;2;2029;2029;2029
60;2015-02-21 09:21:00;909402N262;2335;2.068;35;232;230;232;233;3.509;49.98;403.4;2.413;682.3;1.462;795.1;0.501;60;0;0;3.424;3.563;3.541;752;792;789;49.98;49.98;49.98;8971;1000;0.0;0;1.0000;0;2;2068;2068;2068
60;2015-02-21 09:22:00;909402N262;2348;2.107;36;232;231;232;233;3.520;49.97;401.9;2.438;681.4;1.469;795.0;0.505;60;0;0;3.444;3.569;3.547;761;794;792;49.97;49.97;49.97;8971;1000;0.0;0;1.0000;0;2;2107;2107;2107
60;2015-02-21 09:23:00;909402N262;2349;2.147;36;232;232;232;233;3.520;49.98;401.3;2.447;682.0;1.465;795.2;0.506;60;0;0;3.445;3.571;3.544;762;794;790;49.98;49.98;49.98;8971;1000;0.0;0;1.0000;0;2;2147;2147;2147
60;2015-02-21 09:24:00;909402N262;2409;2.187;36;232;231;232;233;3.606;49.99;401.6;2.524;676.6;1.515;795.1;0.512;60;0;0;3.536;3.653;3.631;783;814;811;49.99;49.99;49.99;8971;1000;0.0;0;1.0000;0;2;2187;2187;2187
60;2015-02-21 09:25:00;909402N262;2407;2.227;36;232;231;232;234;3.603;50.00;401.3;2.530;674.1;1.515;795.0;0.513;60;0;0;3.533;3.647;3.631;779;812;814;50.00;50.00;50.00;8971;1000;0.0;0;1.0000;0;2;2227;2227;2227
60;2015-02-21 09:26:00;909402N262;2423;2.268;36;233;231;233;234;3.621;50.00;407.7;2.547;671.1;1.519;795.0;0.506;60;0;0;3.527;3.671;3.665;778;820;822;50.00;50.00;50.00;8971;1000;0.0;0;1.0000;0;2;2268;2268;2268
60;2015-02-21 09:27:00;909402N262;2477;2.309;36;233;231;234;234;3.690;49.99;411.9;2.616;665.0;1.552;794.9;0.510;60;0;0;3.603;3.748;3.720;797;843;836;49.99;49.99;49.99;8971;1000;0.0;0;1.0000;0;2;2309;2309;2309
60;2015-02-21 09:28:00;909402N262;2488;2.350;36;233;230;234;234;3.707;49.99;412.1;2.642;655.9;1.574;794.9;0.510;60;0;0;3.605;3.784;3.732;796;852;838;49.99;49.99;49.99;8971;1000;0.0;0;1.0000;0;2;2350;2350;2350
60;2015-02-21 09:29:00;909402N262;2526;2.392;36;233;230;234;234;3.757;49.99;412.2;2.697;654.7;1.601;795.0;0.511;60;0;0;3.661;3.820;3.791;810;862;853;49.99;49.99;49.99;8971;1000;0.0;0;1.0000;0;2;2392;2392;2392
60;2015-02-21 09:30:00;909402N262;2573;2.436;36;233;230;234;234;3.823;49.99;411.6;2.764;649.4;1.639;795.0;0.518;60;0;0;3.725;3.887;3.859;825;876;870;49.99;49.99;49.99;8971;1000;0.0;0;1.0000;0;2;2436;2436;2436
60;2015-02-21 09:31:00;909402N262;2553;2.477;36;233;231;233;234;3.795;49.99;414.0;2.761;634.6;1.650;792.7;0.516;60;0;0;3.707;3.854;3.826;824;865;862;49.99;49.99;49.99;8971;1000;0.0;0;1.0000;0;2;2477;2477;2477
60;2015-02-21 09:32:00;909402N262;2629;2.522;36;233;232;232;234;3.900;49.99;442.7;2.720;637.2;1.666;794.9;0.509;60;0;0;3.824;3.951;3.926;854;887;886;49.99;49.99;49.99;8971;1000;0.0;0;1.0000;0;2;2522;2522;2522
60;2015-02-21 09:33:00;909402N262;2686;2.566;36;233;233;232;234;3.975;50.00;433.6;2.874;629.1;1.705;795.0;0.518;60;0;0;3.914;4.013;4.000;878;902;903;50.00;50.00;50.00;8971;1000;0.0;0;1.0000;0;2;2566;2566;2566
60;2015-02-21 09:34:00;909402N262;2687;2.611;36;233;233;233;233;3.979;50.00;431.7;2.895;627.8;1.697;795.0;0.523;60;0;0;3.916;4.024;3.997;879;905;901;50.00;50.00;50.00;8971;1000;0.0;0;1.0000;0;2;2611;2611;2611
60;2015-02-21 09:35:00;909402N262;2733;2.657;36;233;233;233;233;4.043;50.00;431.6;2.969;619.9;1.737;794.8;0.528;60;0;0;3.978;4.087;4.064;894;921;917;50.00;50.00;50.00;8971;1000;0.0;0;1.0000;0;2;2657;2657;2657
60;2015-02-21 09:36:00;909402N262;2735;2.702;37;233;233;233;233;4.043;49.99;431.9;2.990;614.5;1.737;795.0;0.530;60;0;0;3.994;4.089;4.046;900;922;912;49.99;49.99;49.99;8971;1000;0.0;0;1.0000;0;2;2702;2702;2702
60;2015-02-21 09:37:00;909402N262;2759;2.749;37;233;233;233;233;4.075;49.99;431.8;3.046;602.8;1.763;794.8;0.538;60;0;0;4.014;4.138;4.075;903;936;919;49.99;49.99;49.99;8971;1000;0.0;0;1.0000;0;2;2749;2749;2749
60;2015-02-21 09:38:00;909402N262;2747;2.794;37;233;232;233;234;4.058;49.98;436.7;3.038;587.5;1.776;794.9;0.532;60;0;0;3.982;4.122;4.070;893;932;921;49.98;49.98;49.98;8971;1000;0.0;0;1.0000;0;2;2794;2794;2794
60;2015-02-21 09:39:00;909402N262;2804;2.841;37;233;232;233;234;4.140;49.98;442.2;3.123;582.2;1.797;794.8;0.534;60;0;0;4.064;4.204;4.154;912;949;940;49.98;49.98;49.98;8971;1000;0.0;0;1.0000;0;2;2841;2841;2841
60;2015-02-21 09:40:00;909402N262;2806;2.888;37;233;232;233;234;4.144;49.99;442.0;3.153;566.0;1.824;795.0;0.539;60;0;0;4.071;4.204;4.157;914;949;941;49.99;49.99;49.99;8971;1000;0.0;0;1.0000;0;2;2888;2888;2888
60;2015-02-21 09:41:00;909402N262;2794;2.935;37;233;232;233;233;4.129;49.98;441.9;3.158;557.4;1.809;794.9;0.552;60;0;0;4.056;4.185;4.148;909;945;938;49.98;49.98;49.98;8971;1000;0.0;0;1.0000;0;2;2935;2935;2935
60;2015-02-21 09:42:00;909402N262;2784;2.981;37;233;231;234;234;4.112;49.98;441.1;3.171;541.1;1.841;795.0;0.551;60;0;0;4.023;4.184;4.129;900;947;936;49.98;49.98;49.98;8971;1000;0.0;0;1.0000;0;2;2981;2981;2981
60;2015-02-21 09:43:00;909402N262;2824;3.028;37;233;231;233;234;4.168;49.99;446.8;3.203;535.9;1.864;794.7;0.558;60;0;0;4.083;4.229;4.193;913;957;951;49.99;49.99;49.99;8971;1000;0.0;0;1.0000;0;2;3028;3028;3028
60;2015-02-21 09:44:00;909402N262;2853;3.076;37;233;232;234;234;4.199;49.99;454.8;3.220;531.2;1.856;794.6;0.570;60;0;0;4.102;4.272;4.223;920;971;960;49.99;49.99;49.99;8971;1000;0.0;0;1.0000;0;2;3076;3076;3076
60;2015-02-21 09:45:00;909402N262;2871;3.124;37;234;231;234;235;4.223;50.01;451.4;3.305;517.4;1.875;794.6;0.581;60;0;0;4.122;4.300;4.249;924;978;968;50.01;50.01;50.01;8971;1000;0.0;0;1.0000;0;2;3124;3124;3124
60;2015-02-21 09:46:00;909402N262;2834;3.171;37;233;231;234;234;4.180;50.00;452.6;3.310;497.8;1.882;712.6;0.723;60;0;0;4.093;4.244;4.204;912;965;955;50.00;50.00;50.00;8971;1000;0.0;0;1.0000;0;2;3171;3171;3171
60;2015-02-21 09:47:00;909402N262;2948;3.220;37;233;232;234;234;4.323;50.00;463.5;3.325;494.1;1.849;333.0;1.685;60;0;0;4.237;4.377;4.356;954;999;993;50.00;50.00;50.00;8971;1000;0.0;0;1.0000;0;2;3220;3220;3220
60;2015-02-21 09:48:00;909402N262;3054;3.271;37;233;232;233;234;4.479;49.99;461.0;3.400;464.4;1.923;388.6;1.711;60;0;0;4.394;4.535;4.509;988;1034;1029;49.99;49.99;49.99;8971;1000;0.0;0;1.0000;0;2;3271;3271;3271
60;2015-02-21 09:49:00;909402N262;3096;3.322;37;233;232;233;234;4.541;50.01;460.8;3.376;466.0;1.834;434.6;1.746;60;0;0;4.460;4.582;4.582;1004;1045;1045;50.01;50.01;50.01;8971;1000;0.0;0;1.0000;0;2;3322;3322;3322
60;2015-02-21 09:50:00;909402N262;3152;3.375;37;233;232;232;234;4.620;49.99;461.2;3.429;437.3;1.908;448.0;1.803;60;0;0;4.551;4.655;4.656;1026;1059;1064;49.99;49.99;49.99;8971;1000;0.0;0;1.0000;0;2;3375;3375;3375
60;2015-02-21 09:51:00;909402N262;3239;3.429;38;233;232;232;235;4.720;49.99;461.3;3.489;432.1;1.874;486.6;1.839;60;0;0;4.628;4.770;4.763;1051;1089;1097;49.99;49.99;49.99;8971;1000;0.0;0;1.0000;0;2;3429;3429;3429
60;2015-02-21 09:52:00;909402N262;3310;3.485;38;234;232;234;235;4.805;50.00;461.3;3.547;409.3;1.912;518.2;1.863;60;0;0;4.705;4.874;4.836;1072;1121;1115;50.00;50.00;50.00;8971;1000;0.0;0;1.0000;0;2;3485;3485;3485
60;2015-02-21 09:53:00;909402N262;3357;3.541;38;233;232;234;235;4.878;50.00;461.1;3.588;387.0;1.966;536.5;1.900;60;0;0;4.775;4.935;4.924;1086;1133;1136;50.00;50.00;50.00;8971;1000;0.0;0;1.0000;0;2;3541;3541;3541
60;2015-02-21 09:54:00;909402N262;3417;3.597;38;233;232;233;235;4.956;50.00;462.8;3.624;370.6;2.028;566.6;1.880;60;0;0;4.863;5.012;4.995;1111;1150;1153;50.00;50.00;50.00;8971;1000;0.0;0;1.0000;0;2;3597;3597;3597
60;2015-02-21 09:55:00;909402N262;3516;3.656;38;233;232;233;235;5.100;50.01;488.5;3.559;362.6;2.050;574.7;1.935;60;0;0;5.009;5.149;5.143;1146;1181;1188;50.01;50.01;50.01;8971;1000;0.0;0;1.0000;0;2;3656;3656;3656
60;2015-02-21 09:56:00;909402N262;3534;3.715;38;233;233;233;234;5.126;50.00;481.8;3.640;369.3;1.976;585.9;1.928;60;0;0;5.038;5.183;5.158;1153;1189;1190;50.00;50.00;50.00;8971;1000;0.0;0;1.0000;0;2;3715;3715;3715
60;2015-02-21 09:57:00;909402N262;3550;3.773;38;233;232;233;235;5.151;50.00;481.2;3.680;352.2;2.037;593.1;1.926;60;0;0;5.059;5.203;5.193;1157;1192;1199;50.00;50.00;50.00;8971;1000;0.0;0;1.0000;0;2;3773;3773;3773
60;2015-02-21 09:58:00;909402N262;3560;3.832;38;233;231;233;234;5.166;49.99;481.1;3.686;344.8;2.082;590.6;1.943;60;0;0;5.051;5.251;5.196;1151;1206;1200;49.99;49.99;49.99;8971;1000;0.0;0;1.0000;0;2;3832;3832;3832
60;2015-02-21 09:59:00;909402N262;3640;3.893;38;233;232;233;234;5.286;50.00;480.9;3.709;346.0;2.101;614.4;1.970;60;0;0;5.193;5.347;5.318;1184;1228;1226;50.00;50.00;50.00;8971;1000;0.0;0;1.0000;0;2;3893;3893;3893
60;2015-02-21 10:00:00;909402N262;3741;3.956;38;233;231;233;234;5.424;50.00;480.4;3.749;351.5;2.109;639.0;2.003;60;0;0;5.311;5.499;5.462;1213;1263;1263;50.00;50.00;50.00;8971;1000;0.0;0;1.0000;0;2;3956;3956;3956
[wr_ende]
