20140919;070001;danfoss;My Plant;+0100
[wr_def_start]
909402N262;Inverter Type;Inverter Group;Hanzl
[wr_def_end]
[wr]
INTERVAL;TIMESTAMP;SERIAL;P_AC;E_DAY;T_WR;U_AC;U_AC_1;U_AC_2;U_AC_3;I_AC;F_AC;U_DC_1;I_DC_1;U_DC_2;I_DC_2;U_DC_3;I_DC_3;S;E_WR;M_WR;I_AC_1;I_AC_2;I_AC_3;P_AC_1;P_AC_2;P_AC_3;F_AC_1;F_AC_2;F_AC_3;R_DC;PC;PCS;PCS_LL;COS_PHI;COS_PHI_LL;S_COS_PHI;Current_Day_Energy;current_Day_Offset;ccEnergyOfDay_WithoutOffset
60;2014-09-19 06:18:00;909402N262;0;0.000;0;0;0;0;0;0.000;0.10;0.4;0.000;0.3;0.000;0.3;0.000;50;0;0;0.000;0.000;0.000;0;0;0;0.10;0.10;0.10;4;1000;0.0;0;0.0000;0;0;0;0;0
60;2014-09-19 06:19:00;909402N262;0;0.000;21;233;234;235;232;0.000;49.99;229.2;0.000;228.2;0.000;229.2;0.000;50;0;0;0.000;0.000;0.000;0;0;0;49.99;49.99;49.99;0;1000;0.0;0;0.0000;0;0;0;0;0
60;2014-09-19 06:20:00;909402N262;0;0.000;21;234;234;235;232;0.000;50.00;228.2;0.000;227.6;0.000;228.1;0.000;50;0;0;0.000;0.000;0.000;0;0;0;50.00;50.00;50.00;0;1000;0.0;0;0.0000;0;0;0;0;0
60;2014-09-19 06:21:00;909402N262;0;0.000;22;234;234;235;232;0.000;49.98;228.9;0.000;228.3;0.000;228.8;0.000;50;0;0;0.000;0.000;0.000;0;0;0;49.98;49.98;49.98;0;1000;0.0;0;0.0000;0;0;0;0;0
60;2014-09-19 06:22:00;909402N262;0;0.000;22;233;233;235;233;0.000;49.97;228.3;0.000;227.7;0.000;228.3;0.000;50;0;0;0.000;0.000;0.000;0;0;0;49.97;49.97;49.97;0;1000;0.0;0;0.0000;0;0;0;0;0
60;2014-09-19 06:23:00;909402N262;0;0.000;23;234;233;235;233;0.000;49.98;228.7;0.000;228.1;0.000;228.7;0.000;50;0;0;0.000;0.000;0.000;0;0;0;49.98;49.98;49.98;0;1000;0.0;0;0.0000;0;0;0;0;0
60;2014-09-19 06:24:00;909402N262;0;0.000;23;234;234;234;233;0.000;49.97;227.9;0.000;227.3;0.000;229.2;0.000;50;0;0;0.000;0.000;0.000;0;0;0;49.97;49.97;49.97;0;1000;0.0;0;0.0000;0;0;0;0;0
60;2014-09-19 06:25:00;909402N262;0;0.000;24;234;234;234;233;0.000;49.98;231.3;0.000;230.8;0.000;231.3;0.000;50;0;0;0.000;0.000;0.000;0;0;0;49.98;49.98;49.98;0;1000;0.0;0;0.0000;0;0;0;0;0
60;2014-09-19 06:26:00;909402N262;0;0.000;24;234;234;234;233;0.000;49.98;227.4;0.000;226.9;0.000;227.5;0.000;50;0;0;0.000;0.000;0.000;0;0;0;49.98;49.98;49.98;0;1000;0.0;0;0.0000;0;0;0;0;0
60;2014-09-19 06:27:00;909402N262;0;0.000;24;234;234;233;233;0.000;49.98;229.1;0.000;228.5;0.000;229.1;0.000;50;0;0;0.000;0.000;0.000;0;0;0;49.98;49.98;49.98;0;1000;0.0;0;0.0000;0;0;0;0;0
60;2014-09-19 06:28:00;909402N262;0;0.000;25;234;234;234;233;0.000;49.98;231.8;0.000;231.2;0.000;231.8;0.000;50;0;0;0.000;0.000;0.000;0;0;0;49.98;49.98;49.98;0;1000;0.0;0;0.0000;0;0;0;0;0
60;2014-09-19 06:29:00;909402N262;0;0.000;25;234;234;234;233;0.000;50.02;234.8;0.000;234.2;0.000;235.3;0.000;50;0;0;0.000;0.000;0.000;0;0;0;50.02;50.02;50.02;0;1000;0.0;0;0.0000;0;0;0;0;0
60;2014-09-19 06:30:00;909402N262;0;0.000;25;234;234;235;233;0.000;50.01;237.7;0.000;237.1;0.000;237.2;0.000;50;0;0;0.000;0.000;0.000;0;0;0;50.01;50.01;50.01;0;1000;0.0;0;0.0000;0;0;0;0;0
60;2014-09-19 06:31:00;909402N262;0;0.000;25;234;234;234;233;0.000;50.00;226.4;0.000;225.9;0.000;226.4;0.000;50;0;0;0.000;0.000;0.000;0;0;0;50.00;50.00;50.00;0;1000;0.0;0;0.0000;0;0;0;0;0
60;2014-09-19 06:32:00;909402N262;0;0.000;25;234;234;234;233;0.000;49.98;229.2;0.000;228.6;0.000;229.2;0.000;50;0;0;0.000;0.000;0.000;0;0;0;49.98;49.98;49.98;0;1000;0.0;0;0.0000;0;0;0;0;0
60;2014-09-19 06:33:00;909402N262;0;0.000;25;234;234;234;233;0.000;49.98;231.4;0.000;230.9;0.000;231.5;0.000;50;0;0;0.000;0.000;0.000;0;0;0;49.98;49.98;49.98;0;1000;0.0;0;0.0000;0;0;0;0;0
60;2014-09-19 06:34:00;909402N262;0;0.000;25;234;235;233;233;0.000;49.97;235.3;0.000;234.7;0.000;236.5;0.000;50;0;0;0.000;0.000;0.000;0;0;0;49.97;49.97;49.97;0;1000;0.0;0;0.0000;0;0;0;0;0
60;2014-09-19 06:35:00;909402N262;0;0.000;25;234;234;233;234;0.000;49.96;240.8;0.000;240.2;0.000;240.2;0.000;50;0;0;0.000;0.000;0.000;0;0;0;49.96;49.97;49.96;0;1000;0.0;0;0.0000;0;0;0;0;0
60;2014-09-19 06:36:00;909402N262;0;0.000;26;233;234;233;233;0.000;49.97;243.1;0.000;242.6;0.000;243.2;0.000;50;0;0;0.000;0.000;0.000;0;0;0;49.97;49.97;49.97;0;1000;0.0;0;0.0000;0;0;0;0;0
60;2014-09-19 06:37:00;909402N262;0;0.000;26;233;234;232;234;0.000;49.97;263.8;0.000;263.3;0.000;263.8;0.000;50;0;0;0.000;0.000;0.000;0;0;0;49.97;49.97;49.97;0;1000;0.0;0;0.0000;0;0;0;0;0
60;2014-09-19 06:38:00;909402N262;0;0.000;26;233;234;232;234;0.000;49.99;253.9;0.000;253.7;0.000;253.7;0.000;50;0;0;0.000;0.000;0.000;0;0;0;49.99;49.99;49.99;0;1000;0.0;0;0.0000;0;0;0;0;0
60;2014-09-19 06:39:00;909402N262;0;0.000;26;233;234;232;233;0.001;49.98;264.5;0.000;264.0;0.000;264.1;0.000;50;0;0;0.002;0.001;0.002;0;0;0;49.98;49.98;49.98;0;1000;0.0;0;0.0000;0;0;0;0;0
60;2014-09-19 06:40:00;909402N262;0;0.000;26;233;234;232;233;0.002;49.97;432.7;0.000;413.5;0.000;448.8;0.000;51;0;0;0.003;0.002;0.002;0;0;0;49.97;49.97;49.97;66;1000;0.0;0;0.0000;0;0;0;0;0
60;2014-09-19 06:41:00;909402N262;0;0.000;26;233;234;232;233;0.025;49.98;446.5;0.014;417.4;0.001;464.0;0.003;60;0;0;0.033;0.010;0.032;0;1;0;49.98;49.98;49.98;3781;1000;0.0;0;0.0000;0;0;0;0;0
60;2014-09-19 06:42:00;909402N262;3;0.000;26;233;234;231;234;0.270;49.97;441.9;0.025;408.0;0.003;436.1;0.003;60;0;0;0.333;0.094;0.383;5;10;5;49.97;49.97;49.97;3781;1000;0.0;0;0.0000;0;0;0;0;0
60;2014-09-19 06:43:00;909402N262;3;0.000;26;233;233;231;234;0.302;49.96;447.9;0.027;372.0;0.005;311.1;0.007;60;0;0;0.359;0.143;0.405;1;16;4;49.96;49.96;49.96;3781;1000;0.0;0;0.0000;0;0;0;0;0
60;2014-09-19 06:44:00;909402N262;6;0.000;26;233;233;231;234;0.337;49.96;446.4;0.031;351.0;0.007;376.0;0.007;60;0;0;0.414;0.174;0.424;3;14;8;49.96;49.96;49.96;3781;1000;0.0;0;0.0000;0;0;0;0;0
60;2014-09-19 06:45:00;909402N262;9;0.001;26;233;233;231;234;0.451;49.97;461.8;0.031;409.5;0.007;453.1;0.007;60;0;0;0.537;0.209;0.607;3;23;4;49.97;49.97;49.97;3781;1000;0.0;0;0.0000;0;0;1;1;1
60;2014-09-19 06:46:00;909402N262;12;0.001;26;233;233;231;234;0.440;49.97;450.6;0.034;436.0;0.007;516.0;0.007;60;0;0;0.454;0.218;0.648;0;20;6;49.97;49.97;49.97;3781;1000;0.0;0;0.0000;0;0;1;1;1
60;2014-09-19 06:47:00;909402N262;16;0.001;26;233;233;231;234;0.484;49.98;461.6;0.038;471.2;0.009;543.0;0.010;60;0;0;0.529;0.273;0.650;0;27;3;49.98;49.98;49.98;3781;1000;0.0;0;0.0000;0;0;1;1;1
60;2014-09-19 06:48:00;909402N262;21;0.002;26;232;233;231;234;0.497;49.97;461.8;0.042;445.7;0.011;520.6;0.012;60;0;0;0.566;0.267;0.660;2;30;5;49.97;49.97;49.97;3781;1000;0.0;0;0.0000;0;0;2;2;2
60;2014-09-19 06:49:00;909402N262;27;0.003;26;232;233;230;233;0.547;49.99;469.2;0.048;460.9;0.015;531.7;0.015;60;0;0;0.690;0.369;0.584;0;46;7;49.99;49.99;49.99;3781;1000;0.0;0;0.0000;0;0;3;3;3
60;2014-09-19 06:50:00;909402N262;33;0.003;26;232;233;230;234;0.496;49.97;474.1;0.053;458.3;0.019;546.1;0.018;60;0;0;0.554;0.262;0.672;10;28;10;49.97;49.97;49.97;3781;1000;0.0;0;0.0000;0;0;3;3;3
60;2014-09-19 06:51:00;909402N262;37;0.003;26;232;231;231;234;0.386;49.96;485.5;0.054;459.8;0.022;577.9;0.019;60;0;0;0.329;0.250;0.580;35;16;1;49.96;49.96;49.96;3781;1000;0.0;0;0.0000;0;0;3;3;3
60;2014-09-19 06:52:00;909402N262;40;0.004;26;232;231;231;234;0.402;49.97;478.4;0.058;470.0;0.023;593.4;0.019;60;0;0;0.294;0.332;0.582;30;25;0;49.97;49.97;49.97;3781;1000;0.0;0;0.0000;0;0;4;4;4
60;2014-09-19 06:53:00;909402N262;42;0.004;27;232;232;231;234;0.397;49.98;478.7;0.062;480.0;0.023;600.3;0.019;60;0;0;0.307;0.280;0.606;23;20;4;49.98;49.98;49.98;3781;1000;0.0;0;0.0000;0;0;4;4;4
60;2014-09-19 06:54:00;909402N262;44;0.005;27;233;233;231;234;0.473;49.98;485.8;0.062;490.4;0.023;606.6;0.019;60;0;0;0.535;0.264;0.621;3;30;17;49.98;49.98;49.98;3781;1000;0.0;0;0.0000;0;0;5;5;5
60;2014-09-19 06:55:00;909402N262;51;0.005;27;232;233;230;234;0.469;49.98;492.2;0.070;484.5;0.028;577.9;0.025;60;0;0;0.497;0.224;0.688;7;25;21;49.98;49.98;49.98;3781;1000;0.0;0;0.0000;0;0;5;5;5
60;2014-09-19 06:56:00;909402N262;65;0.007;27;232;233;230;234;0.461;49.98;497.6;0.080;502.2;0.034;615.3;0.030;60;0;0;0.488;0.216;0.679;19;26;20;49.98;49.98;49.98;3781;1000;0.0;0;0.0000;0;0;7;7;7
60;2014-09-19 06:57:00;909402N262;71;0.007;27;232;233;230;234;0.459;50.00;502.7;0.085;496.4;0.039;604.3;0.034;60;0;0;0.491;0.250;0.637;31;32;9;50.00;50.00;50.00;3781;1000;0.0;0;0.0000;0;0;7;7;7
60;2014-09-19 06:58:00;909402N262;75;0.009;27;232;233;230;234;0.473;50.00;501.3;0.090;501.5;0.040;602.1;0.035;60;0;0;0.497;0.277;0.645;44;35;2;50.00;50.00;50.00;3781;1000;0.0;0;0.0000;0;0;9;9;9
60;2014-09-19 06:59:00;909402N262;81;0.010;27;233;232;230;235;0.472;50.02;507.7;0.093;506.9;0.042;626.0;0.035;60;0;0;0.459;0.267;0.690;55;30;3;50.02;50.02;50.02;3781;1000;0.0;0;0.0000;0;0;10;10;10
60;2014-09-19 07:00:00;909402N262;85;0.012;27;232;232;231;234;0.476;50.03;506.2;0.098;523.8;0.042;631.8;0.036;60;0;0;0.482;0.331;0.615;49;28;10;50.03;50.03;50.03;3781;1000;0.0;0;0.0000;0;0;12;12;12
[wr_ende]
