20140916;180001;danfoss;My Plant;+0100
[wr_def_start]
909402N262;Inverter Type;Inverter Group;Hanzl
[wr_def_end]
[wr]
INTERVAL;TIMESTAMP;SERIAL;P_AC;E_DAY;T_WR;U_AC;U_AC_1;U_AC_2;U_AC_3;I_AC;F_AC;U_DC_1;I_DC_1;U_DC_2;I_DC_2;U_DC_3;I_DC_3;S;E_WR;M_WR;I_AC_1;I_AC_2;I_AC_3;P_AC_1;P_AC_2;P_AC_3;F_AC_1;F_AC_2;F_AC_3;R_DC;PC;PCS;PCS_LL;COS_PHI;COS_PHI_LL;S_COS_PHI;Current_Day_Energy;current_Day_Offset;ccEnergyOfDay_WithoutOffset
60;2014-09-16 17:01:00;909402N262;1144;21.053;42;236;236;236;236;1.757;50.02;545.3;1.027;614.3;0.452;752.7;0.429;60;0;0;1.723;1.802;1.746;373;390;379;50.02;50.02;50.02;3071;1000;0.0;0;0.0000;0;0;21053;21053;21053
60;2014-09-16 17:02:00;909402N262;1128;21.073;42;236;236;236;236;1.749;50.01;549.4;1.003;621.9;0.440;759.3;0.417;60;0;0;1.719;1.795;1.733;368;386;373;50.01;50.01;50.01;3071;1000;0.0;0;0.0000;0;0;21073;21073;21073
60;2014-09-16 17:03:00;909402N262;1080;21.091;42;236;236;236;236;1.701;50.01;548.9;0.961;620.2;0.423;758.8;0.399;60;0;0;1.667;1.750;1.686;351;370;357;50.01;50.01;50.01;3071;1000;0.0;0;0.0000;0;0;21091;21091;21091
60;2014-09-16 17:04:00;909402N262;1044;21.108;42;236;236;236;237;1.655;50.01;545.9;0.936;619.6;0.412;757.5;0.385;60;0;0;1.620;1.706;1.641;338;359;345;50.01;50.01;50.01;3071;1000;0.0;0;0.0000;0;0;21108;21108;21108
60;2014-09-16 17:05:00;909402N262;1022;21.125;42;236;236;236;237;1.627;50.00;543.0;0.921;619.5;0.401;756.0;0.377;60;0;0;1.589;1.686;1.606;329;354;337;50.00;50.00;50.00;3071;1000;0.0;0;0.0000;0;0;21125;21125;21125
60;2014-09-16 17:06:00;909402N262;1023;21.143;42;234;234;234;235;1.633;50.01;543.4;0.920;619.2;0.403;756.6;0.378;60;0;0;1.592;1.688;1.621;328;353;339;50.01;50.01;50.01;3071;1000;0.0;0;0.0000;0;0;21143;21143;21143
60;2014-09-16 17:07:00;909402N262;1015;21.159;42;234;233;234;234;1.625;50.00;545.6;0.908;617.9;0.402;756.8;0.375;60;0;0;1.585;1.681;1.611;326;350;337;50.00;50.00;50.00;3071;1000;0.0;0;0.0000;0;0;21159;21159;21159
60;2014-09-16 17:08:00;909402N262;983;21.175;42;234;233;234;234;1.580;50.01;546.5;0.876;615.1;0.390;758.0;0.363;60;0;0;1.547;1.633;1.562;317;341;323;50.01;50.01;50.01;3071;1000;0.0;0;0.0000;0;0;21175;21175;21175
60;2014-09-16 17:09:00;909402N262;930;21.192;42;233;233;233;234;1.514;50.01;543.9;0.834;613.3;0.368;753.9;0.347;60;0;0;1.494;1.560;1.490;302;322;305;50.01;50.01;50.01;3071;1000;0.0;0;0.0000;0;0;21192;21192;21192
60;2014-09-16 17:10:00;909402N262;869;21.206;42;233;233;233;234;1.454;50.01;540.6;0.788;608.6;0.345;750.8;0.326;60;0;0;1.446;1.479;1.439;285;297;285;50.01;50.01;50.01;3071;1000;0.0;0;0.0000;0;0;21206;21206;21206
60;2014-09-16 17:11:00;909402N262;821;21.219;42;233;233;233;234;1.410;50.01;535.7;0.755;605.3;0.326;747.9;0.308;60;0;0;1.397;1.439;1.394;269;279;271;50.01;50.01;50.01;3071;1000;0.0;0;0.0000;0;0;21219;21219;21219
60;2014-09-16 17:12:00;909402N262;765;21.232;42;233;233;232;233;1.331;50.01;531.6;0.715;599.1;0.304;745.1;0.288;60;0;0;1.296;1.375;1.323;247;264;253;50.01;50.01;50.01;3071;1000;0.0;0;0.0000;0;0;21232;21232;21232
60;2014-09-16 17:13:00;909402N262;710;21.244;42;233;233;233;234;1.249;49.99;528.4;0.673;596.0;0.281;741.2;0.267;60;0;0;1.212;1.277;1.259;227;242;238;49.99;49.99;49.99;3071;1000;0.0;0;0.0000;0;0;21244;21244;21244
60;2014-09-16 17:14:00;909402N262;667;21.255;42;233;233;232;233;1.191;49.97;530.3;0.636;594.2;0.262;738.5;0.250;60;0;0;1.167;1.222;1.185;217;227;222;49.97;49.97;49.97;3071;1000;0.0;0;0.0000;0;0;21255;21255;21255
60;2014-09-16 17:15:00;909402N262;623;21.266;42;233;233;233;233;1.120;49.97;531.7;0.595;592.1;0.244;734.9;0.232;60;0;0;1.064;1.160;1.136;196;214;211;49.97;49.97;49.97;3071;1000;0.0;0;0.0000;0;0;21266;21266;21266
60;2014-09-16 17:16:00;909402N262;585;21.276;42;233;233;233;233;1.051;49.97;528.4;0.562;582.4;0.232;723.9;0.219;60;0;0;1.019;1.091;1.045;187;205;190;49.97;49.97;49.97;3071;1000;0.0;0;0.0000;0;0;21276;21276;21276
60;2014-09-16 17:17:00;909402N262;536;21.285;42;233;233;233;233;0.958;49.98;532.1;0.516;587.2;0.210;731.0;0.198;60;0;0;0.932;1.021;0.922;171;191;171;49.98;49.98;49.98;3071;1000;0.0;0;0.0000;0;0;21285;21285;21285
60;2014-09-16 17:18:00;909402N262;473;21.292;42;233;233;233;232;0.850;49.98;531.1;0.459;584.3;0.186;724.4;0.175;60;0;0;0.844;0.902;0.804;154;167;149;49.98;49.98;49.98;3071;1000;0.0;0;0.0000;0;0;21292;21292;21292
60;2014-09-16 17:19:00;909402N262;423;21.299;42;233;233;234;233;0.770;49.98;529.6;0.417;582.3;0.167;717.8;0.157;60;0;0;0.757;0.838;0.717;138;153;130;49.98;49.98;49.98;3071;1000;0.0;0;0.0000;0;0;21299;21299;21299
60;2014-09-16 17:20:00;909402N262;389;21.306;42;233;233;234;232;0.723;49.98;527.7;0.389;578.4;0.154;712.9;0.143;60;0;0;0.683;0.799;0.687;122;143;125;49.98;49.98;49.98;3071;1000;0.0;0;0.0000;0;0;21306;21306;21306
60;2014-09-16 17:21:00;909402N262;374;21.312;42;233;234;234;232;0.696;49.97;526.0;0.379;573.1;0.147;713.3;0.135;60;0;0;0.639;0.782;0.667;113;139;120;49.97;49.97;49.97;3071;1000;0.0;0;0.0000;0;0;21312;21312;21312
60;2014-09-16 17:22:00;909402N262;365;21.317;42;233;234;233;233;0.683;49.97;524.5;0.373;574.7;0.141;708.6;0.132;60;0;0;0.643;0.783;0.625;112;140;111;49.97;49.97;49.97;3071;1000;0.0;0;0.0000;0;0;21317;21317;21317
60;2014-09-16 17:23:00;909402N262;359;21.324;42;233;234;233;233;0.678;49.97;524.3;0.367;574.0;0.139;707.3;0.128;60;0;0;0.608;0.780;0.648;105;136;116;49.97;49.97;49.97;3071;1000;0.0;0;0.0000;0;0;21324;21324;21324
60;2014-09-16 17:24:00;909402N262;348;21.330;42;233;234;233;233;0.653;49.97;523.8;0.359;573.3;0.134;711.8;0.124;60;0;0;0.578;0.740;0.641;101;130;116;49.97;49.97;49.97;3071;1000;0.0;0;0.0000;0;0;21330;21330;21330
60;2014-09-16 17:25:00;909402N262;340;21.336;42;233;234;233;233;0.655;49.97;523.5;0.352;574.4;0.130;702.6;0.121;60;0;0;0.574;0.746;0.645;98;127;111;49.97;49.97;49.97;3071;1000;0.0;0;0.0000;0;0;21336;21336;21336
60;2014-09-16 17:26:00;909402N262;332;21.341;42;233;234;233;233;0.636;49.98;523.8;0.345;570.0;0.127;705.5;0.117;60;0;0;0.576;0.722;0.612;99;124;107;49.98;49.98;49.98;3071;1000;0.0;0;0.0000;0;0;21341;21341;21341
60;2014-09-16 17:27:00;909402N262;326;21.347;42;233;234;233;234;0.618;49.98;524.2;0.339;570.6;0.125;709.6;0.113;60;0;0;0.606;0.671;0.579;104;118;102;49.98;49.98;49.98;3071;1000;0.0;0;0.0000;0;0;21347;21347;21347
60;2014-09-16 17:28:00;909402N262;321;21.352;42;233;233;233;233;0.627;50.00;525.9;0.333;572.4;0.123;702.1;0.113;60;0;0;0.576;0.714;0.592;97;121;101;50.00;50.00;50.00;3071;1000;0.0;0;0.0000;0;0;21352;21352;21352
60;2014-09-16 17:29:00;909402N262;316;21.357;41;233;234;233;233;0.621;49.99;526.3;0.329;572.0;0.121;699.4;0.112;60;0;0;0.551;0.705;0.609;92;119;103;49.99;49.99;49.99;3071;1000;0.0;0;0.0000;0;0;21357;21357;21357
60;2014-09-16 17:30:00;909402N262;311;21.363;41;233;234;233;233;0.612;49.99;525.5;0.324;568.6;0.120;697.8;0.109;60;0;0;0.557;0.704;0.577;93;119;96;49.99;49.99;49.99;3071;1000;0.0;0;0.0000;0;0;21363;21363;21363
60;2014-09-16 17:31:00;909402N262;299;21.367;41;233;233;233;233;0.579;49.99;520.8;0.315;560.4;0.117;693.9;0.107;60;0;0;0.512;0.699;0.526;87;119;91;49.99;49.99;49.99;3071;1000;0.0;0;0.0000;0;0;21367;21367;21367
60;2014-09-16 17:32:00;909402N262;290;21.373;41;233;233;233;233;0.596;49.98;526.3;0.303;571.1;0.112;695.3;0.103;60;0;0;0.528;0.726;0.536;83;117;87;49.98;49.98;49.98;3071;1000;0.0;0;0.0000;0;0;21373;21373;21373
60;2014-09-16 17:33:00;909402N262;281;21.377;41;233;233;233;233;0.587;49.97;526.5;0.294;566.3;0.109;690.1;0.100;60;0;0;0.527;0.710;0.525;84;113;82;49.97;49.97;49.97;3071;1000;0.0;0;0.0000;0;0;21377;21377;21377
60;2014-09-16 17:34:00;909402N262;275;21.381;41;233;233;233;233;0.561;49.97;524.2;0.289;563.1;0.108;693.5;0.096;60;0;0;0.478;0.685;0.520;77;112;85;49.97;49.97;49.97;3071;1000;0.0;0;0.0000;0;0;21381;21381;21381
60;2014-09-16 17:35:00;909402N262;270;21.387;41;233;233;233;233;0.555;49.97;519.7;0.286;564.6;0.105;698.7;0.093;60;0;0;0.516;0.659;0.491;83;107;78;49.97;49.97;49.97;3071;1000;0.0;0;0.0000;0;0;21387;21387;21387
60;2014-09-16 17:36:00;909402N262;267;21.390;41;233;233;234;233;0.559;49.97;520.4;0.281;565.9;0.105;692.0;0.093;60;0;0;0.483;0.691;0.504;77;108;80;49.97;49.97;49.97;3071;1000;0.0;0;0.0000;0;0;21390;21390;21390
60;2014-09-16 17:37:00;909402N262;264;21.394;41;233;233;234;233;0.556;49.98;522.2;0.277;568.1;0.104;686.1;0.093;60;0;0;0.499;0.665;0.504;77;105;78;49.98;49.98;49.98;3071;1000;0.0;0;0.0000;0;0;21394;21394;21394
60;2014-09-16 17:38:00;909402N262;259;21.400;41;233;233;234;233;0.551;49.98;521.9;0.273;568.6;0.101;687.2;0.091;60;0;0;0.506;0.656;0.491;78;102;78;49.98;49.98;49.98;3071;1000;0.0;0;0.0000;0;0;21400;21400;21400
60;2014-09-16 17:39:00;909402N262;254;21.404;41;233;233;234;233;0.552;49.97;522.7;0.268;566.1;0.101;680.3;0.089;60;0;0;0.461;0.668;0.529;70;101;81;49.97;49.97;49.97;3071;1000;0.0;0;0.0000;0;0;21404;21404;21404
60;2014-09-16 17:40:00;909402N262;250;21.407;41;233;233;233;233;0.563;49.97;522.0;0.264;562.3;0.100;667.1;0.089;60;0;0;0.504;0.636;0.551;73;93;82;49.97;49.97;49.97;3071;1000;0.0;0;0.0000;0;0;21407;21407;21407
60;2014-09-16 17:41:00;909402N262;246;21.412;41;233;233;233;233;0.572;49.97;522.5;0.260;562.2;0.098;654.4;0.089;60;0;0;0.570;0.577;0.570;81;81;82;49.97;49.97;49.97;3071;1000;0.0;0;0.0000;0;0;21412;21412;21412
60;2014-09-16 17:42:00;909402N262;243;21.416;41;233;233;233;233;0.554;49.97;522.9;0.257;562.1;0.097;656.0;0.088;60;0;0;0.518;0.588;0.557;74;85;81;49.97;49.97;49.97;3071;1000;0.0;0;0.0000;0;0;21416;21416;21416
60;2014-09-16 17:43:00;909402N262;241;21.419;41;233;233;233;234;0.516;49.97;522.7;0.254;560.6;0.097;684.0;0.085;60;0;0;0.472;0.586;0.490;73;90;76;49.97;49.97;49.97;3071;1000;0.0;0;0.0000;0;0;21419;21419;21419
60;2014-09-16 17:44:00;909402N262;239;21.424;41;233;233;233;234;0.520;49.98;523.6;0.252;560.7;0.097;679.6;0.084;60;0;0;0.483;0.603;0.476;74;92;72;49.98;49.98;49.98;3071;1000;0.0;0;0.0000;0;0;21424;21424;21424
60;2014-09-16 17:45:00;909402N262;240;21.428;41;233;233;233;234;0.519;49.98;524.6;0.251;560.9;0.097;680.8;0.084;60;0;0;0.455;0.608;0.494;69;92;75;49.98;49.98;49.98;3071;1000;0.0;0;0.0000;0;0;21428;21428;21428
60;2014-09-16 17:46:00;909402N262;239;21.432;41;234;233;234;234;0.530;49.98;520.6;0.252;547.9;0.098;668.1;0.087;60;0;0;0.471;0.605;0.516;69;91;78;49.98;49.98;49.98;3071;1000;0.0;0;0.0000;0;0;21432;21432;21432
60;2014-09-16 17:47:00;909402N262;245;21.437;41;234;234;234;234;0.560;49.97;527.4;0.254;561.1;0.100;660.4;0.090;60;0;0;0.511;0.627;0.543;73;91;79;49.97;49.97;49.97;3071;1000;0.0;0;0.0000;0;0;21437;21437;21437
60;2014-09-16 17:48:00;909402N262;249;21.440;41;234;233;234;233;0.546;49.97;504.3;0.269;564.5;0.101;670.7;0.090;60;0;0;0.478;0.635;0.525;71;95;80;49.97;49.97;49.97;3071;1000;0.0;0;0.0000;0;0;21440;21440;21440
60;2014-09-16 17:49:00;909402N262;250;21.444;40;234;234;234;234;0.548;49.98;498.9;0.273;567.1;0.101;671.6;0.090;60;0;0;0.459;0.642;0.543;68;96;82;49.98;49.98;49.98;3071;1000;0.0;0;0.0000;0;0;21444;21444;21444
60;2014-09-16 17:50:00;909402N262;249;21.448;40;234;234;234;234;0.546;49.99;499.9;0.272;567.2;0.101;671.7;0.090;60;0;0;0.504;0.621;0.513;76;94;76;49.99;49.99;49.99;3071;1000;0.0;0;0.0000;0;0;21448;21448;21448
60;2014-09-16 17:51:00;909402N262;250;21.453;40;234;233;234;233;0.538;49.97;501.2;0.272;568.8;0.101;676.0;0.090;60;0;0;0.461;0.640;0.513;70;99;79;49.97;49.97;49.97;3071;1000;0.0;0;0.0000;0;0;21453;21453;21453
60;2014-09-16 17:52:00;909402N262;252;21.457;40;234;233;234;233;0.532;49.97;502.2;0.273;570.9;0.101;681.5;0.091;60;0;0;0.449;0.609;0.539;70;96;84;49.97;49.97;49.97;3071;1000;0.0;0;0.0000;0;0;21457;21457;21457
60;2014-09-16 17:53:00;909402N262;253;21.461;40;233;233;234;233;0.531;49.96;503.2;0.274;572.6;0.101;684.7;0.092;60;0;0;0.498;0.623;0.472;79;99;75;49.96;49.96;49.96;3071;1000;0.0;0;0.0000;0;0;21461;21461;21461
60;2014-09-16 17:54:00;909402N262;257;21.465;40;233;232;235;234;0.548;49.97;504.3;0.276;571.7;0.104;681.3;0.093;60;0;0;0.506;0.624;0.514;80;96;79;49.97;49.97;49.97;3071;1000;0.0;0;0.0000;0;0;21465;21465;21465
60;2014-09-16 17:55:00;909402N262;261;21.470;40;234;233;235;234;0.541;49.97;505.9;0.278;569.2;0.105;685.6;0.094;60;0;0;0.500;0.636;0.489;79;102;77;49.97;49.97;49.97;3071;1000;0.0;0;0.0000;0;0;21470;21470;21470
60;2014-09-16 17:56:00;909402N262;264;21.475;40;234;233;234;234;0.538;49.99;507.1;0.280;569.9;0.108;692.3;0.095;60;0;0;0.460;0.667;0.487;75;107;79;49.99;49.99;49.99;3071;1000;0.0;0;0.0000;0;0;21475;21475;21475
60;2014-09-16 17:57:00;909402N262;264;21.478;40;234;233;234;234;0.537;50.00;508.7;0.279;569.9;0.109;694.2;0.095;60;0;0;0.491;0.652;0.469;79;107;77;50.00;50.00;50.00;3071;1000;0.0;0;0.0000;0;0;21478;21478;21478
60;2014-09-16 17:58:00;909402N262;264;21.483;40;234;233;234;234;0.543;50.01;509.9;0.277;570.2;0.109;691.8;0.096;60;0;0;0.476;0.647;0.507;76;104;82;50.01;50.01;50.01;3071;1000;0.0;0;0.0000;0;0;21483;21483;21483
60;2014-09-16 17:59:00;909402N262;261;21.488;40;234;233;234;234;0.541;50.02;509.9;0.274;569.9;0.108;689.9;0.095;60;0;0;0.511;0.639;0.473;82;102;75;50.02;50.02;50.02;3071;1000;0.0;0;0.0000;0;0;21488;21488;21488
60;2014-09-16 18:00:00;909402N262;255;21.491;40;234;233;234;234;0.546;50.03;509.3;0.269;570.0;0.105;681.2;0.093;60;0;0;0.498;0.633;0.508;76;100;77;50.03;50.03;50.03;3071;1000;0.0;0;0.0000;0;0;21491;21491;21491
[wr_ende]
