20140528;170001;danfoss;My Plant;+0100
[wr_def_start]
909402N262;Inverter Type;Inverter Group;Hanzl
[wr_def_end]
[wr]
INTERVAL;TIMESTAMP;SERIAL;P_AC;E_DAY;T_WR;U_AC;U_AC_1;U_AC_2;U_AC_3;I_AC;F_AC;U_DC_1;I_DC_1;U_DC_2;I_DC_2;U_DC_3;I_DC_3;S;E_WR;M_WR;I_AC_1;I_AC_2;I_AC_3;P_AC_1;P_AC_2;P_AC_3;F_AC_1;F_AC_2;F_AC_3;R_DC;PC;PCS;PCS_LL;COS_PHI;COS_PHI_LL;S_COS_PHI;Current_Day_Energy;current_Day_Offset;ccEnergyOfDay_WithoutOffset
60;2014-05-28 16:01:00;909402N262;3839;25.575;44;235;236;235;236;5.472;49.96;563.5;2.849;653.2;1.555;795.4;1.613;60;0;0;5.436;5.491;5.489;1273;1280;1284;49.96;49.96;49.96;8271;1000;0.0;0;0.0000;0;0;25575;25575;25575
60;2014-05-28 16:02:00;909402N262;3811;25.638;44;235;236;235;236;5.429;49.97;567.0;2.787;669.2;1.524;795.2;1.581;60;0;0;5.392;5.450;5.445;1262;1271;1275;49.97;49.97;49.97;8271;1000;0.0;0;0.0000;0;0;25638;25638;25638
60;2014-05-28 16:03:00;909402N262;3791;25.702;44;236;236;235;236;5.397;49.96;565.8;2.771;669.4;1.523;795.2;1.571;60;0;0;5.366;5.408;5.417;1259;1262;1269;49.96;49.96;49.96;8271;1000;0.0;0;0.0000;0;0;25702;25702;25702
60;2014-05-28 16:04:00;909402N262;3780;25.765;44;236;236;235;236;5.376;49.96;563.7;2.768;669.6;1.522;795.2;1.565;60;0;0;5.336;5.398;5.394;1252;1262;1264;49.96;49.96;49.96;8271;1000;0.0;0;0.0000;0;0;25765;25765;25765
60;2014-05-28 16:05:00;909402N262;3712;25.826;44;236;236;236;236;5.273;49.97;563.3;2.719;669.7;1.496;795.0;1.536;60;0;0;5.223;5.302;5.296;1226;1241;1243;49.97;49.97;49.97;8271;1000;0.0;0;0.0000;0;0;25826;25826;25826
60;2014-05-28 16:06:00;909402N262;3524;25.885;44;236;237;236;237;5.004;49.98;562.8;2.583;669.0;1.425;795.0;1.455;60;0;0;4.953;5.028;5.032;1163;1176;1183;49.98;49.98;49.98;8271;1000;0.0;0;0.0000;0;0;25885;25885;25885
60;2014-05-28 16:07:00;909402N262;3318;25.940;44;236;236;236;237;4.714;49.98;562.4;2.434;667.8;1.349;795.1;1.364;60;0;0;4.668;4.733;4.743;1095;1106;1115;49.98;49.98;49.98;8271;1000;0.0;0;0.0000;0;0;25940;25940;25940
60;2014-05-28 16:08:00;909402N262;3117;25.993;44;236;236;236;237;4.432;49.98;562.7;2.283;667.3;1.269;795.1;1.279;60;0;0;4.381;4.460;4.456;1027;1041;1046;49.98;49.98;49.98;8271;1000;0.0;0;0.0000;0;0;25993;25993;25993
60;2014-05-28 16:09:00;909402N262;2923;26.041;44;236;236;236;237;4.158;49.98;563.4;2.137;666.3;1.193;795.0;1.197;60;0;0;4.100;4.192;4.183;960;978;982;49.98;49.98;49.98;8271;1000;0.0;0;0.0000;0;0;26041;26041;26041
60;2014-05-28 16:10:00;909402N262;2754;26.087;44;236;236;236;237;3.916;49.97;564.2;2.010;666.0;1.126;794.7;1.125;60;0;0;3.859;3.956;3.934;903;926;921;49.97;49.97;49.97;8271;1000;0.0;0;0.0000;0;0;26087;26087;26087
60;2014-05-28 16:11:00;909402N262;2600;26.130;44;237;237;237;237;3.698;49.97;565.5;1.895;665.7;1.067;794.8;1.059;60;0;0;3.639;3.732;3.725;852;874;872;49.97;49.97;49.97;8271;1000;0.0;0;0.0000;0;0;26130;26130;26130
60;2014-05-28 16:12:00;909402N262;2455;26.172;44;236;237;236;237;3.496;49.98;567.3;1.784;664.6;1.010;794.6;0.997;60;0;0;3.450;3.524;3.514;807;823;823;49.98;49.98;49.98;8271;1000;0.0;0;0.0000;0;0;26172;26172;26172
60;2014-05-28 16:13:00;909402N262;2322;26.210;44;237;237;237;237;3.309;49.99;569.7;1.683;663.3;0.961;794.4;0.939;60;0;0;3.261;3.341;3.327;762;781;778;49.99;49.99;49.99;8271;1000;0.0;0;0.0000;0;0;26210;26210;26210
60;2014-05-28 16:14:00;909402N262;2219;26.247;44;237;237;237;237;3.164;49.99;573.2;1.595;661.7;0.923;794.8;0.895;60;0;0;3.116;3.194;3.183;727;746;743;49.99;49.99;49.99;8271;1000;0.0;0;0.0000;0;0;26247;26247;26247
60;2014-05-28 16:15:00;909402N262;2150;26.282;44;237;237;237;237;3.070;49.98;572.0;1.544;661.4;0.899;795.0;0.866;60;0;0;3.016;3.105;3.090;703;725;720;49.98;49.98;49.98;8271;1000;0.0;0;0.0000;0;0;26282;26282;26282
60;2014-05-28 16:16:00;909402N262;2117;26.318;44;237;236;237;237;3.028;49.98;558.0;1.557;649.4;0.900;795.3;0.864;60;0;0;2.974;3.060;3.051;692;713;710;49.98;49.98;49.98;8271;1000;0.0;0;0.0000;0;0;26318;26318;26318
60;2014-05-28 16:17:00;909402N262;2180;26.355;44;237;237;237;237;3.129;49.98;562.1;1.589;662.5;0.911;794.9;0.882;60;0;0;3.071;3.169;3.147;713;735;731;49.98;49.98;49.98;8271;1000;0.0;0;0.0000;0;0;26355;26355;26355
60;2014-05-28 16:18:00;909402N262;2258;26.392;44;237;237;237;237;3.237;49.98;561.7;1.650;664.7;0.937;795.1;0.914;60;0;0;3.181;3.277;3.254;739;761;756;49.98;49.98;49.98;8271;1000;0.0;0;0.0000;0;0;26392;26392;26392
60;2014-05-28 16:19:00;909402N262;2338;26.431;44;237;237;236;237;3.347;49.99;564.3;1.704;665.9;0.965;795.4;0.947;60;0;0;3.301;3.375;3.367;768;783;785;49.99;49.99;49.99;8271;1000;0.0;0;0.0000;0;0;26431;26431;26431
60;2014-05-28 16:20:00;909402N262;2400;26.472;44;237;237;236;237;3.435;49.98;578.9;1.709;666.8;0.987;795.6;0.971;60;0;0;3.389;3.458;3.460;789;803;807;49.98;49.98;49.99;8271;1000;0.0;0;0.0000;0;0;26472;26472;26472
60;2014-05-28 16:21:00;909402N262;2456;26.511;44;237;237;236;237;3.514;49.99;578.0;1.754;667.8;1.007;795.7;0.994;60;0;0;3.468;3.536;3.539;807;821;826;49.99;49.99;49.99;8271;1000;0.0;0;0.0000;0;0;26511;26511;26511
60;2014-05-28 16:22:00;909402N262;2524;26.554;44;236;237;236;237;3.612;49.98;578.5;1.801;669.1;1.032;795.6;1.024;60;0;0;3.560;3.641;3.636;829;846;848;49.98;49.98;49.98;8271;1000;0.0;0;0.0000;0;0;26554;26554;26554
60;2014-05-28 16:23:00;909402N262;2617;26.597;44;237;236;237;237;3.739;49.98;578.3;1.867;669.8;1.069;795.6;1.064;60;0;0;3.678;3.777;3.764;857;880;877;49.98;49.98;49.98;8271;1000;0.0;0;0.0000;0;0;26597;26597;26597
60;2014-05-28 16:24:00;909402N262;2738;26.642;44;236;236;236;236;3.923;49.98;576.1;1.957;671.4;1.114;795.4;1.116;60;0;0;3.863;3.960;3.948;899;920;918;49.98;49.98;49.98;8271;1000;0.0;0;0.0000;0;0;26642;26642;26642
60;2014-05-28 16:25:00;909402N262;2872;26.690;44;235;235;235;235;4.121;49.98;573.5;2.061;672.4;1.168;795.4;1.171;60;0;0;4.067;4.151;4.145;944;963;963;49.98;49.98;49.98;8271;1000;0.0;0;0.0000;0;0;26690;26690;26690
60;2014-05-28 16:26:00;909402N262;2959;26.740;44;235;235;235;235;4.243;49.99;570.7;2.133;673.0;1.203;795.4;1.209;60;0;0;4.189;4.276;4.265;973;993;990;49.99;49.99;49.99;8271;1000;0.0;0;0.0000;0;0;26740;26740;26740
60;2014-05-28 16:27:00;909402N262;2958;26.789;44;236;236;236;236;4.235;49.99;569.2;2.139;672.8;1.203;795.3;1.207;60;0;0;4.184;4.267;4.254;973;993;990;49.99;49.99;49.99;8271;1000;0.0;0;0.0000;0;0;26789;26789;26789
60;2014-05-28 16:28:00;909402N262;2893;26.837;44;235;235;235;235;4.144;49.98;568.4;2.097;672.1;1.178;795.5;1.177;60;0;0;4.089;4.180;4.165;950;972;968;49.98;49.98;49.98;8271;1000;0.0;0;0.0000;0;0;26837;26837;26837
60;2014-05-28 16:29:00;909402N262;2786;26.884;44;235;235;235;236;4.001;49.99;567.9;2.024;670.9;1.137;795.5;1.132;60;0;0;3.961;4.025;4.017;920;930;933;49.99;49.99;49.99;8271;1000;0.0;0;0.0000;0;0;26884;26884;26884
60;2014-05-28 16:30:00;909402N262;2658;26.928;44;235;235;235;236;3.818;49.98;566.7;1.937;669.9;1.087;795.5;1.077;60;0;0;3.772;3.837;3.845;876;886;893;49.98;49.98;49.98;8271;1000;0.0;0;0.0000;0;0;26928;26928;26928
60;2014-05-28 16:31:00;909402N262;2502;26.970;44;235;235;234;236;3.592;49.98;562.3;1.840;652.7;1.046;793.3;1.022;60;0;0;3.551;3.608;3.619;825;833;841;49.98;49.98;49.98;8271;1000;0.0;0;0.0000;0;0;26970;26970;26970
60;2014-05-28 16:32:00;909402N262;2402;27.009;44;235;235;234;236;3.442;49.99;565.7;1.756;666.4;0.987;794.7;0.970;60;0;0;3.395;3.457;3.475;790;800;810;49.99;49.99;49.99;8271;1000;0.0;0;0.0000;0;0;27009;27009;27009
60;2014-05-28 16:33:00;909402N262;2307;27.048;44;235;236;235;236;3.305;49.99;565.4;1.691;665.3;0.949;794.6;0.930;60;0;0;3.256;3.328;3.332;757;772;776;49.99;49.99;49.99;8271;1000;0.0;0;0.0000;0;0;27048;27048;27048
60;2014-05-28 16:34:00;909402N262;2241;27.086;44;236;236;235;236;3.210;50.00;565.4;1.643;664.2;0.922;794.8;0.904;60;0;0;3.164;3.228;3.240;736;750;754;50.00;50.00;50.00;8271;1000;0.0;0;0.0000;0;0;27086;27086;27086
60;2014-05-28 16:35:00;909402N262;2191;27.122;44;236;236;235;236;3.139;49.99;564.9;1.611;663.7;0.902;795.0;0.882;60;0;0;3.089;3.170;3.160;719;735;735;49.99;49.99;49.99;8271;1000;0.0;0;0.0000;0;0;27122;27122;27122
60;2014-05-28 16:36:00;909402N262;2148;27.158;44;235;236;235;235;3.082;49.99;565.1;1.578;663.6;0.884;795.1;0.864;60;0;0;3.041;3.109;3.096;708;721;717;49.99;49.99;49.99;8271;1000;0.0;0;0.0000;0;0;27158;27158;27158
60;2014-05-28 16:37:00;909402N262;2097;27.194;44;235;236;235;235;3.014;50.00;565.2;1.536;663.8;0.864;795.2;0.843;60;0;0;2.970;3.051;3.022;690;706;699;50.00;50.00;50.00;8271;1000;0.0;0;0.0000;0;0;27194;27194;27194
60;2014-05-28 16:38:00;909402N262;2028;27.227;44;235;236;235;235;2.921;50.00;565.7;1.479;662.5;0.841;795.1;0.815;60;0;0;2.880;2.954;2.931;667;682;676;50.00;50.00;50.00;8271;1000;0.0;0;0.0000;0;0;27227;27227;27227
60;2014-05-28 16:39:00;909402N262;1963;27.260;44;235;236;235;235;2.836;49.98;566.9;1.425;661.4;0.821;795.1;0.788;60;0;0;2.795;2.878;2.835;646;663;653;49.99;49.99;49.99;8271;1000;0.0;0;0.0000;0;0;27260;27260;27260
60;2014-05-28 16:40:00;909402N262;1912;27.292;43;235;236;235;235;2.768;49.99;567.3;1.384;660.5;0.806;794.9;0.765;60;0;0;2.740;2.824;2.741;631;649;630;49.99;49.99;49.99;8271;1000;0.0;0;0.0000;0;0;27292;27292;27292
60;2014-05-28 16:41:00;909402N262;1883;27.323;43;235;236;235;235;2.728;50.01;567.7;1.360;661.9;0.793;795.1;0.753;60;0;0;2.683;2.781;2.721;617;639;624;50.01;50.01;50.01;8271;1000;0.0;0;0.0000;0;0;27323;27323;27323
60;2014-05-28 16:42:00;909402N262;1874;27.354;43;235;236;235;235;2.715;49.99;567.9;1.352;662.6;0.790;795.1;0.751;60;0;0;2.671;2.772;2.703;615;637;621;49.99;49.99;49.99;8271;1000;0.0;0;0.0000;0;0;27354;27354;27354
60;2014-05-28 16:43:00;909402N262;1875;27.386;43;235;236;235;235;2.718;49.99;567.9;1.351;662.6;0.791;795.2;0.751;60;0;0;2.682;2.766;2.706;617;634;621;49.99;49.99;49.99;8271;1000;0.0;0;0.0000;0;0;27386;27386;27386
60;2014-05-28 16:44:00;909402N262;1874;27.417;43;235;235;235;235;2.715;49.98;567.8;1.350;662.6;0.792;795.1;0.750;60;0;0;2.671;2.759;2.717;613;633;625;49.98;49.98;49.98;8271;1000;0.0;0;0.0000;0;0;27417;27417;27417
60;2014-05-28 16:45:00;909402N262;1871;27.448;43;235;236;235;236;2.709;49.97;568.5;1.346;662.9;0.793;795.0;0.746;60;0;0;2.668;2.752;2.708;613;631;625;49.97;49.97;49.97;8271;1000;0.0;0;0.0000;0;0;27448;27448;27448
60;2014-05-28 16:46:00;909402N262;1850;27.479;43;236;236;235;236;2.672;49.99;564.1;1.342;645.7;0.803;792.8;0.748;60;0;0;2.630;2.708;2.678;606;623;619;49.99;49.99;49.99;8271;1000;0.0;0;0.0000;0;0;27479;27479;27479
60;2014-05-28 16:47:00;909402N262;1871;27.510;43;236;236;235;236;2.706;49.99;569.3;1.341;661.4;0.800;795.1;0.746;60;0;0;2.652;2.746;2.721;611;631;628;49.99;49.99;49.99;8271;1000;0.0;0;0.0000;0;0;27510;27510;27510
60;2014-05-28 16:48:00;909402N262;1884;27.542;43;236;236;235;236;2.723;50.00;569.3;1.347;660.9;0.806;795.2;0.752;60;0;0;2.685;2.761;2.723;618;635;628;50.00;50.00;50.00;8271;1000;0.0;0;0.0000;0;0;27542;27542;27542
60;2014-05-28 16:49:00;909402N262;1908;27.573;43;235;236;235;235;2.758;49.99;568.7;1.363;661.8;0.814;795.3;0.765;60;0;0;2.716;2.799;2.759;626;644;635;49.99;49.99;49.99;8271;1000;0.0;0;0.0000;0;0;27573;27573;27573
60;2014-05-28 16:50:00;909402N262;1939;27.605;43;235;236;235;235;2.799;49.99;568.3;1.386;663.0;0.825;795.1;0.780;60;0;0;2.758;2.839;2.802;636;655;646;49.99;49.99;49.99;8271;1000;0.0;0;0.0000;0;0;27605;27605;27605
60;2014-05-28 16:51:00;909402N262;1972;27.638;43;235;236;235;235;2.845;49.99;568.0;1.409;663.9;0.835;795.1;0.794;60;0;0;2.803;2.877;2.856;647;664;659;49.99;49.99;49.99;8271;1000;0.0;0;0.0000;0;0;27638;27638;27638
60;2014-05-28 16:52:00;909402N262;1990;27.672;43;235;235;235;234;2.877;49.98;567.0;1.427;664.4;0.840;795.2;0.801;60;0;0;2.838;2.911;2.884;655;670;663;49.98;49.98;49.98;8271;1000;0.0;0;0.0000;0;0;27672;27672;27672
60;2014-05-28 16:53:00;909402N262;1979;27.706;43;235;235;235;235;2.859;50.00;567.0;1.423;664.2;0.834;795.1;0.795;60;0;0;2.823;2.892;2.862;651;666;659;50.00;50.00;50.00;8271;1000;0.0;0;0.0000;0;0;27706;27706;27706
60;2014-05-28 16:54:00;909402N262;1940;27.737;43;235;235;235;235;2.804;49.99;566.6;1.400;663.2;0.819;795.2;0.777;60;0;0;2.759;2.843;2.811;634;655;648;49.99;49.99;49.99;8271;1000;0.0;0;0.0000;0;0;27737;27737;27737
60;2014-05-28 16:55:00;909402N262;1889;27.769;43;235;235;235;235;2.736;50.00;565.6;1.368;663.5;0.797;795.1;0.755;60;0;0;2.688;2.789;2.733;616;641;630;50.00;50.00;50.00;8271;1000;0.0;0;0.0000;0;0;27769;27769;27769
60;2014-05-28 16:56:00;909402N262;1838;27.800;43;235;235;235;235;2.665;49.99;564.9;1.334;662.1;0.779;795.1;0.734;60;0;0;2.620;2.714;2.663;601;622;613;49.99;49.99;49.99;8271;1000;0.0;0;0.0000;0;0;27800;27800;27800
60;2014-05-28 16:57:00;909402N262;1787;27.830;43;236;236;236;236;2.588;50.00;565.3;1.294;660.6;0.759;794.7;0.714;60;0;0;2.548;2.629;2.587;585;604;596;50.00;50.00;50.00;8271;1000;0.0;0;0.0000;0;0;27830;27830;27830
60;2014-05-28 16:58:00;909402N262;1723;27.859;43;236;236;235;236;2.509;50.00;566.4;1.245;659.9;0.733;792.9;0.689;60;0;0;2.469;2.546;2.512;564;581;575;50.00;50.00;50.00;8271;1000;0.0;0;0.0000;0;0;27859;27859;27859
60;2014-05-28 16:59:00;909402N262;1656;27.886;43;235;235;235;236;2.425;50.00;567.0;1.197;658.8;0.706;789.1;0.665;60;0;0;2.373;2.457;2.445;539;557;558;50.00;50.00;50.00;8271;1000;0.0;0;0.0000;0;0;27886;27886;27886
60;2014-05-28 17:00:00;909402N262;1597;27.913;43;235;235;235;236;2.346;50.00;567.1;1.153;657.4;0.682;785.4;0.644;60;0;0;2.300;2.376;2.364;520;536;539;50.00;50.00;50.00;8271;1000;0.0;0;0.0000;0;0;27913;27913;27913
[wr_ende]
