20140923;110001;danfoss;My Plant;+0100
[wr_def_start]
909402N262;Inverter Type;Inverter Group;Hanzl
[wr_def_end]
[wr]
INTERVAL;TIMESTAMP;SERIAL;P_AC;E_DAY;T_WR;U_AC;U_AC_1;U_AC_2;U_AC_3;I_AC;F_AC;U_DC_1;I_DC_1;U_DC_2;I_DC_2;U_DC_3;I_DC_3;S;E_WR;M_WR;I_AC_1;I_AC_2;I_AC_3;P_AC_1;P_AC_2;P_AC_3;F_AC_1;F_AC_2;F_AC_3;R_DC;PC;PCS;PCS_LL;COS_PHI;COS_PHI_LL;S_COS_PHI;Current_Day_Energy;current_Day_Offset;ccEnergyOfDay_WithoutOffset
60;2014-09-23 10:01:00;909402N262;2759;3.049;39;235;235;234;235;3.951;50.01;465.3;3.141;646.1;1.893;532.7;0.245;60;0;0;3.905;3.977;3.972;909;923;925;50.01;50.01;50.01;14126;1000;0.0;0;0.0000;0;0;3049;3049;3049
60;2014-09-23 10:02:00;909402N262;2861;3.097;39;234;234;234;235;4.124;50.01;470.6;3.205;661.8;1.889;762.2;0.185;60;0;0;4.055;4.167;4.152;935;962;962;50.01;50.01;50.01;14126;1000;0.0;0;0.0000;0;0;3097;3097;3097
60;2014-09-23 10:03:00;909402N262;2916;3.145;39;234;233;235;235;4.204;50.01;477.3;3.256;661.2;1.903;776.0;0.183;60;0;0;4.134;4.247;4.233;952;982;980;50.01;50.01;50.01;14126;1000;0.0;0;0.0000;0;0;3145;3145;3145
60;2014-09-23 10:04:00;909402N262;2950;3.195;40;234;233;235;235;4.253;50.01;477.5;3.306;660.3;1.918;771.9;0.187;60;0;0;4.174;4.296;4.289;960;994;994;50.01;50.01;50.01;14126;1000;0.0;0;0.0000;0;0;3195;3195;3195
60;2014-09-23 10:05:00;909402N262;2976;3.245;40;235;235;234;235;4.281;50.01;476.8;3.346;660.1;1.932;765.9;0.188;60;0;0;4.218;4.321;4.304;976;999;999;50.01;50.01;50.01;14126;1000;0.0;0;0.0000;0;0;3245;3245;3245
60;2014-09-23 10:06:00;909402N262;3001;3.293;40;235;235;234;235;4.317;50.01;476.3;3.387;659.7;1.949;752.4;0.189;60;0;0;4.266;4.352;4.333;990;1006;1004;50.01;50.01;50.01;14126;1000;0.0;0;0.0000;0;0;3293;3293;3293
60;2014-09-23 10:07:00;909402N262;3026;3.344;40;235;235;234;235;4.351;50.02;475.9;3.426;659.4;1.964;755.8;0.187;60;0;0;4.291;4.373;4.389;994;1010;1020;50.02;50.02;50.02;14126;1000;0.0;0;0.0000;0;0;3344;3344;3344
60;2014-09-23 10:08:00;909402N262;3051;3.396;40;235;235;234;235;4.386;50.03;475.5;3.463;659.4;1.978;754.4;0.187;60;0;0;4.330;4.418;4.410;1004;1020;1024;50.03;50.02;50.03;14126;1000;0.0;0;0.0000;0;0;3396;3396;3396
60;2014-09-23 10:09:00;909402N262;3077;3.447;40;235;235;234;235;4.428;50.02;475.1;3.501;660.1;1.990;749.6;0.190;60;0;0;4.367;4.459;4.460;1011;1029;1036;50.02;50.02;50.02;14126;1000;0.0;0;0.0000;0;0;3447;3447;3447
60;2014-09-23 10:10:00;909402N262;3101;3.499;40;235;235;234;235;4.460;50.00;477.5;3.520;660.5;2.000;737.1;0.193;60;0;0;4.417;4.483;4.481;1026;1035;1039;50.00;50.00;50.00;14126;1000;0.0;0;0.0000;0;0;3499;3499;3499
60;2014-09-23 10:11:00;909402N262;3160;3.551;40;235;235;234;234;4.545;50.00;486.0;3.560;660.6;2.013;754.1;0.191;60;0;0;4.494;4.591;4.550;1043;1061;1054;50.00;50.00;50.00;14126;1000;0.0;0;0.0000;0;0;3551;3551;3551
60;2014-09-23 10:12:00;909402N262;3192;3.605;40;234;235;234;235;4.580;50.00;485.1;3.608;661.3;2.024;721.7;0.203;60;0;0;4.521;4.624;4.596;1051;1071;1067;50.00;50.00;50.00;14126;1000;0.0;0;0.0000;0;0;3605;3605;3605
60;2014-09-23 10:13:00;909402N262;3220;3.657;40;234;235;234;234;4.624;50.00;484.6;3.645;661.4;2.035;710.2;0.213;60;0;0;4.567;4.675;4.630;1062;1083;1073;50.00;50.00;50.00;14126;1000;0.0;0;0.0000;0;0;3657;3657;3657
60;2014-09-23 10:14:00;909402N262;3247;3.712;40;234;234;234;235;4.676;49.98;483.7;3.683;660.9;2.049;741.3;0.209;60;0;0;4.616;4.713;4.699;1068;1087;1089;49.98;49.98;49.98;14126;1000;0.0;0;0.0000;0;0;3712;3712;3712
60;2014-09-23 10:15:00;909402N262;3274;3.767;40;234;234;233;235;4.716;49.99;483.1;3.719;659.8;2.064;752.1;0.211;60;0;0;4.667;4.741;4.741;1080;1091;1102;49.99;49.99;49.99;14126;1000;0.0;0;0.0000;0;0;3767;3767;3767
60;2014-09-23 10:16:00;909402N262;3245;3.821;40;234;233;233;236;4.675;50.00;477.5;3.756;648.3;2.093;668.6;0.264;60;0;0;4.598;4.706;4.721;1058;1085;1101;50.00;50.00;50.00;14126;1000;0.0;0;0.0000;0;0;3821;3821;3821
60;2014-09-23 10:17:00;909402N262;3259;3.876;40;234;233;234;235;4.668;49.99;481.8;3.792;658.8;2.093;251.3;0.411;60;0;0;4.591;4.712;4.701;1061;1096;1100;49.99;49.99;49.99;14126;1000;0.0;0;0.0000;0;0;3876;3876;3876
60;2014-09-23 10:18:00;909402N262;3329;3.931;40;234;233;234;235;4.767;49.99;481.1;3.828;658.7;2.108;251.0;0.604;60;0;0;4.702;4.812;4.789;1088;1120;1120;49.99;49.99;49.99;14126;1000;0.0;0;0.0000;0;0;3931;3931;3931
60;2014-09-23 10:19:00;909402N262;3450;3.989;41;234;235;234;235;4.931;49.99;488.7;3.839;658.3;2.120;250.6;0.936;60;0;0;4.875;4.961;4.959;1137;1152;1158;49.99;49.99;49.99;14126;1000;0.0;0;0.0000;0;0;3989;3989;3989
60;2014-09-23 10:20:00;909402N262;3609;4.049;41;234;235;234;234;5.161;50.00;504.1;3.828;658.0;2.133;250.8;1.338;60;0;0;5.122;5.189;5.173;1196;1206;1205;50.00;50.00;50.00;14126;1000;0.0;0;0.0000;0;0;4049;4049;4049
60;2014-09-23 10:21:00;909402N262;3771;4.112;41;234;235;234;234;5.390;50.01;500.7;3.919;657.5;2.148;253.1;1.834;60;0;0;5.351;5.420;5.400;1249;1261;1258;50.01;50.01;50.01;14126;1000;0.0;0;0.0000;0;0;4112;4112;4112
60;2014-09-23 10:22:00;909402N262;3861;4.177;41;234;233;234;235;5.512;50.01;499.8;3.956;656.9;2.160;268.2;1.994;60;0;0;5.448;5.537;5.551;1269;1290;1300;50.01;50.01;50.01;14126;1000;0.0;0;0.0000;0;0;4177;4177;4177
60;2014-09-23 10:23:00;909402N262;3939;4.241;41;234;234;234;234;5.615;50.00;499.5;3.993;657.3;2.172;292.3;2.011;60;0;0;5.557;5.660;5.629;1297;1324;1316;50.00;50.00;50.00;14126;1000;0.0;0;0.0000;0;0;4241;4241;4241
60;2014-09-23 10:24:00;909402N262;4015;4.308;41;234;234;234;234;5.718;50.00;499.3;4.031;657.9;2.185;314.8;2.023;60;0;0;5.661;5.754;5.740;1323;1345;1345;50.00;50.00;50.00;14126;1000;0.0;0;0.0000;0;0;4308;4308;4308
60;2014-09-23 10:25:00;909402N262;4077;4.376;41;234;235;234;234;5.811;50.00;499.0;4.065;657.8;2.199;330.7;2.040;60;0;0;5.770;5.846;5.819;1351;1365;1359;50.00;50.00;50.00;14126;1000;0.0;0;0.0000;0;0;4376;4376;4376
60;2014-09-23 10:26:00;909402N262;4141;4.444;41;234;234;234;234;5.904;50.01;498.4;4.099;657.2;2.213;350.6;2.045;60;0;0;5.853;5.935;5.924;1367;1386;1386;50.01;50.01;50.01;14126;1000;0.0;0;0.0000;0;0;4444;4444;4444
60;2014-09-23 10:27:00;909402N262;4206;4.515;41;234;234;234;235;5.996;50.01;497.8;4.132;656.7;2.227;378.3;2.014;60;0;0;5.945;6.018;6.027;1389;1403;1412;50.01;50.01;50.01;14126;1000;0.0;0;0.0000;0;0;4515;4515;4515
60;2014-09-23 10:28:00;909402N262;4299;4.586;41;234;233;234;234;6.134;50.00;497.0;4.164;655.9;2.240;425.3;1.963;60;0;0;6.065;6.171;6.167;1411;1443;1444;50.00;50.00;50.00;14126;1000;0.0;0;0.0000;0;0;4586;4586;4586
60;2014-09-23 10:29:00;909402N262;4387;4.660;41;234;234;234;235;6.253;49.99;496.6;4.191;655.3;2.253;455.5;1.987;60;0;0;6.206;6.271;6.282;1449;1464;1472;49.99;49.99;49.99;14126;1000;0.0;0;0.0000;0;0;4660;4660;4660
60;2014-09-23 10:30:00;909402N262;4514;4.735;41;234;234;233;234;6.435;50.00;498.5;4.209;655.6;2.262;512.5;1.973;60;0;0;6.407;6.440;6.459;1501;1501;1511;50.00;50.00;50.00;14126;1000;0.0;0;0.0000;0;0;4735;4735;4735
60;2014-09-23 10:31:00;909402N262;4682;4.813;41;234;234;233;234;6.660;50.00;504.9;4.236;640.4;2.302;578.8;2.005;60;0;0;6.639;6.668;6.673;1558;1559;1563;50.00;50.00;50.00;14126;1000;0.0;0;0.0000;0;0;4813;4813;4813
60;2014-09-23 10:32:00;909402N262;4853;4.894;42;234;235;233;234;6.916;49.99;506.3;4.296;656.3;2.287;615.4;2.038;60;0;0;6.898;6.934;6.918;1616;1617;1617;49.99;49.99;49.99;14126;1000;0.0;0;0.0000;0;0;4894;4894;4894
60;2014-09-23 10:33:00;909402N262;4908;4.976;42;234;235;234;233;6.997;49.99;505.8;4.326;656.2;2.298;628.0;2.055;60;0;0;6.991;7.030;6.970;1639;1644;1623;49.99;49.99;49.99;14126;1000;0.0;0;0.0000;0;0;4976;4976;4976
60;2014-09-23 10:34:00;909402N262;4987;5.059;42;234;234;234;234;7.108;50.00;505.4;4.356;655.7;2.309;652.0;2.071;60;0;0;7.085;7.134;7.107;1658;1668;1659;50.00;50.00;50.00;14126;1000;0.0;0;0.0000;0;0;5059;5059;5059
60;2014-09-23 10:35:00;909402N262;5062;5.143;42;234;233;234;234;7.218;50.00;504.6;4.391;655.5;2.322;672.1;2.086;60;0;0;7.162;7.256;7.237;1668;1699;1692;50.00;50.00;50.00;14126;1000;0.0;0;0.0000;0;0;5143;5143;5143
60;2014-09-23 10:36:00;909402N262;5132;5.229;42;234;234;234;234;7.309;50.00;503.9;4.424;655.0;2.331;688.5;2.109;60;0;0;7.267;7.333;7.328;1700;1715;1715;50.00;50.00;50.00;14126;1000;0.0;0;0.0000;0;0;5229;5229;5229
60;2014-09-23 10:37:00;909402N262;5208;5.315;42;234;234;234;234;7.429;50.00;517.1;4.366;655.2;2.343;699.3;2.130;60;0;0;7.375;7.460;7.452;1721;1741;1743;50.00;50.00;50.00;14126;1000;0.0;0;0.0000;0;0;5315;5315;5315
60;2014-09-23 10:38:00;909402N262;5279;5.403;42;234;234;234;235;7.539;50.01;518.6;4.417;655.4;2.356;707.8;2.145;60;0;0;7.486;7.566;7.566;1747;1762;1768;50.01;50.01;50.01;14126;1000;0.0;0;0.0000;0;0;5403;5403;5403
60;2014-09-23 10:39:00;909402N262;5343;5.493;42;234;234;233;234;7.648;49.99;514.7;4.497;655.8;2.369;716.7;2.164;60;0;0;7.608;7.664;7.672;1771;1780;1791;49.99;49.99;49.99;14126;1000;0.0;0;0.0000;0;0;5493;5493;5493
60;2014-09-23 10:40:00;909402N262;5406;5.583;42;234;234;233;234;7.739;50.00;513.4;4.551;656.1;2.383;725.9;2.181;60;0;0;7.699;7.752;7.768;1792;1798;1814;50.00;50.00;50.00;14126;1000;0.0;0;0.0000;0;0;5583;5583;5583
60;2014-09-23 10:41:00;909402N262;5457;5.674;42;234;234;233;234;7.811;50.01;512.8;4.595;656.2;2.396;731.5;2.198;60;0;0;7.769;7.817;7.848;1809;1814;1833;50.01;50.01;50.01;14126;1000;0.0;0;0.0000;0;0;5674;5674;5674
60;2014-09-23 10:42:00;909402N262;5537;5.767;43;234;234;233;234;7.926;50.01;522.5;4.596;655.4;2.409;740.3;2.210;60;0;0;7.890;7.932;7.958;1837;1840;1858;50.01;50.01;50.01;14126;1000;0.0;0;0.0000;0;0;5767;5767;5767
60;2014-09-23 10:43:00;909402N262;5623;5.859;43;233;232;233;235;8.053;50.01;522.2;4.660;655.1;2.424;755.6;2.227;60;0;0;7.976;8.071;8.112;1847;1876;1898;50.01;50.01;50.01;14126;1000;0.0;0;0.0000;0;0;5859;5859;5859
60;2014-09-23 10:44:00;909402N262;5677;5.955;43;233;233;232;235;8.134;50.01;521.4;4.694;654.3;2.436;766.7;2.242;60;0;0;8.078;8.137;8.188;1877;1884;1914;50.01;50.01;50.01;14126;1000;0.0;0;0.0000;0;0;5955;5955;5955
60;2014-09-23 10:45:00;909402N262;5731;6.049;43;234;233;232;235;8.208;50.01;520.7;4.724;653.6;2.448;776.4;2.263;60;0;0;8.151;8.210;8.264;1896;1900;1934;50.01;50.01;50.01;14126;1000;0.0;0;0.0000;0;0;6049;6049;6049
60;2014-09-23 10:46:00;909402N262;5728;6.146;43;234;233;233;235;8.189;50.01;516.8;4.753;637.7;2.490;780.3;2.285;60;0;0;8.128;8.171;8.268;1890;1898;1938;50.01;50.01;50.01;14126;1000;0.0;0;0.0000;0;0;6146;6146;6146
60;2014-09-23 10:47:00;909402N262;5842;6.243;43;234;234;233;235;8.351;50.00;519.7;4.790;653.2;2.470;794.7;2.297;60;0;0;8.298;8.352;8.403;1931;1941;1968;50.00;50.00;50.00;14126;1000;0.0;0;0.0000;0;0;6243;6243;6243
60;2014-09-23 10:48:00;909402N262;5880;6.341;43;234;233;234;235;8.397;50.00;519.3;4.816;652.3;2.482;795.4;2.321;60;0;0;8.320;8.419;8.452;1936;1961;1981;50.00;50.00;50.00;14126;1000;0.0;0;0.0000;0;0;6341;6341;6341
60;2014-09-23 10:49:00;909402N262;5929;6.440;43;234;233;234;235;8.468;50.02;518.3;4.851;651.5;2.496;795.4;2.358;60;0;0;8.389;8.485;8.530;1949;1978;2000;50.02;50.02;50.02;14126;1000;0.0;0;0.0000;0;0;6440;6440;6440
60;2014-09-23 10:50:00;909402N262;5963;6.539;43;234;233;234;235;8.521;50.01;517.5;4.886;651.1;2.508;795.1;2.378;60;0;0;8.448;8.540;8.577;1965;1988;2008;50.01;50.01;50.01;14126;1000;0.0;0;0.0000;0;0;6539;6539;6539
60;2014-09-23 10:51:00;909402N262;5989;6.639;44;234;234;233;235;8.548;50.01;516.4;4.918;650.4;2.520;794.8;2.389;60;0;0;8.488;8.560;8.597;1982;1992;2014;50.01;50.01;50.01;14126;1000;0.0;0;0.0000;0;0;6639;6639;6639
60;2014-09-23 10:52:00;909402N262;6021;6.740;44;234;234;234;235;8.592;50.01;516.0;4.953;650.2;2.531;795.1;2.402;60;0;0;8.522;8.610;8.645;1987;2007;2025;50.01;50.01;50.01;14126;1000;0.0;0;0.0000;0;0;6740;6740;6740
60;2014-09-23 10:53:00;909402N262;6054;6.842;44;234;233;234;235;8.645;50.01;515.5;4.988;650.0;2.544;795.1;2.415;60;0;0;8.569;8.666;8.702;1992;2022;2037;50.01;50.01;50.01;14126;1000;0.0;0;0.0000;0;0;6842;6842;6842
60;2014-09-23 10:54:00;909402N262;6081;6.943;44;234;234;234;235;8.678;50.01;514.9;5.019;649.2;2.557;794.8;2.426;60;0;0;8.635;8.693;8.708;2016;2025;2037;50.01;50.01;50.01;14126;1000;0.0;0;0.0000;0;0;6943;6943;6943
60;2014-09-23 10:55:00;909402N262;6103;7.045;44;234;234;233;235;8.717;50.01;514.3;5.046;648.5;2.567;795.2;2.436;60;0;0;8.679;8.717;8.756;2026;2025;2049;50.01;50.01;50.01;14126;1000;0.0;0;0.0000;0;0;7045;7045;7045
60;2014-09-23 10:56:00;909402N262;6131;7.148;44;234;234;233;235;8.759;50.01;514.2;5.072;648.3;2.577;795.1;2.449;60;0;0;8.726;8.756;8.796;2038;2034;2058;50.01;50.01;50.01;14126;1000;0.0;0;0.0000;0;0;7148;7148;7148
60;2014-09-23 10:57:00;909402N262;6163;7.250;44;234;234;233;235;8.807;50.02;514.0;5.102;648.0;2.590;795.2;2.461;60;0;0;8.777;8.798;8.848;2048;2042;2071;50.02;50.02;50.02;14126;1000;0.0;0;0.0000;0;0;7250;7250;7250
60;2014-09-23 10:58:00;909402N262;6194;7.353;44;234;234;233;234;8.854;50.01;513.8;5.132;647.6;2.602;795.0;2.474;60;0;0;8.808;8.869;8.886;2053;2061;2077;50.01;50.01;50.01;14126;1000;0.0;0;0.0000;0;0;7353;7353;7353
60;2014-09-23 10:59:00;909402N262;6219;7.457;44;233;234;233;233;8.906;50.00;513.2;5.161;647.1;2.613;795.0;2.486;60;0;0;8.882;8.937;8.899;2073;2076;2069;50.00;50.00;50.00;14126;1000;0.0;0;0.0000;0;0;7457;7457;7457
60;2014-09-23 11:00:00;909402N262;6250;7.561;44;233;234;233;233;8.942;49.98;512.9;5.195;646.8;2.625;794.8;2.497;60;0;0;8.931;8.972;8.923;2087;2086;2075;49.98;49.98;49.98;14126;1000;0.0;0;0.0000;0;0;7561;7561;7561
[wr_ende]
