20141223;150003;danfoss;My Plant;+0100
[wr_def_start]
909402N262;Inverter Type;Inverter Group;Hanzl
[wr_def_end]
[wr]
INTERVAL;TIMESTAMP;SERIAL;P_AC;E_DAY;T_WR;U_AC;U_AC_1;U_AC_2;U_AC_3;I_AC;F_AC;U_DC_1;I_DC_1;U_DC_2;I_DC_2;U_DC_3;I_DC_3;S;E_WR;M_WR;I_AC_1;I_AC_2;I_AC_3;P_AC_1;P_AC_2;P_AC_3;F_AC_1;F_AC_2;F_AC_3;R_DC;PC;PCS;PCS_LL;COS_PHI;COS_PHI_LL;S_COS_PHI;Current_Day_Energy;current_Day_Offset;ccEnergyOfDay_WithoutOffset
60;2014-12-23 14:01:00;909402N262;2437;9.353;43;235;233;235;235;3.617;49.99;564.3;2.077;646.2;0.935;794.2;0.862;60;0;0;3.536;3.669;3.647;789;826;820;49.99;49.99;49.99;908;1000;0.0;0;1.0000;0;2;9353;9353;9353
60;2014-12-23 14:02:00;909402N262;2495;9.394;43;235;234;235;235;3.689;49.99;570.1;2.123;661.7;0.936;794.7;0.870;60;0;0;3.621;3.732;3.714;812;843;839;49.99;49.99;49.99;908;1000;0.0;0;1.0000;0;2;9394;9394;9394
60;2014-12-23 14:03:00;909402N262;2537;9.436;43;235;234;235;235;3.754;50.00;571.0;2.166;662.7;0.952;789.3;0.884;60;0;0;3.690;3.789;3.784;826;855;854;50.00;50.00;50.00;908;1000;0.0;0;1.0000;0;2;9436;9436;9436
60;2014-12-23 14:04:00;909402N262;2984;9.486;43;235;234;235;235;4.372;50.00;576.3;2.589;667.8;1.092;774.5;1.028;60;0;0;4.299;4.423;4.395;973;1006;1002;50.00;50.00;50.00;908;1000;0.0;0;1.0000;0;2;9486;9486;9486
60;2014-12-23 14:05:00;909402N262;3029;9.537;43;235;234;235;236;4.430;49.99;576.5;2.629;668.2;1.101;775.0;1.052;60;0;0;4.354;4.477;4.460;986;1022;1019;49.99;49.99;49.99;908;1000;0.0;0;1.0000;0;2;9537;9537;9537
60;2014-12-23 14:06:00;909402N262;2213;9.575;43;235;234;235;235;3.305;49.99;569.1;1.863;660.0;0.842;795.0;0.775;60;0;0;3.239;3.350;3.327;718;748;744;49.99;49.99;49.99;908;1000;0.0;0;1.0000;0;2;9575;9575;9575
60;2014-12-23 14:07:00;909402N262;2481;9.615;43;235;233;235;236;3.677;49.99;573.2;2.122;663.6;0.928;790.8;0.853;60;0;0;3.595;3.727;3.709;802;841;836;49.99;49.99;49.99;908;1000;0.0;0;1.0000;0;2;9615;9615;9615
60;2014-12-23 14:08:00;909402N262;3106;9.667;43;235;234;236;236;4.541;49.99;578.6;2.716;670.2;1.127;763.1;1.071;60;0;0;4.454;4.604;4.566;1008;1053;1044;49.99;49.99;49.99;908;1000;0.0;0;1.0000;0;2;9667;9667;9667
60;2014-12-23 14:09:00;909402N262;2926;9.716;43;235;233;235;236;4.299;49.99;577.3;2.555;668.5;1.066;758.7;1.015;60;0;0;4.205;4.369;4.323;946;993;985;49.99;49.99;49.99;908;1000;0.0;0;1.0000;0;2;9716;9716;9716
60;2014-12-23 14:10:00;909402N262;3172;9.769;43;235;233;235;235;4.628;49.99;579.2;2.791;670.6;1.148;753.6;1.091;60;0;0;4.548;4.677;4.660;1029;1074;1066;49.99;49.99;49.99;908;1000;0.0;0;1.0000;0;2;9769;9769;9769
60;2014-12-23 14:11:00;909402N262;4582;9.845;43;235;234;236;236;6.576;49.99;583.4;4.077;679.4;1.584;748.0;1.592;60;0;0;6.482;6.647;6.599;1494;1551;1537;49.99;49.99;49.99;908;1000;0.0;0;1.0000;0;2;9845;9845;9845
60;2014-12-23 14:12:00;909402N262;3654;9.905;43;235;234;236;236;5.282;49.99;578.7;3.250;673.4;1.304;739.7;1.269;60;0;0;5.191;5.363;5.294;1189;1237;1225;49.99;49.99;49.99;908;1000;0.0;0;1.0000;0;2;9905;9905;9905
60;2014-12-23 14:13:00;909402N262;4197;9.975;43;235;234;236;236;6.013;49.99;577.5;3.775;675.1;1.483;738.7;1.455;60;0;0;5.932;6.065;6.043;1368;1419;1408;49.99;49.99;49.99;908;1000;0.0;0;1.0000;0;2;9975;9975;9975
60;2014-12-23 14:14:00;909402N262;5314;10.064;43;235;234;236;236;7.567;49.99;578.0;4.839;680.3;1.835;718.5;1.874;60;0;0;7.455;7.658;7.588;1734;1797;1781;49.99;49.99;49.99;908;1000;0.0;0;1.0000;0;2;10064;10064;10064
60;2014-12-23 14:15:00;909402N262;4785;10.144;43;235;234;236;236;6.853;49.99;573.9;4.382;675.8;1.666;705.3;1.712;60;0;0;6.748;6.954;6.859;1563;1614;1604;49.99;49.99;49.99;908;1000;0.0;0;1.0000;0;2;10144;10144;10144
60;2014-12-23 14:16:00;909402N262;3497;10.202;43;235;234;235;236;5.038;49.99;567.8;3.233;651.4;1.274;694.7;1.275;60;0;0;4.966;5.076;5.072;1139;1183;1174;49.99;49.99;49.99;908;1000;0.0;0;1.0000;0;2;10202;10202;10202
60;2014-12-23 14:17:00;909402N262;5107;10.288;43;235;234;236;236;7.275;50.00;572.7;4.747;677.0;1.788;689.3;1.836;60;0;0;7.174;7.332;7.319;1667;1721;1718;50.00;50.00;50.00;908;1000;0.0;0;1.0000;0;2;10288;10288;10288
60;2014-12-23 14:18:00;909402N262;5051;10.373;43;235;234;236;236;7.200;49.99;570.2;4.718;676.1;1.772;681.2;1.827;60;0;0;7.090;7.293;7.219;1649;1707;1693;49.99;49.99;49.99;908;1000;0.0;0;1.0000;0;2;10373;10373;10373
60;2014-12-23 14:19:00;909402N262;5089;10.458;43;236;235;236;236;7.250;50.00;567.9;4.799;675.7;1.785;671.3;1.851;60;0;0;7.148;7.321;7.281;1663;1718;1707;50.00;50.00;50.00;908;1000;0.0;0;1.0000;0;2;10458;10458;10458
60;2014-12-23 14:20:00;909402N262;5940;10.557;43;234;233;235;234;8.497;49.99;565.8;5.665;680.0;2.064;656.4;2.184;60;0;0;8.402;8.582;8.509;1949;2005;1985;49.99;49.99;49.99;908;1000;0.0;0;1.0000;0;2;10557;10557;10557
60;2014-12-23 14:21:00;909402N262;3916;10.621;43;233;231;234;234;5.689;49.99;559.2;3.718;664.5;1.425;656.4;1.451;60;0;0;5.577;5.775;5.716;1268;1328;1317;49.99;49.99;49.99;908;1000;0.0;0;1.0000;0;2;10621;10621;10621
60;2014-12-23 14:22:00;909402N262;1989;10.656;43;233;231;233;233;3.074;50.00;548.4;1.790;646.2;0.774;777.2;0.676;60;0;0;2.990;3.128;3.105;637;677;672;50.00;50.00;50.00;908;1000;0.0;0;1.0000;0;2;10656;10656;10656
60;2014-12-23 14:23:00;909402N262;1968;10.689;44;232;231;233;233;3.045;49.99;551.4;1.764;647.1;0.765;775.7;0.668;60;0;0;2.970;3.097;3.070;634;668;664;49.99;49.99;49.99;908;1000;0.0;0;1.0000;0;2;10689;10689;10689
60;2014-12-23 14:24:00;909402N262;1708;10.716;44;232;231;233;233;2.709;50.00;549.8;1.498;644.6;0.674;772.9;0.603;60;0;0;2.638;2.759;2.732;549;580;576;50.00;50.00;50.00;908;1000;0.0;0;1.0000;0;2;10716;10716;10716
60;2014-12-23 14:25:00;909402N262;1703;10.745;43;232;231;233;233;2.704;50.00;552.3;1.499;645.1;0.669;765.4;0.603;60;0;0;2.630;2.749;2.735;546;578;578;50.00;50.00;50.00;908;1000;0.0;0;1.0000;0;2;10745;10745;10745
60;2014-12-23 14:26:00;909402N262;1728;10.774;43;232;231;233;233;2.735;50.00;555.4;1.524;646.4;0.672;760.4;0.609;60;0;0;2.668;2.780;2.758;556;587;583;50.00;50.00;50.00;908;1000;0.0;0;1.0000;0;2;10774;10774;10774
60;2014-12-23 14:27:00;909402N262;1537;10.799;43;232;231;233;233;2.480;50.00;553.5;1.339;644.5;0.608;780.5;0.536;60;0;0;2.417;2.516;2.507;494;521;520;50.00;50.00;50.00;908;1000;0.0;0;1.0000;0;2;10799;10799;10799
60;2014-12-23 14:28:00;909402N262;1480;10.824;43;232;231;233;233;2.411;49.99;554.1;1.288;644.3;0.587;781.4;0.514;60;0;0;2.345;2.453;2.436;474;504;500;49.99;49.99;49.99;908;1000;0.0;0;1.0000;0;2;10824;10824;10824
60;2014-12-23 14:29:00;909402N262;1468;10.848;43;232;231;233;233;2.384;50.00;555.7;1.278;644.9;0.581;787.8;0.502;60;0;0;2.315;2.425;2.412;469;499;497;50.00;50.00;50.00;908;1000;0.0;0;1.0000;0;2;10848;10848;10848
60;2014-12-23 14:30:00;909402N262;1532;10.874;43;232;231;233;233;2.462;49.99;559.0;1.342;647.0;0.602;782.3;0.520;60;0;0;2.391;2.509;2.486;490;523;517;49.99;49.99;49.99;908;1000;0.0;0;1.0000;0;2;10874;10874;10874
60;2014-12-23 14:31:00;909402N262;1527;10.900;43;233;231;234;233;2.451;49.99;555.7;1.358;630.0;0.609;776.2;0.524;60;0;0;2.378;2.495;2.481;487;522;516;49.99;49.99;49.99;908;1000;0.0;0;1.0000;0;2;10900;10900;10900
60;2014-12-23 14:32:00;909402N262;1920;10.932;43;233;231;234;233;2.965;49.99;568.3;1.755;654.1;0.735;768.4;0.595;60;0;0;2.882;3.031;2.984;616;656;646;49.99;49.99;49.99;908;1000;0.0;0;1.0000;0;2;10932;10932;10932
60;2014-12-23 14:33:00;909402N262;2038;10.966;43;232;230;234;233;3.122;49.98;570.7;1.878;656.1;0.775;779.8;0.607;60;0;0;3.030;3.189;3.148;652;696;688;49.98;49.98;49.98;908;1000;0.0;0;1.0000;0;2;10966;10966;10966
60;2014-12-23 14:34:00;909402N262;2308;11.004;43;232;231;233;233;3.487;49.98;574.1;2.223;659.7;0.880;783.3;0.609;60;0;0;3.410;3.534;3.519;744;786;777;49.98;49.98;49.98;908;1000;0.0;0;1.0000;0;2;11004;11004;11004
60;2014-12-23 14:35:00;909402N262;2343;11.044;43;232;231;233;233;3.541;49.99;572.3;2.269;660.0;0.900;770.6;0.601;60;0;0;3.466;3.600;3.558;759;795;787;49.99;49.99;49.99;908;1000;0.0;0;1.0000;0;2;11044;11044;11044
60;2014-12-23 14:36:00;909402N262;1929;11.075;43;232;231;234;233;2.978;49.99;569.6;1.786;654.7;0.734;763.1;0.587;60;0;0;2.895;3.043;2.998;618;660;648;49.99;49.99;49.99;908;1000;0.0;0;1.0000;0;2;11075;11075;11075
60;2014-12-23 14:37:00;909402N262;1498;11.100;43;232;230;233;233;2.413;49.99;561.8;1.328;648.0;0.583;754.5;0.514;60;0;0;2.340;2.463;2.437;478;513;506;49.99;49.99;49.99;908;1000;0.0;0;1.0000;0;2;11100;11100;11100
60;2014-12-23 14:38:00;909402N262;1713;11.129;43;233;231;234;233;2.691;50.01;567.9;1.573;652.1;0.657;749.1;0.544;60;0;0;2.623;2.732;2.719;551;581;579;50.01;50.01;50.01;908;1000;0.0;0;1.0000;0;2;11129;11129;11129
60;2014-12-23 14:39:00;909402N262;1623;11.156;43;233;231;234;233;2.583;50.01;566.0;1.486;651.0;0.628;760.5;0.505;60;0;0;2.510;2.636;2.604;520;553;548;50.01;50.01;50.01;908;1000;0.0;0;1.0000;0;2;11156;11156;11156
60;2014-12-23 14:40:00;909402N262;1617;11.183;43;233;231;234;233;2.566;50.01;567.4;1.482;651.4;0.624;749.6;0.510;60;0;0;2.499;2.605;2.594;518;549;547;50.01;50.01;50.01;908;1000;0.0;0;1.0000;0;2;11183;11183;11183
60;2014-12-23 14:41:00;909402N262;1236;11.204;43;232;231;233;233;2.078;50.01;559.3;1.075;645.2;0.490;780.7;0.420;60;0;0;2.023;2.114;2.097;395;422;417;50.01;50.01;50.01;908;1000;0.0;0;1.0000;0;2;11204;11204;11204
60;2014-12-23 14:42:00;909402N262;1158;11.222;43;233;232;234;233;1.986;50.00;558.3;0.995;643.6;0.464;786.1;0.397;60;0;0;1.934;2.022;2.002;371;396;389;50.00;50.00;50.00;908;1000;0.0;0;1.0000;0;2;11222;11222;11222
60;2014-12-23 14:43:00;909402N262;1107;11.240;43;233;232;234;233;1.931;50.01;557.7;0.948;642.4;0.446;780.6;0.384;60;0;0;1.878;1.965;1.952;353;379;374;50.01;50.01;50.01;908;1000;0.0;0;1.0000;0;2;11240;11240;11240
60;2014-12-23 14:44:00;909402N262;1090;11.260;43;233;232;234;233;1.900;49.99;558.1;0.934;642.1;0.438;787.9;0.374;60;0;0;1.847;1.936;1.917;348;373;367;49.99;49.99;49.99;908;1000;0.0;0;1.0000;0;2;11260;11260;11260
60;2014-12-23 14:45:00;909402N262;1089;11.278;43;233;232;234;233;1.900;49.99;558.9;0.936;642.8;0.436;787.9;0.373;60;0;0;1.849;1.933;1.918;348;372;366;49.99;49.99;49.99;908;1000;0.0;0;1.0000;0;2;11278;11278;11278
60;2014-12-23 14:46:00;909402N262;1028;11.295;43;233;232;234;233;1.836;50.00;557.6;0.886;619.6;0.422;771.7;0.367;60;0;0;1.790;1.865;1.854;328;351;346;50.00;50.00;50.00;908;1000;0.0;0;1.0000;0;2;11295;11295;11295
60;2014-12-23 14:47:00;909402N262;1014;11.311;43;233;232;233;233;1.829;50.00;558.0;0.864;642.0;0.408;777.8;0.359;60;0;0;1.784;1.860;1.844;324;347;342;50.00;50.00;50.00;908;1000;0.0;0;1.0000;0;2;11311;11311;11311
60;2014-12-23 14:48:00;909402N262;994;11.328;43;233;232;234;233;1.802;50.00;558.1;0.848;641.5;0.400;779.5;0.349;60;0;0;1.753;1.834;1.820;316;341;336;50.00;50.00;50.00;908;1000;0.0;0;1.0000;0;2;11328;11328;11328
60;2014-12-23 14:49:00;909402N262;1024;11.345;43;233;231;234;233;1.826;50.00;560.5;0.886;642.8;0.408;786.5;0.347;60;0;0;1.770;1.861;1.849;323;352;347;50.00;50.00;50.00;908;1000;0.0;0;1.0000;0;2;11345;11345;11345
60;2014-12-23 14:50:00;909402N262;955;11.361;42;233;231;234;233;1.762;50.01;559.4;0.816;641.0;0.383;778.8;0.334;60;0;0;1.709;1.795;1.783;302;328;324;50.01;50.01;50.01;908;1000;0.0;0;1.0000;0;2;11361;11361;11361
60;2014-12-23 14:51:00;909402N262;951;11.377;42;233;231;234;233;1.746;50.00;559.6;0.816;641.0;0.379;786.2;0.328;60;0;0;1.692;1.783;1.765;300;327;322;50.00;50.00;50.00;908;1000;0.0;0;1.0000;0;2;11377;11377;11377
60;2014-12-23 14:52:00;909402N262;894;11.392;42;233;231;234;233;1.696;49.99;558.3;0.760;639.9;0.359;775.9;0.318;60;0;0;1.649;1.727;1.712;283;307;302;49.99;49.99;49.99;908;1000;0.0;0;1.0000;0;2;11392;11392;11392
60;2014-12-23 14:53:00;909402N262;856;11.406;42;233;231;234;234;1.653;50.00;557.4;0.727;638.6;0.344;773.2;0.306;60;0;0;1.605;1.682;1.672;269;294;291;50.00;50.00;50.00;908;1000;0.0;0;1.0000;0;2;11406;11406;11406
60;2014-12-23 14:54:00;909402N262;828;11.420;42;233;231;234;234;1.623;50.00;557.1;0.704;638.2;0.333;770.7;0.297;60;0;0;1.579;1.653;1.639;261;285;281;50.00;50.00;50.00;908;1000;0.0;0;1.0000;0;2;11420;11420;11420
60;2014-12-23 14:55:00;909402N262;799;11.433;42;233;231;234;234;1.593;50.00;557.1;0.678;638.4;0.322;769.8;0.288;60;0;0;1.553;1.620;1.606;252;274;270;50.00;50.00;50.00;908;1000;0.0;0;1.0000;0;2;11433;11433;11433
60;2014-12-23 14:56:00;909402N262;768;11.446;42;233;231;234;233;1.562;50.01;557.7;0.652;635.0;0.311;767.9;0.277;60;0;0;1.525;1.582;1.579;243;262;261;50.01;50.01;50.01;908;1000;0.0;0;1.0000;0;2;11446;11446;11446
60;2014-12-23 14:57:00;909402N262;737;11.458;42;233;231;234;233;1.531;50.01;556.8;0.627;633.2;0.299;766.0;0.266;60;0;0;1.493;1.550;1.550;232;251;251;50.01;50.01;50.01;908;1000;0.0;0;1.0000;0;2;11458;11458;11458
60;2014-12-23 14:58:00;909402N262;704;11.470;42;233;232;234;233;1.499;50.02;556.6;0.599;631.7;0.286;763.0;0.255;60;0;0;1.462;1.523;1.513;221;242;239;50.02;50.02;50.02;908;1000;0.0;0;1.0000;0;2;11470;11470;11470
60;2014-12-23 14:59:00;909402N262;669;11.481;42;233;232;234;234;1.468;50.02;556.7;0.571;629.5;0.273;760.3;0.244;60;0;0;1.435;1.488;1.482;211;230;228;50.02;50.02;50.02;908;1000;0.0;0;1.0000;0;2;11481;11481;11481
60;2014-12-23 15:00:00;909402N262;641;11.493;42;234;232;234;234;1.444;50.01;556.8;0.547;627.6;0.261;759.6;0.233;60;0;0;1.409;1.461;1.463;200;219;220;50.01;50.01;50.01;908;1000;0.0;0;1.0000;0;2;11493;11493;11493
[wr_ende]
