20140504;170003;danfoss;My Plant;+0100
[wr_def_start]
909402N262;Inverter Type;Inverter Group;Hanzl
[wr_def_end]
[wr]
INTERVAL;TIMESTAMP;SERIAL;P_AC;E_DAY;T_WR;U_AC;U_AC_1;U_AC_2;U_AC_3;I_AC;F_AC;U_DC_1;I_DC_1;U_DC_2;I_DC_2;U_DC_3;I_DC_3;S;E_WR;M_WR;I_AC_1;I_AC_2;I_AC_3;P_AC_1;P_AC_2;P_AC_3;F_AC_1;F_AC_2;F_AC_3;R_DC;PC;PCS;PCS_LL;COS_PHI;COS_PHI_LL;S_COS_PHI;Current_Day_Energy;current_Day_Offset;ccEnergyOfDay_WithoutOffset
60;2014-05-04 16:01:00;909402N262;9468;63.926;51;236;237;236;237;13.311;50.03;534.9;7.323;658.2;3.579;790.5;4.238;60;0;0;13.267;13.346;13.321;3146;3159;3160;50.03;50.03;50.03;27112;1000;0.0;0;0.0000;0;0;63926;63926;63926
60;2014-05-04 16:02:00;909402N262;9505;64.085;51;236;237;236;237;13.400;50.00;537.2;7.331;668.5;3.562;793.4;4.223;60;0;0;13.361;13.446;13.394;3163;3171;3169;50.00;50.00;50.00;27112;1000;0.0;0;0.0000;0;0;64085;64085;64085
60;2014-05-04 16:03:00;909402N262;9481;64.244;51;236;236;236;236;13.388;49.98;536.7;7.318;667.3;3.558;790.5;4.227;60;0;0;13.349;13.433;13.384;3152;3167;3158;49.98;49.98;49.98;27112;1000;0.0;0;0.0000;0;0;64244;64244;64244
60;2014-05-04 16:04:00;909402N262;9426;64.401;51;236;236;236;236;13.315;49.96;535.3;7.289;665.6;3.547;784.8;4.233;60;0;0;13.284;13.380;13.283;3137;3157;3131;49.96;49.96;49.96;27112;1000;0.0;0;0.0000;0;0;64401;64401;64401
60;2014-05-04 16:05:00;909402N262;9406;64.557;51;236;236;236;236;13.287;49.95;535.3;7.274;666.0;3.536;784.7;4.223;60;0;0;13.234;13.352;13.276;3123;3151;3130;49.95;49.95;49.95;27112;1000;0.0;0;0.0000;0;0;64557;64557;64557
60;2014-05-04 16:06:00;909402N262;9414;64.714;51;236;236;236;236;13.301;49.96;535.5;7.275;666.7;3.532;789.9;4.203;60;0;0;13.257;13.366;13.280;3130;3153;3130;49.96;49.96;49.96;27112;1000;0.0;0;0.0000;0;0;64714;64714;64714
60;2014-05-04 16:07:00;909402N262;9364;64.870;51;236;236;236;236;13.227;49.96;536.5;7.226;667.5;3.508;794.6;4.158;60;0;0;13.174;13.296;13.211;3110;3139;3115;49.96;49.96;49.96;27112;1000;0.0;0;0.0000;0;0;64870;64870;64870
60;2014-05-04 16:08:00;909402N262;9306;65.025;51;236;236;236;236;13.135;49.97;537.6;7.166;668.7;3.475;794.8;4.131;60;0;0;13.068;13.204;13.135;3083;3120;3099;49.97;49.97;49.97;27112;1000;0.0;0;0.0000;0;0;65025;65025;65025
60;2014-05-04 16:09:00;909402N262;9300;65.180;51;236;236;236;236;13.126;49.96;539.2;7.153;669.4;3.465;794.9;4.126;60;0;0;13.067;13.184;13.128;3085;3117;3096;49.96;49.96;49.96;27112;1000;0.0;0;0.0000;0;0;65180;65180;65180
60;2014-05-04 16:10:00;909402N262;9254;65.335;51;236;236;236;236;13.058;49.95;540.5;7.107;670.6;3.443;794.9;4.105;60;0;0;12.994;13.112;13.070;3066;3101;3084;49.95;49.95;49.95;27112;1000;0.0;0;0.0000;0;0;65335;65335;65335
60;2014-05-04 16:11:00;909402N262;9342;65.490;51;236;236;237;237;13.158;49.97;540.9;7.169;671.7;3.470;794.7;4.143;60;0;0;13.068;13.224;13.184;3084;3132;3123;49.97;49.97;49.97;27112;1000;0.0;0;0.0000;0;0;65490;65490;65490
60;2014-05-04 16:12:00;909402N262;7788;65.619;51;236;236;236;236;10.981;49.97;545.8;5.964;663.8;2.916;783.5;3.470;60;0;0;10.912;11.008;11.025;2572;2610;2604;49.97;49.97;49.97;27112;1000;0.0;0;0.0000;0;0;65619;65619;65619
60;2014-05-04 16:13:00;909402N262;9249;65.774;51;236;236;237;237;13.027;49.99;543.2;7.084;673.3;3.417;794.6;4.098;60;0;0;12.932;13.087;13.063;3052;3102;3093;49.99;49.99;49.99;27112;1000;0.0;0;0.0000;0;0;65774;65774;65774
60;2014-05-04 16:14:00;909402N262;9217;65.928;51;237;236;237;237;12.977;49.98;543.4;7.059;673.4;3.403;794.8;4.084;60;0;0;12.886;13.044;13.001;3043;3094;3079;49.98;49.98;49.98;27112;1000;0.0;0;0.0000;0;0;65928;65928;65928
60;2014-05-04 16:15:00;909402N262;9198;66.080;51;237;236;237;237;12.945;49.98;543.3;7.044;673.9;3.394;794.7;4.077;60;0;0;12.847;13.035;12.954;3035;3092;3068;49.98;49.98;49.98;27112;1000;0.0;0;0.0000;0;0;66080;66080;66080
60;2014-05-04 16:16:00;909402N262;9073;66.233;51;237;236;237;237;12.758;49.99;539.4;7.009;656.8;3.411;793.8;4.061;60;0;0;12.662;12.840;12.774;2989;3054;3028;49.99;49.99;49.99;27112;1000;0.0;0;0.0000;0;0;66233;66233;66233
60;2014-05-04 16:17:00;909402N262;9140;66.386;51;237;236;237;237;12.862;49.98;542.8;6.999;673.0;3.379;794.6;4.053;60;0;0;12.786;12.939;12.862;3020;3072;3045;49.98;49.98;49.98;27112;1000;0.0;0;0.0000;0;0;66386;66386;66386
60;2014-05-04 16:18:00;909402N262;9093;66.534;51;237;236;237;237;12.805;49.98;541.1;6.974;672.1;3.368;794.8;4.037;60;0;0;12.706;12.887;12.822;2997;3058;3038;49.98;49.98;49.98;27112;1000;0.0;0;0.0000;0;0;66534;66534;66534
60;2014-05-04 16:19:00;909402N262;9061;66.685;51;236;235;237;237;12.768;49.99;540.3;6.960;670.8;3.364;794.9;4.021;60;0;0;12.659;12.858;12.789;2983;3050;3027;49.99;49.99;49.99;27112;1000;0.0;0;0.0000;0;0;66685;66685;66685
60;2014-05-04 16:20:00;909402N262;9049;66.838;51;236;235;237;237;12.752;49.99;540.1;6.955;670.4;3.363;794.9;4.013;60;0;0;12.643;12.838;12.776;2977;3045;3026;49.99;49.99;49.99;27112;1000;0.0;0;0.0000;0;0;66838;66838;66838
60;2014-05-04 16:21:00;909402N262;9003;66.988;51;236;235;237;236;12.705;49.99;540.3;6.920;670.8;3.345;794.9;3.988;60;0;0;12.598;12.812;12.707;2965;3037;2998;49.99;49.99;49.99;27112;1000;0.0;0;0.0000;0;0;66988;66988;66988
60;2014-05-04 16:22:00;909402N262;8959;67.137;51;236;235;237;236;12.650;49.98;540.1;6.893;670.6;3.330;795.0;3.966;60;0;0;12.552;12.762;12.637;2954;3024;2978;49.98;49.98;49.98;27112;1000;0.0;0;0.0000;0;0;67137;67137;67137
60;2014-05-04 16:23:00;909402N262;8930;67.285;51;236;235;237;236;12.612;49.97;539.9;6.877;668.8;3.325;795.0;3.956;60;0;0;12.499;12.737;12.602;2937;3020;2970;49.97;49.97;49.97;27112;1000;0.0;0;0.0000;0;0;67285;67285;67285
60;2014-05-04 16:24:00;909402N262;8832;67.433;51;236;235;237;236;12.475;49.98;540.9;6.795;668.7;3.283;794.9;3.914;60;0;0;12.380;12.579;12.467;2914;2980;2936;49.98;49.98;49.98;27112;1000;0.0;0;0.0000;0;0;67433;67433;67433
60;2014-05-04 16:25:00;909402N262;8852;67.581;51;236;235;237;236;12.495;49.99;541.1;6.808;669.9;3.281;795.1;3.924;60;0;0;12.408;12.592;12.487;2923;2983;2944;49.99;49.99;49.99;27112;1000;0.0;0;0.0000;0;0;67581;67581;67581
60;2014-05-04 16:26:00;909402N262;8794;67.727;51;236;236;237;236;12.412;50.00;541.6;6.761;670.0;3.256;795.0;3.897;60;0;0;12.340;12.502;12.395;2911;2956;2924;50.00;50.00;50.00;27112;1000;0.0;0;0.0000;0;0;67727;67727;67727
60;2014-05-04 16:27:00;909402N262;8780;67.874;51;236;236;236;236;12.392;49.99;543.7;6.735;671.5;3.238;794.8;3.888;60;0;0;12.333;12.466;12.378;2913;2945;2919;49.99;49.99;49.99;27112;1000;0.0;0;0.0000;0;0;67874;67874;67874
60;2014-05-04 16:28:00;909402N262;8706;68.019;51;236;236;236;235;12.304;49.99;543.4;6.677;671.1;3.213;794.6;3.860;60;0;0;12.269;12.369;12.274;2896;2918;2890;49.99;49.99;49.99;27112;1000;0.0;0;0.0000;0;0;68019;68019;68019
60;2014-05-04 16:29:00;909402N262;8696;68.163;51;236;236;236;236;12.295;49.99;541.9;6.682;670.7;3.214;794.9;3.858;60;0;0;12.241;12.354;12.292;2886;2913;2896;49.99;49.99;49.99;27112;1000;0.0;0;0.0000;0;0;68163;68163;68163
60;2014-05-04 16:30:00;909402N262;8651;68.308;51;236;235;236;236;12.229;50.00;540.8;6.660;669.6;3.204;794.9;3.838;60;0;0;12.165;12.294;12.229;2864;2900;2885;50.00;50.00;50.00;27112;1000;0.0;0;0.0000;0;0;68308;68308;68308
60;2014-05-04 16:31:00;909402N262;8544;68.451;51;236;236;236;236;12.057;50.00;536.5;6.642;653.6;3.212;794.1;3.828;60;0;0;11.994;12.100;12.077;2826;2861;2855;50.00;50.00;50.00;27112;1000;0.0;0;0.0000;0;0;68451;68451;68451
60;2014-05-04 16:32:00;909402N262;8593;68.595;50;236;236;236;236;12.139;50.00;540.2;6.626;668.4;3.186;794.6;3.810;60;0;0;12.067;12.200;12.152;2844;2879;2868;50.00;50.00;50.00;27112;1000;0.0;0;0.0000;0;0;68595;68595;68595
60;2014-05-04 16:33:00;909402N262;8591;68.736;50;236;236;236;236;12.119;50.00;540.0;6.625;669.0;3.180;795.2;3.808;60;0;0;12.064;12.167;12.128;2849;2874;2866;50.00;50.00;50.00;27112;1000;0.0;0;0.0000;0;0;68736;68736;68736
60;2014-05-04 16:34:00;909402N262;8565;68.879;50;236;236;236;237;12.080;49.99;539.9;6.605;668.5;3.172;795.3;3.800;60;0;0;12.023;12.113;12.104;2839;2861;2863;49.99;49.99;49.99;27112;1000;0.0;0;0.0000;0;0;68879;68879;68879
60;2014-05-04 16:35:00;909402N262;8549;69.023;50;236;236;236;237;12.060;49.99;540.3;6.588;669.3;3.160;795.3;3.794;60;0;0;11.991;12.101;12.089;2832;2857;2858;49.99;49.99;49.99;27112;1000;0.0;0;0.0000;0;0;69023;69023;69023
60;2014-05-04 16:36:00;909402N262;8542;69.164;50;236;236;237;237;12.046;49.99;540.5;6.581;669.5;3.155;795.2;3.791;60;0;0;11.974;12.082;12.083;2828;2855;2857;49.99;49.99;49.99;27112;1000;0.0;0;0.0000;0;0;69164;69164;69164
60;2014-05-04 16:37:00;909402N262;8505;69.307;50;236;236;236;236;12.003;49.98;540.9;6.552;669.9;3.140;795.2;3.773;60;0;0;11.931;12.033;12.045;2814;2843;2846;49.98;49.98;49.98;27112;1000;0.0;0;0.0000;0;0;69307;69307;69307
60;2014-05-04 16:38:00;909402N262;8489;69.447;50;236;236;236;236;11.991;49.99;541.6;6.534;670.7;3.126;795.0;3.766;60;0;0;11.913;12.034;12.026;2806;2842;2840;49.99;49.99;49.99;27112;1000;0.0;0;0.0000;0;0;69447;69447;69447
60;2014-05-04 16:39:00;909402N262;8455;69.588;50;236;236;237;236;11.937;49.98;542.2;6.504;671.1;3.112;795.1;3.751;60;0;0;11.874;11.964;11.974;2799;2826;2828;49.98;49.98;49.98;27112;1000;0.0;0;0.0000;0;0;69588;69588;69588
60;2014-05-04 16:40:00;909402N262;8326;69.728;50;236;236;236;237;11.757;49.98;542.9;6.399;671.4;3.061;795.0;3.691;60;0;0;11.697;11.786;11.790;2759;2780;2786;49.98;49.98;49.98;27112;1000;0.0;0;0.0000;0;0;69728;69728;69728
60;2014-05-04 16:41:00;909402N262;8369;69.866;50;236;236;236;237;11.813;49.99;542.3;6.435;671.3;3.076;795.2;3.714;60;0;0;11.745;11.851;11.843;2771;2798;2798;49.99;49.99;49.99;27112;1000;0.0;0;0.0000;0;0;69866;69866;69866
60;2014-05-04 16:42:00;909402N262;8276;70.006;50;236;236;237;236;11.682;49.99;542.4;6.364;671.9;3.038;795.2;3.669;60;0;0;11.606;11.737;11.703;2737;2773;2765;49.99;49.99;49.99;27112;1000;0.0;0;0.0000;0;0;70006;70006;70006
60;2014-05-04 16:43:00;909402N262;8286;70.144;50;236;236;237;236;11.693;50.00;542.7;6.370;672.2;3.038;795.2;3.673;60;0;0;11.617;11.747;11.716;2738;2778;2768;50.00;50.00;50.00;27112;1000;0.0;0;0.0000;0;0;70144;70144;70144
60;2014-05-04 16:44:00;909402N262;8269;70.281;50;236;236;237;236;11.672;50.00;543.0;6.358;673.0;3.029;795.2;3.663;60;0;0;11.582;11.743;11.692;2728;2776;2763;50.00;50.00;50.00;27112;1000;0.0;0;0.0000;0;0;70281;70281;70281
60;2014-05-04 16:45:00;909402N262;8275;70.419;50;236;236;237;237;11.678;50.00;543.3;6.363;673.5;3.028;795.1;3.665;60;0;0;11.595;11.724;11.716;2734;2771;2769;50.00;50.00;50.00;27112;1000;0.0;0;0.0000;0;0;70419;70419;70419
60;2014-05-04 16:46:00;909402N262;8198;70.556;50;236;236;237;237;11.558;49.99;543.0;6.348;663.7;3.040;786.5;3.675;60;0;0;11.487;11.598;11.589;2711;2746;2740;49.99;49.99;49.99;27112;1000;0.0;0;0.0000;0;0;70556;70556;70556
60;2014-05-04 16:47:00;909402N262;8214;70.692;50;236;235;237;237;11.588;49.99;542.9;6.319;672.5;3.009;795.0;3.641;60;0;0;11.488;11.649;11.628;2705;2757;2750;49.99;49.99;49.99;27112;1000;0.0;0;0.0000;0;0;70692;70692;70692
60;2014-05-04 16:48:00;909402N262;8206;70.829;50;236;235;236;236;11.583;49.99;542.7;6.312;671.6;3.006;794.9;3.639;60;0;0;11.473;11.663;11.613;2699;2758;2745;49.99;49.99;49.99;27112;1000;0.0;0;0.0000;0;0;70829;70829;70829
60;2014-05-04 16:49:00;909402N262;8190;70.966;50;236;235;236;236;11.568;49.99;545.1;6.277;670.7;3.004;794.8;3.634;60;0;0;11.463;11.645;11.597;2695;2753;2741;49.99;49.99;49.99;27112;1000;0.0;0;0.0000;0;0;70966;70966;70966
60;2014-05-04 16:50:00;909402N262;8138;71.102;50;236;235;236;236;11.499;49.98;558.9;6.047;670.5;2.995;794.9;3.623;60;0;0;11.386;11.579;11.534;2678;2733;2725;49.98;49.98;49.98;27112;1000;0.0;0;0.0000;0;0;71102;71102;71102
60;2014-05-04 16:51:00;909402N262;8081;71.237;50;236;235;236;236;11.417;49.97;534.7;6.260;670.4;2.978;794.8;3.608;60;0;0;11.304;11.489;11.458;2657;2715;2708;49.97;49.97;49.97;27112;1000;0.0;0;0.0000;0;0;71237;71237;71237
60;2014-05-04 16:52:00;909402N262;8007;71.370;50;236;235;236;236;11.327;49.97;536.2;6.194;671.2;2.948;794.6;3.576;60;0;0;11.221;11.405;11.357;2636;2693;2679;49.97;49.97;49.97;27112;1000;0.0;0;0.0000;0;0;71370;71370;71370
60;2014-05-04 16:53:00;909402N262;7983;71.504;50;236;235;236;236;11.286;49.97;539.2;6.139;672.4;2.929;794.5;3.564;60;0;0;11.174;11.380;11.304;2627;2687;2667;49.97;49.97;49.97;27112;1000;0.0;0;0.0000;0;0;71504;71504;71504
60;2014-05-04 16:54:00;909402N262;7984;71.635;50;236;235;236;236;11.293;49.98;542.4;6.099;673.2;2.925;794.3;3.566;60;0;0;11.177;11.395;11.308;2627;2687;2666;49.98;49.98;49.98;27112;1000;0.0;0;0.0000;0;0;71635;71635;71635
60;2014-05-04 16:55:00;909402N262;7933;71.768;50;236;235;236;236;11.215;49.98;545.7;6.016;673.7;2.910;794.5;3.546;60;0;0;11.113;11.286;11.248;2614;2663;2653;49.98;49.98;49.98;27112;1000;0.0;0;0.0000;0;0;71768;71768;71768
60;2014-05-04 16:56:00;909402N262;7880;71.899;50;236;235;236;236;11.129;49.99;548.4;5.929;673.5;2.895;794.7;3.527;60;0;0;11.047;11.187;11.154;2601;2642;2634;49.99;49.99;49.99;27112;1000;0.0;0;0.0000;0;0;71899;71899;71899
60;2014-05-04 16:57:00;909402N262;7817;72.030;50;236;236;236;236;11.036;50.00;551.6;5.832;673.4;2.878;794.8;3.504;60;0;0;10.960;11.097;11.051;2583;2622;2610;50.00;50.00;50.00;27112;1000;0.0;0;0.0000;0;0;72030;72030;72030
60;2014-05-04 16:58:00;909402N262;7770;72.159;50;236;236;236;236;10.967;50.00;555.3;5.741;674.0;2.864;794.5;3.492;60;0;0;10.894;11.016;10.992;2568;2603;2596;50.00;50.00;50.00;27112;1000;0.0;0;0.0000;0;0;72159;72159;72159
60;2014-05-04 16:59:00;909402N262;7732;72.288;50;236;235;236;236;10.915;49.99;547.0;5.795;673.4;2.855;794.4;3.479;60;0;0;10.823;10.977;10.945;2549;2594;2587;49.99;49.99;49.99;27112;1000;0.0;0;0.0000;0;0;72288;72288;72288
60;2014-05-04 17:00:00;909402N262;7674;72.416;50;236;235;236;236;10.847;50.00;526.8;5.980;672.8;2.830;794.4;3.450;60;0;0;10.767;10.907;10.868;2533;2573;2564;50.00;50.00;50.00;27112;1000;0.0;0;0.0000;0;0;72416;72416;72416
[wr_ende]
