20141130;110001;danfoss;My Plant;+0100
[wr_def_start]
909402N262;Inverter Type;Inverter Group;Hanzl
[wr_def_end]
[wr]
INTERVAL;TIMESTAMP;SERIAL;P_AC;E_DAY;T_WR;U_AC;U_AC_1;U_AC_2;U_AC_3;I_AC;F_AC;U_DC_1;I_DC_1;U_DC_2;I_DC_2;U_DC_3;I_DC_3;S;E_WR;M_WR;I_AC_1;I_AC_2;I_AC_3;P_AC_1;P_AC_2;P_AC_3;F_AC_1;F_AC_2;F_AC_3;R_DC;PC;PCS;PCS_LL;COS_PHI;COS_PHI_LL;S_COS_PHI;Current_Day_Energy;current_Day_Offset;ccEnergyOfDay_WithoutOffset
60;2014-11-30 10:01:00;909402N262;293;0.567;32;232;232;233;233;0.558;50.00;557.1;0.237;592.6;0.124;720.1;0.125;60;0;0;0.554;0.674;0.448;96;117;78;50.00;50.00;50.00;11888;1000;0.0;0;1.0000;0;2;567;567;567
60;2014-11-30 10:02:00;909402N262;299;0.572;32;232;232;232;233;0.552;50.00;564.1;0.238;596.2;0.125;729.6;0.125;60;0;0;0.542;0.667;0.447;98;119;81;50.00;50.00;50.00;11888;1000;0.0;0;1.0000;0;2;572;572;572
60;2014-11-30 10:03:00;909402N262;310;0.577;32;232;232;232;233;0.566;50.00;565.5;0.245;595.4;0.128;736.6;0.127;60;0;0;0.575;0.661;0.462;104;120;84;50.00;50.00;50.00;11888;1000;0.0;0;1.0000;0;2;577;577;577
60;2014-11-30 10:04:00;909402N262;319;0.583;32;232;231;232;233;0.589;50.01;567.8;0.251;602.0;0.131;733.1;0.132;60;0;0;0.582;0.676;0.511;105;121;93;50.01;50.01;50.01;11888;1000;0.0;0;1.0000;0;2;583;583;583
60;2014-11-30 10:05:00;909402N262;329;0.588;32;232;231;232;234;0.594;50.01;566.7;0.258;594.9;0.136;744.1;0.134;60;0;0;0.607;0.711;0.466;111;131;85;50.01;50.01;50.01;11888;1000;0.0;0;1.0000;0;2;588;588;588
60;2014-11-30 10:06:00;909402N262;326;0.593;32;232;232;232;233;0.594;50.01;565.6;0.255;608.7;0.131;739.7;0.133;60;0;0;0.616;0.697;0.470;112;126;86;50.01;50.01;50.01;11888;1000;0.0;0;1.0000;0;2;593;593;593
60;2014-11-30 10:07:00;909402N262;323;0.599;32;232;231;232;233;0.599;50.02;563.0;0.258;608.9;0.131;735.8;0.132;60;0;0;0.611;0.713;0.473;110;129;83;50.02;50.02;50.02;11888;1000;0.0;0;1.0000;0;2;599;599;599
60;2014-11-30 10:08:00;909402N262;316;0.604;32;232;230;232;232;0.582;50.01;564.8;0.248;605.8;0.129;730.8;0.132;60;0;0;0.611;0.693;0.443;111;124;79;50.01;50.01;50.01;11888;1000;0.0;0;1.0000;0;2;604;604;604
60;2014-11-30 10:09:00;909402N262;320;0.610;32;232;231;233;232;0.595;50.01;559.8;0.259;606.1;0.130;730.7;0.132;60;0;0;0.628;0.698;0.461;113;124;81;50.01;50.01;50.01;11888;1000;0.0;0;1.0000;0;2;610;610;610
60;2014-11-30 10:10:00;909402N262;322;0.615;32;232;231;233;233;0.594;50.01;557.4;0.260;609.1;0.131;733.1;0.132;60;0;0;0.618;0.704;0.460;113;126;81;50.01;50.01;50.01;11888;1000;0.0;0;1.0000;0;2;615;615;615
60;2014-11-30 10:11:00;909402N262;317;0.620;32;232;231;232;233;0.583;50.01;560.8;0.250;605.5;0.131;732.1;0.132;60;0;0;0.592;0.708;0.451;107;127;81;50.01;50.01;50.01;11888;1000;0.0;0;1.0000;0;2;620;620;620
60;2014-11-30 10:12:00;909402N262;325;0.626;32;232;231;232;233;0.594;50.01;559.2;0.260;602.1;0.134;738.9;0.134;60;0;0;0.619;0.709;0.456;113;130;81;50.01;50.01;50.01;11888;1000;0.0;0;1.0000;0;2;626;626;626
60;2014-11-30 10:13:00;909402N262;342;0.631;32;232;231;232;232;0.632;50.01;562.3;0.269;605.4;0.142;739.1;0.143;60;0;0;0.640;0.724;0.533;116;131;93;50.01;50.01;50.01;11888;1000;0.0;0;1.0000;0;2;631;631;631
60;2014-11-30 10:14:00;909402N262;370;0.638;32;232;232;233;232;0.671;50.00;565.0;0.289;607.4;0.154;745.8;0.154;60;0;0;0.651;0.742;0.620;120;135;114;50.00;50.00;50.00;11888;1000;0.0;0;1.0000;0;2;638;638;638
60;2014-11-30 10:15:00;909402N262;381;0.644;32;232;231;232;232;0.685;50.00;566.0;0.295;610.5;0.160;744.1;0.160;60;0;0;0.655;0.769;0.633;121;143;115;50.00;50.00;50.00;11888;1000;0.0;0;1.0000;0;2;644;644;644
60;2014-11-30 10:16:00;909402N262;376;0.650;32;232;231;232;232;0.679;50.01;558.8;0.299;587.3;0.162;745.5;0.159;60;0;0;0.650;0.783;0.606;120;143;111;50.01;50.01;50.01;11888;1000;0.0;0;1.0000;0;2;650;650;650
60;2014-11-30 10:17:00;909402N262;396;0.657;32;232;231;232;233;0.709;50.01;565.6;0.307;621.3;0.162;752.2;0.164;60;0;0;0.627;0.786;0.714;116;146;132;50.01;50.01;50.01;11888;1000;0.0;0;1.0000;0;2;657;657;657
60;2014-11-30 10:18:00;909402N262;373;0.663;33;232;231;232;232;0.675;49.99;563.3;0.292;609.6;0.156;744.3;0.155;60;0;0;0.607;0.793;0.626;112;145;115;49.99;49.99;49.99;11888;1000;0.0;0;1.0000;0;2;663;663;663
60;2014-11-30 10:19:00;909402N262;361;0.668;33;232;231;232;232;0.664;49.99;561.7;0.286;607.7;0.150;744.1;0.149;60;0;0;0.629;0.738;0.625;114;131;114;49.99;49.99;49.99;11888;1000;0.0;0;1.0000;0;2;668;668;668
60;2014-11-30 10:20:00;909402N262;371;0.675;33;232;231;231;232;0.670;49.98;563.2;0.294;606.6;0.153;744.3;0.152;60;0;0;0.621;0.765;0.626;114;139;116;49.98;49.98;49.98;11888;1000;0.0;0;1.0000;0;2;675;675;675
60;2014-11-30 10:21:00;909402N262;391;0.681;33;232;232;231;233;0.701;49.98;563.1;0.314;609.6;0.159;743.0;0.160;60;0;0;0.632;0.809;0.664;116;149;124;49.98;49.98;49.98;11888;1000;0.0;0;1.0000;0;2;681;681;681
60;2014-11-30 10:22:00;909402N262;393;0.688;33;232;231;231;233;0.707;49.99;562.6;0.318;609.7;0.159;745.5;0.159;60;0;0;0.629;0.824;0.670;118;150;124;49.99;49.99;49.99;11888;1000;0.0;0;1.0000;0;2;688;688;688
60;2014-11-30 10:23:00;909402N262;394;0.694;33;232;231;231;233;0.706;49.98;562.9;0.319;612.1;0.159;750.0;0.157;60;0;0;0.663;0.781;0.675;123;143;126;49.98;49.98;49.98;11888;1000;0.0;0;1.0000;0;2;694;694;694
60;2014-11-30 10:24:00;909402N262;431;0.703;33;232;231;231;233;1.083;49.99;565.5;0.344;621.0;0.171;751.6;0.171;60;0;0;1.061;1.120;1.068;135;152;141;49.99;49.99;49.99;11888;1000;0.0;0;1.0000;0;2;703;703;703
60;2014-11-30 10:25:00;909402N262;489;0.710;33;232;231;231;233;1.315;49.99;568.4;0.385;613.6;0.198;758.1;0.194;60;0;0;1.292;1.321;1.332;153;166;168;49.99;49.99;49.99;11888;1000;0.0;0;1.0000;0;2;710;710;710
60;2014-11-30 10:26:00;909402N262;554;0.720;33;232;231;230;233;1.374;50.00;572.4;0.432;623.6;0.220;767.6;0.219;60;0;0;1.348;1.376;1.399;174;188;191;50.00;50.00;50.00;11888;1000;0.0;0;1.0000;0;2;720;720;720
60;2014-11-30 10:27:00;909402N262;593;0.729;33;232;231;230;234;1.402;49.97;574.1;0.460;636.7;0.230;763.7;0.237;60;0;0;1.370;1.413;1.423;186;201;205;49.97;49.97;49.97;11888;1000;0.0;0;1.0000;0;2;729;729;729
60;2014-11-30 10:28:00;909402N262;551;0.738;33;232;231;231;234;1.365;49.97;572.4;0.429;636.2;0.214;767.8;0.217;60;0;0;1.341;1.371;1.383;173;186;190;49.97;49.97;49.97;11888;1000;0.0;0;1.0000;0;2;738;738;738
60;2014-11-30 10:29:00;909402N262;550;0.747;33;232;231;231;233;1.367;49.97;571.7;0.430;635.0;0.214;766.4;0.217;60;0;0;1.339;1.374;1.388;172;186;190;49.97;49.97;49.97;11888;1000;0.0;0;1.0000;0;2;747;747;747
60;2014-11-30 10:30:00;909402N262;549;0.757;33;232;231;231;233;1.364;49.98;571.3;0.426;634.6;0.214;764.1;0.218;60;0;0;1.336;1.373;1.385;172;186;190;49.98;49.98;49.98;11888;1000;0.0;0;1.0000;0;2;757;757;757
60;2014-11-30 10:31:00;909402N262;521;0.766;33;232;231;232;233;1.333;50.00;569.8;0.410;631.7;0.208;760.8;0.211;60;0;0;1.309;1.341;1.349;163;178;178;50.00;50.00;50.00;11888;1000;0.0;0;1.0000;0;2;766;766;766
60;2014-11-30 10:32:00;909402N262;529;0.774;33;232;231;232;233;1.345;50.00;570.9;0.411;629.2;0.208;773.3;0.209;60;0;0;1.328;1.352;1.356;167;179;180;50.00;50.00;50.00;11888;1000;0.0;0;1.0000;0;2;774;774;774
60;2014-11-30 10:33:00;909402N262;520;0.783;33;232;231;232;233;1.341;49.99;570.6;0.402;619.2;0.209;772.4;0.207;60;0;0;1.319;1.349;1.356;163;177;178;49.99;49.99;49.99;11888;1000;0.0;0;1.0000;0;2;783;783;783
60;2014-11-30 10:34:00;909402N262;486;0.791;33;232;231;232;233;1.309;50.00;568.7;0.376;616.1;0.196;757.1;0.197;60;0;0;1.285;1.321;1.321;151;166;166;50.00;50.00;50.00;11888;1000;0.0;0;1.0000;0;2;791;791;791
60;2014-11-30 10:35:00;909402N262;493;0.799;33;232;231;232;233;1.316;49.99;570.2;0.384;616.8;0.198;761.2;0.199;60;0;0;1.291;1.327;1.330;153;169;169;49.99;49.99;49.99;11888;1000;0.0;0;1.0000;0;2;799;799;799
60;2014-11-30 10:36:00;909402N262;552;0.808;33;231;231;232;232;1.365;49.99;572.7;0.428;620.0;0.220;767.4;0.219;60;0;0;1.344;1.375;1.377;174;188;189;49.99;49.99;49.99;11888;1000;0.0;0;1.0000;0;2;808;808;808
60;2014-11-30 10:37:00;909402N262;580;0.818;33;231;231;232;231;1.388;50.00;573.4;0.447;621.9;0.233;767.4;0.231;60;0;0;1.368;1.402;1.395;184;198;195;50.00;50.00;50.00;11888;1000;0.0;0;1.0000;0;2;818;818;818
60;2014-11-30 10:38:00;909402N262;551;0.828;33;231;231;230;232;1.363;50.00;572.0;0.426;620.6;0.221;766.0;0.220;60;0;0;1.343;1.367;1.379;174;186;189;50.00;50.00;50.00;11888;1000;0.0;0;1.0000;0;2;828;828;828
60;2014-11-30 10:39:00;909402N262;529;0.837;33;232;231;230;233;1.348;50.01;571.3;0.410;619.7;0.212;775.0;0.209;60;0;0;1.330;1.350;1.365;167;178;182;50.01;50.01;50.01;11888;1000;0.0;0;1.0000;0;2;837;837;837
60;2014-11-30 10:40:00;909402N262;511;0.845;33;232;232;231;233;1.331;50.00;570.9;0.395;621.2;0.204;767.1;0.204;60;0;0;1.309;1.336;1.349;160;172;176;50.00;50.00;50.00;11888;1000;0.0;0;1.0000;0;2;845;845;845
60;2014-11-30 10:41:00;909402N262;499;0.853;33;232;232;230;233;1.319;50.00;570.9;0.387;623.4;0.199;757.5;0.202;60;0;0;1.300;1.325;1.334;157;169;172;50.00;50.00;50.00;11888;1000;0.0;0;1.0000;0;2;853;853;853
60;2014-11-30 10:42:00;909402N262;507;0.862;33;231;231;231;233;1.327;50.02;571.7;0.393;621.8;0.203;766.5;0.203;60;0;0;1.311;1.333;1.339;160;172;174;50.02;50.02;50.02;11888;1000;0.0;0;1.0000;0;2;862;862;862
60;2014-11-30 10:43:00;909402N262;509;0.871;33;232;231;232;232;1.327;50.01;571.5;0.394;625.7;0.202;767.4;0.203;60;0;0;1.309;1.337;1.337;160;172;174;50.01;50.01;50.01;11888;1000;0.0;0;1.0000;0;2;871;871;871
60;2014-11-30 10:44:00;909402N262;503;0.878;33;231;231;231;232;1.324;50.02;571.8;0.390;627.9;0.199;760.8;0.202;60;0;0;1.303;1.335;1.335;158;172;171;50.02;50.02;50.02;11888;1000;0.0;0;1.0000;0;2;878;878;878
60;2014-11-30 10:45:00;909402N262;497;0.887;33;232;231;232;232;1.319;50.00;572.7;0.383;622.1;0.198;755.3;0.201;60;0;0;1.299;1.329;1.329;156;168;170;50.00;50.00;50.00;11888;1000;0.0;0;1.0000;0;2;887;887;887
60;2014-11-30 10:46:00;909402N262;493;0.896;33;231;231;231;232;1.303;50.01;568.3;0.384;614.9;0.200;750.8;0.205;60;0;0;1.281;1.316;1.313;154;169;168;50.00;50.00;50.00;11888;1000;0.0;0;1.0000;0;2;896;896;896
60;2014-11-30 10:47:00;909402N262;495;0.903;33;231;231;231;231;1.321;50.02;575.8;0.378;627.8;0.196;756.1;0.202;60;0;0;1.305;1.330;1.329;157;169;168;50.02;50.02;50.02;11888;1000;0.0;0;1.0000;0;2;903;903;903
60;2014-11-30 10:48:00;909402N262;496;0.912;33;231;232;231;231;1.321;50.02;576.8;0.378;628.6;0.197;758.1;0.202;60;0;0;1.305;1.331;1.328;158;168;168;50.02;50.02;50.02;11888;1000;0.0;0;1.0000;0;2;912;912;912
60;2014-11-30 10:49:00;909402N262;480;0.919;33;231;231;231;231;1.307;50.01;574.6;0.368;628.1;0.191;760.0;0.195;60;0;0;1.291;1.319;1.311;152;164;162;50.01;50.01;50.01;11888;1000;0.0;0;1.0000;0;2;919;919;919
60;2014-11-30 10:50:00;909402N262;404;0.926;33;231;231;231;232;0.921;50.01;566.2;0.315;620.4;0.162;751.8;0.165;60;0;0;0.883;0.993;0.888;126;147;129;50.01;50.01;50.01;11888;1000;0.0;0;1.0000;0;2;926;926;926
60;2014-11-30 10:51:00;909402N262;326;0.932;33;231;232;231;232;0.607;50.01;559.2;0.261;609.3;0.131;739.2;0.134;60;0;0;0.607;0.694;0.522;107;123;94;50.01;50.01;50.01;11888;1000;0.0;0;1.0000;0;2;932;932;932
60;2014-11-30 10:52:00;909402N262;301;0.938;34;231;231;231;232;0.562;50.01;554.8;0.244;599.3;0.122;734.5;0.124;60;0;0;0.549;0.671;0.467;96;118;85;50.01;50.01;50.01;11888;1000;0.0;0;1.0000;0;2;938;938;938
60;2014-11-30 10:53:00;909402N262;285;0.941;34;231;231;231;231;0.534;50.01;553.6;0.233;592.5;0.117;735.4;0.117;60;0;0;0.487;0.663;0.454;86;116;80;50.01;50.01;50.01;11888;1000;0.0;0;1.0000;0;2;941;941;941
60;2014-11-30 10:54:00;909402N262;274;0.946;34;231;231;231;230;0.517;49.99;552.1;0.225;595.9;0.112;726.3;0.113;60;0;0;0.438;0.640;0.473;78;110;84;49.99;49.99;49.99;11888;1000;0.0;0;1.0000;0;2;946;946;946
60;2014-11-30 10:55:00;909402N262;266;0.951;34;233;234;234;233;0.505;50.00;551.5;0.218;590.1;0.109;725.3;0.109;60;0;0;0.427;0.622;0.466;76;106;82;50.00;50.00;50.00;11888;1000;0.0;0;1.0000;0;2;951;951;951
60;2014-11-30 10:56:00;909402N262;269;0.955;34;234;233;234;234;0.506;50.00;552.6;0.220;592.8;0.110;725.9;0.111;60;0;0;0.453;0.609;0.457;80;104;83;50.00;50.00;50.00;11888;1000;0.0;0;1.0000;0;2;955;955;955
60;2014-11-30 10:57:00;909402N262;292;0.961;34;234;234;234;233;0.553;49.99;555.1;0.238;597.5;0.120;734.1;0.120;60;0;0;0.522;0.670;0.468;92;117;81;50.00;50.00;50.00;11888;1000;0.0;0;1.0000;0;2;961;961;961
60;2014-11-30 10:58:00;909402N262;309;0.966;34;234;234;234;234;0.572;50.00;556.0;0.250;597.6;0.127;741.8;0.126;60;0;0;0.560;0.686;0.471;99;123;86;50.00;50.00;50.00;11888;1000;0.0;0;1.0000;0;2;966;966;966
60;2014-11-30 10:59:00;909402N262;299;0.970;34;234;234;234;234;0.565;50.01;554.7;0.242;600.3;0.122;733.4;0.124;60;0;0;0.545;0.677;0.475;95;117;84;50.01;50.01;50.01;11888;1000;0.0;0;1.0000;0;2;970;970;970
60;2014-11-30 11:00:00;909402N262;293;0.976;34;234;233;234;235;0.553;50.00;555.7;0.237;598.3;0.121;730.7;0.121;60;0;0;0.515;0.681;0.463;90;118;83;50.00;50.00;50.00;11888;1000;0.0;0;1.0000;0;2;976;976;976
[wr_ende]
