20140607;210001;danfoss;My Plant;+0100
[wr_def_start]
909402N262;Inverter Type;Inverter Group;Hanzl
[wr_def_end]
[wr]
INTERVAL;TIMESTAMP;SERIAL;P_AC;E_DAY;T_WR;U_AC;U_AC_1;U_AC_2;U_AC_3;I_AC;F_AC;U_DC_1;I_DC_1;U_DC_2;I_DC_2;U_DC_3;I_DC_3;S;E_WR;M_WR;I_AC_1;I_AC_2;I_AC_3;P_AC_1;P_AC_2;P_AC_3;F_AC_1;F_AC_2;F_AC_3;R_DC;PC;PCS;PCS_LL;COS_PHI;COS_PHI_LL;S_COS_PHI;Current_Day_Energy;current_Day_Offset;ccEnergyOfDay_WithoutOffset
60;2014-06-07 20:01:00;909402N262;287;69.981;42;236;236;236;236;0.612;50.03;470.0;0.208;585.6;0.214;651.2;0.109;60;0;0;0.101;0.881;0.856;14;137;134;50.02;50.02;50.02;9180;1000;0.0;0;0.0000;0;0;69981;69981;69981
60;2014-06-07 20:02:00;909402N262;285;69.986;42;236;235;236;236;0.633;50.04;491.6;0.193;584.2;0.203;672.5;0.105;60;0;0;0.513;0.728;0.659;75;108;100;50.04;50.04;50.04;9180;1000;0.0;0;0.0000;0;0;69986;69986;69986
60;2014-06-07 20:03:00;909402N262;274;69.991;42;236;235;236;235;0.623;50.04;490.2;0.189;582.7;0.194;666.3;0.103;60;0;0;0.493;0.722;0.654;71;104;97;50.04;50.04;50.04;9180;1000;0.0;0;0.0000;0;0;69991;69991;69991
60;2014-06-07 20:04:00;909402N262;264;69.995;42;236;235;236;235;0.591;50.04;489.2;0.183;581.5;0.184;671.3;0.099;60;0;0;0.541;0.665;0.569;79;97;86;50.04;50.04;50.04;9180;1000;0.0;0;0.0000;0;0;69995;69995;69995
60;2014-06-07 20:05:00;909402N262;253;70.000;42;235;235;236;235;0.576;50.03;486.9;0.178;578.9;0.174;667.5;0.096;60;0;0;0.498;0.654;0.577;72;94;85;50.03;50.03;50.03;9180;1000;0.0;0;0.0000;0;0;70000;70000;70000
60;2014-06-07 20:06:00;909402N262;242;70.003;42;235;235;236;235;0.567;50.04;486.5;0.173;579.1;0.165;658.3;0.094;60;0;0;0.497;0.635;0.569;68;91;82;50.04;50.04;50.04;9180;1000;0.0;0;0.0000;0;0;70003;70003;70003
60;2014-06-07 20:07:00;909402N262;232;70.007;42;235;235;236;235;0.543;50.04;484.9;0.168;573.7;0.158;662.7;0.090;60;0;0;0.474;0.612;0.544;64;89;78;50.04;50.04;50.04;9180;1000;0.0;0;0.0000;0;0;70007;70007;70007
60;2014-06-07 20:08:00;909402N262;223;70.010;42;235;235;235;235;0.524;50.04;483.2;0.164;571.5;0.150;659.9;0.087;60;0;0;0.476;0.589;0.507;65;83;72;50.04;50.04;50.04;9180;1000;0.0;0;0.0000;0;0;70010;70010;70010
60;2014-06-07 20:09:00;909402N262;213;70.015;42;235;236;235;235;0.516;50.03;480.8;0.159;568.5;0.143;652.6;0.085;60;0;0;0.457;0.586;0.506;58;82;71;50.03;50.03;50.03;9180;1000;0.0;0;0.0000;0;0;70015;70015;70015
60;2014-06-07 20:10:00;909402N262;204;70.018;42;235;236;235;235;0.505;50.04;479.9;0.154;566.0;0.136;650.6;0.083;60;0;0;0.469;0.590;0.456;56;83;62;50.04;50.04;50.04;9180;1000;0.0;0;0.0000;0;0;70018;70018;70018
60;2014-06-07 20:11:00;909402N262;195;70.021;42;235;236;236;235;0.503;50.04;477.6;0.149;566.4;0.127;650.0;0.081;60;0;0;0.432;0.603;0.475;46;82;65;50.04;50.04;50.04;9180;1000;0.0;0;0.0000;0;0;70021;70021;70021
60;2014-06-07 20:12:00;909402N262;186;70.025;42;235;235;236;235;0.486;50.04;476.8;0.144;563.6;0.121;645.8;0.078;60;0;0;0.460;0.582;0.418;51;77;56;50.04;50.04;50.04;9180;1000;0.0;0;0.0000;0;0;70025;70025;70025
60;2014-06-07 20:13:00;909402N262;178;70.028;41;235;235;235;235;0.483;50.05;474.4;0.139;562.2;0.113;644.4;0.075;60;0;0;0.450;0.585;0.416;46;78;53;50.05;50.05;50.05;9180;1000;0.0;0;0.0000;0;0;70028;70028;70028
60;2014-06-07 20:14:00;909402N262;169;70.029;41;235;235;236;235;0.461;50.03;473.8;0.134;567.6;0.104;641.0;0.072;60;0;0;0.428;0.610;0.345;43;81;43;50.03;50.03;50.03;9180;1000;0.0;0;0.0000;0;0;70029;70029;70029
60;2014-06-07 20:15:00;909402N262;161;70.033;41;235;235;235;235;0.427;50.00;470.7;0.130;572.2;0.095;638.1;0.070;60;0;0;0.353;0.579;0.351;34;79;46;50.00;50.00;50.00;9180;1000;0.0;0;0.0000;0;0;70033;70033;70033
60;2014-06-07 20:16:00;909402N262;150;70.035;41;236;236;236;236;0.399;50.02;461.7;0.126;555.2;0.088;635.0;0.066;60;0;0;0.333;0.498;0.368;34;64;49;50.02;50.02;50.02;9180;1000;0.0;0;0.0000;0;0;70035;70035;70035
60;2014-06-07 20:17:00;909402N262;143;70.038;41;236;236;236;235;0.368;50.01;460.3;0.121;562.4;0.083;636.5;0.063;60;0;0;0.300;0.505;0.301;32;68;41;50.01;50.01;50.01;9180;1000;0.0;0;0.0000;0;0;70038;70038;70038
60;2014-06-07 20:18:00;909402N262;136;70.040;41;235;235;236;235;0.349;50.01;464.8;0.114;550.0;0.079;643.0;0.059;60;0;0;0.278;0.476;0.295;31;63;40;50.01;50.01;50.01;9180;1000;0.0;0;0.0000;0;0;70040;70040;70040
60;2014-06-07 20:19:00;909402N262;129;70.042;41;235;236;236;235;0.327;50.00;460.5;0.111;547.7;0.073;636.5;0.058;60;0;0;0.232;0.528;0.221;24;73;30;50.00;50.00;50.00;9180;1000;0.0;0;0.0000;0;0;70042;70042;70042
60;2014-06-07 20:20:00;909402N262;122;70.043;41;235;235;236;235;0.314;50.00;459.7;0.106;537.8;0.068;632.0;0.056;60;0;0;0.221;0.499;0.224;22;68;30;50.00;50.00;50.00;9180;1000;0.0;0;0.0000;0;0;70043;70043;70043
60;2014-06-07 20:21:00;909402N262;115;70.046;41;235;236;236;235;0.304;50.01;457.4;0.101;538.4;0.063;630.3;0.054;60;0;0;0.221;0.470;0.221;20;64;29;50.01;50.01;50.01;9180;1000;0.0;0;0.0000;0;0;70046;70046;70046
60;2014-06-07 20:22:00;909402N262;109;70.047;41;235;235;236;235;0.287;50.00;457.3;0.095;524.9;0.061;619.6;0.052;60;0;0;0.240;0.436;0.186;23;59;24;50.00;50.00;50.00;9180;1000;0.0;0;0.0000;0;0;70047;70047;70047
60;2014-06-07 20:23:00;909402N262;102;70.049;41;235;235;236;235;0.281;50.02;453.2;0.091;516.8;0.057;618.3;0.050;60;0;0;0.236;0.445;0.162;21;59;20;50.02;50.02;50.02;9180;1000;0.0;0;0.0000;0;0;70049;70049;70049
60;2014-06-07 20:24:00;909402N262;95;70.051;41;235;235;236;235;0.267;50.01;452.5;0.086;515.3;0.053;610.2;0.047;60;0;0;0.211;0.427;0.165;17;57;20;50.01;50.01;50.01;9180;1000;0.0;0;0.0000;0;0;70051;70051;70051
60;2014-06-07 20:25:00;909402N262;90;70.052;41;235;235;236;235;0.255;50.01;448.6;0.082;496.8;0.050;617.9;0.043;60;0;0;0.175;0.403;0.189;13;50;24;50.01;50.01;50.01;9180;1000;0.0;0;0.0000;0;0;70052;70052;70052
60;2014-06-07 20:26:00;909402N262;82;70.054;41;236;236;236;235;0.231;50.02;447.2;0.076;490.7;0.046;608.4;0.040;60;0;0;0.153;0.369;0.172;12;47;22;50.02;50.02;50.02;9180;1000;0.0;0;0.0000;0;0;70054;70054;70054
60;2014-06-07 20:27:00;909402N262;75;70.055;41;235;235;236;235;0.202;50.01;441.7;0.070;481.6;0.041;599.3;0.038;60;0;0;0.147;0.329;0.132;13;42;17;50.01;50.01;50.01;9180;1000;0.0;0;0.0000;0;0;70055;70055;70055
60;2014-06-07 20:28:00;909402N262;67;70.056;41;236;235;236;235;0.180;50.00;436.6;0.063;476.3;0.037;597.6;0.035;60;0;0;0.134;0.285;0.122;13;37;16;50.01;50.00;50.01;9180;1000;0.0;0;0.0000;0;0;70056;70056;70056
60;2014-06-07 20:29:00;909402N262;59;70.058;40;236;236;236;236;0.165;50.01;438.2;0.055;474.3;0.033;588.9;0.031;60;0;0;0.145;0.246;0.104;14;30;13;50.01;50.01;50.01;9180;1000;0.0;0;0.0000;0;0;70058;70058;70058
60;2014-06-07 20:30:00;909402N262;52;70.058;40;236;236;237;236;0.145;50.01;425.0;0.050;456.6;0.030;573.9;0.028;60;0;0;0.088;0.225;0.124;8;26;16;50.01;50.01;50.01;9180;1000;0.0;0;0.0000;0;0;70058;70058;70058
60;2014-06-07 20:31:00;909402N262;44;70.059;40;236;236;237;236;0.118;50.01;416.0;0.044;454.8;0.024;554.7;0.025;60;0;0;0.116;0.142;0.096;12;17;13;50.01;50.01;50.01;9180;1000;0.0;0;0.0000;0;0;70059;70059;70059
60;2014-06-07 20:32:00;909402N262;38;70.059;40;236;236;236;235;0.100;50.00;422.6;0.036;440.0;0.022;556.2;0.020;60;0;0;0.083;0.134;0.084;9;17;11;50.00;50.00;50.00;9180;1000;0.0;0;0.0000;0;0;70059;70059;70059
60;2014-06-07 20:33:00;909402N262;31;70.061;40;236;236;236;236;0.084;50.01;396.3;0.033;423.3;0.018;528.6;0.019;60;0;0;0.083;0.083;0.086;8;9;12;50.01;50.01;50.01;9180;1000;0.0;0;0.0000;0;0;70061;70061;70061
60;2014-06-07 20:34:00;909402N262;26;70.061;40;236;235;236;236;0.070;50.02;400.9;0.027;447.0;0.015;519.2;0.016;60;0;0;0.073;0.062;0.077;8;7;10;50.02;50.02;50.02;9180;1000;0.0;0;0.0000;0;0;70061;70061;70061
60;2014-06-07 20:35:00;909402N262;21;70.061;40;236;236;236;236;0.059;50.02;378.2;0.023;421.8;0.012;520.3;0.014;60;0;0;0.077;0.041;0.061;8;4;8;50.02;50.02;50.02;9180;1000;0.0;0;0.0000;0;0;70061;70061;70061
60;2014-06-07 20:36:00;909402N262;17;70.061;40;236;236;236;236;0.048;50.01;387.5;0.018;445.1;0.008;523.4;0.011;60;0;0;0.056;0.035;0.054;5;4;7;50.01;50.01;50.01;9180;1000;0.0;0;0.0000;0;0;70061;70061;70061
60;2014-06-07 20:37:00;909402N262;14;70.061;40;236;236;235;236;0.038;50.01;380.1;0.014;404.9;0.007;509.7;0.010;60;0;0;0.054;0.020;0.042;5;2;5;50.01;50.01;50.01;9180;1000;0.0;0;0.0000;0;0;70061;70061;70061
60;2014-06-07 20:38:00;909402N262;9;70.062;40;236;236;235;236;0.025;50.01;380.0;0.011;349.8;0.007;408.2;0.010;60;0;0;0.029;0.019;0.029;3;2;3;50.01;50.01;50.01;9180;1000;0.0;0;0.0000;0;0;70062;70062;70062
60;2014-06-07 20:39:00;909402N262;3;70.062;40;236;236;235;236;0.012;49.99;352.3;0.010;281.5;0.006;288.7;0.009;60;0;0;0.014;0.011;0.012;1;1;1;49.99;49.99;49.99;9180;1000;0.0;0;0.0000;0;0;70062;70062;70062
60;2014-06-07 20:40:00;909402N262;3;70.062;40;235;235;235;236;0.011;49.99;339.4;0.007;356.2;0.003;358.0;0.007;60;0;0;0.010;0.012;0.012;0;1;1;49.99;49.99;49.99;9180;1000;0.0;0;0.0000;0;0;70062;70062;70062
60;2014-06-07 20:41:00;909402N262;0;70.062;40;235;235;235;236;0.002;49.98;312.8;0.005;309.0;0.003;312.5;0.004;60;0;0;0.001;0.002;0.003;0;0;0;49.98;49.98;49.98;9180;1000;0.0;0;0.0000;0;0;70062;70062;70062
60;2014-06-07 20:42:00;909402N262;0;70.062;40;235;235;235;236;0.000;49.98;279.7;0.003;265.4;0.003;286.0;0.003;60;0;0;0.000;0.000;0.000;0;0;0;49.98;49.98;49.98;9180;1000;0.0;0;0.0000;0;0;70062;70062;70062
60;2014-06-07 20:43:00;909402N262;0;70.062;40;235;235;235;236;0.000;49.99;259.0;0.001;270.1;0.002;363.6;0.001;60;0;0;0.000;0.000;0.000;0;0;0;49.99;49.99;49.99;9180;1000;0.0;0;0.0000;0;0;70062;70062;70062
60;2014-06-07 20:44:00;909402N262;0;70.062;40;235;235;236;235;0.000;49.98;375.7;0.000;388.3;0.000;459.6;0.000;51;0;0;0.000;0.000;0.000;0;0;0;49.98;49.98;49.98;9180;1000;0.0;0;0.0000;0;0;70062;70062;70062
60;2014-06-07 20:45:00;909402N262;0;70.062;39;235;235;236;235;0.003;49.98;406.1;0.000;377.6;0.000;402.2;0.000;51;0;0;0.003;0.003;0.003;0;0;0;49.98;49.98;49.98;25818;1000;0.0;0;0.0000;0;0;70062;70062;70062
60;2014-06-07 20:46:00;909402N262;0;70.062;39;235;235;236;234;0.000;49.99;400.5;0.000;363.5;0.000;373.2;0.000;51;0;0;0.000;0.000;0.000;0;0;0;49.99;49.99;49.99;25818;1000;0.0;0;0.0000;0;0;70062;70062;70062
60;2014-06-07 20:47:00;909402N262;0;70.062;39;235;235;236;234;0.000;49.99;351.5;0.000;331.8;0.000;339.1;0.000;51;0;0;0.000;0.000;0.000;0;0;0;49.99;49.99;49.99;25818;1000;0.0;0;0.0000;0;0;70062;70062;70062
60;2014-06-07 20:48:00;909402N262;0;70.062;39;235;235;237;234;0.000;50.00;244.6;0.000;244.1;0.000;244.9;0.000;51;0;0;0.000;0.000;0.000;0;0;0;50.00;50.00;50.00;25818;1000;0.0;0;0.0000;0;0;70062;70062;70062
60;2014-06-07 20:49:00;909402N262;0;70.062;38;235;235;237;234;0.000;50.01;241.6;0.000;241.0;0.000;242.2;0.000;51;0;0;0.000;0.000;0.000;0;0;0;50.01;50.01;50.01;25818;1000;0.0;0;0.0000;0;0;70062;70062;70062
60;2014-06-07 20:50:00;909402N262;0;70.062;38;235;235;237;234;0.000;50.00;237.9;0.000;237.3;0.000;237.9;0.000;51;0;0;0.000;0.000;0.000;0;0;0;50.00;50.00;50.00;25818;1000;0.0;0;0.0000;0;0;70062;70062;70062
60;2014-06-07 20:51:00;909402N262;0;70.062;38;235;235;237;234;0.000;50.00;233.9;0.000;233.3;0.000;234.4;0.000;51;0;0;0.000;0.000;0.000;0;0;0;50.00;50.00;50.00;25818;1000;0.0;0;0.0000;0;0;70062;70062;70062
60;2014-06-07 20:52:00;909402N262;0;70.062;38;235;235;237;234;0.000;50.01;232.7;0.000;232.1;0.000;232.3;0.000;51;0;0;0.000;0.000;0.000;0;0;0;50.01;50.01;50.01;25818;1000;0.0;0;0.0000;0;0;70062;70062;70062
60;2014-06-07 20:53:00;909402N262;0;70.062;37;235;235;237;234;0.000;50.01;229.2;0.000;228.6;0.000;229.5;0.000;51;0;0;0.000;0.000;0.000;0;0;0;50.01;50.01;50.01;25818;1000;0.0;0;0.0000;0;0;70062;70062;70062
60;2014-06-07 20:54:00;909402N262;0;70.062;37;235;235;236;234;0.000;50.02;227.0;0.000;226.4;0.000;227.6;0.000;51;0;0;0.000;0.000;0.000;0;0;0;50.02;50.02;50.02;25818;1000;0.0;0;0.0000;0;0;70062;70062;70062
60;2014-06-07 20:55:00;909402N262;0;70.062;37;235;235;235;234;0.000;50.02;232.9;0.000;232.3;0.000;232.9;0.000;51;0;0;0.000;0.000;0.000;0;0;0;50.02;50.02;50.02;25818;1000;0.0;0;0.0000;0;0;70062;70062;70062
60;2014-06-07 20:56:00;909402N262;0;70.062;37;235;235;235;234;0.000;50.03;235.7;0.000;235.1;0.000;235.4;0.000;51;0;0;0.000;0.000;0.000;0;0;0;50.03;50.03;50.03;25818;1000;0.0;0;0.0000;0;0;70062;70062;70062
60;2014-06-07 20:57:00;909402N262;0;70.062;36;235;235;235;234;0.000;50.03;231.7;0.000;231.1;0.000;231.8;0.000;51;0;0;0.000;0.000;0.000;0;0;0;50.03;50.03;50.03;25818;1000;0.0;0;0.0000;0;0;70062;70062;70062
60;2014-06-07 20:58:00;909402N262;0;70.062;36;235;235;236;234;0.000;50.03;230.3;0.000;229.7;0.000;230.3;0.000;51;0;0;0.000;0.000;0.000;0;0;0;50.03;50.03;50.03;25818;1000;0.0;0;0.0000;0;0;70062;70062;70062
60;2014-06-07 20:59:00;909402N262;0;70.062;36;235;235;236;234;0.000;50.02;227.9;0.000;227.3;0.000;227.8;0.000;51;0;0;0.000;0.000;0.000;0;0;0;50.02;50.02;50.02;25818;1000;0.0;0;0.0000;0;0;70062;70062;70062
60;2014-06-07 21:00:00;909402N262;0;70.062;36;235;235;236;234;0.000;50.00;231.0;0.000;230.5;0.000;232.4;0.000;51;0;0;0.000;0.000;0.000;0;0;0;50.00;50.00;50.00;25818;1000;0.0;0;0.0000;0;0;70062;70062;70062
[wr_ende]
