20140426;160001;danfoss;My Plant;+0100
[wr_def_start]
909402N262;Inverter Type;Inverter Group;Hanzl
[wr_def_end]
[wr]
INTERVAL;TIMESTAMP;SERIAL;P_AC;E_DAY;T_WR;U_AC;U_AC_1;U_AC_2;U_AC_3;I_AC;F_AC;U_DC_1;I_DC_1;U_DC_2;I_DC_2;U_DC_3;I_DC_3;S;E_WR;M_WR;I_AC_1;I_AC_2;I_AC_3;P_AC_1;P_AC_2;P_AC_3;F_AC_1;F_AC_2;F_AC_3;R_DC;PC;PCS;PCS_LL;COS_PHI;COS_PHI_LL;S_COS_PHI;Current_Day_Energy;current_Day_Offset;ccEnergyOfDay_WithoutOffset
60;2014-04-26 15:01:00;909402N262;1732;20.160;41;235;235;235;235;2.522;49.98;566.7;1.369;625.6;0.749;791.2;0.653;60;0;0;2.467;2.569;2.530;563;585;578;49.98;49.98;49.98;8718;1000;0.0;0;0.0000;0;0;20160;20160;20160
60;2014-04-26 15:02:00;909402N262;1743;20.189;41;235;235;235;235;2.526;49.97;567.6;1.365;638.6;0.743;795.2;0.643;60;0;0;2.481;2.571;2.528;569;591;581;49.97;49.97;49.97;8718;1000;0.0;0;0.0000;0;0;20189;20189;20189
60;2014-04-26 15:03:00;909402N262;1733;20.219;41;235;235;235;234;2.516;49.98;567.5;1.356;638.5;0.740;795.0;0.639;60;0;0;2.482;2.562;2.506;569;588;574;49.98;49.98;49.98;8718;1000;0.0;0;0.0000;0;0;20219;20219;20219
60;2014-04-26 15:04:00;909402N262;1727;20.247;41;235;235;236;235;2.506;49.99;567.4;1.352;638.7;0.738;795.1;0.636;60;0;0;2.456;2.556;2.508;563;587;575;49.99;49.99;49.99;8718;1000;0.0;0;0.0000;0;0;20247;20247;20247
60;2014-04-26 15:05:00;909402N262;1732;20.277;41;235;235;235;234;2.517;49.98;567.2;1.354;638.9;0.740;794.8;0.638;60;0;0;2.478;2.565;2.508;567;589;574;49.98;49.98;49.98;8718;1000;0.0;0;0.0000;0;0;20277;20277;20277
60;2014-04-26 15:06:00;909402N262;1744;20.306;41;235;235;235;234;2.532;49.99;567.0;1.363;639.2;0.746;795.1;0.643;60;0;0;2.489;2.585;2.524;569;593;579;49.99;49.99;49.99;8718;1000;0.0;0;0.0000;0;0;20306;20306;20306
60;2014-04-26 15:07:00;909402N262;1760;20.335;41;235;235;236;235;2.553;49.99;567.0;1.374;639.2;0.754;795.1;0.650;60;0;0;2.498;2.609;2.554;571;599;587;49.99;49.99;49.99;8718;1000;0.0;0;0.0000;0;0;20335;20335;20335
60;2014-04-26 15:08:00;909402N262;1779;20.364;41;235;234;235;235;2.584;50.00;567.3;1.386;639.3;0.763;794.9;0.657;60;0;0;2.532;2.640;2.582;578;606;594;50.00;50.00;50.00;8718;1000;0.0;0;0.0000;0;0;20364;20364;20364
60;2014-04-26 15:09:00;909402N262;1803;20.394;41;235;234;235;235;2.617;50.01;567.7;1.403;639.2;0.774;795.1;0.666;60;0;0;2.558;2.665;2.629;585;611;605;50.01;50.01;50.01;8718;1000;0.0;0;0.0000;0;0;20394;20394;20394
60;2014-04-26 15:10:00;909402N262;1834;20.425;41;235;235;236;235;2.661;50.01;568.4;1.424;640.5;0.787;795.1;0.678;60;0;0;2.605;2.718;2.662;596;624;613;50.01;50.01;50.01;8718;1000;0.0;0;0.0000;0;0;20425;20425;20425
60;2014-04-26 15:11:00;909402N262;1875;20.456;41;235;234;236;235;2.719;50.00;568.7;1.454;641.8;0.802;795.1;0.693;60;0;0;2.666;2.767;2.724;610;637;627;50.00;50.00;50.00;8718;1000;0.0;0;0.0000;0;0;20456;20456;20456
60;2014-04-26 15:12:00;909402N262;1924;20.489;41;235;234;236;235;2.783;50.00;569.4;1.489;641.5;0.825;795.3;0.711;60;0;0;2.727;2.844;2.780;625;656;641;50.00;50.00;50.00;8718;1000;0.0;0;0.0000;0;0;20489;20489;20489
60;2014-04-26 15:13:00;909402N262;1980;20.521;41;235;234;235;235;2.858;50.00;569.9;1.531;642.1;0.849;795.1;0.733;60;0;0;2.795;2.906;2.873;643;672;663;50.00;50.00;50.00;8718;1000;0.0;0;0.0000;0;0;20521;20521;20521
60;2014-04-26 15:14:00;909402N262;2043;20.555;41;235;234;235;235;2.944;50.00;570.5;1.576;642.9;0.876;795.0;0.755;60;0;0;2.883;2.984;2.967;664;691;686;50.00;50.00;50.00;8718;1000;0.0;0;0.0000;0;0;20555;20555;20555
60;2014-04-26 15:15:00;909402N262;2108;20.591;41;234;234;235;234;3.040;49.99;570.7;1.626;643.7;0.904;795.0;0.780;60;0;0;2.988;3.090;3.044;689;715;701;49.99;49.99;49.99;8718;1000;0.0;0;0.0000;0;0;20591;20591;20591
60;2014-04-26 15:16:00;909402N262;2150;20.627;41;234;235;235;233;3.098;49.99;567.5;1.674;627.9;0.943;794.1;0.812;60;0;0;3.050;3.137;3.108;705;728;715;49.99;49.99;49.99;8718;1000;0.0;0;0.0000;0;0;20627;20627;20627
60;2014-04-26 15:17:00;909402N262;2254;20.663;41;234;234;234;234;3.268;49.99;571.1;1.734;645.3;0.962;794.8;0.837;60;0;0;3.220;3.303;3.282;740;759;752;49.99;49.99;49.99;8718;1000;0.0;0;0.0000;0;0;20663;20663;20663
60;2014-04-26 15:18:00;909402N262;2346;20.702;41;234;234;234;235;3.393;49.98;570.7;1.805;644.9;1.001;795.3;0.872;60;0;0;3.336;3.411;3.433;767;784;793;49.98;49.98;49.98;8718;1000;0.0;0;0.0000;0;0;20702;20702;20702
60;2014-04-26 15:19:00;909402N262;2459;20.743;41;234;234;234;235;3.548;49.99;570.4;1.891;645.0;1.047;795.5;0.919;60;0;0;3.486;3.571;3.589;802;824;831;49.99;49.99;49.99;8718;1000;0.0;0;0.0000;0;0;20743;20743;20743
60;2014-04-26 15:20:00;909402N262;2588;20.787;41;234;234;235;235;3.729;49.98;569.9;1.992;644.9;1.099;795.4;0.971;60;0;0;3.663;3.760;3.765;844;869;873;49.98;49.98;49.98;8718;1000;0.0;0;0.0000;0;0;20787;20787;20787
60;2014-04-26 15:21:00;909402N262;2717;20.832;41;235;234;235;236;3.909;49.98;569.8;2.092;644.7;1.151;795.5;1.022;60;0;0;3.844;3.939;3.944;887;912;916;49.98;49.98;49.98;8718;1000;0.0;0;0.0000;0;0;20832;20832;20832
60;2014-04-26 15:22:00;909402N262;2827;20.879;41;235;234;235;236;4.064;49.99;569.7;2.177;644.4;1.196;795.5;1.065;60;0;0;3.997;4.087;4.109;922;947;956;49.99;49.99;49.99;8718;1000;0.0;0;0.0000;0;0;20879;20879;20879
60;2014-04-26 15:23:00;909402N262;2901;20.927;41;235;234;235;235;4.170;49.97;569.7;2.234;644.6;1.226;795.4;1.096;60;0;0;4.100;4.203;4.207;946;975;978;49.97;49.97;49.97;8718;1000;0.0;0;0.0000;0;0;20927;20927;20927
60;2014-04-26 15:24:00;909402N262;2927;20.976;41;235;234;236;235;4.201;49.98;569.7;2.254;644.3;1.236;795.5;1.107;60;0;0;4.129;4.242;4.234;954;986;984;49.98;49.98;49.98;8718;1000;0.0;0;0.0000;0;0;20976;20976;20976
60;2014-04-26 15:25:00;909402N262;2903;21.025;41;235;235;235;235;4.172;49.97;570.2;2.234;643.2;1.229;795.5;1.096;60;0;0;4.120;4.203;4.194;954;974;972;49.97;49.97;49.97;8718;1000;0.0;0;0.0000;0;0;21025;21025;21025
60;2014-04-26 15:26:00;909402N262;2853;21.072;41;235;235;235;235;4.100;49.99;571.3;2.193;642.2;1.212;795.3;1.074;60;0;0;4.042;4.135;4.125;936;959;956;49.99;49.99;49.99;8718;1000;0.0;0;0.0000;0;0;21072;21072;21072
60;2014-04-26 15:27:00;909402N262;2784;21.119;41;235;235;235;235;4.000;49.99;573.4;2.124;641.6;1.187;795.4;1.051;60;0;0;3.945;4.032;4.023;914;935;934;49.99;49.99;49.99;8718;1000;0.0;0;0.0000;0;0;21119;21119;21119
60;2014-04-26 15:28:00;909402N262;2747;21.165;41;235;235;235;235;3.946;50.00;567.8;2.111;640.9;1.175;795.4;1.039;60;0;0;3.896;3.977;3.965;903;922;921;50.00;50.00;50.00;8718;1000;0.0;0;0.0000;0;0;21165;21165;21165
60;2014-04-26 15:29:00;909402N262;2731;21.210;41;235;235;236;234;3.920;50.00;561.5;2.118;640.6;1.170;795.6;1.033;60;0;0;3.870;3.960;3.931;899;920;910;50.00;50.00;50.00;8718;1000;0.0;0;0.0000;0;0;21210;21210;21210
60;2014-04-26 15:30:00;909402N262;2721;21.255;41;235;235;236;234;3.909;49.99;560.7;2.113;640.0;1.168;795.4;1.029;60;0;0;3.858;3.958;3.912;895;920;904;49.99;49.99;49.99;8718;1000;0.0;0;0.0000;0;0;21255;21255;21255
60;2014-04-26 15:31:00;909402N262;2681;21.301;41;235;236;236;234;3.846;49.98;556.7;2.107;625.4;1.171;795.5;1.030;60;0;0;3.798;3.888;3.852;884;905;890;49.98;49.98;49.98;8718;1000;0.0;0;0.0000;0;0;21301;21301;21301
60;2014-04-26 15:32:00;909402N262;2705;21.346;41;235;236;236;235;3.861;49.98;559.3;2.107;639.4;1.160;794.6;1.026;60;0;0;3.801;3.905;3.878;888;912;904;49.98;49.98;49.98;8718;1000;0.0;0;0.0000;0;0;21346;21346;21346
60;2014-04-26 15:33:00;909402N262;2708;21.391;41;235;235;235;235;3.873;49.99;559.7;2.107;639.2;1.161;794.5;1.027;60;0;0;3.824;3.897;3.899;891;906;909;49.99;49.99;49.99;8718;1000;0.0;0;0.0000;0;0;21391;21391;21391
60;2014-04-26 15:34:00;909402N262;2716;21.436;41;235;235;235;236;3.884;49.99;560.2;2.111;638.7;1.165;794.6;1.031;60;0;0;3.839;3.897;3.917;895;906;914;49.99;49.99;49.99;8718;1000;0.0;0;0.0000;0;0;21436;21436;21436
60;2014-04-26 15:35:00;909402N262;2728;21.481;41;235;235;234;236;3.900;49.98;561.2;2.115;638.6;1.169;794.5;1.036;60;0;0;3.854;3.921;3.926;899;911;917;49.98;49.98;49.98;8718;1000;0.0;0;0.0000;0;0;21481;21481;21481
60;2014-04-26 15:36:00;909402N262;2739;21.528;41;235;235;235;235;3.915;49.99;561.8;2.123;638.9;1.172;794.5;1.040;60;0;0;3.867;3.939;3.939;903;915;919;49.99;49.99;49.99;8718;1000;0.0;0;0.0000;0;0;21528;21528;21528
60;2014-04-26 15:37:00;909402N262;2751;21.574;41;235;235;235;235;3.933;49.99;562.2;2.133;639.3;1.176;794.6;1.044;60;0;0;3.882;3.969;3.948;905;926;919;49.99;49.99;49.99;8718;1000;0.0;0;0.0000;0;0;21574;21574;21574
60;2014-04-26 15:38:00;909402N262;2767;21.620;41;235;235;235;234;3.960;49.99;562.2;2.146;639.1;1.183;794.7;1.049;60;0;0;3.905;3.998;3.979;908;932;924;49.99;49.99;49.99;8718;1000;0.0;0;0.0000;0;0;21620;21620;21620
60;2014-04-26 15:39:00;909402N262;2790;21.666;41;235;235;235;235;3.989;50.00;562.3;2.166;639.2;1.193;794.9;1.059;60;0;0;3.935;4.031;4.002;917;941;931;50.00;50.00;50.00;8718;1000;0.0;0;0.0000;0;0;21666;21666;21666
60;2014-04-26 15:40:00;909402N262;2822;21.713;41;235;235;235;234;4.042;49.99;562.2;2.193;639.3;1.204;794.9;1.071;60;0;0;4.001;4.076;4.049;934;948;939;49.99;49.99;49.99;8718;1000;0.0;0;0.0000;0;0;21713;21713;21713
60;2014-04-26 15:41:00;909402N262;2862;21.760;41;234;235;234;233;4.102;49.99;562.1;2.229;638.9;1.217;795.0;1.086;60;0;0;4.067;4.138;4.103;950;960;950;49.99;49.99;49.99;8718;1000;0.0;0;0.0000;0;0;21760;21760;21760
60;2014-04-26 15:42:00;909402N262;2910;21.808;41;235;235;235;234;4.164;50.00;561.6;2.275;638.4;1.234;795.1;1.105;60;0;0;4.116;4.200;4.177;960;977;970;50.00;50.00;50.00;8718;1000;0.0;0;0.0000;0;0;21808;21808;21808
60;2014-04-26 15:43:00;909402N262;2973;21.859;41;235;235;235;234;4.254;49.99;561.3;2.330;637.8;1.258;795.3;1.129;60;0;0;4.207;4.295;4.262;982;999;990;49.99;49.99;49.99;8718;1000;0.0;0;0.0000;0;0;21859;21859;21859
60;2014-04-26 15:44:00;909402N262;3043;21.910;41;234;235;235;233;4.357;50.00;560.7;2.393;637.2;1.286;795.3;1.155;60;0;0;4.320;4.396;4.356;1009;1023;1009;50.00;50.00;50.00;8718;1000;0.0;0;0.0000;0;0;21910;21910;21910
60;2014-04-26 15:45:00;909402N262;3094;21.962;41;235;235;235;234;4.426;49.99;560.4;2.438;636.9;1.308;795.3;1.172;60;0;0;4.376;4.471;4.431;1022;1042;1029;49.99;49.99;49.99;8718;1000;0.0;0;0.0000;0;0;21962;21962;21962
60;2014-04-26 15:46:00;909402N262;3131;22.013;41;235;235;235;234;4.475;50.00;555.2;2.493;627.1;1.340;794.3;1.197;60;0;0;4.440;4.516;4.470;1039;1052;1038;50.00;50.00;50.00;8718;1000;0.0;0;0.0000;0;0;22013;22013;22013
60;2014-04-26 15:47:00;909402N262;3255;22.067;41;235;236;233;234;4.657;49.98;561.2;2.566;637.1;1.373;795.1;1.232;60;0;0;4.641;4.678;4.654;1088;1084;1081;49.98;49.98;49.98;8718;1000;0.0;0;0.0000;0;0;22067;22067;22067
60;2014-04-26 15:48:00;909402N262;3429;22.124;41;235;236;234;234;4.903;50.00;563.8;2.699;637.9;1.437;795.2;1.302;60;0;0;4.887;4.905;4.919;1146;1137;1144;50.00;50.00;50.00;8718;1000;0.0;0;0.0000;0;0;22124;22124;22124
60;2014-04-26 15:49:00;909402N262;4253;22.196;41;235;236;233;234;6.071;50.02;568.1;3.363;639.5;1.765;794.8;1.608;60;0;0;6.060;6.060;6.093;1423;1408;1421;50.02;50.02;50.02;8718;1000;0.0;0;0.0000;0;0;22196;22196;22196
60;2014-04-26 15:50:00;909402N262;4616;22.273;41;235;235;234;235;6.590;50.01;566.5;3.679;635.8;1.829;794.3;1.805;60;0;0;6.558;6.607;6.605;1538;1532;1543;50.01;50.01;50.01;8718;1000;0.0;0;0.0000;0;0;22273;22273;22273
60;2014-04-26 15:51:00;909402N262;3612;22.333;41;235;235;234;235;5.162;50.01;555.9;2.893;634.9;1.510;794.9;1.370;60;0;0;5.108;5.185;5.194;1194;1202;1214;50.01;50.01;50.01;8718;1000;0.0;0;0.0000;0;0;22333;22333;22333
60;2014-04-26 15:52:00;909402N262;3354;22.389;41;235;235;234;235;4.795;50.02;557.0;2.671;634.5;1.415;795.0;1.268;60;0;0;4.738;4.821;4.828;1106;1117;1129;50.02;50.02;50.02;8718;1000;0.0;0;0.0000;0;0;22389;22389;22389
60;2014-04-26 15:53:00;909402N262;3197;22.443;41;235;235;233;235;4.577;50.02;558.9;2.532;634.0;1.356;794.9;1.208;60;0;0;4.519;4.595;4.617;1054;1062;1079;50.02;50.02;50.02;8718;1000;0.0;0;0.0000;0;0;22443;22443;22443
60;2014-04-26 15:54:00;909402N262;3114;22.495;41;235;235;233;235;4.457;50.02;550.1;2.504;633.6;1.325;794.9;1.175;60;0;0;4.403;4.480;4.490;1028;1037;1048;50.03;50.02;50.02;8718;1000;0.0;0;0.0000;0;0;22495;22495;22495
60;2014-04-26 15:55:00;909402N262;3076;22.546;41;235;235;234;235;4.401;50.03;541.0;2.515;633.4;1.309;795.2;1.160;60;0;0;4.358;4.420;4.426;1018;1024;1032;50.03;50.03;50.03;8718;1000;0.0;0;0.0000;0;0;22546;22546;22546
60;2014-04-26 15:56:00;909402N262;3061;22.597;41;235;235;234;235;4.379;50.03;541.5;2.502;633.3;1.303;795.2;1.153;60;0;0;4.336;4.398;4.404;1013;1019;1027;50.03;50.03;50.03;8718;1000;0.0;0;0.0000;0;0;22597;22597;22597
60;2014-04-26 15:57:00;909402N262;3064;22.648;41;235;235;234;235;4.380;50.01;541.5;2.507;633.2;1.303;795.1;1.154;60;0;0;4.339;4.404;4.399;1015;1021;1026;50.01;50.01;50.01;8718;1000;0.0;0;0.0000;0;0;22648;22648;22648
60;2014-04-26 15:58:00;909402N262;3084;22.699;41;235;235;235;235;4.408;50.00;540.8;2.530;633.5;1.310;795.0;1.159;60;0;0;4.364;4.445;4.416;1019;1034;1028;50.00;50.00;50.00;8718;1000;0.0;0;0.0000;0;0;22699;22699;22699
60;2014-04-26 15:59:00;909402N262;3115;22.751;41;235;235;235;235;4.450;49.99;540.3;2.567;634.5;1.319;795.1;1.167;60;0;0;4.393;4.495;4.464;1024;1049;1040;49.99;49.99;49.99;8718;1000;0.0;0;0.0000;0;0;22751;22751;22751
60;2014-04-26 16:00:00;909402N262;3161;22.803;41;235;235;235;236;4.521;49.98;545.9;2.584;634.6;1.336;795.1;1.183;60;0;0;4.460;4.561;4.542;1038;1062;1060;49.98;49.98;49.98;8718;1000;0.0;0;0.0000;0;0;22803;22803;22803
[wr_ende]
