20140708;090005;danfoss;My Plant;+0100
[wr_def_start]
909402N262;Inverter Type;Inverter Group;Hanzl
[wr_def_end]
[wr]
INTERVAL;TIMESTAMP;SERIAL;P_AC;E_DAY;T_WR;U_AC;U_AC_1;U_AC_2;U_AC_3;I_AC;F_AC;U_DC_1;I_DC_1;U_DC_2;I_DC_2;U_DC_3;I_DC_3;S;E_WR;M_WR;I_AC_1;I_AC_2;I_AC_3;P_AC_1;P_AC_2;P_AC_3;F_AC_1;F_AC_2;F_AC_3;R_DC;PC;PCS;PCS_LL;COS_PHI;COS_PHI_LL;S_COS_PHI;Current_Day_Energy;current_Day_Offset;ccEnergyOfDay_WithoutOffset
60;2014-07-08 08:01:00;909402N262;1164;1.272;39;236;236;236;236;1.758;50.02;538.8;0.904;622.6;0.534;756.0;0.476;60;0;0;1.724;1.794;1.758;379;397;387;50.02;50.02;50.02;24466;1000;0.0;0;0.0000;0;0;1272;1272;1272
60;2014-07-08 08:02:00;909402N262;1159;1.291;40;235;235;235;235;1.790;50.02;541.9;0.894;628.4;0.526;762.1;0.469;60;0;0;1.754;1.836;1.780;377;396;384;50.02;50.02;50.02;24466;1000;0.0;0;0.0000;0;0;1291;1291;1291
60;2014-07-08 08:03:00;909402N262;1141;1.309;40;235;234;235;235;1.769;50.02;540.5;0.885;628.6;0.516;761.2;0.459;60;0;0;1.725;1.826;1.757;368;393;378;50.02;50.02;50.02;24466;1000;0.0;0;0.0000;0;0;1309;1309;1309
60;2014-07-08 08:04:00;909402N262;1130;1.329;40;235;234;235;235;1.762;50.02;539.3;0.881;628.3;0.510;761.6;0.454;60;0;0;1.734;1.815;1.738;369;388;371;50.02;50.02;50.02;24466;1000;0.0;0;0.0000;0;0;1329;1329;1329
60;2014-07-08 08:05:00;909402N262;1135;1.347;40;234;235;234;235;1.765;50.01;539.5;0.884;627.5;0.513;761.0;0.457;60;0;0;1.733;1.810;1.753;370;388;375;50.01;50.01;50.01;24466;1000;0.0;0;0.0000;0;0;1347;1347;1347
60;2014-07-08 08:06:00;909402N262;1149;1.367;40;234;234;234;234;1.780;50.00;540.6;0.891;627.5;0.518;760.2;0.465;60;0;0;1.737;1.831;1.773;372;393;381;50.00;50.00;50.00;24466;1000;0.0;0;0.0000;0;0;1367;1367;1367
60;2014-07-08 08:07:00;909402N262;1166;1.387;40;234;234;234;234;1.801;50.01;541.8;0.901;627.8;0.527;758.6;0.474;60;0;0;1.763;1.846;1.794;379;398;387;50.01;50.01;50.01;24466;1000;0.0;0;0.0000;0;0;1387;1387;1387
60;2014-07-08 08:08:00;909402N262;1187;1.405;40;234;234;234;234;1.827;49.99;543.1;0.912;628.4;0.537;758.9;0.482;60;0;0;1.786;1.870;1.825;385;405;395;49.99;49.99;49.99;24466;1000;0.0;0;0.0000;0;0;1405;1405;1405
60;2014-07-08 08:09:00;909402N262;1202;1.426;40;235;235;236;235;1.837;50.00;545.0;0.920;628.8;0.545;758.5;0.488;60;0;0;1.796;1.878;1.839;390;409;401;50.00;50.00;50.00;24466;1000;0.0;0;0.0000;0;0;1426;1426;1426
60;2014-07-08 08:10:00;909402N262;1211;1.446;40;236;236;236;236;1.848;50.01;546.6;0.923;629.1;0.551;757.9;0.493;60;0;0;1.807;1.886;1.851;393;413;404;50.01;50.01;50.01;24466;1000;0.0;0;0.0000;0;0;1446;1446;1446
60;2014-07-08 08:11:00;909402N262;1211;1.467;40;236;236;236;236;1.849;50.00;548.3;0.918;629.4;0.553;758.9;0.492;60;0;0;1.809;1.886;1.852;393;412;404;50.00;50.00;50.00;24466;1000;0.0;0;0.0000;0;0;1467;1467;1467
60;2014-07-08 08:12:00;909402N262;1205;1.487;40;236;236;236;236;1.837;50.00;550.0;0.908;629.4;0.551;758.1;0.490;60;0;0;1.797;1.874;1.842;390;409;402;50.00;50.00;50.00;24466;1000;0.0;0;0.0000;0;0;1487;1487;1487
60;2014-07-08 08:13:00;909402N262;1195;1.507;40;236;235;236;236;1.827;49.98;552.0;0.895;629.6;0.549;757.4;0.486;60;0;0;1.782;1.871;1.830;386;408;399;49.98;49.98;49.98;24466;1000;0.0;0;0.0000;0;0;1507;1507;1507
60;2014-07-08 08:14:00;909402N262;1181;1.528;40;236;235;236;236;1.811;49.99;540.9;0.899;629.9;0.546;756.7;0.481;60;0;0;1.767;1.857;1.810;381;404;394;49.99;49.99;49.99;24466;1000;0.0;0;0.0000;0;0;1528;1528;1528
60;2014-07-08 08:15:00;909402N262;1154;1.546;40;236;235;237;236;1.779;50.00;536.6;0.883;629.2;0.539;754.9;0.469;60;0;0;1.742;1.831;1.764;373;397;382;50.00;50.00;50.00;24466;1000;0.0;0;0.0000;0;0;1546;1546;1546
60;2014-07-08 08:16:00;909402N262;1096;1.564;40;236;235;236;236;1.700;50.00;532.5;0.845;616.5;0.524;750.5;0.448;60;0;0;1.657;1.746;1.697;353;376;365;50.00;50.00;50.00;24466;1000;0.0;0;0.0000;0;0;1564;1564;1564
60;2014-07-08 08:17:00;909402N262;1045;1.581;40;234;233;234;235;1.663;49.98;536.7;0.799;628.0;0.500;748.9;0.418;60;0;0;1.621;1.719;1.650;337;360;347;49.98;49.98;49.98;24466;1000;0.0;0;0.0000;0;0;1581;1581;1581
60;2014-07-08 08:18:00;909402N262;981;1.598;40;233;232;233;233;1.585;50.00;535.4;0.754;626.7;0.477;745.0;0.388;60;0;0;1.549;1.640;1.566;316;338;325;50.00;50.00;50.00;24466;1000;0.0;0;0.0000;0;0;1598;1598;1598
60;2014-07-08 08:19:00;909402N262;928;1.613;40;233;232;232;233;1.516;50.00;535.4;0.713;622.3;0.464;744.1;0.361;60;0;0;1.490;1.553;1.505;300;319;308;50.00;50.00;50.00;24466;1000;0.0;0;0.0000;0;0;1613;1613;1613
60;2014-07-08 08:20:00;909402N262;889;1.627;40;232;233;231;234;1.468;50.00;536.3;0.680;620.2;0.456;740.8;0.341;60;0;0;1.460;1.485;1.460;292;302;293;50.00;50.00;50.00;24466;1000;0.0;0;0.0000;0;0;1627;1627;1627
60;2014-07-08 08:21:00;909402N262;859;1.642;40;232;232;231;234;1.443;49.99;537.6;0.651;620.0;0.448;741.0;0.325;60;0;0;1.431;1.461;1.439;281;291;284;49.99;49.99;49.99;24466;1000;0.0;0;0.0000;0;0;1642;1642;1642
60;2014-07-08 08:22:00;909402N262;824;1.657;41;232;232;231;234;1.411;49.99;539.1;0.621;618.5;0.440;739.2;0.308;60;0;0;1.399;1.439;1.396;271;280;272;49.99;49.99;49.99;24466;1000;0.0;0;0.0000;0;0;1657;1657;1657
60;2014-07-08 08:23:00;909402N262;779;1.669;41;232;232;232;234;1.354;50.00;540.2;0.586;624.3;0.418;739.1;0.286;60;0;0;1.330;1.389;1.343;254;265;258;50.00;50.00;50.00;24466;1000;0.0;0;0.0000;0;0;1669;1669;1669
60;2014-07-08 08:24:00;909402N262;722;1.682;41;233;232;232;233;1.267;49.99;540.0;0.546;609.6;0.398;735.6;0.263;60;0;0;1.241;1.314;1.247;233;250;237;49.99;49.99;49.99;24466;1000;0.0;0;0.0000;0;0;1682;1682;1682
60;2014-07-08 08:25:00;909402N262;654;1.692;41;232;231;232;233;1.177;50.01;539.1;0.504;590.4;0.367;729.2;0.238;60;0;0;1.154;1.215;1.164;211;224;217;50.01;50.01;50.01;24466;1000;0.0;0;0.0000;0;0;1692;1692;1692
60;2014-07-08 08:26:00;909402N262;585;1.702;41;232;232;232;232;1.071;50.00;537.5;0.464;556.0;0.343;728.1;0.212;60;0;0;1.025;1.118;1.072;186;204;195;50.00;50.00;50.00;24466;1000;0.0;0;0.0000;0;0;1702;1702;1702
60;2014-07-08 08:27:00;909402N262;531;1.711;41;232;232;232;232;0.984;50.00;535.2;0.435;539.8;0.313;715.7;0.195;60;0;0;0.969;1.026;0.959;173;186;171;50.00;50.00;50.00;24466;1000;0.0;0;0.0000;0;0;1711;1711;1711
60;2014-07-08 08:28:00;909402N262;489;1.719;41;232;232;232;232;0.919;49.99;527.4;0.420;537.7;0.279;708.0;0.178;60;0;0;0.914;0.963;0.881;160;171;157;49.99;49.99;49.99;24466;1000;0.0;0;0.0000;0;0;1719;1719;1719
60;2014-07-08 08:29:00;909402N262;465;1.727;41;232;233;232;231;0.892;49.99;520.2;0.422;540.8;0.253;699.8;0.168;60;0;0;0.839;0.996;0.842;142;174;147;49.99;49.99;49.99;24466;1000;0.0;0;0.0000;0;0;1727;1727;1727
60;2014-07-08 08:30:00;909402N262;502;1.736;41;233;234;233;232;0.950;49.98;523.1;0.459;580.4;0.250;704.1;0.178;60;0;0;0.876;1.051;0.924;150;186;164;49.98;49.98;49.98;24466;1000;0.0;0;0.0000;0;0;1736;1736;1736
60;2014-07-08 08:31:00;909402N262;527;1.744;41;235;235;235;234;0.978;49.99;525.8;0.479;589.9;0.256;715.1;0.188;60;0;0;0.918;1.070;0.948;160;194;171;49.99;49.99;49.99;24466;1000;0.0;0;0.0000;0;0;1744;1744;1744
60;2014-07-08 08:32:00;909402N262;605;1.755;41;235;235;235;234;1.102;50.01;545.9;0.519;612.5;0.277;725.7;0.221;60;0;0;1.078;1.143;1.087;196;209;199;50.01;50.01;50.01;24466;1000;0.0;0;0.0000;0;0;1755;1755;1755
60;2014-07-08 08:33:00;909402N262;638;1.764;41;235;235;235;234;1.140;50.01;546.0;0.548;613.4;0.287;723.4;0.237;60;0;0;1.120;1.185;1.115;206;223;208;50.01;50.01;50.01;24466;1000;0.0;0;0.0000;0;0;1764;1764;1764
60;2014-07-08 08:34:00;909402N262;675;1.776;41;235;235;235;234;1.098;50.00;548.8;0.576;616.4;0.299;715.6;0.258;60;0;0;1.058;1.155;1.082;213;238;222;50.00;50.00;50.00;24466;1000;0.0;0;0.0000;0;0;1776;1776;1776
60;2014-07-08 08:35:00;909402N262;674;1.788;41;234;235;235;234;1.133;50.00;550.1;0.578;616.3;0.298;715.7;0.254;60;0;0;1.125;1.184;1.091;220;238;215;50.00;50.00;50.00;24466;1000;0.0;0;0.0000;0;0;1788;1788;1788
60;2014-07-08 08:36:00;909402N262;676;1.798;41;235;235;234;234;1.195;49.99;551.7;0.580;617.5;0.298;720.2;0.252;60;0;0;1.207;1.249;1.130;225;240;209;49.99;49.99;49.99;24466;1000;0.0;0;0.0000;0;0;1798;1798;1798
60;2014-07-08 08:37:00;909402N262;682;1.810;41;235;235;234;235;1.179;50.00;553.5;0.584;620.2;0.300;721.1;0.252;60;0;0;1.168;1.225;1.145;222;239;219;50.00;50.00;50.00;24466;1000;0.0;0;0.0000;0;0;1810;1810;1810
60;2014-07-08 08:38:00;909402N262;690;1.821;41;235;235;235;235;1.232;50.02;555.3;0.587;622.2;0.302;728.1;0.252;60;0;0;1.227;1.281;1.190;226;241;220;50.02;50.02;50.02;24466;1000;0.0;0;0.0000;0;0;1821;1821;1821
60;2014-07-08 08:39:00;909402N262;698;1.833;41;234;235;234;235;1.239;50.00;557.2;0.592;628.0;0.305;725.0;0.255;60;0;0;1.241;1.267;1.211;231;240;226;50.00;50.00;50.00;24466;1000;0.0;0;0.0000;0;0;1833;1833;1833
60;2014-07-08 08:40:00;909402N262;707;1.845;41;234;235;233;235;1.241;50.00;558.6;0.597;630.1;0.308;746.8;0.251;60;0;0;1.238;1.256;1.230;233;239;233;50.00;50.00;50.00;24466;1000;0.0;0;0.0000;0;0;1845;1845;1845
60;2014-07-08 08:41:00;909402N262;718;1.857;41;234;235;233;235;1.259;50.00;563.8;0.600;631.1;0.313;748.0;0.253;60;0;0;1.255;1.277;1.245;237;244;236;50.00;50.00;50.00;24466;1000;0.0;0;0.0000;0;0;1857;1857;1857
60;2014-07-08 08:42:00;909402N262;728;1.870;41;234;235;233;235;1.280;49.99;575.4;0.596;632.2;0.320;733.5;0.260;60;0;0;1.252;1.315;1.273;237;249;240;49.99;49.99;49.99;24466;1000;0.0;0;0.0000;0;0;1870;1870;1870
60;2014-07-08 08:43:00;909402N262;739;1.882;41;234;235;233;235;1.284;49.99;578.6;0.598;629.0;0.328;743.8;0.262;60;0;0;1.248;1.315;1.290;238;252;247;49.99;49.99;49.99;24466;1000;0.0;0;0.0000;0;0;1882;1882;1882
60;2014-07-08 08:44:00;909402N262;749;1.894;41;234;234;233;236;1.301;49.97;580.1;0.604;627.4;0.334;746.0;0.265;60;0;0;1.263;1.341;1.300;241;257;249;49.97;49.97;49.97;24466;1000;0.0;0;0.0000;0;0;1894;1894;1894
60;2014-07-08 08:45:00;909402N262;759;1.907;41;235;234;234;236;1.322;49.97;579.1;0.612;632.0;0.337;737.9;0.268;60;0;0;1.296;1.349;1.321;247;257;253;49.97;49.97;49.97;24466;1000;0.0;0;0.0000;0;0;1907;1907;1907
60;2014-07-08 08:46:00;909402N262;761;1.920;41;235;235;234;236;1.304;49.97;573.2;0.627;616.5;0.354;728.8;0.275;60;0;0;1.282;1.323;1.307;249;256;253;49.97;49.97;49.97;24466;1000;0.0;0;0.0000;0;0;1920;1920;1920
60;2014-07-08 08:47:00;909402N262;782;1.932;41;235;235;234;236;1.353;49.98;580.0;0.627;633.4;0.349;736.5;0.279;60;0;0;1.337;1.381;1.342;255;267;258;49.98;49.98;49.98;24466;1000;0.0;0;0.0000;0;0;1932;1932;1932
60;2014-07-08 08:48:00;909402N262;795;1.945;41;235;235;234;236;1.361;49.98;581.3;0.635;635.9;0.354;735.7;0.284;60;0;0;1.349;1.388;1.347;260;271;262;49.98;49.98;49.98;24466;1000;0.0;0;0.0000;0;0;1945;1945;1945
60;2014-07-08 08:49:00;909402N262;809;1.959;41;235;234;234;235;1.381;49.97;564.8;0.665;639.9;0.359;740.4;0.288;60;0;0;1.361;1.414;1.368;263;277;268;49.97;49.97;49.97;24466;1000;0.0;0;0.0000;0;0;1959;1959;1959
60;2014-07-08 08:50:00;909402N262;825;1.973;41;235;234;235;235;1.403;49.99;535.0;0.713;641.0;0.365;752.5;0.292;60;0;0;1.394;1.429;1.388;271;280;272;49.99;49.99;49.99;24466;1000;0.0;0;0.0000;0;0;1973;1973;1973
60;2014-07-08 08:51:00;909402N262;848;1.987;41;235;234;235;235;1.435;49.99;536.7;0.727;643.2;0.373;752.8;0.303;60;0;0;1.429;1.459;1.419;278;288;280;49.99;49.99;49.99;24466;1000;0.0;0;0.0000;0;0;1987;1987;1987
60;2014-07-08 08:52:00;909402N262;858;2.002;41;234;234;234;235;1.426;50.00;537.6;0.735;645.9;0.377;739.5;0.310;60;0;0;1.412;1.454;1.413;281;294;281;50.00;50.00;50.00;24466;1000;0.0;0;0.0000;0;0;2002;2002;2002
60;2014-07-08 08:53:00;909402N262;867;2.016;41;235;235;235;234;1.344;49.99;539.1;0.741;648.8;0.379;723.9;0.321;60;0;0;1.322;1.372;1.340;282;299;284;49.99;49.99;49.99;24466;1000;0.0;0;0.0000;0;0;2016;2016;2016
60;2014-07-08 08:54:00;909402N262;875;2.030;41;234;235;234;234;1.378;49.99;540.1;0.745;651.6;0.380;730.0;0.324;60;0;0;1.360;1.409;1.366;285;302;286;49.99;49.99;49.99;24466;1000;0.0;0;0.0000;0;0;2030;2030;2030
60;2014-07-08 08:55:00;909402N262;887;2.045;41;235;235;234;234;1.428;49.98;550.6;0.739;653.0;0.382;735.3;0.328;60;0;0;1.417;1.461;1.408;291;306;287;49.98;49.98;49.98;24466;1000;0.0;0;0.0000;0;0;2045;2045;2045
60;2014-07-08 08:56:00;909402N262;904;2.060;41;235;235;235;235;1.433;49.99;566.1;0.731;654.3;0.388;731.8;0.336;60;0;0;1.402;1.469;1.428;292;311;299;49.99;49.99;49.99;24466;1000;0.0;0;0.0000;0;0;2060;2060;2060
60;2014-07-08 08:57:00;909402N262;924;2.075;41;235;235;235;235;1.405;50.00;566.9;0.746;656.3;0.396;722.3;0.349;60;0;0;1.362;1.442;1.411;296;318;308;50.00;50.00;50.00;24466;1000;0.0;0;0.0000;0;0;2075;2075;2075
60;2014-07-08 08:58:00;909402N262;946;2.092;41;235;235;236;235;1.477;50.01;567.2;0.763;658.5;0.405;748.1;0.346;60;0;0;1.447;1.518;1.468;306;326;312;50.01;50.01;50.01;24466;1000;0.0;0;0.0000;0;0;2092;2092;2092
60;2014-07-08 08:59:00;909402N262;975;2.107;41;235;235;236;235;1.560;49.99;567.3;0.788;663.3;0.414;747.4;0.352;60;0;0;1.529;1.612;1.539;314;338;320;49.99;49.99;49.99;24466;1000;0.0;0;0.0000;0;0;2107;2107;2107
60;2014-07-08 09:00:00;909402N262;1008;2.124;41;235;236;236;235;1.547;50.01;565.9;0.823;665.7;0.426;731.9;0.370;60;0;0;1.510;1.599;1.534;326;350;331;50.01;50.01;50.01;24466;1000;0.0;0;0.0000;0;0;2124;2124;2124
[wr_ende]
