20140425;200005;danfoss;My Plant;+0100
[wr_def_start]
909402N262;Inverter Type;Inverter Group;Hanzl
[wr_def_end]
[wr]
INTERVAL;TIMESTAMP;SERIAL;P_AC;E_DAY;T_WR;U_AC;U_AC_1;U_AC_2;U_AC_3;I_AC;F_AC;U_DC_1;I_DC_1;U_DC_2;I_DC_2;U_DC_3;I_DC_3;S;E_WR;M_WR;I_AC_1;I_AC_2;I_AC_3;P_AC_1;P_AC_2;P_AC_3;F_AC_1;F_AC_2;F_AC_3;R_DC;PC;PCS;PCS_LL;COS_PHI;COS_PHI_LL;S_COS_PHI;Current_Day_Energy;current_Day_Offset;ccEnergyOfDay_WithoutOffset
60;2014-04-25 19:01:00;909402N262;107;10.274;34;234;233;235;234;0.326;50.00;481.2;0.101;520.9;0.054;633.1;0.050;60;0;0;0.241;0.443;0.296;25;39;41;50.00;50.00;50.00;8213;1000;0.0;0;0.0000;0;0;10274;10274;10274
60;2014-04-25 19:02:00;909402N262;104;10.276;34;234;234;235;234;0.324;50.02;487.6;0.097;529.8;0.050;630.1;0.049;60;0;0;0.271;0.451;0.250;25;45;32;50.02;50.02;50.02;8213;1000;0.0;0;0.0000;0;0;10276;10276;10276
60;2014-04-25 19:03:00;909402N262;101;10.278;34;234;234;234;233;0.302;50.03;481.7;0.095;519.9;0.050;644.0;0.046;60;0;0;0.257;0.468;0.183;23;54;22;50.03;50.03;50.03;8213;1000;0.0;0;0.0000;0;0;10278;10278;10278
60;2014-04-25 19:04:00;909402N262;96;10.280;34;234;233;234;234;0.265;50.02;482.4;0.090;515.4;0.047;641.2;0.045;60;0;0;0.247;0.367;0.182;28;43;23;50.02;50.02;50.02;8213;1000;0.0;0;0.0000;0;0;10280;10280;10280
60;2014-04-25 19:05:00;909402N262;90;10.282;34;234;234;234;234;0.268;50.02;479.2;0.085;524.2;0.043;638.1;0.042;60;0;0;0.231;0.400;0.175;23;45;20;50.02;50.02;50.02;8213;1000;0.0;0;0.0000;0;0;10282;10282;10282
60;2014-04-25 19:06:00;909402N262;85;10.282;34;234;233;234;234;0.259;50.03;476.0;0.082;517.1;0.042;621.2;0.042;60;0;0;0.143;0.406;0.230;14;41;28;50.03;50.03;50.03;8213;1000;0.0;0;0.0000;0;0;10282;10282;10282
60;2014-04-25 19:07:00;909402N262;83;10.284;34;234;233;234;234;0.251;50.02;481.5;0.078;505.6;0.042;606.4;0.041;60;0;0;0.135;0.396;0.223;10;42;29;50.02;50.02;50.02;8213;1000;0.0;0;0.0000;0;0;10284;10284;10284
60;2014-04-25 19:08:00;909402N262;81;10.285;34;234;233;234;234;0.249;50.01;478.5;0.078;502.1;0.042;608.5;0.041;60;0;0;0.166;0.371;0.212;17;35;26;50.01;50.01;50.01;8213;1000;0.0;0;0.0000;0;0;10285;10285;10285
60;2014-04-25 19:09:00;909402N262;81;10.287;34;234;233;234;234;0.256;50.02;476.8;0.078;503.5;0.042;606.2;0.041;60;0;0;0.156;0.410;0.202;12;43;24;50.02;50.02;50.02;8213;1000;0.0;0;0.0000;0;0;10287;10287;10287
60;2014-04-25 19:10:00;909402N262;80;10.288;34;233;233;233;234;0.245;50.01;475.5;0.078;500.0;0.042;604.6;0.041;60;0;0;0.207;0.374;0.154;19;46;14;50.01;50.01;50.01;8213;1000;0.0;0;0.0000;0;0;10288;10288;10288
60;2014-04-25 19:11:00;909402N262;79;10.289;34;233;233;233;233;0.251;50.00;471.0;0.077;495.6;0.042;632.6;0.039;60;0;0;0.237;0.389;0.129;13;51;13;50.00;50.00;50.00;8213;1000;0.0;0;0.0000;0;0;10289;10289;10289
60;2014-04-25 19:12:00;909402N262;77;10.290;34;233;233;233;233;0.249;50.00;468.9;0.074;498.6;0.041;636.7;0.038;60;0;0;0.246;0.399;0.103;12;52;10;50.00;50.00;50.00;8213;1000;0.0;0;0.0000;0;0;10290;10290;10290
60;2014-04-25 19:13:00;909402N262;75;10.293;34;233;233;233;233;0.225;50.01;472.9;0.072;500.5;0.039;630.0;0.037;60;0;0;0.164;0.386;0.125;12;47;14;50.01;50.01;50.01;8213;1000;0.0;0;0.0000;0;0;10293;10293;10293
60;2014-04-25 19:14:00;909402N262;73;10.293;34;233;232;233;232;0.238;50.02;478.7;0.069;494.7;0.039;621.3;0.037;60;0;0;0.165;0.401;0.148;8;47;17;50.02;50.02;50.02;8213;1000;0.0;0;0.0000;0;0;10293;10293;10293
60;2014-04-25 19:15:00;909402N262;71;10.294;34;232;232;233;232;0.231;50.01;473.1;0.068;490.3;0.038;614.8;0.035;60;0;0;0.186;0.383;0.126;12;43;14;50.01;50.01;50.01;8213;1000;0.0;0;0.0000;0;0;10294;10294;10294
60;2014-04-25 19:16:00;909402N262;68;10.295;34;233;233;233;232;0.229;50.02;458.9;0.066;491.6;0.037;600.6;0.035;60;0;0;0.250;0.334;0.105;16;39;11;50.02;50.02;50.02;8213;1000;0.0;0;0.0000;0;0;10295;10295;10295
60;2014-04-25 19:17:00;909402N262;67;10.297;33;233;232;233;232;0.214;50.01;462.1;0.066;509.6;0.035;621.3;0.032;60;0;0;0.159;0.366;0.118;10;41;14;50.01;50.01;50.01;8213;1000;0.0;0;0.0000;0;0;10297;10297;10297
60;2014-04-25 19:18:00;909402N262;64;10.298;33;233;232;233;232;0.213;50.02;463.5;0.062;502.0;0.034;615.9;0.031;60;0;0;0.141;0.390;0.108;8;43;12;50.02;50.02;50.02;8213;1000;0.0;0;0.0000;0;0;10298;10298;10298
60;2014-04-25 19:19:00;909402N262;61;10.299;33;233;232;233;232;0.193;50.03;468.9;0.058;489.9;0.031;597.4;0.031;60;0;0;0.117;0.356;0.107;8;38;13;50.03;50.03;50.03;8213;1000;0.0;0;0.0000;0;0;10299;10299;10299
60;2014-04-25 19:20:00;909402N262;57;10.300;33;233;233;234;233;0.189;50.01;457.7;0.057;483.9;0.031;592.6;0.030;60;0;0;0.093;0.350;0.124;4;36;16;50.01;50.01;50.01;8213;1000;0.0;0;0.0000;0;0;10300;10300;10300
60;2014-04-25 19:21:00;909402N262;54;10.301;33;234;233;235;234;0.184;50.01;449.5;0.054;475.0;0.030;623.7;0.027;60;0;0;0.144;0.240;0.168;15;17;20;50.01;50.01;50.01;8213;1000;0.0;0;0.0000;0;0;10301;10301;10301
60;2014-04-25 19:22:00;909402N262;51;10.301;33;234;233;235;235;0.168;49.99;458.6;0.050;468.7;0.027;607.9;0.027;60;0;0;0.126;0.201;0.179;13;14;21;49.99;49.99;49.99;8213;1000;0.0;0;0.0000;0;0;10301;10301;10301
60;2014-04-25 19:23:00;909402N262;48;10.303;33;234;234;234;235;0.151;49.99;450.3;0.047;492.6;0.025;594.0;0.025;60;0;0;0.114;0.171;0.169;9;17;20;49.99;49.99;49.99;8213;1000;0.0;0;0.0000;0;0;10303;10303;10303
60;2014-04-25 19:24:00;909402N262;44;10.304;33;234;234;234;235;0.142;49.99;440.2;0.046;483.4;0.023;587.0;0.023;60;0;0;0.115;0.136;0.177;8;13;21;49.99;49.99;49.99;8213;1000;0.0;0;0.0000;0;0;10304;10304;10304
60;2014-04-25 19:25:00;909402N262;41;10.304;33;234;235;234;235;0.156;49.98;440.8;0.042;466.3;0.023;591.0;0.023;60;0;0;0.154;0.128;0.186;5;13;22;49.98;49.98;49.98;8213;1000;0.0;0;0.0000;0;0;10304;10304;10304
60;2014-04-25 19:26:00;909402N262;38;10.305;33;234;234;234;235;0.143;49.98;444.6;0.039;477.8;0.021;529.3;0.023;60;0;0;0.106;0.119;0.204;2;13;25;49.98;49.98;49.98;8213;1000;0.0;0;0.0000;0;0;10305;10305;10305
60;2014-04-25 19:27:00;909402N262;37;10.305;33;234;234;234;235;0.132;49.97;438.6;0.039;490.0;0.019;547.6;0.022;60;0;0;0.079;0.100;0.219;4;6;27;49.97;49.97;49.97;8213;1000;0.0;0;0.0000;0;0;10305;10305;10305
60;2014-04-25 19:28:00;909402N262;36;10.306;33;234;233;234;235;0.125;49.97;437.0;0.039;488.7;0.019;544.4;0.022;60;0;0;0.079;0.080;0.218;8;2;26;49.97;49.97;49.97;8213;1000;0.0;0;0.0000;0;0;10306;10306;10306
60;2014-04-25 19:29:00;909402N262;37;10.306;33;234;234;234;235;0.117;49.98;438.8;0.039;488.6;0.019;537.6;0.022;60;0;0;0.084;0.113;0.154;9;10;17;49.98;49.98;49.98;8213;1000;0.0;0;0.0000;0;0;10306;10306;10306
60;2014-04-25 19:30:00;909402N262;37;10.307;33;234;234;234;235;0.112;49.98;442.4;0.039;490.8;0.019;524.3;0.023;60;0;0;0.062;0.120;0.155;5;13;18;49.98;49.98;49.98;8213;1000;0.0;0;0.0000;0;0;10307;10307;10307
60;2014-04-25 19:31:00;909402N262;38;10.308;33;234;234;234;235;0.109;49.99;438.4;0.039;481.8;0.020;523.9;0.023;60;0;0;0.087;0.087;0.155;7;10;19;49.99;49.99;49.99;8213;1000;0.0;0;0.0000;0;0;10308;10308;10308
60;2014-04-25 19:32:00;909402N262;39;10.308;33;235;234;234;235;0.112;49.99;446.0;0.039;485.2;0.021;527.5;0.023;60;0;0;0.093;0.099;0.146;7;12;18;49.99;49.99;49.99;8213;1000;0.0;0;0.0000;0;0;10308;10308;10308
60;2014-04-25 19:33:00;909402N262;38;10.309;33;235;234;234;235;0.127;50.00;445.8;0.039;488.0;0.021;529.6;0.023;60;0;0;0.131;0.122;0.128;11;14;12;50.00;50.00;50.00;8213;1000;0.0;0;0.0000;0;0;10309;10309;10309
60;2014-04-25 19:34:00;909402N262;38;10.310;33;235;234;235;235;0.118;49.99;443.3;0.039;491.7;0.020;529.4;0.023;60;0;0;0.096;0.139;0.121;10;15;12;49.99;49.99;49.99;8213;1000;0.0;0;0.0000;0;0;10310;10310;10310
60;2014-04-25 19:35:00;909402N262;37;10.310;33;235;234;235;235;0.121;50.00;440.7;0.039;490.7;0.019;531.7;0.023;60;0;0;0.105;0.126;0.133;11;12;13;50.00;50.00;50.00;8213;1000;0.0;0;0.0000;0;0;10310;10310;10310
60;2014-04-25 19:36:00;909402N262;36;10.311;33;234;234;235;235;0.125;50.01;433.5;0.039;488.8;0.019;534.5;0.022;60;0;0;0.113;0.109;0.155;13;6;15;50.01;50.01;50.01;8213;1000;0.0;0;0.0000;0;0;10311;10311;10311
60;2014-04-25 19:37:00;909402N262;35;10.311;33;234;233;234;235;0.113;49.99;425.7;0.038;487.2;0.019;558.2;0.020;60;0;0;0.071;0.145;0.123;8;14;11;49.99;49.99;49.99;8213;1000;0.0;0;0.0000;0;0;10311;10311;10311
60;2014-04-25 19:38:00;909402N262;33;10.312;33;235;234;235;235;0.104;49.99;417.5;0.035;481.2;0.019;547.7;0.019;60;0;0;0.069;0.111;0.132;8;10;13;49.99;49.99;49.99;8213;1000;0.0;0;0.0000;0;0;10312;10312;10312
60;2014-04-25 19:39:00;909402N262;30;10.313;33;235;234;235;235;0.100;49.98;417.8;0.034;466.4;0.019;524.3;0.019;60;0;0;0.066;0.111;0.123;7;9;13;49.98;49.98;49.98;8213;1000;0.0;0;0.0000;0;0;10313;10313;10313
60;2014-04-25 19:40:00;909402N262;29;10.314;33;235;234;235;235;0.091;49.99;432.9;0.031;456.3;0.019;509.2;0.019;60;0;0;0.055;0.114;0.106;6;10;11;49.99;49.99;49.99;8213;1000;0.0;0;0.0000;0;0;10314;10314;10314
60;2014-04-25 19:41:00;909402N262;27;10.314;33;234;233;235;235;0.100;49.98;424.8;0.029;449.5;0.018;530.8;0.017;60;0;0;0.041;0.173;0.087;4;14;7;49.98;49.98;49.98;8213;1000;0.0;0;0.0000;0;0;10314;10314;10314
60;2014-04-25 19:42:00;909402N262;25;10.314;33;234;233;235;235;0.100;49.98;420.9;0.027;459.6;0.015;565.4;0.015;60;0;0;0.046;0.181;0.075;5;13;6;49.98;49.98;49.98;8213;1000;0.0;0;0.0000;0;0;10314;10314;10314
60;2014-04-25 19:43:00;909402N262;23;10.314;33;234;233;235;235;0.094;49.99;425.1;0.025;458.9;0.014;539.6;0.015;60;0;0;0.048;0.131;0.103;5;8;10;49.99;49.99;49.99;8213;1000;0.0;0;0.0000;0;0;10314;10314;10314
60;2014-04-25 19:44:00;909402N262;20;10.314;33;234;234;235;235;0.083;49.99;409.4;0.023;430.9;0.015;522.7;0.013;60;0;0;0.050;0.096;0.103;2;7;12;49.99;49.99;49.99;8213;1000;0.0;0;0.0000;0;0;10314;10314;10314
60;2014-04-25 19:45:00;909402N262;18;10.315;33;235;234;235;235;0.074;49.99;401.9;0.022;416.2;0.012;523.7;0.011;60;0;0;0.061;0.086;0.075;3;6;9;49.99;49.99;49.99;8213;1000;0.0;0;0.0000;0;0;10315;10315;10315
60;2014-04-25 19:46:00;909402N262;14;10.316;33;235;234;235;235;0.064;49.99;391.1;0.019;374.9;0.012;516.5;0.010;60;0;0;0.064;0.076;0.053;2;5;6;49.99;49.99;49.99;8213;1000;0.0;0;0.0000;0;0;10316;10316;10316
60;2014-04-25 19:47:00;909402N262;12;10.316;33;234;235;234;234;0.080;49.99;380.3;0.017;407.9;0.010;503.6;0.009;60;0;0;0.113;0.065;0.062;1;6;7;49.99;49.99;49.99;8213;1000;0.0;0;0.0000;0;0;10316;10316;10316
60;2014-04-25 19:48:00;909402N262;7;10.316;33;234;234;235;234;0.056;49.99;373.3;0.013;358.7;0.008;435.3;0.008;60;0;0;0.059;0.070;0.041;2;2;5;49.99;49.99;49.99;8213;1000;0.0;0;0.0000;0;0;10316;10316;10316
60;2014-04-25 19:49:00;909402N262;3;10.316;33;234;234;234;234;0.049;49.98;382.8;0.011;290.8;0.007;345.5;0.007;60;0;0;0.057;0.059;0.031;0;2;3;49.98;49.98;49.98;8213;1000;0.0;0;0.0000;0;0;10316;10316;10316
60;2014-04-25 19:50:00;909402N262;1;10.316;33;234;234;234;234;0.030;49.99;361.4;0.008;317.7;0.006;280.4;0.007;60;0;0;0.045;0.024;0.023;0;1;3;49.99;49.99;49.99;8213;1000;0.0;0;0.0000;0;0;10316;10316;10316
60;2014-04-25 19:51:00;909402N262;0;10.316;33;234;234;234;233;0.035;49.98;324.7;0.007;349.6;0.003;363.5;0.004;60;0;0;0.055;0.027;0.025;0;1;3;49.98;49.98;49.98;8213;1000;0.0;0;0.0000;0;0;10316;10316;10316
60;2014-04-25 19:52:00;909402N262;0;10.316;33;234;233;234;233;0.000;49.98;264.0;0.004;283.8;0.003;331.4;0.003;60;0;0;0.000;0.000;0.000;0;0;0;49.98;49.98;49.98;8213;1000;0.0;0;0.0000;0;0;10316;10316;10316
60;2014-04-25 19:53:00;909402N262;0;10.316;33;234;234;234;234;0.006;49.99;262.6;0.002;272.7;0.002;271.2;0.003;60;0;0;0.016;0.003;0.000;0;0;0;49.99;49.99;49.99;8213;1000;0.0;0;0.0000;0;0;10316;10316;10316
60;2014-04-25 19:54:00;909402N262;0;10.316;33;234;233;234;234;0.009;49.98;258.8;0.000;294.2;0.000;294.0;0.000;60;0;0;0.024;0.005;0.000;0;0;0;49.99;49.98;49.98;8213;1000;0.0;0;0.0000;0;0;10316;10316;10316
60;2014-04-25 19:55:00;909402N262;0;10.316;32;233;233;233;233;0.024;49.98;252.5;0.000;256.7;0.000;262.3;0.000;60;0;0;0.063;0.011;0.000;0;0;0;49.98;49.98;49.98;8213;1000;0.0;0;0.0000;0;0;10316;10316;10316
60;2014-04-25 19:56:00;909402N262;0;10.316;32;233;233;233;233;0.013;49.98;297.8;0.000;261.6;0.000;266.7;0.000;50;0;0;0.040;0.000;0.000;0;0;0;49.98;49.98;49.98;8213;1000;0.0;0;0.0000;0;0;10316;10316;10316
60;2014-04-25 19:57:00;909402N262;0;10.316;32;233;234;234;232;0.000;49.99;232.1;0.000;231.6;0.000;232.2;0.000;50;0;0;0.000;0.000;0.000;0;0;0;49.99;49.99;49.99;8213;1000;0.0;0;0.0000;0;0;10316;10316;10316
60;2014-04-25 19:58:00;909402N262;0;10.316;32;233;234;234;232;0.000;50.00;228.6;0.000;228.0;0.000;228.5;0.000;50;0;0;0.000;0.000;0.000;0;0;0;50.00;50.00;50.00;8213;1000;0.0;0;0.0000;0;0;10316;10316;10316
60;2014-04-25 19:59:00;909402N262;0;10.316;32;233;234;234;231;0.000;50.00;235.5;0.000;235.0;0.000;235.2;0.000;50;0;0;0.000;0.000;0.000;0;0;0;50.00;50.00;50.00;8213;1000;0.0;0;0.0000;0;0;10316;10316;10316
60;2014-04-25 20:00:00;909402N262;0;10.316;32;233;234;234;231;0.000;50.00;229.8;0.000;229.2;0.000;229.6;0.000;50;0;0;0.000;0.000;0.000;0;0;0;50.00;50.00;50.00;8213;1000;0.0;0;0.0000;0;0;10316;10316;10316
[wr_ende]
