20140401;090004;danfoss;My Plant;+0100
[wr_def_start]
909402N262;Inverter Type;Inverter Group;Hanzl
[wr_def_end]
[wr]
INTERVAL;TIMESTAMP;SERIAL;P_AC;E_DAY;T_WR;U_AC;U_AC_1;U_AC_2;U_AC_3;I_AC;F_AC;U_DC_1;I_DC_1;U_DC_2;I_DC_2;U_DC_3;I_DC_3;S;E_WR;M_WR;I_AC_1;I_AC_2;I_AC_3;P_AC_1;P_AC_2;P_AC_3;F_AC_1;F_AC_2;F_AC_3;R_DC;PC;PCS;PCS_LL;COS_PHI;COS_PHI_LL;S_COS_PHI;Current_Day_Energy;current_Day_Offset;ccEnergyOfDay_WithoutOffset
60;2014-04-01 08:01:00;909402N262;1010;0.637;25;234;234;234;235;1.529;50.02;572.4;0.677;672.4;0.459;792.8;0.433;60;0;0;1.474;1.563;1.550;322;344;342;50.02;50.02;50.02;8484;1000;0.0;0;0.0000;0;0;637;637;637
60;2014-04-01 08:02:00;909402N262;1043;0.654;26;234;234;234;235;1.604;50.00;577.0;0.686;674.8;0.459;794.3;0.438;60;0;0;1.564;1.628;1.621;337;353;351;50.00;50.00;50.00;8484;1000;0.0;0;0.0000;0;0;654;654;654
60;2014-04-01 08:03:00;909402N262;1058;0.671;26;234;234;233;235;1.623;50.00;576.9;0.697;675.1;0.465;794.5;0.444;60;0;0;1.580;1.649;1.640;342;357;357;50.00;50.00;50.00;8484;1000;0.0;0;0.0000;0;0;671;671;671
60;2014-04-01 08:04:00;909402N262;1074;0.690;26;234;234;233;234;1.649;49.98;576.9;0.707;674.9;0.473;794.3;0.452;60;0;0;1.606;1.676;1.665;347;363;361;49.98;49.98;49.98;8484;1000;0.0;0;0.0000;0;0;690;690;690
60;2014-04-01 08:05:00;909402N262;1093;0.708;26;233;233;233;234;1.670;49.99;576.8;0.719;674.9;0.481;794.4;0.460;60;0;0;1.632;1.704;1.676;354;372;364;49.99;49.99;49.99;8484;1000;0.0;0;0.0000;0;0;708;708;708
60;2014-04-01 08:06:00;909402N262;1112;0.727;26;233;233;233;234;1.695;49.99;576.8;0.732;674.8;0.489;794.6;0.468;60;0;0;1.668;1.727;1.691;364;378;368;49.99;49.99;49.99;8484;1000;0.0;0;0.0000;0;0;727;727;727
60;2014-04-01 08:07:00;909402N262;1133;0.745;26;233;233;233;234;1.719;49.97;577.1;0.744;672.6;0.500;794.6;0.476;60;0;0;1.688;1.761;1.709;369;389;373;49.97;49.97;49.97;8484;1000;0.0;0;0.0000;0;0;745;745;745
60;2014-04-01 08:08:00;909402N262;1152;0.764;26;233;233;233;234;1.744;49.99;577.7;0.756;671.7;0.509;794.6;0.485;60;0;0;1.712;1.786;1.734;376;395;380;49.99;49.99;49.99;8484;1000;0.0;0;0.0000;0;0;764;764;764
60;2014-04-01 08:09:00;909402N262;1172;0.784;26;233;232;233;234;1.767;49.98;578.3;0.767;671.0;0.518;794.8;0.493;60;0;0;1.726;1.804;1.773;380;399;391;49.98;49.98;49.98;8484;1000;0.0;0;0.0000;0;0;784;784;784
60;2014-04-01 08:10:00;909402N262;1190;0.804;26;233;232;233;234;1.791;49.99;578.9;0.778;670.8;0.527;794.6;0.501;60;0;0;1.747;1.825;1.801;386;403;398;49.99;49.99;49.99;8484;1000;0.0;0;0.0000;0;0;804;804;804
60;2014-04-01 08:11:00;909402N262;1205;0.824;26;233;232;233;234;1.809;49.99;579.4;0.787;670.8;0.533;795.2;0.507;60;0;0;1.755;1.845;1.827;388;409;406;49.99;49.99;49.99;8484;1000;0.0;0;0.0000;0;0;824;824;824
60;2014-04-01 08:12:00;909402N262;1219;0.844;26;233;232;233;234;1.828;49.98;579.7;0.795;671.1;0.539;795.1;0.514;60;0;0;1.774;1.862;1.850;392;414;412;49.98;49.98;49.98;8484;1000;0.0;0;0.0000;0;0;844;844;844
60;2014-04-01 08:13:00;909402N262;1233;0.865;27;233;232;233;234;1.852;49.98;580.2;0.803;671.9;0.543;795.0;0.520;60;0;0;1.805;1.885;1.866;398;418;415;49.98;49.98;49.98;8484;1000;0.0;0;0.0000;0;0;865;865;865
60;2014-04-01 08:14:00;909402N262;1247;0.885;27;233;232;233;234;1.868;49.99;580.6;0.811;672.5;0.549;795.3;0.526;60;0;0;1.812;1.912;1.880;401;425;418;49.99;49.99;49.99;8484;1000;0.0;0;0.0000;0;0;885;885;885
60;2014-04-01 08:15:00;909402N262;1260;0.906;27;233;233;234;234;1.884;49.98;580.7;0.819;673.0;0.555;795.5;0.532;60;0;0;1.831;1.924;1.899;406;429;424;49.98;49.98;49.98;8484;1000;0.0;0;0.0000;0;0;906;906;906
60;2014-04-01 08:16:00;909402N262;1261;0.927;27;233;232;233;234;1.889;49.97;568.7;0.839;659.0;0.564;787.5;0.539;60;0;0;1.834;1.927;1.907;407;431;424;49.97;49.97;49.97;8484;1000;0.0;0;0.0000;0;0;927;927;927
60;2014-04-01 08:17:00;909402N262;1290;0.950;27;233;233;233;234;1.931;49.97;568.1;0.854;673.8;0.569;795.4;0.544;60;0;0;1.874;1.967;1.952;415;438;435;49.97;49.97;49.97;8484;1000;0.0;0;0.0000;0;0;950;950;950
60;2014-04-01 08:18:00;909402N262;1305;0.971;27;233;233;233;233;1.953;49.96;567.5;0.865;674.2;0.576;795.3;0.551;60;0;0;1.908;1.982;1.970;424;441;439;49.96;49.96;49.96;8484;1000;0.0;0;0.0000;0;0;971;971;971
60;2014-04-01 08:19:00;909402N262;1316;0.992;27;233;233;233;234;1.970;49.97;567.7;0.871;674.7;0.581;795.3;0.556;60;0;0;1.922;2.001;1.989;426;445;443;49.97;49.97;49.97;8484;1000;0.0;0;0.0000;0;0;992;992;992
60;2014-04-01 08:20:00;909402N262;1327;1.015;27;233;233;233;234;1.984;49.96;567.7;0.876;674.8;0.585;795.1;0.561;60;0;0;1.930;2.017;2.006;428;449;447;49.96;49.96;49.96;8484;1000;0.0;0;0.0000;0;0;1015;1015;1015
60;2014-04-01 08:21:00;909402N262;1336;1.038;27;233;232;233;233;2.000;49.96;568.6;0.881;675.0;0.590;795.3;0.565;60;0;0;1.945;2.037;2.018;431;453;450;49.96;49.96;49.96;8484;1000;0.0;0;0.0000;0;0;1038;1038;1038
60;2014-04-01 08:22:00;909402N262;1346;1.060;27;233;232;233;233;2.014;49.97;568.6;0.885;675.3;0.595;795.1;0.569;60;0;0;1.954;2.060;2.028;432;459;453;49.97;49.97;49.97;8484;1000;0.0;0;0.0000;0;0;1060;1060;1060
60;2014-04-01 08:23:00;909402N262;1354;1.082;27;233;232;233;233;2.023;49.98;568.4;0.892;675.7;0.599;795.2;0.573;60;0;0;1.962;2.068;2.039;435;462;456;49.98;49.98;49.98;8484;1000;0.0;0;0.0000;0;0;1082;1082;1082
60;2014-04-01 08:24:00;909402N262;1358;1.105;28;233;232;233;233;2.029;49.98;568.2;0.894;675.9;0.601;795.2;0.574;60;0;0;1.968;2.075;2.044;437;462;457;49.98;49.98;49.98;8484;1000;0.0;0;0.0000;0;0;1105;1105;1105
60;2014-04-01 08:25:00;909402N262;1355;1.128;28;233;232;233;233;2.028;49.98;568.4;0.892;675.1;0.601;795.2;0.574;60;0;0;1.969;2.070;2.047;436;461;456;49.98;49.98;49.98;8484;1000;0.0;0;0.0000;0;0;1128;1128;1128
60;2014-04-01 08:26:00;909402N262;1350;1.150;28;233;232;233;233;2.019;49.98;568.4;0.888;674.1;0.599;795.3;0.571;60;0;0;1.960;2.056;2.041;434;458;455;49.98;49.98;49.98;8484;1000;0.0;0;0.0000;0;0;1150;1150;1150
60;2014-04-01 08:27:00;909402N262;1340;1.173;28;232;232;233;233;2.006;49.98;568.6;0.881;673.2;0.596;795.2;0.566;60;0;0;1.949;2.047;2.023;431;455;451;49.98;49.98;49.98;8484;1000;0.0;0;0.0000;0;0;1173;1173;1173
60;2014-04-01 08:28:00;909402N262;1332;1.194;28;233;232;233;233;1.993;49.99;568.2;0.877;672.8;0.593;795.3;0.562;60;0;0;1.935;2.035;2.009;428;453;448;49.99;49.99;49.99;8484;1000;0.0;0;0.0000;0;0;1194;1194;1194
60;2014-04-01 08:29:00;909402N262;1328;1.217;28;233;232;233;233;1.986;49.97;568.1;0.874;672.8;0.591;795.1;0.560;60;0;0;1.931;2.022;2.005;427;450;447;49.97;49.97;49.97;8484;1000;0.0;0;0.0000;0;0;1217;1217;1217
60;2014-04-01 08:30:00;909402N262;1326;1.238;28;233;232;233;233;1.988;49.97;568.2;0.874;672.8;0.590;795.1;0.560;60;0;0;1.928;2.030;2.007;426;452;447;49.97;49.97;49.97;8484;1000;0.0;0;0.0000;0;0;1238;1238;1238
60;2014-04-01 08:31:00;909402N262;1310;1.262;28;233;232;233;233;1.959;49.97;564.1;0.875;648.6;0.594;795.8;0.561;60;0;0;1.900;2.004;1.975;421;446;441;49.97;49.97;49.97;8484;1000;0.0;0;0.0000;0;0;1262;1262;1262
60;2014-04-01 08:32:00;909402N262;1329;1.283;28;233;232;233;233;1.990;49.98;568.3;0.876;673.4;0.590;795.3;0.562;60;0;0;1.934;2.030;2.006;428;452;447;49.98;49.98;49.98;8484;1000;0.0;0;0.0000;0;0;1283;1283;1283
60;2014-04-01 08:33:00;909402N262;1331;1.306;28;233;232;233;233;1.993;49.98;568.4;0.877;673.7;0.590;795.2;0.562;60;0;0;1.936;2.035;2.008;429;453;447;49.98;49.98;49.98;8484;1000;0.0;0;0.0000;0;0;1306;1306;1306
60;2014-04-01 08:34:00;909402N262;1335;1.327;28;233;232;233;233;1.997;49.99;568.5;0.880;674.1;0.592;795.3;0.564;60;0;0;1.944;2.039;2.010;431;454;448;49.99;49.99;49.99;8484;1000;0.0;0;0.0000;0;0;1327;1327;1327
60;2014-04-01 08:35:00;909402N262;1343;1.350;28;233;232;233;233;2.009;49.98;568.8;0.884;674.7;0.594;795.2;0.568;60;0;0;1.956;2.043;2.030;434;455;452;49.98;49.98;49.98;8484;1000;0.0;0;0.0000;0;0;1350;1350;1350
60;2014-04-01 08:36:00;909402N262;1353;1.373;28;233;233;233;233;2.022;49.98;569.2;0.890;675.6;0.597;795.1;0.573;60;0;0;1.970;2.061;2.037;438;459;454;49.98;49.98;49.98;8484;1000;0.0;0;0.0000;0;0;1373;1373;1373
60;2014-04-01 08:37:00;909402N262;1363;1.395;29;233;233;233;233;2.037;49.98;569.7;0.897;676.4;0.601;795.1;0.578;60;0;0;1.983;2.075;2.053;441;463;458;49.98;49.98;49.98;8484;1000;0.0;0;0.0000;0;0;1395;1395;1395
60;2014-04-01 08:38:00;909402N262;1374;1.418;29;233;232;233;233;2.050;49.98;569.8;0.903;677.1;0.604;795.2;0.582;60;0;0;1.996;2.084;2.071;443;466;463;49.98;49.98;49.98;8484;1000;0.0;0;0.0000;0;0;1418;1418;1418
60;2014-04-01 08:39:00;909402N262;1390;1.441;29;233;233;232;234;2.072;49.99;570.3;0.913;677.8;0.611;795.2;0.589;60;0;0;2.021;2.102;2.093;450;468;469;49.99;49.99;49.99;8484;1000;0.0;0;0.0000;0;0;1441;1441;1441
60;2014-04-01 08:40:00;909402N262;1408;1.465;29;233;233;232;233;2.101;49.99;571.0;0.923;678.4;0.618;795.1;0.597;60;0;0;2.050;2.134;2.120;457;475;475;49.99;49.99;49.99;8484;1000;0.0;0;0.0000;0;0;1465;1465;1465
60;2014-04-01 08:41:00;909402N262;1425;1.489;29;233;232;233;234;2.123;50.00;571.9;0.933;679.1;0.625;795.0;0.605;60;0;0;2.063;2.158;2.148;459;482;482;50.00;50.00;50.00;8484;1000;0.0;0;0.0000;0;0;1489;1489;1489
60;2014-04-01 08:42:00;909402N262;1442;1.513;29;233;232;233;234;2.146;49.99;572.3;0.943;680.0;0.631;795.2;0.613;60;0;0;2.088;2.187;2.165;465;488;486;49.99;49.99;49.99;8484;1000;0.0;0;0.0000;0;0;1513;1513;1513
60;2014-04-01 08:43:00;909402N262;1460;1.538;29;233;233;233;234;2.170;49.99;572.1;0.955;681.5;0.637;795.3;0.621;60;0;0;2.114;2.206;2.191;472;493;492;49.99;49.99;49.99;8484;1000;0.0;0;0.0000;0;0;1538;1538;1538
60;2014-04-01 08:44:00;909402N262;1479;1.562;29;233;233;233;233;2.197;49.99;565.9;0.976;683.1;0.643;795.6;0.630;60;0;0;2.149;2.231;2.211;481;499;496;49.99;49.99;49.99;8484;1000;0.0;0;0.0000;0;0;1562;1562;1562
60;2014-04-01 08:45:00;909402N262;1497;1.587;29;233;233;233;233;2.223;49.99;564.0;0.990;683.5;0.651;795.5;0.639;60;0;0;2.173;2.265;2.232;487;508;501;49.99;49.99;49.99;8484;1000;0.0;0;0.0000;0;0;1587;1587;1587
60;2014-04-01 08:46:00;909402N262;1498;1.612;29;233;233;233;233;2.219;49.99;560.0;1.003;661.3;0.663;795.9;0.649;60;0;0;2.170;2.259;2.230;487;508;501;49.99;49.99;49.99;8484;1000;0.0;0;0.0000;0;0;1612;1612;1612
60;2014-04-01 08:47:00;909402N262;1544;1.639;29;233;233;233;233;2.292;49.99;562.8;1.020;684.4;0.670;795.3;0.662;60;0;0;2.244;2.333;2.299;503;523;516;49.99;49.99;49.99;8484;1000;0.0;0;0.0000;0;0;1639;1639;1639
60;2014-04-01 08:48:00;909402N262;1571;1.663;29;233;233;233;233;2.329;49.98;562.4;1.037;685.4;0.681;795.2;0.675;60;0;0;2.277;2.371;2.340;511;532;527;49.98;49.98;49.98;8484;1000;0.0;0;0.0000;0;0;1663;1663;1663
60;2014-04-01 08:49:00;909402N262;1599;1.691;29;233;232;233;233;2.366;49.98;563.1;1.051;686.8;0.692;795.2;0.689;60;0;0;2.308;2.413;2.377;518;542;537;49.98;49.98;49.98;8484;1000;0.0;0;0.0000;0;0;1691;1691;1691
60;2014-04-01 08:50:00;909402N262;1624;1.718;30;233;233;234;233;2.398;49.98;563.4;1.064;687.6;0.702;795.1;0.701;60;0;0;2.346;2.445;2.403;528;551;543;49.98;49.98;49.98;8484;1000;0.0;0;0.0000;0;0;1718;1718;1718
60;2014-04-01 08:51:00;909402N262;1643;1.744;30;233;233;233;233;2.425;49.98;562.8;1.076;687.6;0.710;795.2;0.710;60;0;0;2.373;2.469;2.435;535;556;550;49.98;49.98;49.98;8484;1000;0.0;0;0.0000;0;0;1744;1744;1744
60;2014-04-01 08:52:00;909402N262;1669;1.773;30;233;232;233;234;2.464;49.98;562.9;1.091;688.2;0.721;795.2;0.722;60;0;0;2.406;2.508;2.478;541;564;561;49.98;49.98;49.98;8484;1000;0.0;0;0.0000;0;0;1773;1773;1773
60;2014-04-01 08:53:00;909402N262;1696;1.801;30;233;232;233;234;2.503;49.98;561.4;1.108;688.6;0.733;795.1;0.735;60;0;0;2.442;2.550;2.518;549;574;571;49.98;49.98;49.98;8484;1000;0.0;0;0.0000;0;0;1801;1801;1801
60;2014-04-01 08:54:00;909402N262;1728;1.830;30;233;232;233;234;2.548;49.99;557.7;1.133;690.0;0.746;795.3;0.752;60;0;0;2.485;2.597;2.564;559;585;582;49.99;49.99;49.99;8484;1000;0.0;0;0.0000;0;0;1830;1830;1830
60;2014-04-01 08:55:00;909402N262;1751;1.860;30;233;233;233;234;2.580;49.99;555.8;1.150;690.9;0.756;795.4;0.764;60;0;0;2.523;2.622;2.597;569;591;590;49.99;49.99;49.99;8484;1000;0.0;0;0.0000;0;0;1860;1860;1860
60;2014-04-01 08:56:00;909402N262;1771;1.888;30;233;232;233;233;2.610;49.99;555.0;1.163;691.4;0.764;795.4;0.773;60;0;0;2.556;2.650;2.626;575;598;596;49.99;49.99;49.99;8484;1000;0.0;0;0.0000;0;0;1888;1888;1888
60;2014-04-01 08:57:00;909402N262;1785;1.919;30;233;232;233;233;2.629;49.98;554.2;1.171;692.3;0.770;795.4;0.780;60;0;0;2.579;2.671;2.637;582;603;597;49.98;49.98;49.98;8484;1000;0.0;0;0.0000;0;0;1919;1919;1919
60;2014-04-01 08:58:00;909402N262;1784;1.949;30;233;233;233;233;2.628;49.99;553.0;1.175;691.3;0.772;795.4;0.777;60;0;0;2.576;2.674;2.635;581;603;597;49.99;49.99;49.99;8484;1000;0.0;0;0.0000;0;0;1949;1949;1949
60;2014-04-01 08:59:00;909402N262;1791;1.978;30;233;233;232;233;2.641;49.99;553.0;1.179;691.9;0.774;795.3;0.781;60;0;0;2.589;2.681;2.655;584;603;603;49.99;49.99;49.99;8484;1000;0.0;0;0.0000;0;0;1978;1978;1978
60;2014-04-01 09:00:00;909402N262;1794;2.008;30;233;233;232;234;2.641;50.01;553.1;1.180;692.6;0.775;795.4;0.783;60;0;0;2.581;2.682;2.661;583;603;605;50.01;50.01;50.01;8484;1000;0.0;0;0.0000;0;0;2008;2008;2008
[wr_ende]
