20140920;200005;danfoss;My Plant;+0100
[wr_def_start]
909402N262;Inverter Type;Inverter Group;Hanzl
[wr_def_end]
[wr]
INTERVAL;TIMESTAMP;SERIAL;P_AC;E_DAY;T_WR;U_AC;U_AC_1;U_AC_2;U_AC_3;I_AC;F_AC;U_DC_1;I_DC_1;U_DC_2;I_DC_2;U_DC_3;I_DC_3;S;E_WR;M_WR;I_AC_1;I_AC_2;I_AC_3;P_AC_1;P_AC_2;P_AC_3;F_AC_1;F_AC_2;F_AC_3;R_DC;PC;PCS;PCS_LL;COS_PHI;COS_PHI_LL;S_COS_PHI;Current_Day_Energy;current_Day_Offset;ccEnergyOfDay_WithoutOffset
60;2014-09-20 19:01:00;909402N262;0;38.552;41;233;232;233;233;0.017;50.05;322.1;0.006;254.6;0.000;287.8;0.000;60;0;0;0.018;0.034;0.000;0;0;0;50.05;50.05;50.05;3459;1000;0.0;0;0.0000;0;0;38552;38552;38552
60;2014-09-20 19:02:00;909402N262;0;38.552;40;233;232;234;233;0.033;50.07;280.0;0.003;252.4;0.000;259.7;0.000;60;0;0;0.000;0.100;0.000;0;0;0;50.07;50.07;50.07;3459;1000;0.0;0;0.0000;0;0;38552;38552;38552
60;2014-09-20 19:03:00;909402N262;0;38.552;40;233;232;233;233;0.035;50.06;287.9;0.000;252.2;0.000;252.5;0.000;60;0;0;0.039;0.066;0.000;0;0;0;50.06;50.06;50.06;3459;1000;0.0;0;0.0000;0;0;38552;38552;38552
60;2014-09-20 19:04:00;909402N262;0;38.552;40;233;233;233;232;0.038;50.04;255.9;0.000;251.8;0.000;251.6;0.000;60;0;0;0.063;0.051;0.000;0;0;0;50.04;50.04;50.04;3459;1000;0.0;0;0.0000;0;0;38552;38552;38551
60;2014-09-20 19:05:00;909402N262;0;38.552;40;233;233;233;232;0.049;50.04;253.2;0.000;251.5;0.000;251.6;0.000;60;0;0;0.141;0.007;0.000;0;0;0;50.04;50.04;50.04;3459;1000;0.0;0;0.0000;0;0;38552;38552;38551
60;2014-09-20 19:06:00;909402N262;0;38.552;40;233;232;233;233;0.042;50.03;253.1;0.000;251.4;0.000;251.6;0.000;60;0;0;0.090;0.035;0.002;0;0;0;50.03;50.03;50.03;3459;1000;0.0;0;0.0000;0;0;38552;38552;38551
60;2014-09-20 19:07:00;909402N262;0;38.552;40;233;232;233;232;0.026;50.02;250.2;0.000;249.1;0.000;249.4;0.000;80;0;0;0.048;0.032;0.000;0;0;0;50.02;50.02;50.02;3459;1000;0.0;0;0.0000;0;0;38552;38552;38551
60;2014-09-20 19:08:00;909402N262;0;38.552;36;207;208;209;206;0.000;44.74;205.3;0.000;204.7;0.000;205.3;0.000;50;0;0;0.000;0.000;0.000;0;0;0;44.57;44.57;44.57;364;1000;0.0;0;0.0000;0;0;38552;38552;0
60;2014-09-20 19:09:00;909402N262;0;38.552;40;234;234;235;233;0.000;50.00;228.7;0.000;228.1;0.000;228.6;0.000;50;0;0;0.000;0.000;0.000;0;0;0;50.00;50.00;50.00;0;1000;0.0;0;0.0000;0;0;38552;38552;0
60;2014-09-20 19:10:00;909402N262;0;38.552;40;234;233;236;233;0.000;50.01;228.0;0.000;227.4;0.000;227.9;0.000;50;0;0;0.000;0.000;0.000;0;0;0;50.01;50.01;50.01;0;1000;0.0;0;0.0000;0;0;38552;38552;0
60;2014-09-20 19:11:00;909402N262;0;38.552;39;234;233;236;233;0.000;50.00;228.2;0.000;227.6;0.000;228.1;0.000;50;0;0;0.000;0.000;0.000;0;0;0;50.00;50.00;50.00;0;1000;0.0;0;0.0000;0;0;38552;38552;0
60;2014-09-20 19:12:00;909402N262;0;38.552;39;234;234;236;232;0.000;49.99;227.8;0.000;227.2;0.000;227.9;0.000;50;0;0;0.000;0.000;0.000;0;0;0;49.99;49.99;49.99;0;1000;0.0;0;0.0000;0;0;38552;38552;0
60;2014-09-20 19:13:00;909402N262;0;38.552;39;234;234;235;232;0.000;49.99;230.0;0.000;228.3;0.000;230.0;0.000;50;0;0;0.000;0.000;0.000;0;0;0;49.99;49.99;49.99;0;1000;0.0;0;0.0000;0;0;38552;38552;0
60;2014-09-20 19:14:00;909402N262;0;38.552;38;234;234;236;233;0.000;50.00;226.4;0.000;217.3;0.000;224.3;0.000;50;0;0;0.000;0.000;0.000;0;0;0;50.00;50.00;50.00;0;1000;0.0;0;0.0000;0;0;38552;38552;0
60;2014-09-20 19:15:00;909402N262;0;38.552;38;234;233;236;233;0.000;49.99;231.7;0.000;201.3;0.000;212.3;0.000;50;0;0;0.000;0.000;0.000;0;0;0;49.99;49.99;49.99;0;1000;0.0;0;0.0000;0;0;38552;38552;0
60;2014-09-20 19:16:00;909402N262;0;38.552;38;233;232;235;233;0.000;49.97;224.8;0.000;183.3;0.000;191.3;0.000;50;0;0;0.000;0.000;0.000;0;0;0;49.97;49.97;49.97;0;1000;0.0;0;0.0000;0;0;38552;38552;0
60;2014-09-20 19:17:00;909402N262;0;38.552;38;233;232;235;232;0.000;49.98;230.9;0.000;166.6;0.000;172.3;0.000;50;0;0;0.000;0.000;0.000;0;0;0;49.98;49.98;49.98;0;1000;0.0;0;0.0000;0;0;38552;38552;0
60;2014-09-20 19:18:00;909402N262;0;38.552;37;233;233;234;232;0.000;49.97;224.2;0.000;150.0;0.000;153.4;0.000;50;0;0;0.000;0.000;0.000;0;0;0;49.97;49.97;49.97;0;1000;0.0;0;0.0000;0;0;38552;38552;0
60;2014-09-20 19:19:00;909402N262;0;38.552;37;233;233;234;232;0.000;49.97;211.8;0.000;132.9;0.000;134.1;0.000;50;0;0;0.000;0.000;0.000;0;0;0;49.97;49.97;49.97;0;1000;0.0;0;0.0000;0;0;38552;38552;0
60;2014-09-20 19:20:00;909402N262;0;38.552;37;233;233;234;232;0.000;49.96;196.5;0.000;115.4;0.000;114.7;0.000;80;0;0;0.000;0.000;0.000;0;0;0;49.96;49.96;49.96;0;1000;0.0;0;0.0000;0;0;38552;38552;0
[wr_ende]
