20140129;100002;danfoss;My Plant;+0100
[wr_def_start]
909402N262;Inverter Type;Inverter Group;Hanzl
[wr_def_end]
[wr]
INTERVAL;TIMESTAMP;SERIAL;P_AC;E_DAY;T_WR;U_AC;U_AC_1;U_AC_2;U_AC_3;I_AC;F_AC;U_DC_1;I_DC_1;U_DC_2;I_DC_2;U_DC_3;I_DC_3;S;E_WR;M_WR;I_AC_1;I_AC_2;I_AC_3;P_AC_1;P_AC_2;P_AC_3;F_AC_1;F_AC_2;F_AC_3;R_DC;PC;PCS;PCS_LL;COS_PHI;COS_PHI_LL;S_COS_PHI;Current_Day_Energy;current_Day_Offset;ccEnergyOfDay_WithoutOffset
60;2014-01-29 09:01:00;909402N262;40;0.023;19;231;232;230;232;0.323;50.01;525.2;0.035;477.6;0.019;628.5;0.019;60;0;0;0.433;0.259;0.277;11;28;3;50.01;50.01;50.01;12708;1000;0.0;0;0.0000;0;0;23;23;23
60;2014-01-29 09:02:00;909402N262;42;0.024;19;231;231;231;232;0.329;50.01;533.9;0.037;493.4;0.019;631.3;0.019;60;0;0;0.377;0.292;0.319;7;33;5;50.01;50.01;50.01;12708;1000;0.0;0;0.0000;0;0;24;24;24
60;2014-01-29 09:03:00;909402N262;43;0.024;19;231;231;231;232;0.287;50.01;535.2;0.038;497.1;0.019;627.2;0.019;60;0;0;0.264;0.277;0.322;5;27;13;50.01;50.01;50.01;12708;1000;0.0;0;0.0000;0;0;24;24;24
60;2014-01-29 09:04:00;909402N262;43;0.025;19;231;231;231;232;0.294;50.01;536.0;0.039;500.8;0.019;617.3;0.022;60;0;0;0.311;0.292;0.281;6;33;6;50.01;50.01;50.01;12708;1000;0.0;0;0.0000;0;0;25;25;25
60;2014-01-29 09:05:00;909402N262;44;0.025;19;231;231;231;232;0.324;50.02;536.8;0.039;505.1;0.019;614.7;0.022;60;0;0;0.368;0.301;0.304;6;35;7;50.02;50.02;50.02;12708;1000;0.0;0;0.0000;0;0;25;25;25
60;2014-01-29 09:06:00;909402N262;44;0.026;19;231;232;230;232;0.345;50.02;537.5;0.039;504.5;0.019;617.9;0.022;60;0;0;0.432;0.334;0.271;6;42;3;50.02;50.02;50.02;12708;1000;0.0;0;0.0000;0;0;26;26;26
60;2014-01-29 09:07:00;909402N262;44;0.027;19;231;232;231;231;0.331;50.01;537.5;0.039;504.9;0.019;613.6;0.023;60;0;0;0.482;0.337;0.176;8;42;1;50.01;50.01;50.01;12708;1000;0.0;0;0.0000;0;0;27;27;27
60;2014-01-29 09:08:00;909402N262;43;0.028;19;231;232;231;231;0.336;50.02;537.3;0.039;502.1;0.019;611.3;0.022;60;0;0;0.512;0.322;0.176;6;41;2;50.02;50.02;50.02;12708;1000;0.0;0;0.0000;0;0;28;28;28
60;2014-01-29 09:09:00;909402N262;44;0.028;19;231;232;232;231;0.288;50.02;537.7;0.039;501.3;0.019;611.0;0.022;60;0;0;0.369;0.333;0.162;6;37;4;50.02;50.02;50.02;12708;1000;0.0;0;0.0000;0;0;28;28;28
60;2014-01-29 09:10:00;909402N262;44;0.029;19;231;231;232;231;0.288;50.02;538.5;0.039;504.0;0.019;610.8;0.023;60;0;0;0.294;0.379;0.193;2;36;9;50.02;50.02;50.02;12708;1000;0.0;0;0.0000;0;0;29;29;29
60;2014-01-29 09:11:00;909402N262;46;0.030;20;231;231;232;231;0.301;50.03;540.8;0.039;511.4;0.019;620.3;0.023;60;0;0;0.351;0.400;0.154;3;36;10;50.03;50.03;50.03;12708;1000;0.0;0;0.0000;0;0;30;30;30
60;2014-01-29 09:12:00;909402N262;49;0.031;20;231;231;231;230;0.287;50.03;542.7;0.041;522.5;0.019;635.1;0.023;60;0;0;0.355;0.354;0.153;6;32;12;50.03;50.03;50.03;12708;1000;0.0;0;0.0000;0;0;31;31;31
60;2014-01-29 09:13:00;909402N262;51;0.032;20;231;231;231;230;0.293;50.03;541.9;0.042;524.7;0.019;639.8;0.025;60;0;0;0.386;0.353;0.141;11;32;9;50.03;50.03;50.03;12708;1000;0.0;0;0.0000;0;0;32;32;32
60;2014-01-29 09:14:00;909402N262;51;0.032;20;231;231;232;231;0.276;50.02;541.7;0.043;521.1;0.020;640.3;0.027;60;0;0;0.261;0.396;0.171;6;33;15;50.02;50.02;50.02;12708;1000;0.0;0;0.0000;0;0;32;32;32
60;2014-01-29 09:15:00;909402N262;52;0.033;20;231;231;231;230;0.295;50.03;542.4;0.045;514.9;0.021;639.3;0.027;60;0;0;0.368;0.370;0.147;10;30;13;50.03;50.03;50.03;12708;1000;0.0;0;0.0000;0;0;33;33;33
60;2014-01-29 09:16:00;909402N262;52;0.034;20;231;232;231;230;0.340;50.02;531.5;0.046;506.4;0.022;636.1;0.027;60;0;0;0.512;0.394;0.114;5;51;1;50.02;50.02;50.02;12708;1000;0.0;0;0.0000;0;0;34;34;34
60;2014-01-29 09:17:00;909402N262;53;0.034;20;231;232;230;230;0.361;50.01;544.1;0.046;496.1;0.023;630.1;0.027;60;0;0;0.538;0.424;0.121;4;55;2;50.01;50.01;50.01;12708;1000;0.0;0;0.0000;0;0;34;34;34
60;2014-01-29 09:18:00;909402N262;54;0.035;20;231;232;231;230;0.355;50.01;545.2;0.046;501.6;0.023;620.6;0.027;60;0;0;0.517;0.422;0.128;6;55;1;50.01;50.01;50.01;12708;1000;0.0;0;0.0000;0;0;35;35;35
60;2014-01-29 09:19:00;909402N262;55;0.036;20;231;231;231;230;0.322;50.01;545.9;0.046;504.4;0.023;613.6;0.028;60;0;0;0.428;0.427;0.113;5;54;2;50.01;50.01;50.01;12708;1000;0.0;0;0.0000;0;0;36;36;36
60;2014-01-29 09:20:00;909402N262;57;0.037;20;231;231;231;231;0.284;50.01;547.1;0.047;504.3;0.023;628.3;0.029;60;0;0;0.333;0.398;0.123;11;47;3;50.01;50.01;50.01;12708;1000;0.0;0;0.0000;0;0;37;37;37
60;2014-01-29 09:21:00;909402N262;59;0.039;20;231;231;232;231;0.270;50.01;547.6;0.049;510.2;0.023;640.8;0.029;60;0;0;0.289;0.364;0.157;10;35;14;50.01;50.01;50.01;12708;1000;0.0;0;0.0000;0;0;39;39;39
60;2014-01-29 09:22:00;909402N262;60;0.039;20;231;231;231;230;0.299;50.02;548.6;0.050;514.2;0.023;638.9;0.030;60;0;0;0.258;0.418;0.222;4;35;23;50.02;50.02;50.02;12708;1000;0.0;0;0.0000;0;0;39;39;39
60;2014-01-29 09:23:00;909402N262;62;0.040;20;231;231;232;230;0.286;50.02;548.5;0.050;524.4;0.023;642.5;0.031;60;0;0;0.255;0.400;0.204;8;33;20;50.02;50.02;50.02;12708;1000;0.0;0;0.0000;0;0;40;40;40
60;2014-01-29 09:24:00;909402N262;64;0.041;20;231;231;231;230;0.239;50.03;548.6;0.052;534.7;0.023;651.0;0.031;60;0;0;0.222;0.314;0.182;11;32;19;50.03;50.03;50.03;12708;1000;0.0;0;0.0000;0;0;41;41;41
60;2014-01-29 09:25:00;909402N262;65;0.042;20;231;231;231;230;0.180;50.01;547.6;0.054;534.9;0.024;661.8;0.031;60;0;0;0.189;0.233;0.119;16;33;15;50.01;50.01;50.01;12708;1000;0.0;0;0.0000;0;0;42;42;42
60;2014-01-29 09:26:00;909402N262;67;0.042;20;231;231;230;231;0.172;50.02;549.3;0.054;516.1;0.026;668.2;0.031;60;0;0;0.185;0.219;0.114;18;32;15;50.02;50.02;50.02;12708;1000;0.0;0;0.0000;0;0;42;42;42
60;2014-01-29 09:27:00;909402N262;69;0.043;20;231;232;231;231;0.202;50.00;551.2;0.057;500.3;0.028;667.2;0.032;60;0;0;0.233;0.241;0.132;19;34;14;50.00;50.00;50.00;12708;1000;0.0;0;0.0000;0;0;43;43;43
60;2014-01-29 09:28:00;909402N262;69;0.045;20;231;232;231;230;0.319;50.01;553.1;0.058;507.8;0.029;646.2;0.034;60;0;0;0.438;0.403;0.118;10;54;5;50.01;50.01;50.01;12708;1000;0.0;0;0.0000;0;0;45;45;45
60;2014-01-29 09:29:00;909402N262;71;0.046;20;231;232;231;230;0.336;50.03;554.5;0.058;515.6;0.030;643.1;0.035;60;0;0;0.456;0.415;0.137;13;50;8;50.03;50.03;50.03;12708;1000;0.0;0;0.0000;0;0;46;46;46
60;2014-01-29 09:30:00;909402N262;72;0.047;21;231;231;231;230;0.328;50.02;554.6;0.058;520.7;0.030;645.5;0.035;60;0;0;0.412;0.421;0.153;12;48;12;50.02;50.02;50.02;12708;1000;0.0;0;0.0000;0;0;47;47;47
60;2014-01-29 09:31:00;909402N262;73;0.047;21;231;231;232;230;0.270;50.01;552.7;0.061;515.8;0.031;645.4;0.035;60;0;0;0.304;0.351;0.155;17;37;19;50.01;50.01;50.01;12708;1000;0.0;0;0.0000;0;0;47;47;47
60;2014-01-29 09:32:00;909402N262;76;0.049;21;231;231;232;229;0.206;50.01;554.2;0.062;520.6;0.031;662.7;0.035;60;0;0;0.221;0.254;0.144;21;32;20;50.01;50.01;50.01;12708;1000;0.0;0;0.0000;0;0;49;49;49
60;2014-01-29 09:33:00;909402N262;77;0.049;21;231;231;232;229;0.185;50.01;554.1;0.062;516.2;0.031;668.9;0.035;60;0;0;0.202;0.219;0.135;24;31;20;50.01;50.01;50.01;12708;1000;0.0;0;0.0000;0;0;49;49;49
60;2014-01-29 09:34:00;909402N262;79;0.050;21;231;231;232;229;0.178;50.01;554.1;0.063;518.4;0.031;675.1;0.035;60;0;0;0.174;0.224;0.136;23;32;21;50.01;50.01;50.01;12708;1000;0.0;0;0.0000;0;0;50;50;50
60;2014-01-29 09:35:00;909402N262;80;0.051;21;231;231;232;229;0.180;50.01;554.5;0.065;519.5;0.032;677.8;0.035;60;0;0;0.181;0.219;0.141;25;31;22;50.01;50.01;50.01;12708;1000;0.0;0;0.0000;0;0;51;51;51
60;2014-01-29 09:36:00;909402N262;80;0.052;21;231;231;232;229;0.172;50.01;555.3;0.066;522.7;0.032;682.8;0.036;60;0;0;0.167;0.204;0.145;24;30;23;50.01;50.01;50.01;12708;1000;0.0;0;0.0000;0;0;52;52;52
60;2014-01-29 09:37:00;909402N262;81;0.053;21;231;232;232;230;0.250;50.01;556.2;0.066;529.8;0.033;668.0;0.037;60;0;0;0.284;0.302;0.164;17;42;22;50.01;50.01;50.01;12708;1000;0.0;0;0.0000;0;0;53;53;53
60;2014-01-29 09:38:00;909402N262;82;0.054;21;231;232;231;230;0.320;50.01;558.1;0.066;537.3;0.033;653.7;0.039;60;0;0;0.438;0.371;0.153;14;49;17;50.01;50.01;50.01;12708;1000;0.0;0;0.0000;0;0;54;54;54
60;2014-01-29 09:39:00;909402N262;83;0.055;21;231;233;231;230;0.261;50.01;558.6;0.066;542.1;0.034;662.1;0.039;60;0;0;0.339;0.283;0.163;19;40;23;50.01;50.01;50.01;12708;1000;0.0;0;0.0000;0;0;55;55;55
60;2014-01-29 09:40:00;909402N262;85;0.057;21;231;232;231;230;0.222;50.02;559.0;0.068;544.8;0.034;667.4;0.040;60;0;0;0.253;0.248;0.165;23;36;25;50.02;50.02;50.02;12708;1000;0.0;0;0.0000;0;0;57;57;57
60;2014-01-29 09:41:00;909402N262;86;0.057;21;231;231;231;230;0.197;50.02;559.3;0.069;548.4;0.035;673.5;0.041;60;0;0;0.201;0.245;0.146;25;36;22;50.02;50.02;50.02;12708;1000;0.0;0;0.0000;0;0;57;57;57
60;2014-01-29 09:42:00;909402N262;88;0.058;21;231;231;231;230;0.188;50.03;558.7;0.070;550.3;0.035;679.4;0.041;60;0;0;0.199;0.228;0.138;30;34;21;50.03;50.03;50.03;12708;1000;0.0;0;0.0000;0;0;58;58;58
60;2014-01-29 09:43:00;909402N262;89;0.060;21;230;230;231;230;0.183;50.04;558.7;0.070;552.6;0.035;685.0;0.041;60;0;0;0.187;0.211;0.153;29;34;24;50.04;50.04;50.04;12708;1000;0.0;0;0.0000;0;0;60;60;60
60;2014-01-29 09:44:00;909402N262;90;0.060;21;231;231;232;230;0.179;50.05;558.2;0.071;552.6;0.035;689.2;0.042;60;0;0;0.191;0.206;0.142;30;34;23;50.05;50.05;50.05;12708;1000;0.0;0;0.0000;0;0;60;60;60
60;2014-01-29 09:45:00;909402N262;90;0.062;21;231;231;231;230;0.179;50.04;558.3;0.073;549.3;0.035;691.7;0.042;60;0;0;0.174;0.215;0.148;29;35;25;50.04;50.04;50.04;12708;1000;0.0;0;0.0000;0;0;62;62;62
60;2014-01-29 09:46:00;909402N262;89;0.062;21;231;232;232;230;0.214;50.03;552.1;0.074;537.1;0.036;661.3;0.042;60;0;0;0.252;0.250;0.140;29;38;20;50.03;50.03;50.03;12708;1000;0.0;0;0.0000;0;0;62;62;62
60;2014-01-29 09:47:00;909402N262;91;0.063;21;232;233;232;231;0.190;50.03;558.7;0.074;536.7;0.037;695.2;0.042;60;0;0;0.190;0.224;0.158;27;36;26;50.03;50.03;50.03;12708;1000;0.0;0;0.0000;0;0;63;63;63
60;2014-01-29 09:48:00;909402N262;92;0.066;21;232;232;232;231;0.266;50.03;559.9;0.074;531.5;0.038;681.8;0.043;60;0;0;0.326;0.298;0.175;27;41;22;50.03;50.03;50.03;12708;1000;0.0;0;0.0000;0;0;66;66;66
60;2014-01-29 09:49:00;909402N262;91;0.067;21;231;232;232;231;0.388;50.03;561.3;0.074;530.0;0.039;646.3;0.046;60;0;0;0.406;0.510;0.248;12;50;29;50.03;50.03;50.03;12708;1000;0.0;0;0.0000;0;0;67;67;67
60;2014-01-29 09:50:00;909402N262;92;0.068;21;231;231;232;230;0.354;50.04;561.2;0.074;532.6;0.039;648.2;0.046;60;0;0;0.292;0.520;0.251;11;48;32;50.04;50.04;50.04;12708;1000;0.0;0;0.0000;0;0;68;68;68
60;2014-01-29 09:51:00;909402N262;93;0.069;21;231;232;232;230;0.345;50.03;561.3;0.074;536.0;0.039;650.4;0.046;60;0;0;0.370;0.456;0.209;16;49;26;50.03;50.03;50.03;12708;1000;0.0;0;0.0000;0;0;69;69;69
60;2014-01-29 09:52:00;909402N262;93;0.072;21;231;232;232;230;0.342;50.03;561.1;0.075;537.4;0.039;654.1;0.046;60;0;0;0.402;0.411;0.213;19;46;27;50.03;50.03;50.03;12708;1000;0.0;0;0.0000;0;0;72;72;72
60;2014-01-29 09:53:00;909402N262;94;0.073;22;231;232;232;230;0.321;50.03;561.8;0.075;538.1;0.039;655.3;0.046;60;0;0;0.386;0.387;0.190;21;49;22;50.03;50.03;50.03;12708;1000;0.0;0;0.0000;0;0;73;73;73
60;2014-01-29 09:54:00;909402N262;94;0.076;22;231;232;232;230;0.277;50.03;561.5;0.076;538.4;0.039;658.3;0.046;60;0;0;0.311;0.346;0.175;24;45;24;50.03;50.03;50.03;12708;1000;0.0;0;0.0000;0;0;76;76;76
60;2014-01-29 09:55:00;909402N262;95;0.076;22;231;231;231;230;0.250;50.03;561.6;0.076;540.9;0.039;660.6;0.046;60;0;0;0.266;0.297;0.189;26;41;26;50.03;50.03;50.03;12708;1000;0.0;0;0.0000;0;0;76;76;76
60;2014-01-29 09:56:00;909402N262;95;0.077;22;231;232;231;231;0.250;50.02;561.9;0.076;540.2;0.039;663.2;0.046;60;0;0;0.277;0.274;0.199;27;38;27;50.02;50.02;50.02;12708;1000;0.0;0;0.0000;0;0;77;77;77
60;2014-01-29 09:57:00;909402N262;96;0.080;22;231;232;231;231;0.241;50.02;562.2;0.077;542.4;0.039;665.6;0.046;60;0;0;0.270;0.263;0.190;29;37;27;50.02;50.02;50.02;12708;1000;0.0;0;0.0000;0;0;80;80;80
60;2014-01-29 09:58:00;909402N262;96;0.080;22;231;232;231;231;0.235;50.02;562.7;0.077;544.0;0.039;666.9;0.046;60;0;0;0.247;0.258;0.202;28;37;29;50.02;50.02;50.02;12708;1000;0.0;0;0.0000;0;0;80;80;80
60;2014-01-29 09:59:00;909402N262;96;0.083;22;232;233;231;231;0.235;50.02;562.7;0.077;543.0;0.039;669.6;0.046;60;0;0;0.265;0.258;0.182;30;39;26;50.02;50.02;50.02;12708;1000;0.0;0;0.0000;0;0;83;83;83
60;2014-01-29 10:00:00;909402N262;96;0.084;22;231;232;231;231;0.222;50.02;562.7;0.077;544.2;0.039;670.8;0.046;60;0;0;0.226;0.256;0.184;28;39;27;50.02;50.02;50.02;12708;1000;0.0;0;0.0000;0;0;84;84;84
[wr_ende]
