20140622;170003;danfoss;My Plant;+0100
[wr_def_start]
909402N262;Inverter Type;Inverter Group;Hanzl
[wr_def_end]
[wr]
INTERVAL;TIMESTAMP;SERIAL;P_AC;E_DAY;T_WR;U_AC;U_AC_1;U_AC_2;U_AC_3;I_AC;F_AC;U_DC_1;I_DC_1;U_DC_2;I_DC_2;U_DC_3;I_DC_3;S;E_WR;M_WR;I_AC_1;I_AC_2;I_AC_3;P_AC_1;P_AC_2;P_AC_3;F_AC_1;F_AC_2;F_AC_3;R_DC;PC;PCS;PCS_LL;COS_PHI;COS_PHI_LL;S_COS_PHI;Current_Day_Energy;current_Day_Offset;ccEnergyOfDay_WithoutOffset
60;2014-06-22 16:01:00;909402N262;9017;55.524;52;236;236;236;237;12.721;50.01;488.6;7.401;594.7;4.098;731.6;4.299;60;0;0;12.665;12.778;12.721;2991;3014;3010;50.01;50.01;50.01;11353;1000;0.0;0;0.0000;0;0;55524;55524;55524
60;2014-06-22 16:02:00;909402N262;8974;55.674;52;236;235;236;236;12.687;50.01;492.9;7.272;609.3;4.003;737.0;4.213;60;0;0;12.635;12.731;12.695;2975;2999;2997;50.01;50.01;50.01;11353;1000;0.0;0;0.0000;0;0;55674;55674;55674
60;2014-06-22 16:03:00;909402N262;9054;55.824;52;236;236;236;236;12.798;50.01;492.9;7.333;609.2;4.042;737.7;4.248;60;0;0;12.749;12.841;12.804;3005;3024;3023;50.01;50.01;50.01;11353;1000;0.0;0;0.0000;0;0;55824;55824;55824
60;2014-06-22 16:04:00;909402N262;9143;55.977;52;236;236;236;236;12.926;49.99;492.7;7.406;609.7;4.083;737.8;4.288;60;0;0;12.888;12.961;12.929;3038;3052;3051;49.99;49.99;49.99;11353;1000;0.0;0;0.0000;0;0;55977;55977;55977
60;2014-06-22 16:05:00;909402N262;9074;56.129;52;236;236;235;236;12.835;49.99;492.9;7.345;610.3;4.044;738.2;4.256;60;0;0;12.805;12.870;12.830;3019;3029;3024;49.99;49.99;49.99;11353;1000;0.0;0;0.0000;0;0;56129;56129;56129
60;2014-06-22 16:06:00;909402N262;8953;56.278;52;236;236;235;236;12.668;50.00;492.1;7.265;609.6;3.991;737.0;4.204;60;0;0;12.633;12.698;12.675;2978;2986;2987;50.00;50.00;50.00;11353;1000;0.0;0;0.0000;0;0;56278;56278;56278
60;2014-06-22 16:07:00;909402N262;8293;56.417;52;235;236;235;236;11.750;49.99;492.5;6.745;609.4;3.687;735.0;3.895;60;0;0;11.712;11.792;11.747;2758;2766;2766;49.99;49.99;49.99;11353;1000;0.0;0;0.0000;0;0;56417;56417;56417
60;2014-06-22 16:08:00;909402N262;6743;56.529;52;235;235;235;235;9.570;49.99;495.3;5.523;608.2;3.006;731.5;3.133;60;0;0;9.525;9.610;9.577;2238;2254;2250;49.99;49.99;49.99;11353;1000;0.0;0;0.0000;0;0;56529;56529;56529
60;2014-06-22 16:09:00;909402N262;6327;56.634;52;235;235;235;236;8.973;49.98;497.1;5.190;608.8;2.805;731.6;2.936;60;0;0;8.941;8.991;8.987;2099;2115;2112;49.98;49.98;49.98;11353;1000;0.0;0;0.0000;0;0;56634;56634;56634
60;2014-06-22 16:10:00;909402N262;6743;56.747;52;235;235;235;235;9.568;49.98;498.8;5.490;611.1;2.967;734.7;3.134;60;0;0;9.543;9.594;9.568;2241;2254;2246;49.98;49.98;49.98;11353;1000;0.0;0;0.0000;0;0;56747;56747;56747
60;2014-06-22 16:11:00;909402N262;5621;56.841;52;235;235;235;235;7.999;49.99;503.4;4.587;612.0;2.484;735.1;2.548;60;0;0;7.968;8.041;7.988;1867;1880;1869;49.99;49.99;49.99;11353;1000;0.0;0;0.0000;0;0;56841;56841;56841
60;2014-06-22 16:12:00;909402N262;5040;56.925;52;235;235;235;235;7.183;49.97;506.3;4.104;612.3;2.203;736.1;2.292;60;0;0;7.143;7.232;7.175;1672;1689;1678;49.97;49.97;49.97;11353;1000;0.0;0;0.0000;0;0;56925;56925;56925
60;2014-06-22 16:13:00;909402N262;4051;56.993;52;235;235;235;235;5.798;49.98;508.4;3.313;611.2;1.761;734.1;1.832;60;0;0;5.747;5.851;5.798;1339;1360;1351;49.98;49.98;49.98;11353;1000;0.0;0;0.0000;0;0;56993;56993;56993
60;2014-06-22 16:14:00;909402N262;4686;57.071;51;235;235;235;235;6.680;50.00;511.9;3.802;616.2;2.032;740.6;2.105;60;0;0;6.644;6.708;6.689;1552;1573;1563;50.00;50.00;50.00;11353;1000;0.0;0;0.0000;0;0;57071;57071;57071
60;2014-06-22 16:15:00;909402N262;5538;57.164;51;235;235;235;235;7.881;49.99;513.9;4.432;621.1;2.375;747.5;2.483;60;0;0;7.832;7.925;7.886;1833;1854;1847;49.99;49.99;49.99;11353;1000;0.0;0;0.0000;0;0;57164;57164;57164
60;2014-06-22 16:16:00;909402N262;5302;57.252;51;235;235;235;235;7.553;49.98;511.8;4.294;609.2;2.302;745.0;2.406;60;0;0;7.501;7.593;7.567;1754;1778;1770;49.98;49.98;49.98;11353;1000;0.0;0;0.0000;0;0;57252;57252;57252
60;2014-06-22 16:17:00;909402N262;5669;57.348;51;235;235;235;235;8.062;49.98;517.0;4.524;623.7;2.421;751.4;2.543;60;0;0;8.020;8.105;8.063;1879;1900;1888;49.98;49.98;49.98;11353;1000;0.0;0;0.0000;0;0;57348;57348;57348
60;2014-06-22 16:18:00;909402N262;6733;57.459;51;235;236;236;235;9.542;49.98;515.9;5.339;626.0;2.871;755.8;3.023;60;0;0;9.505;9.595;9.526;2236;2256;2239;49.98;49.98;49.98;11353;1000;0.0;0;0.0000;0;0;57459;57459;57459
60;2014-06-22 16:19:00;909402N262;8017;57.593;51;236;236;236;236;11.338;49.98;512.2;6.345;626.4;3.439;756.9;3.617;60;0;0;11.303;11.393;11.319;2663;2684;2665;49.98;49.98;49.98;11353;1000;0.0;0;0.0000;0;0;57593;57593;57593
60;2014-06-22 16:20:00;909402N262;8441;57.734;51;236;236;236;236;11.946;49.99;510.1;6.702;624.8;3.645;755.2;3.834;60;0;0;11.909;11.999;11.932;2804;2825;2810;49.99;49.99;49.99;11353;1000;0.0;0;0.0000;0;0;57734;57734;57734
60;2014-06-22 16:21:00;909402N262;8771;57.880;51;236;236;236;236;12.411;50.00;507.1;6.967;623.5;3.789;753.7;4.013;60;0;0;12.356;12.481;12.396;2910;2940;2920;50.00;50.00;50.00;11353;1000;0.0;0;0.0000;0;0;57880;57880;57880
60;2014-06-22 16:22:00;909402N262;8660;58.024;51;236;236;236;236;12.248;50.01;504.9;6.903;621.3;3.756;752.2;3.975;60;0;0;12.186;12.319;12.239;2869;2905;2884;50.01;50.01;50.01;11353;1000;0.0;0;0.0000;0;0;58024;58024;58024
60;2014-06-22 16:23:00;909402N262;8587;58.168;51;236;236;236;236;12.140;49.99;503.0;6.864;618.7;3.744;749.0;3.959;60;0;0;12.080;12.211;12.129;2845;2881;2859;49.99;49.99;49.99;11353;1000;0.0;0;0.0000;0;0;58168;58168;58168
60;2014-06-22 16:24:00;909402N262;8505;58.309;51;236;236;236;236;12.023;49.99;500.9;6.817;616.6;3.721;746.5;3.938;60;0;0;11.971;12.089;12.010;2822;2851;2830;49.99;49.99;49.99;11353;1000;0.0;0;0.0000;0;0;58309;58309;58309
60;2014-06-22 16:25:00;909402N262;8408;58.449;51;236;236;236;236;11.891;49.97;499.9;6.751;615.4;3.685;744.5;3.906;60;0;0;11.854;11.938;11.883;2794;2814;2799;49.97;49.97;49.97;11353;1000;0.0;0;0.0000;0;0;58449;58449;58449
60;2014-06-22 16:26:00;909402N262;8354;58.589;51;236;236;236;236;11.813;49.99;500.3;6.705;616.3;3.657;744.5;3.879;60;0;0;11.766;11.859;11.816;2774;2793;2785;49.99;49.99;49.99;11353;1000;0.0;0;0.0000;0;0;58589;58589;58589
60;2014-06-22 16:27:00;909402N262;8303;58.727;51;236;236;236;236;11.735;49.99;499.8;6.671;616.4;3.634;744.0;3.856;60;0;0;11.690;11.782;11.734;2758;2776;2767;49.99;49.99;49.99;11353;1000;0.0;0;0.0000;0;0;58727;58727;58727
60;2014-06-22 16:28:00;909402N262;8249;58.864;51;236;236;236;236;11.667;49.99;499.1;6.634;616.2;3.613;743.5;3.832;60;0;0;11.623;11.721;11.657;2741;2759;2747;49.99;49.99;49.99;11353;1000;0.0;0;0.0000;0;0;58864;58864;58864
60;2014-06-22 16:29:00;909402N262;8244;59.002;51;236;236;236;236;11.662;50.00;499.0;6.633;615.7;3.614;743.0;3.830;60;0;0;11.617;11.720;11.650;2738;2760;2744;50.00;50.00;50.00;11353;1000;0.0;0;0.0000;0;0;59002;59002;59002
60;2014-06-22 16:30:00;909402N262;8260;59.140;51;236;236;236;235;11.688;49.99;498.7;6.652;614.6;3.629;741.2;3.847;60;0;0;11.655;11.745;11.666;2746;2766;2746;49.99;49.99;49.99;11353;1000;0.0;0;0.0000;0;0;59140;59140;59140
60;2014-06-22 16:31:00;909402N262;8209;59.276;51;236;236;236;236;11.618;49.98;493.5;6.672;607.6;3.650;740.6;3.871;60;0;0;11.576;11.676;11.604;2726;2748;2732;49.98;49.98;49.98;11353;1000;0.0;0;0.0000;0;0;59276;59276;59276
60;2014-06-22 16:32:00;909402N262;8317;59.414;51;236;236;236;236;11.782;50.00;498.7;6.698;613.8;3.660;740.5;3.879;60;0;0;11.735;11.839;11.772;2762;2784;2769;50.00;50.00;50.00;11353;1000;0.0;0;0.0000;0;0;59414;59414;59414
60;2014-06-22 16:33:00;909402N262;8329;59.554;51;236;236;236;236;11.796;50.01;498.5;6.704;613.8;3.667;740.2;3.886;60;0;0;11.749;11.854;11.785;2766;2788;2774;50.01;50.01;50.01;11353;1000;0.0;0;0.0000;0;0;59554;59554;59554
60;2014-06-22 16:34:00;909402N262;8361;59.693;51;236;236;236;236;11.838;50.00;499.4;6.718;614.6;3.678;740.8;3.898;60;0;0;11.799;11.892;11.824;2779;2798;2783;50.00;50.00;50.00;11353;1000;0.0;0;0.0000;0;0;59693;59693;59693
60;2014-06-22 16:35:00;909402N262;7820;59.823;51;236;236;236;235;11.087;50.00;499.5;6.293;613.0;3.442;738.9;3.646;60;0;0;11.055;11.146;11.062;2604;2619;2596;50.00;50.00;50.00;11353;1000;0.0;0;0.0000;0;0;59823;59823;59823
60;2014-06-22 16:36:00;909402N262;7007;59.940;51;235;236;235;236;9.946;49.99;499.8;5.656;611.0;3.091;736.6;3.270;60;0;0;9.905;9.983;9.951;2326;2344;2337;49.99;49.99;49.99;11353;1000;0.0;0;0.0000;0;0;59940;59940;59940
60;2014-06-22 16:37:00;909402N262;5847;60.038;51;235;235;235;236;8.319;49.99;502.6;4.738;610.1;2.597;734.7;2.689;60;0;0;8.280;8.329;8.349;1936;1956;1957;49.99;49.99;49.99;11353;1000;0.0;0;0.0000;0;0;60038;60038;60038
60;2014-06-22 16:38:00;909402N262;6178;60.140;51;235;235;235;236;8.791;49.99;506.6;4.957;614.3;2.708;739.7;2.838;60;0;0;8.744;8.808;8.822;2044;2059;2073;49.99;49.99;49.99;11353;1000;0.0;0;0.0000;0;0;60140;60140;60140
60;2014-06-22 16:39:00;909402N262;7290;60.261;51;235;235;235;236;10.349;49.97;507.5;5.814;617.6;3.178;744.3;3.357;60;0;0;10.311;10.369;10.369;2419;2427;2443;49.97;49.97;49.97;11353;1000;0.0;0;0.0000;0;0;60261;60261;60261
60;2014-06-22 16:40:00;909402N262;7861;60.391;51;236;235;235;236;11.140;49.98;506.1;6.263;618.1;3.422;745.2;3.631;60;0;0;11.083;11.176;11.161;2603;2624;2632;49.98;49.98;49.98;11353;1000;0.0;0;0.0000;0;0;60391;60391;60391
60;2014-06-22 16:41:00;909402N262;7823;60.521;51;236;235;236;236;11.083;49.98;506.0;6.228;618.1;3.409;745.5;3.604;60;0;0;10.989;11.169;11.093;2577;2628;2615;49.98;49.98;49.98;11353;1000;0.0;0;0.0000;0;0;60521;60521;60521
60;2014-06-22 16:42:00;909402N262;6853;60.636;51;236;235;235;236;9.731;49.98;506.5;5.482;616.3;2.993;742.0;3.152;60;0;0;9.673;9.774;9.748;2268;2289;2294;49.98;49.98;49.98;11353;1000;0.0;0;0.0000;0;0;60636;60636;60636
60;2014-06-22 16:43:00;909402N262;7974;60.769;51;236;235;236;236;11.296;49.98;505.2;6.362;617.9;3.472;745.2;3.688;60;0;0;11.236;11.350;11.304;2640;2670;2662;49.98;49.98;49.98;11353;1000;0.0;0;0.0000;0;0;60769;60769;60769
60;2014-06-22 16:44:00;909402N262;8154;60.905;51;236;235;236;236;11.554;49.98;503.1;6.523;617.0;3.556;744.7;3.782;60;0;0;11.496;11.614;11.552;2701;2732;2720;49.98;49.98;49.98;11353;1000;0.0;0;0.0000;0;0;60905;60905;60905
60;2014-06-22 16:45:00;909402N262;8101;61.040;51;236;235;236;236;11.485;49.98;502.0;6.493;615.2;3.544;743.3;3.765;60;0;0;11.426;11.555;11.474;2683;2718;2699;49.98;49.98;49.98;11353;1000;0.0;0;0.0000;0;0;61040;61040;61040
60;2014-06-22 16:46:00;909402N262;8003;61.173;51;236;235;236;236;11.310;49.99;498.5;6.465;600.9;3.554;742.1;3.752;60;0;0;11.247;11.366;11.318;2644;2682;2666;49.99;49.99;49.99;11353;1000;0.0;0;0.0000;0;0;61173;61173;61173
60;2014-06-22 16:47:00;909402N262;8025;61.306;51;236;236;236;236;11.336;50.00;500.7;6.441;613.5;3.521;741.7;3.739;60;0;0;11.278;11.388;11.343;2659;2686;2678;50.00;50.00;50.00;11353;1000;0.0;0;0.0000;0;0;61306;61306;61306
60;2014-06-22 16:48:00;909402N262;7982;61.440;51;236;236;236;236;11.290;50.00;500.1;6.413;613.2;3.505;740.4;3.725;60;0;0;11.238;11.333;11.299;2648;2667;2665;50.00;50.00;50.00;11353;1000;0.0;0;0.0000;0;0;61440;61440;61440
60;2014-06-22 16:49:00;909402N262;7952;61.572;51;236;236;236;236;11.245;49.99;500.4;6.389;613.0;3.490;740.2;3.711;60;0;0;11.196;11.290;11.250;2638;2658;2654;49.99;49.99;49.99;11353;1000;0.0;0;0.0000;0;0;61572;61572;61572
60;2014-06-22 16:50:00;909402N262;7899;61.704;51;236;236;236;236;11.162;50.01;500.8;6.346;613.2;3.467;739.9;3.685;60;0;0;11.120;11.201;11.165;2623;2639;2636;50.01;50.01;50.01;11353;1000;0.0;0;0.0000;0;0;61704;61704;61704
60;2014-06-22 16:51:00;909402N262;7850;61.835;51;236;236;235;236;11.103;50.02;502.6;6.283;613.2;3.443;739.7;3.665;60;0;0;11.058;11.141;11.110;2606;2621;2620;50.02;50.02;50.02;11353;1000;0.0;0;0.0000;0;0;61835;61835;61835
60;2014-06-22 16:52:00;909402N262;7782;61.965;51;236;236;235;236;11.016;50.02;507.7;6.168;614.3;3.406;740.1;3.629;60;0;0;10.973;11.051;11.024;2584;2597;2598;50.02;50.02;50.02;11353;1000;0.0;0;0.0000;0;0;61965;61965;61965
60;2014-06-22 16:53:00;909402N262;7719;62.093;51;236;236;236;236;10.922;50.01;512.0;6.065;614.7;3.379;739.8;3.601;60;0;0;10.877;10.973;10.916;2563;2582;2572;50.01;50.01;50.01;11353;1000;0.0;0;0.0000;0;0;62093;62093;62093
60;2014-06-22 16:54:00;909402N262;7639;62.221;51;235;236;236;235;10.820;50.00;515.4;5.952;614.5;3.353;739.1;3.567;60;0;0;10.796;10.888;10.777;2543;2563;2531;50.00;50.00;50.00;11353;1000;0.0;0;0.0000;0;0;62221;62221;62221
60;2014-06-22 16:55:00;909402N262;7632;62.348;51;236;236;236;235;10.803;50.00;518.5;5.893;615.0;3.352;739.4;3.567;60;0;0;10.779;10.869;10.763;2541;2559;2530;50.00;50.00;50.00;11353;1000;0.0;0;0.0000;0;0;62348;62348;62348
60;2014-06-22 16:56:00;909402N262;7710;62.477;51;235;236;235;235;10.920;49.99;521.4;5.900;615.4;3.391;739.5;3.614;60;0;0;10.895;10.976;10.890;2567;2582;2558;49.99;49.99;49.99;11353;1000;0.0;0;0.0000;0;0;62477;62477;62477
60;2014-06-22 16:57:00;909402N262;7723;62.605;51;235;236;236;235;10.936;49.99;525.8;5.839;617.0;3.392;741.7;3.619;60;0;0;10.912;10.994;10.904;2571;2587;2562;49.99;49.99;49.99;11353;1000;0.0;0;0.0000;0;0;62605;62605;62605
60;2014-06-22 16:58:00;909402N262;7692;62.734;51;236;236;236;235;10.888;50.00;512.4;5.970;617.8;3.377;742.5;3.605;60;0;0;10.854;10.955;10.857;2558;2580;2552;50.00;50.00;50.00;11353;1000;0.0;0;0.0000;0;0;62734;62734;62734
60;2014-06-22 16:59:00;909402N262;7738;62.862;51;236;236;236;235;10.949;50.00;498.0;6.172;617.8;3.396;743.0;3.627;60;0;0;10.908;11.016;10.923;2573;2596;2569;50.00;50.00;50.00;11353;1000;0.0;0;0.0000;0;0;62862;62862;62862
60;2014-06-22 17:00:00;909402N262;7820;62.993;51;236;236;236;235;11.068;50.01;508.9;6.070;618.2;3.443;743.5;3.672;60;0;0;11.022;11.142;11.040;2599;2625;2594;50.01;50.01;50.01;11353;1000;0.0;0;0.0000;0;0;62993;62993;62993
[wr_ende]
