20140112;080005;danfoss;My Plant;+0100
[wr_def_start]
909402N262;Inverter Type;Inverter Group;Hanzl
[wr_def_end]
[wr]
INTERVAL;TIMESTAMP;SERIAL;P_AC;E_DAY;T_WR;U_AC;U_AC_1;U_AC_2;U_AC_3;I_AC;F_AC;U_DC_1;I_DC_1;U_DC_2;I_DC_2;U_DC_3;I_DC_3;S;E_WR;M_WR;I_AC_1;I_AC_2;I_AC_3;P_AC_1;P_AC_2;P_AC_3;F_AC_1;F_AC_2;F_AC_3;R_DC;PC;PCS;PCS_LL;COS_PHI;COS_PHI_LL;S_COS_PHI;Current_Day_Energy;current_Day_Offset;ccEnergyOfDay_WithoutOffset
60;2014-01-12 07:17:00;909402N262;0;0.000;0;0;0;0;0;0.000;0.08;0.3;0.000;0.2;0.000;0.0;0.000;50;0;0;0.000;0.000;0.000;0;0;0;0.08;0.08;0.08;48;1000;0.0;0;0.0000;0;0;0;0;0
60;2014-01-12 07:18:00;909402N262;0;0.000;13;234;234;236;233;0.000;49.99;228.2;0.000;227.6;0.000;37.7;0.000;50;0;0;0.000;0.000;0.000;0;0;0;49.99;49.99;49.99;0;1000;0.0;0;0.0000;0;0;0;0;0
60;2014-01-12 07:19:00;909402N262;0;0.000;13;234;235;236;233;0.000;50.00;227.9;0.000;227.3;0.000;37.9;0.000;50;0;0;0.000;0.000;0.000;0;0;0;50.00;50.00;50.00;0;1000;0.0;0;0.0000;0;0;0;0;0
60;2014-01-12 07:20:00;909402N262;0;0.000;14;234;235;236;232;0.000;50.00;228.6;0.000;228.1;0.000;38.0;0.000;50;0;0;0.000;0.000;0.000;0;0;0;50.00;50.00;50.00;0;1000;0.0;0;0.0000;0;0;0;0;0
60;2014-01-12 07:21:00;909402N262;0;0.000;14;234;234;236;233;0.000;50.00;227.9;0.000;227.3;0.000;38.1;0.000;50;0;0;0.000;0.000;0.000;0;0;0;50.00;50.00;50.00;0;1000;0.0;0;0.0000;0;0;0;0;0
60;2014-01-12 07:22:00;909402N262;0;0.000;15;234;234;236;233;0.000;50.00;228.5;0.000;227.9;0.000;38.3;0.000;50;0;0;0.000;0.000;0.000;0;0;0;50.00;50.00;50.00;0;1000;0.0;0;0.0000;0;0;0;0;0
60;2014-01-12 07:23:00;909402N262;0;0.000;15;234;235;236;233;0.000;50.00;228.4;0.000;227.8;0.000;38.5;0.000;50;0;0;0.000;0.000;0.000;0;0;0;50.00;50.00;50.00;0;1000;0.0;0;0.0000;0;0;0;0;0
60;2014-01-12 07:24:00;909402N262;0;0.000;16;234;235;235;232;0.000;50.00;228.9;0.000;228.3;0.000;38.8;0.000;50;0;0;0.000;0.000;0.000;0;0;0;50.00;50.00;50.00;0;1000;0.0;0;0.0000;0;0;0;0;0
60;2014-01-12 07:25:00;909402N262;0;0.000;16;234;235;235;232;0.000;49.99;228.2;0.000;227.7;0.000;38.8;0.000;50;0;0;0.000;0.000;0.000;0;0;0;49.99;49.99;49.99;0;1000;0.0;0;0.0000;0;0;0;0;0
60;2014-01-12 07:26:00;909402N262;0;0.000;16;234;234;236;233;0.000;49.99;230.8;0.000;230.2;0.000;39.3;0.000;50;0;0;0.000;0.000;0.000;0;0;0;49.99;49.99;49.99;0;1000;0.0;0;0.0000;0;0;0;0;0
60;2014-01-12 07:27:00;909402N262;0;0.000;16;234;234;236;233;0.000;49.99;229.9;0.000;229.4;0.000;39.5;0.000;50;0;0;0.000;0.000;0.000;0;0;0;49.99;49.99;49.99;0;1000;0.0;0;0.0000;0;0;0;0;0
60;2014-01-12 07:28:00;909402N262;0;0.000;17;234;234;235;233;0.000;49.98;229.4;0.000;228.9;0.000;39.3;0.000;50;0;0;0.000;0.000;0.000;0;0;0;49.98;49.98;49.98;0;1000;0.0;0;0.0000;0;0;0;0;0
60;2014-01-12 07:29:00;909402N262;0;0.000;17;234;234;235;233;0.000;49.98;232.0;0.000;231.4;0.000;39.8;0.000;50;0;0;0.000;0.000;0.000;0;0;0;49.98;49.98;49.98;0;1000;0.0;0;0.0000;0;0;0;0;0
60;2014-01-12 07:30:00;909402N262;0;0.000;17;234;234;235;233;0.000;49.97;234.4;0.000;233.8;0.000;40.4;0.000;50;0;0;0.000;0.000;0.000;0;0;0;49.97;49.97;49.97;0;1000;0.0;0;0.0000;0;0;0;0;0
60;2014-01-12 07:31:00;909402N262;0;0.000;17;234;234;235;233;0.000;49.97;237.3;0.000;236.8;0.000;40.9;0.000;50;0;0;0.000;0.000;0.000;0;0;0;49.97;49.97;49.97;0;1000;0.0;0;0.0000;0;0;0;0;0
60;2014-01-12 07:32:00;909402N262;0;0.000;17;235;234;236;234;0.000;49.99;233.2;0.000;232.7;0.000;40.7;0.000;50;0;0;0.000;0.000;0.000;0;0;0;49.99;49.99;49.99;0;1000;0.0;0;0.0000;0;0;0;0;0
60;2014-01-12 07:33:00;909402N262;0;0.000;17;235;234;236;234;0.000;49.98;227.6;0.000;227.0;0.000;39.8;0.000;50;0;0;0.000;0.000;0.000;0;0;0;49.98;49.98;49.98;0;1000;0.0;0;0.0000;0;0;0;0;0
60;2014-01-12 07:34:00;909402N262;0;0.000;17;235;235;235;234;0.000;49.99;230.7;0.000;230.2;0.000;40.3;0.000;50;0;0;0.000;0.000;0.000;0;0;0;49.99;49.99;49.99;0;1000;0.0;0;0.0000;0;0;0;0;0
60;2014-01-12 07:35:00;909402N262;0;0.000;17;234;234;235;234;0.000;49.99;232.8;0.000;232.2;0.000;40.9;0.000;50;0;0;0.000;0.000;0.000;0;0;0;49.99;49.99;49.99;0;1000;0.0;0;0.0000;0;0;0;0;0
60;2014-01-12 07:36:00;909402N262;0;0.000;18;235;235;236;234;0.000;49.99;237.0;0.000;236.5;0.000;41.5;0.000;50;0;0;0.000;0.000;0.000;0;0;0;49.99;49.99;49.99;0;1000;0.0;0;0.0000;0;0;0;0;0
60;2014-01-12 07:37:00;909402N262;0;0.000;18;235;234;236;234;0.000;49.99;251.9;0.000;251.5;0.000;44.8;0.000;50;0;0;0.000;0.000;0.000;0;0;0;49.99;49.99;49.99;0;1000;0.0;0;0.0000;0;0;0;0;0
60;2014-01-12 07:38:00;909402N262;0;0.000;18;232;231;234;231;0.005;49.99;432.9;0.001;451.0;0.000;37.8;0.000;51;0;0;0.005;0.005;0.005;0;0;0;49.99;49.99;49.99;1466;1000;0.0;0;0.0000;0;0;0;0;0
60;2014-01-12 07:39:00;909402N262;9;0.000;18;232;232;233;231;0.024;49.99;473.1;0.023;495.4;0.011;0.0;0.000;60;0;0;0.066;0.005;0.001;8;0;0;49.99;49.99;49.99;10452;1000;0.0;0;0.0000;0;0;0;0;0
60;2014-01-12 07:40:00;909402N262;26;0.000;18;232;232;232;232;0.065;49.99;492.4;0.042;509.0;0.023;0.0;0.000;60;0;0;0.143;0.046;0.007;20;6;0;49.99;49.99;49.99;10452;1000;0.0;0;0.0000;0;0;0;0;0
60;2014-01-12 07:41:00;909402N262;27;0.000;18;232;231;232;233;0.094;50.00;494.8;0.044;503.7;0.025;0.0;0.000;60;0;0;0.000;0.137;0.146;0;19;8;50.00;50.00;50.00;10452;1000;0.0;0;0.0000;0;0;0;0;0
60;2014-01-12 07:42:00;909402N262;18;0.000;18;232;231;231;233;0.087;50.00;481.1;0.035;491.6;0.017;0.0;0.000;60;0;0;0.004;0.108;0.149;0;13;5;50.00;50.00;50.00;10452;1000;0.0;0;0.0000;0;0;0;0;0
60;2014-01-12 07:43:00;909402N262;15;0.000;18;232;231;231;233;0.082;50.01;487.3;0.031;493.0;0.015;0.0;0.000;60;0;0;0.072;0.076;0.098;9;8;1;50.01;50.01;50.01;10452;1000;0.0;0;0.0000;0;0;0;0;0
60;2014-01-12 07:44:00;909402N262;19;0.001;18;232;231;232;233;0.089;50.01;489.8;0.036;495.0;0.018;0.0;0.000;60;0;0;0.045;0.091;0.131;5;11;3;50.01;50.01;50.01;10452;1000;0.0;0;0.0000;0;0;1;1;1
60;2014-01-12 07:45:00;909402N262;22;0.001;18;232;232;231;233;0.114;50.01;483.9;0.040;502.6;0.020;0.0;0.000;60;0;0;0.095;0.099;0.149;8;11;3;50.01;50.01;50.01;10452;1000;0.0;0;0.0000;0;0;1;1;1
60;2014-01-12 07:46:00;909402N262;17;0.001;18;232;233;231;233;0.095;50.00;487.4;0.035;484.1;0.016;0.0;0.000;60;0;0;0.087;0.069;0.129;5;8;4;50.00;50.00;50.00;10452;1000;0.0;0;0.0000;0;0;1;1;1
60;2014-01-12 07:47:00;909402N262;17;0.002;18;232;233;231;233;0.099;50.00;492.0;0.034;503.0;0.015;0.0;0.000;60;0;0;0.088;0.074;0.137;6;8;3;50.00;50.00;50.00;10452;1000;0.0;0;0.0000;0;0;2;2;2
60;2014-01-12 07:48:00;909402N262;23;0.002;18;232;232;232;233;0.121;50.00;497.1;0.041;494.3;0.019;0.0;0.000;60;0;0;0.096;0.092;0.177;9;10;4;50.00;50.00;50.00;10452;1000;0.0;0;0.0000;0;0;2;2;2
60;2014-01-12 07:49:00;909402N262;34;0.002;18;232;232;232;233;0.133;50.01;514.7;0.052;508.1;0.027;0.0;0.000;60;0;0;0.102;0.078;0.220;12;7;13;50.01;50.01;50.01;10452;1000;0.0;0;0.0000;0;0;2;2;2
60;2014-01-12 07:50:00;909402N262;44;0.003;18;232;232;232;233;0.158;50.01;523.3;0.063;520.6;0.035;0.0;0.000;60;0;0;0.129;0.134;0.212;14;13;15;50.01;50.01;50.01;10452;1000;0.0;0;0.0000;0;0;3;3;3
60;2014-01-12 07:51:00;909402N262;55;0.005;18;232;232;232;233;0.203;50.00;531.2;0.075;544.4;0.041;0.0;0.000;60;0;0;0.175;0.134;0.300;22;11;20;50.00;50.00;50.00;10452;1000;0.0;0;0.0000;0;0;5;5;5
60;2014-01-12 07:52:00;909402N262;71;0.005;19;232;232;232;233;0.251;50.00;543.0;0.091;558.1;0.052;0.0;0.000;60;0;0;0.225;0.171;0.357;28;14;27;50.00;50.00;50.00;10452;1000;0.0;0;0.0000;0;0;5;5;5
60;2014-01-12 07:53:00;909402N262;93;0.008;19;232;232;232;234;0.289;49.99;552.4;0.113;575.6;0.066;0.0;0.000;60;0;0;0.257;0.258;0.352;34;29;28;49.99;49.99;49.99;10452;1000;0.0;0;0.0000;0;0;8;8;8
60;2014-01-12 07:54:00;909402N262;113;0.008;19;232;232;231;234;0.341;49.99;551.0;0.134;585.8;0.081;0.0;0.000;60;0;0;0.332;0.333;0.358;45;42;24;49.99;49.99;49.99;10452;1000;0.0;0;0.0000;0;0;8;8;8
60;2014-01-12 07:55:00;909402N262;133;0.011;19;232;232;231;233;0.396;50.00;560.2;0.153;594.8;0.094;0.0;0.000;60;0;0;0.417;0.404;0.367;53;54;24;50.00;50.00;50.00;10452;1000;0.0;0;0.0000;0;0;11;11;11
60;2014-01-12 07:56:00;909402N262;150;0.013;19;232;232;231;233;0.418;50.01;564.7;0.169;600.6;0.105;0.0;0.000;60;0;0;0.437;0.359;0.460;58;47;42;50.01;50.01;50.01;10452;1000;0.0;0;0.0000;0;0;13;13;13
60;2014-01-12 07:57:00;909402N262;151;0.016;19;232;232;231;233;0.421;50.02;570.2;0.168;603.6;0.107;0.0;0.000;60;0;0;0.445;0.395;0.424;59;54;37;50.02;50.02;50.02;10452;1000;0.0;0;0.0000;0;0;16;16;16
60;2014-01-12 07:58:00;909402N262;144;0.018;19;232;232;231;233;0.401;50.00;550.8;0.167;594.5;0.102;0.0;0.000;60;0;0;0.450;0.420;0.333;59;57;27;50.00;50.00;50.00;10452;1000;0.0;0;0.0000;0;0;18;18;18
60;2014-01-12 07:59:00;909402N262;136;0.021;19;232;232;232;233;0.366;50.01;548.6;0.160;595.9;0.096;0.0;0.000;60;0;0;0.333;0.437;0.330;42;57;35;50.01;50.01;50.01;10452;1000;0.0;0;0.0000;0;0;21;21;21
60;2014-01-12 08:00:00;909402N262;134;0.024;19;232;231;232;233;0.377;50.02;553.0;0.158;591.5;0.093;0.0;0.000;60;0;0;0.364;0.379;0.388;49;46;37;50.02;50.02;50.02;10452;1000;0.0;0;0.0000;0;0;24;24;24
[wr_ende]
