20140703;190004;danfoss;My Plant;+0100
[wr_def_start]
909402N262;Inverter Type;Inverter Group;Hanzl
[wr_def_end]
[wr]
INTERVAL;TIMESTAMP;SERIAL;P_AC;E_DAY;T_WR;U_AC;U_AC_1;U_AC_2;U_AC_3;I_AC;F_AC;U_DC_1;I_DC_1;U_DC_2;I_DC_2;U_DC_3;I_DC_3;S;E_WR;M_WR;I_AC_1;I_AC_2;I_AC_3;P_AC_1;P_AC_2;P_AC_3;F_AC_1;F_AC_2;F_AC_3;R_DC;PC;PCS;PCS_LL;COS_PHI;COS_PHI_LL;S_COS_PHI;Current_Day_Energy;current_Day_Offset;ccEnergyOfDay_WithoutOffset
60;2014-07-03 18:01:00;909402N262;5076;62.754;50;235;235;235;236;7.238;50.03;470.4;4.317;615.8;2.216;762.3;2.329;60;0;0;7.187;7.270;7.258;1678;1699;1698;50.03;50.03;50.03;7423;1000;0.0;0;0.0000;0;0;62754;62754;62754
60;2014-07-03 18:02:00;909402N262;5166;62.840;50;236;235;236;236;7.364;50.03;473.8;4.343;628.5;2.224;761.2;2.349;60;0;0;7.311;7.404;7.377;1707;1731;1726;50.03;50.03;50.03;7423;1000;0.0;0;0.0000;0;0;62840;62840;62840
60;2014-07-03 18:03:00;909402N262;5131;62.925;50;236;235;236;236;7.315;50.03;474.0;4.310;628.6;2.206;761.4;2.335;60;0;0;7.267;7.353;7.325;1697;1718;1714;50.03;50.03;50.03;7423;1000;0.0;0;0.0000;0;0;62925;62925;62925
60;2014-07-03 18:04:00;909402N262;5082;63.011;49;236;235;236;236;7.242;50.02;477.2;4.236;629.0;2.182;761.5;2.313;60;0;0;7.200;7.273;7.254;1681;1700;1698;50.02;50.02;50.02;7423;1000;0.0;0;0.0000;0;0;63011;63011;63011
60;2014-07-03 18:05:00;909402N262;5045;63.094;49;236;235;236;236;7.194;50.02;481.4;4.161;629.3;2.167;761.9;2.299;60;0;0;7.149;7.228;7.207;1669;1688;1686;50.02;50.02;50.02;7423;1000;0.0;0;0.0000;0;0;63094;63094;63094
60;2014-07-03 18:06:00;909402N262;5011;63.178;49;235;235;235;236;7.150;50.01;486.6;4.081;630.2;2.151;762.8;2.283;60;0;0;7.106;7.179;7.166;1657;1676;1676;50.01;50.01;50.01;7423;1000;0.0;0;0.0000;0;0;63178;63178;63178
60;2014-07-03 18:07:00;909402N262;4966;63.261;49;235;235;235;236;7.090;50.00;489.5;4.010;630.5;2.134;763.7;2.265;60;0;0;7.036;7.130;7.105;1641;1664;1660;50.00;50.00;50.00;7423;1000;0.0;0;0.0000;0;0;63261;63261;63261
60;2014-07-03 18:08:00;909402N262;4913;63.342;49;235;235;236;236;7.016;50.01;486.6;3.971;630.7;2.117;763.8;2.245;60;0;0;6.963;7.056;7.029;1622;1647;1642;50.01;50.01;50.01;7423;1000;0.0;0;0.0000;0;0;63342;63342;63342
60;2014-07-03 18:09:00;909402N262;4832;63.423;49;235;235;235;236;6.900;50.00;468.5;4.019;631.5;2.093;764.3;2.222;60;0;0;6.850;6.932;6.920;1596;1617;1617;50.00;50.00;50.00;7423;1000;0.0;0;0.0000;0;0;63423;63423;63423
60;2014-07-03 18:10:00;909402N262;4786;63.503;49;235;235;236;236;6.835;50.01;459.3;4.065;631.8;2.067;764.4;2.198;60;0;0;6.774;6.873;6.860;1576;1603;1603;50.01;50.01;50.01;7423;1000;0.0;0;0.0000;0;0;63503;63503;63503
60;2014-07-03 18:11:00;909402N262;4736;63.582;49;235;233;236;236;6.773;50.01;459.3;4.026;631.9;2.043;764.4;2.176;60;0;0;6.678;6.832;6.811;1544;1599;1591;50.01;50.01;50.01;7423;1000;0.0;0;0.0000;0;0;63582;63582;63582
60;2014-07-03 18:12:00;909402N262;4690;63.659;49;235;234;237;236;6.697;50.01;459.4;3.986;631.7;2.023;764.1;2.155;60;0;0;6.592;6.761;6.740;1526;1584;1577;50.01;50.01;50.01;7423;1000;0.0;0;0.0000;0;0;63659;63659;63659
60;2014-07-03 18:13:00;909402N262;4639;63.737;49;236;234;236;236;6.624;50.01;460.6;3.934;631.8;2.001;764.7;2.131;60;0;0;6.546;6.673;6.654;1520;1561;1557;50.01;50.01;50.01;7423;1000;0.0;0;0.0000;0;0;63737;63737;63737
60;2014-07-03 18:14:00;909402N262;4593;63.814;49;235;234;236;236;6.564;50.01;460.2;3.897;631.3;1.983;764.9;2.109;60;0;0;6.469;6.622;6.601;1497;1550;1544;50.01;50.01;50.01;7423;1000;0.0;0;0.0000;0;0;63814;63814;63814
60;2014-07-03 18:15:00;909402N262;4558;63.891;49;235;233;236;236;6.519;50.00;459.5;3.872;631.3;1.967;764.7;2.094;60;0;0;6.415;6.582;6.560;1482;1541;1534;50.00;50.00;50.00;7423;1000;0.0;0;0.0000;0;0;63891;63891;63891
60;2014-07-03 18:16:00;909402N262;4485;63.965;49;235;233;237;236;6.411;50.00;458.2;3.847;620.1;1.964;759.5;2.089;60;0;0;6.302;6.479;6.454;1455;1520;1509;50.00;50.00;50.00;7423;1000;0.0;0;0.0000;0;0;63965;63965;63965
60;2014-07-03 18:17:00;909402N262;4486;64.039;49;235;233;236;236;6.424;49.99;457.8;3.815;630.6;1.939;764.5;2.068;60;0;0;6.315;6.506;6.452;1456;1521;1506;49.99;49.99;49.99;7423;1000;0.0;0;0.0000;0;0;64039;64039;64039
60;2014-07-03 18:18:00;909402N262;4402;64.113;49;235;233;236;236;6.304;49.99;450.0;3.769;630.5;1.916;764.3;2.043;60;0;0;6.208;6.378;6.327;1434;1489;1477;49.99;49.99;49.99;7423;1000;0.0;0;0.0000;0;0;64113;64113;64113
60;2014-07-03 18:19:00;909402N262;4352;64.186;49;235;234;235;236;6.242;49.99;450.2;3.726;630.3;1.894;763.7;2.021;60;0;0;6.155;6.293;6.278;1422;1464;1465;49.99;49.99;49.99;7423;1000;0.0;0;0.0000;0;0;64186;64186;64186
60;2014-07-03 18:20:00;909402N262;4333;64.257;49;235;233;235;236;6.223;49.99;450.1;3.710;630.3;1.884;763.8;2.012;60;0;0;6.128;6.277;6.266;1411;1460;1460;49.99;49.99;49.99;7423;1000;0.0;0;0.0000;0;0;64257;64257;64257
60;2014-07-03 18:21:00;909402N262;4302;64.330;49;235;233;236;236;6.178;50.00;450.8;3.679;630.4;1.870;764.3;1.995;60;0;0;6.076;6.246;6.214;1397;1455;1448;50.00;50.00;50.00;7423;1000;0.0;0;0.0000;0;0;64330;64330;64330
60;2014-07-03 18:22:00;909402N262;4253;64.401;49;235;233;236;236;6.108;49.99;461.3;3.528;630.6;1.857;764.9;1.980;60;0;0;6.006;6.178;6.142;1380;1439;1432;49.99;49.99;49.99;7423;1000;0.0;0;0.0000;0;0;64401;64401;64401
60;2014-07-03 18:23:00;909402N262;4190;64.470;49;235;233;235;235;6.021;49.98;444.4;3.589;630.7;1.836;765.1;1.955;60;0;0;5.937;6.072;6.055;1368;1411;1409;49.98;49.98;49.98;7423;1000;0.0;0;0.0000;0;0;64470;64470;64470
60;2014-07-03 18:24:00;909402N262;4163;64.539;49;234;234;235;235;5.985;49.97;442.9;3.577;630.5;1.825;765.6;1.939;60;0;0;5.915;6.044;5.998;1366;1405;1391;49.97;49.97;49.97;7423;1000;0.0;0;0.0000;0;0;64539;64539;64539
60;2014-07-03 18:25:00;909402N262;4137;64.608;49;234;234;235;234;5.951;49.98;442.4;3.562;630.3;1.819;765.5;1.927;60;0;0;5.889;6.002;5.963;1362;1393;1381;49.98;49.98;49.98;7423;1000;0.0;0;0.0000;0;0;64608;64608;64608
60;2014-07-03 18:26:00;909402N262;4093;64.676;49;234;233;235;235;5.893;49.97;444.3;3.501;630.2;1.802;764.9;1.908;60;0;0;5.821;5.939;5.920;1342;1375;1374;49.97;49.97;49.97;7423;1000;0.0;0;0.0000;0;0;64676;64676;64676
60;2014-07-03 18:27:00;909402N262;4041;64.744;49;234;233;235;235;5.825;49.98;450.0;3.395;630.0;1.784;764.4;1.891;60;0;0;5.736;5.891;5.849;1317;1365;1357;49.98;49.98;49.98;7423;1000;0.0;0;0.0000;0;0;64744;64744;64744
60;2014-07-03 18:28:00;909402N262;3987;64.810;49;234;233;235;235;5.742;49.98;435.8;3.449;630.1;1.759;764.4;1.870;60;0;0;5.654;5.798;5.776;1299;1343;1342;49.98;49.98;49.98;7423;1000;0.0;0;0.0000;0;0;64810;64810;64810
60;2014-07-03 18:29:00;909402N262;3962;64.877;49;234;233;235;235;5.702;49.99;442.5;3.411;630.3;1.733;764.1;1.851;60;0;0;5.623;5.757;5.726;1295;1335;1330;49.99;49.99;49.99;7423;1000;0.0;0;0.0000;0;0;64877;64877;64877
60;2014-07-03 18:30:00;909402N262;3903;64.942;49;234;233;235;235;5.618;50.00;449.4;3.294;630.8;1.709;764.1;1.830;60;0;0;5.545;5.669;5.642;1278;1313;1310;50.00;50.00;50.00;7423;1000;0.0;0;0.0000;0;0;64942;64942;64942
60;2014-07-03 18:31:00;909402N262;3809;65.006;49;235;234;235;235;5.472;49.99;433.9;3.308;617.4;1.702;762.2;1.814;60;0;0;5.403;5.520;5.494;1246;1283;1278;49.99;49.99;49.99;7423;1000;0.0;0;0.0000;0;0;65006;65006;65006
60;2014-07-03 18:32:00;909402N262;3802;65.068;49;235;233;235;235;5.451;49.99;434.3;3.294;629.3;1.676;765.3;1.788;60;0;0;5.372;5.504;5.478;1240;1282;1278;49.99;49.99;49.99;7423;1000;0.0;0;0.0000;0;0;65068;65068;65068
60;2014-07-03 18:33:00;909402N262;3767;65.132;49;235;234;235;236;5.396;49.99;433.8;3.267;629.3;1.660;765.8;1.770;60;0;0;5.322;5.444;5.424;1231;1268;1266;49.99;49.99;49.99;7423;1000;0.0;0;0.0000;0;0;65132;65132;65132
60;2014-07-03 18:34:00;909402N262;3725;65.193;49;235;234;235;236;5.334;49.99;433.9;3.231;629.7;1.640;765.4;1.751;60;0;0;5.258;5.386;5.360;1217;1255;1252;49.99;49.99;49.99;7423;1000;0.0;0;0.0000;0;0;65193;65193;65193
60;2014-07-03 18:35:00;909402N262;3679;65.254;48;235;234;236;236;5.267;50.00;435.1;3.183;630.0;1.618;765.3;1.730;60;0;0;5.192;5.318;5.291;1202;1240;1235;50.00;50.00;50.00;7423;1000;0.0;0;0.0000;0;0;65254;65254;65254
60;2014-07-03 18:36:00;909402N262;3622;65.314;48;235;233;235;236;5.193;50.00;441.3;3.068;629.9;1.599;765.0;1.711;60;0;0;5.113;5.248;5.220;1182;1222;1217;50.00;50.00;50.00;7423;1000;0.0;0;0.0000;0;0;65314;65314;65314
60;2014-07-03 18:37:00;909402N262;3544;65.373;48;235;234;235;236;5.081;50.00;431.8;3.006;629.9;1.583;765.0;1.695;60;0;0;5.011;5.114;5.120;1160;1187;1195;50.00;50.00;50.00;7423;1000;0.0;0;0.0000;0;0;65373;65373;65373
60;2014-07-03 18:38:00;909402N262;3490;65.432;48;235;234;235;235;5.003;49.99;415.4;3.077;630.1;1.557;765.0;1.668;60;0;0;4.935;5.056;5.019;1143;1177;1168;49.99;49.99;49.99;7423;1000;0.0;0;0.0000;0;0;65432;65432;65432
60;2014-07-03 18:39:00;909402N262;3454;65.489;48;235;234;235;235;4.959;49.99;433.1;2.943;630.0;1.535;765.5;1.643;60;0;0;4.893;5.009;4.976;1131;1164;1157;49.99;49.99;49.99;7423;1000;0.0;0;0.0000;0;0;65489;65489;65489
60;2014-07-03 18:40:00;909402N262;3401;65.545;48;235;234;235;235;4.881;49.99;416.8;2.987;630.2;1.519;765.9;1.622;60;0;0;4.810;4.926;4.907;1112;1145;1142;49.99;49.99;49.99;7423;1000;0.0;0;0.0000;0;0;65545;65545;65545
60;2014-07-03 18:41:00;909402N262;3301;65.601;48;235;234;235;236;4.741;49.98;416.2;2.909;629.7;1.475;765.2;1.574;60;0;0;4.669;4.789;4.765;1078;1112;1109;49.98;49.98;49.98;7423;1000;0.0;0;0.0000;0;0;65601;65601;65601
60;2014-07-03 18:42:00;909402N262;3339;65.658;48;235;234;235;235;4.793;49.98;416.6;2.937;629.9;1.492;766.1;1.591;60;0;0;4.736;4.827;4.818;1097;1119;1121;49.98;49.98;49.98;7423;1000;0.0;0;0.0000;0;0;65658;65658;65658
60;2014-07-03 18:43:00;909402N262;3284;65.712;48;235;235;235;236;4.713;49.98;417.0;2.885;628.9;1.471;766.5;1.563;60;0;0;4.655;4.749;4.737;1079;1101;1102;49.98;49.98;49.98;7423;1000;0.0;0;0.0000;0;0;65712;65712;65712
60;2014-07-03 18:44:00;909402N262;3163;65.765;48;235;235;235;235;4.544;49.98;417.1;2.778;628.5;1.420;765.9;1.503;60;0;0;4.486;4.580;4.566;1039;1061;1061;49.98;49.98;49.98;7423;1000;0.0;0;0.0000;0;0;65765;65765;65765
60;2014-07-03 18:45:00;909402N262;2563;65.807;48;235;234;235;235;3.699;49.98;415.1;2.278;624.5;1.162;759.2;1.213;60;0;0;3.640;3.738;3.721;840;861;860;49.98;49.98;49.98;7423;1000;0.0;0;0.0000;0;0;65807;65807;65807
60;2014-07-03 18:46:00;909402N262;2542;65.849;48;235;235;235;235;3.663;49.98;413.9;2.267;620.3;1.161;753.9;1.219;60;0;0;3.604;3.701;3.684;832;856;852;49.98;49.98;49.98;7423;1000;0.0;0;0.0000;0;0;65849;65849;65849
60;2014-07-03 18:47:00;909402N262;2606;65.894;48;235;235;235;235;3.757;49.97;427.4;2.217;627.1;1.182;763.2;1.244;60;0;0;3.703;3.790;3.779;855;875;874;49.97;49.97;49.97;7423;1000;0.0;0;0.0000;0;0;65894;65894;65894
60;2014-07-03 18:48:00;909402N262;2831;65.941;48;234;234;234;235;4.087;49.97;405.0;2.489;631.8;1.286;767.1;1.367;60;0;0;4.035;4.115;4.112;931;948;950;49.97;49.97;49.97;7423;1000;0.0;0;0.0000;0;0;65941;65941;65941
60;2014-07-03 18:49:00;909402N262;2946;65.989;48;235;234;235;235;4.243;49.98;399.9;2.616;633.0;1.337;769.4;1.419;60;0;0;4.187;4.281;4.263;968;990;987;49.98;49.98;49.98;7423;1000;0.0;0;0.0000;0;0;65989;65989;65989
60;2014-07-03 18:50:00;909402N262;3085;66.041;48;235;234;235;235;4.438;49.99;400.2;2.731;633.8;1.398;770.9;1.487;60;0;0;4.382;4.481;4.453;1014;1038;1032;49.99;49.99;49.99;7423;1000;0.0;0;0.0000;0;0;66041;66041;66041
60;2014-07-03 18:51:00;909402N262;3086;66.093;48;235;235;235;235;4.438;49.99;400.2;2.731;633.8;1.398;771.3;1.487;60;0;0;4.386;4.475;4.453;1016;1036;1032;49.99;49.99;49.99;7423;1000;0.0;0;0.0000;0;0;66093;66093;66093
60;2014-07-03 18:52:00;909402N262;3039;66.144;48;235;235;234;235;4.373;49.99;400.3;2.690;633.3;1.378;771.9;1.464;60;0;0;4.322;4.412;4.386;1001;1020;1016;49.99;49.99;49.99;7423;1000;0.0;0;0.0000;0;0;66144;66144;66144
60;2014-07-03 18:53:00;909402N262;3003;66.193;48;235;235;234;235;4.322;49.99;400.4;2.659;633.2;1.360;771.7;1.447;60;0;0;4.268;4.361;4.338;988;1008;1005;49.99;49.99;49.99;7423;1000;0.0;0;0.0000;0;0;66193;66193;66193
60;2014-07-03 18:54:00;909402N262;2989;66.243;48;235;234;234;235;4.302;50.00;401.5;2.636;634.0;1.350;771.7;1.443;60;0;0;4.245;4.341;4.320;983;1004;1001;50.00;50.00;50.00;7423;1000;0.0;0;0.0000;0;0;66243;66243;66243
60;2014-07-03 18:55:00;909402N262;2951;66.293;48;234;234;234;235;4.253;49.99;409.4;2.531;634.1;1.337;771.9;1.432;60;0;0;4.197;4.287;4.277;970;990;990;49.99;49.99;49.99;7423;1000;0.0;0;0.0000;0;0;66293;66293;66293
60;2014-07-03 18:56:00;909402N262;2892;66.341;48;234;234;233;235;4.173;49.98;419.0;2.364;631.5;1.331;772.1;1.419;60;0;0;4.125;4.197;4.197;953;966;971;49.98;49.98;49.98;7423;1000;0.0;0;0.0000;0;0;66341;66341;66341
60;2014-07-03 18:57:00;909402N262;2841;66.388;47;233;233;233;234;4.111;49.98;388.1;2.462;630.4;1.321;772.1;1.409;60;0;0;4.062;4.137;4.134;935;949;954;49.98;49.98;49.98;7423;1000;0.0;0;0.0000;0;0;66388;66388;66388
60;2014-07-03 18:58:00;909402N262;2762;66.434;47;233;234;233;234;4.000;49.99;371.2;2.508;628.9;1.288;772.0;1.369;60;0;0;3.952;4.027;4.022;910;923;927;49.99;49.99;49.99;7423;1000;0.0;0;0.0000;0;0;66434;66434;66434
60;2014-07-03 18:59:00;909402N262;2519;66.475;47;234;234;233;234;3.651;50.01;370.1;2.297;625.2;1.183;770.0;1.246;60;0;0;3.602;3.677;3.675;828;843;846;50.01;50.01;50.01;7423;1000;0.0;0;0.0000;0;0;66475;66475;66475
60;2014-07-03 19:00:00;909402N262;2575;66.519;47;234;234;233;234;3.730;50.00;371.0;2.337;626.0;1.209;771.1;1.276;60;0;0;3.676;3.760;3.755;845;862;865;50.00;50.00;50.00;7423;1000;0.0;0;0.0000;0;0;66519;66519;66519
[wr_ende]
