20140508;070002;danfoss;My Plant;+0100
[wr_def_start]
909402N262;Inverter Type;Inverter Group;Hanzl
[wr_def_end]
[wr]
INTERVAL;TIMESTAMP;SERIAL;P_AC;E_DAY;T_WR;U_AC;U_AC_1;U_AC_2;U_AC_3;I_AC;F_AC;U_DC_1;I_DC_1;U_DC_2;I_DC_2;U_DC_3;I_DC_3;S;E_WR;M_WR;I_AC_1;I_AC_2;I_AC_3;P_AC_1;P_AC_2;P_AC_3;F_AC_1;F_AC_2;F_AC_3;R_DC;PC;PCS;PCS_LL;COS_PHI;COS_PHI_LL;S_COS_PHI;Current_Day_Energy;current_Day_Offset;ccEnergyOfDay_WithoutOffset
60;2014-05-08 06:01:00;909402N262;15;0.006;24;233;233;233;233;0.254;50.06;432.3;0.025;427.1;0.007;524.0;0.011;60;0;0;0.253;0.238;0.272;4;14;8;50.06;50.06;50.06;9976;1000;0.0;0;0.0000;0;0;6;6;6
60;2014-05-08 06:02:00;909402N262;16;0.006;24;233;233;233;233;0.324;50.04;443.1;0.026;434.7;0.007;531.7;0.011;60;0;0;0.335;0.354;0.284;3;28;2;50.04;50.04;50.04;9976;1000;0.0;0;0.0000;0;0;6;6;6
60;2014-05-08 06:03:00;909402N262;18;0.007;24;233;233;233;233;0.297;50.04;437.9;0.028;447.9;0.007;530.4;0.011;60;0;0;0.341;0.289;0.261;13;20;3;50.04;50.04;50.04;9976;1000;0.0;0;0.0000;0;0;7;7;7
60;2014-05-08 06:04:00;909402N262;20;0.007;24;234;233;234;235;0.304;50.03;427.3;0.031;469.5;0.007;539.2;0.011;60;0;0;0.109;0.475;0.329;0;33;5;50.03;50.03;50.03;9976;1000;0.0;0;0.0000;0;0;7;7;7
60;2014-05-08 06:05:00;909402N262;23;0.008;24;234;233;234;234;0.309;50.03;438.9;0.034;459.4;0.009;561.9;0.013;60;0;0;0.177;0.378;0.374;5;18;6;50.03;50.03;50.03;9976;1000;0.0;0;0.0000;0;0;8;8;8
60;2014-05-08 06:06:00;909402N262;26;0.008;24;234;233;234;235;0.301;50.03;454.8;0.036;444.4;0.013;546.6;0.015;60;0;0;0.237;0.297;0.371;13;10;8;50.03;50.03;50.03;9976;1000;0.0;0;0.0000;0;0;8;8;8
60;2014-05-08 06:07:00;909402N262;31;0.008;24;234;233;234;234;0.317;50.01;444.9;0.041;463.0;0.015;549.6;0.018;60;0;0;0.235;0.327;0.391;11;16;8;50.01;50.01;50.01;9976;1000;0.0;0;0.0000;0;0;8;8;8
60;2014-05-08 06:08:00;909402N262;38;0.009;24;233;233;234;234;0.355;50.02;465.6;0.046;451.7;0.020;571.7;0.020;60;0;0;0.199;0.467;0.400;3;15;24;50.02;50.02;50.02;9976;1000;0.0;0;0.0000;0;0;9;9;9
60;2014-05-08 06:09:00;909402N262;47;0.010;24;233;233;234;233;0.373;50.01;473.3;0.053;477.1;0.023;611.9;0.023;60;0;0;0.232;0.539;0.348;6;18;24;50.01;50.01;50.01;9976;1000;0.0;0;0.0000;0;0;10;10;10
60;2014-05-08 06:10:00;909402N262;57;0.011;24;233;232;234;233;0.368;50.00;478.6;0.061;481.6;0.029;608.7;0.030;60;0;0;0.202;0.594;0.309;5;36;18;50.00;50.00;50.00;9976;1000;0.0;0;0.0000;0;0;11;11;11
60;2014-05-08 06:11:00;909402N262;67;0.012;24;233;232;233;233;0.409;50.00;484.4;0.069;499.5;0.033;623.2;0.034;60;0;0;0.270;0.603;0.355;6;40;22;50.00;50.00;50.00;9976;1000;0.0;0;0.0000;0;0;12;12;12
60;2014-05-08 06:12:00;909402N262;77;0.013;25;233;232;233;233;0.512;50.00;488.8;0.078;498.3;0.040;626.7;0.039;60;0;0;0.399;0.693;0.444;8;47;24;50.00;50.00;50.00;9976;1000;0.0;0;0.0000;0;0;13;13;13
60;2014-05-08 06:13:00;909402N262;86;0.015;25;233;232;233;233;0.584;50.01;498.8;0.083;521.5;0.042;636.3;0.042;60;0;0;0.527;0.754;0.473;17;59;15;50.01;50.01;50.01;9976;1000;0.0;0;0.0000;0;0;15;15;15
60;2014-05-08 06:14:00;909402N262;92;0.016;25;233;233;233;233;0.592;50.01;493.6;0.089;520.4;0.045;640.6;0.044;60;0;0;0.494;0.784;0.499;12;62;22;50.01;50.01;50.01;9976;1000;0.0;0;0.0000;0;0;16;16;16
60;2014-05-08 06:15:00;909402N262;96;0.018;25;233;232;234;233;0.528;49.99;493.9;0.092;522.5;0.049;632.0;0.046;60;0;0;0.409;0.694;0.483;12;51;36;49.99;49.99;49.99;9976;1000;0.0;0;0.0000;0;0;18;18;18
60;2014-05-08 06:16:00;909402N262;96;0.019;25;233;233;234;233;0.528;50.01;490.3;0.093;512.1;0.050;632.0;0.048;60;0;0;0.427;0.701;0.458;15;56;28;50.01;50.01;50.01;9976;1000;0.0;0;0.0000;0;0;19;19;19
60;2014-05-08 06:17:00;909402N262;103;0.021;25;233;232;234;233;0.529;50.01;500.0;0.095;531.2;0.050;636.5;0.049;60;0;0;0.419;0.704;0.464;15;57;31;50.01;50.01;50.01;9976;1000;0.0;0;0.0000;0;0;21;21;21
60;2014-05-08 06:18:00;909402N262;111;0.021;25;233;232;234;233;0.402;50.01;503.7;0.101;541.2;0.055;658.6;0.050;60;0;0;0.320;0.536;0.351;24;51;35;50.01;50.01;50.01;9976;1000;0.0;0;0.0000;0;0;21;21;21
60;2014-05-08 06:19:00;909402N262;123;0.023;25;233;233;234;233;0.412;50.00;513.1;0.109;542.7;0.061;664.5;0.055;60;0;0;0.347;0.532;0.357;26;57;40;50.00;50.00;50.00;9976;1000;0.0;0;0.0000;0;0;23;23;23
60;2014-05-08 06:20:00;909402N262;135;0.026;25;233;232;233;232;0.359;49.98;518.0;0.118;548.4;0.066;671.4;0.058;60;0;0;0.295;0.452;0.332;33;54;47;49.98;49.98;49.98;9976;1000;0.0;0;0.0000;0;0;26;26;26
60;2014-05-08 06:21:00;909402N262;142;0.028;26;233;232;233;233;0.384;49.98;525.4;0.121;548.3;0.070;674.0;0.061;60;0;0;0.341;0.472;0.341;39;58;43;49.98;49.98;49.98;9976;1000;0.0;0;0.0000;0;0;28;28;28
60;2014-05-08 06:22:00;909402N262;143;0.030;26;233;233;234;233;0.514;49.98;513.6;0.126;547.8;0.070;658.8;0.065;60;0;0;0.439;0.676;0.428;37;65;39;49.98;49.98;49.98;9976;1000;0.0;0;0.0000;0;0;30;30;30
60;2014-05-08 06:23:00;909402N262;141;0.034;26;234;233;234;234;0.586;49.99;515.4;0.126;547.7;0.070;653.2;0.065;60;0;0;0.499;0.753;0.507;33;74;32;49.99;49.99;49.99;9976;1000;0.0;0;0.0000;0;0;34;34;34
60;2014-05-08 06:24:00;909402N262;139;0.035;26;234;233;234;234;0.461;49.98;520.5;0.123;547.5;0.068;665.2;0.062;60;0;0;0.399;0.589;0.396;34;66;36;49.98;49.98;49.98;9976;1000;0.0;0;0.0000;0;0;35;35;35
60;2014-05-08 06:25:00;909402N262;134;0.038;26;234;233;234;234;0.475;49.98;510.4;0.122;551.5;0.065;661.9;0.058;60;0;0;0.376;0.641;0.410;34;64;35;49.98;49.98;49.98;9976;1000;0.0;0;0.0000;0;0;38;38;38
60;2014-05-08 06:26:00;909402N262;131;0.039;26;234;233;234;234;0.579;49.99;509.1;0.121;555.6;0.063;652.8;0.058;60;0;0;0.465;0.778;0.496;23;74;33;49.99;49.99;49.99;9976;1000;0.0;0;0.0000;0;0;39;39;39
60;2014-05-08 06:27:00;909402N262;139;0.042;26;234;233;234;234;0.406;49.97;511.9;0.127;550.1;0.067;671.3;0.059;60;0;0;0.368;0.490;0.362;36;62;41;49.97;49.97;49.97;9976;1000;0.0;0;0.0000;0;0;42;42;42
60;2014-05-08 06:28:00;909402N262;155;0.045;26;234;233;233;234;0.399;49.99;515.3;0.137;556.8;0.074;676.4;0.067;60;0;0;0.370;0.443;0.386;47;61;45;49.99;49.99;49.99;9976;1000;0.0;0;0.0000;0;0;45;45;45
60;2014-05-08 06:29:00;909402N262;172;0.048;26;234;234;234;235;0.434;49.99;517.9;0.151;562.1;0.082;679.0;0.075;60;0;0;0.401;0.512;0.389;52;74;45;49.99;49.99;49.99;9976;1000;0.0;0;0.0000;0;0;48;48;48
60;2014-05-08 06:30:00;909402N262;187;0.051;26;234;233;233;234;0.408;50.00;521.1;0.161;564.3;0.087;687.3;0.081;60;0;0;0.381;0.493;0.350;56;76;52;50.00;50.00;50.00;9976;1000;0.0;0;0.0000;0;0;51;51;51
60;2014-05-08 06:31:00;909402N262;199;0.054;27;234;233;233;234;0.397;49.98;517.0;0.172;551.0;0.095;692.0;0.088;60;0;0;0.370;0.520;0.302;60;85;51;49.98;49.98;49.98;9976;1000;0.0;0;0.0000;0;0;54;54;54
60;2014-05-08 06:32:00;909402N262;217;0.057;27;233;233;233;234;0.438;50.00;525.9;0.183;576.8;0.101;696.3;0.095;60;0;0;0.388;0.526;0.400;65;85;65;50.00;50.00;50.00;9976;1000;0.0;0;0.0000;0;0;57;57;57
60;2014-05-08 06:33:00;909402N262;233;0.062;27;233;233;233;234;0.452;49.99;525.9;0.195;578.6;0.107;706.0;0.102;60;0;0;0.415;0.553;0.390;72;92;67;49.99;49.99;49.99;9976;1000;0.0;0;0.0000;0;0;62;62;62
60;2014-05-08 06:34:00;909402N262;249;0.066;27;233;233;233;234;0.478;49.99;528.0;0.205;584.5;0.115;710.8;0.108;60;0;0;0.435;0.571;0.428;76;97;73;49.99;49.99;49.99;9976;1000;0.0;0;0.0000;0;0;66;66;66
60;2014-05-08 06:35:00;909402N262;267;0.071;27;233;232;233;234;0.508;49.99;530.0;0.216;588.8;0.123;711.6;0.115;60;0;0;0.461;0.628;0.436;80;109;76;49.99;49.99;49.99;9976;1000;0.0;0;0.0000;0;0;71;71;71
60;2014-05-08 06:36:00;909402N262;285;0.074;27;233;232;233;233;0.538;49.98;531.9;0.229;594.5;0.132;718.0;0.123;60;0;0;0.530;0.625;0.459;95;106;82;49.98;49.98;49.98;9976;1000;0.0;0;0.0000;0;0;74;74;74
60;2014-05-08 06:37:00;909402N262;298;0.080;27;233;233;233;233;0.559;49.99;533.5;0.238;597.6;0.139;723.4;0.128;60;0;0;0.535;0.673;0.469;94;118;84;49.99;49.99;49.99;9976;1000;0.0;0;0.0000;0;0;80;80;80
60;2014-05-08 06:38:00;909402N262;309;0.084;27;233;232;233;233;0.578;49.98;533.8;0.246;598.4;0.145;724.6;0.132;60;0;0;0.558;0.671;0.506;98;118;91;49.98;49.98;49.98;9976;1000;0.0;0;0.0000;0;0;84;84;84
60;2014-05-08 06:39:00;909402N262;316;0.090;27;233;232;233;233;0.587;49.97;535.2;0.250;599.1;0.148;721.5;0.136;60;0;0;0.558;0.679;0.525;99;120;94;49.97;49.97;49.97;9976;1000;0.0;0;0.0000;0;0;90;90;90
60;2014-05-08 06:40:00;909402N262;319;0.096;27;233;232;233;233;0.593;49.96;535.0;0.252;600.9;0.149;721.9;0.136;60;0;0;0.555;0.681;0.544;98;120;98;49.96;49.96;49.96;9976;1000;0.0;0;0.0000;0;0;96;96;96
60;2014-05-08 06:41:00;909402N262;318;0.100;27;233;232;233;233;0.592;49.96;534.9;0.253;601.5;0.148;722.5;0.136;60;0;0;0.580;0.665;0.533;102;118;97;49.96;49.96;49.96;9976;1000;0.0;0;0.0000;0;0;100;100;100
60;2014-05-08 06:42:00;909402N262;319;0.106;27;233;232;233;233;0.593;49.98;535.6;0.252;601.1;0.148;721.9;0.136;60;0;0;0.579;0.671;0.529;102;119;95;49.98;49.98;49.98;9976;1000;0.0;0;0.0000;0;0;106;106;106
60;2014-05-08 06:43:00;909402N262;319;0.112;27;233;232;233;233;0.591;49.97;535.9;0.252;602.0;0.148;722.7;0.136;60;0;0;0.564;0.679;0.530;101;121;97;49.97;49.97;49.97;9976;1000;0.0;0;0.0000;0;0;112;112;112
60;2014-05-08 06:44:00;909402N262;317;0.116;27;233;232;233;233;0.591;49.97;536.7;0.251;600.8;0.148;720.9;0.135;60;0;0;0.564;0.686;0.524;101;120;94;49.97;49.97;49.97;9976;1000;0.0;0;0.0000;0;0;116;116;116
60;2014-05-08 06:45:00;909402N262;317;0.122;28;233;232;233;232;0.591;49.98;537.1;0.251;600.0;0.148;720.4;0.135;60;0;0;0.551;0.678;0.544;96;120;99;49.97;49.97;49.97;9976;1000;0.0;0;0.0000;0;0;122;122;122
60;2014-05-08 06:46:00;909402N262;317;0.127;28;232;232;233;232;0.596;49.98;530.6;0.255;586.6;0.150;710.2;0.137;60;0;0;0.585;0.676;0.528;102;117;94;49.98;49.98;49.98;9976;1000;0.0;0;0.0000;0;0;127;127;127
60;2014-05-08 06:47:00;909402N262;328;0.133;28;232;232;233;232;0.618;49.98;538.5;0.259;603.1;0.154;730.8;0.137;60;0;0;0.604;0.721;0.529;105;126;95;49.98;49.98;49.98;9976;1000;0.0;0;0.0000;0;0;133;133;133
60;2014-05-08 06:48:00;909402N262;335;0.139;28;233;232;233;232;0.628;49.98;538.1;0.265;603.0;0.158;732.5;0.140;60;0;0;0.611;0.707;0.566;108;126;100;49.98;49.98;49.98;9976;1000;0.0;0;0.0000;0;0;139;139;139
60;2014-05-08 06:49:00;909402N262;340;0.145;28;233;233;234;233;0.638;49.97;539.8;0.268;606.5;0.160;723.3;0.144;60;0;0;0.605;0.705;0.605;108;122;108;49.97;49.97;49.97;9976;1000;0.0;0;0.0000;0;0;145;145;145
60;2014-05-08 06:50:00;909402N262;345;0.150;28;233;233;234;233;0.646;49.97;539.7;0.272;610.9;0.160;721.7;0.147;60;0;0;0.597;0.734;0.608;107;129;107;49.97;49.97;49.97;9976;1000;0.0;0;0.0000;0;0;150;150;150
60;2014-05-08 06:51:00;909402N262;353;0.156;28;234;233;233;234;0.660;49.97;540.3;0.280;612.2;0.163;730.8;0.148;60;0;0;0.616;0.737;0.629;109;130;113;49.97;49.97;49.97;9976;1000;0.0;0;0.0000;0;0;156;156;156
60;2014-05-08 06:52:00;909402N262;370;0.162;28;233;233;233;234;0.678;49.96;541.2;0.292;613.5;0.169;732.3;0.154;60;0;0;0.611;0.786;0.637;111;142;116;49.96;49.96;49.96;9976;1000;0.0;0;0.0000;0;0;162;162;162
60;2014-05-08 06:53:00;909402N262;392;0.169;28;233;233;233;234;0.708;49.97;542.4;0.309;612.8;0.180;739.1;0.163;60;0;0;0.633;0.827;0.664;116;151;123;49.97;49.97;49.97;9976;1000;0.0;0;0.0000;0;0;169;169;169
60;2014-05-08 06:54:00;909402N262;421;0.175;28;233;233;233;234;0.754;49.98;544.5;0.328;617.9;0.193;744.6;0.174;60;0;0;0.742;0.821;0.701;139;152;130;49.98;49.98;49.98;9976;1000;0.0;0;0.0000;0;0;175;175;175
60;2014-05-08 06:55:00;909402N262;439;0.183;28;233;233;233;234;0.787;49.99;544.8;0.339;621.8;0.201;749.3;0.181;60;0;0;0.749;0.856;0.757;138;158;141;49.99;49.99;49.99;9976;1000;0.0;0;0.0000;0;0;183;183;183
60;2014-05-08 06:56:00;909402N262;448;0.191;28;233;233;233;234;0.811;49.97;544.2;0.346;620.5;0.206;744.3;0.185;60;0;0;0.778;0.865;0.791;143;157;145;49.97;49.97;49.97;9976;1000;0.0;0;0.0000;0;0;191;191;191
60;2014-05-08 06:57:00;909402N262;458;0.198;28;233;233;233;234;0.831;49.99;544.7;0.354;625.3;0.209;752.2;0.187;60;0;0;0.825;0.869;0.801;151;159;147;49.99;49.99;49.99;9976;1000;0.0;0;0.0000;0;0;198;198;198
60;2014-05-08 06:58:00;909402N262;468;0.206;28;233;232;233;234;0.845;50.00;545.2;0.363;622.5;0.214;751.1;0.193;60;0;0;0.814;0.911;0.811;150;167;149;50.00;50.00;50.00;9976;1000;0.0;0;0.0000;0;0;206;206;206
60;2014-05-08 06:59:00;909402N262;482;0.214;28;233;233;233;234;0.867;50.03;545.5;0.373;626.3;0.218;756.2;0.196;60;0;0;0.851;0.922;0.828;156;170;154;50.03;50.03;50.03;9976;1000;0.0;0;0.0000;0;0;214;214;214
60;2014-05-08 07:00:00;909402N262;495;0.222;29;233;232;232;234;0.884;50.04;546.0;0.383;625.4;0.224;754.5;0.204;60;0;0;0.882;0.933;0.838;164;173;156;50.04;50.04;50.04;9976;1000;0.0;0;0.0000;0;0;222;222;222
[wr_ende]
