20141211;170003;danfoss;My Plant;+0100
[wr_def_start]
909402N262;Inverter Type;Inverter Group;Hanzl
[wr_def_end]
[wr]
INTERVAL;TIMESTAMP;SERIAL;P_AC;E_DAY;T_WR;U_AC;U_AC_1;U_AC_2;U_AC_3;I_AC;F_AC;U_DC_1;I_DC_1;U_DC_2;I_DC_2;U_DC_3;I_DC_3;S;E_WR;M_WR;I_AC_1;I_AC_2;I_AC_3;P_AC_1;P_AC_2;P_AC_3;F_AC_1;F_AC_2;F_AC_3;R_DC;PC;PCS;PCS_LL;COS_PHI;COS_PHI_LL;S_COS_PHI;Current_Day_Energy;current_Day_Offset;ccEnergyOfDay_WithoutOffset
60;2014-12-11 16:01:00;909402N262;0;7.256;34;234;233;234;235;0.169;50.04;264.5;0.000;255.3;0.000;378.2;0.000;60;0;0;0.092;0.125;0.290;3;8;0;50.04;50.04;50.04;8521;1000;0.0;0;1.0000;0;2;7256;7256;7255
60;2014-12-11 16:02:00;909402N262;0;7.256;34;234;233;234;235;0.162;50.06;255.5;0.000;256.7;0.000;308.2;0.000;60;0;0;0.062;0.164;0.261;1;12;0;50.06;50.06;50.06;8521;1000;0.0;0;1.0000;0;2;7256;7256;7254
60;2014-12-11 16:03:00;909402N262;0;7.256;34;234;233;234;235;0.163;50.06;253.9;0.000;256.1;0.000;270.9;0.000;60;0;0;0.103;0.123;0.263;4;8;0;50.06;50.06;50.06;8521;1000;0.0;0;1.0000;0;2;7256;7256;7254
60;2014-12-11 16:04:00;909402N262;0;7.256;34;234;233;234;234;0.112;50.05;261.7;0.000;262.0;0.000;254.8;0.000;80;0;0;0.046;0.091;0.201;1;7;0;50.05;50.05;50.05;8521;1000;0.0;0;1.0000;0;2;7256;7256;7254
60;2014-12-11 16:05:00;909402N262;0;7.256;34;234;233;235;233;0.000;50.04;297.9;0.000;245.0;0.000;248.1;0.000;50;0;0;0.000;0.000;0.000;0;0;0;50.04;50.04;50.04;8521;1000;0.0;0;1.0000;0;2;7256;7256;7254
60;2014-12-11 16:06:00;909402N262;0;7.256;34;234;233;235;233;0.000;50.03;233.9;0.000;233.3;0.000;233.4;0.000;50;0;0;0.000;0.000;0.000;0;0;0;50.03;50.03;50.03;8521;1000;0.0;0;1.0000;0;2;7256;7256;7254
60;2014-12-11 16:07:00;909402N262;0;7.256;34;234;233;235;233;0.000;50.03;242.9;0.000;242.3;0.000;243.2;0.000;50;0;0;0.000;0.000;0.000;0;0;0;50.03;50.03;50.03;8521;1000;0.0;0;1.0000;0;2;7256;7256;7254
60;2014-12-11 16:08:00;909402N262;0;7.256;34;234;233;235;233;0.000;50.02;269.9;0.005;269.0;0.000;269.5;0.002;50;0;0;0.000;0.000;0.000;0;0;0;50.02;50.02;50.02;8521;1000;0.0;0;1.0000;0;2;7256;7256;7254
60;2014-12-11 16:09:00;909402N262;0;7.256;33;234;233;235;233;0.003;50.01;471.6;0.006;415.7;0.000;471.4;0.001;51;0;0;0.004;0.003;0.004;0;0;0;50.01;50.01;50.01;11760;1000;0.0;0;1.0000;0;2;7256;7256;7254
60;2014-12-11 16:10:00;909402N262;0;7.256;33;233;233;235;233;0.002;50.01;430.6;0.015;340.8;0.000;366.1;0.001;51;0;0;0.006;0.000;0.000;0;0;0;50.01;50.01;50.01;20063;1000;0.0;0;1.0000;0;2;7256;7256;7254
60;2014-12-11 16:11:00;909402N262;0;7.256;33;233;232;235;233;0.000;50.02;405.6;0.014;308.4;0.000;310.1;0.000;51;0;0;0.000;0.000;0.000;0;0;0;50.01;50.02;50.02;20063;1000;0.0;0;1.0000;0;2;7256;7256;7254
60;2014-12-11 16:12:00;909402N262;0;7.256;33;233;232;235;233;0.000;50.01;243.1;0.014;242.5;0.000;243.1;0.000;51;0;0;0.000;0.000;0.000;0;0;0;50.01;50.01;50.01;20063;1000;0.0;0;1.0000;0;2;7256;7256;7254
60;2014-12-11 16:13:00;909402N262;0;7.256;32;233;232;235;233;0.000;50.00;242.4;0.011;241.8;0.000;242.0;0.000;51;0;0;0.000;0.000;0.000;0;0;0;50.00;50.00;50.00;20063;1000;0.0;0;1.0000;0;2;7256;7256;7254
60;2014-12-11 16:14:00;909402N262;0;7.256;32;233;232;235;233;0.000;50.00;240.1;0.011;239.5;0.000;239.8;0.000;51;0;0;0.000;0.000;0.000;0;0;0;50.00;50.00;50.00;20063;1000;0.0;0;1.0000;0;2;7256;7256;7254
60;2014-12-11 16:15:00;909402N262;0;7.256;32;233;232;234;233;0.000;49.99;236.2;0.007;235.7;0.000;237.2;0.000;51;0;0;0.000;0.000;0.000;0;0;0;49.99;49.99;49.99;20063;1000;0.0;0;1.0000;0;2;7256;7256;7254
60;2014-12-11 16:16:00;909402N262;0;7.256;32;233;232;235;233;0.000;49.99;229.8;0.005;229.2;0.000;229.8;0.000;51;0;0;0.000;0.000;0.000;0;0;0;49.99;49.99;49.99;20063;1000;0.0;0;1.0000;0;2;7256;7256;7254
60;2014-12-11 16:17:00;909402N262;0;7.256;32;233;232;235;233;0.000;49.99;233.6;0.002;233.0;0.000;232.7;0.000;51;0;0;0.000;0.000;0.000;0;0;0;49.99;49.99;49.99;20063;1000;0.0;0;1.0000;0;2;7256;7256;7254
60;2014-12-11 16:18:00;909402N262;0;7.256;31;233;232;235;233;0.000;49.98;230.3;0.000;229.7;0.000;230.3;0.000;51;0;0;0.000;0.000;0.000;0;0;0;49.98;49.98;49.98;20063;1000;0.0;0;1.0000;0;2;7256;7256;7254
60;2014-12-11 16:19:00;909402N262;0;7.256;31;233;232;235;233;0.000;49.98;229.6;0.000;229.1;0.000;229.7;0.000;51;0;0;0.000;0.000;0.000;0;0;0;49.98;49.98;49.98;20063;1000;0.0;0;1.0000;0;2;7256;7256;7254
60;2014-12-11 16:20:00;909402N262;0;7.256;31;233;232;235;233;0.000;49.98;228.6;0.000;228.0;0.000;228.8;0.000;51;0;0;0.000;0.000;0.000;0;0;0;49.98;49.98;49.98;20063;1000;0.0;0;1.0000;0;2;7256;7256;7254
60;2014-12-11 16:21:00;909402N262;0;7.256;31;233;232;235;233;0.000;49.98;228.7;0.000;228.1;0.000;228.6;0.000;51;0;0;0.000;0.000;0.000;0;0;0;49.98;49.98;49.98;20063;1000;0.0;0;1.0000;0;2;7256;7256;7254
60;2014-12-11 16:22:00;909402N262;0;7.256;31;233;231;235;233;0.000;49.96;229.4;0.000;228.9;0.000;229.5;0.000;51;0;0;0.000;0.000;0.000;0;0;0;49.96;49.96;49.96;20063;1000;0.0;0;1.0000;0;2;7256;7256;7254
60;2014-12-11 16:23:00;909402N262;0;7.256;31;233;231;235;233;0.000;49.97;226.3;0.000;225.7;0.000;226.6;0.000;51;0;0;0.000;0.000;0.000;0;0;0;49.97;49.97;49.97;20063;1000;0.0;0;1.0000;0;2;7256;7256;7254
60;2014-12-11 16:24:00;909402N262;0;7.256;30;233;231;235;233;0.000;49.98;229.7;0.000;226.7;0.000;229.7;0.000;51;0;0;0.000;0.000;0.000;0;0;0;49.98;49.98;49.98;20063;1000;0.0;0;1.0000;0;2;7256;7256;7254
60;2014-12-11 16:25:00;909402N262;0;7.256;30;233;232;234;233;0.000;49.97;226.8;0.000;215.6;0.000;225.9;0.000;51;0;0;0.000;0.000;0.000;0;0;0;49.97;49.97;49.97;20063;1000;0.0;0;1.0000;0;2;7256;7256;7254
60;2014-12-11 16:26:00;909402N262;0;7.256;30;233;232;234;233;0.000;49.97;227.3;0.000;200.1;0.000;217.8;0.000;51;0;0;0.000;0.000;0.000;0;0;0;49.97;49.97;49.97;20063;1000;0.0;0;1.0000;0;2;7256;7256;7254
60;2014-12-11 16:27:00;909402N262;0;7.256;30;233;232;235;233;0.000;49.97;236.8;0.000;183.8;0.000;199.3;0.000;51;0;0;0.000;0.000;0.000;0;0;0;49.97;49.97;49.97;20063;1000;0.0;0;1.0000;0;2;7256;7256;7254
60;2014-12-11 16:28:00;909402N262;0;7.256;30;233;232;234;232;0.000;49.97;219.1;0.000;167.7;0.000;180.0;0.000;51;0;0;0.000;0.000;0.000;0;0;0;49.97;49.97;49.97;20063;1000;0.0;0;1.0000;0;2;7256;7256;7254
60;2014-12-11 16:29:00;909402N262;0;7.256;30;233;232;234;232;0.000;49.97;223.2;0.000;152.6;0.000;162.0;0.000;51;0;0;0.000;0.000;0.000;0;0;0;49.97;49.97;49.97;20063;1000;0.0;0;1.0000;0;2;7256;7256;7254
60;2014-12-11 16:30:00;909402N262;0;7.256;30;233;232;234;232;0.000;49.98;220.7;0.000;137.4;0.000;144.3;0.000;51;0;0;0.000;0.000;0.000;0;0;0;49.98;49.98;49.98;20063;1000;0.0;0;1.0000;0;2;7256;7256;7254
60;2014-12-11 16:31:00;909402N262;0;7.256;30;233;232;234;232;0.000;49.99;211.7;0.000;122.4;0.000;127.0;0.000;51;0;0;0.000;0.000;0.000;0;0;0;49.99;49.99;49.99;20063;1000;0.0;0;1.0000;0;2;7256;7256;7254
60;2014-12-11 16:32:00;909402N262;0;7.256;30;233;232;234;232;0.000;49.99;199.2;0.000;108.2;0.000;111.1;0.000;51;0;0;0.000;0.000;0.000;0;0;0;49.99;49.99;49.99;20063;1000;0.0;0;1.0000;0;2;7256;7256;7254
[wr_ende]
