20150122;100004;danfoss;My Plant;+0100
[wr_def_start]
909402N262;Inverter Type;Inverter Group;Hanzl
[wr_def_end]
[wr]
INTERVAL;TIMESTAMP;SERIAL;P_AC;E_DAY;T_WR;U_AC;U_AC_1;U_AC_2;U_AC_3;I_AC;F_AC;U_DC_1;I_DC_1;U_DC_2;I_DC_2;U_DC_3;I_DC_3;S;E_WR;M_WR;I_AC_1;I_AC_2;I_AC_3;P_AC_1;P_AC_2;P_AC_3;F_AC_1;F_AC_2;F_AC_3;R_DC;PC;PCS;PCS_LL;COS_PHI;COS_PHI_LL;S_COS_PHI;Current_Day_Energy;current_Day_Offset;ccEnergyOfDay_WithoutOffset
60;2015-01-22 09:01:00;909402N262;51;0.023;26;233;232;233;234;0.487;50.01;525.2;0.124;0.0;0.000;0.0;0.000;60;0;0;0.371;0.597;0.493;21;18;19;50.01;50.01;50.01;11442;1000;0.0;0;1.0000;0;2;23;23;23
60;2015-01-22 09:02:00;909402N262;60;0.025;26;233;231;234;234;0.490;50.01;537.8;0.138;0.0;0.000;0.0;0.000;60;0;0;0.292;0.722;0.457;26;24;14;50.01;50.01;50.01;11442;1000;0.0;0;1.0000;0;2;25;25;25
60;2015-01-22 09:03:00;909402N262;67;0.025;26;233;232;234;234;0.526;50.01;541.0;0.150;0.0;0.000;0.0;0.000;60;0;0;0.397;0.687;0.495;23;25;21;50.01;50.01;50.01;11442;1000;0.0;0;1.0000;0;2;25;25;25
60;2015-01-22 09:04:00;909402N262;70;0.026;26;233;232;233;233;0.562;50.00;541.1;0.155;0.0;0.000;0.0;0.000;60;0;0;0.502;0.735;0.449;20;40;15;50.00;50.00;50.00;11442;1000;0.0;0;1.0000;0;2;26;26;26
60;2015-01-22 09:05:00;909402N262;71;0.028;26;233;232;233;233;0.540;50.00;542.4;0.158;0.0;0.000;0.0;0.000;60;0;0;0.443;0.647;0.530;19;25;34;50.00;50.00;50.00;11442;1000;0.0;0;1.0000;0;2;28;28;28
60;2015-01-22 09:06:00;909402N262;75;0.030;26;233;232;233;233;0.535;50.01;544.9;0.163;0.0;0.000;0.0;0.000;60;0;0;0.438;0.633;0.535;22;25;33;50.01;50.01;50.01;11442;1000;0.0;0;1.0000;0;2;30;30;30
60;2015-01-22 09:07:00;909402N262;79;0.031;26;233;232;233;234;0.490;50.00;547.9;0.169;0.0;0.000;0.0;0.000;60;0;0;0.436;0.351;0.683;40;4;45;50.00;50.00;50.00;11442;1000;0.0;0;1.0000;0;2;31;31;31
60;2015-01-22 09:08:00;909402N262;82;0.032;26;233;232;233;234;0.491;49.99;550.5;0.173;0.0;0.000;0.0;0.000;60;0;0;0.461;0.421;0.593;41;11;36;49.99;49.99;49.99;11442;1000;0.0;0;1.0000;0;2;32;32;32
60;2015-01-22 09:09:00;909402N262;85;0.034;26;233;231;233;234;0.516;49.98;551.5;0.178;0.0;0.000;0.0;0.000;60;0;0;0.376;0.535;0.637;40;15;36;49.98;49.98;49.98;11442;1000;0.0;0;1.0000;0;2;34;34;34
60;2015-01-22 09:10:00;909402N262;86;0.035;26;233;231;233;234;0.540;49.98;552.5;0.180;0.0;0.000;0.0;0.000;60;0;0;0.399;0.573;0.648;43;11;45;49.98;49.98;49.98;11442;1000;0.0;0;1.0000;0;2;35;35;35
60;2015-01-22 09:11:00;909402N262;84;0.037;26;233;231;234;234;0.581;49.99;551.2;0.177;0.0;0.000;0.0;0.000;60;0;0;0.462;0.637;0.646;48;8;50;49.99;49.99;49.99;11442;1000;0.0;0;1.0000;0;2;37;37;37
60;2015-01-22 09:12:00;909402N262;80;0.038;26;233;231;234;234;0.555;49.98;549.3;0.171;0.0;0.000;0.0;0.000;60;0;0;0.372;0.699;0.594;43;11;36;49.98;49.98;49.98;11442;1000;0.0;0;1.0000;0;2;38;38;38
60;2015-01-22 09:13:00;909402N262;77;0.039;27;233;231;234;234;0.563;49.97;545.0;0.166;0.0;0.000;0.0;0.000;60;0;0;0.371;0.762;0.557;41;12;32;49.97;49.97;49.97;11442;1000;0.0;0;1.0000;0;2;39;39;39
60;2015-01-22 09:14:00;909402N262;76;0.041;27;233;231;233;234;0.532;49.97;543.2;0.165;0.0;0.000;0.0;0.000;60;0;0;0.414;0.609;0.573;40;12;34;49.97;49.97;49.97;11442;1000;0.0;0;1.0000;0;2;41;41;41
60;2015-01-22 09:15:00;909402N262;75;0.041;27;233;232;233;233;0.544;49.96;543.3;0.164;0.0;0.000;0.0;0.000;60;0;0;0.489;0.576;0.567;22;25;35;49.96;49.96;49.96;11442;1000;0.0;0;1.0000;0;2;41;41;41
60;2015-01-22 09:16:00;909402N262;75;0.043;27;232;232;232;233;0.518;49.95;543.0;0.164;0.0;0.000;0.0;0.000;60;0;0;0.533;0.490;0.532;21;25;30;49.95;49.95;49.95;11442;1000;0.0;0;1.0000;0;2;43;43;43
60;2015-01-22 09:17:00;909402N262;74;0.044;27;232;232;232;232;0.581;49.97;546.4;0.162;0.0;0.000;0.0;0.000;60;0;0;0.562;0.673;0.508;18;34;25;49.97;49.97;49.97;11442;1000;0.0;0;1.0000;0;2;44;44;44
60;2015-01-22 09:18:00;909402N262;76;0.046;27;232;232;232;232;0.568;49.97;545.8;0.166;0.0;0.000;0.0;0.000;60;0;0;0.573;0.660;0.473;22;41;19;49.97;49.97;49.97;11442;1000;0.0;0;1.0000;0;2;46;46;46
60;2015-01-22 09:19:00;909402N262;86;0.047;27;232;232;232;232;0.550;49.97;549.6;0.182;0.0;0.000;0.0;0.000;60;0;0;0.500;0.688;0.462;18;54;20;49.97;49.97;49.97;11442;1000;0.0;0;1.0000;0;2;47;47;47
60;2015-01-22 09:20:00;909402N262;98;0.048;27;232;231;232;232;0.554;49.97;552.0;0.203;0.0;0.000;0.0;0.000;60;0;0;0.458;0.698;0.507;24;46;29;49.97;49.97;49.97;11442;1000;0.0;0;1.0000;0;2;48;48;48
60;2015-01-22 09:21:00;909402N262;106;0.050;27;232;231;232;232;0.542;49.98;554.9;0.216;0.0;0.000;0.0;0.000;60;0;0;0.448;0.605;0.574;32;32;46;49.98;49.98;49.98;11442;1000;0.0;0;1.0000;0;2;50;50;50
60;2015-01-22 09:22:00;909402N262;113;0.052;27;232;231;232;232;0.525;49.98;557.2;0.227;0.0;0.000;0.0;0.000;60;0;0;0.347;0.788;0.440;15;62;35;49.98;49.98;49.98;11442;1000;0.0;0;1.0000;0;2;52;52;52
60;2015-01-22 09:23:00;909402N262;116;0.054;27;232;231;232;232;0.444;49.98;556.8;0.234;0.0;0.000;0.0;0.000;60;0;0;0.194;0.823;0.316;6;82;29;49.98;49.98;49.98;11442;1000;0.0;0;1.0000;0;2;54;54;54
60;2015-01-22 09:24:00;909402N262;117;0.057;27;232;231;232;232;0.472;49.97;557.9;0.236;0.0;0.000;0.0;0.000;60;0;0;0.244;0.801;0.373;10;76;31;49.97;49.97;49.97;11442;1000;0.0;0;1.0000;0;2;57;57;57
60;2015-01-22 09:25:00;909402N262;118;0.058;27;232;231;232;232;0.466;49.96;558.7;0.237;0.0;0.000;0.0;0.000;60;0;0;0.281;0.742;0.376;19;73;31;49.96;49.96;49.96;11442;1000;0.0;0;1.0000;0;2;58;58;58
60;2015-01-22 09:26:00;909402N262;116;0.059;27;232;232;232;232;0.473;49.97;557.5;0.234;0.0;0.000;0.0;0.000;60;0;0;0.359;0.761;0.299;15;86;19;49.97;49.97;49.97;11442;1000;0.0;0;1.0000;0;2;59;59;59
60;2015-01-22 09:27:00;909402N262;111;0.062;27;232;232;232;233;0.606;49.98;556.6;0.225;0.0;0.000;0.0;0.000;60;0;0;0.684;0.521;0.613;32;48;39;49.98;49.98;49.98;11442;1000;0.0;0;1.0000;0;2;62;62;62
60;2015-01-22 09:28:00;909402N262;106;0.064;27;232;232;232;233;0.571;49.99;555.2;0.216;0.0;0.000;0.0;0.000;60;0;0;0.596;0.502;0.617;29;44;46;49.99;49.99;49.99;11442;1000;0.0;0;1.0000;0;2;64;64;64
60;2015-01-22 09:29:00;909402N262;103;0.065;27;232;232;231;233;0.574;50.01;554.5;0.210;0.0;0.000;0.0;0.000;60;0;0;0.688;0.510;0.526;40;47;25;50.01;50.01;50.01;11442;1000;0.0;0;1.0000;0;2;65;65;65
60;2015-01-22 09:30:00;909402N262;97;0.067;27;232;232;232;233;0.526;50.01;552.3;0.201;0.0;0.000;0.0;0.000;60;0;0;0.520;0.430;0.629;34;20;44;50.01;50.01;50.01;11442;1000;0.0;0;1.0000;0;2;67;67;67
60;2015-01-22 09:31:00;909402N262;93;0.069;27;232;232;232;233;0.546;50.01;549.8;0.196;0.0;0.000;0.0;0.000;60;0;0;0.538;0.535;0.567;28;33;38;50.01;50.01;50.01;11442;1000;0.0;0;1.0000;0;2;69;69;69
60;2015-01-22 09:32:00;909402N262;95;0.070;27;232;232;232;233;0.550;50.00;550.5;0.198;0.0;0.000;0.0;0.000;60;0;0;0.612;0.362;0.678;44;10;49;50.00;50.00;50.00;11442;1000;0.0;0;1.0000;0;2;70;70;70
60;2015-01-22 09:33:00;909402N262;100;0.072;28;232;232;232;233;0.610;49.98;552.9;0.207;0.0;0.000;0.0;0.000;60;0;0;0.643;0.486;0.701;36;28;49;49.98;49.98;49.98;11442;1000;0.0;0;1.0000;0;2;72;72;72
60;2015-01-22 09:34:00;909402N262;108;0.074;28;232;231;232;233;0.559;49.98;556.0;0.220;0.0;0.000;0.0;0.000;60;0;0;0.456;0.610;0.611;29;42;49;49.98;49.98;49.98;11442;1000;0.0;0;1.0000;0;2;74;74;74
60;2015-01-22 09:35:00;909402N262;117;0.076;28;232;230;233;232;0.578;49.98;559.3;0.235;0.0;0.000;0.0;0.000;60;0;0;0.327;0.819;0.590;21;47;55;49.98;49.98;49.98;11442;1000;0.0;0;1.0000;0;2;76;76;76
60;2015-01-22 09:36:00;909402N262;121;0.078;28;232;231;233;232;0.570;49.98;559.0;0.243;0.0;0.000;0.0;0.000;60;0;0;0.306;0.920;0.484;4;72;49;49.98;49.98;49.98;11442;1000;0.0;0;1.0000;0;2;78;78;78
60;2015-01-22 09:37:00;909402N262;124;0.080;28;232;231;233;232;0.363;49.99;558.5;0.247;0.0;0.000;0.0;0.000;60;0;0;0.079;0.887;0.125;0;113;13;49.99;49.99;49.99;11442;1000;0.0;0;1.0000;0;2;80;80;80
60;2015-01-22 09:38:00;909402N262;121;0.082;28;232;231;232;232;0.461;49.98;558.1;0.241;0.0;0.000;0.0;0.000;60;0;0;0.290;0.830;0.264;7;93;22;49.98;49.98;49.98;11442;1000;0.0;0;1.0000;0;2;82;82;82
60;2015-01-22 09:39:00;909402N262;123;0.084;28;232;232;232;232;0.519;49.99;558.8;0.246;0.0;0.000;0.0;0.000;60;0;0;0.470;0.810;0.279;11;94;20;49.99;49.99;49.99;11442;1000;0.0;0;1.0000;0;2;84;84;84
60;2015-01-22 09:40:00;909402N262;131;0.085;28;232;232;232;232;0.704;49.99;561.9;0.259;0.0;0.000;0.0;0.000;60;0;0;0.809;0.758;0.547;19;71;39;49.99;49.99;49.99;11442;1000;0.0;0;1.0000;0;2;85;85;85
60;2015-01-22 09:41:00;909402N262;140;0.088;28;232;232;232;232;0.709;49.99;564.3;0.275;0.0;0.000;0.0;0.000;60;0;0;0.796;0.780;0.552;24;63;51;49.99;49.99;49.99;11442;1000;0.0;0;1.0000;0;2;88;88;88
60;2015-01-22 09:42:00;909402N262;148;0.091;28;232;232;232;232;0.630;50.01;565.1;0.289;0.0;0.000;0.0;0.000;60;0;0;0.631;0.759;0.500;23;75;49;50.01;50.01;50.01;11442;1000;0.0;0;1.0000;0;2;91;91;91
60;2015-01-22 09:43:00;909402N262;149;0.094;28;232;231;232;232;0.632;50.01;564.2;0.291;0.0;0.000;0.0;0.000;60;0;0;0.596;0.819;0.482;39;71;37;50.01;50.01;50.01;11442;1000;0.0;0;1.0000;0;2;94;94;94
60;2015-01-22 09:44:00;909402N262;144;0.095;28;232;232;232;232;0.627;50.02;564.1;0.281;0.0;0.000;0.0;0.000;60;0;0;0.581;0.794;0.508;32;70;39;50.02;50.02;50.02;11442;1000;0.0;0;1.0000;0;2;95;95;95
60;2015-01-22 09:45:00;909402N262;145;0.098;28;232;231;232;232;0.636;50.02;566.3;0.283;0.0;0.000;0.0;0.000;60;0;0;0.515;0.786;0.609;38;58;47;50.02;50.02;50.02;11442;1000;0.0;0;1.0000;0;2;98;98;98
60;2015-01-22 09:46:00;909402N262;154;0.101;28;231;231;232;231;0.620;50.01;567.2;0.297;0.0;0.000;0.0;0.000;60;0;0;0.573;0.823;0.466;45;65;42;50.01;50.01;50.01;11442;1000;0.0;0;1.0000;0;2;101;101;101
60;2015-01-22 09:47:00;909402N262;159;0.104;28;231;230;232;231;0.647;50.00;566.6;0.306;0.0;0.000;0.0;0.000;60;0;0;0.579;0.873;0.491;48;62;46;50.00;50.00;50.00;11442;1000;0.0;0;1.0000;0;2;104;104;104
60;2015-01-22 09:48:00;909402N262;151;0.105;28;231;230;232;231;0.653;49.99;563.6;0.294;0.0;0.000;0.0;0.000;60;0;0;0.512;0.891;0.558;37;71;41;49.99;50.00;49.99;11442;1000;0.0;0;1.0000;0;2;105;105;105
60;2015-01-22 09:49:00;909402N262;139;0.109;28;231;230;232;232;0.623;50.01;560.7;0.274;0.0;0.000;0.0;0.000;60;0;0;0.491;0.840;0.538;34;70;33;50.01;50.01;50.01;11442;1000;0.0;0;1.0000;0;2;109;109;109
60;2015-01-22 09:50:00;909402N262;137;0.111;28;231;230;231;232;0.703;50.00;560.8;0.272;0.0;0.000;0.0;0.000;60;0;0;0.577;0.798;0.735;37;48;50;50.00;50.00;50.00;11442;1000;0.0;0;1.0000;0;2;111;111;111
60;2015-01-22 09:51:00;909402N262;148;0.113;28;231;231;231;232;0.649;50.01;564.3;0.290;0.0;0.000;0.0;0.000;60;0;0;0.582;0.814;0.551;36;70;40;50.01;50.01;50.01;11442;1000;0.0;0;1.0000;0;2;113;113;113
60;2015-01-22 09:52:00;909402N262;161;0.116;28;231;231;231;231;0.645;50.00;566.9;0.311;0.0;0.000;0.0;0.000;60;0;0;0.652;0.746;0.537;42;68;49;50.00;50.00;50.00;11442;1000;0.0;0;1.0000;0;2;116;116;116
60;2015-01-22 09:53:00;909402N262;169;0.118;28;231;232;231;231;0.638;50.01;567.8;0.326;0.0;0.000;0.0;0.000;60;0;0;0.646;0.746;0.522;25;81;61;50.01;50.01;50.01;11442;1000;0.0;0;1.0000;0;2;118;118;118
60;2015-01-22 09:54:00;909402N262;177;0.121;28;231;232;231;231;0.623;50.00;568.4;0.338;0.0;0.000;0.0;0.000;60;0;0;0.645;0.689;0.537;32;74;69;50.00;50.00;50.00;11442;1000;0.0;0;1.0000;0;2;121;121;121
60;2015-01-22 09:55:00;909402N262;186;0.126;28;231;231;231;231;0.613;50.00;569.1;0.353;0.0;0.000;0.0;0.000;60;0;0;0.613;0.659;0.569;40;70;73;50.00;50.00;50.00;11442;1000;0.0;0;1.0000;0;2;126;126;126
60;2015-01-22 09:56:00;909402N262;199;0.128;29;231;232;231;231;0.641;49.99;571.6;0.374;0.0;0.000;0.0;0.000;60;0;0;0.647;0.673;0.605;33;84;80;49.99;49.99;49.99;11442;1000;0.0;0;1.0000;0;2;128;128;128
60;2015-01-22 09:57:00;909402N262;223;0.131;29;231;231;231;231;0.654;50.00;575.1;0.416;0.0;0.000;0.0;0.000;60;0;0;0.711;0.649;0.604;64;79;79;50.00;50.00;50.00;11442;1000;0.0;0;1.0000;0;2;131;131;131
60;2015-01-22 09:58:00;909402N262;246;0.136;29;231;231;232;231;0.695;50.00;577.7;0.454;0.0;0.000;0.0;0.000;60;0;0;0.671;0.736;0.678;74;81;90;50.00;50.00;50.00;11442;1000;0.0;0;1.0000;0;2;136;136;136
60;2015-01-22 09:59:00;909402N262;254;0.141;29;231;231;232;232;0.726;50.00;579.2;0.467;0.0;0.000;0.0;0.000;60;0;0;0.676;0.737;0.766;73;80;101;50.00;50.00;50.00;11442;1000;0.0;0;1.0000;0;2;141;141;141
60;2015-01-22 10:00:00;909402N262;261;0.144;29;232;231;232;232;0.702;50.00;580.6;0.478;0.0;0.000;0.0;0.000;60;0;0;0.725;0.579;0.803;92;60;110;50.00;50.00;50.00;11442;1000;0.0;0;1.0000;0;2;144;144;144
[wr_ende]
