20141206;170004;danfoss;My Plant;+0100
[wr_def_start]
909402N262;Inverter Type;Inverter Group;Hanzl
[wr_def_end]
[wr]
INTERVAL;TIMESTAMP;SERIAL;P_AC;E_DAY;T_WR;U_AC;U_AC_1;U_AC_2;U_AC_3;I_AC;F_AC;U_DC_1;I_DC_1;U_DC_2;I_DC_2;U_DC_3;I_DC_3;S;E_WR;M_WR;I_AC_1;I_AC_2;I_AC_3;P_AC_1;P_AC_2;P_AC_3;F_AC_1;F_AC_2;F_AC_3;R_DC;PC;PCS;PCS_LL;COS_PHI;COS_PHI_LL;S_COS_PHI;Current_Day_Energy;current_Day_Offset;ccEnergyOfDay_WithoutOffset
60;2014-12-06 16:01:00;909402N262;0;0.772;27;233;232;234;232;0.000;50.03;230.9;0.000;230.3;0.000;230.8;0.000;51;0;0;0.000;0.000;0.000;0;0;0;50.03;50.03;50.03;7043;1000;0.0;0;1.0000;0;2;772;772;772
60;2014-12-06 16:02:00;909402N262;0;0.772;27;232;232;234;232;0.000;50.05;229.7;0.000;229.2;0.000;229.4;0.000;51;0;0;0.000;0.000;0.000;0;0;0;50.05;50.05;50.05;7043;1000;0.0;0;1.0000;0;2;772;772;772
60;2014-12-06 16:03:00;909402N262;0;0.772;27;232;232;234;232;0.000;50.04;232.0;0.000;231.5;0.000;232.0;0.000;51;0;0;0.000;0.000;0.000;0;0;0;50.04;50.04;50.04;7043;1000;0.0;0;1.0000;0;2;772;772;772
60;2014-12-06 16:04:00;909402N262;0;0.772;27;232;231;233;231;0.000;50.03;231.4;0.000;230.8;0.000;231.4;0.000;51;0;0;0.000;0.000;0.000;0;0;0;50.03;50.03;50.03;7043;1000;0.0;0;1.0000;0;2;772;772;772
60;2014-12-06 16:05:00;909402N262;0;0.772;27;232;230;234;231;0.000;50.02;229.3;0.000;228.7;0.000;229.1;0.000;51;0;0;0.000;0.000;0.000;0;0;0;50.02;50.02;50.02;7043;1000;0.0;0;1.0000;0;2;772;772;772
60;2014-12-06 16:06:00;909402N262;0;0.772;27;232;231;234;231;0.000;50.02;228.7;0.000;228.2;0.000;228.7;0.000;51;0;0;0.000;0.000;0.000;0;0;0;50.02;50.02;50.02;7043;1000;0.0;0;1.0000;0;2;772;772;772
60;2014-12-06 16:07:00;909402N262;0;0.772;27;232;231;234;231;0.000;50.02;228.8;0.000;228.3;0.000;228.8;0.000;51;0;0;0.000;0.000;0.000;0;0;0;50.02;50.02;50.02;7043;1000;0.0;0;1.0000;0;2;772;772;772
60;2014-12-06 16:08:00;909402N262;0;0.772;27;232;230;234;231;0.000;50.01;228.6;0.000;228.1;0.000;228.5;0.000;51;0;0;0.000;0.000;0.000;0;0;0;50.01;50.01;50.01;7043;1000;0.0;0;1.0000;0;2;772;772;772
60;2014-12-06 16:09:00;909402N262;0;0.772;27;232;231;233;231;0.000;50.00;228.4;0.000;227.9;0.000;228.5;0.000;51;0;0;0.000;0.000;0.000;0;0;0;50.00;50.00;50.00;7043;1000;0.0;0;1.0000;0;2;772;772;772
60;2014-12-06 16:10:00;909402N262;0;0.772;27;231;230;233;231;0.000;50.01;227.6;0.000;227.1;0.000;228.1;0.000;51;0;0;0.000;0.000;0.000;0;0;0;50.01;50.01;50.01;7043;1000;0.0;0;1.0000;0;2;772;772;772
60;2014-12-06 16:11:00;909402N262;0;0.772;27;231;230;233;231;0.000;49.99;228.5;0.000;228.0;0.000;229.0;0.000;51;0;0;0.000;0.000;0.000;0;0;0;49.99;49.99;49.99;7043;1000;0.0;0;1.0000;0;2;772;772;772
60;2014-12-06 16:12:00;909402N262;0;0.772;27;231;230;232;231;0.000;49.99;230.2;0.000;229.6;0.000;230.1;0.000;51;0;0;0.000;0.000;0.000;0;0;0;49.99;49.99;49.99;7043;1000;0.0;0;1.0000;0;2;772;772;772
60;2014-12-06 16:13:00;909402N262;0;0.772;27;231;230;231;231;0.000;49.98;227.3;0.000;226.8;0.000;227.8;0.000;51;0;0;0.000;0.000;0.000;0;0;0;49.98;49.98;49.98;7043;1000;0.0;0;1.0000;0;2;772;772;772
60;2014-12-06 16:14:00;909402N262;0;0.772;27;231;230;231;231;0.000;49.98;227.8;0.000;227.3;0.000;227.9;0.000;51;0;0;0.000;0.000;0.000;0;0;0;49.98;49.98;49.98;7043;1000;0.0;0;1.0000;0;2;772;772;772
60;2014-12-06 16:15:00;909402N262;0;0.772;27;231;230;231;231;0.000;49.97;229.0;0.000;228.5;0.000;229.0;0.000;51;0;0;0.000;0.000;0.000;0;0;0;49.97;49.97;49.97;7043;1000;0.0;0;1.0000;0;2;772;772;772
60;2014-12-06 16:16:00;909402N262;0;0.772;27;231;230;232;230;0.000;49.98;230.3;0.000;229.6;0.000;230.5;0.000;51;0;0;0.000;0.000;0.000;0;0;0;49.98;49.98;49.98;7043;1000;0.0;0;1.0000;0;2;772;772;772
60;2014-12-06 16:17:00;909402N262;0;0.772;27;231;230;232;230;0.000;49.99;227.2;0.000;221.6;0.000;227.2;0.000;51;0;0;0.000;0.000;0.000;0;0;0;49.99;49.99;49.99;7043;1000;0.0;0;1.0000;0;2;772;772;772
60;2014-12-06 16:18:00;909402N262;0;0.772;27;231;231;231;230;0.000;49.99;231.1;0.000;208.7;0.000;229.6;0.000;51;0;0;0.000;0.000;0.000;0;0;0;49.99;49.99;49.99;7043;1000;0.0;0;1.0000;0;2;772;772;772
60;2014-12-06 16:19:00;909402N262;0;0.772;27;231;231;232;230;0.000;49.99;231.6;0.000;200.6;0.000;227.3;0.000;51;0;0;0.000;0.000;0.000;0;0;0;49.99;49.99;49.99;7043;1000;0.0;0;1.0000;0;2;772;772;772
60;2014-12-06 16:20:00;909402N262;0;0.772;27;231;231;232;230;0.000;49.99;239.1;0.000;189.8;0.000;216.1;0.000;51;0;0;0.000;0.000;0.000;0;0;0;49.99;49.99;49.99;7043;1000;0.0;0;1.0000;0;2;772;772;772
60;2014-12-06 16:21:00;909402N262;0;0.772;27;231;231;231;230;0.000;49.98;236.3;0.000;178.1;0.000;201.1;0.000;51;0;0;0.000;0.000;0.000;0;0;0;49.98;49.98;49.98;7043;1000;0.0;0;1.0000;0;2;772;772;772
60;2014-12-06 16:22:00;909402N262;0;0.772;27;231;231;231;230;0.000;49.98;227.1;0.000;165.4;0.000;184.6;0.000;51;0;0;0.000;0.000;0.000;0;0;0;49.98;49.98;49.98;7043;1000;0.0;0;1.0000;0;2;772;772;772
60;2014-12-06 16:23:00;909402N262;0;0.772;27;231;231;231;230;0.000;49.98;217.3;0.000;159.8;0.000;178.1;0.000;80;0;0;0.000;0.000;0.000;0;0;0;49.98;49.98;49.98;7043;1000;0.0;0;1.0000;0;2;772;772;772
[wr_ende]
