20140105;100000;id4208;My Plant;+0100
[wr_def_start]
909402N262;Inverter Type;Inverter Group;Hanzl
[wr_def_end]
[wr]
INTERVAL;TIMESTAMP;SERIAL;P_AC;E_DAY;T_WR;U_AC;U_AC_1;U_AC_2;U_AC_3;I_AC;F_AC;U_DC_1;I_DC_1;U_DC_2;I_DC_2;U_DC_3;I_DC_3;S;E_WR;M_WR;I_AC_1;I_AC_2;I_AC_3;P_AC_1;P_AC_2;P_AC_3;F_AC_1;F_AC_2;F_AC_3;R_DC;PC;PCS;PCS_LL;COS_PHI;COS_PHI_LL;S_COS_PHI;Current_Day_Energy;current_Day_Offset;ccEnergyOfDay_WithoutOffset
60;2014-01-05 09:01:00;909402N262;479;0.173;24;233;231;233;233;0.920;50.01;545.9;0.519;639.6;0.329;0.0;0.000;60;0;0;0.637;1.059;1.066;100;175;204;50.01;50.01;50.01;14047;1000;0.0;0;0.0000;0;0;173;173;173
60;2014-01-05 09:02:00;909402N262;509;0.182;24;233;232;233;233;0.969;50.01;562.4;0.536;647.8;0.341;0.0;0.000;60;0;0;1.025;1.269;0.615;165;244;99;50.01;50.01;50.01;14047;1000;0.0;0;0.0000;0;0;182;182;182
60;2014-01-05 09:03:00;909402N262;527;0.191;24;233;232;233;233;0.991;50.01;561.7;0.555;650.9;0.351;0.0;0.000;60;0;0;0.557;1.269;1.148;78;237;210;50.01;50.01;50.01;14047;1000;0.0;0;0.0000;0;0;191;191;191
60;2014-01-05 09:04:00;909402N262;545;0.200;24;233;233;233;233;1.054;50.01;561.9;0.574;654.1;0.362;0.0;0.000;60;0;0;1.151;1.257;0.755;200;234;110;50.01;50.01;50.01;14047;1000;0.0;0;0.0000;0;0;200;200;200
60;2014-01-05 09:05:00;909402N262;562;0.210;24;233;233;233;233;1.087;50.01;564.8;0.589;656.2;0.372;0.0;0.000;60;0;0;1.109;1.252;0.900;184;238;138;50.01;50.01;50.01;14047;1000;0.0;0;0.0000;0;0;210;210;210
60;2014-01-05 09:06:00;909402N262;573;0.219;24;233;232;234;233;1.071;50.01;564.4;0.600;655.8;0.378;0.0;0.000;60;0;0;1.082;1.191;0.940;188;235;148;50.01;50.01;50.01;14047;1000;0.0;0;0.0000;0;0;219;219;219
60;2014-01-05 09:07:00;909402N262;581;0.229;24;233;232;233;232;1.070;50.02;564.0;0.610;655.4;0.384;0.0;0.000;60;0;0;1.012;1.355;0.845;164;291;124;50.02;50.02;50.02;14047;1000;0.0;0;0.0000;0;0;229;229;229
60;2014-01-05 09:08:00;909402N262;599;0.239;24;232;231;234;232;1.097;50.01;571.6;0.623;654.2;0.393;0.0;0.000;60;0;0;1.037;1.403;0.852;168;303;126;50.01;50.01;50.01;14047;1000;0.0;0;0.0000;0;0;239;239;239
60;2014-01-05 09:09:00;909402N262;629;0.249;24;232;231;233;232;1.137;50.01;584.4;0.644;652.2;0.411;0.0;0.000;60;0;0;1.055;1.483;0.875;174;323;131;50.01;50.01;50.01;14047;1000;0.0;0;0.0000;0;0;249;249;249
60;2014-01-05 09:10:00;909402N262;657;0.260;25;232;231;233;232;1.171;50.01;589.1;0.667;651.4;0.429;0.0;0.000;60;0;0;1.087;1.546;0.882;183;340;132;50.01;50.01;50.01;14047;1000;0.0;0;0.0000;0;0;260;260;260
60;2014-01-05 09:11:00;909402N262;687;0.272;25;232;231;233;232;1.211;50.00;591.4;0.692;654.9;0.447;0.0;0.000;60;0;0;1.145;1.606;0.884;197;355;133;50.00;50.00;50.00;14047;1000;0.0;0;0.0000;0;0;272;272;272
60;2014-01-05 09:12:00;909402N262;721;0.284;25;232;231;233;232;1.289;50.00;594.2;0.722;661.2;0.465;0.0;0.000;60;0;0;1.241;1.484;1.142;224;299;197;50.00;50.00;50.00;14047;1000;0.0;0;0.0000;0;0;284;284;284
60;2014-01-05 09:13:00;909402N262;752;0.296;25;232;232;233;232;1.323;50.00;582.3;0.769;666.6;0.482;0.0;0.000;60;0;0;1.309;1.525;1.135;243;316;192;50.00;50.00;50.00;14047;1000;0.0;0;0.0000;0;0;296;296;296
60;2014-01-05 09:14:00;909402N262;775;0.310;25;232;232;233;232;1.388;49.99;569.9;0.804;668.5;0.497;0.0;0.000;60;0;0;1.339;1.438;1.387;248;272;253;49.99;49.99;49.99;14047;1000;0.0;0;0.0000;0;0;310;310;310
60;2014-01-05 09:15:00;909402N262;797;0.322;25;232;232;233;232;1.392;49.97;569.7;0.825;664.9;0.516;0.0;0.000;60;0;0;1.341;1.448;1.388;254;280;261;49.97;49.97;49.97;14047;1000;0.0;0;0.0000;0;0;322;322;322
60;2014-01-05 09:16:00;909402N262;805;0.336;25;233;232;234;232;1.217;49.99;565.3;0.840;663.3;0.532;0.0;0.000;60;0;0;1.159;1.275;1.218;254;281;268;49.99;49.99;49.99;14047;1000;0.0;0;0.0000;0;0;336;336;336
60;2014-01-05 09:17:00;909402N262;829;0.350;25;233;233;233;232;1.231;49.99;597.6;0.805;663.7;0.544;0.0;0.000;60;0;0;1.182;1.275;1.236;263;287;277;49.99;49.99;49.99;14047;1000;0.0;0;0.0000;0;0;350;350;350
60;2014-01-05 09:18:00;909402N262;836;0.364;25;233;232;233;232;1.231;49.99;593.8;0.813;664.6;0.551;0.0;0.000;60;0;0;1.181;1.275;1.238;265;289;280;49.99;49.99;49.99;14047;1000;0.0;0;0.0000;0;0;364;364;364
60;2014-01-05 09:19:00;909402N262;841;0.377;25;233;232;233;233;1.238;49.99;590.6;0.821;666.6;0.556;0.0;0.000;60;0;0;1.188;1.282;1.246;267;290;282;49.99;49.99;49.99;14047;1000;0.0;0;0.0000;0;0;377;377;377
60;2014-01-05 09:20:00;909402N262;846;0.392;25;232;232;233;232;1.247;49.99;590.0;0.825;668.9;0.558;0.0;0.000;60;0;0;1.195;1.292;1.255;268;293;284;49.99;49.99;49.99;14047;1000;0.0;0;0.0000;0;0;392;392;392
60;2014-01-05 09:21:00;909402N262;843;0.405;25;232;231;233;232;1.244;49.98;590.0;0.821;671.1;0.555;0.0;0.000;60;0;0;1.189;1.289;1.255;266;291;284;49.98;49.98;49.98;14047;1000;0.0;0;0.0000;0;0;405;405;405
60;2014-01-05 09:22:00;909402N262;834;0.420;25;232;232;233;232;1.231;49.99;589.4;0.811;670.3;0.552;0.0;0.000;60;0;0;1.177;1.276;1.241;263;288;280;49.99;49.99;49.99;14047;1000;0.0;0;0.0000;0;0;420;420;420
60;2014-01-05 09:23:00;909402N262;825;0.434;25;232;231;233;232;1.218;49.99;592.2;0.798;669.5;0.547;0.0;0.000;60;0;0;1.160;1.264;1.230;259;286;278;49.99;49.99;49.99;14047;1000;0.0;0;0.0000;0;0;434;434;434
60;2014-01-05 09:24:00;909402N262;812;0.446;25;232;231;233;233;1.199;49.99;592.0;0.787;666.0;0.542;0.0;0.000;60;0;0;1.139;1.246;1.214;254;282;275;49.99;49.99;49.99;14047;1000;0.0;0;0.0000;0;0;446;446;446
60;2014-01-05 09:25:00;909402N262;809;0.460;26;232;231;233;233;1.194;49.98;595.5;0.781;665.8;0.538;0.0;0.000;60;0;0;1.135;1.239;1.210;253;280;273;49.98;49.98;49.98;14047;1000;0.0;0;0.0000;0;0;460;460;460
60;2014-01-05 09:26:00;909402N262;803;0.474;26;232;231;233;232;1.187;49.99;595.7;0.776;664.6;0.534;0.0;0.000;60;0;0;1.132;1.228;1.201;253;277;271;49.99;49.99;49.99;14047;1000;0.0;0;0.0000;0;0;474;474;474
60;2014-01-05 09:27:00;909402N262;800;0.487;26;232;232;233;232;1.183;50.00;592.3;0.778;662.9;0.534;0.0;0.000;60;0;0;1.129;1.224;1.197;252;276;270;50.00;50.00;50.00;14047;1000;0.0;0;0.0000;0;0;487;487;487
60;2014-01-05 09:28:00;909402N262;812;0.500;26;232;232;233;233;1.199;49.98;589.2;0.793;661.5;0.542;0.0;0.000;60;0;0;1.146;1.237;1.216;256;279;275;49.98;49.98;49.98;14047;1000;0.0;0;0.0000;0;0;500;500;500
60;2014-01-05 09:29:00;909402N262;845;0.515;26;233;232;233;233;1.245;49.98;594.0;0.820;664.3;0.559;0.0;0.000;60;0;0;1.191;1.284;1.261;267;290;286;49.98;49.98;49.98;14047;1000;0.0;0;0.0000;0;0;515;515;515
60;2014-01-05 09:30:00;909402N262;877;0.529;26;232;231;233;233;1.291;49.99;597.5;0.847;666.5;0.577;0.0;0.000;60;0;0;1.237;1.332;1.305;277;302;296;49.99;49.99;49.99;14047;1000;0.0;0;0.0000;0;0;529;529;529
60;2014-01-05 09:31:00;909402N262;885;0.544;26;233;232;233;233;1.306;49.99;585.9;0.876;664.4;0.591;0.0;0.000;60;0;0;1.253;1.346;1.319;281;305;298;49.99;49.99;49.99;14047;1000;0.0;0;0.0000;0;0;544;544;544
60;2014-01-05 09:32:00;909402N262;895;0.559;26;232;232;233;233;1.316;49.99;593.4;0.869;665.3;0.592;0.0;0.000;60;0;0;1.257;1.362;1.329;282;309;302;49.99;49.99;49.99;14047;1000;0.0;0;0.0000;0;0;559;559;559
60;2014-01-05 09:33:00;909402N262;898;0.573;26;233;232;234;233;1.318;49.99;590.1;0.877;667.7;0.592;0.0;0.000;60;0;0;1.259;1.365;1.330;283;310;303;49.99;49.99;49.99;14047;1000;0.0;0;0.0000;0;0;573;573;573
60;2014-01-05 09:34:00;909402N262;927;0.590;26;233;232;233;234;1.358;49.99;597.2;0.898;669.0;0.606;0.0;0.000;60;0;0;1.298;1.403;1.373;292;319;314;49.99;49.99;49.99;14047;1000;0.0;0;0.0000;0;0;590;590;590
60;2014-01-05 09:35:00;909402N262;955;0.605;26;233;232;233;234;1.396;49.99;600.0;0.923;670.1;0.621;0.0;0.000;60;0;0;1.336;1.439;1.414;301;328;324;49.99;49.99;49.99;14047;1000;0.0;0;0.0000;0;0;605;605;605
60;2014-01-05 09:36:00;909402N262;981;0.623;26;233;232;234;234;1.431;49.99;599.0;0.950;671.5;0.636;0.0;0.000;60;0;0;1.369;1.477;1.449;309;338;333;49.99;49.99;49.99;14047;1000;0.0;0;0.0000;0;0;623;623;623
60;2014-01-05 09:37:00;909402N262;1016;0.639;26;233;232;234;234;1.479;50.00;600.8;0.980;673.4;0.657;0.0;0.000;60;0;0;1.415;1.523;1.499;320;349;345;50.00;50.00;50.00;14047;1000;0.0;0;0.0000;0;0;639;639;639
60;2014-01-05 09:38:00;909402N262;1042;0.656;27;233;232;234;234;1.515;50.00;599.8;1.005;674.9;0.674;0.0;0.000;60;0;0;1.452;1.559;1.534;329;358;353;50.00;50.00;50.00;14047;1000;0.0;0;0.0000;0;0;656;656;656
60;2014-01-05 09:39:00;909402N262;1054;0.674;27;233;232;234;234;1.532;49.99;597.3;1.018;675.5;0.684;0.0;0.000;60;0;0;1.472;1.579;1.546;334;363;355;49.99;49.99;49.99;14047;1000;0.0;0;0.0000;0;0;674;674;674
60;2014-01-05 09:40:00;909402N262;1054;0.692;27;233;232;234;234;1.531;49.98;595.9;1.018;674.9;0.686;0.0;0.000;60;0;0;1.470;1.579;1.546;333;363;356;49.98;49.98;49.98;14047;1000;0.0;0;0.0000;0;0;692;692;692
60;2014-01-05 09:41:00;909402N262;1048;0.709;27;233;232;234;234;1.523;49.98;593.9;1.016;675.4;0.681;0.0;0.000;60;0;0;1.462;1.568;1.540;332;360;355;49.98;49.98;49.98;14047;1000;0.0;0;0.0000;0;0;709;709;709
60;2014-01-05 09:42:00;909402N262;1043;0.727;27;233;232;234;234;1.515;49.98;591.7;1.015;674.9;0.678;0.0;0.000;60;0;0;1.452;1.562;1.533;329;359;353;49.98;49.98;49.98;14047;1000;0.0;0;0.0000;0;0;727;727;727
60;2014-01-05 09:43:00;909402N262;1035;0.744;27;233;231;234;234;1.505;49.98;589.5;1.010;674.4;0.675;0.0;0.000;60;0;0;1.440;1.554;1.523;325;357;351;49.98;49.98;49.98;14047;1000;0.0;0;0.0000;0;0;744;744;744
60;2014-01-05 09:44:00;909402N262;1017;0.761;27;233;231;234;234;1.479;49.99;589.4;0.990;671.2;0.668;0.0;0.000;60;0;0;1.413;1.525;1.501;319;350;346;49.99;49.99;49.99;14047;1000;0.0;0;0.0000;0;0;761;761;761
60;2014-01-05 09:45:00;909402N262;992;0.777;27;233;232;234;234;1.447;49.99;590.9;0.963;670.6;0.654;0.0;0.000;60;0;0;1.384;1.494;1.463;313;342;336;49.99;49.99;49.99;14047;1000;0.0;0;0.0000;0;0;777;777;777
60;2014-01-05 09:46:00;909402N262;972;0.794;27;233;232;233;235;1.421;50.00;555.3;1.042;665.4;0.638;0.0;0.000;60;0;0;1.360;1.454;1.449;307;333;332;50.00;50.00;50.00;14047;1000;0.0;0;0.0000;0;0;794;794;794
60;2014-01-05 09:47:00;909402N262;1000;0.810;27;233;233;233;235;1.456;49.99;428.9;1.412;667.8;0.626;0.0;0.000;60;0;0;1.396;1.494;1.479;317;341;341;49.99;49.99;49.99;14047;1000;0.0;0;0.0000;0;0;810;810;810
60;2014-01-05 09:48:00;909402N262;957;0.826;27;233;233;233;235;1.396;50.00;428.4;1.324;667.2;0.618;0.0;0.000;60;0;0;1.337;1.435;1.417;303;327;326;50.00;50.00;50.00;14047;1000;0.0;0;0.0000;0;0;826;826;826
60;2014-01-05 09:49:00;909402N262;929;0.841;27;233;233;233;235;1.357;50.00;440.3;1.222;665.1;0.620;0.0;0.000;60;0;0;1.301;1.391;1.380;295;316;317;50.00;50.00;50.00;14047;1000;0.0;0;0.0000;0;0;841;841;841
60;2014-01-05 09:50:00;909402N262;881;0.856;27;233;233;233;235;1.290;49.99;485.8;1.026;662.5;0.609;0.0;0.000;60;0;0;1.235;1.324;1.312;279;300;300;49.99;49.99;49.99;14047;1000;0.0;0;0.0000;0;0;856;856;856
60;2014-01-05 09:51:00;909402N262;854;0.870;27;233;233;233;234;1.251;49.99;502.2;0.959;660.3;0.590;0.0;0.000;60;0;0;1.194;1.288;1.272;269;292;291;50.00;50.00;49.99;14047;1000;0.0;0;0.0000;0;0;870;870;870
60;2014-01-05 09:52:00;909402N262;822;0.885;28;233;233;233;234;1.206;49.99;493.9;0.940;659.3;0.570;0.0;0.000;60;0;0;1.147;1.245;1.227;258;282;280;49.99;49.99;49.99;14047;1000;0.0;0;0.0000;0;0;885;885;885
60;2014-01-05 09:53:00;909402N262;803;0.898;28;234;233;233;235;1.179;49.99;491.2;0.927;660.2;0.554;0.0;0.000;60;0;0;1.117;1.219;1.201;251;276;274;49.99;49.99;49.99;14047;1000;0.0;0;0.0000;0;0;898;898;898
60;2014-01-05 09:54:00;909402N262;799;0.911;28;234;233;234;234;1.172;49.98;492.1;0.923;661.8;0.548;0.0;0.000;60;0;0;1.109;1.217;1.192;249;277;271;49.98;49.98;49.98;14047;1000;0.0;0;0.0000;0;0;911;911;911
60;2014-01-05 09:55:00;909402N262;812;0.924;28;233;232;234;234;1.191;49.98;561.4;0.834;662.7;0.540;0.0;0.000;60;0;0;1.127;1.237;1.211;253;281;276;49.98;49.98;49.98;14047;1000;0.0;0;0.0000;0;0;924;924;924
60;2014-01-05 09:56:00;909402N262;806;0.938;28;233;232;234;234;1.183;49.98;561.6;0.828;663.3;0.535;0.0;0.000;60;0;0;1.121;1.229;1.200;252;279;273;49.98;49.98;49.98;14047;1000;0.0;0;0.0000;0;0;938;938;938
60;2014-01-05 09:57:00;909402N262;789;0.950;28;233;232;234;234;1.160;49.99;561.6;0.811;661.8;0.526;0.0;0.000;60;0;0;1.098;1.207;1.176;246;274;267;49.99;49.99;49.99;14047;1000;0.0;0;0.0000;0;0;950;950;950
60;2014-01-05 09:58:00;909402N262;766;0.964;28;233;231;234;234;1.127;49.99;542.8;0.815;659.4;0.515;0.0;0.000;60;0;0;1.060;1.176;1.146;237;267;260;49.99;49.99;49.99;14047;1000;0.0;0;0.0000;0;0;964;964;964
60;2014-01-05 09:59:00;909402N262;749;0.976;28;233;232;234;234;1.102;49.99;535.9;0.808;658.5;0.503;0.0;0.000;60;0;0;1.035;1.151;1.120;232;261;254;49.99;49.99;49.99;14047;1000;0.0;0;0.0000;0;0;976;976;976
60;2014-01-05 10:00:00;909402N262;743;0.988;28;233;232;234;233;1.095;49.98;565.1;0.761;658.2;0.498;0.0;0.000;60;0;0;1.032;1.144;1.111;231;259;252;49.98;49.98;49.98;14047;1000;0.0;0;0.0000;0;0;988;988;988
[wr_ende]
