20140213;080002;danfoss;My Plant;+0100
[wr_def_start]
909402N262;Inverter Type;Inverter Group;Hanzl
[wr_def_end]
[wr]
INTERVAL;TIMESTAMP;SERIAL;P_AC;E_DAY;T_WR;U_AC;U_AC_1;U_AC_2;U_AC_3;I_AC;F_AC;U_DC_1;I_DC_1;U_DC_2;I_DC_2;U_DC_3;I_DC_3;S;E_WR;M_WR;I_AC_1;I_AC_2;I_AC_3;P_AC_1;P_AC_2;P_AC_3;F_AC_1;F_AC_2;F_AC_3;R_DC;PC;PCS;PCS_LL;COS_PHI;COS_PHI_LL;S_COS_PHI;Current_Day_Energy;current_Day_Offset;ccEnergyOfDay_WithoutOffset
60;2014-02-13 07:01:00;909402N262;0;0.000;15;235;235;236;234;0.000;50.03;252.0;0.000;251.7;0.000;251.8;0.000;50;0;0;0.000;0.000;0.000;0;0;0;50.03;50.03;50.03;0;1000;0.0;0;0.0000;0;0;0;0;0
60;2014-02-13 07:02:00;909402N262;0;0.000;15;234;235;235;233;0.005;50.04;394.7;0.000;378.0;0.000;405.0;0.000;51;0;0;0.005;0.005;0.005;0;0;0;50.04;50.04;50.04;0;1000;0.0;0;0.0000;0;0;0;0;0
60;2014-02-13 07:03:00;909402N262;0;0.000;15;234;235;235;233;0.063;50.04;473.1;0.005;443.0;0.001;519.0;0.002;60;0;0;0.063;0.068;0.059;0;6;0;50.03;50.03;50.04;8129;1000;0.0;0;0.0000;0;0;0;0;0
60;2014-02-13 07:04:00;909402N262;5;0.000;15;234;234;234;234;0.371;50.02;453.6;0.014;422.4;0.004;525.0;0.004;60;0;0;0.393;0.397;0.324;0;32;0;50.02;50.02;50.02;8581;1000;0.0;0;0.0000;0;0;0;0;0
60;2014-02-13 07:05:00;909402N262;8;0.001;15;235;235;234;235;0.410;50.02;455.3;0.016;432.5;0.006;549.7;0.006;60;0;0;0.446;0.398;0.388;1;34;0;50.02;50.02;50.02;8581;1000;0.0;0;0.0000;0;0;1;1;1
60;2014-02-13 07:06:00;909402N262;11;0.001;15;234;235;234;234;0.410;50.01;456.3;0.021;383.7;0.009;528.5;0.007;60;0;0;0.496;0.391;0.343;2;42;0;50.01;50.01;50.01;8581;1000;0.0;0;0.0000;0;0;1;1;1
60;2014-02-13 07:07:00;909402N262;15;0.002;15;234;235;234;234;0.412;49.99;464.6;0.023;446.5;0.011;541.1;0.010;60;0;0;0.640;0.344;0.254;0;39;2;49.99;49.99;49.99;8581;1000;0.0;0;0.0000;0;0;2;2;2
60;2014-02-13 07:08:00;909402N262;19;0.003;16;234;235;234;233;0.402;49.97;473.3;0.026;427.7;0.013;550.1;0.011;60;0;0;0.637;0.341;0.229;0;35;1;49.97;49.97;49.97;8581;1000;0.0;0;0.0000;0;0;3;3;3
60;2014-02-13 07:09:00;909402N262;24;0.003;16;234;234;233;233;0.390;49.97;486.6;0.029;470.1;0.015;572.3;0.015;60;0;0;0.579;0.366;0.227;0;39;2;49.97;49.97;49.97;8581;1000;0.0;0;0.0000;0;0;3;3;3
60;2014-02-13 07:10:00;909402N262;28;0.004;16;234;234;234;233;0.422;49.97;483.5;0.033;478.7;0.016;608.8;0.015;60;0;0;0.567;0.442;0.258;4;45;0;49.97;49.97;49.97;8581;1000;0.0;0;0.0000;0;0;4;4;4
60;2014-02-13 07:11:00;909402N262;32;0.005;16;233;234;233;233;0.422;49.98;496.6;0.035;482.3;0.019;633.5;0.015;60;0;0;0.547;0.468;0.253;9;44;0;49.98;49.98;49.98;8581;1000;0.0;0;0.0000;0;0;5;5;5
60;2014-02-13 07:12:00;909402N262;33;0.006;16;233;234;233;233;0.425;49.98;482.5;0.038;489.4;0.019;635.9;0.015;60;0;0;0.509;0.370;0.396;6;39;3;49.98;49.98;49.98;8581;1000;0.0;0;0.0000;0;0;6;6;6
60;2014-02-13 07:13:00;909402N262;37;0.006;16;233;233;234;233;0.435;49.97;489.8;0.041;507.4;0.019;597.3;0.020;60;0;0;0.517;0.543;0.247;16;37;0;49.97;49.97;49.97;8581;1000;0.0;0;0.0000;0;0;6;6;6
60;2014-02-13 07:14:00;909402N262;45;0.007;16;233;233;234;233;0.421;49.99;503.7;0.044;497.7;0.022;626.5;0.024;60;0;0;0.257;0.672;0.334;1;60;1;49.99;49.99;49.99;8581;1000;0.0;0;0.0000;0;0;7;7;7
60;2014-02-13 07:15:00;909402N262;53;0.008;16;233;233;234;233;0.427;49.98;513.4;0.051;516.4;0.026;636.8;0.027;60;0;0;0.294;0.645;0.344;3;56;4;49.98;49.98;49.98;8581;1000;0.0;0;0.0000;0;0;8;8;8
60;2014-02-13 07:16:00;909402N262;57;0.009;16;233;233;234;233;0.430;49.99;514.1;0.054;498.7;0.030;607.8;0.031;60;0;0;0.285;0.650;0.357;1;61;6;49.99;49.99;49.99;8581;1000;0.0;0;0.0000;0;0;9;9;9
60;2014-02-13 07:17:00;909402N262;61;0.010;16;233;233;233;234;0.470;50.01;518.1;0.057;514.4;0.031;630.9;0.031;60;0;0;0.405;0.456;0.551;22;27;16;50.01;50.01;50.01;8581;1000;0.0;0;0.0000;0;0;10;10;10
60;2014-02-13 07:18:00;909402N262;66;0.010;16;233;232;233;234;0.381;50.01;521.5;0.061;517.2;0.031;652.9;0.031;60;0;0;0.324;0.344;0.477;32;20;16;50.01;50.01;50.01;8581;1000;0.0;0;0.0000;0;0;10;10;10
60;2014-02-13 07:19:00;909402N262;76;0.010;16;233;232;233;234;0.333;50.00;527.5;0.067;533.2;0.036;660.6;0.038;60;0;0;0.268;0.360;0.372;28;31;16;50.00;50.00;50.00;8581;1000;0.0;0;0.0000;0;0;10;10;10
60;2014-02-13 07:20:00;909402N262;86;0.011;16;233;232;233;234;0.251;49.99;534.4;0.072;535.0;0.040;673.4;0.040;60;0;0;0.226;0.285;0.242;30;35;20;49.99;49.99;49.99;8581;1000;0.0;0;0.0000;0;0;11;11;11
60;2014-02-13 07:21:00;909402N262;97;0.013;16;233;232;233;234;0.329;49.99;538.4;0.081;558.3;0.042;672.4;0.045;60;0;0;0.286;0.313;0.389;34;34;29;49.99;49.99;49.99;8581;1000;0.0;0;0.0000;0;0;13;13;13
60;2014-02-13 07:22:00;909402N262;111;0.014;17;233;232;233;234;0.235;49.99;544.3;0.089;557.6;0.050;688.4;0.051;60;0;0;0.230;0.253;0.223;38;41;31;49.99;49.99;49.99;8581;1000;0.0;0;0.0000;0;0;14;14;14
60;2014-02-13 07:23:00;909402N262;120;0.015;17;233;232;233;234;0.268;49.99;546.2;0.098;578.8;0.054;679.5;0.057;60;0;0;0.266;0.268;0.271;43;42;33;49.99;49.99;49.99;8581;1000;0.0;0;0.0000;0;0;15;15;15
60;2014-02-13 07:24:00;909402N262;128;0.018;17;233;233;232;234;0.246;49.99;552.2;0.105;570.5;0.058;691.6;0.057;60;0;0;0.240;0.242;0.257;42;43;42;49.99;49.99;49.99;8581;1000;0.0;0;0.0000;0;0;18;18;18
60;2014-02-13 07:25:00;909402N262;139;0.021;17;233;233;232;234;0.236;49.99;550.8;0.114;578.3;0.062;727.2;0.058;60;0;0;0.234;0.243;0.231;45;47;45;49.99;49.99;49.99;8581;1000;0.0;0;0.0000;0;0;21;21;21
60;2014-02-13 07:26:00;909402N262;147;0.023;17;233;233;232;234;0.253;49.98;549.0;0.122;581.0;0.065;723.5;0.059;60;0;0;0.242;0.277;0.241;45;52;47;49.98;49.98;49.98;8581;1000;0.0;0;0.0000;0;0;23;23;23
60;2014-02-13 07:27:00;909402N262;158;0.024;17;233;233;232;234;0.275;49.98;549.2;0.129;583.9;0.071;717.7;0.063;60;0;0;0.261;0.304;0.261;50;56;49;49.98;49.98;49.98;8581;1000;0.0;0;0.0000;0;0;24;24;24
60;2014-02-13 07:28:00;909402N262;167;0.027;17;233;233;232;234;0.300;49.98;550.5;0.136;594.4;0.074;711.1;0.069;60;0;0;0.288;0.338;0.275;52;61;51;49.98;49.98;49.98;8581;1000;0.0;0;0.0000;0;0;27;27;27
60;2014-02-13 07:29:00;909402N262;184;0.031;17;233;233;233;234;0.327;49.99;551.9;0.147;595.6;0.081;725.6;0.079;60;0;0;0.320;0.374;0.289;59;68;55;49.99;49.99;49.99;8581;1000;0.0;0;0.0000;0;0;31;31;31
60;2014-02-13 07:30:00;909402N262;190;0.034;17;233;233;233;234;0.346;49.99;556.1;0.151;599.4;0.084;726.2;0.081;60;0;0;0.321;0.419;0.298;59;74;56;49.99;49.99;49.99;8581;1000;0.0;0;0.0000;0;0;34;34;34
60;2014-02-13 07:31:00;909402N262;200;0.037;17;233;233;233;234;0.376;49.98;554.0;0.160;596.3;0.090;714.1;0.086;60;0;0;0.337;0.458;0.335;59;80;59;49.98;49.98;49.98;8581;1000;0.0;0;0.0000;0;0;37;37;37
60;2014-02-13 07:32:00;909402N262;209;0.041;17;233;233;233;234;0.376;49.98;561.1;0.163;608.1;0.092;728.4;0.087;60;0;0;0.342;0.483;0.305;63;87;57;49.98;49.98;49.98;8581;1000;0.0;0;0.0000;0;0;41;41;41
60;2014-02-13 07:33:00;909402N262;200;0.044;17;234;233;234;234;0.362;49.99;558.7;0.161;597.8;0.088;733.5;0.082;60;0;0;0.342;0.423;0.323;63;76;60;49.99;49.99;49.99;8581;1000;0.0;0;0.0000;0;0;44;44;44
60;2014-02-13 07:34:00;909402N262;222;0.048;17;234;233;234;234;0.397;49.99;561.6;0.177;607.4;0.097;735.9;0.091;60;0;0;0.380;0.489;0.322;70;90;60;49.99;49.99;49.99;8581;1000;0.0;0;0.0000;0;0;48;48;48
60;2014-02-13 07:35:00;909402N262;224;0.052;17;234;234;234;235;0.400;49.98;564.6;0.174;610.2;0.097;734.3;0.094;60;0;0;0.365;0.510;0.326;67;93;62;49.98;49.98;49.98;8581;1000;0.0;0;0.0000;0;0;52;52;52
60;2014-02-13 07:36:00;909402N262;222;0.056;17;234;234;234;235;0.400;49.99;560.8;0.179;609.1;0.097;732.5;0.090;60;0;0;0.375;0.511;0.316;70;92;59;49.99;49.99;49.99;8581;1000;0.0;0;0.0000;0;0;56;56;56
60;2014-02-13 07:37:00;909402N262;283;0.060;17;234;234;234;235;0.508;50.00;571.4;0.214;622.1;0.123;753.3;0.117;60;0;0;0.475;0.603;0.448;87;111;83;50.00;50.00;50.00;8581;1000;0.0;0;0.0000;0;0;60;60;60
60;2014-02-13 07:38:00;909402N262;297;0.065;17;234;234;234;235;0.531;49.99;574.7;0.216;624.8;0.131;761.4;0.125;60;0;0;0.505;0.612;0.478;93;113;89;49.99;49.99;49.99;8581;1000;0.0;0;0.0000;0;0;65;65;65
60;2014-02-13 07:39:00;909402N262;301;0.071;18;234;234;234;235;0.540;49.99;572.7;0.227;625.9;0.131;756.1;0.122;60;0;0;0.515;0.634;0.472;95;117;88;49.99;49.99;49.99;8581;1000;0.0;0;0.0000;0;0;71;71;71
60;2014-02-13 07:40:00;909402N262;357;0.076;18;235;234;234;235;0.626;49.99;578.0;0.258;637.0;0.155;772.6;0.147;60;0;0;0.616;0.711;0.553;116;134;105;49.99;49.99;49.99;8581;1000;0.0;0;0.0000;0;0;76;76;76
60;2014-02-13 07:41:00;909402N262;302;0.081;18;234;234;234;235;0.537;49.98;570.8;0.224;625.6;0.132;760.1;0.124;60;0;0;0.519;0.630;0.464;96;115;87;49.98;49.98;49.98;8581;1000;0.0;0;0.0000;0;0;81;81;81
60;2014-02-13 07:42:00;909402N262;300;0.086;18;235;234;234;235;0.537;49.99;573.1;0.223;626.0;0.130;755.4;0.123;60;0;0;0.521;0.617;0.474;96;113;88;49.99;49.99;49.99;8581;1000;0.0;0;0.0000;0;0;86;86;86
60;2014-02-13 07:43:00;909402N262;287;0.091;18;235;235;235;236;0.516;49.99;571.9;0.222;623.4;0.123;754.0;0.115;60;0;0;0.483;0.596;0.470;89;109;87;49.99;49.99;49.99;8581;1000;0.0;0;0.0000;0;0;91;91;91
60;2014-02-13 07:44:00;909402N262;289;0.096;18;233;233;233;234;0.520;49.99;565.7;0.221;623.8;0.125;756.9;0.118;60;0;0;0.493;0.593;0.474;90;110;88;49.99;49.99;49.99;8581;1000;0.0;0;0.0000;0;0;96;96;96
60;2014-02-13 07:45:00;909402N262;266;0.100;18;232;232;233;233;0.490;49.99;570.0;0.205;620.3;0.115;745.1;0.109;60;0;0;0.465;0.568;0.437;85;100;79;49.99;49.99;49.99;8581;1000;0.0;0;0.0000;0;0;100;100;100
60;2014-02-13 07:46:00;909402N262;261;0.105;18;232;232;232;233;0.482;49.99;560.3;0.208;612.4;0.115;734.3;0.106;60;0;0;0.467;0.564;0.415;84;101;74;49.99;49.99;49.99;8581;1000;0.0;0;0.0000;0;0;105;105;105
60;2014-02-13 07:47:00;909402N262;301;0.109;19;232;231;232;232;0.537;49.98;571.2;0.235;624.9;0.127;756.9;0.121;60;0;0;0.532;0.626;0.455;98;116;85;49.98;49.98;49.98;8581;1000;0.0;0;0.0000;0;0;109;109;109
60;2014-02-13 07:48:00;909402N262;327;0.115;19;232;231;232;232;0.577;49.99;577.4;0.247;631.4;0.139;769.5;0.132;60;0;0;0.568;0.659;0.504;106;123;96;49.99;49.99;49.99;8581;1000;0.0;0;0.0000;0;0;115;115;115
60;2014-02-13 07:49:00;909402N262;317;0.120;19;232;231;232;232;0.563;49.99;569.7;0.246;629.5;0.135;754.9;0.127;60;0;0;0.538;0.670;0.483;100;123;92;49.99;49.99;49.99;8581;1000;0.0;0;0.0000;0;0;120;120;120
60;2014-02-13 07:50:00;909402N262;348;0.127;19;232;231;232;232;0.616;50.00;569.9;0.271;634.2;0.149;766.0;0.136;60;0;0;0.604;0.710;0.536;112;132;101;50.00;50.00;50.00;8581;1000;0.0;0;0.0000;0;0;127;127;127
60;2014-02-13 07:51:00;909402N262;395;0.133;19;232;231;232;232;0.689;49.99;573.9;0.296;643.3;0.168;780.4;0.157;60;0;0;0.650;0.760;0.658;123;146;125;49.99;49.99;49.99;8581;1000;0.0;0;0.0000;0;0;133;133;133
60;2014-02-13 07:52:00;909402N262;382;0.139;19;231;231;232;232;0.675;49.98;573.9;0.285;641.4;0.164;775.5;0.153;60;0;0;0.639;0.759;0.629;120;142;118;49.98;49.98;49.98;8581;1000;0.0;0;0.0000;0;0;139;139;139
60;2014-02-13 07:53:00;909402N262;394;0.146;19;232;231;232;232;0.690;49.98;574.4;0.297;644.5;0.168;775.3;0.156;60;0;0;0.646;0.768;0.658;123;145;125;49.98;49.98;49.98;8581;1000;0.0;0;0.0000;0;0;146;146;146
60;2014-02-13 07:54:00;909402N262;411;0.152;19;232;231;232;233;0.719;50.00;576.8;0.308;647.9;0.173;781.5;0.164;60;0;0;0.662;0.804;0.692;123;153;133;50.00;50.00;50.00;8581;1000;0.0;0;0.0000;0;0;152;152;152
60;2014-02-13 07:55:00;909402N262;440;0.160;20;232;232;232;233;0.756;50.02;581.7;0.325;647.8;0.188;785.9;0.173;60;0;0;0.752;0.829;0.688;144;161;132;50.02;50.02;50.02;8581;1000;0.0;0;0.0000;0;0;160;160;160
60;2014-02-13 07:56:00;909402N262;406;0.167;20;232;231;232;233;0.712;50.01;578.7;0.303;645.1;0.172;776.8;0.162;60;0;0;0.679;0.779;0.679;128;148;128;50.01;50.01;50.01;8581;1000;0.0;0;0.0000;0;0;167;167;167
60;2014-02-13 07:57:00;909402N262;398;0.174;20;232;232;232;233;0.705;50.01;577.7;0.302;643.8;0.168;776.1;0.157;60;0;0;0.668;0.764;0.683;126;143;127;50.01;50.01;50.01;8581;1000;0.0;0;0.0000;0;0;174;174;174
60;2014-02-13 07:58:00;909402N262;417;0.180;20;232;231;232;232;0.729;50.00;578.9;0.311;651.8;0.175;782.6;0.164;60;0;0;0.685;0.783;0.720;130;148;138;50.00;50.00;50.00;8581;1000;0.0;0;0.0000;0;0;180;180;180
60;2014-02-13 07:59:00;909402N262;411;0.187;20;232;232;232;233;0.721;50.00;576.7;0.312;650.1;0.172;775.3;0.161;60;0;0;0.687;0.781;0.696;129;148;132;50.00;50.00;50.00;8581;1000;0.0;0;0.0000;0;0;187;187;187
60;2014-02-13 08:00:00;909402N262;454;0.195;20;232;232;232;233;0.785;50.01;580.8;0.343;650.7;0.193;782.4;0.174;60;0;0;0.748;0.861;0.748;144;165;144;50.01;50.01;50.01;8581;1000;0.0;0;0.0000;0;0;195;195;195
[wr_ende]
