20140703;060003;danfoss;My Plant;+0100
[wr_def_start]
909402N262;Inverter Type;Inverter Group;Hanzl
[wr_def_end]
[wr]
INTERVAL;TIMESTAMP;SERIAL;P_AC;E_DAY;T_WR;U_AC;U_AC_1;U_AC_2;U_AC_3;I_AC;F_AC;U_DC_1;I_DC_1;U_DC_2;I_DC_2;U_DC_3;I_DC_3;S;E_WR;M_WR;I_AC_1;I_AC_2;I_AC_3;P_AC_1;P_AC_2;P_AC_3;F_AC_1;F_AC_2;F_AC_3;R_DC;PC;PCS;PCS_LL;COS_PHI;COS_PHI_LL;S_COS_PHI;Current_Day_Energy;current_Day_Offset;ccEnergyOfDay_WithoutOffset
60;2014-07-03 05:01:00;909402N262;0;0.000;27;234;235;235;234;0.000;50.01;235.3;0.000;234.8;0.000;235.3;0.000;50;0;0;0.000;0.000;0.000;0;0;0;50.01;50.01;50.01;0;1000;0.0;0;0.0000;0;0;0;0;0
60;2014-07-03 05:02:00;909402N262;0;0.000;27;234;235;235;233;0.000;49.99;235.6;0.000;235.1;0.000;235.6;0.000;50;0;0;0.000;0.000;0.000;0;0;0;49.99;49.99;49.99;0;1000;0.0;0;0.0000;0;0;0;0;0
60;2014-07-03 05:03:00;909402N262;0;0.000;27;234;235;235;233;0.000;50.00;227.4;0.000;226.9;0.000;227.4;0.000;50;0;0;0.000;0.000;0.000;0;0;0;50.00;50.00;50.00;0;1000;0.0;0;0.0000;0;0;0;0;0
60;2014-07-03 05:04:00;909402N262;0;0.000;27;234;235;235;233;0.000;50.01;229.8;0.000;229.2;0.000;230.0;0.000;50;0;0;0.000;0.000;0.000;0;0;0;50.01;50.01;50.01;0;1000;0.0;0;0.0000;0;0;0;0;0
60;2014-07-03 05:05:00;909402N262;0;0.000;27;234;235;234;234;0.000;50.02;232.8;0.000;232.3;0.000;232.7;0.000;50;0;0;0.000;0.000;0.000;0;0;0;50.02;50.02;50.02;0;1000;0.0;0;0.0000;0;0;0;0;0
60;2014-07-03 05:06:00;909402N262;0;0.000;27;234;235;235;233;0.000;50.02;235.4;0.000;234.8;0.000;236.3;0.000;50;0;0;0.000;0.000;0.000;0;0;0;50.02;50.02;50.02;0;1000;0.0;0;0.0000;0;0;0;0;0
60;2014-07-03 05:07:00;909402N262;0;0.000;27;234;235;235;233;0.000;50.01;240.7;0.000;240.2;0.000;240.1;0.000;50;0;0;0.000;0.000;0.000;0;0;0;50.01;50.01;50.01;0;1000;0.0;0;0.0000;0;0;0;0;0
60;2014-07-03 05:08:00;909402N262;0;0.000;27;234;235;235;234;0.000;50.01;245.4;0.000;244.9;0.000;245.4;0.000;50;0;0;0.000;0.000;0.000;0;0;0;50.01;50.01;50.01;0;1000;0.0;0;0.0000;0;0;0;0;0
60;2014-07-03 05:09:00;909402N262;0;0.000;27;234;234;235;233;0.000;50.01;248.9;0.000;248.4;0.000;249.0;0.000;50;0;0;0.000;0.000;0.000;0;0;0;50.01;50.01;50.01;0;1000;0.0;0;0.0000;0;0;0;0;0
60;2014-07-03 05:10:00;909402N262;0;0.000;27;234;235;234;233;0.000;50.01;265.9;0.000;265.5;0.000;265.8;0.000;50;0;0;0.000;0.000;0.000;0;0;0;50.01;50.01;50.01;0;1000;0.0;0;0.0000;0;0;0;0;0
60;2014-07-03 05:11:00;909402N262;0;0.000;27;234;235;234;233;0.000;50.02;253.1;0.000;253.0;0.000;253.0;0.000;50;0;0;0.000;0.000;0.000;0;0;0;50.02;50.02;50.02;0;1000;0.0;0;0.0000;0;0;0;0;0
60;2014-07-03 05:12:00;909402N262;0;0.000;27;234;235;235;233;0.000;50.02;257.0;0.000;256.6;0.000;256.6;0.000;50;0;0;0.000;0.000;0.000;0;0;0;50.02;50.02;50.02;0;1000;0.0;0;0.0000;0;0;0;0;0
60;2014-07-03 05:13:00;909402N262;0;0.000;27;234;235;235;233;0.006;50.03;384.8;0.000;364.2;0.000;374.0;0.000;51;0;0;0.006;0.006;0.006;0;0;0;50.02;50.03;50.03;0;1000;0.0;0;0.0000;0;0;0;0;0
60;2014-07-03 05:14:00;909402N262;0;0.000;27;234;235;235;233;0.004;50.02;443.8;0.001;436.1;0.001;488.9;0.000;51;0;0;0.006;0.003;0.003;0;0;0;50.02;50.02;50.02;5599;1000;0.0;0;0.0000;0;0;0;0;0
60;2014-07-03 05:15:00;909402N262;0;0.000;27;234;235;234;234;0.101;50.02;356.1;0.008;342.7;0.002;357.6;0.002;60;0;0;0.138;0.062;0.105;0;6;1;50.02;50.02;50.02;7423;1000;0.0;0;0.0000;0;0;0;0;0
60;2014-07-03 05:16:00;909402N262;0;0.000;27;234;234;233;235;0.140;50.03;346.9;0.010;344.6;0.003;371.6;0.002;60;0;0;0.188;0.054;0.180;0;5;4;50.03;50.03;50.03;7423;1000;0.0;0;0.0000;0;0;0;0;0
60;2014-07-03 05:17:00;909402N262;2;0.000;28;234;235;233;234;0.185;50.03;397.5;0.011;371.8;0.004;413.6;0.003;60;0;0;0.273;0.117;0.167;0;13;6;50.03;50.03;50.03;7423;1000;0.0;0;0.0000;0;0;0;0;0
60;2014-07-03 05:18:00;909402N262;3;0.000;28;234;234;234;234;0.143;50.03;401.2;0.011;412.6;0.005;359.5;0.005;60;0;0;0.253;0.082;0.096;0;6;4;50.03;50.03;50.03;7423;1000;0.0;0;0.0000;0;0;0;0;0
60;2014-07-03 05:19:00;909402N262;3;0.000;28;234;234;234;234;0.135;50.02;414.8;0.014;401.6;0.006;290.9;0.007;60;0;0;0.203;0.120;0.083;0;12;4;50.03;50.03;50.03;7423;1000;0.0;0;0.0000;0;0;0;0;0
60;2014-07-03 05:20:00;909402N262;4;0.000;28;234;234;234;234;0.173;50.03;422.9;0.015;320.6;0.007;349.3;0.007;60;0;0;0.311;0.107;0.102;3;6;3;50.03;50.03;50.03;7423;1000;0.0;0;0.0000;0;0;0;0;0
60;2014-07-03 05:21:00;909402N262;6;0.000;28;234;234;234;234;0.181;50.02;412.9;0.017;366.1;0.007;390.8;0.007;60;0;0;0.311;0.106;0.128;4;3;4;50.02;50.02;50.02;7423;1000;0.0;0;0.0000;0;0;0;0;0
60;2014-07-03 05:22:00;909402N262;9;0.001;28;234;234;234;234;0.179;50.02;417.5;0.019;398.6;0.007;454.3;0.007;60;0;0;0.231;0.134;0.174;3;6;4;50.02;50.02;50.02;7423;1000;0.0;0;0.0000;0;0;1;1;1
60;2014-07-03 05:23:00;909402N262;12;0.001;28;234;234;233;234;0.182;50.02;436.5;0.019;435.3;0.007;514.7;0.007;60;0;0;0.195;0.177;0.174;1;16;2;50.02;50.02;50.02;7423;1000;0.0;0;0.0000;0;0;1;1;1
60;2014-07-03 05:24:00;909402N262;14;0.001;28;234;234;233;234;0.187;50.02;434.7;0.021;457.4;0.007;525.3;0.007;60;0;0;0.249;0.074;0.238;7;4;6;50.02;50.02;50.02;7423;1000;0.0;0;0.0000;0;0;1;1;1
60;2014-07-03 05:25:00;909402N262;16;0.001;28;233;234;233;234;0.178;50.03;433.7;0.023;475.1;0.008;542.5;0.007;60;0;0;0.181;0.095;0.258;2;9;8;50.03;50.03;50.03;7423;1000;0.0;0;0.0000;0;0;1;1;1
60;2014-07-03 05:26:00;909402N262;19;0.001;28;234;234;233;234;0.205;50.03;439.7;0.026;479.3;0.010;544.6;0.010;60;0;0;0.222;0.116;0.278;3;11;7;50.03;50.03;50.03;7423;1000;0.0;0;0.0000;0;0;1;1;1
60;2014-07-03 05:27:00;909402N262;19;0.002;28;233;234;233;234;0.220;50.04;420.7;0.029;450.0;0.011;528.8;0.011;60;0;0;0.226;0.171;0.263;1;20;5;50.04;50.04;50.04;7423;1000;0.0;0;0.0000;0;0;2;2;2
60;2014-07-03 05:28:00;909402N262;21;0.002;28;233;234;233;234;0.184;50.04;426.1;0.031;434.9;0.013;522.8;0.011;60;0;0;0.179;0.179;0.194;1;20;7;50.04;50.04;50.04;7423;1000;0.0;0;0.0000;0;0;2;2;2
60;2014-07-03 05:29:00;909402N262;23;0.003;28;233;234;233;234;0.232;50.04;436.6;0.032;463.1;0.013;518.6;0.011;60;0;0;0.229;0.290;0.178;1;32;1;50.04;50.04;50.04;7423;1000;0.0;0;0.0000;0;0;3;3;3
60;2014-07-03 05:30:00;909402N262;26;0.003;28;233;234;233;234;0.248;50.02;451.7;0.034;477.9;0.015;532.7;0.014;60;0;0;0.276;0.253;0.215;4;24;3;50.02;50.02;50.02;7423;1000;0.0;0;0.0000;0;0;3;3;3
60;2014-07-03 05:31:00;909402N262;29;0.004;28;234;234;233;234;0.260;50.03;429.4;0.039;461.7;0.016;530.9;0.015;60;0;0;0.239;0.324;0.219;0;37;2;50.03;50.03;50.03;7423;1000;0.0;0;0.0000;0;0;4;4;4
60;2014-07-03 05:32:00;909402N262;33;0.004;28;233;234;233;234;0.291;50.03;454.4;0.042;460.6;0.019;535.1;0.016;60;0;0;0.286;0.319;0.268;1;33;6;50.03;50.03;50.03;7423;1000;0.0;0;0.0000;0;0;4;4;4
60;2014-07-03 05:33:00;909402N262;38;0.005;28;233;233;233;233;0.289;50.04;461.2;0.046;471.2;0.022;572.2;0.018;60;0;0;0.260;0.361;0.248;2;38;5;50.04;50.04;50.04;7423;1000;0.0;0;0.0000;0;0;5;5;5
60;2014-07-03 05:34:00;909402N262;45;0.006;28;233;233;232;234;0.296;50.05;469.4;0.052;490.8;0.023;604.9;0.019;60;0;0;0.273;0.206;0.411;3;21;26;50.05;50.05;50.05;7423;1000;0.0;0;0.0000;0;0;6;6;6
60;2014-07-03 05:35:00;909402N262;50;0.007;28;233;233;232;234;0.316;50.06;472.7;0.057;489.5;0.027;589.9;0.021;60;0;0;0.315;0.196;0.439;8;22;20;50.06;50.06;50.06;7423;1000;0.0;0;0.0000;0;0;7;7;7
60;2014-07-03 05:36:00;909402N262;56;0.008;29;233;233;231;234;0.293;50.05;480.6;0.062;491.4;0.030;596.7;0.024;60;0;0;0.264;0.172;0.445;6;20;30;50.05;50.05;50.05;7423;1000;0.0;0;0.0000;0;0;8;8;8
60;2014-07-03 05:37:00;909402N262;64;0.008;29;234;235;233;235;0.300;50.05;481.9;0.070;506.9;0.033;610.8;0.028;60;0;0;0.285;0.211;0.405;5;25;34;50.05;50.05;50.05;7423;1000;0.0;0;0.0000;0;0;8;8;8
60;2014-07-03 05:38:00;909402N262;73;0.010;29;235;236;235;236;0.346;50.04;487.1;0.078;508.0;0.038;623.6;0.032;60;0;0;0.321;0.248;0.471;4;29;43;50.04;50.04;50.04;7423;1000;0.0;0;0.0000;0;0;10;10;10
60;2014-07-03 05:39:00;909402N262;82;0.011;29;236;236;235;236;0.362;50.04;491.4;0.085;514.5;0.042;624.8;0.035;60;0;0;0.390;0.355;0.343;12;40;30;50.04;50.04;50.04;7423;1000;0.0;0;0.0000;0;0;11;11;11
60;2014-07-03 05:40:00;909402N262;89;0.012;29;236;236;236;236;0.366;50.05;494.3;0.091;533.0;0.042;630.3;0.038;60;0;0;0.427;0.370;0.301;24;41;23;50.05;50.05;50.05;7423;1000;0.0;0;0.0000;0;0;12;12;12
60;2014-07-03 05:41:00;909402N262;91;0.013;29;236;236;235;236;0.385;50.04;496.7;0.094;536.3;0.042;627.1;0.039;60;0;0;0.499;0.452;0.204;38;53;4;50.04;50.04;50.04;7423;1000;0.0;0;0.0000;0;0;13;13;13
60;2014-07-03 05:42:00;909402N262;92;0.015;29;236;236;235;236;0.385;50.03;496.6;0.097;535.9;0.042;628.2;0.038;60;0;0;0.452;0.492;0.212;30;59;4;50.03;50.03;50.03;7423;1000;0.0;0;0.0000;0;0;15;15;15
60;2014-07-03 05:43:00;909402N262;93;0.016;29;236;236;235;236;0.459;50.04;497.3;0.098;535.7;0.044;631.1;0.038;60;0;0;0.535;0.527;0.317;22;62;11;50.04;50.04;50.04;7423;1000;0.0;0;0.0000;0;0;16;16;16
60;2014-07-03 05:44:00;909402N262;96;0.017;29;236;236;235;236;0.493;50.04;501.4;0.101;524.9;0.046;629.5;0.039;60;0;0;0.553;0.598;0.329;21;71;6;50.04;50.04;50.04;7423;1000;0.0;0;0.0000;0;0;17;17;17
60;2014-07-03 05:45:00;909402N262;103;0.020;29;235;236;234;236;0.534;50.05;501.9;0.107;538.5;0.051;638.8;0.039;60;0;0;0.555;0.522;0.527;14;63;28;50.05;50.05;50.05;7423;1000;0.0;0;0.0000;0;0;20;20;20
60;2014-07-03 05:46:00;909402N262;113;0.022;29;235;236;234;236;0.569;50.05;503.4;0.117;539.0;0.059;620.7;0.045;60;0;0;0.596;0.541;0.570;16;69;30;50.05;50.05;50.05;7423;1000;0.0;0;0.0000;0;0;22;22;22
60;2014-07-03 05:47:00;909402N262;134;0.024;29;235;236;234;236;0.527;50.03;511.5;0.131;554.8;0.069;655.0;0.049;60;0;0;0.596;0.524;0.461;38;68;26;50.03;50.03;50.03;7423;1000;0.0;0;0.0000;0;0;24;24;24
60;2014-07-03 05:48:00;909402N262;150;0.026;29;235;235;234;235;0.487;50.02;516.3;0.145;558.9;0.076;662.8;0.055;60;0;0;0.553;0.519;0.390;46;72;30;50.02;50.02;50.02;7423;1000;0.0;0;0.0000;0;0;26;26;26
60;2014-07-03 05:49:00;909402N262;159;0.029;29;235;235;234;235;0.579;50.04;518.6;0.154;557.3;0.078;654.8;0.061;60;0;0;0.679;0.612;0.447;42;83;32;50.04;50.04;50.04;7423;1000;0.0;0;0.0000;0;0;29;29;29
60;2014-07-03 05:50:00;909402N262;161;0.032;29;235;235;234;235;0.492;50.04;519.9;0.156;557.1;0.077;666.0;0.061;60;0;0;0.505;0.537;0.434;40;74;45;50.04;50.04;50.04;7423;1000;0.0;0;0.0000;0;0;32;32;32
60;2014-07-03 05:51:00;909402N262;159;0.034;30;235;235;234;235;0.553;50.04;521.2;0.156;564.3;0.074;655.9;0.061;60;0;0;0.585;0.598;0.476;38;81;38;50.05;50.05;50.05;7423;1000;0.0;0;0.0000;0;0;34;34;34
60;2014-07-03 05:52:00;909402N262;157;0.037;30;235;235;234;235;0.587;50.03;522.7;0.156;561.9;0.073;651.2;0.060;60;0;0;0.682;0.627;0.452;50;81;24;50.03;50.03;50.03;7423;1000;0.0;0;0.0000;0;0;37;37;37
60;2014-07-03 05:53:00;909402N262;158;0.040;30;235;235;234;235;0.601;50.02;524.0;0.156;561.7;0.073;649.6;0.060;60;0;0;0.700;0.653;0.452;53;83;20;50.02;50.02;50.02;7423;1000;0.0;0;0.0000;0;0;40;40;40
60;2014-07-03 05:54:00;909402N262;158;0.042;30;235;236;235;235;0.598;50.03;525.5;0.158;564.3;0.074;652.0;0.059;60;0;0;0.679;0.636;0.480;47;80;30;50.03;50.03;50.03;7423;1000;0.0;0;0.0000;0;0;42;42;42
60;2014-07-03 05:55:00;909402N262;160;0.045;30;235;236;235;236;0.556;50.03;527.6;0.159;566.6;0.074;652.2;0.059;60;0;0;0.576;0.612;0.482;45;80;34;50.03;50.03;50.03;7423;1000;0.0;0;0.0000;0;0;45;45;45
60;2014-07-03 05:56:00;909402N262;162;0.048;30;235;236;234;236;0.605;50.03;528.6;0.161;565.6;0.074;652.0;0.060;60;0;0;0.583;0.650;0.584;41;83;36;50.03;50.03;50.03;7423;1000;0.0;0;0.0000;0;0;48;48;48
60;2014-07-03 05:57:00;909402N262;164;0.050;30;235;236;234;236;0.611;50.03;527.0;0.164;564.6;0.074;652.1;0.061;60;0;0;0.577;0.680;0.577;34;90;38;50.03;50.03;50.03;7423;1000;0.0;0;0.0000;0;0;50;50;50
60;2014-07-03 05:58:00;909402N262;165;0.054;30;235;236;234;236;0.632;50.03;526.1;0.166;562.8;0.076;653.0;0.061;60;0;0;0.615;0.648;0.635;39;84;40;50.03;50.03;50.03;7423;1000;0.0;0;0.0000;0;0;54;54;54
60;2014-07-03 05:59:00;909402N262;168;0.056;31;235;236;234;236;0.699;50.03;527.2;0.169;561.9;0.078;656.4;0.061;60;0;0;0.695;0.717;0.685;33;91;41;50.03;50.03;50.03;7423;1000;0.0;0;0.0000;0;0;56;56;56
60;2014-07-03 06:00:00;909402N262;172;0.059;31;235;235;234;236;0.557;50.06;528.1;0.171;563.3;0.078;663.7;0.061;60;0;0;0.533;0.605;0.535;42;81;46;50.06;50.06;50.06;7423;1000;0.0;0;0.0000;0;0;59;59;59
[wr_ende]
