20140710;220003;danfoss;My Plant;+0100
[wr_def_start]
909402N262;Inverter Type;Inverter Group;Hanzl
[wr_def_end]
[wr]
INTERVAL;TIMESTAMP;SERIAL;P_AC;E_DAY;T_WR;U_AC;U_AC_1;U_AC_2;U_AC_3;I_AC;F_AC;U_DC_1;I_DC_1;U_DC_2;I_DC_2;U_DC_3;I_DC_3;S;E_WR;M_WR;I_AC_1;I_AC_2;I_AC_3;P_AC_1;P_AC_2;P_AC_3;F_AC_1;F_AC_2;F_AC_3;R_DC;PC;PCS;PCS_LL;COS_PHI;COS_PHI_LL;S_COS_PHI;Current_Day_Energy;current_Day_Offset;ccEnergyOfDay_WithoutOffset
60;2014-07-10 21:01:00;909402N262;0;19.110;34;235;236;237;234;0.000;50.01;227.1;0.000;226.6;0.000;227.2;0.000;50;0;0;0.000;0.000;0.000;0;0;0;50.01;50.01;50.01;5399;1000;0.0;0;0.0000;0;0;19110;19110;19110
60;2014-07-10 21:02:00;909402N262;0;19.110;34;235;235;236;234;0.000;50.00;229.7;0.000;229.1;0.000;229.7;0.000;50;0;0;0.000;0.000;0.000;0;0;0;50.00;50.00;50.00;5399;1000;0.0;0;0.0000;0;0;19110;19110;19110
60;2014-07-10 21:03:00;909402N262;0;19.110;34;235;235;236;234;0.000;50.00;230.1;0.000;229.5;0.000;230.1;0.000;50;0;0;0.000;0.000;0.000;0;0;0;50.00;50.00;50.00;5399;1000;0.0;0;0.0000;0;0;19110;19110;19110
60;2014-07-10 21:04:00;909402N262;0;19.110;33;235;235;236;234;0.000;50.01;229.5;0.000;228.8;0.000;229.5;0.000;50;0;0;0.000;0.000;0.000;0;0;0;50.01;50.01;50.01;5399;1000;0.0;0;0.0000;0;0;19110;19110;19110
60;2014-07-10 21:05:00;909402N262;0;19.110;33;235;235;236;234;0.000;50.01;232.1;0.000;225.1;0.000;232.1;0.000;50;0;0;0.000;0.000;0.000;0;0;0;50.01;50.01;50.01;5399;1000;0.0;0;0.0000;0;0;19110;19110;19110
60;2014-07-10 21:06:00;909402N262;0;19.110;33;235;235;236;234;0.000;49.99;242.3;0.000;212.2;0.000;242.3;0.000;50;0;0;0.000;0.000;0.000;0;0;0;49.99;49.99;49.99;5399;1000;0.0;0;0.0000;0;0;19110;19110;19110
60;2014-07-10 21:07:00;909402N262;0;19.110;33;235;235;236;234;0.000;49.98;232.7;0.000;194.5;0.000;226.7;0.000;50;0;0;0.000;0.000;0.000;0;0;0;49.98;49.98;49.98;5399;1000;0.0;0;0.0000;0;0;19110;19110;19110
60;2014-07-10 21:08:00;909402N262;0;19.110;32;235;235;236;234;0.000;49.98;219.2;0.000;178.2;0.000;204.8;0.000;80;0;0;0.000;0.000;0.000;0;0;0;49.98;49.98;49.98;5399;1000;0.0;0;0.0000;0;0;19110;19110;19110
[wr_ende]
