20140404;200004;danfoss;My Plant;+0100
[wr_def_start]
909402N262;Inverter Type;Inverter Group;Hanzl
[wr_def_end]
[wr]
INTERVAL;TIMESTAMP;SERIAL;P_AC;E_DAY;T_WR;U_AC;U_AC_1;U_AC_2;U_AC_3;I_AC;F_AC;U_DC_1;I_DC_1;U_DC_2;I_DC_2;U_DC_3;I_DC_3;S;E_WR;M_WR;I_AC_1;I_AC_2;I_AC_3;P_AC_1;P_AC_2;P_AC_3;F_AC_1;F_AC_2;F_AC_3;R_DC;PC;PCS;PCS_LL;COS_PHI;COS_PHI_LL;S_COS_PHI;Current_Day_Energy;current_Day_Offset;ccEnergyOfDay_WithoutOffset
60;2014-04-04 19:01:00;909402N262;266;57.397;39;235;233;237;235;0.563;50.03;510.2;0.206;564.1;0.136;681.3;0.130;60;0;0;0.497;0.649;0.544;78;100;86;50.03;50.03;50.03;12082;1000;0.0;0;0.0000;0;0;57397;57397;57397
60;2014-04-04 19:02:00;909402N262;250;57.400;39;235;233;236;235;0.536;50.04;513.1;0.193;569.4;0.126;686.1;0.122;60;0;0;0.465;0.629;0.516;73;95;81;50.04;50.04;50.04;12082;1000;0.0;0;0.0000;0;0;57400;57400;57400
60;2014-04-04 19:03:00;909402N262;232;57.404;39;234;233;236;235;0.508;50.03;508.8;0.180;566.1;0.118;680.8;0.114;60;0;0;0.458;0.585;0.482;71;86;73;50.03;50.03;50.03;12082;1000;0.0;0;0.0000;0;0;57404;57404;57404
60;2014-04-04 19:04:00;909402N262;214;57.408;39;234;233;236;235;0.498;50.03;503.7;0.168;563.2;0.109;674.9;0.106;60;0;0;0.447;0.574;0.475;66;76;70;50.03;50.03;50.03;12082;1000;0.0;0;0.0000;0;0;57408;57408;57408
60;2014-04-04 19:05:00;909402N262;196;57.411;39;234;233;235;235;0.499;50.01;501.9;0.156;561.0;0.101;668.8;0.098;60;0;0;0.423;0.619;0.457;59;73;63;50.01;50.01;50.01;12082;1000;0.0;0;0.0000;0;0;57411;57411;57411
60;2014-04-04 19:06:00;909402N262;179;57.414;39;234;232;235;235;0.455;50.01;498.2;0.143;555.1;0.092;668.8;0.089;60;0;0;0.360;0.572;0.433;52;67;59;50.01;50.01;50.01;12082;1000;0.0;0;0.0000;0;0;57414;57414;57414
60;2014-04-04 19:07:00;909402N262;162;57.417;39;234;232;235;235;0.453;50.01;497.4;0.129;549.2;0.084;662.8;0.081;60;0;0;0.324;0.600;0.436;43;61;56;50.01;50.01;50.01;12082;1000;0.0;0;0.0000;0;0;57417;57417;57417
60;2014-04-04 19:08:00;909402N262;146;57.419;39;234;232;235;235;0.432;50.02;497.8;0.118;543.6;0.078;653.9;0.075;60;0;0;0.325;0.565;0.408;45;54;45;50.02;50.02;50.02;12082;1000;0.0;0;0.0000;0;0;57419;57419;57419
60;2014-04-04 19:09:00;909402N262;130;57.421;39;234;232;235;235;0.394;50.02;493.5;0.106;536.6;0.069;650.1;0.067;60;0;0;0.256;0.575;0.352;36;56;36;50.02;50.02;50.02;12082;1000;0.0;0;0.0000;0;0;57421;57421;57421
60;2014-04-04 19:10:00;909402N262;116;57.424;39;234;231;235;235;0.387;50.02;489.3;0.095;536.5;0.061;652.6;0.060;60;0;0;0.280;0.514;0.367;39;41;34;50.02;50.02;50.02;12082;1000;0.0;0;0.0000;0;0;57424;57424;57424
60;2014-04-04 19:11:00;909402N262;101;57.425;39;234;231;235;235;0.396;50.01;484.5;0.085;530.6;0.054;634.3;0.055;60;0;0;0.281;0.543;0.364;38;35;26;50.01;50.01;50.01;12082;1000;0.0;0;0.0000;0;0;57425;57425;57425
60;2014-04-04 19:12:00;909402N262;88;57.426;38;234;231;235;235;0.389;49.99;479.3;0.076;516.0;0.048;627.5;0.047;60;0;0;0.237;0.561;0.369;31;29;26;49.99;49.99;49.99;12082;1000;0.0;0;0.0000;0;0;57426;57426;57426
60;2014-04-04 19:13:00;909402N262;76;57.428;38;234;230;235;235;0.348;50.00;474.6;0.067;509.2;0.042;619.0;0.042;60;0;0;0.196;0.497;0.352;27;22;27;50.00;50.00;50.00;12082;1000;0.0;0;0.0000;0;0;57428;57428;57428
60;2014-04-04 19:14:00;909402N262;65;57.429;38;234;231;236;235;0.307;50.00;466.8;0.059;501.4;0.037;616.6;0.037;60;0;0;0.190;0.485;0.248;25;19;20;50.00;50.00;50.00;12082;1000;0.0;0;0.0000;0;0;57429;57429;57429
60;2014-04-04 19:15:00;909402N262;55;57.431;38;234;232;235;235;0.279;50.01;459.8;0.051;490.5;0.032;600.2;0.032;60;0;0;0.159;0.429;0.251;20;18;16;50.01;50.01;50.01;12082;1000;0.0;0;0.0000;0;0;57431;57431;57431
60;2014-04-04 19:16:00;909402N262;46;57.431;38;234;232;235;235;0.260;50.01;450.7;0.043;465.6;0.028;592.0;0.027;60;0;0;0.141;0.405;0.236;17;12;17;50.01;50.01;50.01;12082;1000;0.0;0;0.0000;0;0;57431;57431;57431
60;2014-04-04 19:17:00;909402N262;39;57.431;38;234;232;235;235;0.217;50.00;436.9;0.039;474.8;0.023;572.4;0.023;60;0;0;0.108;0.337;0.208;12;11;15;50.00;50.00;50.00;12082;1000;0.0;0;0.0000;0;0;57431;57431;57431
60;2014-04-04 19:18:00;909402N262;31;57.432;38;234;232;234;234;0.177;50.01;443.4;0.033;479.5;0.019;541.7;0.020;60;0;0;0.116;0.212;0.205;10;11;11;50.01;50.01;50.01;12082;1000;0.0;0;0.0000;0;0;57432;57432;57432
60;2014-04-04 19:19:00;909402N262;24;57.432;38;233;232;234;234;0.144;50.00;431.5;0.027;450.2;0.017;535.3;0.016;60;0;0;0.076;0.193;0.164;6;13;5;50.00;50.00;50.00;12082;1000;0.0;0;0.0000;0;0;57432;57432;57432
60;2014-04-04 19:20:00;909402N262;17;57.432;38;234;232;234;235;0.133;50.00;411.4;0.022;428.1;0.013;520.8;0.012;60;0;0;0.062;0.164;0.173;5;10;4;50.00;50.00;50.00;12082;1000;0.0;0;0.0000;0;0;57432;57432;57432
60;2014-04-04 19:21:00;909402N262;11;57.433;38;234;232;234;235;0.103;49.99;406.5;0.017;404.2;0.010;491.4;0.008;60;0;0;0.046;0.122;0.142;3;8;2;49.99;49.99;49.99;12082;1000;0.0;0;0.0000;0;0;57433;57433;57433
60;2014-04-04 19:22:00;909402N262;3;57.433;38;233;232;234;234;0.096;50.00;391.1;0.013;325.0;0.007;362.8;0.007;60;0;0;0.056;0.130;0.104;5;5;0;50.00;50.00;50.00;12082;1000;0.0;0;0.0000;0;0;57433;57433;57433
60;2014-04-04 19:23:00;909402N262;2;57.433;38;234;232;235;234;0.106;49.99;363.7;0.010;382.3;0.003;453.0;0.003;60;0;0;0.056;0.187;0.076;2;2;4;49.99;49.99;49.99;12082;1000;0.0;0;0.0000;0;0;57433;57433;57433
60;2014-04-04 19:24:00;909402N262;0;57.433;37;233;232;234;234;0.031;49.98;278.5;0.007;324.8;0.003;371.1;0.003;60;0;0;0.012;0.060;0.021;1;0;0;49.98;49.98;49.98;12082;1000;0.0;0;0.0000;0;0;57433;57433;57433
60;2014-04-04 19:25:00;909402N262;0;57.433;37;234;232;234;235;0.028;49.98;266.2;0.006;267.6;0.003;287.5;0.003;60;0;0;0.002;0.044;0.038;0;0;0;49.98;49.98;49.98;12082;1000;0.0;0;0.0000;0;0;57433;57433;57433
60;2014-04-04 19:26:00;909402N262;0;57.433;37;234;233;233;235;0.019;49.98;270.2;0.003;289.7;0.001;289.5;0.002;60;0;0;0.005;0.009;0.045;0;0;0;49.98;49.98;49.98;12082;1000;0.0;0;0.0000;0;0;57433;57433;57433
60;2014-04-04 19:27:00;909402N262;0;57.433;37;234;233;235;233;0.000;49.97;400.8;0.000;351.4;0.000;369.4;0.000;50;0;0;0.000;0.000;0.001;0;0;0;49.97;49.97;49.97;12082;1000;0.0;0;0.0000;0;0;57433;57433;57433
60;2014-04-04 19:28:00;909402N262;0;57.433;37;233;232;235;233;0.000;49.97;396.0;0.000;327.2;0.000;352.0;0.000;50;0;0;0.000;0.000;0.000;0;0;0;49.97;49.97;49.97;12082;1000;0.0;0;0.0000;0;0;57433;57433;57433
60;2014-04-04 19:29:00;909402N262;0;57.433;37;233;232;235;232;0.000;49.97;287.7;0.000;275.1;0.000;280.2;0.000;50;0;0;0.000;0.000;0.000;0;0;0;49.97;49.97;49.97;12082;1000;0.0;0;0.0000;0;0;57433;57433;57433
60;2014-04-04 19:30:00;909402N262;0;57.433;36;233;232;235;231;0.000;49.98;236.0;0.000;235.4;0.000;236.0;0.000;50;0;0;0.000;0.000;0.000;0;0;0;49.98;49.98;49.98;12082;1000;0.0;0;0.0000;0;0;57433;57433;57433
60;2014-04-04 19:31:00;909402N262;0;57.433;36;233;232;235;231;0.000;49.98;231.5;0.000;230.9;0.000;232.0;0.000;50;0;0;0.000;0.000;0.000;0;0;0;49.98;49.98;49.98;12082;1000;0.0;0;0.0000;0;0;57433;57433;57433
60;2014-04-04 19:32:00;909402N262;0;57.433;36;233;232;235;232;0.000;49.99;230.1;0.000;229.5;0.000;230.1;0.000;50;0;0;0.000;0.000;0.000;0;0;0;49.99;49.99;49.99;12082;1000;0.0;0;0.0000;0;0;57433;57433;57433
60;2014-04-04 19:33:00;909402N262;0;57.433;35;233;232;235;231;0.000;49.97;228.8;0.000;228.3;0.000;228.9;0.000;50;0;0;0.000;0.000;0.000;0;0;0;49.97;49.97;49.97;12082;1000;0.0;0;0.0000;0;0;57433;57433;57433
60;2014-04-04 19:34:00;909402N262;0;57.433;35;232;232;235;230;0.000;49.97;226.9;0.000;226.4;0.000;226.7;0.000;50;0;0;0.000;0.000;0.000;0;0;0;49.97;49.97;49.97;12082;1000;0.0;0;0.0000;0;0;57433;57433;57433
60;2014-04-04 19:35:00;909402N262;0;57.433;35;232;232;235;230;0.000;49.97;238.7;0.000;238.2;0.000;239.0;0.000;50;0;0;0.000;0.000;0.000;0;0;0;49.97;49.97;49.97;12082;1000;0.0;0;0.0000;0;0;57433;57433;57433
60;2014-04-04 19:36:00;909402N262;0;57.433;34;232;232;235;231;0.000;49.98;233.9;0.000;233.3;0.000;233.7;0.000;50;0;0;0.000;0.000;0.000;0;0;0;49.98;49.98;49.98;12082;1000;0.0;0;0.0000;0;0;57433;57433;57433
60;2014-04-04 19:37:00;909402N262;0;57.433;34;232;232;234;230;0.000;49.96;232.2;0.000;231.7;0.000;232.2;0.000;50;0;0;0.000;0.000;0.000;0;0;0;49.96;49.96;49.96;12082;1000;0.0;0;0.0000;0;0;57433;57433;57433
60;2014-04-04 19:38:00;909402N262;0;57.433;34;232;232;234;231;0.000;49.97;229.0;0.000;228.5;0.000;229.1;0.000;50;0;0;0.000;0.000;0.000;0;0;0;49.97;49.97;49.97;12082;1000;0.0;0;0.0000;0;0;57433;57433;57433
60;2014-04-04 19:39:00;909402N262;0;57.433;34;232;232;234;231;0.000;49.98;229.8;0.000;229.3;0.000;229.7;0.000;50;0;0;0.000;0.000;0.000;0;0;0;49.98;49.98;49.98;12082;1000;0.0;0;0.0000;0;0;57433;57433;57433
60;2014-04-04 19:40:00;909402N262;0;57.433;33;232;231;234;231;0.000;49.98;228.6;0.000;228.1;0.000;228.3;0.000;50;0;0;0.000;0.000;0.000;0;0;0;49.98;49.98;49.98;12082;1000;0.0;0;0.0000;0;0;57433;57433;57433
60;2014-04-04 19:41:00;909402N262;0;57.433;33;232;231;234;231;0.000;49.97;229.3;0.000;228.8;0.000;229.8;0.000;50;0;0;0.000;0.000;0.000;0;0;0;49.97;49.97;49.97;12082;1000;0.0;0;0.0000;0;0;57433;57433;57433
60;2014-04-04 19:42:00;909402N262;0;57.433;33;232;231;234;230;0.000;49.98;227.6;0.000;227.1;0.000;227.7;0.000;50;0;0;0.000;0.000;0.000;0;0;0;49.98;49.98;49.98;12082;1000;0.0;0;0.0000;0;0;57433;57433;57433
60;2014-04-04 19:43:00;909402N262;0;57.433;32;232;231;234;229;0.000;49.97;227.4;0.000;226.9;0.000;227.4;0.000;50;0;0;0.000;0.000;0.000;0;0;0;49.98;49.98;49.97;12082;1000;0.0;0;0.0000;0;0;57433;57433;57433
60;2014-04-04 19:44:00;909402N262;0;57.433;32;231;231;234;230;0.000;49.96;230.0;0.000;229.4;0.000;230.0;0.000;50;0;0;0.000;0.000;0.000;0;0;0;49.96;49.96;49.96;12082;1000;0.0;0;0.0000;0;0;57433;57433;57433
60;2014-04-04 19:45:00;909402N262;0;57.433;32;231;230;234;230;0.000;49.95;229.3;0.000;226.4;0.000;229.2;0.000;50;0;0;0.000;0.000;0.000;0;0;0;49.95;49.95;49.95;12082;1000;0.0;0;0.0000;0;0;57433;57433;57433
60;2014-04-04 19:46:00;909402N262;0;57.433;32;233;232;236;232;0.000;49.96;231.1;0.000;213.8;0.000;231.0;0.000;50;0;0;0.000;0.000;0.000;0;0;0;49.96;49.96;49.96;12082;1000;0.0;0;0.0000;0;0;57433;57433;57433
60;2014-04-04 19:47:00;909402N262;0;57.433;32;234;233;236;232;0.000;49.95;244.6;0.000;193.8;0.000;226.6;0.000;50;0;0;0.000;0.000;0.000;0;0;0;49.95;49.95;49.95;12082;1000;0.0;0;0.0000;0;0;57433;57433;57433
60;2014-04-04 19:48:00;909402N262;0;57.433;31;233;233;235;231;0.000;49.95;239.5;0.000;172.9;0.000;199.3;0.000;50;0;0;0.000;0.000;0.000;0;0;0;49.95;49.95;49.95;12082;1000;0.0;0;0.0000;0;0;57433;57433;57433
60;2014-04-04 19:49:00;909402N262;0;57.433;31;233;233;234;233;0.000;49.97;226.4;0.000;153.0;0.000;173.7;0.000;50;0;0;0.000;0.000;0.000;0;0;0;49.97;49.97;49.97;12082;1000;0.0;0;0.0000;0;0;57433;57433;57433
60;2014-04-04 19:50:00;909402N262;0;57.433;31;233;233;233;233;0.000;49.97;210.2;0.000;134.4;0.000;150.1;0.000;50;0;0;0.000;0.000;0.000;0;0;0;49.97;49.97;49.97;12082;1000;0.0;0;0.0000;0;0;57433;57433;57433
[wr_ende]
