20140721;100004;danfoss;My Plant;+0100
[wr_def_start]
909402N262;Inverter Type;Inverter Group;Hanzl
[wr_def_end]
[wr]
INTERVAL;TIMESTAMP;SERIAL;P_AC;E_DAY;T_WR;U_AC;U_AC_1;U_AC_2;U_AC_3;I_AC;F_AC;U_DC_1;I_DC_1;U_DC_2;I_DC_2;U_DC_3;I_DC_3;S;E_WR;M_WR;I_AC_1;I_AC_2;I_AC_3;P_AC_1;P_AC_2;P_AC_3;F_AC_1;F_AC_2;F_AC_3;R_DC;PC;PCS;PCS_LL;COS_PHI;COS_PHI_LL;S_COS_PHI;Current_Day_Energy;current_Day_Offset;ccEnergyOfDay_WithoutOffset
60;2014-07-21 09:01:00;909402N262;1141;1.740;41;231;230;231;233;1.742;50.01;557.6;0.899;630.4;0.564;735.8;0.412;60;0;0;1.700;1.774;1.753;367;387;385;50.01;50.01;50.01;8409;1000;0.0;0;0.0000;0;0;1740;1740;1740
60;2014-07-21 09:02:00;909402N262;1244;1.761;41;231;230;230;233;1.872;50.03;583.1;0.925;656.2;0.591;715.1;0.463;60;0;0;1.815;1.896;1.907;400;419;423;50.03;50.03;50.03;8409;1000;0.0;0;0.0000;0;0;1761;1761;1761
60;2014-07-21 09:03:00;909402N262;1260;1.782;41;231;231;230;233;1.869;50.03;573.8;0.953;658.7;0.596;690.4;0.487;60;0;0;1.805;1.887;1.917;404;423;431;50.03;50.03;50.03;8409;1000;0.0;0;0.0000;0;0;1782;1782;1782
60;2014-07-21 09:04:00;909402N262;1259;1.802;42;232;231;231;234;1.868;50.02;579.6;0.942;642.4;0.614;692.1;0.485;60;0;0;1.807;1.888;1.910;405;423;430;50.02;50.02;50.02;8409;1000;0.0;0;0.0000;0;0;1802;1802;1802
60;2014-07-21 09:05:00;909402N262;1257;1.823;42;232;231;231;234;1.850;50.01;571.0;0.962;635.5;0.617;694.7;0.480;60;0;0;1.786;1.873;1.891;402;422;431;50.01;50.01;50.01;8409;1000;0.0;0;0.0000;0;0;1823;1823;1823
60;2014-07-21 09:06:00;909402N262;1266;1.844;42;232;231;231;234;1.862;50.02;571.5;0.973;602.9;0.650;690.4;0.486;60;0;0;1.795;1.887;1.904;404;426;435;50.02;50.02;50.02;8409;1000;0.0;0;0.0000;0;0;1844;1844;1844
60;2014-07-21 09:07:00;909402N262;1279;1.867;42;232;231;231;233;1.900;50.00;573.7;0.983;585.7;0.672;684.2;0.497;60;0;0;1.834;1.917;1.951;411;430;436;50.00;50.00;50.00;8409;1000;0.0;0;0.0000;0;0;1867;1867;1867
60;2014-07-21 09:08:00;909402N262;1276;1.888;42;232;231;231;233;1.923;50.01;573.6;0.979;585.7;0.663;731.9;0.468;60;0;0;1.872;1.946;1.952;411;428;433;50.01;50.01;50.01;8409;1000;0.0;0;0.0000;0;0;1888;1888;1888
60;2014-07-21 09:09:00;909402N262;1244;1.908;42;232;231;231;234;1.862;50.01;562.2;0.977;585.8;0.640;726.0;0.464;60;0;0;1.806;1.895;1.886;399;420;423;50.01;50.01;50.01;8409;1000;0.0;0;0.0000;0;0;1908;1908;1908
60;2014-07-21 09:10:00;909402N262;1226;1.929;42;232;231;231;234;1.813;50.02;556.0;0.978;587.0;0.625;700.1;0.478;60;0;0;1.751;1.842;1.848;392;413;418;50.02;50.02;50.02;8409;1000;0.0;0;0.0000;0;0;1929;1929;1929
60;2014-07-21 09:11:00;909402N262;1220;1.949;42;232;231;232;233;1.824;50.01;556.8;0.971;587.1;0.621;701.0;0.473;60;0;0;1.770;1.858;1.844;393;414;411;50.01;50.01;50.01;8409;1000;0.0;0;0.0000;0;0;1949;1949;1949
60;2014-07-21 09:12:00;909402N262;1236;1.970;42;232;231;232;233;1.864;50.02;561.9;0.979;588.5;0.628;747.2;0.445;60;0;0;1.819;1.894;1.881;399;418;417;50.02;50.02;50.02;8409;1000;0.0;0;0.0000;0;0;1970;1970;1970
60;2014-07-21 09:13:00;909402N262;1265;1.991;42;232;231;231;233;1.911;50.01;589.0;0.958;590.4;0.632;769.6;0.442;60;0;0;1.868;1.942;1.925;409;427;427;50.01;50.01;50.01;8409;1000;0.0;0;0.0000;0;0;1991;1991;1991
60;2014-07-21 09:14:00;909402N262;1276;2.012;42;232;230;232;232;1.927;50.00;585.7;0.976;589.7;0.631;775.6;0.445;60;0;0;1.880;1.963;1.938;411;433;429;50.00;50.00;50.00;8409;1000;0.0;0;0.0000;0;0;2012;2012;2012
60;2014-07-21 09:15:00;909402N262;1285;2.033;42;232;231;232;232;1.944;49.99;575.8;1.003;588.7;0.627;767.5;0.460;60;0;0;1.906;1.973;1.954;417;435;431;49.99;49.99;49.99;8409;1000;0.0;0;0.0000;0;0;2033;2033;2033
60;2014-07-21 09:16:00;909402N262;1380;2.056;42;231;230;231;231;2.083;50.00;560.3;1.092;546.4;0.855;744.0;0.500;60;0;0;2.040;2.115;2.096;446;468;463;50.00;50.00;50.00;8409;1000;0.0;0;0.0000;0;0;2056;2056;2056
60;2014-07-21 09:17:00;909402N262;1693;2.085;42;231;230;232;232;2.541;50.00;506.9;1.324;404.0;1.656;782.3;0.489;60;0;0;2.485;2.587;2.552;549;574;568;50.00;50.00;50.00;8409;1000;0.0;0;0.0000;0;0;2085;2085;2085
60;2014-07-21 09:18:00;909402N262;1669;2.112;42;231;230;232;232;2.510;49.99;504.1;1.326;407.9;1.580;787.9;0.489;60;0;0;2.457;2.555;2.518;542;565;559;49.99;49.99;49.99;8409;1000;0.0;0;0.0000;0;0;2112;2112;2112
60;2014-07-21 09:19:00;909402N262;1603;2.139;42;231;230;231;231;2.423;49.98;499.7;1.309;411.2;1.452;784.8;0.485;60;0;0;2.370;2.468;2.433;520;543;538;49.98;49.98;49.98;8409;1000;0.0;0;0.0000;0;0;2139;2139;2139
60;2014-07-21 09:20:00;909402N262;1681;2.167;42;231;230;231;231;2.540;49.98;500.3;1.378;419.2;1.504;782.4;0.499;60;0;0;2.484;2.587;2.550;544;571;564;49.98;49.98;49.98;8409;1000;0.0;0;0.0000;0;0;2167;2167;2167
60;2014-07-21 09:21:00;909402N262;1737;2.196;42;233;233;233;234;2.588;49.98;509.7;1.411;422.4;1.535;788.0;0.505;60;0;0;2.538;2.630;2.598;565;586;583;49.98;49.98;49.98;8409;1000;0.0;0;0.0000;0;0;2196;2196;2196
60;2014-07-21 09:22:00;909402N262;1767;2.225;42;234;234;232;235;2.598;49.99;507.3;1.455;427.8;1.521;795.1;0.514;60;0;0;2.553;2.624;2.617;578;590;597;49.99;49.99;49.99;8409;1000;0.0;0;0.0000;0;0;2225;2225;2225
60;2014-07-21 09:23:00;909402N262;1803;2.255;42;234;234;233;235;2.646;49.98;505.6;1.501;431.6;1.532;795.4;0.520;60;0;0;2.596;2.691;2.652;587;609;604;49.98;49.98;49.98;8409;1000;0.0;0;0.0000;0;0;2255;2255;2255
60;2014-07-21 09:24:00;909402N262;1776;2.285;42;234;234;233;235;2.613;49.99;502.6;1.496;438.5;1.469;794.5;0.515;60;0;0;2.564;2.661;2.615;579;600;596;49.99;49.99;49.99;8409;1000;0.0;0;0.0000;0;0;2285;2285;2285
60;2014-07-21 09:25:00;909402N262;1576;2.311;42;234;233;233;235;2.370;49.99;494.8;1.382;438.5;1.204;777.7;0.504;60;0;0;2.317;2.406;2.388;511;531;531;49.99;49.99;49.99;8409;1000;0.0;0;0.0000;0;0;2311;2311;2311
60;2014-07-21 09:26:00;909402N262;2042;2.345;43;234;232;234;235;2.989;49.98;504.4;1.739;446.2;1.697;790.7;0.558;60;0;0;2.928;3.024;3.015;662;688;691;49.98;49.98;49.98;8409;1000;0.0;0;0.0000;0;0;2345;2345;2345
60;2014-07-21 09:27:00;909402N262;2279;2.384;43;234;233;234;236;3.299;49.99;506.2;1.940;449.7;1.924;795.2;0.591;60;0;0;3.234;3.330;3.335;741;764;772;49.99;49.99;49.99;8409;1000;0.0;0;0.0000;0;0;2384;2384;2384
60;2014-07-21 09:28:00;909402N262;2339;2.422;43;235;234;234;236;3.378;50.00;503.5;2.011;455.2;1.948;795.1;0.600;60;0;0;3.315;3.410;3.411;763;783;791;50.00;50.00;50.00;8409;1000;0.0;0;0.0000;0;0;2422;2422;2422
60;2014-07-21 09:29:00;909402N262;2388;2.462;43;234;234;234;236;3.451;49.99;500.5;2.079;458.0;1.967;795.2;0.612;60;0;0;3.395;3.474;3.484;780;798;808;49.99;49.99;49.99;8409;1000;0.0;0;0.0000;0;0;2462;2462;2462
60;2014-07-21 09:30:00;909402N262;2435;2.502;43;234;234;233;235;3.518;49.98;497.5;2.141;462.7;1.974;795.0;0.625;60;0;0;3.481;3.538;3.537;803;812;819;49.98;49.98;49.98;8409;1000;0.0;0;0.0000;0;0;2502;2502;2502
60;2014-07-21 09:31:00;909402N262;2442;2.543;43;234;234;233;235;3.526;49.99;491.1;2.207;456.9;1.980;790.2;0.645;60;0;0;3.483;3.542;3.554;804;814;823;49.99;49.99;49.99;8409;1000;0.0;0;0.0000;0;0;2543;2543;2543
60;2014-07-21 09:32:00;909402N262;2512;2.585;43;234;234;233;235;3.627;50.00;490.9;2.268;460.9;2.001;795.4;0.651;60;0;0;3.575;3.645;3.663;824;837;849;50.00;50.00;50.00;8409;1000;0.0;0;0.0000;0;0;2585;2585;2585
60;2014-07-21 09:33:00;909402N262;2562;2.628;43;234;234;233;235;3.699;49.99;488.1;2.339;460.8;2.021;795.3;0.668;60;0;0;3.655;3.721;3.722;844;854;863;49.99;49.99;49.99;8409;1000;0.0;0;0.0000;0;0;2628;2628;2628
60;2014-07-21 09:34:00;909402N262;2622;2.672;43;234;234;233;235;3.784;49.99;485.4;2.417;461.3;2.046;795.2;0.690;60;0;0;3.739;3.801;3.814;863;873;885;49.99;49.99;49.99;8409;1000;0.0;0;0.0000;0;0;2672;2672;2672
60;2014-07-21 09:35:00;909402N262;2688;2.717;43;234;233;233;235;3.884;50.00;481.8;2.491;466.3;2.067;795.2;0.714;60;0;0;3.830;3.903;3.920;882;896;909;50.00;50.00;50.00;8409;1000;0.0;0;0.0000;0;0;2717;2717;2717
60;2014-07-21 09:36:00;909402N262;2742;2.762;43;234;233;233;235;3.958;50.00;479.5;2.557;465.9;2.090;795.2;0.738;60;0;0;3.904;3.979;3.992;898;915;927;50.00;50.00;50.00;8409;1000;0.0;0;0.0000;0;0;2762;2762;2762
60;2014-07-21 09:37:00;909402N262;2800;2.810;43;234;233;233;235;4.043;50.00;478.6;2.618;467.4;2.116;795.3;0.761;60;0;0;3.992;4.059;4.078;919;933;946;50.00;50.00;50.00;8409;1000;0.0;0;0.0000;0;0;2810;2810;2810
60;2014-07-21 09:38:00;909402N262;2866;2.857;43;234;234;233;235;4.135;50.00;478.2;2.675;471.6;2.143;795.3;0.785;60;0;0;4.083;4.148;4.174;942;953;969;50.00;50.00;50.00;8409;1000;0.0;0;0.0000;0;0;2857;2857;2857
60;2014-07-21 09:39:00;909402N262;2932;2.906;43;234;234;233;235;4.226;50.01;477.0;2.732;474.9;2.168;795.3;0.814;60;0;0;4.172;4.240;4.266;964;974;992;50.01;50.01;50.01;8409;1000;0.0;0;0.0000;0;0;2906;2906;2906
60;2014-07-21 09:40:00;909402N262;2990;2.956;43;234;234;233;235;4.309;50.00;476.4;2.786;474.5;2.196;795.2;0.844;60;0;0;4.251;4.322;4.356;981;994;1012;50.00;50.00;50.00;8409;1000;0.0;0;0.0000;0;0;2956;2956;2956
60;2014-07-21 09:41:00;909402N262;3052;3.007;43;234;234;232;235;4.399;49.99;475.9;2.842;474.1;2.224;795.5;0.875;60;0;0;4.357;4.401;4.439;1007;1011;1032;49.99;49.99;49.99;8409;1000;0.0;0;0.0000;0;0;3007;3007;3007
60;2014-07-21 09:42:00;909402N262;3112;3.060;44;234;234;233;235;4.489;50.00;474.8;2.887;475.9;2.233;795.4;0.919;60;0;0;4.435;4.498;4.535;1024;1033;1054;50.00;50.00;50.00;8409;1000;0.0;0;0.0000;0;0;3060;3060;3060
60;2014-07-21 09:43:00;909402N262;3126;3.111;44;234;234;233;235;4.516;50.00;473.7;2.870;484.1;2.178;785.4;0.973;60;0;0;4.457;4.546;4.546;1026;1046;1052;50.00;50.00;50.00;8409;1000;0.0;0;0.0000;0;0;3111;3111;3111
60;2014-07-21 09:44:00;909402N262;3344;3.167;44;234;234;234;235;4.768;49.99;473.6;2.911;489.6;2.201;578.3;1.650;60;0;0;4.713;4.789;4.803;1099;1117;1126;49.99;49.99;49.99;8409;1000;0.0;0;0.0000;0;0;3167;3167;3167
60;2014-07-21 09:45:00;909402N262;3582;3.227;44;234;233;234;235;5.109;49.99;473.5;3.070;489.5;2.326;575.6;1.839;60;0;0;5.047;5.130;5.151;1175;1197;1208;49.99;49.99;49.99;8409;1000;0.0;0;0.0000;0;0;3227;3227;3227
60;2014-07-21 09:46:00;909402N262;3653;3.288;44;234;234;234;235;5.210;49.99;481.8;3.106;484.7;2.374;586.0;1.859;60;0;0;5.159;5.229;5.243;1203;1221;1227;50.00;50.00;50.00;8409;1000;0.0;0;0.0000;0;0;3288;3288;3288
60;2014-07-21 09:47:00;909402N262;3784;3.351;44;234;234;234;234;5.397;50.00;536.6;2.926;488.5;2.391;597.0;1.866;60;0;0;5.346;5.425;5.420;1248;1266;1268;50.00;50.00;50.00;8409;1000;0.0;0;0.0000;0;0;3351;3351;3351
60;2014-07-21 09:48:00;909402N262;3826;3.414;44;234;234;234;234;5.457;50.01;540.3;2.918;489.5;2.368;617.7;1.876;60;0;0;5.401;5.490;5.482;1260;1281;1283;50.01;50.01;50.01;8409;1000;0.0;0;0.0000;0;0;3414;3414;3414
60;2014-07-21 09:49:00;909402N262;3875;3.479;44;234;234;234;235;5.521;50.01;539.4;2.909;499.4;2.326;653.5;1.853;60;0;0;5.462;5.555;5.548;1275;1297;1300;50.01;50.01;50.01;8409;1000;0.0;0;0.0000;0;0;3479;3479;3479
60;2014-07-21 09:50:00;909402N262;3881;3.544;44;234;234;234;235;5.535;50.01;537.1;2.883;497.6;2.296;687.2;1.824;60;0;0;5.469;5.569;5.569;1274;1300;1305;50.01;50.01;50.01;8409;1000;0.0;0;0.0000;0;0;3544;3544;3544
60;2014-07-21 09:51:00;909402N262;3688;3.604;44;234;233;234;235;5.290;49.99;533.4;2.730;496.6;2.114;724.5;1.707;60;0;0;5.221;5.329;5.320;1208;1237;1240;49.99;49.99;49.99;8409;1000;0.0;0;0.0000;0;0;3604;3604;3604
60;2014-07-21 09:52:00;909402N262;3500;3.663;44;234;233;234;235;5.035;49.99;536.0;2.558;497.5;1.953;745.2;1.624;60;0;0;4.964;5.076;5.065;1146;1176;1177;49.99;49.99;49.99;8409;1000;0.0;0;0.0000;0;0;3663;3663;3663
60;2014-07-21 09:53:00;909402N262;3341;3.720;44;234;233;234;235;4.812;49.99;544.3;2.409;501.5;1.850;745.7;1.538;60;0;0;4.745;4.849;4.843;1094;1121;1124;49.99;49.99;49.99;8409;1000;0.0;0;0.0000;0;0;3720;3720;3720
60;2014-07-21 09:54:00;909402N262;3395;3.776;44;233;232;232;233;4.907;50.00;541.3;2.483;501.8;1.899;740.6;1.554;60;0;0;4.854;4.925;4.944;1115;1137;1141;50.00;50.00;50.00;8409;1000;0.0;0;0.0000;0;0;3776;3776;3776
60;2014-07-21 09:55:00;909402N262;4445;3.850;45;232;232;232;233;6.423;50.00;536.4;3.169;504.2;2.540;738.5;2.078;60;0;0;6.367;6.452;6.452;1465;1486;1492;50.00;50.00;50.00;8409;1000;0.0;0;0.0000;0;0;3850;3850;3850
60;2014-07-21 09:56:00;909402N262;4524;3.925;45;234;233;234;235;6.488;50.00;535.6;3.232;503.1;2.598;738.2;2.111;60;0;0;6.419;6.517;6.528;1487;1513;1522;50.00;50.00;50.00;8409;1000;0.0;0;0.0000;0;0;3925;3925;3925
60;2014-07-21 09:57:00;909402N262;4543;4.000;45;234;234;234;234;6.507;50.01;534.3;3.267;502.9;2.622;728.7;2.128;60;0;0;6.458;6.539;6.524;1500;1521;1520;50.01;50.01;50.01;8409;1000;0.0;0;0.0000;0;0;4000;4000;4000
60;2014-07-21 09:58:00;909402N262;4529;4.076;45;234;234;234;235;6.482;50.00;532.4;3.282;502.8;2.612;725.4;2.121;60;0;0;6.422;6.526;6.500;1491;1519;1516;50.00;50.00;50.00;8409;1000;0.0;0;0.0000;0;0;4076;4076;4076
60;2014-07-21 09:59:00;909402N262;4541;4.152;45;234;234;234;235;6.495;49.99;530.9;3.305;507.1;2.611;720.0;2.129;60;0;0;6.437;6.529;6.521;1496;1521;1522;49.99;49.99;49.99;8409;1000;0.0;0;0.0000;0;0;4152;4152;4152
60;2014-07-21 10:00:00;909402N262;4543;4.227;45;234;234;235;235;6.492;49.98;530.0;3.310;509.8;2.601;718.9;2.132;60;0;0;6.432;6.529;6.517;1496;1522;1522;49.98;49.98;49.98;8409;1000;0.0;0;0.0000;0;0;4227;4227;4227
[wr_ende]
