20140902;100005;danfoss;My Plant;+0100
[wr_def_start]
909402N262;Inverter Type;Inverter Group;Hanzl
[wr_def_end]
[wr]
INTERVAL;TIMESTAMP;SERIAL;P_AC;E_DAY;T_WR;U_AC;U_AC_1;U_AC_2;U_AC_3;I_AC;F_AC;U_DC_1;I_DC_1;U_DC_2;I_DC_2;U_DC_3;I_DC_3;S;E_WR;M_WR;I_AC_1;I_AC_2;I_AC_3;P_AC_1;P_AC_2;P_AC_3;F_AC_1;F_AC_2;F_AC_3;R_DC;PC;PCS;PCS_LL;COS_PHI;COS_PHI_LL;S_COS_PHI;Current_Day_Energy;current_Day_Offset;ccEnergyOfDay_WithoutOffset
60;2014-09-02 09:01:00;909402N262;512;0.672;35;235;235;234;235;0.907;50.02;540.3;0.458;618.1;0.231;732.8;0.197;60;0;0;0.907;0.964;0.850;169;180;161;50.02;50.02;50.02;8703;1000;0.0;0;0.0000;0;0;672;672;672
60;2014-09-02 09:02:00;909402N262;503;0.681;35;235;235;234;235;0.902;50.02;547.2;0.443;619.3;0.218;742.9;0.190;60;0;0;0.908;0.948;0.851;167;175;158;50.02;50.02;50.02;8703;1000;0.0;0;0.0000;0;0;681;681;681
60;2014-09-02 09:03:00;909402N262;488;0.690;35;235;235;235;235;0.882;50.01;546.5;0.431;617.4;0.212;736.6;0.186;60;0;0;0.893;0.929;0.826;163;170;152;50.01;50.01;50.01;8703;1000;0.0;0;0.0000;0;0;690;690;690
60;2014-09-02 09:04:00;909402N262;473;0.696;35;235;235;235;235;0.850;50.02;545.9;0.420;615.9;0.205;742.0;0.179;60;0;0;0.816;0.915;0.819;150;169;152;50.02;50.02;50.02;8703;1000;0.0;0;0.0000;0;0;696;696;696
60;2014-09-02 09:05:00;909402N262;450;0.705;35;235;235;235;235;0.817;50.02;544.7;0.404;614.4;0.193;735.8;0.172;60;0;0;0.780;0.875;0.797;142;160;146;50.02;50.02;50.02;8703;1000;0.0;0;0.0000;0;0;705;705;705
60;2014-09-02 09:06:00;909402N262;424;0.712;35;235;235;235;235;0.770;50.02;543.4;0.383;610.5;0.181;733.0;0.162;60;0;0;0.748;0.862;0.701;136;157;129;50.02;50.02;50.02;8703;1000;0.0;0;0.0000;0;0;712;712;712
60;2014-09-02 09:07:00;909402N262;400;0.718;35;235;235;235;235;0.734;50.03;542.5;0.365;609.4;0.172;730.3;0.153;60;0;0;0.683;0.846;0.674;123;153;123;50.03;50.03;50.03;8703;1000;0.0;0;0.0000;0;0;718;718;718
60;2014-09-02 09:08:00;909402N262;387;0.725;35;235;235;235;235;0.712;50.03;542.0;0.353;610.2;0.166;726.4;0.148;60;0;0;0.661;0.829;0.647;118;149;118;50.03;50.03;50.03;8703;1000;0.0;0;0.0000;0;0;725;725;725
60;2014-09-02 09:09:00;909402N262;376;0.731;35;235;235;235;235;0.703;50.02;541.6;0.345;608.1;0.163;722.9;0.145;60;0;0;0.648;0.813;0.648;115;144;115;50.02;50.02;50.02;8703;1000;0.0;0;0.0000;0;0;731;731;731
60;2014-09-02 09:10:00;909402N262;371;0.738;35;235;235;235;235;0.687;50.02;541.5;0.340;608.4;0.161;731.0;0.140;60;0;0;0.633;0.790;0.639;113;141;116;50.02;50.02;50.02;8703;1000;0.0;0;0.0000;0;0;738;738;738
60;2014-09-02 09:11:00;909402N262;371;0.744;35;235;235;235;236;0.691;50.02;541.4;0.340;608.7;0.161;730.3;0.141;60;0;0;0.622;0.813;0.640;110;145;115;50.02;50.02;50.02;8703;1000;0.0;0;0.0000;0;0;744;744;744
60;2014-09-02 09:12:00;909402N262;370;0.749;35;233;233;233;234;0.683;50.03;540.9;0.340;608.7;0.160;731.3;0.140;60;0;0;0.616;0.793;0.640;110;141;117;50.03;50.03;50.03;8703;1000;0.0;0;0.0000;0;0;749;749;749
60;2014-09-02 09:13:00;909402N262;369;0.756;35;232;233;231;233;0.682;50.02;540.7;0.340;608.7;0.160;732.2;0.139;60;0;0;0.629;0.766;0.651;113;137;118;50.02;50.02;50.02;8703;1000;0.0;0;0.0000;0;0;756;756;756
60;2014-09-02 09:14:00;909402N262;372;0.762;35;232;232;231;232;0.679;50.00;540.8;0.342;608.8;0.162;732.1;0.140;60;0;0;0.609;0.784;0.644;110;142;117;50.00;50.00;50.00;8703;1000;0.0;0;0.0000;0;0;762;762;762
60;2014-09-02 09:15:00;909402N262;376;0.767;35;233;234;232;233;0.695;49.99;540.4;0.346;609.0;0.164;725.6;0.143;60;0;0;0.656;0.787;0.642;118;141;116;49.99;49.99;49.99;8703;1000;0.0;0;0.0000;0;0;767;767;767
60;2014-09-02 09:16:00;909402N262;376;0.774;35;234;234;234;234;0.698;50.00;535.0;0.348;597.5;0.166;711.3;0.146;60;0;0;0.626;0.817;0.651;111;145;118;50.00;50.00;50.00;8703;1000;0.0;0;0.0000;0;0;774;774;774
60;2014-09-02 09:17:00;909402N262;379;0.780;35;234;234;234;235;0.694;49.99;540.3;0.348;610.1;0.164;721.8;0.145;60;0;0;0.650;0.784;0.650;117;142;118;49.99;49.99;49.99;8703;1000;0.0;0;0.0000;0;0;780;780;780
60;2014-09-02 09:18:00;909402N262;379;0.787;35;234;234;234;235;0.698;49.98;540.6;0.348;610.2;0.164;720.9;0.145;60;0;0;0.649;0.793;0.652;115;143;119;49.98;49.98;49.98;8703;1000;0.0;0;0.0000;0;0;787;787;787
60;2014-09-02 09:19:00;909402N262;377;0.793;35;234;234;234;234;0.693;50.00;540.7;0.345;609.4;0.163;723.6;0.144;60;0;0;0.630;0.797;0.654;113;143;118;50.00;49.99;49.99;8703;1000;0.0;0;0.0000;0;0;793;793;793
60;2014-09-02 09:20:00;909402N262;372;0.799;35;234;234;234;234;0.678;50.00;540.2;0.342;609.4;0.161;731.4;0.140;60;0;0;0.598;0.768;0.670;108;139;122;50.00;50.00;50.00;8703;1000;0.0;0;0.0000;0;0;799;799;799
60;2014-09-02 09:21:00;909402N262;365;0.806;35;234;234;234;234;0.672;50.01;539.6;0.337;607.1;0.160;726.1;0.139;60;0;0;0.609;0.762;0.646;109;137;117;50.01;50.01;50.01;8703;1000;0.0;0;0.0000;0;0;806;806;806
60;2014-09-02 09:22:00;909402N262;362;0.811;35;234;235;234;235;0.672;50.02;540.6;0.334;606.6;0.159;720.7;0.138;60;0;0;0.621;0.756;0.639;110;136;115;50.02;50.02;50.02;8703;1000;0.0;0;0.0000;0;0;811;811;811
60;2014-09-02 09:23:00;909402N262;367;0.817;35;234;234;234;234;0.673;50.01;539.8;0.338;609.0;0.160;727.7;0.139;60;0;0;0.610;0.761;0.650;109;137;119;50.01;50.01;50.01;8703;1000;0.0;0;0.0000;0;0;817;817;817
60;2014-09-02 09:24:00;909402N262;377;0.824;35;234;234;234;234;0.692;50.00;540.4;0.345;610.2;0.164;727.0;0.143;60;0;0;0.634;0.770;0.673;114;138;123;50.00;50.00;50.00;8703;1000;0.0;0;0.0000;0;0;824;824;824
60;2014-09-02 09:25:00;909402N262;385;0.830;35;234;234;234;234;0.711;50.01;540.9;0.354;612.3;0.166;721.8;0.148;60;0;0;0.667;0.810;0.656;119;145;119;50.01;50.01;50.01;8703;1000;0.0;0;0.0000;0;0;830;830;830
60;2014-09-02 09:26:00;909402N262;394;0.836;35;234;234;234;235;0.714;50.01;541.2;0.361;612.6;0.169;730.6;0.148;60;0;0;0.683;0.813;0.648;123;149;120;50.01;50.01;50.01;8703;1000;0.0;0;0.0000;0;0;836;836;836
60;2014-09-02 09:27:00;909402N262;401;0.844;35;234;234;234;235;0.725;50.02;541.5;0.367;609.9;0.174;735.5;0.150;60;0;0;0.680;0.807;0.688;124;148;128;50.02;50.02;50.02;8703;1000;0.0;0;0.0000;0;0;844;844;844
60;2014-09-02 09:28:00;909402N262;411;0.851;35;234;234;234;235;0.755;50.01;542.0;0.374;611.5;0.177;724.7;0.156;60;0;0;0.739;0.828;0.698;133;150;126;50.01;50.01;50.01;8703;1000;0.0;0;0.0000;0;0;851;851;851
60;2014-09-02 09:29:00;909402N262;418;0.858;35;234;234;234;235;0.753;50.02;542.2;0.380;613.3;0.179;732.2;0.159;60;0;0;0.753;0.848;0.658;139;157;121;50.02;50.02;50.02;8703;1000;0.0;0;0.0000;0;0;858;858;858
60;2014-09-02 09:30:00;909402N262;423;0.865;35;234;235;233;234;0.755;50.01;542.7;0.384;613.5;0.182;739.8;0.160;60;0;0;0.785;0.843;0.638;147;156;118;50.01;50.01;50.01;8703;1000;0.0;0;0.0000;0;0;865;865;865
60;2014-09-02 09:31:00;909402N262;428;0.872;35;234;235;234;234;0.773;50.00;538.3;0.390;602.0;0.187;728.4;0.164;60;0;0;0.761;0.836;0.724;140;153;133;50.00;50.00;50.00;8703;1000;0.0;0;0.0000;0;0;872;872;872
60;2014-09-02 09:32:00;909402N262;443;0.879;35;234;234;234;234;0.807;50.01;544.1;0.399;615.2;0.191;733.8;0.167;60;0;0;0.796;0.866;0.760;145;157;139;50.01;50.01;50.01;8703;1000;0.0;0;0.0000;0;0;879;879;879
60;2014-09-02 09:33:00;909402N262;457;0.888;35;234;234;234;234;0.832;50.02;545.1;0.410;615.8;0.197;739.0;0.172;60;0;0;0.812;0.877;0.808;148;161;147;50.02;50.02;50.02;8703;1000;0.0;0;0.0000;0;0;888;888;888
60;2014-09-02 09:34:00;909402N262;471;0.894;35;234;233;234;234;0.848;49.99;545.7;0.422;617.0;0.203;740.5;0.178;60;0;0;0.820;0.905;0.819;151;167;152;49.99;49.99;49.99;8703;1000;0.0;0;0.0000;0;0;894;894;894
60;2014-09-02 09:35:00;909402N262;482;0.903;35;234;234;234;235;0.871;50.01;546.1;0.431;617.4;0.206;737.8;0.185;60;0;0;0.866;0.922;0.827;158;169;153;50.01;50.01;50.01;8703;1000;0.0;0;0.0000;0;0;903;903;903
60;2014-09-02 09:36:00;909402N262;483;0.910;35;234;234;235;235;0.871;50.00;546.0;0.432;617.3;0.206;739.9;0.184;60;0;0;0.870;0.916;0.828;160;167;153;50.00;50.00;50.00;8703;1000;0.0;0;0.0000;0;0;910;910;910
60;2014-09-02 09:37:00;909402N262;474;0.919;35;234;234;235;235;0.854;50.01;546.0;0.426;617.1;0.202;743.7;0.178;60;0;0;0.823;0.909;0.830;151;167;154;50.01;50.01;50.01;8703;1000;0.0;0;0.0000;0;0;919;919;919
60;2014-09-02 09:38:00;909402N262;464;0.927;35;234;234;235;235;0.839;50.01;546.2;0.417;617.4;0.199;732.5;0.175;60;0;0;0.817;0.891;0.810;149;164;149;50.01;50.01;50.01;8703;1000;0.0;0;0.0000;0;0;927;927;927
60;2014-09-02 09:39:00;909402N262;460;0.934;35;234;234;234;234;0.831;49.99;547.2;0.412;616.0;0.199;731.2;0.175;60;0;0;0.811;0.890;0.792;148;164;146;49.99;49.99;49.99;8703;1000;0.0;0;0.0000;0;0;934;934;934
60;2014-09-02 09:40:00;909402N262;466;0.942;35;234;234;234;234;0.837;50.01;547.8;0.413;614.5;0.201;736.7;0.177;60;0;0;0.810;0.891;0.811;148;165;150;50.01;50.01;50.01;8703;1000;0.0;0;0.0000;0;0;942;942;942
60;2014-09-02 09:41:00;909402N262;474;0.950;35;234;234;234;234;0.856;50.01;548.2;0.419;615.0;0.205;744.8;0.180;60;0;0;0.821;0.933;0.814;151;171;150;50.01;50.01;50.01;8703;1000;0.0;0;0.0000;0;0;950;950;950
60;2014-09-02 09:42:00;909402N262;475;0.959;35;234;234;234;234;0.858;50.01;548.1;0.422;616.3;0.203;746.0;0.179;60;0;0;0.838;0.922;0.816;154;169;149;50.01;50.01;50.01;8703;1000;0.0;0;0.0000;0;0;959;959;959
60;2014-09-02 09:43:00;909402N262;461;0.966;35;234;234;234;234;0.836;50.00;547.7;0.413;615.4;0.196;737.5;0.174;60;0;0;0.823;0.883;0.803;150;161;147;50.00;50.00;50.00;8703;1000;0.0;0;0.0000;0;0;966;966;966
60;2014-09-02 09:44:00;909402N262;446;0.973;35;234;233;234;234;0.810;49.98;546.6;0.402;615.0;0.190;736.3;0.167;60;0;0;0.790;0.860;0.781;145;157;143;49.98;49.98;49.98;8703;1000;0.0;0;0.0000;0;0;973;973;973
60;2014-09-02 09:45:00;909402N262;441;0.981;35;234;234;234;234;0.808;50.00;546.0;0.397;613.9;0.189;734.4;0.167;60;0;0;0.784;0.865;0.775;142;157;141;50.00;50.00;50.00;8703;1000;0.0;0;0.0000;0;0;981;981;981
60;2014-09-02 09:46:00;909402N262;435;0.987;35;234;234;234;235;0.796;50.02;541.1;0.395;605.4;0.190;723.4;0.168;60;0;0;0.791;0.852;0.746;143;155;135;50.02;50.02;50.02;8703;1000;0.0;0;0.0000;0;0;987;987;987
60;2014-09-02 09:47:00;909402N262;435;0.995;35;234;234;234;235;0.790;50.00;545.9;0.392;612.9;0.187;730.7;0.164;60;0;0;0.786;0.834;0.752;144;152;137;50.00;50.00;50.00;8703;1000;0.0;0;0.0000;0;0;995;995;995
60;2014-09-02 09:48:00;909402N262;440;1.003;35;234;234;234;235;0.800;50.01;545.8;0.395;614.2;0.191;729.9;0.166;60;0;0;0.787;0.859;0.755;143;157;138;50.01;50.01;50.01;8703;1000;0.0;0;0.0000;0;0;1003;1003;1003
60;2014-09-02 09:49:00;909402N262;456;1.010;35;234;234;234;235;0.826;50.01;546.5;0.406;615.2;0.197;738.4;0.171;60;0;0;0.825;0.865;0.789;149;159;144;50.01;50.01;50.01;8703;1000;0.0;0;0.0000;0;0;1010;1010;1010
60;2014-09-02 09:50:00;909402N262;469;1.018;36;234;234;234;235;0.845;50.00;546.5;0.418;614.6;0.202;740.2;0.178;60;0;0;0.815;0.904;0.816;149;165;152;50.00;50.00;50.00;8703;1000;0.0;0;0.0000;0;0;1018;1018;1018
60;2014-09-02 09:51:00;909402N262;466;1.026;36;234;234;234;235;0.840;50.00;546.1;0.418;615.8;0.198;739.0;0.177;60;0;0;0.804;0.899;0.818;147;165;151;50.00;50.00;50.00;8703;1000;0.0;0;0.0000;0;0;1026;1026;1026
60;2014-09-02 09:52:00;909402N262;450;1.034;36;234;233;234;234;0.817;50.00;545.6;0.407;614.6;0.190;740.0;0.169;60;0;0;0.799;0.863;0.791;145;158;145;50.00;50.00;50.00;8703;1000;0.0;0;0.0000;0;0;1034;1034;1034
60;2014-09-02 09:53:00;909402N262;437;1.040;36;234;233;234;234;0.792;49.99;544.6;0.396;612.5;0.187;729.6;0.166;60;0;0;0.777;0.850;0.749;142;157;137;49.99;49.99;49.99;8703;1000;0.0;0;0.0000;0;0;1040;1040;1040
60;2014-09-02 09:54:00;909402N262;435;1.048;36;234;233;235;234;0.789;49.99;544.7;0.392;612.9;0.187;729.4;0.165;60;0;0;0.797;0.848;0.723;146;155;131;49.99;49.99;49.99;8703;1000;0.0;0;0.0000;0;0;1048;1048;1048
60;2014-09-02 09:55:00;909402N262;433;1.054;36;234;233;235;234;0.792;50.01;544.4;0.392;612.7;0.186;729.5;0.164;60;0;0;0.800;0.852;0.725;144;154;133;50.01;50.01;50.01;8703;1000;0.0;0;0.0000;0;0;1054;1054;1054
60;2014-09-02 09:56:00;909402N262;430;1.063;36;234;233;235;235;0.779;50.00;544.4;0.391;610.9;0.186;734.3;0.162;60;0;0;0.755;0.842;0.741;138;155;136;50.00;50.00;50.00;8703;1000;0.0;0;0.0000;0;0;1063;1063;1063
60;2014-09-02 09:57:00;909402N262;430;1.070;36;234;233;235;234;0.777;50.01;544.4;0.391;609.9;0.186;735.4;0.162;60;0;0;0.749;0.872;0.711;137;160;131;50.01;50.01;50.01;8703;1000;0.0;0;0.0000;0;0;1070;1070;1070
60;2014-09-02 09:58:00;909402N262;432;1.076;36;234;234;235;234;0.781;50.01;544.3;0.392;610.3;0.185;728.9;0.164;60;0;0;0.779;0.852;0.714;142;156;131;50.01;50.01;50.01;8703;1000;0.0;0;0.0000;0;0;1076;1076;1076
60;2014-09-02 09:59:00;909402N262;427;1.084;36;234;234;234;233;0.767;50.01;544.3;0.389;613.6;0.180;736.9;0.161;60;0;0;0.734;0.866;0.703;135;159;129;50.01;50.01;50.01;8703;1000;0.0;0;0.0000;0;0;1084;1084;1084
60;2014-09-02 10:00:00;909402N262;425;1.091;36;234;234;234;233;0.760;49.99;545.7;0.387;613.0;0.179;737.1;0.159;60;0;0;0.738;0.856;0.686;138;158;127;49.99;49.99;49.99;8703;1000;0.0;0;0.0000;0;0;1091;1091;1091
[wr_ende]
