20150217;180005;danfoss;My Plant;+0100
[wr_def_start]
909402N262;Inverter Type;Inverter Group;Hanzl
[wr_def_end]
[wr]
INTERVAL;TIMESTAMP;SERIAL;P_AC;E_DAY;T_WR;U_AC;U_AC_1;U_AC_2;U_AC_3;I_AC;F_AC;U_DC_1;I_DC_1;U_DC_2;I_DC_2;U_DC_3;I_DC_3;S;E_WR;M_WR;I_AC_1;I_AC_2;I_AC_3;P_AC_1;P_AC_2;P_AC_3;F_AC_1;F_AC_2;F_AC_3;R_DC;PC;PCS;PCS_LL;COS_PHI;COS_PHI_LL;S_COS_PHI;Current_Day_Energy;current_Day_Offset;ccEnergyOfDay_WithoutOffset
60;2015-02-17 17:01:00;909402N262;165;27.118;39;233;232;232;234;0.338;50.02;527.5;0.149;554.8;0.076;676.8;0.066;60;0;0;0.333;0.404;0.278;53;67;43;50.02;50.02;50.02;14291;1000;0.0;0;1.0000;0;2;27118;27118;27118
60;2015-02-17 17:02:00;909402N262;156;27.121;39;233;232;232;234;0.367;50.02;505.0;0.144;559.8;0.069;676.7;0.062;60;0;0;0.352;0.386;0.365;49;57;47;50.02;50.02;50.02;14291;1000;0.0;0;1.0000;0;2;27121;27121;27121
60;2015-02-17 17:03:00;909402N262;140;27.123;39;233;232;232;234;0.351;50.01;526.7;0.124;549.4;0.064;673.9;0.058;60;0;0;0.344;0.335;0.376;43;52;43;50.01;50.01;50.01;14291;1000;0.0;0;1.0000;0;2;27123;27123;27123
60;2015-02-17 17:04:00;909402N262;129;27.126;39;233;233;232;233;0.404;49.99;523.9;0.113;553.9;0.059;666.7;0.055;60;0;0;0.434;0.366;0.414;40;53;34;49.99;49.99;49.99;14291;1000;0.0;0;1.0000;0;2;27126;27126;27126
60;2015-02-17 17:05:00;909402N262;117;27.128;38;233;233;232;233;0.334;49.98;520.8;0.104;540.2;0.054;668.1;0.049;60;0;0;0.326;0.368;0.310;34;51;30;49.98;49.98;49.98;14291;1000;0.0;0;1.0000;0;2;27128;27128;27128
60;2015-02-17 17:06:00;909402N262;107;27.130;38;233;233;232;233;0.333;49.99;518.1;0.095;543.1;0.049;665.8;0.045;60;0;0;0.355;0.355;0.291;33;46;26;49.99;49.99;49.99;14291;1000;0.0;0;1.0000;0;2;27130;27130;27130
60;2015-02-17 17:07:00;909402N262;96;27.132;38;233;233;232;234;0.410;49.99;513.9;0.086;527.8;0.046;654.8;0.042;60;0;0;0.460;0.370;0.402;30;47;20;49.99;49.99;49.99;14291;1000;0.0;0;1.0000;0;2;27132;27132;27132
60;2015-02-17 17:08:00;909402N262;88;27.132;38;233;232;232;234;0.385;49.99;509.8;0.079;515.6;0.042;650.6;0.039;60;0;0;0.404;0.356;0.395;33;39;15;49.99;49.99;49.99;14291;1000;0.0;0;1.0000;0;2;27132;27132;27132
60;2015-02-17 17:09:00;909402N262;78;27.134;38;233;232;233;234;0.401;50.01;505.0;0.071;524.5;0.039;633.0;0.035;60;0;0;0.367;0.483;0.353;21;42;16;50.01;50.01;50.01;14291;1000;0.0;0;1.0000;0;2;27134;27134;27134
60;2015-02-17 17:10:00;909402N262;70;27.135;38;233;232;233;233;0.365;50.00;501.7;0.063;500.3;0.035;629.6;0.032;60;0;0;0.274;0.469;0.354;21;27;20;50.00;50.00;50.00;14291;1000;0.0;0;1.0000;0;2;27135;27135;27135
60;2015-02-17 17:11:00;909402N262;60;27.136;38;233;231;234;234;0.361;50.00;495.8;0.055;496.5;0.030;620.3;0.029;60;0;0;0.248;0.494;0.343;21;24;15;50.00;50.00;50.00;14291;1000;0.0;0;1.0000;0;2;27136;27136;27136
60;2015-02-17 17:12:00;909402N262;51;27.137;38;233;232;234;233;0.352;50.01;490.5;0.047;486.1;0.026;599.4;0.025;60;0;0;0.231;0.524;0.302;7;26;19;50.01;50.01;50.01;14291;1000;0.0;0;1.0000;0;2;27137;27137;27137
60;2015-02-17 17:13:00;909402N262;43;27.139;38;233;232;233;233;0.357;50.01;481.8;0.040;467.5;0.023;611.7;0.021;60;0;0;0.285;0.438;0.348;5;26;15;50.01;50.01;50.01;14291;1000;0.0;0;1.0000;0;2;27139;27139;27139
60;2015-02-17 17:14:00;909402N262;36;27.139;38;233;232;233;233;0.335;50.00;473.1;0.036;484.0;0.019;574.8;0.019;60;0;0;0.299;0.427;0.279;2;27;14;50.00;50.00;50.00;14291;1000;0.0;0;1.0000;0;2;27139;27139;27139
60;2015-02-17 17:15:00;909402N262;32;27.139;37;233;232;233;233;0.331;50.00;471.0;0.031;468.3;0.019;540.7;0.019;60;0;0;0.257;0.381;0.355;6;18;12;50.00;50.00;50.00;14291;1000;0.0;0;1.0000;0;2;27139;27139;27139
60;2015-02-17 17:16:00;909402N262;27;27.140;37;232;231;232;233;0.329;49.99;443.3;0.030;457.9;0.016;536.8;0.016;60;0;0;0.299;0.233;0.455;12;10;9;49.99;49.99;49.99;14291;1000;0.0;0;1.0000;0;2;27140;27140;27140
60;2015-02-17 17:17:00;909402N262;24;27.140;37;232;231;232;233;0.276;50.01;453.0;0.025;483.8;0.012;521.5;0.014;60;0;0;0.234;0.212;0.382;7;16;4;50.01;50.01;50.01;14291;1000;0.0;0;1.0000;0;2;27140;27140;27140
60;2015-02-17 17:18:00;909402N262;20;27.140;37;232;232;232;233;0.314;50.00;451.2;0.021;448.6;0.011;532.1;0.011;60;0;0;0.274;0.274;0.394;7;14;5;50.00;50.00;50.00;14291;1000;0.0;0;1.0000;0;2;27140;27140;27140
60;2015-02-17 17:19:00;909402N262;16;27.140;37;232;232;232;233;0.311;49.99;452.6;0.018;413.0;0.011;529.1;0.010;60;0;0;0.320;0.280;0.333;3;14;7;49.99;49.99;49.99;14291;1000;0.0;0;1.0000;0;2;27140;27140;27140
60;2015-02-17 17:20:00;909402N262;12;27.140;37;232;232;233;233;0.223;49.99;435.0;0.015;360.2;0.010;514.9;0.007;60;0;0;0.205;0.276;0.190;3;7;8;49.99;49.99;49.99;14291;1000;0.0;0;1.0000;0;2;27140;27140;27140
60;2015-02-17 17:21:00;909402N262;9;27.141;37;232;232;233;232;0.234;49.99;429.0;0.012;405.1;0.007;437.7;0.007;60;0;0;0.196;0.380;0.128;2;7;8;49.99;49.99;49.99;14291;1000;0.0;0;1.0000;0;2;27141;27141;27141
60;2015-02-17 17:22:00;909402N262;4;27.142;37;232;231;233;232;0.270;50.00;409.0;0.010;348.4;0.007;315.1;0.007;60;0;0;0.201;0.429;0.181;1;9;7;50.00;50.00;50.00;14291;1000;0.0;0;1.0000;0;2;27142;27142;27142
60;2015-02-17 17:23:00;909402N262;1;27.142;37;232;232;233;232;0.296;49.99;403.9;0.007;309.4;0.007;323.6;0.005;60;0;0;0.326;0.380;0.183;1;8;5;49.99;49.99;49.99;14291;1000;0.0;0;1.0000;0;2;27142;27142;27142
60;2015-02-17 17:24:00;909402N262;0;27.142;36;232;232;233;231;0.331;49.99;398.0;0.004;335.9;0.004;348.7;0.003;60;0;0;0.433;0.412;0.150;0;11;8;49.99;49.99;49.99;14291;1000;0.0;0;1.0000;0;2;27142;27142;27142
60;2015-02-17 17:25:00;909402N262;0;27.142;36;232;232;232;231;0.313;49.99;359.3;0.003;321.6;0.003;284.6;0.003;60;0;0;0.458;0.330;0.151;0;7;9;49.99;49.99;49.99;14291;1000;0.0;0;1.0000;0;2;27142;27142;27141
60;2015-02-17 17:26:00;909402N262;0;27.142;36;231;231;232;231;0.229;49.99;268.1;0.002;281.0;0.003;312.7;0.002;60;0;0;0.258;0.287;0.144;2;2;3;49.99;49.99;49.99;14291;1000;0.0;0;1.0000;0;2;27142;27142;27141
60;2015-02-17 17:27:00;909402N262;0;27.142;36;232;231;232;232;0.250;49.99;263.4;0.000;311.3;0.001;371.2;0.000;60;0;0;0.279;0.315;0.156;2;5;3;49.99;49.99;49.99;14291;1000;0.0;0;1.0000;0;2;27142;27142;27141
60;2015-02-17 17:28:00;909402N262;0;27.142;36;231;231;232;231;0.229;49.98;259.9;0.000;335.1;0.000;297.3;0.000;60;0;0;0.296;0.280;0.112;1;3;2;49.98;49.98;49.98;14291;1000;0.0;0;1.0000;0;2;27142;27142;27141
60;2015-02-17 17:29:00;909402N262;0;27.142;36;231;231;234;230;0.052;49.99;353.5;0.000;302.7;0.000;288.8;0.000;50;0;0;0.018;0.120;0.018;0;0;0;49.99;49.99;49.99;14291;1000;0.0;0;1.0000;0;2;27142;27142;27141
60;2015-02-17 17:30:00;909402N262;0;27.142;36;231;230;234;230;0.000;50.01;272.0;0.000;255.3;0.000;257.5;0.000;50;0;0;0.000;0.000;0.000;0;0;0;50.01;50.01;50.01;14291;1000;0.0;0;1.0000;0;2;27142;27142;27141
60;2015-02-17 17:31:00;909402N262;0;27.142;36;231;231;234;229;0.000;50.02;231.2;0.000;230.6;0.000;231.4;0.000;50;0;0;0.000;0.000;0.000;0;0;0;50.02;50.02;50.02;14291;1000;0.0;0;1.0000;0;2;27142;27142;27141
60;2015-02-17 17:32:00;909402N262;0;27.142;35;231;231;233;229;0.000;50.01;229.3;0.000;228.7;0.000;229.3;0.000;50;0;0;0.000;0.000;0.000;0;0;0;50.01;50.01;50.01;14291;1000;0.0;0;1.0000;0;2;27142;27142;27141
60;2015-02-17 17:33:00;909402N262;0;27.142;35;231;231;233;229;0.000;50.02;230.6;0.000;230.1;0.000;230.8;0.000;50;0;0;0.000;0.000;0.000;0;0;0;50.02;50.02;50.02;14291;1000;0.0;0;1.0000;0;2;27142;27142;27141
60;2015-02-17 17:34:00;909402N262;0;27.142;35;231;230;233;229;0.000;50.02;235.5;0.000;234.9;0.000;235.6;0.000;50;0;0;0.000;0.000;0.000;0;0;0;50.02;50.02;50.02;14291;1000;0.0;0;1.0000;0;2;27142;27142;27141
60;2015-02-17 17:35:00;909402N262;0;27.142;34;230;230;232;229;0.000;50.01;232.6;0.000;232.0;0.000;232.5;0.000;50;0;0;0.000;0.000;0.000;0;0;0;50.01;50.01;50.01;14291;1000;0.0;0;1.0000;0;2;27142;27142;27141
60;2015-02-17 17:36:00;909402N262;0;27.142;34;230;231;232;228;0.000;50.01;229.2;0.000;228.7;0.000;228.7;0.000;50;0;0;0.000;0.000;0.000;0;0;0;50.01;50.01;50.01;14291;1000;0.0;0;1.0000;0;2;27142;27142;27141
60;2015-02-17 17:37:00;909402N262;0;27.142;33;232;233;234;230;0.000;50.00;230.2;0.000;229.6;0.000;230.1;0.000;50;0;0;0.000;0.000;0.000;0;0;0;50.00;50.00;50.00;14291;1000;0.0;0;1.0000;0;2;27142;27142;27141
60;2015-02-17 17:38:00;909402N262;0;27.142;33;233;233;235;230;0.000;50.00;229.3;0.000;228.7;0.000;229.5;0.000;50;0;0;0.000;0.000;0.000;0;0;0;50.00;50.00;50.00;14291;1000;0.0;0;1.0000;0;2;27142;27142;27141
60;2015-02-17 17:39:00;909402N262;0;27.142;33;233;233;235;230;0.000;49.99;227.4;0.000;226.8;0.000;227.4;0.000;50;0;0;0.000;0.000;0.000;0;0;0;49.99;49.99;49.99;14291;1000;0.0;0;1.0000;0;2;27142;27142;27141
60;2015-02-17 17:40:00;909402N262;0;27.142;33;232;233;234;230;0.000;49.98;229.6;0.000;228.9;0.000;229.6;0.000;50;0;0;0.000;0.000;0.000;0;0;0;49.98;49.98;49.98;14291;1000;0.0;0;1.0000;0;2;27142;27142;27141
60;2015-02-17 17:41:00;909402N262;0;27.142;32;232;232;234;231;0.000;49.98;226.8;0.000;218.2;0.000;225.5;0.000;50;0;0;0.000;0.000;0.000;0;0;0;49.98;49.98;49.98;14291;1000;0.0;0;1.0000;0;2;27142;27142;27141
60;2015-02-17 17:42:00;909402N262;0;27.142;32;232;233;234;231;0.000;49.97;228.8;0.000;191.7;0.000;202.7;0.000;50;0;0;0.000;0.000;0.000;0;0;0;49.97;49.97;49.97;14291;1000;0.0;0;1.0000;0;2;27142;27142;27141
60;2015-02-17 17:43:00;909402N262;0;27.142;32;232;233;234;231;0.000;49.97;223.7;0.000;165.3;0.000;172.0;0.000;50;0;0;0.000;0.000;0.000;0;0;0;49.97;49.97;49.97;14291;1000;0.0;0;1.0000;0;2;27142;27142;27141
60;2015-02-17 17:44:00;909402N262;0;27.142;31;232;232;234;230;0.000;49.97;224.9;0.000;143.4;0.000;147.1;0.000;50;0;0;0.000;0.000;0.000;0;0;0;49.97;49.97;49.97;14291;1000;0.0;0;1.0000;0;2;27142;27142;27141
60;2015-02-17 17:45:00;909402N262;0;27.142;31;233;233;235;232;0.000;49.98;215.4;0.000;124.7;0.000;126.2;0.000;50;0;0;0.000;0.000;0.000;0;0;0;49.98;49.98;49.98;14291;1000;0.0;0;1.0000;0;2;27142;27142;27141
[wr_ende]
