20141220;170001;danfoss;My Plant;+0100
[wr_def_start]
909402N262;Inverter Type;Inverter Group;Hanzl
[wr_def_end]
[wr]
INTERVAL;TIMESTAMP;SERIAL;P_AC;E_DAY;T_WR;U_AC;U_AC_1;U_AC_2;U_AC_3;I_AC;F_AC;U_DC_1;I_DC_1;U_DC_2;I_DC_2;U_DC_3;I_DC_3;S;E_WR;M_WR;I_AC_1;I_AC_2;I_AC_3;P_AC_1;P_AC_2;P_AC_3;F_AC_1;F_AC_2;F_AC_3;R_DC;PC;PCS;PCS_LL;COS_PHI;COS_PHI_LL;S_COS_PHI;Current_Day_Energy;current_Day_Offset;ccEnergyOfDay_WithoutOffset
60;2014-12-20 16:01:00;909402N262;9;21.228;39;233;231;233;234;0.033;50.02;420.4;0.014;317.2;0.006;357.8;0.006;60;0;0;0.011;0.057;0.031;1;7;1;50.02;50.02;50.02;1663;1000;0.0;0;1.0000;0;2;21228;21228;21228
60;2014-12-20 16:02:00;909402N262;7;21.228;38;233;231;233;234;0.024;50.04;416.7;0.011;361.8;0.006;285.6;0.007;60;0;0;0.015;0.027;0.031;1;3;2;50.04;50.04;50.04;1663;1000;0.0;0;1.0000;0;2;21228;21228;21228
60;2014-12-20 16:03:00;909402N262;4;21.228;38;233;231;233;234;0.016;50.04;413.9;0.009;319.9;0.003;310.9;0.005;60;0;0;0.006;0.021;0.021;0;2;2;50.04;50.04;50.04;1663;1000;0.0;0;1.0000;0;2;21228;21228;21228
60;2014-12-20 16:04:00;909402N262;2;21.228;38;233;231;233;233;0.010;50.04;390.9;0.007;291.7;0.003;319.9;0.003;60;0;0;0.006;0.011;0.014;0;0;1;50.04;50.04;50.04;1663;1000;0.0;0;1.0000;0;2;21228;21228;21228
60;2014-12-20 16:05:00;909402N262;1;21.228;38;233;232;234;234;0.004;50.03;392.9;0.007;262.4;0.003;280.8;0.003;60;0;0;0.004;0.009;0.001;0;0;0;50.03;50.03;50.03;1663;1000;0.0;0;1.0000;0;2;21228;21228;21228
60;2014-12-20 16:06:00;909402N262;0;21.228;38;233;231;234;234;0.003;50.04;386.4;0.004;289.6;0.003;269.9;0.003;60;0;0;0.003;0.004;0.002;0;0;0;50.04;50.04;50.04;1663;1000;0.0;0;1.0000;0;2;21228;21228;21228
60;2014-12-20 16:07:00;909402N262;0;21.228;38;233;231;234;233;0.003;50.02;382.4;0.003;324.7;0.002;267.6;0.003;60;0;0;0.004;0.006;0.001;0;0;0;50.02;50.02;50.02;1663;1000;0.0;0;1.0000;0;2;21228;21228;21228
60;2014-12-20 16:08:00;909402N262;0;21.228;38;233;231;234;233;0.003;50.02;388.5;0.005;289.4;0.003;270.3;0.003;60;0;0;0.001;0.006;0.004;0;0;0;50.02;50.02;50.02;1663;1000;0.0;0;1.0000;0;2;21228;21228;21228
60;2014-12-20 16:09:00;909402N262;1;21.228;38;233;232;234;234;0.005;50.01;393.7;0.007;262.5;0.003;273.4;0.003;60;0;0;0.004;0.007;0.004;0;0;0;50.01;50.01;50.01;1663;1000;0.0;0;1.0000;0;2;21228;21228;21228
60;2014-12-20 16:10:00;909402N262;2;21.228;38;233;231;234;234;0.009;49.99;401.3;0.007;267.1;0.003;278.9;0.003;60;0;0;0.006;0.016;0.005;0;1;0;49.99;49.99;49.99;1663;1000;0.0;0;1.0000;0;2;21228;21228;21228
60;2014-12-20 16:11:00;909402N262;3;21.228;38;233;230;234;234;0.011;49.99;418.2;0.007;272.0;0.003;280.8;0.003;60;0;0;0.005;0.021;0.008;0;2;1;49.99;49.99;49.99;1663;1000;0.0;0;1.0000;0;2;21228;21228;21228
60;2014-12-20 16:12:00;909402N262;3;21.228;38;232;230;234;234;0.013;49.99;422.9;0.010;277.6;0.003;278.8;0.003;60;0;0;0.006;0.022;0.011;0;2;1;49.99;49.99;49.99;1663;1000;0.0;0;1.0000;0;2;21228;21228;21228
60;2014-12-20 16:13:00;909402N262;3;21.229;38;232;230;234;233;0.009;49.97;423.8;0.010;271.7;0.003;270.6;0.003;60;0;0;0.006;0.015;0.008;0;1;1;49.97;49.97;49.97;1663;1000;0.0;0;1.0000;0;2;21229;21229;21229
60;2014-12-20 16:14:00;909402N262;2;21.229;38;232;231;234;233;0.009;49.97;419.4;0.007;262.3;0.003;266.6;0.003;60;0;0;0.004;0.016;0.008;0;1;1;49.97;49.97;49.97;1663;1000;0.0;0;1.0000;0;2;21229;21229;21229
60;2014-12-20 16:15:00;909402N262;1;21.229;37;232;230;233;233;0.008;49.97;403.3;0.007;272.1;0.002;266.2;0.003;60;0;0;0.002;0.018;0.005;0;1;0;49.97;49.97;49.97;1663;1000;0.0;0;1.0000;0;2;21229;21229;21229
60;2014-12-20 16:16:00;909402N262;1;21.229;37;231;230;232;232;0.004;49.97;399.0;0.006;303.5;0.000;335.1;0.000;60;0;0;0.003;0.007;0.002;0;0;0;49.97;49.97;49.97;1663;1000;0.0;0;1.0000;0;2;21229;21229;21229
60;2014-12-20 16:17:00;909402N262;0;21.229;37;234;232;235;234;0.000;49.97;378.0;0.003;272.3;0.000;358.3;0.000;60;0;0;0.000;0.000;0.000;0;0;0;49.97;49.97;49.97;1663;1000;0.0;0;1.0000;0;2;21229;21229;21229
60;2014-12-20 16:18:00;909402N262;0;21.229;37;234;233;235;235;0.002;49.97;343.4;0.002;259.1;0.000;317.2;0.000;60;0;0;0.000;0.006;0.000;0;0;0;49.97;49.97;49.97;1663;1000;0.0;0;1.0000;0;2;21229;21229;21229
60;2014-12-20 16:19:00;909402N262;0;21.229;37;234;233;235;235;0.016;49.98;256.2;0.000;256.6;0.000;269.3;0.000;60;0;0;0.000;0.048;0.001;0;0;0;49.98;49.98;49.98;1663;1000;0.0;0;1.0000;0;2;21229;21229;21228
60;2014-12-20 16:20:00;909402N262;0;21.229;37;234;233;235;234;0.031;49.97;257.3;0.000;256.8;0.000;254.6;0.000;60;0;0;0.000;0.095;0.000;0;0;0;49.97;49.97;49.97;1663;1000;0.0;0;1.0000;0;2;21229;21229;21228
60;2014-12-20 16:21:00;909402N262;0;21.229;37;234;233;235;234;0.044;49.98;252.2;0.000;251.7;0.000;253.5;0.000;60;0;0;0.000;0.132;0.000;0;0;0;49.98;49.98;49.98;1663;1000;0.0;0;1.0000;0;2;21229;21229;21228
60;2014-12-20 16:22:00;909402N262;0;21.229;33;212;211;213;212;0.020;45.43;241.1;0.000;225.1;0.000;225.2;0.000;30;0;0;0.000;0.060;0.000;0;0;0;45.43;45.42;45.43;1484;1000;0.0;0;1.0000;0;2;21229;21229;0
60;2014-12-20 16:23:00;909402N262;0;21.229;37;233;231;236;233;0.000;49.97;228.4;0.000;227.8;0.000;228.3;0.000;50;0;0;0.000;0.000;0.000;0;0;0;49.97;49.97;49.97;0;1000;0.0;0;1.0000;0;2;21229;21229;0
60;2014-12-20 16:24:00;909402N262;0;21.229;37;233;232;235;233;0.000;49.96;228.3;0.000;227.7;0.000;228.2;0.000;50;0;0;0.000;0.000;0.000;0;0;0;49.96;49.96;49.96;0;1000;0.0;0;1.0000;0;2;21229;21229;0
60;2014-12-20 16:25:00;909402N262;0;21.229;36;233;232;235;233;0.000;49.97;228.3;0.000;227.7;0.000;228.2;0.000;50;0;0;0.000;0.000;0.000;0;0;0;49.97;49.97;49.97;0;1000;0.0;0;1.0000;0;2;21229;21229;0
60;2014-12-20 16:26:00;909402N262;0;21.229;36;233;232;236;233;0.000;49.97;228.4;0.000;224.9;0.000;227.7;0.000;50;0;0;0.000;0.000;0.000;0;0;0;49.97;49.97;49.97;0;1000;0.0;0;1.0000;0;2;21229;21229;0
60;2014-12-20 16:27:00;909402N262;0;21.229;36;233;232;235;232;0.000;49.97;227.4;0.000;207.6;0.000;219.3;0.000;50;0;0;0.000;0.000;0.000;0;0;0;49.97;49.97;49.97;0;1000;0.0;0;1.0000;0;2;21229;21229;0
60;2014-12-20 16:28:00;909402N262;0;21.229;35;233;232;235;232;0.000;49.98;228.1;0.000;186.0;0.000;204.3;0.000;50;0;0;0.000;0.000;0.000;0;0;0;49.98;49.98;49.98;0;1000;0.0;0;1.0000;0;2;21229;21229;0
60;2014-12-20 16:29:00;909402N262;0;21.229;35;232;232;233;232;0.000;49.99;228.6;0.000;168.3;0.000;189.8;0.000;50;0;0;0.000;0.000;0.000;0;0;0;49.99;49.99;49.99;0;1000;0.0;0;1.0000;0;2;21229;21229;0
60;2014-12-20 16:30:00;909402N262;0;21.229;35;232;231;233;232;0.000;49.98;224.3;0.000;153.0;0.000;176.8;0.000;50;0;0;0.000;0.000;0.000;0;0;0;49.98;49.98;49.98;0;1000;0.0;0;1.0000;0;2;21229;21229;0
60;2014-12-20 16:31:00;909402N262;0;21.229;35;232;231;232;232;0.000;49.98;226.9;0.000;138.8;0.000;165.7;0.000;50;0;0;0.000;0.000;0.000;0;0;0;49.98;49.98;49.98;0;1000;0.0;0;1.0000;0;2;21229;21229;0
60;2014-12-20 16:32:00;909402N262;0;21.229;34;232;232;233;232;0.000;49.99;220.6;0.000;125.3;0.000;155.5;0.000;50;0;0;0.000;0.000;0.000;0;0;0;49.99;49.99;49.99;0;1000;0.0;0;1.0000;0;2;21229;21229;0
60;2014-12-20 16:33:00;909402N262;0;21.229;34;232;232;233;231;0.000;49.98;210.3;0.000;112.8;0.000;145.8;0.000;50;0;0;0.000;0.000;0.000;0;0;0;49.98;49.98;49.98;0;1000;0.0;0;1.0000;0;2;21229;21229;0
60;2014-12-20 16:34:00;909402N262;0;21.229;34;232;231;232;232;0.000;49.98;198.1;0.000;101.3;0.000;136.3;0.000;80;0;0;0.000;0.000;0.000;0;0;0;49.98;49.98;49.98;0;1000;0.0;0;1.0000;0;2;21229;21229;0
[wr_ende]
