20150310;090000;danfoss;My Plant;+0100
[wr_def_start]
909402N262;Inverter Type;Inverter Group;Hanzl
[wr_def_end]
[wr]
INTERVAL;TIMESTAMP;SERIAL;P_AC;E_DAY;T_WR;U_AC;U_AC_1;U_AC_2;U_AC_3;I_AC;F_AC;U_DC_1;I_DC_1;U_DC_2;I_DC_2;U_DC_3;I_DC_3;S;E_WR;M_WR;I_AC_1;I_AC_2;I_AC_3;P_AC_1;P_AC_2;P_AC_3;F_AC_1;F_AC_2;F_AC_3;R_DC;PC;PCS;PCS_LL;COS_PHI;COS_PHI_LL;S_COS_PHI;Current_Day_Energy;current_Day_Offset;ccEnergyOfDay_WithoutOffset
60;2015-03-10 08:01:00;909402N262;577;0.501;27;233;233;232;235;1.342;49.97;597.4;0.417;649.2;0.237;794.6;0.225;60;0;0;1.311;1.354;1.362;180;197;198;49.97;49.97;49.97;10530;1000;0.0;0;1.0000;0;2;501;501;501
60;2015-03-10 08:02:00;909402N262;599;0.511;27;233;233;231;235;1.358;49.97;577.9;0.434;666.1;0.238;794.7;0.241;60;0;0;1.323;1.367;1.385;185;204;208;49.97;49.97;49.97;10530;1000;0.0;0;1.0000;0;2;511;511;511
60;2015-03-10 08:03:00;909402N262;616;0.522;27;233;233;232;234;1.372;49.98;579.1;0.437;666.9;0.240;794.9;0.258;60;0;0;1.342;1.382;1.393;193;210;212;49.98;49.98;49.98;10530;1000;0.0;0;1.0000;0;2;522;522;522
60;2015-03-10 08:04:00;909402N262;631;0.533;27;233;233;233;234;1.385;49.98;580.5;0.441;667.0;0.243;795.1;0.272;60;0;0;1.350;1.398;1.408;197;216;216;49.98;49.98;49.98;10530;1000;0.0;0;1.0000;0;2;533;533;533
60;2015-03-10 08:05:00;909402N262;641;0.543;27;233;233;233;234;1.396;49.98;605.6;0.428;667.6;0.246;794.7;0.277;60;0;0;1.365;1.411;1.413;201;220;219;49.98;49.98;49.98;10530;1000;0.0;0;1.0000;0;2;543;543;543
60;2015-03-10 08:06:00;909402N262;651;0.554;27;233;233;232;235;1.406;49.98;609.9;0.428;671.0;0.249;794.6;0.283;60;0;0;1.373;1.415;1.430;204;221;223;49.98;49.98;49.98;10530;1000;0.0;0;1.0000;0;2;554;554;554
60;2015-03-10 08:07:00;909402N262;657;0.565;28;233;232;232;235;1.410;49.98;609.0;0.431;670.4;0.250;794.7;0.287;60;0;0;1.371;1.424;1.435;205;223;227;49.98;49.98;49.98;10530;1000;0.0;0;1.0000;0;2;565;565;565
60;2015-03-10 08:08:00;909402N262;662;0.576;28;233;232;231;235;1.414;49.99;609.5;0.433;668.3;0.252;794.6;0.291;60;0;0;1.378;1.421;1.443;208;223;229;49.99;49.99;49.99;10530;1000;0.0;0;1.0000;0;2;576;576;576
60;2015-03-10 08:09:00;909402N262;666;0.587;28;233;233;231;235;1.419;49.98;610.3;0.435;665.0;0.254;794.5;0.292;60;0;0;1.382;1.427;1.449;208;225;231;49.98;49.98;49.98;10530;1000;0.0;0;1.0000;0;2;587;587;587
60;2015-03-10 08:10:00;909402N262;672;0.599;28;233;233;232;234;1.425;49.98;610.7;0.438;665.4;0.257;794.6;0.295;60;0;0;1.393;1.434;1.448;212;227;230;49.98;49.98;49.98;10530;1000;0.0;0;1.0000;0;2;599;599;599
60;2015-03-10 08:11:00;909402N262;680;0.610;28;233;233;233;234;1.434;49.99;611.3;0.439;668.8;0.259;794.6;0.302;60;0;0;1.401;1.451;1.451;214;232;231;49.99;49.99;49.99;10530;1000;0.0;0;1.0000;0;2;610;610;610
60;2015-03-10 08:12:00;909402N262;691;0.622;28;233;233;233;234;1.444;49.98;611.4;0.442;671.2;0.259;794.8;0.313;60;0;0;1.409;1.460;1.464;217;236;236;49.98;49.98;49.98;10530;1000;0.0;0;1.0000;0;2;622;622;622
60;2015-03-10 08:13:00;909402N262;699;0.634;28;233;233;233;234;1.451;49.99;602.7;0.452;671.1;0.263;794.9;0.317;60;0;0;1.416;1.468;1.470;220;239;239;49.99;49.99;49.99;10530;1000;0.0;0;1.0000;0;2;634;634;634
60;2015-03-10 08:14:00;909402N262;707;0.645;28;233;233;233;234;1.460;50.00;587.2;0.467;671.4;0.265;794.9;0.324;60;0;0;1.427;1.476;1.477;223;241;241;50.00;50.00;50.00;10530;1000;0.0;0;1.0000;0;2;645;645;645
60;2015-03-10 08:15:00;909402N262;712;0.657;28;233;233;233;234;1.463;49.99;587.1;0.469;669.3;0.266;794.9;0.329;60;0;0;1.428;1.482;1.481;224;243;242;49.99;49.99;49.99;10530;1000;0.0;0;1.0000;0;2;657;657;657
60;2015-03-10 08:16:00;909402N262;715;0.669;28;233;233;233;234;1.464;49.99;547.6;0.549;656.6;0.268;779.9;0.340;60;0;0;1.431;1.480;1.482;224;244;245;49.99;49.99;49.99;10530;1000;0.0;0;1.0000;0;2;669;669;669
60;2015-03-10 08:17:00;909402N262;770;0.681;28;233;233;233;234;1.533;50.00;348.7;0.952;668.3;0.270;794.9;0.335;60;0;0;1.497;1.551;1.551;243;262;262;50.00;50.00;50.00;10530;1000;0.0;0;1.0000;0;2;681;681;681
60;2015-03-10 08:18:00;909402N262;778;0.695;28;233;233;233;234;1.542;50.00;356.6;0.948;668.5;0.275;794.8;0.335;60;0;0;1.501;1.570;1.557;245;267;264;50.00;50.00;50.00;10530;1000;0.0;0;1.0000;0;2;695;695;695
60;2015-03-10 08:19:00;909402N262;798;0.707;28;234;233;234;234;1.563;49.99;361.4;0.960;671.5;0.279;794.7;0.344;60;0;0;1.517;1.589;1.585;250;274;271;49.99;49.99;49.99;10530;1000;0.0;0;1.0000;0;2;707;707;707
60;2015-03-10 08:20:00;909402N262;821;0.722;28;233;233;233;234;1.609;50.00;362.8;0.988;673.8;0.283;787.6;0.358;60;0;0;1.572;1.637;1.620;261;280;277;50.00;50.00;50.00;10530;1000;0.0;0;1.0000;0;2;722;722;722
60;2015-03-10 08:21:00;909402N262;847;0.736;29;233;233;233;234;1.644;50.01;372.3;1.016;675.7;0.283;788.6;0.365;60;0;0;1.603;1.665;1.666;269;288;289;50.01;50.01;50.01;10530;1000;0.0;0;1.0000;0;2;736;736;736
60;2015-03-10 08:22:00;909402N262;860;0.750;29;233;233;233;234;1.670;50.01;371.2;1.051;680.4;0.280;778.2;0.372;60;0;0;1.634;1.690;1.687;275;292;292;50.01;50.01;50.01;10530;1000;0.0;0;1.0000;0;2;750;750;750
60;2015-03-10 08:23:00;909402N262;862;0.764;29;233;232;232;234;1.674;50.00;371.2;1.080;680.5;0.279;768.8;0.368;60;0;0;1.632;1.696;1.695;274;293;294;50.00;50.00;50.00;10530;1000;0.0;0;1.0000;0;2;764;764;764
60;2015-03-10 08:24:00;909402N262;866;0.779;29;233;233;232;233;1.670;49.99;371.1;1.108;677.9;0.282;753.0;0.366;60;0;0;1.628;1.690;1.694;275;294;295;49.99;49.99;49.99;10530;1000;0.0;0;1.0000;0;2;779;779;779
60;2015-03-10 08:25:00;909402N262;864;0.793;29;233;233;232;233;1.651;49.99;370.8;1.138;675.6;0.287;742.2;0.351;60;0;0;1.607;1.671;1.675;274;293;295;49.99;49.99;49.99;10530;1000;0.0;0;1.0000;0;2;793;793;793
60;2015-03-10 08:26:00;909402N262;872;0.808;29;233;232;232;234;1.600;50.01;370.8;1.170;675.0;0.291;723.1;0.353;60;0;0;1.550;1.630;1.621;275;297;297;50.01;50.01;50.01;10530;1000;0.0;0;1.0000;0;2;808;808;808
60;2015-03-10 08:27:00;909402N262;889;0.823;29;233;232;233;234;1.622;49.99;371.0;1.201;676.4;0.296;724.3;0.355;60;0;0;1.572;1.652;1.644;281;304;302;49.99;49.99;49.99;10530;1000;0.0;0;1.0000;0;2;823;823;823
60;2015-03-10 08:28:00;909402N262;904;0.837;29;233;232;232;234;1.633;50.00;376.5;1.204;680.5;0.299;721.0;0.362;60;0;0;1.580;1.663;1.657;285;309;309;50.00;50.00;50.00;10530;1000;0.0;0;1.0000;0;2;837;837;837
60;2015-03-10 08:29:00;909402N262;920;0.853;29;233;232;233;234;1.656;50.02;382.0;1.216;684.9;0.301;723.1;0.363;60;0;0;1.607;1.687;1.676;291;314;313;50.02;50.02;50.02;10530;1000;0.0;0;1.0000;0;2;853;853;853
60;2015-03-10 08:30:00;909402N262;948;0.868;29;233;232;233;234;1.699;50.00;382.4;1.266;690.0;0.310;721.1;0.368;60;0;0;1.647;1.733;1.717;300;325;322;50.00;50.00;50.00;10530;1000;0.0;0;1.0000;0;2;868;868;868
60;2015-03-10 08:31:00;909402N262;941;0.884;29;232;231;232;234;1.693;50.01;377.8;1.294;668.0;0.318;725.3;0.356;60;0;0;1.634;1.729;1.717;296;321;321;50.01;50.01;50.01;10530;1000;0.0;0;1.0000;0;2;884;884;884
60;2015-03-10 08:32:00;909402N262;937;0.900;29;233;231;232;234;1.653;49.99;384.5;1.249;697.0;0.321;718.5;0.346;60;0;0;1.596;1.683;1.682;294;320;321;49.99;49.99;49.99;10530;1000;0.0;0;1.0000;0;2;900;900;900
60;2015-03-10 08:33:00;909402N262;857;0.915;29;232;231;232;234;1.641;50.00;400.5;0.995;704.3;0.325;759.3;0.316;60;0;0;1.586;1.674;1.663;269;294;292;50.00;50.00;50.00;10530;1000;0.0;0;1.0000;0;2;915;915;915
60;2015-03-10 08:34:00;909402N262;871;0.929;29;232;231;233;234;1.639;50.00;373.5;1.108;708.7;0.326;794.7;0.300;60;0;0;1.587;1.666;1.664;274;298;297;50.00;50.00;50.00;10530;1000;0.0;0;1.0000;0;2;929;929;929
60;2015-03-10 08:35:00;909402N262;840;0.943;29;232;231;233;233;1.604;49.99;396.0;0.954;710.3;0.327;794.9;0.299;60;0;0;1.549;1.635;1.628;263;289;286;49.99;49.99;49.99;10530;1000;0.0;0;1.0000;0;2;943;943;943
60;2015-03-10 08:36:00;909402N262;793;0.956;29;232;231;233;233;1.554;50.00;393.5;0.835;712.4;0.331;794.8;0.296;60;0;0;1.506;1.584;1.574;248;273;270;50.00;50.00;50.00;10530;1000;0.0;0;1.0000;0;2;956;956;956
60;2015-03-10 08:37:00;909402N262;759;0.969;29;232;231;233;233;1.517;50.01;421.0;0.690;719.2;0.334;794.8;0.294;60;0;0;1.476;1.543;1.532;238;261;258;50.01;50.01;50.01;10530;1000;0.0;0;1.0000;0;2;969;969;969
60;2015-03-10 08:38:00;909402N262;746;0.981;30;232;231;233;233;1.504;50.01;421.4;0.646;718.5;0.342;795.1;0.293;60;0;0;1.458;1.529;1.525;233;256;256;50.01;50.01;50.01;10530;1000;0.0;0;1.0000;0;2;981;981;981
60;2015-03-10 08:39:00;909402N262;760;0.995;30;232;232;232;232;1.518;49.99;419.1;0.652;723.7;0.358;795.1;0.292;60;0;0;1.482;1.540;1.532;241;260;257;49.99;49.99;49.99;10530;1000;0.0;0;1.0000;0;2;995;995;995
60;2015-03-10 08:40:00;909402N262;783;1.007;30;232;232;232;232;1.539;49.98;418.5;0.667;735.5;0.373;794.9;0.294;60;0;0;1.509;1.562;1.548;250;267;263;49.98;49.98;49.98;10530;1000;0.0;0;1.0000;0;2;1007;1007;1007
60;2015-03-10 08:41:00;909402N262;896;1.022;30;232;232;232;231;1.668;49.99;342.5;1.227;742.3;0.373;795.1;0.295;60;0;0;1.632;1.691;1.683;287;306;302;49.99;49.99;49.99;10530;1000;0.0;0;1.0000;0;2;1022;1022;1022
60;2015-03-10 08:42:00;909402N262;1030;1.039;30;232;232;232;232;1.822;49.99;312.5;1.647;738.8;0.395;795.4;0.299;60;0;0;1.786;1.841;1.840;332;349;347;49.99;49.99;49.99;10530;1000;0.0;0;1.0000;0;2;1039;1039;1039
60;2015-03-10 08:43:00;909402N262;1109;1.057;30;232;232;232;232;1.914;49.99;334.5;1.684;696.3;0.461;795.7;0.301;60;0;0;1.870;1.943;1.930;356;377;373;49.99;49.99;49.99;10530;1000;0.0;0;1.0000;0;2;1057;1057;1057
60;2015-03-10 08:44:00;909402N262;1199;1.078;30;232;232;232;232;2.025;50.01;357.9;1.714;721.8;0.497;795.3;0.303;60;0;0;1.976;2.052;2.047;385;406;405;50.01;50.01;50.01;10530;1000;0.0;0;1.0000;0;2;1078;1078;1078
60;2015-03-10 08:45:00;909402N262;1257;1.099;30;232;232;232;232;2.099;50.00;377.7;1.756;735.9;0.500;795.0;0.303;60;0;0;2.045;2.132;2.121;404;427;424;50.00;50.00;50.00;10530;1000;0.0;0;1.0000;0;2;1099;1099;1099
60;2015-03-10 08:46:00;909402N262;1300;1.122;30;232;231;232;233;2.151;49.99;387.9;1.788;567.0;0.765;789.2;0.306;60;0;0;2.092;2.185;2.177;418;440;440;49.99;49.99;49.99;10530;1000;0.0;0;1.0000;0;2;1122;1122;1122
60;2015-03-10 08:47:00;909402N262;1392;1.143;30;232;232;232;233;2.268;49.98;387.6;1.833;345.5;1.357;794.4;0.304;60;0;0;2.207;2.297;2.302;449;469;472;49.98;49.98;49.98;10530;1000;0.0;0;1.0000;0;2;1143;1143;1143
60;2015-03-10 08:48:00;909402N262;1423;1.168;30;232;233;231;233;2.306;49.99;386.9;1.867;363.5;1.339;794.6;0.307;60;0;0;2.253;2.321;2.344;461;476;485;49.99;49.99;49.99;10530;1000;0.0;0;1.0000;0;2;1168;1168;1168
60;2015-03-10 08:49:00;909402N262;1556;1.193;30;232;232;231;233;2.479;49.99;390.9;1.887;425.2;1.419;794.6;0.311;60;0;0;2.422;2.499;2.516;505;520;529;49.99;49.99;49.99;10530;1000;0.0;0;1.0000;0;2;1193;1193;1193
60;2015-03-10 08:50:00;909402N262;1835;1.224;30;232;233;232;233;2.841;49.99;397.7;1.923;565.0;1.503;794.1;0.312;60;0;0;2.781;2.873;2.870;598;616;619;49.99;49.99;49.99;10530;1000;0.0;0;1.0000;0;2;1224;1224;1224
60;2015-03-10 08:51:00;909402N262;2053;1.258;30;233;233;232;233;3.128;49.98;395.1;1.976;671.9;1.560;794.6;0.315;60;0;0;3.072;3.160;3.152;671;689;690;49.98;49.98;49.98;10530;1000;0.0;0;1.0000;0;2;1258;1258;1258
60;2015-03-10 08:52:00;909402N262;2156;1.294;30;233;233;232;233;3.269;49.99;394.0;2.015;705.8;1.606;794.6;0.319;60;0;0;3.206;3.300;3.301;703;723;727;49.99;49.99;49.99;10530;1000;0.0;0;1.0000;0;2;1294;1294;1294
60;2015-03-10 08:53:00;909402N262;2192;1.331;30;233;233;232;233;3.318;50.00;393.3;2.051;702.4;1.645;794.7;0.321;60;0;0;3.258;3.351;3.347;716;736;738;50.00;50.00;50.00;10530;1000;0.0;0;1.0000;0;2;1331;1331;1331
60;2015-03-10 08:54:00;909402N262;2217;1.368;30;232;232;232;233;3.355;49.99;392.2;2.089;701.6;1.665;794.7;0.323;60;0;0;3.292;3.390;3.383;724;745;745;49.99;49.99;49.99;10530;1000;0.0;0;1.0000;0;2;1368;1368;1368
60;2015-03-10 08:55:00;909402N262;2241;1.405;31;232;233;232;232;3.390;50.01;391.3;2.123;701.3;1.681;794.7;0.325;60;0;0;3.335;3.421;3.415;734;752;752;50.01;50.01;50.01;10530;1000;0.0;0;1.0000;0;2;1405;1405;1405
60;2015-03-10 08:56:00;909402N262;2279;1.444;31;232;233;232;233;3.443;50.00;397.8;2.153;701.0;1.698;794.5;0.327;60;0;0;3.378;3.474;3.478;746;764;768;50.00;50.00;50.00;10530;1000;0.0;0;1.0000;0;2;1444;1444;1444
60;2015-03-10 08:57:00;909402N262;2313;1.483;31;232;233;231;233;3.485;49.99;401.5;2.192;702.3;1.710;794.4;0.327;60;0;0;3.427;3.510;3.518;758;772;780;49.99;49.99;49.99;10530;1000;0.0;0;1.0000;0;2;1483;1483;1483
60;2015-03-10 08:58:00;909402N262;2338;1.521;31;232;233;232;233;3.517;49.99;400.8;2.231;703.3;1.724;794.7;0.328;60;0;0;3.454;3.547;3.552;764;782;790;49.99;49.99;49.99;10530;1000;0.0;0;1.0000;0;2;1521;1521;1521
60;2015-03-10 08:59:00;909402N262;2357;1.560;31;233;232;232;234;3.543;50.00;400.0;2.266;704.5;1.732;794.6;0.326;60;0;0;3.476;3.571;3.583;769;789;798;50.00;50.00;50.00;10530;1000;0.0;0;1.0000;0;2;1560;1560;1560
60;2015-03-10 09:00:00;909402N262;2396;1.600;31;233;233;232;234;3.591;49.96;412.0;2.271;705.5;1.747;794.3;0.323;60;0;0;3.533;3.617;3.623;784;801;808;49.96;49.96;49.96;10530;1000;0.0;0;1.0000;0;2;1600;1600;1600
[wr_ende]
