20140713;110005;danfoss;My Plant;+0100
[wr_def_start]
909402N262;Inverter Type;Inverter Group;Hanzl
[wr_def_end]
[wr]
INTERVAL;TIMESTAMP;SERIAL;P_AC;E_DAY;T_WR;U_AC;U_AC_1;U_AC_2;U_AC_3;I_AC;F_AC;U_DC_1;I_DC_1;U_DC_2;I_DC_2;U_DC_3;I_DC_3;S;E_WR;M_WR;I_AC_1;I_AC_2;I_AC_3;P_AC_1;P_AC_2;P_AC_3;F_AC_1;F_AC_2;F_AC_3;R_DC;PC;PCS;PCS_LL;COS_PHI;COS_PHI_LL;S_COS_PHI;Current_Day_Energy;current_Day_Offset;ccEnergyOfDay_WithoutOffset
60;2014-07-13 10:01:00;909402N262;2585;4.827;43;235;235;235;234;3.749;50.04;545.1;2.034;612.3;1.185;767.2;1.023;60;0;0;3.695;3.813;3.741;850;875;857;50.04;50.04;50.04;8560;1000;0.0;0;0.0000;0;0;4827;4827;4827
60;2014-07-13 10:02:00;909402N262;2891;4.876;43;234;234;235;234;4.163;50.03;554.6;2.219;629.4;1.296;770.3;1.139;60;0;0;4.103;4.219;4.169;948;979;961;50.03;50.03;50.03;8560;1000;0.0;0;0.0000;0;0;4876;4876;4876
60;2014-07-13 10:03:00;909402N262;3543;4.935;43;234;234;235;234;5.084;50.03;550.0;2.710;580.7;1.663;783.1;1.446;60;0;0;5.015;5.143;5.095;1163;1198;1180;50.03;50.03;50.03;8560;1000;0.0;0;0.0000;0;0;4935;4935;4935
60;2014-07-13 10:04:00;909402N262;3405;4.992;43;234;234;235;234;4.891;50.02;569.9;2.505;655.5;1.449;776.0;1.371;60;0;0;4.833;4.947;4.895;1120;1150;1132;50.02;50.02;50.02;8560;1000;0.0;0;0.0000;0;0;4992;4992;4992
60;2014-07-13 10:05:00;909402N262;3284;5.046;43;234;235;235;234;4.723;50.02;548.9;2.506;632.5;1.505;772.6;1.286;60;0;0;4.672;4.781;4.717;1084;1108;1090;50.02;50.02;50.02;8560;1000;0.0;0;0.0000;0;0;5046;5046;5046
60;2014-07-13 10:06:00;909402N262;3066;5.098;43;234;234;235;234;4.414;50.01;547.3;2.373;629.3;1.410;770.4;1.186;60;0;0;4.362;4.469;4.413;1010;1035;1019;50.01;50.01;50.01;8560;1000;0.0;0;0.0000;0;0;5098;5098;5098
60;2014-07-13 10:07:00;909402N262;2965;5.149;43;234;235;235;234;4.269;50.03;547.5;2.306;629.9;1.361;769.6;1.139;60;0;0;4.210;4.327;4.270;975;1003;985;50.03;50.03;50.03;8560;1000;0.0;0;0.0000;0;0;5149;5149;5149
60;2014-07-13 10:08:00;909402N262;2912;5.197;43;234;234;235;234;4.195;50.02;547.6;2.270;629.7;1.335;768.9;1.118;60;0;0;4.131;4.251;4.204;954;984;972;50.02;50.02;50.02;8560;1000;0.0;0;0.0000;0;0;5197;5197;5197
60;2014-07-13 10:09:00;909402N262;2872;5.244;43;234;233;235;235;4.138;50.01;548.0;2.245;629.0;1.318;768.8;1.096;60;0;0;4.072;4.184;4.159;938;969;963;50.01;50.01;50.01;8560;1000;0.0;0;0.0000;0;0;5244;5244;5244
60;2014-07-13 10:10:00;909402N262;2846;5.292;43;234;233;235;235;4.103;50.01;548.5;2.229;629.3;1.304;768.8;1.084;60;0;0;4.035;4.150;4.124;928;960;955;50.01;50.01;50.01;8560;1000;0.0;0;0.0000;0;0;5292;5292;5292
60;2014-07-13 10:11:00;909402N262;2851;5.339;43;235;234;235;235;4.104;50.02;549.2;2.231;630.0;1.304;769.3;1.084;60;0;0;4.042;4.146;4.125;934;959;956;50.02;50.02;50.02;8560;1000;0.0;0;0.0000;0;0;5339;5339;5339
60;2014-07-13 10:12:00;909402N262;2862;5.387;43;234;234;234;235;4.119;50.01;549.5;2.240;630.9;1.304;769.9;1.089;60;0;0;4.059;4.160;4.140;938;962;960;50.01;50.01;50.01;8560;1000;0.0;0;0.0000;0;0;5387;5387;5387
60;2014-07-13 10:13:00;909402N262;2891;5.436;43;234;234;234;235;4.163;50.00;549.5;2.265;632.2;1.312;770.6;1.101;60;0;0;4.104;4.205;4.180;949;971;970;50.00;50.00;50.00;8560;1000;0.0;0;0.0000;0;0;5436;5436;5436
60;2014-07-13 10:14:00;909402N262;2949;5.485;43;234;233;234;235;4.248;50.00;548.8;2.311;633.2;1.333;771.1;1.127;60;0;0;4.188;4.289;4.269;966;992;989;50.00;50.00;50.00;8560;1000;0.0;0;0.0000;0;0;5485;5485;5485
60;2014-07-13 10:15:00;909402N262;3023;5.535;43;234;233;234;234;4.358;49.99;556.2;2.336;634.0;1.361;772.6;1.157;60;0;0;4.291;4.404;4.379;988;1019;1014;49.99;49.99;49.99;8560;1000;0.0;0;0.0000;0;0;5535;5535;5535
60;2014-07-13 10:16:00;909402N262;3046;5.586;44;234;233;235;235;4.387;50.00;558.8;2.353;619.6;1.391;771.1;1.181;60;0;0;4.324;4.433;4.406;995;1028;1021;50.00;50.00;50.00;8560;1000;0.0;0;0.0000;0;0;5586;5586;5586
60;2014-07-13 10:17:00;909402N262;3113;5.638;44;234;234;234;235;4.507;50.00;559.7;2.398;635.6;1.393;771.7;1.192;60;0;0;4.447;4.548;4.528;1020;1046;1044;50.00;50.00;50.00;8560;1000;0.0;0;0.0000;0;0;5638;5638;5638
60;2014-07-13 10:18:00;909402N262;3181;5.691;44;234;234;234;235;4.602;49.99;559.4;2.449;636.8;1.425;772.8;1.215;60;0;0;4.541;4.649;4.617;1043;1071;1065;49.99;49.99;49.99;8560;1000;0.0;0;0.0000;0;0;5691;5691;5691
60;2014-07-13 10:19:00;909402N262;3072;5.742;44;234;234;234;235;4.448;50.00;559.8;2.378;636.2;1.369;771.7;1.172;60;0;0;4.395;4.484;4.465;1010;1031;1029;50.00;50.00;50.00;8560;1000;0.0;0;0.0000;0;0;5742;5742;5742
60;2014-07-13 10:20:00;909402N262;3030;5.793;44;234;233;234;235;4.391;50.01;560.2;2.352;636.1;1.346;772.0;1.153;60;0;0;4.332;4.433;4.410;993;1019;1016;50.01;50.01;50.01;8560;1000;0.0;0;0.0000;0;0;5793;5793;5793
60;2014-07-13 10:21:00;909402N262;3047;5.843;44;234;233;234;234;4.419;50.00;561.1;2.362;636.2;1.350;772.3;1.159;60;0;0;4.362;4.460;4.436;999;1025;1021;50.00;50.00;50.00;8560;1000;0.0;0;0.0000;0;0;5843;5843;5843
60;2014-07-13 10:22:00;909402N262;3103;5.894;44;234;234;234;234;4.496;50.01;562.1;2.396;636.3;1.375;772.9;1.185;60;0;0;4.442;4.544;4.504;1019;1046;1036;50.01;50.01;50.01;8560;1000;0.0;0;0.0000;0;0;5894;5894;5894
60;2014-07-13 10:23:00;909402N262;3195;5.948;44;234;234;234;234;4.632;49.99;563.3;2.450;636.7;1.418;774.0;1.226;60;0;0;4.585;4.672;4.640;1053;1073;1067;49.99;49.99;49.99;8560;1000;0.0;0;0.0000;0;0;5948;5948;5948
60;2014-07-13 10:24:00;909402N262;3262;6.002;44;234;233;234;234;4.727;49.99;563.5;2.490;635.5;1.454;773.9;1.256;60;0;0;4.682;4.770;4.731;1075;1097;1088;49.99;49.99;49.99;8560;1000;0.0;0;0.0000;0;0;6002;6002;6002
60;2014-07-13 10:25:00;909402N262;3341;6.058;44;234;234;234;234;4.835;50.01;562.9;2.547;635.4;1.494;773.4;1.288;60;0;0;4.783;4.880;4.842;1100;1124;1115;50.01;50.01;50.01;8560;1000;0.0;0;0.0000;0;0;6058;6058;6058
60;2014-07-13 10:26:00;909402N262;3403;6.114;44;234;233;234;234;4.927;50.02;562.0;2.598;635.4;1.528;773.6;1.309;60;0;0;4.868;4.978;4.935;1117;1147;1136;50.02;50.02;50.02;8560;1000;0.0;0;0.0000;0;0;6114;6114;6114
60;2014-07-13 10:27:00;909402N262;3408;6.171;44;234;233;234;235;4.931;50.01;562.3;2.604;635.4;1.538;772.7;1.305;60;0;0;4.863;4.986;4.946;1115;1149;1142;50.01;50.01;50.01;8560;1000;0.0;0;0.0000;0;0;6171;6171;6171
60;2014-07-13 10:28:00;909402N262;3390;6.227;44;234;233;234;235;4.903;50.01;563.4;2.585;635.7;1.536;771.8;1.292;60;0;0;4.841;4.952;4.917;1112;1140;1136;50.01;50.01;50.01;8560;1000;0.0;0;0.0000;0;0;6227;6227;6227
60;2014-07-13 10:29:00;909402N262;3370;6.283;44;234;234;234;234;4.876;50.00;548.2;2.644;636.2;1.529;771.5;1.283;60;0;0;4.827;4.909;4.893;1110;1129;1129;50.00;50.00;50.00;8560;1000;0.0;0;0.0000;0;0;6283;6283;6283
60;2014-07-13 10:30:00;909402N262;3403;6.340;44;234;234;233;234;4.926;49.99;545.1;2.681;637.0;1.540;772.0;1.298;60;0;0;4.880;4.961;4.939;1122;1139;1139;49.99;49.99;49.99;8560;1000;0.0;0;0.0000;0;0;6340;6340;6340
60;2014-07-13 10:31:00;909402N262;3451;6.398;44;233;234;233;234;4.985;50.00;542.2;2.734;634.0;1.583;761.1;1.333;60;0;0;4.943;5.014;4.998;1139;1155;1154;50.00;50.00;50.00;8560;1000;0.0;0;0.0000;0;0;6398;6398;6398
60;2014-07-13 10:32:00;909402N262;3603;6.459;44;234;233;234;234;5.188;50.01;545.9;2.812;637.6;1.630;774.0;1.388;60;0;0;5.131;5.238;5.196;1185;1212;1205;50.01;50.01;50.01;8560;1000;0.0;0;0.0000;0;0;6459;6459;6459
60;2014-07-13 10:33:00;909402N262;3707;6.519;44;233;233;233;234;5.339;50.01;551.7;2.840;637.7;1.679;774.4;1.440;60;0;0;5.279;5.387;5.351;1219;1246;1240;50.01;50.01;50.01;8560;1000;0.0;0;0.0000;0;0;6519;6519;6519
60;2014-07-13 10:34:00;909402N262;3611;6.580;44;234;233;233;234;5.200;50.01;546.7;2.789;637.0;1.644;772.5;1.403;60;0;0;5.151;5.244;5.205;1191;1212;1207;50.01;50.01;50.01;8560;1000;0.0;0;0.0000;0;0;6580;6580;6580
60;2014-07-13 10:35:00;909402N262;3415;6.638;44;236;236;236;236;4.869;50.00;546.4;2.668;634.9;1.558;770.4;1.310;60;0;0;4.824;4.907;4.876;1128;1144;1141;50.00;50.00;50.00;8560;1000;0.0;0;0.0000;0;0;6638;6638;6638
60;2014-07-13 10:36:00;909402N262;3369;6.693;44;236;236;236;237;4.803;50.00;546.5;2.639;634.1;1.541;769.7;1.286;60;0;0;4.759;4.842;4.809;1112;1130;1125;50.00;50.00;50.00;8560;1000;0.0;0;0.0000;0;0;6693;6693;6693
60;2014-07-13 10:37:00;909402N262;3527;6.752;45;236;236;236;237;5.022;50.00;559.0;2.693;635.6;1.614;771.3;1.347;60;0;0;4.968;5.067;5.031;1161;1185;1179;50.00;50.00;50.00;8560;1000;0.0;0;0.0000;0;0;6752;6752;6752
60;2014-07-13 10:38:00;909402N262;4112;6.820;45;236;236;236;237;5.843;50.00;560.8;3.069;639.6;1.882;776.6;1.601;60;0;0;5.788;5.893;5.850;1354;1383;1374;50.00;50.00;50.00;8560;1000;0.0;0;0.0000;0;0;6820;6820;6820
60;2014-07-13 10:39:00;909402N262;5446;6.911;45;236;236;237;236;7.706;50.01;557.1;4.004;644.1;2.523;778.4;2.147;60;0;0;7.650;7.774;7.696;1798;1833;1812;50.01;50.01;50.01;8560;1000;0.0;0;0.0000;0;0;6911;6911;6911
60;2014-07-13 10:40:00;909402N262;4422;6.986;45;236;236;236;236;6.280;50.01;557.5;3.287;637.8;2.020;775.4;1.746;60;0;0;6.236;6.335;6.270;1465;1483;1470;50.01;50.01;50.01;8560;1000;0.0;0;0.0000;0;0;6986;6986;6986
60;2014-07-13 10:41:00;909402N262;3999;7.052;45;236;236;236;236;5.686;50.02;559.4;3.013;634.9;1.841;771.4;1.546;60;0;0;5.646;5.733;5.680;1324;1343;1330;50.02;50.02;50.02;8560;1000;0.0;0;0.0000;0;0;7052;7052;7052
60;2014-07-13 10:42:00;909402N262;3897;7.116;45;236;236;236;236;5.551;50.01;548.2;3.020;634.6;1.796;770.7;1.495;60;0;0;5.507;5.596;5.550;1289;1309;1298;50.01;50.01;50.01;8560;1000;0.0;0;0.0000;0;0;7116;7116;7116
60;2014-07-13 10:43:00;909402N262;4238;7.188;45;236;236;237;236;6.020;50.01;553.0;3.254;635.9;1.936;773.0;1.635;60;0;0;5.967;6.071;6.024;1397;1427;1414;50.01;50.01;50.01;8560;1000;0.0;0;0.0000;0;0;7188;7188;7188
60;2014-07-13 10:44:00;909402N262;5635;7.281;45;236;236;237;236;7.968;50.01;559.9;4.159;641.4;2.591;782.9;2.210;60;0;0;7.915;8.020;7.971;1860;1895;1878;50.01;50.01;50.01;8560;1000;0.0;0;0.0000;0;0;7281;7281;7281
60;2014-07-13 10:45:00;909402N262;6501;7.390;45;237;237;237;237;9.161;50.02;554.8;4.783;644.3;2.975;791.1;2.566;60;0;0;9.116;9.212;9.157;2157;2177;2166;50.02;50.02;50.02;8560;1000;0.0;0;0.0000;0;0;7390;7390;7390
60;2014-07-13 10:46:00;909402N262;6182;7.493;45;237;237;236;237;8.724;50.02;548.1;4.635;629.1;2.858;774.5;2.515;60;0;0;8.677;8.770;8.726;2050;2069;2061;50.02;50.02;50.02;8560;1000;0.0;0;0.0000;0;0;7493;7493;7493
60;2014-07-13 10:47:00;909402N262;5742;7.589;45;236;237;236;237;8.119;50.02;550.7;4.333;636.8;2.618;772.5;2.294;60;0;0;8.075;8.165;8.118;1904;1922;1915;50.02;50.02;50.02;8560;1000;0.0;0;0.0000;0;0;7589;7589;7589
60;2014-07-13 10:48:00;909402N262;5197;7.675;45;236;236;235;237;7.372;50.03;548.3;3.983;632.3;2.356;768.4;2.073;60;0;0;7.327;7.404;7.387;1721;1733;1741;50.03;50.03;50.03;8560;1000;0.0;0;0.0000;0;0;7675;7675;7675
60;2014-07-13 10:49:00;909402N262;4383;7.749;45;235;235;235;236;6.243;50.02;548.9;3.412;626.7;2.002;762.6;1.722;60;0;0;6.195;6.278;6.258;1449;1464;1469;50.02;50.02;50.02;8560;1000;0.0;0;0.0000;0;0;7749;7749;7749
60;2014-07-13 10:50:00;909402N262;3968;7.815;45;235;235;235;236;5.660;50.01;545.9;3.112;624.5;1.822;759.6;1.553;60;0;0;5.610;5.690;5.680;1309;1326;1331;50.01;50.01;50.01;8560;1000;0.0;0;0.0000;0;0;7815;7815;7815
60;2014-07-13 10:51:00;909402N262;3693;7.876;45;236;236;235;236;5.266;50.01;537.0;2.953;623.8;1.699;758.1;1.440;60;0;0;5.223;5.290;5.287;1221;1230;1239;50.01;50.01;50.01;8560;1000;0.0;0;0.0000;0;0;7876;7876;7876
60;2014-07-13 10:52:00;909402N262;3622;7.937;46;236;236;235;237;5.163;50.00;538.4;2.890;624.1;1.663;758.2;1.414;60;0;0;5.120;5.186;5.185;1197;1207;1215;50.00;50.00;50.00;8560;1000;0.0;0;0.0000;0;0;7937;7937;7937
60;2014-07-13 10:53:00;909402N262;3809;8.001;46;236;236;235;237;5.423;50.01;538.7;3.032;625.5;1.741;761.0;1.491;60;0;0;5.371;5.456;5.444;1255;1274;1277;50.01;50.01;50.01;8560;1000;0.0;0;0.0000;0;0;8001;8001;8001
60;2014-07-13 10:54:00;909402N262;4146;8.069;46;236;235;236;237;5.899;50.01;542.2;3.264;627.3;1.891;764.0;1.630;60;0;0;5.844;5.933;5.922;1365;1388;1391;50.01;50.01;50.01;8560;1000;0.0;0;0.0000;0;0;8069;8069;8069
60;2014-07-13 10:55:00;909402N262;4400;8.143;46;236;235;236;237;6.251;50.00;552.2;3.379;628.2;2.011;765.8;1.735;60;0;0;6.193;6.287;6.274;1448;1473;1475;50.00;50.00;50.00;8560;1000;0.0;0;0.0000;0;0;8143;8143;8143
60;2014-07-13 10:56:00;909402N262;4604;8.219;46;236;236;236;237;6.537;50.01;554.2;3.494;629.1;2.116;767.3;1.823;60;0;0;6.493;6.564;6.555;1523;1538;1542;50.01;50.01;50.01;8560;1000;0.0;0;0.0000;0;0;8219;8219;8219
60;2014-07-13 10:57:00;909402N262;5138;8.305;46;236;236;236;237;7.283;50.00;553.1;3.851;631.5;2.393;770.3;2.045;60;0;0;7.243;7.304;7.303;1701;1715;1719;50.00;50.00;50.00;8560;1000;0.0;0;0.0000;0;0;8305;8305;8305
60;2014-07-13 10:58:00;909402N262;5396;8.395;46;236;236;236;237;7.645;50.01;550.9;4.067;632.5;2.443;769.9;2.187;60;0;0;7.596;7.675;7.665;1788;1798;1808;50.01;50.01;50.01;8560;1000;0.0;0;0.0000;0;0;8395;8395;8395
60;2014-07-13 10:59:00;909402N262;5534;8.487;46;236;236;236;237;7.844;50.02;550.6;4.181;632.5;2.586;769.5;2.189;60;0;0;7.795;7.864;7.875;1828;1850;1856;50.02;50.02;50.02;8560;1000;0.0;0;0.0000;0;0;8487;8487;8487
60;2014-07-13 11:00:00;909402N262;8322;8.626;46;236;236;236;237;11.750;50.01;536.9;6.272;636.3;3.877;769.7;3.411;60;0;0;11.709;11.802;11.741;2761;2781;2777;50.01;50.01;50.01;8560;1000;0.0;0;0.0000;0;0;8626;8626;8626
[wr_ende]
