20140405;120005;danfoss;My Plant;+0100
[wr_def_start]
909402N262;Inverter Type;Inverter Group;Hanzl
[wr_def_end]
[wr]
INTERVAL;TIMESTAMP;SERIAL;P_AC;E_DAY;T_WR;U_AC;U_AC_1;U_AC_2;U_AC_3;I_AC;F_AC;U_DC_1;I_DC_1;U_DC_2;I_DC_2;U_DC_3;I_DC_3;S;E_WR;M_WR;I_AC_1;I_AC_2;I_AC_3;P_AC_1;P_AC_2;P_AC_3;F_AC_1;F_AC_2;F_AC_3;R_DC;PC;PCS;PCS_LL;COS_PHI;COS_PHI_LL;S_COS_PHI;Current_Day_Energy;current_Day_Offset;ccEnergyOfDay_WithoutOffset
60;2014-04-05 11:01:00;909402N262;5486;9.382;41;235;233;235;236;7.831;49.98;546.2;3.646;627.7;2.612;781.0;2.487;60;0;0;7.757;7.824;7.913;1793;1831;1860;49.98;49.98;49.98;12084;1000;0.0;0;0.0000;0;0;9382;9382;9382
60;2014-04-05 11:02:00;909402N262;5302;9.470;41;235;234;235;236;7.545;49.98;550.2;3.500;641.1;2.490;779.5;2.381;60;0;0;7.499;7.548;7.590;1749;1766;1784;49.98;49.98;49.98;12084;1000;0.0;0;0.0000;0;0;9470;9470;9470
60;2014-04-05 11:03:00;909402N262;5398;9.560;41;235;235;235;236;7.682;49.99;548.1;3.589;640.6;2.525;779.4;2.426;60;0;0;7.631;7.691;7.724;1783;1798;1815;49.99;49.99;49.99;12084;1000;0.0;0;0.0000;0;0;9560;9560;9560
60;2014-04-05 11:04:00;909402N262;4455;9.635;41;236;235;236;237;6.338;50.00;558.6;2.954;637.9;2.079;775.5;1.984;60;0;0;6.280;6.358;6.376;1467;1487;1498;50.00;50.00;50.00;12084;1000;0.0;0;0.0000;0;0;9635;9635;9635
60;2014-04-05 11:05:00;909402N262;4195;9.705;41;236;235;236;237;5.973;49.99;562.0;2.779;636.9;1.961;774.0;1.860;60;0;0;5.916;5.991;6.012;1380;1400;1413;49.99;49.99;49.99;12084;1000;0.0;0;0.0000;0;0;9705;9705;9705
60;2014-04-05 11:06:00;909402N262;4530;9.781;42;236;235;236;237;6.440;49.99;558.2;2.978;638.8;2.121;777.3;2.031;60;0;0;6.384;6.445;6.492;1492;1509;1527;49.99;49.99;49.99;12084;1000;0.0;0;0.0000;0;0;9781;9781;9781
60;2014-04-05 11:07:00;909402N262;5621;9.874;42;236;235;236;236;7.977;49.98;545.4;3.731;642.3;2.640;780.5;2.532;60;0;0;7.933;7.982;8.016;1861;1874;1884;49.98;49.98;49.98;12084;1000;0.0;0;0.0000;0;0;9874;9874;9874
60;2014-04-05 11:08:00;909402N262;6885;9.990;42;236;236;236;235;9.748;49.97;550.3;4.503;643.3;3.213;783.2;3.131;60;0;0;9.715;9.782;9.749;2286;2309;2288;49.97;49.97;49.97;12084;1000;0.0;0;0.0000;0;0;9990;9990;9990
60;2014-04-05 11:09:00;909402N262;7023;10.105;42;236;236;237;235;9.934;49.99;547.4;4.632;642.0;3.309;783.0;3.156;60;0;0;9.890;9.975;9.938;2328;2359;2333;49.99;49.99;49.99;12084;1000;0.0;0;0.0000;0;0;10105;10105;10105
60;2014-04-05 11:10:00;909402N262;6713;10.218;42;236;235;237;235;9.510;49.98;546.4;4.437;640.6;3.184;780.1;3.013;60;0;0;9.448;9.575;9.508;2220;2261;2230;49.98;49.98;49.98;12084;1000;0.0;0;0.0000;0;0;10218;10218;10218
60;2014-04-05 11:11:00;909402N262;6468;10.325;42;236;235;237;235;9.168;49.99;545.6;4.291;638.9;3.058;778.4;2.921;60;0;0;9.108;9.228;9.170;2139;2177;2149;49.99;49.99;49.99;12084;1000;0.0;0;0.0000;0;0;10325;10325;10325
60;2014-04-05 11:12:00;909402N262;6860;10.439;42;236;236;236;235;9.715;50.00;543.1;4.567;639.0;3.250;778.7;3.096;60;0;0;9.670;9.759;9.718;2275;2304;2280;50.00;50.00;50.00;12084;1000;0.0;0;0.0000;0;0;10439;10439;10439
60;2014-04-05 11:13:00;909402N262;7029;10.557;42;235;235;235;235;9.965;49.99;540.5;4.712;638.0;3.315;777.8;3.179;60;0;0;9.927;9.985;9.984;2334;2345;2345;49.99;49.99;49.99;12084;1000;0.0;0;0.0000;0;0;10557;10557;10557
60;2014-04-05 11:14:00;909402N262;7152;10.676;42;235;235;236;235;10.136;49.99;537.7;4.824;636.3;3.373;777.4;3.247;60;0;0;10.090;10.163;10.156;2372;2391;2387;49.99;49.99;49.99;12084;1000;0.0;0;0.0000;0;0;10676;10676;10676
60;2014-04-05 11:15:00;909402N262;7356;10.798;42;236;236;236;235;10.416;49.99;534.9;4.981;635.2;3.492;776.4;3.340;60;0;0;10.379;10.447;10.422;2444;2463;2448;49.99;49.99;49.99;12084;1000;0.0;0;0.0000;0;0;10798;10798;10798
60;2014-04-05 11:16:00;909402N262;7516;10.924;42;236;236;236;235;10.623;49.98;528.1;5.169;623.9;3.581;776.1;3.464;60;0;0;10.600;10.645;10.626;2500;2519;2496;49.98;49.98;49.98;12084;1000;0.0;0;0.0000;0;0;10924;10924;10924
60;2014-04-05 11:17:00;909402N262;7671;11.051;42;236;236;237;235;10.839;50.01;534.4;5.212;632.7;3.633;774.0;3.502;60;0;0;10.799;10.906;10.812;2548;2581;2540;50.01;50.01;50.01;12084;1000;0.0;0;0.0000;0;0;11051;11051;11051
60;2014-04-05 11:18:00;909402N262;7353;11.175;42;236;236;236;235;10.410;50.00;550.0;4.863;631.5;3.487;772.4;3.355;60;0;0;10.360;10.472;10.398;2440;2473;2438;50.00;50.00;50.00;12084;1000;0.0;0;0.0000;0;0;11175;11175;11175
60;2014-04-05 11:19:00;909402N262;7226;11.295;43;236;236;237;235;10.231;50.02;549.5;4.786;630.8;3.427;770.9;3.305;60;0;0;10.174;10.299;10.220;2395;2433;2397;50.02;50.02;50.02;12084;1000;0.0;0;0.0000;0;0;11295;11295;11295
60;2014-04-05 11:20:00;909402N262;7116;11.412;43;236;236;236;236;10.060;50.01;548.4;4.730;630.3;3.369;769.2;3.261;60;0;0;9.992;10.105;10.084;2351;2386;2376;50.01;50.01;50.01;12084;1000;0.0;0;0.0000;0;0;11412;11412;11412
60;2014-04-05 11:21:00;909402N262;7081;11.530;43;236;236;237;236;10.005;50.00;548.1;4.708;629.6;3.357;768.6;3.251;60;0;0;9.938;10.055;10.024;2339;2377;2363;50.00;50.00;50.00;12084;1000;0.0;0;0.0000;0;0;11530;11530;11530
60;2014-04-05 11:22:00;909402N262;7450;11.654;43;236;236;237;235;10.527;50.00;545.8;4.976;629.4;3.532;768.6;3.421;60;0;0;10.460;10.613;10.508;2463;2516;2469;50.00;50.00;50.00;12084;1000;0.0;0;0.0000;0;0;11654;11654;11654
60;2014-04-05 11:23:00;909402N262;6953;11.770;43;236;235;237;235;9.838;50.00;546.3;4.659;629.0;3.296;766.6;3.187;60;0;0;9.760;9.925;9.830;2293;2350;2308;50.00;50.00;50.00;12084;1000;0.0;0;0.0000;0;0;11770;11770;11770
60;2014-04-05 11:24:00;909402N262;6587;11.879;43;236;235;237;235;9.332;49.99;553.8;4.368;628.2;3.120;765.6;3.013;60;0;0;9.264;9.425;9.308;2176;2230;2179;49.99;49.99;49.99;12084;1000;0.0;0;0.0000;0;0;11879;11879;11879
60;2014-04-05 11:25:00;909402N262;6458;11.988;43;236;235;237;234;9.156;49.98;559.8;4.245;627.7;3.058;764.8;2.953;60;0;0;9.089;9.244;9.136;2132;2188;2137;49.98;49.98;49.98;12084;1000;0.0;0;0.0000;0;0;11988;11988;11988
60;2014-04-05 11:26:00;909402N262;6112;12.089;43;236;235;237;236;8.660;49.99;557.6;4.063;627.2;2.884;764.0;2.785;60;0;0;8.585;8.711;8.684;2012;2057;2042;49.99;49.99;49.99;12084;1000;0.0;0;0.0000;0;0;12089;12089;12089
60;2014-04-05 11:27:00;909402N262;5839;12.186;43;236;235;237;236;8.273;50.00;557.0;3.897;626.6;2.756;763.2;2.658;60;0;0;8.207;8.301;8.311;1925;1957;1955;50.00;50.00;50.00;12084;1000;0.0;0;0.0000;0;0;12186;12186;12186
60;2014-04-05 11:28:00;909402N262;5747;12.282;43;236;236;236;236;8.146;50.00;556.9;3.837;626.8;2.701;765.0;2.617;60;0;0;8.087;8.174;8.178;1898;1925;1921;50.00;50.00;50.00;12084;1000;0.0;0;0.0000;0;0;12282;12282;12282
60;2014-04-05 11:29:00;909402N262;5899;12.381;43;236;236;237;235;8.354;50.01;556.0;3.955;627.6;2.760;768.1;2.678;60;0;0;8.313;8.403;8.347;1956;1984;1957;50.01;50.01;50.01;12084;1000;0.0;0;0.0000;0;0;12381;12381;12381
60;2014-04-05 11:30:00;909402N262;5593;12.474;43;236;236;237;235;7.924;50.00;557.7;3.749;628.4;2.612;766.8;2.533;60;0;0;7.890;7.974;7.910;1857;1883;1850;50.00;50.00;50.00;12084;1000;0.0;0;0.0000;0;0;12474;12474;12474
60;2014-04-05 11:31:00;909402N262;5235;12.562;43;236;236;237;235;7.428;49.99;555.4;3.544;616.1;2.463;765.8;2.382;60;0;0;7.384;7.474;7.428;1733;1762;1737;49.99;49.99;49.99;12084;1000;0.0;0;0.0000;0;0;12562;12562;12562
60;2014-04-05 11:32:00;909402N262;4882;12.643;43;236;236;236;236;6.957;49.99;558.1;3.291;628.4;2.271;765.8;2.202;60;0;0;6.908;6.995;6.970;1615;1638;1627;49.99;49.99;49.99;12084;1000;0.0;0;0.0000;0;0;12643;12643;12643
60;2014-04-05 11:33:00;909402N262;4588;12.720;43;236;236;236;236;6.546;50.00;544.5;3.177;628.8;2.134;766.5;2.063;60;0;0;6.487;6.587;6.564;1513;1542;1531;50.00;50.00;50.00;12084;1000;0.0;0;0.0000;0;0;12720;12720;12720
60;2014-04-05 11:34:00;909402N262;4596;12.795;43;236;235;237;236;6.555;50.01;551.6;3.137;630.5;2.131;768.7;2.062;60;0;0;6.481;6.599;6.586;1507;1547;1540;50.01;50.01;50.01;12084;1000;0.0;0;0.0000;0;0;12795;12795;12795
60;2014-04-05 11:35:00;909402N262;4676;12.874;43;236;235;237;236;6.668;50.01;563.2;3.126;633.0;2.159;770.2;2.092;60;0;0;6.594;6.717;6.695;1536;1575;1564;50.01;50.01;50.01;12084;1000;0.0;0;0.0000;0;0;12874;12874;12874
60;2014-04-05 11:36:00;909402N262;4555;12.950;43;235;235;236;235;6.510;50.01;560.4;3.065;634.0;2.098;770.4;2.031;60;0;0;6.448;6.567;6.516;1502;1534;1516;50.01;50.01;50.01;12084;1000;0.0;0;0.0000;0;0;12950;12950;12950
60;2014-04-05 11:37:00;909402N262;4149;13.019;43;235;235;236;235;5.947;50.01;549.5;2.856;633.1;1.912;768.8;1.850;60;0;0;5.890;5.998;5.953;1369;1397;1380;50.01;50.01;50.01;12084;1000;0.0;0;0.0000;0;0;13019;13019;13019
60;2014-04-05 11:38:00;909402N262;3924;13.084;43;235;236;236;234;5.631;49.99;549.3;2.703;633.3;1.808;768.7;1.747;60;0;0;5.587;5.675;5.632;1298;1320;1303;49.99;49.99;49.99;12084;1000;0.0;0;0.0000;0;0;13084;13084;13084
60;2014-04-05 11:39:00;909402N262;3833;13.148;43;235;236;236;234;5.505;50.00;549.4;2.640;634.7;1.764;768.7;1.704;60;0;0;5.459;5.552;5.505;1268;1292;1271;50.00;50.00;50.00;12084;1000;0.0;0;0.0000;0;0;13148;13148;13148
60;2014-04-05 11:40:00;909402N262;3784;13.211;43;235;235;236;235;5.430;50.00;550.1;2.604;636.9;1.736;770.0;1.677;60;0;0;5.374;5.476;5.442;1247;1274;1260;50.00;50.00;50.00;12084;1000;0.0;0;0.0000;0;0;13211;13211;13211
60;2014-04-05 11:41:00;909402N262;3805;13.275;43;236;235;236;235;5.454;49.99;550.9;2.614;637.3;1.745;771.7;1.685;60;0;0;5.393;5.499;5.472;1251;1281;1271;49.99;49.99;49.99;12084;1000;0.0;0;0.0000;0;0;13275;13275;13275
60;2014-04-05 11:42:00;909402N262;3939;13.341;43;236;235;236;236;5.643;50.01;552.5;2.695;637.6;1.807;774.5;1.742;60;0;0;5.581;5.689;5.661;1296;1325;1316;50.01;50.01;50.01;12084;1000;0.0;0;0.0000;0;0;13341;13341;13341
60;2014-04-05 11:43:00;909402N262;4097;13.409;43;236;235;236;236;5.868;50.00;559.5;2.768;639.3;1.874;776.3;1.809;60;0;0;5.803;5.912;5.891;1348;1377;1371;50.00;50.00;50.00;12084;1000;0.0;0;0.0000;0;0;13409;13409;13409
60;2014-04-05 11:44:00;909402N262;4122;13.478;43;236;235;236;235;5.900;50.01;567.0;2.749;640.0;1.883;777.0;1.816;60;0;0;5.840;5.943;5.918;1358;1386;1376;50.01;50.01;50.01;12084;1000;0.0;0;0.0000;0;0;13478;13478;13478
60;2014-04-05 11:45:00;909402N262;4016;13.545;43;236;235;236;235;5.753;50.00;559.7;2.713;639.6;1.836;777.3;1.767;60;0;0;5.693;5.798;5.769;1323;1351;1340;50.00;50.00;50.00;12084;1000;0.0;0;0.0000;0;0;13545;13545;13545
60;2014-04-05 11:46:00;909402N262;3899;13.609;43;236;236;236;236;5.571;49.99;552.4;2.678;625.0;1.803;775.5;1.735;60;0;0;5.520;5.597;5.596;1286;1307;1303;49.99;49.99;49.99;12084;1000;0.0;0;0.0000;0;0;13609;13609;13609
60;2014-04-05 11:47:00;909402N262;3904;13.675;43;236;235;236;236;5.562;49.99;554.6;2.660;641.0;1.783;777.4;1.717;60;0;0;5.494;5.602;5.590;1281;1312;1309;49.99;49.99;49.99;12084;1000;0.0;0;0.0000;0;0;13675;13675;13675
60;2014-04-05 11:48:00;909402N262;3987;13.741;43;236;236;236;236;5.674;49.99;557.8;2.696;642.2;1.818;777.6;1.758;60;0;0;5.620;5.718;5.686;1315;1340;1330;49.99;49.99;49.99;12084;1000;0.0;0;0.0000;0;0;13741;13741;13741
60;2014-04-05 11:49:00;909402N262;4123;13.810;43;236;235;237;236;5.864;50.00;561.7;2.766;643.0;1.878;778.2;1.819;60;0;0;5.789;5.914;5.891;1351;1389;1382;50.00;50.00;50.00;12084;1000;0.0;0;0.0000;0;0;13810;13810;13810
60;2014-04-05 11:50:00;909402N262;4206;13.881;43;236;235;237;236;5.987;50.00;562.4;2.819;643.2;1.914;778.4;1.856;60;0;0;5.904;6.050;6.008;1376;1421;1406;50.00;50.00;50.00;12084;1000;0.0;0;0.0000;0;0;13881;13881;13881
60;2014-04-05 11:51:00;909402N262;4193;13.950;43;236;235;237;236;5.962;50.00;562.4;2.809;643.7;1.908;778.3;1.849;60;0;0;5.881;6.011;5.996;1370;1412;1408;50.00;50.00;50.00;12084;1000;0.0;0;0.0000;0;0;13950;13950;13950
60;2014-04-05 11:52:00;909402N262;4211;14.021;43;236;235;237;237;5.989;50.00;556.8;2.848;644.0;1.918;778.4;1.859;60;0;0;5.907;6.039;6.022;1377;1419;1414;50.00;50.00;50.00;12084;1000;0.0;0;0.0000;0;0;14021;14021;14021
60;2014-04-05 11:53:00;909402N262;4296;14.093;43;236;235;237;235;6.115;49.99;556.3;2.904;643.6;1.956;778.5;1.897;60;0;0;6.050;6.176;6.121;1413;1450;1430;49.99;49.99;49.99;12084;1000;0.0;0;0.0000;0;0;14093;14093;14093
60;2014-04-05 11:54:00;909402N262;4460;14.166;43;236;236;237;237;6.333;50.00;557.4;3.004;642.6;2.035;779.1;1.974;60;0;0;6.254;6.377;6.368;1463;1498;1497;50.00;50.00;50.00;12084;1000;0.0;0;0.0000;0;0;14166;14166;14166
60;2014-04-05 11:55:00;909402N262;4828;14.247;43;236;236;237;236;6.846;50.00;570.7;3.177;642.2;2.200;779.8;2.138;60;0;0;6.778;6.897;6.865;1589;1623;1613;50.00;50.00;50.00;12084;1000;0.0;0;0.0000;0;0;14247;14247;14247
60;2014-04-05 11:56:00;909402N262;5017;14.331;43;236;235;237;237;7.109;50.00;572.4;3.296;641.9;2.285;780.1;2.223;60;0;0;7.020;7.153;7.154;1642;1684;1690;50.00;50.00;50.00;12084;1000;0.0;0;0.0000;0;0;14331;14331;14331
60;2014-04-05 11:57:00;909402N262;5162;14.417;43;236;235;237;237;7.307;50.01;572.4;3.390;641.6;2.349;780.0;2.290;60;0;0;7.220;7.342;7.360;1691;1730;1739;50.01;50.01;50.01;12084;1000;0.0;0;0.0000;0;0;14417;14417;14417
60;2014-04-05 11:58:00;909402N262;5470;14.508;43;237;236;237;238;7.723;50.02;570.7;3.608;641.6;2.486;780.1;2.426;60;0;0;7.646;7.766;7.759;1796;1835;1836;50.02;50.02;50.02;12084;1000;0.0;0;0.0000;0;0;14508;14508;14508
60;2014-04-05 11:59:00;909402N262;5380;14.598;43;237;236;238;237;7.600;50.03;570.2;3.556;640.1;2.446;779.2;2.388;60;0;0;7.527;7.651;7.624;1769;1809;1800;50.03;50.03;50.03;12084;1000;0.0;0;0.0000;0;0;14598;14598;14598
60;2014-04-05 12:00:00;909402N262;5180;14.684;43;237;236;238;237;7.332;50.02;562.2;3.472;639.9;2.362;778.1;2.300;60;0;0;7.240;7.392;7.364;1696;1749;1734;50.02;50.02;50.02;12084;1000;0.0;0;0.0000;0;0;14684;14684;14684
[wr_ende]
