20150405;200003;danfoss;My Plant;+0100
[wr_def_start]
909402N262;Inverter Type;Inverter Group;Hanzl
[wr_def_end]
[wr]
INTERVAL;TIMESTAMP;SERIAL;P_AC;E_DAY;T_WR;U_AC;U_AC_1;U_AC_2;U_AC_3;I_AC;F_AC;U_DC_1;I_DC_1;U_DC_2;I_DC_2;U_DC_3;I_DC_3;S;E_WR;M_WR;I_AC_1;I_AC_2;I_AC_3;P_AC_1;P_AC_2;P_AC_3;F_AC_1;F_AC_2;F_AC_3;R_DC;PC;PCS;PCS_LL;COS_PHI;COS_PHI_LL;S_COS_PHI;Current_Day_Energy;current_Day_Offset;ccEnergyOfDay_WithoutOffset
60;2015-04-05 19:01:00;909402N262;615;58.932;40;232;231;232;232;1.412;50.04;451.6;0.962;588.4;0.146;745.4;0.130;60;0;0;1.380;1.434;1.424;193;212;209;50.04;50.04;50.04;15115;1000;0.0;0;1.0000;0;2;58932;58932;58932
60;2015-04-05 19:02:00;909402N262;597;58.944;40;232;230;233;232;1.400;50.04;453.8;0.930;594.7;0.139;749.3;0.125;60;0;0;1.366;1.425;1.409;186;206;203;50.04;50.04;50.04;15115;1000;0.0;0;1.0000;0;2;58944;58944;58944
60;2015-04-05 19:03:00;909402N262;567;58.953;40;231;230;233;231;1.374;50.04;453.2;0.885;588.2;0.132;742.0;0.121;60;0;0;1.343;1.398;1.381;178;195;192;50.04;50.04;50.04;15115;1000;0.0;0;1.0000;0;2;58953;58953;58953
60;2015-04-05 19:04:00;909402N262;535;58.961;40;231;230;233;232;1.346;50.04;454.8;0.828;583.4;0.127;742.3;0.115;60;0;0;1.316;1.370;1.353;166;184;182;50.04;50.04;50.04;15115;1000;0.0;0;1.0000;0;2;58961;58961;58961
60;2015-04-05 19:05:00;909402N262;460;58.969;40;231;229;233;232;1.256;50.03;469.3;0.656;581.6;0.121;734.2;0.111;60;0;0;1.231;1.282;1.255;143;160;155;50.03;50.03;50.03;15115;1000;0.0;0;1.0000;0;2;58969;58969;58969
60;2015-04-05 19:06:00;909402N262;334;58.974;40;231;229;232;232;0.619;50.03;456.3;0.435;575.8;0.110;720.8;0.100;60;0;0;0.592;0.707;0.559;105;125;102;50.03;50.03;50.03;15115;1000;0.0;0;1.0000;0;2;58974;58974;58974
60;2015-04-05 19:07:00;909402N262;219;58.978;40;231;229;232;232;0.424;50.03;471.5;0.221;567.9;0.093;697.0;0.085;60;0;0;0.385;0.505;0.383;66;85;66;50.03;50.03;50.03;15115;1000;0.0;0;1.0000;0;2;58978;58978;58978
60;2015-04-05 19:08:00;909402N262;190;58.982;39;231;230;232;232;0.374;50.02;511.4;0.165;561.5;0.085;689.6;0.075;60;0;0;0.336;0.456;0.331;56;74;57;50.02;50.02;50.02;15115;1000;0.0;0;1.0000;0;2;58982;58982;58982
60;2015-04-05 19:09:00;909402N262;173;58.984;39;231;229;232;233;0.360;50.03;508.2;0.153;554.7;0.079;677.0;0.070;60;0;0;0.345;0.423;0.314;55;66;51;50.03;50.03;50.03;15115;1000;0.0;0;1.0000;0;2;58984;58984;58984
60;2015-04-05 19:10:00;909402N262;159;58.987;39;231;229;231;232;0.331;50.05;506.1;0.142;555.7;0.072;673.1;0.064;60;0;0;0.328;0.389;0.278;52;60;45;50.05;50.05;50.05;15115;1000;0.0;0;1.0000;0;2;58987;58987;58987
60;2015-04-05 19:11:00;909402N262;147;58.990;39;231;229;232;232;0.324;50.04;504.7;0.130;545.6;0.067;665.0;0.059;60;0;0;0.304;0.389;0.281;46;56;44;50.04;50.04;50.04;15115;1000;0.0;0;1.0000;0;2;58990;58990;58990
60;2015-04-05 19:12:00;909402N262;135;58.992;39;231;229;232;232;0.287;50.04;503.1;0.120;544.8;0.061;666.4;0.053;60;0;0;0.248;0.358;0.255;39;53;41;50.04;50.04;50.04;15115;1000;0.0;0;1.0000;0;2;58992;58992;58992
60;2015-04-05 19:13:00;909402N262;124;58.993;39;231;229;232;232;0.251;50.03;502.7;0.110;536.7;0.057;670.0;0.049;60;0;0;0.234;0.285;0.235;38;45;40;50.03;50.03;50.03;15115;1000;0.0;0;1.0000;0;2;58993;58993;58993
60;2015-04-05 19:14:00;909402N262;117;58.996;39;231;229;232;231;0.282;50.03;511.2;0.103;542.0;0.051;651.5;0.047;60;0;0;0.192;0.399;0.256;26;53;36;50.03;50.03;50.03;15115;1000;0.0;0;1.0000;0;2;58996;58996;58996
60;2015-04-05 19:15:00;909402N262;116;58.997;39;232;230;233;232;0.262;50.02;505.3;0.105;528.6;0.050;664.1;0.047;60;0;0;0.209;0.333;0.244;31;48;36;50.02;50.02;50.02;15115;1000;0.0;0;1.0000;0;2;58997;58997;58997
60;2015-04-05 19:16:00;909402N262;104;59.000;39;233;231;234;235;0.240;50.03;490.7;0.098;503.9;0.046;649.3;0.042;60;0;0;0.213;0.303;0.205;30;41;30;50.03;50.03;50.03;15115;1000;0.0;0;1.0000;0;2;59000;59000;59000
60;2015-04-05 19:17:00;909402N262;95;59.000;39;234;232;235;234;0.235;50.02;485.9;0.088;517.9;0.042;645.6;0.039;60;0;0;0.166;0.316;0.225;21;39;32;50.02;50.02;50.02;15115;1000;0.0;0;1.0000;0;2;59000;59000;59000
60;2015-04-05 19:18:00;909402N262;82;59.003;38;234;231;235;234;0.209;50.02;468.6;0.079;495.8;0.039;632.9;0.035;60;0;0;0.153;0.253;0.222;20;29;31;50.02;50.02;50.02;15115;1000;0.0;0;1.0000;0;2;59003;59003;59003
60;2015-04-05 19:19:00;909402N262;71;59.003;38;234;231;235;235;0.186;50.02;457.1;0.071;505.1;0.033;619.2;0.030;60;0;0;0.130;0.262;0.167;17;29;23;50.02;50.02;50.02;15115;1000;0.0;0;1.0000;0;2;59003;59003;59003
60;2015-04-05 19:20:00;909402N262;61;59.005;38;233;232;233;235;0.160;50.02;464.9;0.058;482.1;0.030;607.5;0.026;60;0;0;0.149;0.162;0.169;20;19;20;50.02;50.02;50.02;15115;1000;0.0;0;1.0000;0;2;59005;59005;59005
60;2015-04-05 19:21:00;909402N262;54;59.006;38;234;233;234;236;0.142;50.02;477.2;0.049;485.1;0.025;590.8;0.023;60;0;0;0.154;0.095;0.179;20;11;21;50.02;50.02;50.02;15115;1000;0.0;0;1.0000;0;2;59006;59006;59006
60;2015-04-05 19:22:00;909402N262;45;59.006;38;234;233;234;235;0.125;50.01;460.1;0.042;469.4;0.022;544.2;0.020;60;0;0;0.138;0.069;0.169;17;7;19;50.01;50.01;50.01;15115;1000;0.0;0;1.0000;0;2;59006;59006;59006
60;2015-04-05 19:23:00;909402N262;38;59.007;38;234;233;234;236;0.105;50.01;452.3;0.036;448.2;0.019;564.5;0.015;60;0;0;0.106;0.081;0.130;13;9;14;50.01;50.01;50.01;15115;1000;0.0;0;1.0000;0;2;59007;59007;59007
60;2015-04-05 19:24:00;909402N262;31;59.007;38;234;233;234;235;0.090;50.01;425.0;0.032;459.4;0.015;524.7;0.014;60;0;0;0.078;0.086;0.107;8;9;12;50.01;50.01;50.01;15115;1000;0.0;0;1.0000;0;2;59007;59007;59007
60;2015-04-05 19:25:00;909402N262;26;59.008;38;234;233;234;235;0.073;50.00;419.8;0.027;460.2;0.011;519.4;0.011;60;0;0;0.059;0.090;0.070;6;10;8;50.00;50.00;50.00;15115;1000;0.0;0;1.0000;0;2;59008;59008;59008
60;2015-04-05 19:26:00;909402N262;22;59.009;38;233;233;233;234;0.063;50.00;407.1;0.023;451.0;0.010;517.4;0.009;60;0;0;0.064;0.066;0.060;5;8;7;50.00;50.00;50.00;15115;1000;0.0;0;1.0000;0;2;59009;59009;59009
60;2015-04-05 19:27:00;909402N262;18;59.009;37;233;234;233;232;0.056;49.99;388.5;0.020;467.5;0.007;517.0;0.007;60;0;0;0.070;0.060;0.040;4;7;5;49.99;49.99;49.99;15115;1000;0.0;0;1.0000;0;2;59009;59009;59009
60;2015-04-05 19:28:00;909402N262;16;59.009;37;233;232;234;234;0.043;49.99;414.7;0.015;436.5;0.007;512.4;0.006;60;0;0;0.025;0.058;0.046;3;6;6;49.99;49.99;49.99;15115;1000;0.0;0;1.0000;0;2;59009;59009;59009
60;2015-04-05 19:29:00;909402N262;12;59.009;37;232;231;233;234;0.032;50.01;396.2;0.014;382.4;0.007;483.3;0.005;60;0;0;0.018;0.048;0.030;2;6;3;50.01;50.01;50.01;15115;1000;0.0;0;1.0000;0;2;59009;59009;59009
60;2015-04-05 19:30:00;909402N262;8;59.009;37;233;231;234;234;0.024;50.01;410.2;0.011;329.0;0.007;403.3;0.004;60;0;0;0.015;0.029;0.029;1;3;3;50.01;50.01;50.01;15115;1000;0.0;0;1.0000;0;2;59009;59009;59009
60;2015-04-05 19:31:00;909402N262;4;59.009;37;232;231;234;233;0.013;50.02;372.9;0.010;341.0;0.005;324.3;0.003;60;0;0;0.007;0.020;0.012;0;2;1;50.02;50.02;50.02;15115;1000;0.0;0;1.0000;0;2;59009;59009;59009
60;2015-04-05 19:32:00;909402N262;2;59.009;37;233;232;234;233;0.008;50.02;369.6;0.007;356.5;0.003;289.2;0.003;60;0;0;0.007;0.014;0.005;0;1;0;50.02;50.02;50.02;15115;1000;0.0;0;1.0000;0;2;59009;59009;59009
60;2015-04-05 19:33:00;909402N262;0;59.009;37;233;232;233;233;0.003;50.00;345.4;0.006;307.5;0.003;314.3;0.002;60;0;0;0.003;0.005;0.001;0;0;0;50.00;50.00;50.00;15115;1000;0.0;0;1.0000;0;2;59009;59009;59009
60;2015-04-05 19:34:00;909402N262;0;59.009;37;232;232;233;232;0.000;49.99;296.5;0.003;258.6;0.003;270.8;0.000;60;0;0;0.000;0.000;0.000;0;0;0;49.99;49.99;49.99;15115;1000;0.0;0;1.0000;0;2;59009;59009;59009
60;2015-04-05 19:35:00;909402N262;0;59.009;37;233;233;233;233;0.008;49.99;260.3;0.000;289.6;0.000;261.5;0.000;60;0;0;0.024;0.000;0.000;0;0;0;49.99;49.99;49.99;15115;1000;0.0;0;1.0000;0;2;59009;59009;59009
60;2015-04-05 19:36:00;909402N262;0;59.009;37;232;232;233;232;0.012;49.98;257.8;0.000;271.3;0.000;270.6;0.000;60;0;0;0.033;0.005;0.000;0;0;0;49.98;49.98;49.98;15115;1000;0.0;0;1.0000;0;2;59009;59009;59009
60;2015-04-05 19:37:00;909402N262;0;59.009;36;233;232;234;232;0.007;49.99;325.3;0.000;279.6;0.000;301.9;0.000;80;0;0;0.022;0.000;0.000;0;0;0;49.99;49.99;49.99;15115;1000;0.0;0;1.0000;0;2;59009;59009;59009
60;2015-04-05 19:38:00;909402N262;0;59.009;36;233;232;235;231;0.000;49.99;425.2;0.000;310.2;0.000;310.7;0.000;50;0;0;0.000;0.000;0.000;0;0;0;49.99;49.99;49.99;15115;1000;0.0;0;1.0000;0;2;59009;59009;59009
60;2015-04-05 19:39:00;909402N262;0;59.009;36;232;232;234;231;0.000;49.99;275.7;0.000;257.0;0.000;256.5;0.000;50;0;0;0.000;0.000;0.000;0;0;0;49.99;49.99;49.99;15115;1000;0.0;0;1.0000;0;2;59009;59009;59009
60;2015-04-05 19:40:00;909402N262;0;59.009;36;232;231;233;232;0.000;49.98;231.9;0.000;231.3;0.000;231.9;0.000;50;0;0;0.000;0.000;0.000;0;0;0;49.98;49.98;49.98;15115;1000;0.0;0;1.0000;0;2;59009;59009;59009
60;2015-04-05 19:41:00;909402N262;0;59.009;35;231;229;234;231;0.000;49.98;228.0;0.000;227.4;0.000;227.6;0.000;50;0;0;0.000;0.000;0.000;0;0;0;49.98;49.98;49.98;15115;1000;0.0;0;1.0000;0;2;59009;59009;59009
60;2015-04-05 19:42:00;909402N262;0;59.009;35;231;229;233;231;0.000;49.97;236.7;0.000;236.1;0.000;236.4;0.000;50;0;0;0.000;0.000;0.000;0;0;0;49.97;49.97;49.97;15115;1000;0.0;0;1.0000;0;2;59009;59009;59009
60;2015-04-05 19:43:00;909402N262;0;59.009;35;231;229;233;230;0.000;49.98;232.9;0.000;232.3;0.000;232.9;0.000;50;0;0;0.000;0.000;0.000;0;0;0;49.98;49.98;49.98;15115;1000;0.0;0;1.0000;0;2;59009;59009;59009
60;2015-04-05 19:44:00;909402N262;0;59.009;34;231;229;233;230;0.000;49.97;228.9;0.000;228.3;0.000;229.3;0.000;50;0;0;0.000;0.000;0.000;0;0;0;49.97;49.97;49.97;15115;1000;0.0;0;1.0000;0;2;59009;59009;59009
60;2015-04-05 19:45:00;909402N262;0;59.009;34;231;230;232;230;0.000;49.97;231.5;0.000;230.9;0.000;231.0;0.000;50;0;0;0.000;0.000;0.000;0;0;0;49.97;49.97;49.97;15115;1000;0.0;0;1.0000;0;2;59009;59009;59009
60;2015-04-05 19:46:00;909402N262;0;59.009;34;231;231;232;230;0.000;49.97;230.0;0.000;229.4;0.000;230.0;0.000;50;0;0;0.000;0.000;0.000;0;0;0;49.97;49.97;49.97;15115;1000;0.0;0;1.0000;0;2;59009;59009;59009
60;2015-04-05 19:47:00;909402N262;0;59.009;33;233;233;233;232;0.000;49.97;228.5;0.000;228.0;0.000;228.5;0.000;50;0;0;0.000;0.000;0.000;0;0;0;49.97;49.97;49.97;15115;1000;0.0;0;1.0000;0;2;59009;59009;59009
60;2015-04-05 19:48:00;909402N262;0;59.009;33;233;234;234;232;0.000;49.98;229.3;0.000;228.7;0.000;229.3;0.000;50;0;0;0.000;0.000;0.000;0;0;0;49.98;49.98;49.98;15115;1000;0.0;0;1.0000;0;2;59009;59009;59009
60;2015-04-05 19:49:00;909402N262;0;59.009;33;233;233;234;232;0.000;49.97;227.6;0.000;227.1;0.000;227.6;0.000;50;0;0;0.000;0.000;0.000;0;0;0;49.97;49.97;49.97;15115;1000;0.0;0;1.0000;0;2;59009;59009;59009
60;2015-04-05 19:50:00;909402N262;0;59.009;32;233;233;235;232;0.000;49.97;227.2;0.000;223.9;0.000;226.9;0.000;50;0;0;0.000;0.000;0.000;0;0;0;49.97;49.97;49.97;15115;1000;0.0;0;1.0000;0;2;59009;59009;59009
60;2015-04-05 19:51:00;909402N262;0;59.009;32;234;234;235;232;0.000;49.97;229.4;0.000;210.4;0.000;219.9;0.000;50;0;0;0.000;0.000;0.000;0;0;0;49.97;49.97;49.97;15115;1000;0.0;0;1.0000;0;2;59009;59009;59009
60;2015-04-05 19:52:00;909402N262;0;59.009;32;233;233;235;232;0.000;49.97;226.9;0.000;188.2;0.000;195.8;0.000;50;0;0;0.000;0.000;0.000;0;0;0;49.97;49.97;49.97;15115;1000;0.0;0;1.0000;0;2;59009;59009;59009
60;2015-04-05 19:53:00;909402N262;0;59.009;32;234;233;235;233;0.000;49.97;231.3;0.000;166.7;0.000;170.8;0.000;50;0;0;0.000;0.000;0.000;0;0;0;49.97;49.97;49.97;15115;1000;0.0;0;1.0000;0;2;59009;59009;59009
60;2015-04-05 19:54:00;909402N262;0;59.009;31;234;233;235;233;0.000;49.97;242.9;0.000;146.7;0.000;148.0;0.000;50;0;0;0.000;0.000;0.000;0;0;0;49.97;49.97;49.97;15115;1000;0.0;0;1.0000;0;2;59009;59009;59009
60;2015-04-05 19:55:00;909402N262;0;59.009;31;233;233;234;232;0.000;49.97;239.3;0.000;128.1;0.000;127.3;0.000;50;0;0;0.000;0.000;0.000;0;0;0;49.97;49.97;49.97;15115;1000;0.0;0;1.0000;0;2;59009;59009;59009
60;2015-04-05 19:56:00;909402N262;0;59.009;31;233;234;235;232;0.000;49.97;227.9;0.000;111.4;0.000;109.3;0.000;50;0;0;0.000;0.000;0.000;0;0;0;49.97;49.97;49.97;15115;1000;0.0;0;1.0000;0;2;59009;59009;59009
60;2015-04-05 19:57:00;909402N262;0;59.009;31;234;234;235;233;0.000;49.97;212.9;0.000;96.6;0.000;93.9;0.000;80;0;0;0.000;0.000;0.000;0;0;0;49.97;49.97;49.97;15115;1000;0.0;0;1.0000;0;2;59009;59009;59009
[wr_ende]
