20140726;130001;danfoss;My Plant;+0100
[wr_def_start]
909402N262;Inverter Type;Inverter Group;Hanzl
[wr_def_end]
[wr]
INTERVAL;TIMESTAMP;SERIAL;P_AC;E_DAY;T_WR;U_AC;U_AC_1;U_AC_2;U_AC_3;I_AC;F_AC;U_DC_1;I_DC_1;U_DC_2;I_DC_2;U_DC_3;I_DC_3;S;E_WR;M_WR;I_AC_1;I_AC_2;I_AC_3;P_AC_1;P_AC_2;P_AC_3;F_AC_1;F_AC_2;F_AC_3;R_DC;PC;PCS;PCS_LL;COS_PHI;COS_PHI_LL;S_COS_PHI;Current_Day_Energy;current_Day_Offset;ccEnergyOfDay_WithoutOffset
60;2014-07-26 12:01:00;909402N262;7564;14.299;50;233;233;233;234;10.795;49.96;504.7;6.313;596.1;3.533;743.3;3.278;60;0;0;10.742;10.841;10.804;2501;2528;2527;49.96;49.96;49.96;6623;1000;0.0;0;0.0000;0;0;14299;14299;14299
60;2014-07-26 12:02:00;909402N262;7717;14.428;50;233;232;234;234;11.043;49.98;507.6;6.383;613.0;3.511;743.6;3.305;60;0;0;10.959;11.116;11.054;2541;2592;2581;49.98;49.98;49.98;6623;1000;0.0;0;0.0000;0;0;14428;14428;14428
60;2014-07-26 12:03:00;909402N262;7815;14.557;50;234;232;234;235;11.165;49.99;508.0;6.468;613.3;3.553;742.7;3.345;60;0;0;11.047;11.238;11.212;2560;2624;2629;49.99;49.99;49.99;6623;1000;0.0;0;0.0000;0;0;14557;14557;14557
60;2014-07-26 12:04:00;909402N262;7885;14.688;50;234;233;234;235;11.265;49.99;506.5;6.546;611.9;3.592;741.5;3.384;60;0;0;11.166;11.346;11.284;2592;2651;2641;49.99;49.99;49.99;6623;1000;0.0;0;0.0000;0;0;14688;14688;14688
60;2014-07-26 12:05:00;909402N262;7928;14.822;50;234;234;234;235;11.303;49.99;505.2;6.592;611.2;3.616;740.8;3.409;60;0;0;11.231;11.368;11.312;2618;2659;2650;49.99;49.99;49.99;6623;1000;0.0;0;0.0000;0;0;14822;14822;14822
60;2014-07-26 12:06:00;909402N262;7959;14.954;50;234;234;234;235;11.342;49.99;503.9;6.629;609.6;3.647;738.8;3.430;60;0;0;11.299;11.382;11.346;2641;2660;2656;49.99;49.99;49.99;6623;1000;0.0;0;0.0000;0;0;14954;14954;14954
60;2014-07-26 12:07:00;909402N262;7900;15.086;50;234;234;234;235;11.252;49.98;503.6;6.583;609.6;3.622;738.2;3.406;60;0;0;11.201;11.298;11.258;2619;2642;2637;49.98;49.98;49.98;6623;1000;0.0;0;0.0000;0;0;15086;15086;15086
60;2014-07-26 12:08:00;909402N262;8017;15.220;50;235;234;235;235;11.407;49.99;503.0;6.682;609.6;3.676;738.7;3.459;60;0;0;11.361;11.448;11.413;2659;2679;2676;49.99;49.99;49.99;6623;1000;0.0;0;0.0000;0;0;15220;15220;15220
60;2014-07-26 12:09:00;909402N262;8058;15.354;50;234;234;234;235;11.476;49.99;502.2;6.724;609.3;3.696;738.5;3.480;60;0;0;11.431;11.515;11.484;2673;2693;2690;49.99;49.99;49.99;6623;1000;0.0;0;0.0000;0;0;15354;15354;15354
60;2014-07-26 12:10:00;909402N262;8048;15.488;50;234;234;234;235;11.459;50.01;501.5;6.718;608.8;3.692;738.0;3.483;60;0;0;11.418;11.506;11.454;2670;2692;2684;50.01;50.01;50.01;6623;1000;0.0;0;0.0000;0;0;15488;15488;15488
60;2014-07-26 12:11:00;909402N262;8149;15.623;50;234;234;235;235;11.602;50.01;501.3;6.799;608.6;3.743;739.3;3.527;60;0;0;11.548;11.661;11.597;2699;2730;2719;50.01;50.01;50.01;6623;1000;0.0;0;0.0000;0;0;15623;15623;15623
60;2014-07-26 12:12:00;909402N262;7293;15.743;50;234;234;234;235;10.378;50.01;504.0;6.066;605.1;3.302;737.6;3.135;60;0;0;10.311;10.446;10.379;2406;2439;2431;50.01;50.01;50.01;6623;1000;0.0;0;0.0000;0;0;15743;15743;15743
60;2014-07-26 12:13:00;909402N262;3065;15.793;50;233;233;234;234;4.445;50.02;512.4;2.582;591.2;1.391;723.1;1.318;60;0;0;4.379;4.486;4.471;1002;1033;1029;50.02;50.02;50.02;6623;1000;0.0;0;0.0000;0;0;15793;15793;15793
60;2014-07-26 12:14:00;909402N262;7611;15.921;50;234;233;234;234;10.854;50.01;509.9;6.229;611.2;3.514;741.3;3.261;60;0;0;10.788;10.907;10.867;2511;2558;2540;50.01;50.01;50.01;6623;1000;0.0;0;0.0000;0;0;15921;15921;15921
60;2014-07-26 12:15:00;909402N262;5753;16.017;50;234;233;234;234;8.236;50.02;512.4;4.835;600.1;2.657;735.1;2.380;60;0;0;8.149;8.313;8.247;1892;1936;1924;50.02;50.02;50.02;6623;1000;0.0;0;0.0000;0;0;16017;16017;16017
60;2014-07-26 12:16:00;909402N262;2338;16.055;50;234;233;234;234;3.400;50.01;503.9;2.108;567.1;1.091;725.8;0.940;60;0;0;3.335;3.441;3.424;760;789;784;50.01;50.01;50.01;6623;1000;0.0;0;0.0000;0;0;16055;16055;16055
60;2014-07-26 12:17:00;909402N262;6941;16.170;50;235;234;235;235;9.869;50.02;515.3;5.705;614.4;3.142;748.9;2.944;60;0;0;9.804;9.898;9.905;2290;2323;2322;50.02;50.02;50.02;6623;1000;0.0;0;0.0000;0;0;16170;16170;16170
60;2014-07-26 12:18:00;909402N262;7148;16.291;50;235;234;234;236;10.206;50.02;515.5;5.965;613.1;3.307;745.2;2.909;60;0;0;10.109;10.309;10.200;2367;2379;2400;50.02;50.02;50.02;6623;1000;0.0;0;0.0000;0;0;16291;16291;16291
60;2014-07-26 12:19:00;909402N262;8690;16.435;50;235;235;234;236;12.323;50.03;507.9;7.192;616.5;3.922;749.8;3.700;60;0;0;12.277;12.336;12.356;2883;2891;2914;50.03;50.03;50.03;6623;1000;0.0;0;0.0000;0;0;16435;16435;16435
60;2014-07-26 12:20:00;909402N262;8569;16.578;50;235;235;235;236;12.155;50.01;505.7;7.134;613.2;3.878;747.2;3.658;60;0;0;12.084;12.185;12.197;2834;2858;2874;50.01;50.01;50.01;6623;1000;0.0;0;0.0000;0;0;16578;16578;16578
60;2014-07-26 12:21:00;909402N262;8562;16.721;50;235;234;235;236;12.151;50.03;502.8;7.176;611.8;3.869;745.2;3.676;60;0;0;12.053;12.197;12.204;2822;2863;2874;50.03;50.03;50.03;6623;1000;0.0;0;0.0000;0;0;16721;16721;16721
60;2014-07-26 12:22:00;909402N262;8679;16.866;50;235;234;235;236;12.313;50.01;500.2;7.309;610.5;3.924;743.3;3.742;60;0;0;12.209;12.367;12.365;2859;2904;2914;50.01;50.01;50.01;6623;1000;0.0;0;0.0000;0;0;16866;16866;16866
60;2014-07-26 12:23:00;909402N262;8805;17.013;50;235;234;235;236;12.487;50.02;499.4;7.422;609.5;3.989;742.8;3.806;60;0;0;12.395;12.541;12.527;2905;2946;2952;50.02;50.02;50.02;6623;1000;0.0;0;0.0000;0;0;17013;17013;17013
60;2014-07-26 12:24:00;909402N262;8901;17.162;50;235;235;235;236;12.622;50.01;498.2;7.505;608.4;4.048;741.9;3.856;60;0;0;12.547;12.662;12.658;2944;2971;2984;50.01;50.01;50.01;6623;1000;0.0;0;0.0000;0;0;17162;17162;17162
60;2014-07-26 12:25:00;909402N262;6960;17.277;50;235;234;234;236;9.897;50.01;503.2;5.972;598.5;3.232;731.5;2.851;60;0;0;9.789;10.008;9.894;2299;2319;2339;50.01;50.01;50.01;6623;1000;0.0;0;0.0000;0;0;17277;17277;17277
60;2014-07-26 12:26:00;909402N262;7912;17.409;51;235;234;234;236;11.225;50.00;501.0;6.502;600.2;3.640;739.4;3.447;60;0;0;11.148;11.251;11.277;2608;2627;2656;50.00;50.00;50.00;6623;1000;0.0;0;0.0000;0;0;17409;17409;17409
60;2014-07-26 12:27:00;909402N262;9168;17.564;51;235;235;235;236;12.982;50.00;495.1;7.705;605.1;4.233;738.7;3.993;60;0;0;12.917;13.014;13.016;3034;3056;3074;50.00;50.00;50.00;6623;1000;0.0;0;0.0000;0;0;17564;17564;17564
60;2014-07-26 12:28:00;909402N262;4398;17.636;51;234;234;234;235;6.299;50.00;505.8;3.457;594.1;1.877;724.8;2.181;60;0;0;6.230;6.351;6.316;1449;1471;1478;50.00;50.00;50.00;6623;1000;0.0;0;0.0000;0;0;17636;17636;17636
60;2014-07-26 12:29:00;909402N262;2720;17.682;51;234;234;234;235;3.925;49.98;509.2;2.423;590.3;1.261;717.8;1.086;60;0;0;3.863;3.959;3.954;889;913;916;49.98;49.98;49.98;6623;1000;0.0;0;0.0000;0;0;17682;17682;17682
60;2014-07-26 12:30:00;909402N262;6394;17.789;51;234;234;234;235;9.095;49.97;511.5;5.499;600.6;3.127;731.1;2.427;60;0;0;9.020;9.155;9.112;2103;2129;2140;49.97;49.97;49.97;6623;1000;0.0;0;0.0000;0;0;17789;17789;17789
60;2014-07-26 12:31:00;909402N262;6950;17.905;51;235;234;235;236;9.852;49.98;505.3;5.902;586.6;3.305;741.3;2.932;60;0;0;9.790;9.899;9.867;2291;2321;2328;49.98;49.98;49.98;6623;1000;0.0;0;0.0000;0;0;17905;17905;17905
60;2014-07-26 12:32:00;909402N262;9540;18.064;51;235;235;235;236;13.521;49.99;498.8;7.953;610.4;4.326;745.3;4.170;60;0;0;13.457;13.584;13.523;3160;3185;3192;49.99;49.99;49.99;6623;1000;0.0;0;0.0000;0;0;18064;18064;18064
60;2014-07-26 12:33:00;909402N262;7892;18.196;51;235;235;235;236;11.181;49.99;501.7;6.590;602.0;3.658;735.5;3.506;60;0;0;11.167;11.162;11.215;2624;2640;2646;49.99;49.99;49.99;6623;1000;0.0;0;0.0000;0;0;18196;18196;18196
60;2014-07-26 12:34:00;909402N262;8180;18.331;51;235;235;235;235;11.568;49.99;503.3;6.760;605.1;3.764;736.7;3.595;60;0;0;11.593;11.535;11.577;2726;2733;2719;49.99;49.99;49.99;6623;1000;0.0;0;0.0000;0;0;18331;18331;18331
60;2014-07-26 12:35:00;909402N262;9535;18.491;51;235;235;235;235;13.506;49.99;494.0;8.037;605.3;4.415;740.0;4.141;60;0;0;13.484;13.546;13.488;3174;3184;3175;49.99;49.99;49.99;6623;1000;0.0;0;0.0000;0;0;18491;18491;18491
60;2014-07-26 12:36:00;909402N262;8168;18.626;51;235;235;235;235;11.579;50.00;496.6;7.019;600.4;3.838;733.4;3.447;60;0;0;11.558;11.599;11.582;2716;2730;2723;50.00;50.00;50.00;6623;1000;0.0;0;0.0000;0;0;18626;18626;18626
60;2014-07-26 12:37:00;909402N262;9242;18.782;51;235;236;235;236;13.084;50.01;492.4;7.846;604.5;4.250;737.4;4.040;60;0;0;13.043;13.140;13.071;3072;3089;3079;50.01;50.01;50.01;6623;1000;0.0;0;0.0000;0;0;18782;18782;18782
60;2014-07-26 12:38:00;909402N262;9172;18.935;51;235;235;235;235;12.994;49.99;490.3;7.811;602.2;4.216;734.9;4.042;60;0;0;12.973;13.058;12.951;3052;3072;3046;49.99;49.99;49.99;6623;1000;0.0;0;0.0000;0;0;18935;18935;18935
60;2014-07-26 12:39:00;909402N262;9099;19.086;51;235;235;236;235;12.886;50.00;489.5;7.761;600.4;4.195;734.0;4.013;60;0;0;12.845;12.973;12.842;3022;3058;3017;50.00;50.00;50.00;6623;1000;0.0;0;0.0000;0;0;19086;19086;19086
60;2014-07-26 12:40:00;909402N262;9114;19.237;51;235;235;235;235;12.926;50.00;488.9;7.785;599.4;4.215;732.9;4.020;60;0;0;12.875;13.022;12.883;3023;3066;3023;50.00;50.00;50.00;6623;1000;0.0;0;0.0000;0;0;19237;19237;19237
60;2014-07-26 12:41:00;909402N262;8931;19.387;51;235;235;235;235;12.662;50.01;488.9;7.650;598.6;4.131;731.9;3.932;60;0;0;12.593;12.766;12.628;2959;3005;2964;50.01;50.01;50.01;6623;1000;0.0;0;0.0000;0;0;19387;19387;19387
60;2014-07-26 12:42:00;909402N262;8840;19.534;51;235;235;236;235;12.520;50.03;488.8;7.590;598.4;4.088;731.6;3.885;60;0;0;12.480;12.623;12.459;2938;2976;2924;50.03;50.03;50.03;6623;1000;0.0;0;0.0000;0;0;19534;19534;19534
60;2014-07-26 12:43:00;909402N262;9096;19.686;51;235;235;236;235;12.889;50.03;488.0;7.809;598.7;4.200;731.8;4.012;60;0;0;12.843;12.995;12.831;3021;3062;3012;50.03;50.03;50.03;6623;1000;0.0;0;0.0000;0;0;19686;19686;19686
60;2014-07-26 12:44:00;909402N262;9017;19.836;51;235;235;236;235;12.767;50.01;488.0;7.738;598.3;4.151;730.8;3.995;60;0;0;12.717;12.857;12.728;2994;3031;2991;50.01;50.01;50.01;6623;1000;0.0;0;0.0000;0;0;19836;19836;19836
60;2014-07-26 12:45:00;909402N262;9008;19.986;51;235;235;236;235;12.753;50.01;488.2;7.719;598.2;4.155;731.0;3.992;60;0;0;12.696;12.857;12.706;2988;3033;2985;50.01;50.01;50.01;6623;1000;0.0;0;0.0000;0;0;19986;19986;19986
60;2014-07-26 12:46:00;909402N262;6960;20.102;51;235;235;236;236;9.869;50.01;487.0;6.100;585.9;3.239;716.2;3.042;60;0;0;9.796;9.944;9.867;2298;2341;2323;50.01;50.01;50.01;6623;1000;0.0;0;0.0000;0;0;20102;20102;20102
60;2014-07-26 12:47:00;909402N262;2759;20.147;52;235;234;235;235;3.968;50.02;489.9;2.577;583.2;1.251;709.3;1.138;60;0;0;3.897;4.016;3.992;899;932;926;50.02;50.02;50.02;6623;1000;0.0;0;0.0000;0;0;20147;20147;20147
60;2014-07-26 12:48:00;909402N262;8049;20.282;51;236;235;236;236;11.376;50.03;496.6;6.906;601.6;3.773;732.5;3.420;60;0;0;11.303;11.416;11.411;2653;2709;2693;50.03;50.03;50.03;6623;1000;0.0;0;0.0000;0;0;20282;20282;20282
60;2014-07-26 12:49:00;909402N262;8996;20.432;51;236;235;236;236;12.712;50.03;495.7;7.618;601.5;4.115;735.9;3.953;60;0;0;12.619;12.790;12.727;2965;3022;3007;50.03;50.03;50.03;6623;1000;0.0;0;0.0000;0;0;20432;20432;20432
60;2014-07-26 12:50:00;909402N262;2717;20.477;51;235;234;235;236;3.908;50.03;495.3;2.502;585.8;1.192;712.9;1.138;60;0;0;3.839;3.950;3.936;887;913;915;50.03;50.03;50.03;6623;1000;0.0;0;0.0000;0;0;20477;20477;20477
60;2014-07-26 12:51:00;909402N262;6365;20.582;51;235;235;235;236;9.007;50.02;502.9;5.389;601.5;2.954;733.7;2.700;60;0;0;8.995;8.959;9.069;2105;2125;2133;50.02;50.02;50.02;6623;1000;0.0;0;0.0000;0;0;20582;20582;20582
60;2014-07-26 12:52:00;909402N262;9814;20.747;51;236;235;235;237;13.877;50.02;500.2;8.223;613.0;4.407;748.9;4.245;60;0;0;13.827;13.898;13.908;3255;3267;3291;50.02;50.02;50.02;6623;1000;0.0;0;0.0000;0;0;20747;20747;20747
60;2014-07-26 12:53:00;909402N262;9718;20.908;51;236;235;235;237;13.743;50.01;498.8;8.175;611.2;4.374;746.6;4.212;60;0;0;13.691;13.766;13.772;3223;3234;3259;50.01;50.01;50.01;6623;1000;0.0;0;0.0000;0;0;20908;20908;20908
60;2014-07-26 12:54:00;909402N262;9608;21.068;51;235;235;235;236;13.592;50.01;496.2;8.123;608.1;4.341;743.8;4.187;60;0;0;13.534;13.616;13.627;3185;3198;3223;50.01;50.01;50.01;6623;1000;0.0;0;0.0000;0;0;21068;21068;21068
60;2014-07-26 12:55:00;909402N262;9639;21.230;51;236;235;235;237;13.626;50.01;492.8;8.196;605.2;4.377;741.3;4.221;60;0;0;13.564;13.643;13.672;3194;3206;3237;50.01;50.01;50.01;6623;1000;0.0;0;0.0000;0;0;21230;21230;21230
60;2014-07-26 12:56:00;909402N262;9780;21.393;51;236;236;235;236;13.828;50.02;490.5;8.341;603.7;4.455;739.9;4.300;60;0;0;13.775;13.867;13.843;3246;3260;3273;50.02;50.02;50.02;6623;1000;0.0;0;0.0000;0;0;21393;21393;21393
60;2014-07-26 12:57:00;909402N262;9918;21.558;52;236;236;235;237;14.003;50.02;489.3;8.474;602.7;4.529;738.6;4.367;60;0;0;13.959;14.037;14.013;3293;3303;3319;50.02;50.02;50.02;6623;1000;0.0;0;0.0000;0;0;21558;21558;21558
60;2014-07-26 12:58:00;909402N262;9927;21.723;52;236;236;235;237;14.026;50.03;487.3;8.506;600.3;4.556;736.6;4.385;60;0;0;13.993;14.037;14.048;3301;3295;3328;50.03;50.03;50.03;6623;1000;0.0;0;0.0000;0;0;21723;21723;21723
60;2014-07-26 12:59:00;909402N262;9851;21.887;52;236;236;235;236;13.933;49.99;486.6;8.435;599.6;4.518;735.3;4.381;60;0;0;13.891;13.972;13.937;3276;3278;3296;49.99;49.99;49.99;6623;1000;0.0;0;0.0000;0;0;21887;21887;21887
60;2014-07-26 13:00:00;909402N262;3991;21.955;52;234;234;234;235;5.725;49.97;495.6;3.644;588.3;1.761;715.7;1.661;60;0;0;5.649;5.809;5.717;1316;1333;1336;49.97;49.97;49.97;6623;1000;0.0;0;0.0000;0;0;21955;21955;21955
[wr_ende]
