20140206;090005;danfoss;My Plant;+0100
[wr_def_start]
909402N262;Inverter Type;Inverter Group;Hanzl
[wr_def_end]
[wr]
INTERVAL;TIMESTAMP;SERIAL;P_AC;E_DAY;T_WR;U_AC;U_AC_1;U_AC_2;U_AC_3;I_AC;F_AC;U_DC_1;I_DC_1;U_DC_2;I_DC_2;U_DC_3;I_DC_3;S;E_WR;M_WR;I_AC_1;I_AC_2;I_AC_3;P_AC_1;P_AC_2;P_AC_3;F_AC_1;F_AC_2;F_AC_3;R_DC;PC;PCS;PCS_LL;COS_PHI;COS_PHI_LL;S_COS_PHI;Current_Day_Energy;current_Day_Offset;ccEnergyOfDay_WithoutOffset
60;2014-02-06 08:01:00;909402N262;35;0.014;17;232;233;231;232;0.337;50.01;295.5;0.007;522.3;0.033;648.5;0.030;60;0;0;0.456;0.311;0.244;4;39;3;50.01;50.01;50.01;5901;1000;0.0;0;0.0000;0;0;14;14;14
60;2014-02-06 08:02:00;909402N262;36;0.015;17;232;232;231;232;0.400;50.01;302.1;0.007;519.9;0.035;642.4;0.031;60;0;0;0.443;0.409;0.350;6;38;3;50.01;50.01;50.01;5901;1000;0.0;0;0.0000;0;0;15;15;15
60;2014-02-06 08:03:00;909402N262;40;0.015;18;231;231;231;232;0.237;50.02;269.8;0.010;532.5;0.038;654.5;0.031;60;0;0;0.236;0.235;0.240;11;24;5;50.02;50.02;50.02;5901;1000;0.0;0;0.0000;0;0;15;15;15
60;2014-02-06 08:04:00;909402N262;42;0.016;18;231;231;230;232;0.157;50.02;274.0;0.010;530.8;0.039;661.7;0.033;60;0;0;0.187;0.160;0.125;14;21;8;50.02;50.02;50.02;5901;1000;0.0;0;0.0000;0;0;16;16;16
60;2014-02-06 08:05:00;909402N262;41;0.016;18;231;232;230;231;0.148;50.03;274.0;0.010;537.8;0.039;660.8;0.031;60;0;0;0.168;0.166;0.112;11;22;7;50.03;50.03;50.03;5901;1000;0.0;0;0.0000;0;0;16;16;16
60;2014-02-06 08:06:00;909402N262;42;0.016;18;231;231;230;231;0.130;50.01;274.2;0.010;532.4;0.039;664.9;0.033;60;0;0;0.140;0.146;0.105;12;19;9;50.01;50.01;50.01;5901;1000;0.0;0;0.0000;0;0;16;16;16
60;2014-02-06 08:07:00;909402N262;44;0.017;18;231;232;230;231;0.195;50.01;264.9;0.011;536.3;0.041;660.2;0.036;60;0;0;0.248;0.206;0.131;11;28;6;50.01;50.01;50.01;5901;1000;0.0;0;0.0000;0;0;17;17;17
60;2014-02-06 08:08:00;909402N262;49;0.017;18;231;232;230;231;0.161;50.02;274.6;0.011;561.7;0.042;671.7;0.039;60;0;0;0.193;0.164;0.126;13;23;13;50.02;50.02;50.02;5901;1000;0.0;0;0.0000;0;0;17;17;17
60;2014-02-06 08:09:00;909402N262;50;0.018;18;231;232;229;231;0.447;50.01;289.0;0.011;562.4;0.043;644.3;0.042;60;0;0;0.669;0.441;0.232;2;60;1;50.01;50.01;50.01;5901;1000;0.0;0;0.0000;0;0;18;18;18
60;2014-02-06 08:10:00;909402N262;55;0.019;18;231;232;230;230;0.146;50.03;301.0;0.011;553.1;0.046;672.7;0.042;60;0;0;0.169;0.165;0.104;14;25;14;50.03;50.03;50.03;5901;1000;0.0;0;0.0000;0;0;19;19;19
60;2014-02-06 08:11:00;909402N262;57;0.019;18;230;231;230;229;0.122;50.02;309.0;0.011;557.7;0.046;679.6;0.042;60;0;0;0.112;0.140;0.116;16;21;18;50.02;50.02;50.02;5901;1000;0.0;0;0.0000;0;0;19;19;19
60;2014-02-06 08:12:00;909402N262;57;0.019;19;230;231;230;229;0.119;50.03;312.0;0.011;557.5;0.048;681.4;0.042;60;0;0;0.119;0.143;0.096;18;22;15;50.03;50.03;50.03;5901;1000;0.0;0;0.0000;0;0;19;19;19
60;2014-02-06 08:13:00;909402N262;56;0.020;19;230;231;230;229;0.126;50.04;301.9;0.011;557.0;0.046;674.3;0.042;60;0;0;0.128;0.138;0.113;16;21;17;50.04;50.04;50.04;5901;1000;0.0;0;0.0000;0;0;20;20;20
60;2014-02-06 08:14:00;909402N262;59;0.021;19;230;232;230;229;0.140;50.05;316.4;0.011;556.3;0.049;679.2;0.043;60;0;0;0.152;0.158;0.111;17;24;16;50.05;50.05;50.05;5901;1000;0.0;0;0.0000;0;0;21;21;21
60;2014-02-06 08:15:00;909402N262;60;0.022;19;230;232;230;229;0.173;50.04;323.0;0.011;559.8;0.050;668.2;0.046;60;0;0;0.225;0.198;0.098;15;30;13;50.04;50.04;50.04;5901;1000;0.0;0;0.0000;0;0;22;22;22
60;2014-02-06 08:16:00;909402N262;58;0.022;19;230;232;230;228;0.165;50.03;322.4;0.011;550.1;0.050;657.5;0.045;60;0;0;0.211;0.198;0.086;14;29;13;50.03;50.03;50.03;5901;1000;0.0;0;0.0000;0;0;22;22;22
60;2014-02-06 08:17:00;909402N262;62;0.023;19;230;232;230;228;0.142;50.03;331.6;0.011;566.7;0.050;677.5;0.046;60;0;0;0.162;0.151;0.115;19;23;18;50.03;50.03;50.03;5901;1000;0.0;0;0.0000;0;0;23;23;23
60;2014-02-06 08:18:00;909402N262;60;0.024;19;230;232;229;229;0.178;50.03;323.4;0.011;557.6;0.050;674.4;0.044;60;0;0;0.234;0.189;0.112;14;28;15;50.03;50.03;50.03;5901;1000;0.0;0;0.0000;0;0;24;24;24
60;2014-02-06 08:19:00;909402N262;63;0.024;19;230;232;229;228;0.131;50.02;334.4;0.011;571.5;0.050;688.6;0.046;60;0;0;0.129;0.141;0.125;19;22;20;50.02;50.02;50.02;5901;1000;0.0;0;0.0000;0;0;24;24;24
60;2014-02-06 08:20:00;909402N262;67;0.025;19;230;231;229;228;0.190;50.01;348.2;0.011;570.5;0.053;674.3;0.049;60;0;0;0.246;0.197;0.129;17;29;19;50.01;50.01;50.01;5901;1000;0.0;0;0.0000;0;0;25;25;25
60;2014-02-06 08:21:00;909402N262;72;0.026;19;230;231;230;229;0.140;50.00;367.3;0.011;570.4;0.057;694.1;0.052;60;0;0;0.144;0.152;0.125;24;25;21;50.00;50.00;50.00;5901;1000;0.0;0;0.0000;0;0;26;26;26
60;2014-02-06 08:22:00;909402N262;74;0.028;19;230;230;230;230;0.136;49.99;379.4;0.011;573.9;0.058;709.5;0.053;60;0;0;0.133;0.150;0.125;23;27;22;49.99;49.99;49.99;5901;1000;0.0;0;0.0000;0;0;28;28;28
60;2014-02-06 08:23:00;909402N262;76;0.028;19;230;231;229;230;0.220;49.98;383.3;0.012;578.6;0.061;668.6;0.057;60;0;0;0.255;0.248;0.158;23;35;16;49.98;49.98;49.98;5901;1000;0.0;0;0.0000;0;0;28;28;28
60;2014-02-06 08:24:00;909402N262;80;0.031;19;230;231;229;230;0.151;49.98;392.6;0.014;583.8;0.063;702.0;0.058;60;0;0;0.151;0.177;0.127;25;30;22;49.98;49.98;49.98;5901;1000;0.0;0;0.0000;0;0;31;31;31
60;2014-02-06 08:25:00;909402N262;82;0.031;19;230;231;230;231;0.149;49.98;320.1;0.017;576.1;0.066;710.8;0.058;60;0;0;0.146;0.163;0.138;27;28;24;49.98;49.98;49.98;5901;1000;0.0;0;0.0000;0;0;31;31;31
60;2014-02-06 08:26:00;909402N262;81;0.034;20;230;231;230;231;0.152;50.00;274.5;0.019;577.1;0.065;708.4;0.058;60;0;0;0.166;0.158;0.132;28;27;24;50.00;50.00;50.00;5901;1000;0.0;0;0.0000;0;0;34;34;34
60;2014-02-06 08:27:00;909402N262;80;0.034;20;231;232;230;230;0.152;50.00;271.6;0.019;581.2;0.064;705.8;0.058;60;0;0;0.161;0.166;0.130;28;28;22;50.00;50.00;50.00;5901;1000;0.0;0;0.0000;0;0;34;34;34
60;2014-02-06 08:28:00;909402N262;78;0.036;20;231;232;230;230;0.154;50.00;269.2;0.019;586.1;0.062;687.7;0.058;60;0;0;0.169;0.170;0.125;27;28;21;50.00;50.00;50.00;5901;1000;0.0;0;0.0000;0;0;36;36;36
60;2014-02-06 08:29:00;909402N262;72;0.038;20;231;232;230;230;0.344;50.01;269.9;0.018;575.0;0.061;652.7;0.057;60;0;0;0.495;0.374;0.164;13;51;10;50.01;50.01;50.01;5901;1000;0.0;0;0.0000;0;0;38;38;38
60;2014-02-06 08:30:00;909402N262;69;0.038;20;231;232;229;230;0.172;50.01;264.1;0.015;571.3;0.058;685.4;0.052;60;0;0;0.192;0.183;0.142;20;28;21;50.01;50.01;50.01;5901;1000;0.0;0;0.0000;0;0;38;38;38
60;2014-02-06 08:31:00;909402N262;71;0.039;20;233;234;232;233;0.175;50.00;282.8;0.015;564.5;0.058;685.5;0.053;60;0;0;0.198;0.199;0.128;23;33;15;50.00;50.00;50.00;5901;1000;0.0;0;0.0000;0;0;39;39;39
60;2014-02-06 08:32:00;909402N262;77;0.040;20;232;233;232;233;0.190;50.00;388.6;0.013;582.0;0.062;677.4;0.058;60;0;0;0.192;0.220;0.158;23;32;20;50.00;50.00;50.00;5901;1000;0.0;0;0.0000;0;0;40;40;40
60;2014-02-06 08:33:00;909402N262;79;0.042;20;233;233;232;233;0.155;50.00;392.4;0.014;586.9;0.062;695.2;0.058;60;0;0;0.155;0.179;0.131;26;30;22;50.00;50.00;50.00;5901;1000;0.0;0;0.0000;0;0;42;42;42
60;2014-02-06 08:34:00;909402N262;82;0.043;20;233;233;232;233;0.150;50.00;330.8;0.017;578.6;0.065;712.1;0.058;60;0;0;0.161;0.168;0.123;29;28;22;50.00;50.00;50.00;5901;1000;0.0;0;0.0000;0;0;43;43;43
60;2014-02-06 08:35:00;909402N262;80;0.044;20;233;233;232;233;0.346;50.01;300.3;0.018;577.6;0.066;655.8;0.061;60;0;0;0.397;0.406;0.237;22;53;6;50.01;50.01;50.01;5901;1000;0.0;0;0.0000;0;0;44;44;44
60;2014-02-06 08:36:00;909402N262;80;0.047;20;232;233;232;232;0.154;50.00;277.7;0.019;575.9;0.066;705.5;0.058;60;0;0;0.168;0.162;0.132;28;27;22;50.00;50.00;50.00;5901;1000;0.0;0;0.0000;0;0;47;47;47
60;2014-02-06 08:37:00;909402N262;80;0.047;20;233;233;232;232;0.149;50.01;273.4;0.019;582.4;0.063;702.4;0.058;60;0;0;0.151;0.176;0.122;26;30;21;50.01;50.01;50.01;5901;1000;0.0;0;0.0000;0;0;47;47;47
60;2014-02-06 08:38:00;909402N262;77;0.049;20;233;233;232;233;0.153;50.01;273.3;0.019;585.2;0.062;690.9;0.058;60;0;0;0.156;0.175;0.130;25;28;22;50.01;50.01;50.01;5901;1000;0.0;0;0.0000;0;0;49;49;49
60;2014-02-06 08:39:00;909402N262;79;0.050;20;233;233;231;233;0.151;50.01;270.4;0.019;583.3;0.064;703.5;0.058;60;0;0;0.171;0.158;0.124;29;27;21;50.01;50.01;50.01;5901;1000;0.0;0;0.0000;0;0;50;50;50
60;2014-02-06 08:40:00;909402N262;83;0.052;20;232;233;230;233;0.153;50.01;280.9;0.019;578.7;0.066;711.7;0.058;60;0;0;0.159;0.167;0.135;27;31;23;50.01;50.01;50.01;5901;1000;0.0;0;0.0000;0;0;52;52;52
60;2014-02-06 08:41:00;909402N262;86;0.053;20;232;233;231;233;0.166;50.02;326.7;0.019;581.6;0.069;692.2;0.062;60;0;0;0.178;0.189;0.132;30;32;23;50.02;50.02;50.02;5901;1000;0.0;0;0.0000;0;0;53;53;53
60;2014-02-06 08:42:00;909402N262;91;0.055;20;232;232;231;233;0.163;50.02;335.0;0.018;588.9;0.070;718.2;0.062;60;0;0;0.161;0.192;0.138;29;35;25;50.03;50.02;50.02;5901;1000;0.0;0;0.0000;0;0;55;55;55
60;2014-02-06 08:43:00;909402N262;91;0.056;20;232;232;231;233;0.165;50.03;308.7;0.020;591.4;0.070;720.6;0.062;60;0;0;0.151;0.192;0.152;27;34;28;50.03;50.03;50.03;5901;1000;0.0;0;0.0000;0;0;56;56;56
60;2014-02-06 08:44:00;909402N262;91;0.058;20;232;232;231;232;0.164;50.02;312.2;0.020;590.0;0.070;718.1;0.062;60;0;0;0.176;0.183;0.135;32;32;25;50.02;50.02;50.02;5901;1000;0.0;0;0.0000;0;0;58;58;58
60;2014-02-06 08:45:00;909402N262;91;0.059;20;232;233;231;232;0.164;50.01;307.6;0.020;590.6;0.070;718.9;0.062;60;0;0;0.165;0.201;0.127;30;36;23;50.01;50.01;50.01;5901;1000;0.0;0;0.0000;0;0;59;59;59
60;2014-02-06 08:46:00;909402N262;91;0.061;20;232;233;231;232;0.175;50.00;309.7;0.020;580.3;0.070;704.9;0.063;60;0;0;0.177;0.212;0.137;28;36;24;50.00;50.00;50.00;5901;1000;0.0;0;0.0000;0;0;61;61;61
60;2014-02-06 08:47:00;909402N262;91;0.062;20;232;233;231;232;0.168;50.00;308.6;0.020;590.8;0.070;718.3;0.063;60;0;0;0.168;0.199;0.137;30;35;25;50.00;50.00;50.00;5901;1000;0.0;0;0.0000;0;0;62;62;62
60;2014-02-06 08:48:00;909402N262;94;0.064;20;232;233;231;232;0.180;50.01;324.4;0.019;590.2;0.073;711.3;0.066;60;0;0;0.185;0.203;0.154;31;34;27;50.01;50.01;50.01;5901;1000;0.0;0;0.0000;0;0;64;64;64
60;2014-02-06 08:49:00;909402N262;97;0.065;21;232;233;232;231;0.179;50.01;326.0;0.022;589.0;0.077;723.1;0.066;60;0;0;0.178;0.212;0.149;31;37;27;50.01;50.01;50.01;5901;1000;0.0;0;0.0000;0;0;65;65;65
60;2014-02-06 08:50:00;909402N262;98;0.068;21;232;234;232;231;0.179;50.02;325.1;0.022;590.3;0.078;726.6;0.066;60;0;0;0.179;0.213;0.146;32;38;27;50.02;50.02;50.02;5901;1000;0.0;0;0.0000;0;0;68;68;68
60;2014-02-06 08:51:00;909402N262;99;0.068;21;232;234;232;231;0.178;50.03;322.6;0.022;590.8;0.078;726.5;0.066;60;0;0;0.184;0.193;0.157;33;34;30;50.03;50.03;50.03;5901;1000;0.0;0;0.0000;0;0;68;68;68
60;2014-02-06 08:52:00;909402N262;98;0.071;21;232;233;232;231;0.180;50.02;324.3;0.022;589.3;0.077;721.8;0.066;60;0;0;0.178;0.208;0.154;31;36;29;50.02;50.02;50.02;5901;1000;0.0;0;0.0000;0;0;71;71;71
60;2014-02-06 08:53:00;909402N262;98;0.071;21;232;233;233;232;0.179;50.01;326.7;0.021;590.3;0.077;724.8;0.066;60;0;0;0.173;0.221;0.144;31;38;26;50.01;50.01;50.01;5901;1000;0.0;0;0.0000;0;0;71;71;71
60;2014-02-06 08:54:00;909402N262;100;0.074;21;233;233;233;232;0.193;50.00;330.0;0.022;591.7;0.078;705.8;0.068;60;0;0;0.201;0.225;0.155;34;37;26;50.00;50.00;50.00;5901;1000;0.0;0;0.0000;0;0;74;74;74
60;2014-02-06 08:55:00;909402N262;97;0.075;21;233;233;233;232;0.226;50.02;334.0;0.020;591.3;0.077;674.9;0.071;60;0;0;0.232;0.256;0.192;30;38;28;50.02;50.02;50.02;5901;1000;0.0;0;0.0000;0;0;75;75;75
60;2014-02-06 08:56:00;909402N262;96;0.077;21;233;233;232;232;0.235;50.03;331.2;0.020;590.9;0.076;671.3;0.071;60;0;0;0.257;0.249;0.201;30;37;27;50.03;50.03;50.03;5901;1000;0.0;0;0.0000;0;0;77;77;77
60;2014-02-06 08:57:00;909402N262;97;0.078;21;233;233;232;232;0.230;50.02;330.3;0.021;591.1;0.076;683.0;0.069;60;0;0;0.240;0.254;0.196;29;39;27;50.02;50.02;50.02;5901;1000;0.0;0;0.0000;0;0;78;78;78
60;2014-02-06 08:58:00;909402N262;102;0.080;21;233;233;232;233;0.195;50.02;336.5;0.022;593.0;0.079;711.3;0.070;60;0;0;0.209;0.224;0.154;36;38;26;50.02;50.02;50.02;5901;1000;0.0;0;0.0000;0;0;80;80;80
60;2014-02-06 08:59:00;909402N262;104;0.082;21;233;234;232;233;0.196;50.02;340.6;0.023;597.1;0.082;717.2;0.072;60;0;0;0.197;0.222;0.170;34;38;31;50.02;50.02;50.02;5901;1000;0.0;0;0.0000;0;0;82;82;82
60;2014-02-06 09:00:00;909402N262;106;0.084;21;233;234;232;233;0.195;50.02;342.6;0.023;600.0;0.082;722.3;0.073;60;0;0;0.185;0.229;0.172;33;41;31;50.02;50.02;50.02;5901;1000;0.0;0;0.0000;0;0;84;84;84
[wr_ende]
