20150122;170002;danfoss;My Plant;+0100
[wr_def_start]
909402N262;Inverter Type;Inverter Group;Hanzl
[wr_def_end]
[wr]
INTERVAL;TIMESTAMP;SERIAL;P_AC;E_DAY;T_WR;U_AC;U_AC_1;U_AC_2;U_AC_3;I_AC;F_AC;U_DC_1;I_DC_1;U_DC_2;I_DC_2;U_DC_3;I_DC_3;S;E_WR;M_WR;I_AC_1;I_AC_2;I_AC_3;P_AC_1;P_AC_2;P_AC_3;F_AC_1;F_AC_2;F_AC_3;R_DC;PC;PCS;PCS_LL;COS_PHI;COS_PHI_LL;S_COS_PHI;Current_Day_Energy;current_Day_Offset;ccEnergyOfDay_WithoutOffset
60;2015-01-22 16:01:00;909402N262;0;1.413;29;235;235;234;235;0.197;50.04;400.4;0.002;0.0;0.000;0.0;0.000;80;0;0;0.147;0.205;0.240;0;22;0;50.04;50.04;50.04;25290;1000;0.0;0;1.0000;0;2;1413;1413;1413
60;2015-01-22 16:02:00;909402N262;0;1.413;29;234;234;235;234;0.000;50.04;452.2;0.000;0.0;0.000;0.0;0.000;50;0;0;0.000;0.000;0.000;0;0;0;50.04;50.04;50.04;25290;1000;0.0;0;1.0000;0;2;1413;1413;1413
60;2015-01-22 16:03:00;909402N262;0;1.413;29;234;235;235;234;0.000;50.03;374.8;0.000;0.0;0.000;0.0;0.000;50;0;0;0.000;0.000;0.000;0;0;0;50.03;50.03;50.03;25290;1000;0.0;0;1.0000;0;2;1413;1413;1413
60;2015-01-22 16:04:00;909402N262;0;1.413;29;234;234;234;234;0.000;50.03;237.9;0.002;0.0;0.000;0.0;0.000;50;0;0;0.000;0.000;0.000;0;0;0;50.03;50.03;50.03;25290;1000;0.0;0;1.0000;0;2;1413;1413;1413
60;2015-01-22 16:05:00;909402N262;0;1.413;29;234;234;234;234;0.000;50.02;239.0;0.003;0.0;0.000;0.0;0.000;50;0;0;0.000;0.000;0.000;0;0;0;50.02;50.02;50.02;25290;1000;0.0;0;1.0000;0;2;1413;1413;1413
60;2015-01-22 16:06:00;909402N262;0;1.413;29;234;234;234;234;0.000;50.02;238.4;0.003;0.0;0.000;0.0;0.000;50;0;0;0.000;0.000;0.000;0;0;0;50.02;50.02;50.02;25290;1000;0.0;0;1.0000;0;2;1413;1413;1413
60;2015-01-22 16:07:00;909402N262;0;1.413;28;234;234;234;234;0.000;50.02;237.8;0.003;0.0;0.000;0.0;0.000;50;0;0;0.000;0.000;0.000;0;0;0;50.02;50.02;50.02;25290;1000;0.0;0;1.0000;0;2;1413;1413;1413
60;2015-01-22 16:08:00;909402N262;0;1.413;28;234;234;235;234;0.000;50.03;238.3;0.003;0.0;0.000;0.0;0.000;50;0;0;0.000;0.000;0.000;0;0;0;50.03;50.03;50.03;25290;1000;0.0;0;1.0000;0;2;1413;1413;1413
60;2015-01-22 16:09:00;909402N262;0;1.413;28;234;234;235;234;0.000;50.03;237.0;0.002;0.0;0.000;0.0;0.000;50;0;0;0.000;0.000;0.000;0;0;0;50.03;50.03;50.03;25290;1000;0.0;0;1.0000;0;2;1413;1413;1413
60;2015-01-22 16:10:00;909402N262;0;1.413;28;234;234;235;234;0.000;50.03;233.9;0.000;0.0;0.000;0.0;0.000;50;0;0;0.000;0.000;0.000;0;0;0;50.03;50.03;50.03;25290;1000;0.0;0;1.0000;0;2;1413;1413;1413
60;2015-01-22 16:11:00;909402N262;0;1.413;27;234;234;235;234;0.000;50.03;230.9;0.000;0.0;0.000;0.0;0.000;50;0;0;0.000;0.000;0.000;0;0;0;50.04;50.04;50.03;25290;1000;0.0;0;1.0000;0;2;1413;1413;1413
60;2015-01-22 16:12:00;909402N262;0;1.413;27;234;234;234;234;0.000;50.04;229.6;0.000;0.0;0.000;0.0;0.000;50;0;0;0.000;0.000;0.000;0;0;0;50.04;50.04;50.04;25290;1000;0.0;0;1.0000;0;2;1413;1413;1413
60;2015-01-22 16:13:00;909402N262;0;1.413;27;234;234;233;234;0.000;50.03;228.9;0.000;0.0;0.000;0.0;0.000;50;0;0;0.000;0.000;0.000;0;0;0;50.03;50.03;50.03;25290;1000;0.0;0;1.0000;0;2;1413;1413;1413
60;2015-01-22 16:14:00;909402N262;0;1.413;27;234;235;234;234;0.000;50.03;228.3;0.000;0.0;0.000;0.0;0.000;50;0;0;0.000;0.000;0.000;0;0;0;50.03;50.03;50.03;25290;1000;0.0;0;1.0000;0;2;1413;1413;1413
60;2015-01-22 16:15:00;909402N262;0;1.413;27;234;234;233;234;0.000;50.03;228.0;0.000;0.0;0.000;0.0;0.000;50;0;0;0.000;0.000;0.000;0;0;0;50.03;50.03;50.03;25290;1000;0.0;0;1.0000;0;2;1413;1413;1413
60;2015-01-22 16:16:00;909402N262;0;1.413;26;234;234;234;234;0.000;50.03;228.5;0.000;0.0;0.000;0.0;0.000;50;0;0;0.000;0.000;0.000;0;0;0;50.03;50.03;50.03;25290;1000;0.0;0;1.0000;0;2;1413;1413;1413
60;2015-01-22 16:17:00;909402N262;0;1.413;26;233;233;234;233;0.000;50.02;228.7;0.000;0.0;0.000;0.0;0.000;50;0;0;0.000;0.000;0.000;0;0;0;50.02;50.02;50.02;25290;1000;0.0;0;1.0000;0;2;1413;1413;1413
60;2015-01-22 16:18:00;909402N262;0;1.413;26;234;233;235;233;0.000;50.01;228.7;0.000;0.0;0.000;0.0;0.000;50;0;0;0.000;0.000;0.000;0;0;0;50.01;50.01;50.01;25290;1000;0.0;0;1.0000;0;2;1413;1413;1413
60;2015-01-22 16:19:00;909402N262;0;1.413;26;234;233;235;233;0.000;50.00;227.5;0.000;0.0;0.000;0.0;0.000;50;0;0;0.000;0.000;0.000;0;0;0;50.00;50.00;50.00;25290;1000;0.0;0;1.0000;0;2;1413;1413;1413
60;2015-01-22 16:20:00;909402N262;0;1.413;26;234;233;234;234;0.000;50.00;226.7;0.000;0.0;0.000;0.0;0.000;50;0;0;0.000;0.000;0.000;0;0;0;50.00;50.00;50.00;25290;1000;0.0;0;1.0000;0;2;1413;1413;1413
60;2015-01-22 16:21:00;909402N262;0;1.413;26;233;233;234;234;0.000;50.00;226.7;0.000;0.0;0.000;0.0;0.000;50;0;0;0.000;0.000;0.000;0;0;0;50.00;50.00;50.00;25290;1000;0.0;0;1.0000;0;2;1413;1413;1413
60;2015-01-22 16:22:00;909402N262;0;1.413;26;233;234;233;234;0.000;49.99;237.6;0.000;0.0;0.000;0.0;0.000;50;0;0;0.000;0.000;0.000;0;0;0;49.99;49.99;49.99;25290;1000;0.0;0;1.0000;0;2;1413;1413;1413
60;2015-01-22 16:23:00;909402N262;0;1.413;26;234;234;233;234;0.000;50.00;238.1;0.000;0.0;0.000;0.0;0.000;50;0;0;0.000;0.000;0.000;0;0;0;50.00;50.00;50.00;25290;1000;0.0;0;1.0000;0;2;1413;1413;1413
60;2015-01-22 16:24:00;909402N262;0;1.413;26;234;234;233;234;0.000;50.00;236.6;0.000;0.0;0.000;0.0;0.000;50;0;0;0.000;0.000;0.000;0;0;0;50.00;50.00;50.00;25290;1000;0.0;0;1.0000;0;2;1413;1413;1413
60;2015-01-22 16:25:00;909402N262;0;1.413;26;234;234;234;233;0.000;49.99;235.2;0.000;0.0;0.000;0.0;0.000;50;0;0;0.000;0.000;0.000;0;0;0;49.99;49.99;49.99;25290;1000;0.0;0;1.0000;0;2;1413;1413;1413
60;2015-01-22 16:26:00;909402N262;0;1.413;26;234;234;234;233;0.000;50.00;231.6;0.000;0.0;0.000;0.0;0.000;50;0;0;0.000;0.000;0.000;0;0;0;50.00;50.00;50.00;25290;1000;0.0;0;1.0000;0;2;1413;1413;1413
60;2015-01-22 16:27:00;909402N262;0;1.413;26;233;233;234;233;0.000;49.99;229.0;0.000;0.0;0.000;0.0;0.000;50;0;0;0.000;0.000;0.000;0;0;0;49.99;49.99;49.99;25290;1000;0.0;0;1.0000;0;2;1413;1413;1413
60;2015-01-22 16:28:00;909402N262;0;1.413;26;233;233;234;233;0.000;49.98;228.8;0.000;0.0;0.000;0.0;0.000;50;0;0;0.000;0.000;0.000;0;0;0;49.98;49.98;49.98;25290;1000;0.0;0;1.0000;0;2;1413;1413;1413
60;2015-01-22 16:29:00;909402N262;0;1.413;26;233;233;233;233;0.000;49.99;226.6;0.000;0.0;0.000;0.0;0.000;50;0;0;0.000;0.000;0.000;0;0;0;49.99;49.99;49.99;25290;1000;0.0;0;1.0000;0;2;1413;1413;1413
60;2015-01-22 16:30:00;909402N262;0;1.413;26;233;233;234;233;0.000;49.98;232.3;0.000;0.0;0.000;0.0;0.000;50;0;0;0.000;0.000;0.000;0;0;0;49.98;49.98;49.98;25290;1000;0.0;0;1.0000;0;2;1413;1413;1413
60;2015-01-22 16:31:00;909402N262;0;1.413;26;233;233;234;233;0.000;49.99;230.8;0.000;0.0;0.000;0.0;0.000;50;0;0;0.000;0.000;0.000;0;0;0;49.99;49.99;49.99;25290;1000;0.0;0;1.0000;0;2;1413;1413;1413
60;2015-01-22 16:32:00;909402N262;0;1.413;26;233;233;233;233;0.000;49.99;230.1;0.000;0.0;0.000;0.0;0.000;50;0;0;0.000;0.000;0.000;0;0;0;49.99;49.99;49.99;25290;1000;0.0;0;1.0000;0;2;1413;1413;1413
60;2015-01-22 16:33:00;909402N262;0;1.413;26;233;233;233;233;0.000;49.98;228.3;0.000;0.0;0.000;0.0;0.000;50;0;0;0.000;0.000;0.000;0;0;0;49.98;49.98;49.98;25290;1000;0.0;0;1.0000;0;2;1413;1413;1413
60;2015-01-22 16:34:00;909402N262;0;1.413;26;233;233;233;233;0.000;49.98;226.4;0.000;0.0;0.000;0.0;0.000;50;0;0;0.000;0.000;0.000;0;0;0;49.98;49.98;49.98;25290;1000;0.0;0;1.0000;0;2;1413;1413;1413
60;2015-01-22 16:35:00;909402N262;0;1.413;26;233;233;233;233;0.000;49.99;230.4;0.000;0.0;0.000;0.0;0.000;50;0;0;0.000;0.000;0.000;0;0;0;49.99;49.99;49.99;25290;1000;0.0;0;1.0000;0;2;1413;1413;1413
60;2015-01-22 16:36:00;909402N262;0;1.413;26;233;233;234;232;0.000;49.99;228.3;0.000;0.0;0.000;0.0;0.000;50;0;0;0.000;0.000;0.000;0;0;0;49.99;49.99;49.99;25290;1000;0.0;0;1.0000;0;2;1413;1413;1413
60;2015-01-22 16:37:00;909402N262;0;1.413;26;233;233;234;232;0.000;49.99;229.8;0.000;0.0;0.000;0.0;0.000;50;0;0;0.000;0.000;0.000;0;0;0;49.99;49.99;49.99;25290;1000;0.0;0;1.0000;0;2;1413;1413;1413
60;2015-01-22 16:38:00;909402N262;0;1.413;26;233;233;234;232;0.000;49.98;229.2;0.000;0.0;0.000;0.0;0.000;50;0;0;0.000;0.000;0.000;0;0;0;49.98;49.98;49.98;25290;1000;0.0;0;1.0000;0;2;1413;1413;1413
60;2015-01-22 16:39:00;909402N262;0;1.413;26;233;233;233;232;0.000;49.98;227.1;0.000;0.0;0.000;0.0;0.000;50;0;0;0.000;0.000;0.000;0;0;0;49.98;49.98;49.98;25290;1000;0.0;0;1.0000;0;2;1413;1413;1413
60;2015-01-22 16:40:00;909402N262;0;1.413;26;233;233;232;232;0.000;49.99;227.4;0.000;0.0;0.000;0.0;0.000;50;0;0;0.000;0.000;0.000;0;0;0;49.99;49.99;49.99;25290;1000;0.0;0;1.0000;0;2;1413;1413;1413
60;2015-01-22 16:41:00;909402N262;0;1.413;26;232;233;232;233;0.000;49.99;228.5;0.000;0.0;0.000;0.0;0.000;50;0;0;0.000;0.000;0.000;0;0;0;49.99;49.99;49.99;25290;1000;0.0;0;1.0000;0;2;1413;1413;1413
60;2015-01-22 16:42:00;909402N262;0;1.413;26;232;232;233;232;0.000;49.98;227.6;0.000;0.0;0.000;0.0;0.000;50;0;0;0.000;0.000;0.000;0;0;0;49.98;49.98;49.98;25290;1000;0.0;0;1.0000;0;2;1413;1413;1413
60;2015-01-22 16:43:00;909402N262;0;1.413;26;232;232;233;232;0.000;49.99;227.8;0.000;0.0;0.000;0.0;0.000;50;0;0;0.000;0.000;0.000;0;0;0;49.99;49.99;49.99;25290;1000;0.0;0;1.0000;0;2;1413;1413;1413
60;2015-01-22 16:44:00;909402N262;0;1.413;26;232;232;233;232;0.000;49.99;228.3;0.000;0.0;0.000;0.0;0.000;50;0;0;0.000;0.000;0.000;0;0;0;49.99;49.99;49.99;25290;1000;0.0;0;1.0000;0;2;1413;1413;1413
60;2015-01-22 16:45:00;909402N262;0;1.413;26;232;232;233;232;0.000;50.00;227.7;0.000;0.0;0.000;0.0;0.000;50;0;0;0.000;0.000;0.000;0;0;0;50.00;50.00;50.00;25290;1000;0.0;0;1.0000;0;2;1413;1413;1413
60;2015-01-22 16:46:00;909402N262;0;1.413;25;232;232;232;232;0.000;50.00;226.0;0.000;0.0;0.000;0.0;0.000;50;0;0;0.000;0.000;0.000;0;0;0;50.00;50.00;50.00;25290;1000;0.0;0;1.0000;0;2;1413;1413;1413
60;2015-01-22 16:47:00;909402N262;0;1.413;25;232;232;233;232;0.000;49.99;228.9;0.000;0.0;0.000;0.0;0.000;50;0;0;0.000;0.000;0.000;0;0;0;49.99;49.99;49.99;25290;1000;0.0;0;1.0000;0;2;1413;1413;1413
60;2015-01-22 16:48:00;909402N262;0;1.413;25;232;232;233;232;0.000;49.98;228.1;0.000;0.0;0.000;0.0;0.000;50;0;0;0.000;0.000;0.000;0;0;0;49.98;49.98;49.98;25290;1000;0.0;0;1.0000;0;2;1413;1413;1413
60;2015-01-22 16:49:00;909402N262;0;1.413;25;232;233;233;232;0.000;50.00;226.3;0.000;0.0;0.000;0.0;0.000;50;0;0;0.000;0.000;0.000;0;0;0;50.00;50.00;50.00;25290;1000;0.0;0;1.0000;0;2;1413;1413;1413
60;2015-01-22 16:50:00;909402N262;0;1.413;25;232;232;233;232;0.000;49.99;227.0;0.000;0.0;0.000;0.0;0.000;50;0;0;0.000;0.000;0.000;0;0;0;49.99;49.99;49.99;25290;1000;0.0;0;1.0000;0;2;1413;1413;1413
60;2015-01-22 16:51:00;909402N262;0;1.413;25;232;232;232;232;0.000;49.98;229.1;0.000;0.0;0.000;0.0;0.000;50;0;0;0.000;0.000;0.000;0;0;0;49.98;49.98;49.98;25290;1000;0.0;0;1.0000;0;2;1413;1413;1413
60;2015-01-22 16:52:00;909402N262;0;1.413;25;232;231;232;232;0.000;49.98;227.6;0.000;0.0;0.000;0.0;0.000;50;0;0;0.000;0.000;0.000;0;0;0;49.98;49.98;49.98;25290;1000;0.0;0;1.0000;0;2;1413;1413;1413
60;2015-01-22 16:53:00;909402N262;0;1.413;25;232;232;232;232;0.000;49.98;226.9;0.000;0.0;0.000;0.0;0.000;50;0;0;0.000;0.000;0.000;0;0;0;49.98;49.98;49.98;25290;1000;0.0;0;1.0000;0;2;1413;1413;1413
60;2015-01-22 16:54:00;909402N262;0;1.413;25;232;232;231;232;0.000;49.98;230.1;0.000;0.0;0.000;0.0;0.000;50;0;0;0.000;0.000;0.000;0;0;0;49.98;49.98;49.98;25290;1000;0.0;0;1.0000;0;2;1413;1413;1413
60;2015-01-22 16:55:00;909402N262;0;1.413;25;232;232;231;232;0.000;49.98;226.2;0.000;0.0;0.000;0.0;0.000;50;0;0;0.000;0.000;0.000;0;0;0;49.98;49.98;49.98;25290;1000;0.0;0;1.0000;0;2;1413;1413;1413
60;2015-01-22 16:56:00;909402N262;0;1.413;25;231;231;231;232;0.000;50.00;236.9;0.000;0.0;0.000;0.0;0.000;50;0;0;0.000;0.000;0.000;0;0;0;50.00;50.00;50.00;25290;1000;0.0;0;1.0000;0;2;1413;1413;1413
60;2015-01-22 16:57:00;909402N262;0;1.413;25;232;231;233;231;0.000;50.00;217.6;0.000;0.0;0.000;0.0;0.000;50;0;0;0.000;0.000;0.000;0;0;0;50.00;50.00;50.00;25290;1000;0.0;0;1.0000;0;2;1413;1413;1413
60;2015-01-22 16:58:00;909402N262;0;1.413;25;232;231;233;231;0.000;50.00;221.7;0.000;0.0;0.000;0.0;0.000;50;0;0;0.000;0.000;0.000;0;0;0;50.00;50.00;50.00;25290;1000;0.0;0;1.0000;0;2;1413;1413;1413
60;2015-01-22 16:59:00;909402N262;0;1.413;25;232;232;233;231;0.000;50.00;216.0;0.000;0.0;0.000;0.0;0.000;50;0;0;0.000;0.000;0.000;0;0;0;50.00;50.00;50.00;25290;1000;0.0;0;1.0000;0;2;1413;1413;1413
60;2015-01-22 17:00:00;909402N262;0;1.413;25;232;232;231;232;0.000;50.03;205.3;0.000;0.0;0.000;0.0;0.000;50;0;0;0.000;0.000;0.000;0;0;0;50.03;50.03;50.03;25290;1000;0.0;0;1.0000;0;2;1413;1413;1413
[wr_ende]
