20150102;100001;danfoss;My Plant;+0100
[wr_def_start]
909402N262;Inverter Type;Inverter Group;Hanzl
[wr_def_end]
[wr]
INTERVAL;TIMESTAMP;SERIAL;P_AC;E_DAY;T_WR;U_AC;U_AC_1;U_AC_2;U_AC_3;I_AC;F_AC;U_DC_1;I_DC_1;U_DC_2;I_DC_2;U_DC_3;I_DC_3;S;E_WR;M_WR;I_AC_1;I_AC_2;I_AC_3;P_AC_1;P_AC_2;P_AC_3;F_AC_1;F_AC_2;F_AC_3;R_DC;PC;PCS;PCS_LL;COS_PHI;COS_PHI_LL;S_COS_PHI;Current_Day_Energy;current_Day_Offset;ccEnergyOfDay_WithoutOffset
60;2015-01-02 09:01:00;909402N262;356;0.214;25;231;229;232;233;0.775;50.04;598.7;0.560;519.8;0.027;632.2;0.028;60;0;0;0.662;0.793;0.870;100;120;135;50.04;50.04;50.04;908;1000;0.0;0;1.0000;0;2;214;214;214
60;2015-01-02 09:02:00;909402N262;362;0.220;25;231;229;231;233;0.791;50.03;603.7;0.563;528.0;0.027;639.0;0.028;60;0;0;0.706;0.766;0.901;108;112;140;50.03;50.03;50.03;908;1000;0.0;0;1.0000;0;2;220;220;220
60;2015-01-02 09:03:00;909402N262;364;0.227;25;231;229;232;233;0.815;50.01;604.2;0.566;528.1;0.027;630.3;0.029;60;0;0;0.790;0.736;0.919;117;104;142;50.01;50.01;50.01;908;1000;0.0;0;1.0000;0;2;227;227;227
60;2015-01-02 09:04:00;909402N262;367;0.232;25;231;229;232;232;0.809;50.01;603.9;0.571;530.8;0.027;635.7;0.029;60;0;0;0.777;0.746;0.904;117;109;139;50.01;50.01;50.01;908;1000;0.0;0;1.0000;0;2;232;232;232
60;2015-01-02 09:05:00;909402N262;372;0.238;25;231;229;232;232;0.821;50.00;603.3;0.578;536.4;0.027;630.3;0.030;60;0;0;0.867;0.688;0.908;131;99;139;50.00;50.00;50.00;908;1000;0.0;0;1.0000;0;2;238;238;238
60;2015-01-02 09:06:00;909402N262;377;0.245;25;231;229;232;232;0.763;50.00;602.7;0.586;543.3;0.028;639.6;0.030;60;0;0;0.356;0.939;0.996;55;158;162;50.00;50.00;50.00;908;1000;0.0;0;1.0000;0;2;245;245;245
60;2015-01-02 09:07:00;909402N262;385;0.252;25;231;229;231;232;0.767;50.01;602.4;0.598;554.5;0.028;660.6;0.031;60;0;0;0.331;1.030;0.940;53;176;155;50.01;50.01;50.01;908;1000;0.0;0;1.0000;0;2;252;252;252
60;2015-01-02 09:08:00;909402N262;393;0.258;25;231;229;232;232;0.779;49.99;602.6;0.610;561.8;0.030;679.7;0.031;60;0;0;0.656;0.870;0.813;109;148;135;49.99;49.99;49.99;908;1000;0.0;0;1.0000;0;2;258;258;258
60;2015-01-02 09:09:00;909402N262;404;0.265;25;231;229;232;232;0.787;49.99;603.0;0.623;559.4;0.030;685.4;0.031;60;0;0;0.741;0.825;0.796;126;142;134;49.99;49.99;49.99;908;1000;0.0;0;1.0000;0;2;265;265;265
60;2015-01-02 09:10:00;909402N262;412;0.271;25;231;229;232;232;0.812;49.99;603.9;0.634;550.1;0.031;680.7;0.031;60;0;0;0.705;0.903;0.830;117;155;138;49.99;49.99;49.99;908;1000;0.0;0;1.0000;0;2;271;271;271
60;2015-01-02 09:11:00;909402N262;420;0.279;25;231;230;232;232;0.828;49.99;604.4;0.647;546.3;0.034;676.9;0.034;60;0;0;0.773;0.962;0.750;127;167;123;49.99;49.99;49.99;908;1000;0.0;0;1.0000;0;2;279;279;279
60;2015-01-02 09:12:00;909402N262;430;0.285;25;231;230;231;232;0.888;49.98;604.1;0.660;553.8;0.034;682.6;0.035;60;0;0;0.832;0.928;0.904;131;150;146;49.98;49.98;49.98;908;1000;0.0;0;1.0000;0;2;285;285;285
60;2015-01-02 09:13:00;909402N262;441;0.293;26;231;229;232;232;1.016;49.99;604.3;0.673;558.6;0.035;687.3;0.035;60;0;0;0.962;1.051;1.036;132;155;151;49.99;49.99;49.99;908;1000;0.0;0;1.0000;0;2;293;293;293
60;2015-01-02 09:14:00;909402N262;452;0.301;26;231;229;232;232;1.159;49.98;604.2;0.689;558.8;0.036;690.0;0.035;60;0;0;1.117;1.184;1.177;135;160;155;49.98;49.98;49.98;908;1000;0.0;0;1.0000;0;2;301;301;301
60;2015-01-02 09:15:00;909402N262;464;0.308;26;231;230;232;232;1.204;49.98;604.8;0.705;556.1;0.039;704.0;0.035;60;0;0;1.159;1.234;1.219;139;164;159;49.98;49.98;49.98;908;1000;0.0;0;1.0000;0;2;308;308;308
60;2015-01-02 09:16:00;909402N262;468;0.315;26;231;230;232;232;1.200;49.98;601.4;0.718;555.3;0.039;699.4;0.038;60;0;0;1.160;1.226;1.215;142;165;161;49.98;49.98;49.98;908;1000;0.0;0;1.0000;0;2;315;315;315
60;2015-01-02 09:17:00;909402N262;482;0.324;26;231;229;232;232;1.193;49.98;605.7;0.730;574.0;0.039;685.6;0.038;60;0;0;1.149;1.226;1.206;144;171;165;49.98;49.98;49.98;908;1000;0.0;0;1.0000;0;2;324;324;324
60;2015-01-02 09:18:00;909402N262;489;0.332;26;231;230;232;232;1.184;49.99;605.8;0.740;578.3;0.039;669.5;0.039;60;0;0;1.140;1.215;1.198;146;174;167;49.99;49.99;49.99;908;1000;0.0;0;1.0000;0;2;332;332;332
60;2015-01-02 09:19:00;909402N262;491;0.341;26;231;229;232;231;1.190;49.99;605.1;0.745;578.5;0.039;670.5;0.039;60;0;0;1.149;1.222;1.200;148;175;167;49.99;49.99;49.99;908;1000;0.0;0;1.0000;0;2;341;341;341
60;2015-01-02 09:20:00;909402N262;491;0.349;26;233;232;235;233;1.192;49.98;604.6;0.746;576.0;0.039;671.1;0.040;60;0;0;1.150;1.225;1.201;148;175;167;49.98;49.98;49.98;908;1000;0.0;0;1.0000;0;2;349;349;349
60;2015-01-02 09:21:00;909402N262;489;0.357;26;233;232;235;234;1.201;49.98;603.4;0.744;574.5;0.039;690.2;0.039;60;0;0;1.164;1.236;1.204;148;174;165;49.98;49.98;49.98;908;1000;0.0;0;1.0000;0;2;357;357;357
60;2015-01-02 09:22:00;909402N262;486;0.365;26;233;232;235;233;1.199;49.98;602.5;0.740;571.7;0.039;697.0;0.039;60;0;0;1.161;1.233;1.205;147;173;164;49.98;49.98;49.98;908;1000;0.0;0;1.0000;0;2;365;365;365
60;2015-01-02 09:23:00;909402N262;481;0.372;26;233;232;235;234;1.217;50.00;601.3;0.735;567.2;0.039;707.4;0.038;60;0;0;1.186;1.246;1.221;146;170;164;50.00;50.00;50.00;908;1000;0.0;0;1.0000;0;2;372;372;372
60;2015-01-02 09:24:00;909402N262;476;0.381;26;233;232;235;234;1.210;50.00;600.4;0.728;562.4;0.039;710.6;0.038;60;0;0;1.176;1.240;1.215;144;168;162;50.00;50.00;50.00;908;1000;0.0;0;1.0000;0;2;381;381;381
60;2015-01-02 09:25:00;909402N262;470;0.388;26;233;232;235;233;1.199;49.99;599.0;0.721;557.7;0.039;706.8;0.036;60;0;0;1.161;1.236;1.201;142;168;158;49.99;49.99;49.99;908;1000;0.0;0;1.0000;0;2;388;388;388
60;2015-01-02 09:26:00;909402N262;464;0.397;26;233;232;235;233;1.190;49.99;598.0;0.714;555.1;0.039;703.9;0.035;60;0;0;1.156;1.223;1.193;140;166;156;49.99;49.99;49.99;908;1000;0.0;0;1.0000;0;2;397;397;397
60;2015-01-02 09:27:00;909402N262;460;0.404;26;233;232;235;233;1.187;49.98;597.7;0.707;554.3;0.039;701.7;0.035;60;0;0;1.155;1.220;1.187;139;164;154;49.98;49.99;49.99;908;1000;0.0;0;1.0000;0;2;404;404;404
60;2015-01-02 09:28:00;909402N262;457;0.411;27;233;232;235;233;1.180;49.98;597.5;0.703;553.7;0.039;697.6;0.035;60;0;0;1.146;1.211;1.183;138;163;154;49.98;49.98;49.98;908;1000;0.0;0;1.0000;0;2;411;411;411
60;2015-01-02 09:29:00;909402N262;457;0.420;27;233;232;234;233;1.169;49.97;611.8;0.685;553.2;0.039;697.1;0.035;60;0;0;1.132;1.197;1.178;137;162;155;49.98;49.98;49.98;908;1000;0.0;0;1.0000;0;2;420;420;420
60;2015-01-02 09:30:00;909402N262;457;0.427;27;233;233;234;233;1.175;49.98;609.4;0.689;552.6;0.038;700.7;0.035;60;0;0;1.144;1.201;1.182;138;162;155;49.98;49.98;49.98;908;1000;0.0;0;1.0000;0;2;427;427;427
60;2015-01-02 09:31:00;909402N262;454;0.435;27;234;233;235;233;1.189;49.98;603.1;0.692;543.3;0.039;694.7;0.035;60;0;0;1.159;1.225;1.184;138;163;151;49.98;49.98;49.98;908;1000;0.0;0;1.0000;0;2;435;435;435
60;2015-01-02 09:32:00;909402N262;460;0.442;27;233;233;235;233;1.187;49.98;605.4;0.698;554.8;0.039;704.8;0.035;60;0;0;1.155;1.219;1.187;140;164;154;49.98;49.98;49.98;908;1000;0.0;0;1.0000;0;2;442;442;442
60;2015-01-02 09:33:00;909402N262;460;0.450;27;233;233;234;233;1.181;49.97;603.9;0.700;555.8;0.039;705.7;0.035;60;0;0;1.148;1.209;1.188;140;163;156;49.97;49.97;49.97;908;1000;0.0;0;1.0000;0;2;450;450;450
60;2015-01-02 09:34:00;909402N262;460;0.458;27;233;233;234;233;1.182;49.98;602.2;0.701;553.8;0.039;705.6;0.035;60;0;0;1.150;1.209;1.189;140;163;156;49.98;49.98;49.98;908;1000;0.0;0;1.0000;0;2;458;458;458
60;2015-01-02 09:35:00;909402N262;458;0.466;27;233;232;234;233;1.185;49.97;600.7;0.700;554.0;0.039;704.1;0.035;60;0;0;1.152;1.219;1.186;139;163;154;49.97;49.97;49.97;908;1000;0.0;0;1.0000;0;2;466;466;466
60;2015-01-02 09:36:00;909402N262;455;0.473;27;233;232;234;233;1.171;49.98;599.3;0.698;552.9;0.039;700.3;0.035;60;0;0;1.136;1.201;1.178;137;162;154;49.98;49.98;49.98;908;1000;0.0;0;1.0000;0;2;473;473;473
60;2015-01-02 09:37:00;909402N262;451;0.480;27;233;232;235;234;1.165;49.97;597.9;0.694;554.9;0.038;696.2;0.035;60;0;0;1.126;1.197;1.173;135;162;153;49.97;49.97;49.97;908;1000;0.0;0;1.0000;0;2;480;480;480
60;2015-01-02 09:38:00;909402N262;447;0.488;27;234;232;235;234;1.119;49.99;597.3;0.688;551.6;0.038;690.8;0.035;60;0;0;1.050;1.183;1.124;128;166;151;49.99;49.99;49.99;908;1000;0.0;0;1.0000;0;2;488;488;488
60;2015-01-02 09:39:00;909402N262;442;0.495;27;233;232;235;234;1.098;49.99;596.9;0.681;555.3;0.036;686.2;0.035;60;0;0;1.025;1.164;1.106;126;164;150;49.99;49.99;49.99;908;1000;0.0;0;1.0000;0;2;495;495;495
60;2015-01-02 09:40:00;909402N262;438;0.503;27;233;231;235;234;1.027;49.99;596.5;0.677;554.8;0.035;688.0;0.035;60;0;0;0.944;1.117;1.022;123;168;146;49.99;49.99;49.99;908;1000;0.0;0;1.0000;0;2;503;503;503
60;2015-01-02 09:41:00;909402N262;437;0.510;27;233;231;234;234;1.027;49.98;596.0;0.675;556.2;0.035;685.7;0.035;60;0;0;0.950;1.043;1.088;125;152;158;49.98;49.98;49.98;908;1000;0.0;0;1.0000;0;2;510;510;510
60;2015-01-02 09:42:00;909402N262;436;0.517;28;233;231;234;233;0.984;49.99;595.9;0.676;553.0;0.036;687.4;0.035;60;0;0;0.947;1.004;1.003;132;154;149;49.99;49.99;49.99;908;1000;0.0;0;1.0000;0;2;517;517;517
60;2015-01-02 09:43:00;909402N262;439;0.525;28;233;232;234;234;1.094;49.99;596.2;0.678;553.3;0.037;686.7;0.035;60;0;0;1.034;1.141;1.107;125;162;150;49.99;49.99;49.99;908;1000;0.0;0;1.0000;0;2;525;525;525
60;2015-01-02 09:44:00;909402N262;441;0.532;28;233;232;234;233;1.176;49.99;595.8;0.681;550.8;0.038;693.7;0.035;60;0;0;1.110;1.201;1.218;125;154;160;49.99;49.99;49.99;908;1000;0.0;0;1.0000;0;2;532;532;532
60;2015-01-02 09:45:00;909402N262;445;0.539;28;233;232;234;233;1.144;49.99;595.9;0.685;551.9;0.039;695.8;0.035;60;0;0;1.096;1.187;1.151;131;161;150;49.99;49.99;49.99;908;1000;0.0;0;1.0000;0;2;539;539;539
60;2015-01-02 09:46:00;909402N262;444;0.546;28;233;231;233;233;1.225;49.97;591.9;0.690;543.4;0.039;701.5;0.035;60;0;0;1.159;1.256;1.262;126;157;160;49.97;49.97;49.97;908;1000;0.0;0;1.0000;0;2;546;546;546
60;2015-01-02 09:47:00;909402N262;455;0.555;28;232;231;232;233;1.211;49.97;596.3;0.698;561.4;0.039;710.0;0.035;60;0;0;1.158;1.233;1.242;134;159;160;49.97;49.97;49.97;908;1000;0.0;0;1.0000;0;2;555;555;555
60;2015-01-02 09:48:00;909402N262;460;0.562;28;232;231;233;233;1.197;49.97;596.4;0.706;566.4;0.039;709.0;0.037;60;0;0;1.154;1.216;1.222;138;161;160;49.97;49.97;49.97;908;1000;0.0;0;1.0000;0;2;562;562;562
60;2015-01-02 09:49:00;909402N262;466;0.569;28;232;231;233;234;1.185;49.99;596.5;0.713;572.7;0.039;702.2;0.038;60;0;0;1.145;1.210;1.200;139;164;160;49.99;49.99;49.99;908;1000;0.0;0;1.0000;0;2;569;569;569
60;2015-01-02 09:50:00;909402N262;469;0.578;28;233;231;233;234;1.180;49.99;596.7;0.719;574.4;0.039;689.8;0.039;60;0;0;1.138;1.208;1.196;140;166;162;49.99;49.99;49.99;908;1000;0.0;0;1.0000;0;2;578;578;578
60;2015-01-02 09:51:00;909402N262;472;0.586;28;232;231;233;233;1.178;49.99;596.7;0.723;575.7;0.039;682.4;0.039;60;0;0;1.135;1.206;1.194;140;167;162;49.99;49.99;49.99;908;1000;0.0;0;1.0000;0;2;586;586;586
60;2015-01-02 09:52:00;909402N262;475;0.593;28;233;231;234;234;1.178;49.99;596.6;0.727;577.3;0.039;678.1;0.039;60;0;0;1.138;1.207;1.190;141;169;163;49.99;49.99;49.99;908;1000;0.0;0;1.0000;0;2;593;593;593
60;2015-01-02 09:53:00;909402N262;478;0.601;28;233;231;234;234;1.182;49.98;596.1;0.732;578.1;0.039;677.2;0.039;60;0;0;1.141;1.211;1.194;143;170;163;49.98;49.98;49.98;908;1000;0.0;0;1.0000;0;2;601;601;601
60;2015-01-02 09:54:00;909402N262;482;0.609;28;233;231;234;233;1.185;49.98;596.3;0.738;577.9;0.040;681.0;0.040;60;0;0;1.144;1.215;1.198;144;171;165;49.98;49.98;49.98;908;1000;0.0;0;1.0000;0;2;609;609;609
60;2015-01-02 09:55:00;909402N262;486;0.618;28;233;231;234;233;1.187;49.98;596.2;0.745;573.7;0.041;683.0;0.041;60;0;0;1.144;1.219;1.199;145;173;166;49.98;49.98;49.98;908;1000;0.0;0;1.0000;0;2;618;618;618
60;2015-01-02 09:56:00;909402N262;491;0.626;28;232;230;233;234;1.193;49.98;596.2;0.751;565.5;0.041;687.7;0.041;60;0;0;1.147;1.226;1.207;146;174;168;49.98;49.98;49.98;908;1000;0.0;0;1.0000;0;2;626;626;626
60;2015-01-02 09:57:00;909402N262;494;0.635;28;233;231;233;233;1.197;49.97;596.2;0.757;564.8;0.042;693.3;0.041;60;0;0;1.153;1.223;1.216;148;175;170;49.97;49.97;49.97;908;1000;0.0;0;1.0000;0;2;635;635;635
60;2015-01-02 09:58:00;909402N262;498;0.642;28;233;231;233;234;1.202;49.98;596.1;0.762;565.5;0.042;695.1;0.041;60;0;0;1.158;1.230;1.220;149;176;171;49.98;49.98;49.98;908;1000;0.0;0;1.0000;0;2;642;642;642
60;2015-01-02 09:59:00;909402N262;502;0.651;28;233;231;233;234;1.210;49.99;596.1;0.768;567.1;0.042;700.9;0.041;60;0;0;1.165;1.239;1.228;150;177;173;49.99;49.99;49.99;908;1000;0.0;0;1.0000;0;2;651;651;651
60;2015-01-02 10:00:00;909402N262;506;0.659;29;232;231;233;233;1.242;49.99;596.5;0.774;570.0;0.042;704.1;0.042;60;0;0;1.189;1.274;1.265;151;177;176;49.99;49.99;49.99;908;1000;0.0;0;1.0000;0;2;659;659;659
[wr_ende]
