20140910;190001;danfoss;My Plant;+0100
[wr_def_start]
909402N262;Inverter Type;Inverter Group;Hanzl
[wr_def_end]
[wr]
INTERVAL;TIMESTAMP;SERIAL;P_AC;E_DAY;T_WR;U_AC;U_AC_1;U_AC_2;U_AC_3;I_AC;F_AC;U_DC_1;I_DC_1;U_DC_2;I_DC_2;U_DC_3;I_DC_3;S;E_WR;M_WR;I_AC_1;I_AC_2;I_AC_3;P_AC_1;P_AC_2;P_AC_3;F_AC_1;F_AC_2;F_AC_3;R_DC;PC;PCS;PCS_LL;COS_PHI;COS_PHI_LL;S_COS_PHI;Current_Day_Energy;current_Day_Offset;ccEnergyOfDay_WithoutOffset
60;2014-09-10 18:01:00;909402N262;410;18.172;41;235;234;235;235;0.752;50.04;522.7;0.364;573.7;0.179;724.6;0.161;60;0;0;0.753;0.845;0.660;136;151;120;50.04;50.04;50.04;4205;1000;0.0;0;0.0000;0;0;18172;18172;18172
60;2014-09-10 18:02:00;909402N262;411;18.178;41;235;234;235;235;0.762;50.03;527.6;0.361;596.9;0.174;721.6;0.160;60;0;0;0.746;0.849;0.692;133;152;124;50.03;50.03;50.03;4205;1000;0.0;0;0.0000;0;0;18178;18178;18178
60;2014-09-10 18:03:00;909402N262;402;18.185;41;235;233;235;235;0.761;50.03;527.6;0.352;589.7;0.172;710.7;0.159;60;0;0;0.696;0.858;0.729;121;151;128;50.03;50.03;50.03;4205;1000;0.0;0;0.0000;0;0;18185;18185;18185
60;2014-09-10 18:04:00;909402N262;387;18.192;41;235;233;236;235;0.727;50.03;527.4;0.339;593.2;0.166;714.7;0.152;60;0;0;0.683;0.822;0.676;120;145;120;50.03;50.03;50.03;4205;1000;0.0;0;0.0000;0;0;18192;18192;18192
60;2014-09-10 18:05:00;909402N262;374;18.197;41;235;233;236;235;0.722;50.01;528.4;0.327;595.6;0.160;705.0;0.148;60;0;0;0.642;0.840;0.684;110;144;117;50.01;50.01;50.01;4205;1000;0.0;0;0.0000;0;0;18197;18197;18197
60;2014-09-10 18:06:00;909402N262;358;18.203;41;235;233;236;235;0.686;50.00;527.6;0.313;589.8;0.154;709.3;0.140;60;0;0;0.596;0.783;0.679;103;135;118;50.00;50.00;50.00;4205;1000;0.0;0;0.0000;0;0;18203;18203;18203
60;2014-09-10 18:07:00;909402N262;343;18.210;41;235;233;235;235;0.692;50.00;527.6;0.302;581.5;0.150;694.5;0.138;60;0;0;0.519;0.816;0.743;85;135;121;50.00;50.00;50.00;4205;1000;0.0;0;0.0000;0;0;18210;18210;18210
60;2014-09-10 18:08:00;909402N262;333;18.214;41;235;234;235;235;0.656;50.00;527.3;0.292;584.1;0.144;705.2;0.131;60;0;0;0.563;0.762;0.644;95;128;107;50.00;50.00;50.00;4205;1000;0.0;0;0.0000;0;0;18214;18214;18214
60;2014-09-10 18:09:00;909402N262;318;18.220;41;235;234;235;235;0.656;50.01;526.0;0.281;579.9;0.139;694.3;0.127;60;0;0;0.591;0.737;0.641;95;118;103;50.01;50.01;50.01;4205;1000;0.0;0;0.0000;0;0;18220;18220;18220
60;2014-09-10 18:10:00;909402N262;301;18.226;40;234;233;234;234;0.625;50.01;523.5;0.268;574.5;0.132;693.4;0.120;60;0;0;0.546;0.736;0.595;87;118;94;50.01;50.01;50.01;4205;1000;0.0;0;0.0000;0;0;18226;18226;18226
60;2014-09-10 18:11:00;909402N262;283;18.230;40;234;233;234;234;0.591;50.00;521.2;0.254;573.1;0.124;693.7;0.112;60;0;0;0.531;0.706;0.538;83;112;86;50.00;50.00;50.00;4205;1000;0.0;0;0.0000;0;0;18230;18230;18230
60;2014-09-10 18:12:00;909402N262;271;18.234;40;234;233;233;234;0.591;50.00;519.3;0.244;574.7;0.118;681.9;0.108;60;0;0;0.563;0.669;0.541;84;103;82;50.00;50.00;50.00;4205;1000;0.0;0;0.0000;0;0;18234;18234;18234
60;2014-09-10 18:13:00;909402N262;263;18.239;40;234;233;234;234;0.598;50.00;518.3;0.238;569.6;0.116;669.9;0.108;60;0;0;0.571;0.647;0.578;83;94;83;50.00;50.00;50.00;4205;1000;0.0;0;0.0000;0;0;18239;18239;18239
60;2014-09-10 18:14:00;909402N262;259;18.243;40;234;233;234;234;0.563;49.98;517.2;0.235;563.5;0.114;680.9;0.104;60;0;0;0.508;0.635;0.546;77;96;84;49.98;49.98;49.98;4205;1000;0.0;0;0.0000;0;0;18243;18243;18243
60;2014-09-10 18:15:00;909402N262;254;18.248;40;234;233;233;234;0.541;49.99;517.9;0.229;564.3;0.111;686.4;0.101;60;0;0;0.459;0.659;0.505;72;102;78;49.99;49.99;49.99;4205;1000;0.0;0;0.0000;0;0;18248;18248;18248
60;2014-09-10 18:16:00;909402N262;238;18.251;40;233;233;233;234;0.532;49.98;510.7;0.219;561.5;0.105;655.0;0.100;60;0;0;0.479;0.607;0.510;70;90;75;49.98;49.98;49.98;4205;1000;0.0;0;0.0000;0;0;18251;18251;18251
60;2014-09-10 18:17:00;909402N262;225;18.256;40;233;233;233;233;0.506;49.98;513.9;0.204;561.3;0.098;669.5;0.091;60;0;0;0.475;0.574;0.471;69;83;70;49.98;49.98;49.98;4205;1000;0.0;0;0.0000;0;0;18256;18256;18256
60;2014-09-10 18:18:00;909402N262;212;18.259;40;233;233;233;233;0.528;49.97;511.3;0.194;552.7;0.094;653.5;0.089;60;0;0;0.498;0.594;0.492;64;80;66;49.97;49.97;49.97;4205;1000;0.0;0;0.0000;0;0;18259;18259;18259
60;2014-09-10 18:19:00;909402N262;206;18.262;40;233;233;233;233;0.505;49.97;509.2;0.188;551.7;0.092;656.8;0.086;60;0;0;0.489;0.565;0.462;65;76;63;49.97;49.97;49.97;4205;1000;0.0;0;0.0000;0;0;18262;18262;18262
60;2014-09-10 18:20:00;909402N262;202;18.265;40;233;233;233;233;0.468;49.96;507.5;0.182;559.1;0.088;670.6;0.082;60;0;0;0.447;0.543;0.415;63;77;60;49.96;49.96;49.96;4205;1000;0.0;0;0.0000;0;0;18265;18265;18265
60;2014-09-10 18:21:00;909402N262;194;18.269;40;233;233;233;233;0.461;49.97;505.3;0.176;558.1;0.085;667.5;0.079;60;0;0;0.429;0.560;0.396;58;81;54;49.97;49.97;49.97;4205;1000;0.0;0;0.0000;0;0;18269;18269;18269
60;2014-09-10 18:22:00;909402N262;186;18.272;40;233;233;233;233;0.511;49.97;507.9;0.167;550.3;0.084;650.3;0.078;60;0;0;0.454;0.611;0.470;49;77;58;49.97;49.97;49.97;4205;1000;0.0;0;0.0000;0;0;18272;18272;18272
60;2014-09-10 18:23:00;909402N262;176;18.274;40;233;233;233;233;0.491;49.97;503.1;0.160;549.7;0.080;653.9;0.073;60;0;0;0.456;0.590;0.428;45;73;55;49.97;49.97;49.97;4205;1000;0.0;0;0.0000;0;0;18274;18274;18274
60;2014-09-10 18:24:00;909402N262;160;18.278;40;233;233;233;233;0.485;49.97;500.6;0.148;540.1;0.075;643.1;0.068;60;0;0;0.387;0.624;0.444;28;74;56;49.97;49.97;49.97;4205;1000;0.0;0;0.0000;0;0;18278;18278;18278
60;2014-09-10 18:25:00;909402N262;145;18.280;40;233;233;233;233;0.430;49.97;496.4;0.134;537.3;0.066;638.6;0.061;60;0;0;0.295;0.581;0.414;19;69;55;49.97;49.97;49.97;4205;1000;0.0;0;0.0000;0;0;18280;18280;18280
60;2014-09-10 18:26:00;909402N262;127;18.283;40;233;232;233;233;0.377;49.96;492.6;0.118;525.7;0.058;641.7;0.053;60;0;0;0.305;0.479;0.347;31;48;46;49.96;49.96;49.96;4205;1000;0.0;0;0.0000;0;0;18283;18283;18283
60;2014-09-10 18:27:00;909402N262;104;18.283;40;233;232;233;233;0.338;49.97;486.5;0.100;509.2;0.047;620.1;0.044;60;0;0;0.264;0.461;0.291;24;45;34;49.97;49.97;49.97;4205;1000;0.0;0;0.0000;0;0;18283;18283;18283
60;2014-09-10 18:28:00;909402N262;88;18.286;40;233;232;234;234;0.297;49.97;480.8;0.086;502.7;0.040;609.6;0.040;60;0;0;0.184;0.473;0.236;20;44;23;49.97;49.97;49.97;4205;1000;0.0;0;0.0000;0;0;18286;18286;18286
60;2014-09-10 18:29:00;909402N262;89;18.287;40;235;234;235;236;0.307;49.99;479.3;0.086;495.3;0.042;606.3;0.040;60;0;0;0.197;0.450;0.276;18;44;26;49.99;49.99;49.99;4205;1000;0.0;0;0.0000;0;0;18287;18287;18287
60;2014-09-10 18:30:00;909402N262;97;18.289;40;235;235;235;236;0.315;49.99;484.4;0.093;498.1;0.046;616.5;0.042;60;0;0;0.286;0.355;0.305;28;43;25;49.99;49.99;49.99;4205;1000;0.0;0;0.0000;0;0;18289;18289;18289
60;2014-09-10 18:31:00;909402N262;97;18.290;40;235;235;235;236;0.321;49.98;480.7;0.093;493.6;0.046;605.7;0.044;60;0;0;0.273;0.322;0.370;25;36;35;49.98;49.98;49.98;4205;1000;0.0;0;0.0000;0;0;18290;18290;18290
60;2014-09-10 18:32:00;909402N262;92;18.292;39;235;235;235;236;0.294;49.98;478.9;0.089;493.8;0.042;603.9;0.041;60;0;0;0.249;0.322;0.311;25;38;27;49.98;49.98;49.98;4205;1000;0.0;0;0.0000;0;0;18292;18292;18292
60;2014-09-10 18:33:00;909402N262;81;18.293;39;235;235;235;235;0.283;49.98;476.0;0.080;491.8;0.037;610.5;0.036;60;0;0;0.192;0.443;0.215;13;49;17;49.98;49.98;49.98;4205;1000;0.0;0;0.0000;0;0;18293;18293;18293
60;2014-09-10 18:34:00;909402N262;67;18.294;39;234;234;235;234;0.256;49.97;469.8;0.067;483.5;0.031;575.0;0.030;60;0;0;0.210;0.352;0.207;10;33;24;49.97;49.97;49.97;4205;1000;0.0;0;0.0000;0;0;18294;18294;18294
60;2014-09-10 18:35:00;909402N262;60;18.296;39;234;234;234;234;0.251;49.97;461.1;0.061;474.9;0.027;599.3;0.027;60;0;0;0.207;0.322;0.226;5;32;23;49.97;49.97;49.97;4205;1000;0.0;0;0.0000;0;0;18296;18296;18296
60;2014-09-10 18:36:00;909402N262;57;18.296;39;234;234;234;234;0.234;49.97;462.0;0.056;465.5;0.027;583.2;0.027;60;0;0;0.197;0.284;0.221;5;28;23;49.97;49.97;49.97;4205;1000;0.0;0;0.0000;0;0;18296;18296;18296
60;2014-09-10 18:37:00;909402N262;52;18.298;39;234;234;234;234;0.224;49.96;458.7;0.053;457.1;0.025;555.8;0.025;60;0;0;0.215;0.272;0.186;13;23;17;49.96;49.96;49.96;4205;1000;0.0;0;0.0000;0;0;18298;18298;18298
60;2014-09-10 18:38:00;909402N262;45;18.298;39;234;234;234;234;0.195;49.96;451.7;0.046;464.2;0.020;526.7;0.023;60;0;0;0.178;0.206;0.202;14;16;14;49.96;49.96;49.96;4205;1000;0.0;0;0.0000;0;0;18298;18298;18298
60;2014-09-10 18:39:00;909402N262;38;18.299;39;234;234;234;235;0.163;49.96;444.2;0.040;441.9;0.018;502.5;0.020;60;0;0;0.204;0.069;0.216;15;4;18;49.96;49.96;49.96;4205;1000;0.0;0;0.0000;0;0;18299;18299;18299
60;2014-09-10 18:40:00;909402N262;31;18.299;39;234;234;234;235;0.143;49.96;437.7;0.034;429.0;0.015;523.1;0.015;60;0;0;0.132;0.081;0.218;8;5;18;49.96;49.96;49.96;4205;1000;0.0;0;0.0000;0;0;18299;18299;18299
60;2014-09-10 18:41:00;909402N262;25;18.300;39;234;233;234;234;0.130;49.96;423.3;0.028;435.7;0.011;479.7;0.013;60;0;0;0.094;0.106;0.190;5;7;15;49.96;49.96;49.96;4205;1000;0.0;0;0.0000;0;0;18300;18300;18300
60;2014-09-10 18:42:00;909402N262;23;18.300;39;234;233;234;235;0.145;49.96;427.4;0.024;449.0;0.010;493.5;0.011;60;0;0;0.096;0.144;0.195;7;8;8;49.96;49.96;49.96;4205;1000;0.0;0;0.0000;0;0;18300;18300;18300
60;2014-09-10 18:43:00;909402N262;23;18.300;39;234;233;234;234;0.156;49.96;429.7;0.024;434.0;0.011;481.3;0.012;60;0;0;0.153;0.140;0.176;7;9;10;49.96;49.96;49.96;4205;1000;0.0;0;0.0000;0;0;18300;18300;18300
60;2014-09-10 18:44:00;909402N262;26;18.301;39;234;234;234;235;0.174;49.96;424.7;0.028;423.0;0.015;506.7;0.014;60;0;0;0.117;0.220;0.187;3;17;8;49.96;49.96;49.96;4205;1000;0.0;0;0.0000;0;0;18301;18301;18301
60;2014-09-10 18:45:00;909402N262;30;18.301;39;234;234;234;234;0.200;49.96;425.0;0.031;434.0;0.015;534.3;0.015;60;0;0;0.184;0.178;0.240;6;7;18;49.96;49.96;49.96;4205;1000;0.0;0;0.0000;0;0;18301;18301;18301
60;2014-09-10 18:46:00;909402N262;31;18.302;39;234;233;234;234;0.202;49.96;429.5;0.032;433.4;0.015;550.8;0.015;60;0;0;0.145;0.277;0.184;3;21;11;49.96;49.96;49.96;4205;1000;0.0;0;0.0000;0;0;18302;18302;18302
60;2014-09-10 18:47:00;909402N262;31;18.302;39;234;233;234;234;0.192;49.96;431.6;0.033;438.0;0.015;545.7;0.015;60;0;0;0.140;0.269;0.168;9;11;13;49.96;49.96;49.96;4205;1000;0.0;0;0.0000;0;0;18302;18302;18302
60;2014-09-10 18:48:00;909402N262;30;18.303;39;234;233;234;234;0.197;49.96;426.2;0.031;432.0;0.015;533.4;0.015;60;0;0;0.111;0.300;0.182;4;15;13;49.96;49.96;49.96;4205;1000;0.0;0;0.0000;0;0;18303;18303;18303
60;2014-09-10 18:49:00;909402N262;28;18.303;39;234;233;234;234;0.166;49.96;418.8;0.031;425.2;0.015;524.8;0.015;60;0;0;0.114;0.221;0.165;6;11;14;49.96;49.96;49.96;4205;1000;0.0;0;0.0000;0;0;18303;18303;18303
60;2014-09-10 18:50:00;909402N262;26;18.304;39;234;233;234;234;0.147;49.95;410.7;0.030;419.0;0.013;510.1;0.014;60;0;0;0.110;0.203;0.128;9;8;11;49.95;49.95;49.95;4205;1000;0.0;0;0.0000;0;0;18304;18304;18304
60;2014-09-10 18:51:00;909402N262;23;18.305;39;234;233;234;234;0.162;49.96;428.3;0.025;448.4;0.010;484.0;0.011;60;0;0;0.142;0.200;0.144;12;3;13;49.96;49.96;49.96;4205;1000;0.0;0;0.0000;0;0;18305;18305;18305
60;2014-09-10 18:52:00;909402N262;20;18.305;39;234;233;235;235;0.172;49.95;407.9;0.023;428.8;0.008;502.8;0.011;60;0;0;0.116;0.230;0.170;8;2;14;49.95;49.95;49.95;4205;1000;0.0;0;0.0000;0;0;18305;18305;18305
60;2014-09-10 18:53:00;909402N262;15;18.305;38;234;233;235;235;0.121;49.95;397.5;0.018;385.4;0.007;479.9;0.007;60;0;0;0.055;0.225;0.085;4;10;3;49.95;49.95;49.95;4205;1000;0.0;0;0.0000;0;0;18305;18305;18305
60;2014-09-10 18:54:00;909402N262;7;18.305;38;234;233;234;234;0.075;49.96;392.7;0.014;261.5;0.007;336.6;0.007;60;0;0;0.022;0.137;0.067;1;5;3;49.96;49.96;49.96;4205;1000;0.0;0;0.0000;0;0;18305;18305;18305
60;2014-09-10 18:55:00;909402N262;5;18.305;38;234;233;234;235;0.075;49.97;397.7;0.011;355.0;0.003;269.5;0.007;60;0;0;0.018;0.157;0.051;0;5;2;49.97;49.97;49.97;4205;1000;0.0;0;0.0000;0;0;18305;18305;18305
60;2014-09-10 18:56:00;909402N262;4;18.305;38;234;233;234;234;0.068;49.97;372.5;0.010;319.8;0.003;376.2;0.003;60;0;0;0.019;0.149;0.038;1;4;1;49.97;49.97;49.97;4205;1000;0.0;0;0.0000;0;0;18305;18305;18305
60;2014-09-10 18:57:00;909402N262;1;18.305;38;234;233;235;234;0.067;49.99;357.2;0.007;280.8;0.003;356.0;0.003;60;0;0;0.040;0.127;0.036;3;1;2;49.99;49.99;49.99;4205;1000;0.0;0;0.0000;0;0;18305;18305;18305
60;2014-09-10 18:58:00;909402N262;0;18.305;38;234;233;235;235;0.045;50.01;367.2;0.007;264.5;0.003;308.6;0.003;60;0;0;0.025;0.091;0.021;1;0;1;50.01;50.01;50.01;4205;1000;0.0;0;0.0000;0;0;18305;18305;18305
60;2014-09-10 18:59:00;909402N262;0;18.305;38;234;233;235;235;0.024;50.01;344.0;0.004;319.5;0.001;266.7;0.003;60;0;0;0.009;0.051;0.014;0;0;0;50.01;50.01;50.01;4205;1000;0.0;0;0.0000;0;0;18305;18305;18305
60;2014-09-10 19:00:00;909402N262;0;18.305;38;234;234;234;235;0.013;50.03;275.7;0.003;316.4;0.000;257.4;0.003;60;0;0;0.011;0.024;0.006;0;0;0;50.03;50.03;50.03;4205;1000;0.0;0;0.0000;0;0;18305;18305;18305
[wr_ende]
